# mu = 0.01, s = 0.01, trials requested = 1, runtime = 0:00:01
# "Time"	"Actual trials"	"Mean mutation"	"Average mean mutation"	"Average mutation variance"
0	1	0	0	0	
1	1	0.02	0.02	0.0196	
2	1	0.02	0.02	0.0196	
3	1	0.03	0.03	0.0291	
4	1	0.01	0.01	0.0099	
5	1	0.01	0.01	0.0099	
6	1	0.01	0.01	0.0099	
7	1	0.02	0.02	0.0196	
8	1	0.05	0.05	0.0475	
9	1	0.06	0.06	0.0564	
10	1	0.02	0.02	0.0196	
11	1	0.03	0.03	0.0291	
12	1	0.04	0.04	0.0384	
13	1	0.05	0.05	0.0475	
14	1	0.1	0.1	0.09	
15	1	0.12	0.12	0.1056	
16	1	0.18	0.18	0.1476	
17	1	0.23	0.23	0.1771	
18	1	0.25	0.25	0.2275	
19	1	0.2	0.2	0.2	
20	1	0.24	0.24	0.2024	
21	1	0.26	0.26	0.2124	
22	1	0.26	0.26	0.1924	
23	1	0.23	0.23	0.1771	
24	1	0.2	0.2	0.16	
25	1	0.18	0.18	0.1476	
26	1	0.18	0.18	0.1876	
27	1	0.15	0.15	0.1475	
28	1	0.16	0.16	0.1744	
29	1	0.15	0.15	0.1475	
30	1	0.18	0.18	0.2076	
31	1	0.15	0.15	0.1675	
32	1	0.11	0.11	0.0979	
33	1	0.1	0.1	0.09	
34	1	0.14	0.14	0.1204	
35	1	0.1	0.1	0.09	
36	1	0.08	0.08	0.0736	
37	1	0.08	0.08	0.0736	
38	1	0.06	0.06	0.0564	
39	1	0.08	0.08	0.0736	
40	1	0.08	0.08	0.0736	
41	1	0.07	0.07	0.0851	
42	1	0.09	0.09	0.1019	
43	1	0.06	0.06	0.0564	
44	1	0.05	0.05	0.0475	
45	1	0.06	0.06	0.0564	
46	1	0.08	0.08	0.0736	
47	1	0.12	0.12	0.1056	
48	1	0.16	0.16	0.1344	
49	1	0.11	0.11	0.0979	
50	1	0.14	0.14	0.1204	
51	1	0.11	0.11	0.0979	
52	1	0.11	0.11	0.0979	
53	1	0.11	0.11	0.0979	
54	1	0.14	0.14	0.1204	
55	1	0.19	0.19	0.1539	
56	1	0.21	0.21	0.1659	
57	1	0.2	0.2	0.16	
58	1	0.16	0.16	0.1344	
59	1	0.14	0.14	0.1204	
60	1	0.16	0.16	0.1344	
61	1	0.16	0.16	0.1344	
62	1	0.14	0.14	0.1204	
63	1	0.14	0.14	0.1204	
64	1	0.1	0.1	0.09	
65	1	0.12	0.12	0.1056	
66	1	0.14	0.14	0.1204	
67	1	0.12	0.12	0.1056	
68	1	0.09	0.09	0.0819	
69	1	0.09	0.09	0.0819	
70	1	0.1	0.1	0.09	
71	1	0.12	0.12	0.1056	
72	1	0.14	0.14	0.1204	
73	1	0.15	0.15	0.1275	
74	1	0.15	0.15	0.1275	
75	1	0.16	0.16	0.1344	
76	1	0.14	0.14	0.1204	
77	1	0.13	0.13	0.1131	
78	1	0.12	0.12	0.1056	
79	1	0.14	0.14	0.1204	
80	1	0.15	0.15	0.1275	
81	1	0.15	0.15	0.1275	
82	1	0.19	0.19	0.1739	
83	1	0.24	0.24	0.2024	
84	1	0.38	0.38	0.2356	
85	1	0.35	0.35	0.2275	
86	1	0.39	0.39	0.2379	
87	1	0.41	0.41	0.3019	
88	1	0.46	0.46	0.3484	
89	1	0.4	0.4	0.26	
90	1	0.48	0.48	0.2896	
91	1	0.53	0.53	0.3291	
92	1	0.52	0.52	0.3096	
93	1	0.64	0.64	0.2904	
94	1	0.64	0.64	0.3104	
95	1	0.69	0.69	0.3139	
96	1	0.68	0.68	0.3376	
97	1	0.73	0.73	0.2971	
98	1	0.72	0.72	0.3016	
99	1	0.83	0.83	0.3811	
100	1	0.84	0.84	0.4144	
101	1	0.92	0.92	0.5136	
102	1	0.96	0.96	0.4784	
103	1	0.98	0.98	0.4996	
104	1	0.89	0.89	0.3779	
105	1	0.89	0.89	0.4179	
106	1	0.9	0.9	0.39	
107	1	0.92	0.92	0.3536	
108	1	0.97	0.97	0.3491	
109	1	1.12	1.12	0.5256	
110	1	1.21	1.21	0.5859	
111	1	1.22	1.22	0.5116	
112	1	1.1	1.1	0.35	
113	1	1.1	1.1	0.35	
114	1	0.99	0.99	0.3699	
115	1	1.03	1.03	0.3491	
116	1	0.95	0.95	0.3875	
117	1	0.92	0.92	0.3536	
118	1	1.06	1.06	0.4364	
119	1	0.99	0.99	0.3499	
120	1	0.95	0.95	0.3475	
121	1	1.18	1.18	0.3676	
122	1	1.15	1.15	0.3075	
123	1	1.12	1.12	0.3056	
124	1	1.15	1.15	0.5075	
125	1	1.28	1.28	0.5016	
126	1	1.43	1.43	0.3651	
127	1	1.39	1.39	0.3379	
128	1	1.36	1.36	0.3104	
129	1	1.36	1.36	0.2904	
130	1	1.31	1.31	0.3539	
131	1	1.34	1.34	0.3644	
132	1	1.43	1.43	0.3451	
133	1	1.41	1.41	0.3619	
134	1	1.35	1.35	0.3275	
135	1	1.33	1.33	0.2811	
136	1	1.4	1.4	0.3	
137	1	1.38	1.38	0.3756	
138	1	1.33	1.33	0.3611	
139	1	1.53	1.53	0.3491	
140	1	1.5	1.5	0.35	
141	1	1.48	1.48	0.5296	
142	1	1.64	1.64	0.5904	
143	1	1.53	1.53	0.6091	
144	1	1.49	1.49	0.5899	
145	1	1.35	1.35	0.4475	
146	1	1.25	1.25	0.3875	
147	1	1.28	1.28	0.4416	
148	1	1.23	1.23	0.4771	
149	1	1.23	1.23	0.4371	
150	1	1.2	1.2	0.4	
151	1	1.27	1.27	0.4371	
152	1	1.22	1.22	0.3916	
153	1	1.26	1.26	0.3324	
154	1	1.35	1.35	0.3675	
155	1	1.32	1.32	0.3576	
156	1	1.29	1.29	0.2859	
157	1	1.23	1.23	0.3371	
158	1	1.27	1.27	0.3371	
159	1	1.21	1.21	0.3659	
160	1	1.25	1.25	0.3275	
161	1	1.09	1.09	0.4419	
162	1	1.13	1.13	0.5131	
163	1	1.1	1.1	0.47	
164	1	1.08	1.08	0.5136	
165	1	1.06	1.06	0.4764	
166	1	1	1	0.48	
167	1	1.08	1.08	0.4736	
168	1	1.03	1.03	0.4091	
169	1	1.1	1.1	0.33	
170	1	1.18	1.18	0.2276	
171	1	1.13	1.13	0.3731	
172	1	1.09	1.09	0.3219	
173	1	1.12	1.12	0.3056	
174	1	1.1	1.1	0.37	
175	1	1.16	1.16	0.4144	
176	1	1.13	1.13	0.4531	
177	1	1.18	1.18	0.5476	
178	1	1.19	1.19	0.5739	
179	1	1.15	1.15	0.7275	
180	1	1.2	1.2	0.78	
181	1	1.19	1.19	0.8939	
182	1	1.29	1.29	0.8259	
183	1	1.44	1.44	0.7064	
184	1	1.47	1.47	0.7091	
185	1	1.48	1.48	0.7696	
186	1	1.52	1.52	0.9296	
187	1	1.49	1.49	0.9099	
188	1	1.48	1.48	0.9096	
189	1	1.55	1.55	0.8875	
190	1	1.66	1.66	1.0044	
191	1	1.71	1.71	1.2459	
192	1	1.7	1.7	1.35	
193	1	1.83	1.83	1.4611	
194	1	1.76	1.76	1.4224	
195	1	1.71	1.71	1.5059	
196	1	1.84	1.84	1.5744	
197	1	1.87	1.87	1.4131	
198	1	1.93	1.93	1.5851	
199	1	1.88	1.88	1.6656	
200	1	1.84	1.84	1.7944	
201	1	1.8	1.8	1.56	
202	1	1.76	1.76	1.7224	
203	1	1.74	1.74	1.4924	
204	1	1.74	1.74	1.5524	
205	1	1.72	1.72	1.6416	
206	1	1.71	1.71	1.3659	
207	1	1.8	1.8	1.26	
208	1	1.77	1.77	1.2771	
209	1	1.81	1.81	1.3139	
210	1	1.84	1.84	1.3944	
211	1	1.91	1.91	1.4419	
212	1	1.89	1.89	1.4779	
213	1	1.93	1.93	1.4651	
214	1	1.99	1.99	1.5299	
215	1	1.97	1.97	1.4091	
216	1	2.02	2.02	1.5396	
217	1	1.95	1.95	1.2675	
218	1	2.01	2.01	1.2499	
219	1	2.07	2.07	1.2851	
220	1	2.13	2.13	1.1731	
221	1	2.23	2.23	1.0371	
222	1	2.1	2.1	1.05	
223	1	2.21	2.21	1.1659	
224	1	2.3	2.3	0.97	
225	1	2.26	2.26	0.9524	
226	1	2.29	2.29	0.9059	
227	1	2.31	2.31	0.9539	
228	1	2.33	2.33	0.8611	
229	1	2.42	2.42	0.9836	
230	1	2.41	2.41	1.1419	
231	1	2.39	2.39	1.1579	
232	1	2.53	2.53	1.0691	
233	1	2.43	2.43	1.0451	
234	1	2.47	2.47	1.0491	
235	1	2.46	2.46	1.0684	
236	1	2.41	2.41	0.9419	
237	1	2.44	2.44	0.8464	
238	1	2.4	2.4	0.78	
239	1	2.47	2.47	0.8291	
240	1	2.49	2.49	0.7499	
241	1	2.36	2.36	0.8104	
242	1	2.28	2.28	0.7816	
243	1	2.37	2.37	0.7331	
244	1	2.26	2.26	0.6724	
245	1	2.24	2.24	0.4224	
246	1	2.21	2.21	0.3859	
247	1	2.13	2.13	0.3731	
248	1	2.16	2.16	0.3344	
249	1	2.14	2.14	0.5204	
250	1	2.15	2.15	0.4475	
251	1	2.17	2.17	0.3011	
252	1	2.21	2.21	0.2459	
253	1	2.19	2.19	0.2139	
254	1	2.19	2.19	0.2139	
255	1	2.22	2.22	0.2116	
256	1	2.21	2.21	0.2059	
257	1	2.21	2.21	0.2059	
258	1	2.19	2.19	0.1539	
259	1	2.16	2.16	0.1344	
260	1	2.16	2.16	0.1344	
261	1	2.18	2.18	0.1676	
262	1	2.16	2.16	0.1544	
263	1	2.21	2.21	0.1859	
264	1	2.22	2.22	0.2116	
265	1	2.18	2.18	0.1476	
266	1	2.18	2.18	0.1476	
267	1	2.2	2.2	0.16	
268	1	2.17	2.17	0.1411	
269	1	2.18	2.18	0.1476	
270	1	2.16	2.16	0.1344	
271	1	2.12	2.12	0.1056	
272	1	2.13	2.13	0.1131	
273	1	2.11	2.11	0.0979	
274	1	2.17	2.17	0.1411	
275	1	2.19	2.19	0.1539	
276	1	2.16	2.16	0.1544	
277	1	2.19	2.19	0.1539	
278	1	2.18	2.18	0.1476	
279	1	2.18	2.18	0.1476	
280	1	2.17	2.17	0.1411	
281	1	2.16	2.16	0.1344	
282	1	2.15	2.15	0.1275	
283	1	2.23	2.23	0.2571	
284	1	2.22	2.22	0.2116	
285	1	2.21	2.21	0.2059	
286	1	2.27	2.27	0.1971	
287	1	2.29	2.29	0.2059	
288	1	2.41	2.41	0.2619	
289	1	2.33	2.33	0.2211	
290	1	2.33	2.33	0.2211	
291	1	2.28	2.28	0.2016	
292	1	2.29	2.29	0.2059	
293	1	2.25	2.25	0.1875	
294	1	2.25	2.25	0.2075	
295	1	2.28	2.28	0.2016	
296	1	2.3	2.3	0.21	
297	1	2.28	2.28	0.2216	
298	1	2.31	2.31	0.2739	
299	1	2.31	2.31	0.3139	
300	1	2.32	2.32	0.2976	
301	1	2.35	2.35	0.2875	
302	1	2.41	2.41	0.3219	
303	1	2.4	2.4	0.28	
304	1	2.4	2.4	0.32	
305	1	2.4	2.4	0.3	
306	1	2.42	2.42	0.2836	
307	1	2.5	2.5	0.27	
308	1	2.55	2.55	0.2675	
309	1	2.52	2.52	0.2896	
310	1	2.59	2.59	0.3419	
311	1	2.58	2.58	0.3236	
312	1	2.65	2.65	0.2875	
313	1	2.64	2.64	0.2904	
314	1	2.67	2.67	0.3011	
315	1	2.72	2.72	0.3016	
316	1	2.73	2.73	0.3371	
317	1	2.79	2.79	0.3259	
318	1	2.78	2.78	0.3716	
319	1	2.85	2.85	0.3275	
320	1	2.93	2.93	0.4051	
321	1	2.9	2.9	0.35	
322	1	2.93	2.93	0.3051	
323	1	2.92	2.92	0.3336	
324	1	2.97	2.97	0.3091	
325	1	2.99	2.99	0.3299	
326	1	3.04	3.04	0.4584	
327	1	3.06	3.06	0.4564	
328	1	3.01	3.01	0.4299	
329	1	2.97	2.97	0.4291	
330	1	2.98	2.98	0.4596	
331	1	2.93	2.93	0.3651	
332	1	2.97	2.97	0.3691	
333	1	2.95	2.95	0.4275	
334	1	3	3	0.54	
335	1	2.99	2.99	0.4699	
336	1	3.04	3.04	0.4784	
337	1	3.04	3.04	0.4584	
338	1	2.96	2.96	0.5184	
339	1	2.9	2.9	0.51	
340	1	2.84	2.84	0.4744	
341	1	2.85	2.85	0.4275	
342	1	2.9	2.9	0.43	
343	1	2.89	2.89	0.4379	
344	1	2.8	2.8	0.48	
345	1	2.77	2.77	0.4571	
346	1	2.76	2.76	0.4624	
347	1	2.71	2.71	0.4259	
348	1	2.62	2.62	0.3756	
349	1	2.63	2.63	0.4731	
350	1	2.67	2.67	0.5611	
351	1	2.71	2.71	0.4659	
352	1	2.74	2.74	0.4524	
353	1	2.68	2.68	0.4776	
354	1	2.71	2.71	0.4459	
355	1	2.8	2.8	0.42	
356	1	2.92	2.92	0.3936	
357	1	2.82	2.82	0.4476	
358	1	2.92	2.92	0.4936	
359	1	2.9	2.9	0.49	
360	1	2.86	2.86	0.5004	
361	1	2.92	2.92	0.4336	
362	1	2.97	2.97	0.4491	
363	1	2.99	2.99	0.4099	
364	1	2.99	2.99	0.4699	
365	1	2.97	2.97	0.5691	
366	1	3.05	3.05	0.7675	
367	1	3.01	3.01	0.7899	
368	1	2.98	2.98	0.8396	
369	1	2.98	2.98	1.1996	
370	1	3.1	3.1	1.37	
371	1	3.2	3.2	1.38	
372	1	3.39	3.39	1.3179	
373	1	3.41	3.41	1.2619	
374	1	3.48	3.48	1.2296	
375	1	3.37	3.37	1.1531	
376	1	3.32	3.32	1.2976	
377	1	3.3	3.3	1.27	
378	1	3.33	3.33	1.2411	
379	1	3.26	3.26	1.1724	
380	1	3.29	3.29	1.1859	
381	1	3.21	3.21	1.3459	
382	1	3.28	3.28	1.3416	
383	1	3.28	3.28	1.2016	
384	1	3.33	3.33	1.1611	
385	1	3.29	3.29	1.1259	
386	1	3.41	3.41	1.1219	
387	1	3.47	3.47	1.1491	
388	1	3.46	3.46	1.0284	
389	1	3.49	3.49	1.1499	
390	1	3.56	3.56	1.1464	
391	1	3.58	3.58	1.0836	
392	1	3.55	3.55	0.9475	
393	1	3.58	3.58	0.9436	
394	1	3.65	3.65	1.0475	
395	1	3.72	3.72	1.1016	
396	1	3.6	3.6	1.04	
397	1	3.54	3.54	1.0484	
398	1	3.58	3.58	1.0236	
399	1	3.59	3.59	0.9619	
400	1	3.58	3.58	0.9636	
401	1	3.62	3.62	0.9356	
402	1	3.72	3.72	0.9416	
403	1	3.8	3.8	0.98	
404	1	3.78	3.78	0.9716	
405	1	3.73	3.73	1.0171	
406	1	3.83	3.83	1.0611	
407	1	3.88	3.88	1.0656	
408	1	3.8	3.8	1.02	
409	1	3.77	3.77	0.9971	
410	1	3.77	3.77	0.9771	
411	1	3.75	3.75	1.0675	
412	1	3.72	3.72	1.1016	
413	1	3.74	3.74	1.1524	
414	1	3.79	3.79	1.1459	
415	1	3.84	3.84	1.1944	
416	1	3.77	3.77	1.0971	
417	1	3.83	3.83	1.2011	
418	1	3.86	3.86	1.1804	
419	1	3.89	3.89	1.2179	
420	1	3.96	3.96	1.2784	
421	1	4.06	4.06	1.3164	
422	1	4.08	4.08	1.3736	
423	1	4.17	4.17	1.3611	
424	1	4.12	4.12	1.3856	
425	1	4.15	4.15	1.3675	
426	1	4.23	4.23	1.2971	
427	1	4.23	4.23	1.3371	
428	1	4.22	4.22	1.3116	
429	1	4.44	4.44	1.3264	
430	1	4.53	4.53	1.2891	
431	1	4.62	4.62	1.2756	
432	1	4.75	4.75	1.2675	
433	1	4.78	4.78	1.2916	
434	1	4.87	4.87	1.1531	
435	1	4.75	4.75	1.2675	
436	1	4.8	4.8	1.32	
437	1	4.92	4.92	1.3536	
438	1	4.85	4.85	1.3875	
439	1	4.9	4.9	1.61	
440	1	4.88	4.88	1.7656	
441	1	4.77	4.77	1.8171	
442	1	4.67	4.67	1.6811	
443	1	4.64	4.64	1.7704	
444	1	4.64	4.64	1.7904	
445	1	4.61	4.61	1.7579	
446	1	4.64	4.64	1.7504	
447	1	4.45	4.45	1.7275	
448	1	4.46	4.46	1.7684	
449	1	4.41	4.41	1.7019	
450	1	4.55	4.55	1.6475	
451	1	4.72	4.72	1.6016	
452	1	4.61	4.61	1.6179	
453	1	4.68	4.68	1.4776	
454	1	4.5	4.5	1.55	
455	1	4.39	4.39	1.7379	
456	1	4.47	4.47	1.8091	
457	1	4.35	4.35	1.5875	
458	1	4.44	4.44	1.5464	
459	1	4.5	4.5	1.51	
460	1	4.55	4.55	1.7275	
461	1	4.66	4.66	1.3844	
462	1	4.56	4.56	1.3664	
463	1	4.58	4.58	1.2236	
464	1	4.61	4.61	1.3379	
465	1	4.69	4.69	1.2139	
466	1	4.77	4.77	1.3971	
467	1	4.73	4.73	1.5171	
468	1	4.75	4.75	1.5275	
469	1	4.74	4.74	1.3524	
470	1	4.83	4.83	1.1811	
471	1	4.75	4.75	1.1475	
472	1	4.82	4.82	1.1476	
473	1	4.85	4.85	0.9875	
474	1	4.71	4.71	1.0259	
475	1	4.83	4.83	1.0611	
476	1	4.85	4.85	1.0475	
477	1	4.91	4.91	1.1619	
478	1	4.78	4.78	1.0716	
479	1	4.6	4.6	1.1	
480	1	4.69	4.69	0.9939	
481	1	4.68	4.68	1.1176	
482	1	4.65	4.65	1.1275	
483	1	4.64	4.64	1.1704	
484	1	4.67	4.67	1.2011	
485	1	4.72	4.72	1.0416	
486	1	4.78	4.78	0.9516	
487	1	4.81	4.81	1.0539	
488	1	4.71	4.71	1.0459	
489	1	4.56	4.56	1.1064	
490	1	4.57	4.57	0.9651	
491	1	4.61	4.61	0.7579	
492	1	4.58	4.58	0.8036	
493	1	4.55	4.55	0.8675	
494	1	4.57	4.57	0.9051	
495	1	4.58	4.58	0.9636	
496	1	4.46	4.46	1.1684	
497	1	4.44	4.44	1.1464	
498	1	4.52	4.52	0.9896	
499	1	4.59	4.59	0.9219	
500	1	4.49	4.49	0.8299	
501	1	4.49	4.49	0.8699	
502	1	4.53	4.53	0.7491	
503	1	4.45	4.45	0.7875	
504	1	4.43	4.43	0.8251	
505	1	4.51	4.51	0.8099	
506	1	4.55	4.55	0.7875	
507	1	4.63	4.63	0.7531	
508	1	4.68	4.68	0.7576	
509	1	4.68	4.68	0.6976	
510	1	4.78	4.78	0.7116	
511	1	4.77	4.77	0.7171	
512	1	4.83	4.83	0.7611	
513	1	4.74	4.74	0.6924	
514	1	4.7	4.7	0.73	
515	1	4.67	4.67	0.7611	
516	1	4.75	4.75	0.7675	
517	1	4.79	4.79	0.9059	
518	1	4.81	4.81	0.9139	
519	1	4.8	4.8	0.86	
520	1	4.85	4.85	0.8075	
521	1	4.82	4.82	0.7676	
522	1	4.83	4.83	0.6811	
523	1	4.85	4.85	0.6875	
524	1	4.9	4.9	0.57	
525	1	4.88	4.88	0.5856	
526	1	4.85	4.85	0.6075	
527	1	4.86	4.86	0.6604	
528	1	4.83	4.83	0.6211	
529	1	4.81	4.81	0.6739	
530	1	4.84	4.84	0.6344	
531	1	4.89	4.89	0.8379	
532	1	4.92	4.92	0.9336	
533	1	4.96	4.96	0.8584	
534	1	4.94	4.94	0.8564	
535	1	4.91	4.91	0.8619	
536	1	4.96	4.96	0.7784	
537	1	4.94	4.94	0.6164	
538	1	5.02	5.02	1.0596	
539	1	4.95	4.95	0.9275	
540	1	5.04	5.04	1.3784	
541	1	5.04	5.04	1.5184	
542	1	5.03	5.03	1.2091	
543	1	5.12	5.12	1.8056	
544	1	5.2	5.2	2.12	
545	1	5.09	5.09	1.6819	
546	1	5.15	5.15	1.6875	
547	1	5.18	5.18	1.5876	
548	1	5.24	5.24	1.4624	
549	1	5.3	5.3	1.55	
550	1	5.25	5.25	1.5075	
551	1	5.25	5.25	1.4875	
552	1	5.24	5.24	1.8024	
553	1	5.2	5.2	1.66	
554	1	5.25	5.25	1.7875	
555	1	5.24	5.24	2.7224	
556	1	5.31	5.31	2.4739	
557	1	5.36	5.36	2.7504	
558	1	5.35	5.35	2.6875	
559	1	5.4	5.4	2.94	
560	1	5.43	5.43	3.0251	
561	1	5.5	5.5	3.27	
562	1	5.48	5.48	3.4696	
563	1	5.34	5.34	3.5444	
564	1	5.58	5.58	3.8436	
565	1	5.49	5.49	3.9099	
566	1	5.56	5.56	4.7464	
567	1	5.64	5.64	4.4904	
568	1	5.66	5.66	4.7644	
569	1	5.68	5.68	4.4376	
570	1	5.82	5.82	4.4876	
571	1	5.85	5.85	4.1075	
572	1	5.85	5.85	4.2275	
573	1	5.69	5.69	4.4939	
574	1	5.48	5.48	4.6696	
575	1	5.32	5.32	5.3976	
576	1	5.42	5.42	5.6836	
577	1	5.21	5.21	5.2859	
578	1	5.29	5.29	6.4259	
579	1	5.54	5.54	5.9284	
580	1	5.58	5.58	5.9036	
581	1	5.67	5.67	6.0211	
582	1	5.72	5.72	5.8216	
583	1	5.89	5.89	6.0379	
584	1	6.03	6.03	6.2491	
585	1	6.09	6.09	6.3819	
586	1	5.98	5.98	6.4996	
587	1	5.93	5.93	5.7651	
588	1	5.79	5.79	7.2259	
589	1	5.9	5.9	7.45	
590	1	5.93	5.93	6.6451	
591	1	6.05	6.05	6.7875	
592	1	6.14	6.14	6.3404	
593	1	6.27	6.27	6.5971	
594	1	6.4	6.4	6.88	
595	1	6.34	6.34	6.4244	
596	1	6.28	6.28	5.9416	
597	1	6.24	6.24	6.1624	
598	1	6.02	6.02	5.6996	
599	1	6.01	6.01	5.6299	
600	1	6.12	6.12	5.9856	
601	1	6.08	6.08	5.9136	
602	1	5.98	5.98	5.4796	
603	1	5.82	5.82	4.9076	
604	1	5.73	5.73	4.1571	
605	1	5.74	5.74	4.2724	
606	1	5.67	5.67	4.1211	
607	1	5.6	5.6	3.42	
608	1	5.53	5.53	2.8691	
609	1	5.57	5.57	2.8651	
610	1	5.45	5.45	2.2675	
611	1	5.53	5.53	2.5891	
612	1	5.53	5.53	2.3091	
613	1	5.36	5.36	1.0904	
614	1	5.37	5.37	0.7731	
615	1	5.43	5.43	1.3651	
616	1	5.41	5.41	1.3219	
617	1	5.37	5.37	1.3531	
618	1	5.41	5.41	1.6619	
619	1	5.28	5.28	1.0616	
620	1	5.25	5.25	1.0875	
621	1	5.35	5.35	1.4275	
622	1	5.32	5.32	1.4176	
623	1	5.36	5.36	1.4304	
624	1	5.41	5.41	1.7819	
625	1	5.49	5.49	2.3699	
626	1	5.56	5.56	2.9064	
627	1	5.54	5.54	2.9484	
628	1	5.59	5.59	3.0019	
629	1	5.53	5.53	2.9691	
630	1	5.46	5.46	2.2884	
631	1	5.41	5.41	1.9619	
632	1	5.45	5.45	2.2875	
633	1	5.44	5.44	2.2864	
634	1	5.42	5.42	2.1236	
635	1	5.4	5.4	1.98	
636	1	5.08	5.08	0.3536	
637	1	5.16	5.16	0.4344	
638	1	5.16	5.16	0.4744	
639	1	5.2	5.2	0.48	
640	1	5.14	5.14	0.5204	
641	1	5.07	5.07	0.4851	
642	1	5.12	5.12	0.5456	
643	1	5.12	5.12	0.5856	
644	1	5.1	5.1	0.57	
645	1	5.09	5.09	0.5219	
646	1	5.09	5.09	0.5619	
647	1	5.1	5.1	0.53	
648	1	5.08	5.08	0.4936	
649	1	5.12	5.12	0.5256	
650	1	5.08	5.08	0.4336	
651	1	5.2	5.2	0.58	
652	1	5.22	5.22	0.5916	
653	1	5.24	5.24	0.5624	
654	1	5.28	5.28	0.5816	
655	1	5.27	5.27	0.4971	
656	1	5.26	5.26	0.5524	
657	1	5.26	5.26	0.6524	
658	1	5.12	5.12	0.5856	
659	1	5.34	5.34	0.6044	
660	1	5.36	5.36	0.4504	
661	1	5.35	5.35	0.3675	
662	1	5.31	5.31	0.3139	
663	1	5.49	5.49	0.4699	
664	1	5.57	5.57	0.3451	
665	1	5.69	5.69	0.3539	
666	1	5.76	5.76	0.4024	
667	1	5.72	5.72	0.4416	
668	1	5.73	5.73	0.3171	
669	1	5.73	5.73	0.3371	
670	1	5.8	5.8	0.36	
671	1	5.82	5.82	0.3876	
672	1	5.79	5.79	0.3859	
673	1	5.83	5.83	0.3811	
674	1	5.87	5.87	0.4131	
675	1	5.77	5.77	0.3371	
676	1	5.67	5.67	0.3411	
677	1	5.74	5.74	0.3324	
678	1	5.7	5.7	0.31	
679	1	5.75	5.75	0.3075	
680	1	5.81	5.81	0.3139	
681	1	5.84	5.84	0.3744	
682	1	5.9	5.9	0.45	
683	1	5.95	5.95	0.4075	
684	1	5.89	5.89	0.3579	
685	1	5.93	5.93	0.3451	
686	1	5.99	5.99	0.3499	
687	1	5.99	5.99	0.3099	
688	1	5.91	5.91	0.3619	
689	1	5.99	5.99	0.3099	
690	1	5.89	5.89	0.3779	
691	1	5.84	5.84	0.3944	
692	1	5.96	5.96	0.4184	
693	1	6.02	6.02	0.4996	
694	1	5.96	5.96	0.4584	
695	1	6.02	6.02	0.5196	
696	1	5.97	5.97	0.6491	
697	1	6.02	6.02	0.4396	
698	1	6.07	6.07	0.4651	
699	1	5.95	5.95	0.5275	
700	1	6.06	6.06	0.7564	
701	1	6.01	6.01	0.7899	
702	1	6	6	0.88	
703	1	6.01	6.01	0.9899	
704	1	6.04	6.04	1.0184	
705	1	6.04	6.04	0.9184	
706	1	5.86	5.86	0.8204	
707	1	5.82	5.82	0.8076	
708	1	5.9	5.9	0.91	
709	1	5.78	5.78	0.8916	
710	1	5.78	5.78	0.8316	
711	1	5.79	5.79	0.8259	
712	1	5.77	5.77	0.8371	
713	1	5.78	5.78	0.8316	
714	1	5.75	5.75	0.7875	
715	1	5.74	5.74	0.7924	
716	1	5.75	5.75	0.6675	
717	1	5.8	5.8	0.7	
718	1	5.83	5.83	0.7811	
719	1	5.88	5.88	0.7656	
720	1	5.8	5.8	0.76	
721	1	5.86	5.86	0.8004	
722	1	5.82	5.82	0.7276	
723	1	5.81	5.81	0.7539	
724	1	5.8	5.8	0.78	
725	1	5.88	5.88	0.8656	
726	1	5.83	5.83	0.8411	
727	1	5.82	5.82	0.8276	
728	1	5.82	5.82	0.7876	
729	1	5.78	5.78	0.7916	
730	1	5.77	5.77	0.7571	
731	1	5.76	5.76	0.7424	
732	1	5.78	5.78	0.8516	
733	1	5.8	5.8	0.86	
734	1	5.75	5.75	0.7075	
735	1	5.8	5.8	0.64	
736	1	5.91	5.91	0.7419	
737	1	5.89	5.89	0.7579	
738	1	6.02	6.02	0.6796	
739	1	6.13	6.13	0.6931	
740	1	6.11	6.11	0.7179	
741	1	6.15	6.15	0.8475	
742	1	6.26	6.26	0.7924	
743	1	6.09	6.09	0.9419	
744	1	6.23	6.23	1.1171	
745	1	6.05	6.05	1.0875	
746	1	6.02	6.02	0.9996	
747	1	5.91	5.91	1.0219	
748	1	5.81	5.81	0.7539	
749	1	5.81	5.81	0.9339	
750	1	5.79	5.79	0.7659	
751	1	5.84	5.84	0.7344	
752	1	5.85	5.85	0.7875	
753	1	5.75	5.75	0.7275	
754	1	5.79	5.79	0.6659	
755	1	5.86	5.86	0.7004	
756	1	5.85	5.85	0.7275	
757	1	5.85	5.85	0.6475	
758	1	5.87	5.87	0.6931	
759	1	5.94	5.94	0.8564	
760	1	5.88	5.88	0.7256	
761	1	5.89	5.89	0.7979	
762	1	5.89	5.89	0.9379	
763	1	5.95	5.95	0.9075	
764	1	6.01	6.01	0.7099	
765	1	5.89	5.89	0.6979	
766	1	5.87	5.87	0.6731	
767	1	6	6	0.62	
768	1	5.97	5.97	0.6491	
769	1	5.91	5.91	0.6019	
770	1	5.94	5.94	0.5764	
771	1	5.94	5.94	0.5564	
772	1	5.98	5.98	0.4796	
773	1	6	6	0.32	
774	1	6.06	6.06	0.2164	
775	1	6.07	6.07	0.1651	
776	1	6.06	6.06	0.1164	
777	1	5.97	5.97	0.2491	
778	1	5.84	5.84	0.2144	
779	1	5.9	5.9	0.19	
780	1	5.91	5.91	0.1819	
781	1	5.87	5.87	0.1931	
782	1	5.87	5.87	0.1531	
783	1	5.88	5.88	0.1856	
784	1	5.79	5.79	0.1659	
785	1	5.74	5.74	0.1924	
786	1	5.76	5.76	0.1824	
787	1	5.85	5.85	0.1475	
788	1	5.97	5.97	0.0891	
789	1	6.01	6.01	0.1099	
790	1	5.99	5.99	0.0299	
791	1	6.05	6.05	0.0475	
792	1	6.08	6.08	0.0736	
793	1	6.05	6.05	0.0475	
794	1	6.07	6.07	0.0651	
795	1	6.09	6.09	0.1019	
796	1	6.09	6.09	0.0819	
797	1	6.2	6.2	0.16	
798	1	6.2	6.2	0.2	
799	1	6.1	6.1	0.13	
800	1	6.09	6.09	0.1019	
801	1	6.11	6.11	0.0979	
802	1	6.12	6.12	0.1056	
803	1	6.11	6.11	0.0979	
804	1	6.11	6.11	0.0979	
805	1	6.18	6.18	0.1476	
806	1	6.26	6.26	0.2324	
807	1	6.19	6.19	0.1539	
808	1	6.19	6.19	0.1539	
809	1	6.19	6.19	0.1539	
810	1	6.21	6.21	0.1659	
811	1	6.21	6.21	0.2059	
812	1	6.21	6.21	0.2659	
813	1	6.28	6.28	0.3416	
814	1	6.26	6.26	0.3524	
815	1	6.27	6.27	0.3571	
816	1	6.29	6.29	0.3259	
817	1	6.31	6.31	0.3939	
818	1	6.29	6.29	0.4059	
819	1	6.26	6.26	0.3524	
820	1	6.23	6.23	0.3371	
821	1	6.18	6.18	0.2876	
822	1	6.15	6.15	0.2275	
823	1	6.14	6.14	0.2004	
824	1	6.17	6.17	0.2411	
825	1	6.12	6.12	0.1456	
826	1	6.12	6.12	0.1256	
827	1	6.11	6.11	0.1179	
828	1	6.13	6.13	0.1531	
829	1	6.12	6.12	0.1456	
830	1	6.13	6.13	0.1531	
831	1	6.11	6.11	0.0979	
832	1	6.12	6.12	0.1056	
833	1	6.1	6.1	0.09	
834	1	6.1	6.1	0.09	
835	1	6.15	6.15	0.1275	
836	1	6.15	6.15	0.1275	
837	1	6.13	6.13	0.1131	
838	1	6.14	6.14	0.1204	
839	1	6.14	6.14	0.1204	
840	1	6.09	6.09	0.0819	
841	1	6.07	6.07	0.0651	
842	1	6.05	6.05	0.0475	
843	1	6.04	6.04	0.0384	
844	1	6.05	6.05	0.0475	
845	1	6.05	6.05	0.0475	
846	1	6.07	6.07	0.0651	
847	1	6.09	6.09	0.1019	
848	1	6.14	6.14	0.1604	
849	1	6.2	6.2	0.2	
850	1	6.2	6.2	0.18	
851	1	6.23	6.23	0.2771	
852	1	6.23	6.23	0.2971	
853	1	6.21	6.21	0.2459	
854	1	6.22	6.22	0.2516	
855	1	6.21	6.21	0.2459	
856	1	6.17	6.17	0.2611	
857	1	6.16	6.16	0.2544	
858	1	6.21	6.21	0.3259	
859	1	6.29	6.29	0.4059	
860	1	6.33	6.33	0.4411	
861	1	6.52	6.52	0.6096	
862	1	6.57	6.57	0.7451	
863	1	6.59	6.59	0.8019	
864	1	6.55	6.55	0.8075	
865	1	6.71	6.71	0.9459	
866	1	6.63	6.63	0.9531	
867	1	6.61	6.61	0.8979	
868	1	6.71	6.71	0.9259	
869	1	6.88	6.88	1.0056	
870	1	6.92	6.92	1.1336	
871	1	6.84	6.84	0.9944	
872	1	6.76	6.76	0.9224	
873	1	6.77	6.77	1.0171	
874	1	6.88	6.88	1.1256	
875	1	6.91	6.91	1.0619	
876	1	6.77	6.77	0.9171	
877	1	6.71	6.71	0.8459	
878	1	6.78	6.78	0.8516	
879	1	6.7	6.7	0.85	
880	1	6.68	6.68	0.8376	
881	1	6.73	6.73	0.8571	
882	1	6.74	6.74	0.8124	
883	1	6.64	6.64	0.8904	
884	1	6.66	6.66	0.8644	
885	1	6.62	6.62	0.9556	
886	1	6.67	6.67	1.0211	
887	1	6.78	6.78	0.9916	
888	1	6.88	6.88	0.9256	
889	1	6.95	6.95	0.9475	
890	1	6.83	6.83	0.9611	
891	1	6.65	6.65	0.9675	
892	1	6.74	6.74	1.0724	
893	1	6.65	6.65	1.0275	
894	1	6.72	6.72	1.0816	
895	1	6.73	6.73	1.0171	
896	1	6.7	6.7	1.03	
897	1	6.77	6.77	1.1571	
898	1	6.83	6.83	1.1611	
899	1	6.79	6.79	1.1259	
900	1	6.87	6.87	1.1931	
901	1	6.88	6.88	1.1856	
902	1	6.94	6.94	1.1964	
903	1	7.03	7.03	1.2891	
904	1	7.05	7.05	1.3675	
905	1	6.92	6.92	1.5336	
906	1	6.93	6.93	1.4851	
907	1	6.99	6.99	1.4099	
908	1	7.02	7.02	1.6796	
909	1	6.88	6.88	1.5856	
910	1	6.9	6.9	1.69	
911	1	6.91	6.91	1.6619	
912	1	6.95	6.95	1.5875	
913	1	7.04	7.04	1.5784	
914	1	6.96	6.96	1.6384	
915	1	6.82	6.82	1.6076	
916	1	6.81	6.81	1.6139	
917	1	6.91	6.91	1.7419	
918	1	6.91	6.91	1.7819	
919	1	6.92	6.92	1.7936	
920	1	6.9	6.9	1.81	
921	1	6.85	6.85	1.7675	
922	1	6.84	6.84	1.7744	
923	1	6.85	6.85	1.9275	
924	1	6.92	6.92	2.0536	
925	1	6.91	6.91	2.1219	
926	1	7.02	7.02	2.4396	
927	1	7.11	7.11	2.6979	
928	1	7.11	7.11	2.6379	
929	1	7.14	7.14	2.8404	
930	1	7.2	7.2	2.82	
931	1	7.25	7.25	2.9875	
932	1	7.32	7.32	3.1176	
933	1	7.39	7.39	3.1779	
934	1	7.43	7.43	3.1651	
935	1	7.47	7.47	3.2091	
936	1	7.42	7.42	3.1236	
937	1	7.32	7.32	3.0576	
938	1	7.24	7.24	2.9424	
939	1	7.28	7.28	2.9416	
940	1	7.34	7.34	2.8444	
941	1	7.29	7.29	2.7259	
942	1	7.27	7.27	2.5971	
943	1	7.33	7.33	2.9211	
944	1	7.4	7.4	2.92	
945	1	7.39	7.39	2.8779	
946	1	7.39	7.39	2.9379	
947	1	7.42	7.42	2.9436	
948	1	7.44	7.44	3.1264	
949	1	7.45	7.45	3.1475	
950	1	7.43	7.43	3.3451	
951	1	7.47	7.47	3.4491	
952	1	7.48	7.48	3.3696	
953	1	7.57	7.57	3.6651	
954	1	7.51	7.51	3.5899	
955	1	7.51	7.51	3.5299	
956	1	7.61	7.61	3.5379	
957	1	7.64	7.64	3.5104	
958	1	7.81	7.81	3.5539	
959	1	7.76	7.76	3.6424	
960	1	7.66	7.66	3.7044	
961	1	7.82	7.82	3.8476	
962	1	8	8	3.82	
963	1	7.89	7.89	3.8379	
964	1	8.12	8.12	3.9256	
965	1	8.33	8.33	3.8011	
966	1	8.53	8.53	3.6891	
967	1	8.95	8.95	3.3075	
968	1	9.26	9.26	2.9124	
969	1	9.44	9.44	2.7664	
970	1	9.55	9.55	2.4675	
971	1	9.58	9.58	2.2436	
972	1	9.63	9.63	2.0931	
973	1	9.63	9.63	1.9331	
974	1	9.69	9.69	1.8539	
975	1	9.77	9.77	1.5371	
976	1	9.87	9.87	1.6731	
977	1	9.81	9.81	1.4739	
978	1	9.82	9.82	1.4876	
979	1	9.89	9.89	1.2779	
980	1	9.85	9.85	1.4075	
981	1	9.96	9.96	1.2984	
982	1	9.87	9.87	1.3331	
983	1	9.85	9.85	1.4275	
984	1	9.78	9.78	1.5516	
985	1	9.83	9.83	1.6411	
986	1	9.7	9.7	2.05	
987	1	9.68	9.68	2.1576	
988	1	9.7	9.7	1.95	
989	1	9.65	9.65	1.9275	
990	1	9.7	9.7	1.63	
991	1	9.69	9.69	1.6139	
992	1	9.74	9.74	1.4324	
993	1	9.76	9.76	1.4824	
994	1	9.77	9.77	1.5171	
995	1	9.79	9.79	1.4059	
996	1	9.72	9.72	1.3816	
997	1	9.73	9.73	1.3971	
998	1	9.76	9.76	1.4024	
999	1	9.6	9.6	1.74	
1000	1	9.45	9.45	1.5475	
1001	1	9.44	9.44	1.6464	
1002	1	9.54	9.54	1.4884	
1003	1	9.67	9.67	1.2411	
1004	1	9.7	9.7	1.41	
1005	1	9.76	9.76	1.2624	
1006	1	9.78	9.78	1.1316	
1007	1	9.76	9.76	1.1624	
1008	1	9.81	9.81	1.1139	
1009	1	9.86	9.86	1.2204	
1010	1	9.93	9.93	1.3651	
1011	1	9.87	9.87	1.5331	
1012	1	9.87	9.87	1.3931	
1013	1	10.03	10.03	1.3091	
1014	1	9.98	9.98	1.1596	
1015	1	10.06	10.06	1.2164	
1016	1	10.1	10.1	1.33	
1017	1	10.19	10.19	1.4339	
1018	1	10.1	10.1	1.51	
1019	1	10.02	10.02	1.2796	
1020	1	10.04	10.04	1.2784	
1021	1	10.13	10.13	1.2331	
1022	1	10.12	10.12	1.0656	
1023	1	10.17	10.17	0.9811	
1024	1	10.07	10.07	1.0851	
1025	1	10.09	10.09	1.4419	
1026	1	9.99	9.99	1.6499	
1027	1	10.18	10.18	1.4676	
1028	1	10.15	10.15	1.5275	
1029	1	10.25	10.25	1.3275	
1030	1	10.29	10.29	1.3059	
1031	1	10.27	10.27	1.3771	
1032	1	10.28	10.28	1.5016	
1033	1	10.2	10.2	1.5	
1034	1	10.2	10.2	1.54	
1035	1	10.13	10.13	1.6731	
1036	1	10.17	10.17	1.4811	
1037	1	10.12	10.12	1.4256	
1038	1	10.22	10.22	1.7916	
1039	1	10.19	10.19	1.7739	
1040	1	10.13	10.13	1.7931	
1041	1	10.12	10.12	1.7856	
1042	1	10.08	10.08	1.4536	
1043	1	10.01	10.01	1.6299	
1044	1	9.9	9.9	2.05	
1045	1	9.97	9.97	2.1291	
1046	1	10	10	2.28	
1047	1	10.02	10.02	2.2396	
1048	1	9.92	9.92	2.2536	
1049	1	9.8	9.8	2.4	
1050	1	9.91	9.91	1.9419	
1051	1	9.87	9.87	1.7731	
1052	1	9.86	9.86	1.7004	
1053	1	9.92	9.92	1.9936	
1054	1	9.72	9.72	2.3616	
1055	1	9.59	9.59	2.7819	
1056	1	9.74	9.74	2.4324	
1057	1	9.81	9.81	2.2939	
1058	1	9.88	9.88	2.1456	
1059	1	10.02	10.02	1.8396	
1060	1	10.11	10.11	2.1779	
1061	1	10.25	10.25	1.9475	
1062	1	10.17	10.17	2.6811	
1063	1	10.28	10.28	2.8016	
1064	1	10.29	10.29	2.3659	
1065	1	10.27	10.27	2.4371	
1066	1	10.46	10.46	1.9284	
1067	1	10.53	10.53	1.7691	
1068	1	10.55	10.55	1.6075	
1069	1	10.5	10.5	1.89	
1070	1	10.52	10.52	1.7296	
1071	1	10.52	10.52	1.7296	
1072	1	10.21	10.21	2.6059	
1073	1	10.22	10.22	2.4516	
1074	1	10.15	10.15	2.8275	
1075	1	10.06	10.06	3.5364	
1076	1	10.13	10.13	3.3331	
1077	1	10.15	10.15	3.0075	
1078	1	10.15	10.15	3.0075	
1079	1	9.99	9.99	3.2299	
1080	1	10.27	10.27	2.3571	
1081	1	10.05	10.05	3.3075	
1082	1	9.99	9.99	3.7499	
1083	1	9.89	9.89	3.5179	
1084	1	9.69	9.69	4.1539	
1085	1	9.68	9.68	4.2176	
1086	1	9.52	9.52	4.4096	
1087	1	9.33	9.33	4.2211	
1088	1	9.25	9.25	4.7675	
1089	1	9.33	9.33	4.7811	
1090	1	9.25	9.25	4.9875	
1091	1	9.31	9.31	4.6539	
1092	1	9.64	9.64	4.6304	
1093	1	9.81	9.81	4.5739	
1094	1	9.88	9.88	4.5456	
1095	1	9.99	9.99	3.6299	
1096	1	10.01	10.01	3.4699	
1097	1	10.15	10.15	2.9475	
1098	1	10.29	10.29	3.0059	
1099	1	10.09	10.09	2.9419	
1100	1	10.32	10.32	1.9376	
1101	1	10.45	10.45	1.5075	
1102	1	10.33	10.33	2.0611	
1103	1	10.41	10.41	1.7419	
1104	1	10.46	10.46	1.4284	
1105	1	10.52	10.52	1.1696	
1106	1	10.52	10.52	1.3096	
1107	1	10.37	10.37	1.9131	
1108	1	10.51	10.51	1.4699	
1109	1	10.5	10.5	1.61	
1110	1	10.48	10.48	1.6696	
1111	1	10.5	10.5	1.87	
1112	1	10.51	10.51	2.0099	
1113	1	10.37	10.37	2.4731	
1114	1	10.27	10.27	2.6771	
1115	1	10.35	10.35	2.4875	
1116	1	10.47	10.47	1.8891	
1117	1	10.33	10.33	2.3611	
1118	1	10.53	10.53	2.0491	
1119	1	10.84	10.84	1.1544	
1120	1	10.91	10.91	0.8419	
1121	1	10.98	10.98	0.8196	
1122	1	11.06	11.06	0.8164	
1123	1	11.01	11.01	0.8299	
1124	1	11.1	11.1	0.89	
1125	1	11.28	11.28	0.8816	
1126	1	11.22	11.22	0.8716	
1127	1	11.11	11.11	0.9379	
1128	1	11.12	11.12	1.0256	
1129	1	11.14	11.14	0.9804	
1130	1	10.95	10.95	0.8475	
1131	1	10.95	10.95	0.8875	
1132	1	11.06	11.06	0.9964	
1133	1	11.03	11.03	0.9891	
1134	1	11.18	11.18	0.9476	
1135	1	11.07	11.07	0.9651	
1136	1	10.95	10.95	1.0075	
1137	1	11.05	11.05	1.0675	
1138	1	11.1	11.1	1.23	
1139	1	11.22	11.22	1.1516	
1140	1	11.09	11.09	1.1419	
1141	1	11.12	11.12	1.0856	
1142	1	11.17	11.17	1.1411	
1143	1	11.09	11.09	1.2819	
1144	1	11.1	11.1	1.55	
1145	1	11.06	11.06	1.3964	
1146	1	11.15	11.15	1.6275	
1147	1	11.11	11.11	1.6179	
1148	1	11.18	11.18	1.6676	
1149	1	11.23	11.23	1.5771	
1150	1	11.2	11.2	1.58	
1151	1	11.24	11.24	1.5224	
1152	1	11.19	11.19	1.3939	
1153	1	11.28	11.28	1.3416	
1154	1	11.32	11.32	1.6976	
1155	1	11.25	11.25	1.6675	
1156	1	11.28	11.28	1.6416	
1157	1	11.38	11.38	1.4956	
1158	1	11.44	11.44	1.5264	
1159	1	11.44	11.44	1.5664	
1160	1	11.58	11.58	1.6036	
1161	1	11.62	11.62	1.5556	
1162	1	11.7	11.7	1.45	
1163	1	11.61	11.61	1.6979	
1164	1	11.61	11.61	1.8779	
1165	1	11.73	11.73	1.8171	
1166	1	11.49	11.49	2.1299	
1167	1	11.52	11.52	2.1696	
1168	1	11.42	11.42	1.9436	
1169	1	11.4	11.4	1.94	
1170	1	11.27	11.27	2.2171	
1171	1	11.4	11.4	2.58	
1172	1	11.35	11.35	2.5475	
1173	1	11.52	11.52	2.2896	
1174	1	11.71	11.71	2.0259	
1175	1	11.76	11.76	2.2024	
1176	1	11.79	11.79	2.1059	
1177	1	11.99	11.99	1.9299	
1178	1	11.98	11.98	1.7196	
1179	1	12.06	12.06	1.4364	
1180	1	12.08	12.08	1.2136	
1181	1	12.2	12.2	1.06	
1182	1	12.28	12.28	1.0416	
1183	1	12.26	12.26	0.9724	
1184	1	12.32	12.32	1.1176	
1185	1	12.26	12.26	1.1524	
1186	1	12.34	12.34	1.4044	
1187	1	12.42	12.42	1.3836	
1188	1	12.46	12.46	1.5284	
1189	1	12.56	12.56	1.4664	
1190	1	12.57	12.57	1.4251	
1191	1	12.57	12.57	1.4851	
1192	1	12.6	12.6	1.44	
1193	1	12.58	12.58	1.3236	
1194	1	12.61	12.61	1.3979	
1195	1	12.69	12.69	1.4139	
1196	1	12.67	12.67	1.4811	
1197	1	12.62	12.62	1.5156	
1198	1	12.59	12.59	1.4619	
1199	1	12.69	12.69	1.7539	
1200	1	12.69	12.69	1.7539	
1201	1	12.64	12.64	1.8904	
1202	1	12.45	12.45	2.3875	
1203	1	12.57	12.57	1.9851	
1204	1	12.69	12.69	1.8339	
1205	1	12.79	12.79	1.5659	
1206	1	12.64	12.64	1.7304	
1207	1	12.65	12.65	2.1275	
1208	1	12.65	12.65	2.2275	
1209	1	12.7	12.7	2.45	
1210	1	12.54	12.54	2.5884	
1211	1	12.65	12.65	2.4875	
1212	1	12.69	12.69	2.3139	
1213	1	12.71	12.71	2.0859	
1214	1	12.79	12.79	2.1459	
1215	1	12.85	12.85	2.2875	
1216	1	12.82	12.82	2.2276	
1217	1	12.87	12.87	2.2731	
1218	1	12.85	12.85	2.0675	
1219	1	12.8	12.8	2.14	
1220	1	12.77	12.77	2.0371	
1221	1	12.75	12.75	2.1875	
1222	1	12.71	12.71	2.1659	
1223	1	12.81	12.81	2.2939	
1224	1	12.67	12.67	2.8011	
1225	1	12.66	12.66	2.9244	
1226	1	12.57	12.57	2.9251	
1227	1	12.51	12.51	3.1899	
1228	1	12.51	12.51	2.7899	
1229	1	12.45	12.45	3.1275	
1230	1	12.53	12.53	2.6691	
1231	1	12.63	12.63	2.4531	
1232	1	12.49	12.49	2.8699	
1233	1	12.62	12.62	2.7156	
1234	1	12.62	12.62	2.8756	
1235	1	12.54	12.54	3.0484	
1236	1	12.58	12.58	3.2436	
1237	1	12.57	12.57	3.9051	
1238	1	12.7	12.7	3.93	
1239	1	12.57	12.57	4.2851	
1240	1	12.55	12.55	4.2075	
1241	1	12.48	12.48	3.9896	
1242	1	12.46	12.46	4.1284	
1243	1	12.57	12.57	3.7451	
1244	1	12.48	12.48	3.9096	
1245	1	12.37	12.37	3.3731	
1246	1	12.43	12.43	2.7051	
1247	1	12.51	12.51	2.4099	
1248	1	12.44	12.44	2.3864	
1249	1	12.52	12.52	2.5096	
1250	1	12.42	12.42	2.8836	
1251	1	12.49	12.49	2.9299	
1252	1	12.41	12.41	2.8219	
1253	1	12.43	12.43	2.6651	
1254	1	12.42	12.42	2.3436	
1255	1	12.53	12.53	2.2291	
1256	1	12.53	12.53	2.3891	
1257	1	12.52	12.52	2.2696	
1258	1	12.53	12.53	2.2891	
1259	1	12.49	12.49	2.0499	
1260	1	12.64	12.64	1.7104	
1261	1	12.69	12.69	1.6339	
1262	1	12.66	12.66	1.6044	
1263	1	12.64	12.64	1.4704	
1264	1	12.69	12.69	1.4739	
1265	1	12.79	12.79	1.5459	
1266	1	12.78	12.78	1.5316	
1267	1	12.9	12.9	1.79	
1268	1	12.92	12.92	1.9136	
1269	1	13.01	13.01	1.8699	
1270	1	12.99	12.99	1.6899	
1271	1	12.96	12.96	1.5184	
1272	1	13.12	13.12	1.6056	
1273	1	13.01	13.01	1.5699	
1274	1	12.97	12.97	1.4491	
1275	1	12.99	12.99	1.5499	
1276	1	12.93	12.93	1.5051	
1277	1	13.01	13.01	1.7299	
1278	1	13.01	13.01	1.8899	
1279	1	13.13	13.13	1.7531	
1280	1	13.25	13.25	1.7475	
1281	1	13.13	13.13	1.6131	
1282	1	13.34	13.34	1.6044	
1283	1	13.25	13.25	1.4075	
1284	1	13.02	13.02	1.9196	
1285	1	13.24	13.24	1.4624	
1286	1	13.34	13.34	1.5044	
1287	1	13.53	13.53	1.3691	
1288	1	13.65	13.65	1.5875	
1289	1	13.52	13.52	1.5296	
1290	1	13.48	13.48	1.7096	
1291	1	13.32	13.32	1.7176	
1292	1	13.26	13.26	1.9324	
1293	1	13.38	13.38	1.7356	
1294	1	13.46	13.46	1.5684	
1295	1	13.54	13.54	1.6684	
1296	1	13.68	13.68	1.7376	
1297	1	13.74	13.74	1.6124	
1298	1	13.85	13.85	1.6475	
1299	1	13.88	13.88	1.7056	
1300	1	13.84	13.84	1.7344	
1301	1	13.85	13.85	1.6875	
1302	1	13.86	13.86	1.6204	
1303	1	13.97	13.97	1.5091	
1304	1	13.98	13.98	1.3196	
1305	1	14.06	14.06	1.2764	
1306	1	14.15	14.15	1.2275	
1307	1	14.26	14.26	1.2124	
1308	1	14.39	14.39	1.2379	
1309	1	14.26	14.26	1.5524	
1310	1	14.14	14.14	1.6804	
1311	1	14.38	14.38	1.3356	
1312	1	14.4	14.4	1.26	
1313	1	14.27	14.27	1.1771	
1314	1	14.34	14.34	1.1244	
1315	1	14.2	14.2	1.12	
1316	1	14.38	14.38	0.9356	
1317	1	14.42	14.42	1.0036	
1318	1	14.33	14.33	0.9411	
1319	1	14.27	14.27	0.8971	
1320	1	14.25	14.25	0.7875	
1321	1	14.35	14.35	0.8075	
1322	1	14.33	14.33	0.8611	
1323	1	14.21	14.21	0.7659	
1324	1	14.21	14.21	0.8059	
1325	1	14.16	14.16	0.9344	
1326	1	14	14	0.82	
1327	1	14.23	14.23	0.8771	
1328	1	14.28	14.28	0.8216	
1329	1	14.34	14.34	0.7444	
1330	1	14.3	14.3	0.69	
1331	1	14.31	14.31	0.6939	
1332	1	14.39	14.39	0.6779	
1333	1	14.47	14.47	0.6691	
1334	1	14.49	14.49	0.6099	
1335	1	14.45	14.45	0.6275	
1336	1	14.5	14.5	0.59	
1337	1	14.54	14.54	0.5884	
1338	1	14.55	14.55	0.5875	
1339	1	14.5	14.5	0.67	
1340	1	14.46	14.46	0.6684	
1341	1	14.47	14.47	0.6491	
1342	1	14.41	14.41	0.6619	
1343	1	14.4	14.4	0.7	
1344	1	14.32	14.32	0.6976	
1345	1	14.34	14.34	0.7444	
1346	1	14.35	14.35	0.6675	
1347	1	14.31	14.31	0.6339	
1348	1	14.34	14.34	0.6044	
1349	1	14.34	14.34	0.6244	
1350	1	14.33	14.33	0.7211	
1351	1	14.35	14.35	0.7875	
1352	1	14.25	14.25	0.8275	
1353	1	14.23	14.23	0.8771	
1354	1	14.24	14.24	0.9024	
1355	1	14.29	14.29	0.8659	
1356	1	14.32	14.32	0.9176	
1357	1	14.29	14.29	0.7659	
1358	1	14.42	14.42	0.7236	
1359	1	14.32	14.32	0.6376	
1360	1	14.3	14.3	0.75	
1361	1	14.28	14.28	0.7216	
1362	1	14.25	14.25	0.6275	
1363	1	14.26	14.26	0.5724	
1364	1	14.29	14.29	0.5459	
1365	1	14.13	14.13	0.4731	
1366	1	14.16	14.16	0.4944	
1367	1	14.12	14.12	0.4856	
1368	1	14.11	14.11	0.4579	
1369	1	14.16	14.16	0.4544	
1370	1	14.18	14.18	0.5276	
1371	1	14.2	14.2	0.48	
1372	1	14.16	14.16	0.5344	
1373	1	14.11	14.11	0.3979	
1374	1	14.1	14.1	0.37	
1375	1	14.12	14.12	0.4056	
1376	1	14.11	14.11	0.3979	
1377	1	14.14	14.14	0.4404	
1378	1	14.12	14.12	0.5056	
1379	1	14.13	14.13	0.4931	
1380	1	14.16	14.16	0.5344	
1381	1	14.17	14.17	0.5611	
1382	1	14.19	14.19	0.6939	
1383	1	14.19	14.19	0.6939	
1384	1	14.29	14.29	0.7859	
1385	1	14.39	14.39	0.8579	
1386	1	14.49	14.49	1.0099	
1387	1	14.66	14.66	1.1444	
1388	1	14.62	14.62	1.3156	
1389	1	14.73	14.73	1.4571	
1390	1	14.64	14.64	1.3704	
1391	1	14.69	14.69	1.5339	
1392	1	14.72	14.72	1.4816	
1393	1	14.85	14.85	1.3075	
1394	1	14.98	14.98	1.4396	
1395	1	15.01	15.01	1.4499	
1396	1	15.02	15.02	1.4596	
1397	1	14.92	14.92	1.2536	
1398	1	14.94	14.94	0.9764	
1399	1	14.9	14.9	0.89	
1400	1	14.98	14.98	0.9396	
1401	1	15.01	15.01	0.9499	
1402	1	15.05	15.05	1.1475	
1403	1	15.13	15.13	1.0131	
1404	1	15.13	15.13	0.8931	
1405	1	15.07	15.07	0.8651	
1406	1	15.01	15.01	0.9899	
1407	1	15.01	15.01	0.9499	
1408	1	15.08	15.08	0.8936	
1409	1	14.9	14.9	1.07	
1410	1	15	15	1.02	
1411	1	15.03	15.03	0.9491	
1412	1	15.13	15.13	0.9331	
1413	1	15.19	15.19	0.9139	
1414	1	15.13	15.13	1.0531	
1415	1	15.13	15.13	0.9331	
1416	1	14.99	14.99	0.9899	
1417	1	14.74	14.74	1.0524	
1418	1	14.84	14.84	0.9744	
1419	1	15.1	15.1	0.95	
1420	1	15	15	0.94	
1421	1	15.04	15.04	0.9984	
1422	1	15.14	15.14	1.0404	
1423	1	15.08	15.08	1.2336	
1424	1	15.1	15.1	1.41	
1425	1	15.22	15.22	1.4716	
1426	1	15.29	15.29	1.7259	
1427	1	15.11	15.11	1.8179	
1428	1	14.9	14.9	2.01	
1429	1	14.83	14.83	2.1011	
1430	1	14.69	14.69	2.1739	
1431	1	14.95	14.95	2.2675	
1432	1	15.15	15.15	2.3275	
1433	1	14.94	14.94	2.3764	
1434	1	14.75	14.75	2.3875	
1435	1	14.95	14.95	2.3475	
1436	1	15.17	15.17	2.3011	
1437	1	15.56	15.56	2.1264	
1438	1	15.43	15.43	2.3651	
1439	1	15.51	15.51	2.2899	
1440	1	15.53	15.53	2.2491	
1441	1	15.72	15.72	1.9816	
1442	1	15.86	15.86	1.7404	
1443	1	15.85	15.85	1.7075	
1444	1	15.76	15.76	1.5424	
1445	1	15.55	15.55	1.4475	
1446	1	15.37	15.37	1.5131	
1447	1	15.41	15.41	1.4419	
1448	1	15.52	15.52	1.1496	
1449	1	15.58	15.58	1.1236	
1450	1	15.53	15.53	1.1291	
1451	1	15.57	15.57	1.1651	
1452	1	15.45	15.45	1.0875	
1453	1	15.36	15.36	1.1104	
1454	1	15.58	15.58	1.2836	
1455	1	15.63	15.63	1.2931	
1456	1	15.8	15.8	1.46	
1457	1	15.94	15.94	1.5164	
1458	1	15.97	15.97	1.2891	
1459	1	16.14	16.14	1.5204	
1460	1	16.17	16.17	1.5611	
1461	1	16.16	16.16	1.5744	
1462	1	16.14	16.14	1.4404	
1463	1	16.18	16.18	1.2276	
1464	1	16.19	16.19	1.1939	
1465	1	16.18	16.18	1.2876	
1466	1	16.23	16.23	1.1971	
1467	1	16.23	16.23	1.0771	
1468	1	16.25	16.25	1.0475	
1469	1	16.24	16.24	1.0424	
1470	1	16.23	16.23	1.0371	
1471	1	16.25	16.25	1.1275	
1472	1	16.28	16.28	1.0816	
1473	1	16.29	16.29	1.0259	
1474	1	16.22	16.22	1.0516	
1475	1	16.2	16.2	1.12	
1476	1	16.16	16.16	1.2344	
1477	1	16.13	16.13	1.2531	
1478	1	16.22	16.22	1.1916	
1479	1	16.22	16.22	1.1116	
1480	1	16.12	16.12	1.1656	
1481	1	16.11	16.11	1.0979	
1482	1	16.1	16.1	0.97	
1483	1	16.21	16.21	1.0059	
1484	1	16.12	16.12	0.8656	
1485	1	16.13	16.13	0.8931	
1486	1	16.21	16.21	0.8859	
1487	1	16.32	16.32	0.9376	
1488	1	16.34	16.34	1.1044	
1489	1	16.42	16.42	1.1436	
1490	1	16.48	16.48	1.1496	
1491	1	16.43	16.43	0.9651	
1492	1	16.36	16.36	0.9704	
1493	1	16.44	16.44	0.9864	
1494	1	16.5	16.5	1.11	
1495	1	16.44	16.44	1.2264	
1496	1	16.3	16.3	1.23	
1497	1	16.38	16.38	1.0556	
1498	1	16.51	16.51	1.0899	
1499	1	16.53	16.53	1.0691	
1500	1	16.45	16.45	1.1475	
1501	1	16.35	16.35	1.4675	
1502	1	16.41	16.41	1.4619	
1503	1	16.37	16.37	1.3131	
1504	1	16.42	16.42	1.3236	
1505	1	16.47	16.47	1.3091	
1506	1	16.57	16.57	1.4451	
1507	1	16.65	16.65	1.3675	
1508	1	16.66	16.66	1.3044	
1509	1	16.6	16.6	1.38	
1510	1	16.67	16.67	1.5011	
1511	1	16.76	16.76	1.4024	
1512	1	16.77	16.77	1.1171	
1513	1	16.66	16.66	0.9444	
1514	1	16.67	16.67	0.9211	
1515	1	16.71	16.71	0.8659	
1516	1	16.66	16.66	0.9044	
1517	1	16.63	16.63	1.0931	
1518	1	16.61	16.61	1.1579	
1519	1	16.52	16.52	1.0496	
1520	1	16.42	16.42	1.0236	
1521	1	16.35	16.35	0.9675	
1522	1	16.42	16.42	1.0436	
1523	1	16.35	16.35	1.1475	
1524	1	16.38	16.38	0.9956	
1525	1	16.51	16.51	0.9099	
1526	1	16.46	16.46	0.9684	
1527	1	16.45	16.45	1.0275	
1528	1	16.51	16.51	1.0499	
1529	1	16.53	16.53	0.9691	
1530	1	16.52	16.52	1.0696	
1531	1	16.52	16.52	1.0696	
1532	1	16.42	16.42	1.1636	
1533	1	16.49	16.49	1.1499	
1534	1	16.47	16.47	1.1291	
1535	1	16.53	16.53	1.1491	
1536	1	16.57	16.57	1.1451	
1537	1	16.66	16.66	1.1044	
1538	1	16.75	16.75	1.0275	
1539	1	16.83	16.83	0.8811	
1540	1	16.89	16.89	0.7179	
1541	1	16.88	16.88	0.7256	
1542	1	16.84	16.84	0.6944	
1543	1	16.87	16.87	0.7331	
1544	1	16.76	16.76	0.7424	
1545	1	16.73	16.73	0.8571	
1546	1	16.81	16.81	0.7539	
1547	1	16.75	16.75	0.8475	
1548	1	16.79	16.79	0.7459	
1549	1	16.88	16.88	0.6856	
1550	1	16.88	16.88	0.7456	
1551	1	16.94	16.94	0.7964	
1552	1	17.01	17.01	0.6299	
1553	1	17.01	17.01	0.5499	
1554	1	17.03	17.03	0.5691	
1555	1	16.98	16.98	0.5796	
1556	1	16.96	16.96	0.5784	
1557	1	17.02	17.02	0.5996	
1558	1	16.95	16.95	0.6475	
1559	1	16.81	16.81	0.5139	
1560	1	16.81	16.81	0.4939	
1561	1	16.84	16.84	0.4544	
1562	1	16.86	16.86	0.4404	
1563	1	16.86	16.86	0.5604	
1564	1	16.89	16.89	0.5379	
1565	1	16.89	16.89	0.5979	
1566	1	16.91	16.91	0.5619	
1567	1	16.89	16.89	0.5979	
1568	1	16.98	16.98	0.5796	
1569	1	17.05	17.05	0.5875	
1570	1	17.04	17.04	0.4584	
1571	1	17.05	17.05	0.5275	
1572	1	17.13	17.13	0.5931	
1573	1	17.24	17.24	0.6824	
1574	1	17.13	17.13	0.6531	
1575	1	17.05	17.05	0.7675	
1576	1	17.04	17.04	0.7584	
1577	1	17	17	0.6	
1578	1	17.03	17.03	0.5691	
1579	1	17.01	17.01	0.5299	
1580	1	17.09	17.09	0.5419	
1581	1	17.06	17.06	0.5564	
1582	1	17.09	17.09	0.5419	
1583	1	17.05	17.05	0.4875	
1584	1	17	17	0.54	
1585	1	17.02	17.02	0.5596	
1586	1	17	17	0.54	
1587	1	17.04	17.04	0.4584	
1588	1	17.1	17.1	0.39	
1589	1	17.09	17.09	0.3819	
1590	1	17.14	17.14	0.3604	
1591	1	17.19	17.19	0.2739	
1592	1	17.22	17.22	0.2916	
1593	1	17.21	17.21	0.2859	
1594	1	17.19	17.19	0.3339	
1595	1	17.21	17.21	0.3459	
1596	1	17.23	17.23	0.3571	
1597	1	17.27	17.27	0.4571	
1598	1	17.27	17.27	0.4971	
1599	1	17.39	17.39	0.4379	
1600	1	17.53	17.53	0.3491	
1601	1	17.56	17.56	0.3264	
1602	1	17.55	17.55	0.3475	
1603	1	17.55	17.55	0.3675	
1604	1	17.6	17.6	0.38	
1605	1	17.67	17.67	0.3611	
1606	1	17.69	17.69	0.2539	
1607	1	17.76	17.76	0.2224	
1608	1	17.78	17.78	0.2116	
1609	1	17.78	17.78	0.1716	
1610	1	17.79	17.79	0.1659	
1611	1	17.78	17.78	0.1716	
1612	1	17.82	17.82	0.2076	
1613	1	17.83	17.83	0.2011	
1614	1	17.87	17.87	0.2131	
1615	1	17.93	17.93	0.2651	
1616	1	17.9	17.9	0.25	
1617	1	17.92	17.92	0.2536	
1618	1	17.91	17.91	0.2419	
1619	1	17.89	17.89	0.2379	
1620	1	17.9	17.9	0.23	
1621	1	17.89	17.89	0.1979	
1622	1	17.94	17.94	0.1764	
1623	1	17.95	17.95	0.2075	
1624	1	18.03	18.03	0.1891	
1625	1	18	18	0.12	
1626	1	18.02	18.02	0.0796	
1627	1	18.06	18.06	0.1164	
1628	1	18.01	18.01	0.0699	
1629	1	17.98	17.98	0.0796	
1630	1	17.97	17.97	0.1091	
1631	1	17.99	17.99	0.1499	
1632	1	17.99	17.99	0.1499	
1633	1	17.99	17.99	0.1499	
1634	1	17.99	17.99	0.1299	
1635	1	17.96	17.96	0.1184	
1636	1	18.01	18.01	0.1899	
1637	1	18.05	18.05	0.2475	
1638	1	17.99	17.99	0.1899	
1639	1	18.05	18.05	0.2875	
1640	1	18.15	18.15	0.3875	
1641	1	18.14	18.14	0.3604	
1642	1	18.05	18.05	0.3475	
1643	1	18.04	18.04	0.3584	
1644	1	17.98	17.98	0.2796	
1645	1	17.97	17.97	0.2691	
1646	1	17.96	17.96	0.2384	
1647	1	17.98	17.98	0.2196	
1648	1	18.02	18.02	0.2396	
1649	1	18.1	18.1	0.39	
1650	1	18.14	18.14	0.4604	
1651	1	18.14	18.14	0.4804	
1652	1	18.12	18.12	0.4456	
1653	1	18.02	18.02	0.3596	
1654	1	18.06	18.06	0.3764	
1655	1	18.03	18.03	0.3691	
1656	1	17.96	17.96	0.2584	
1657	1	17.89	17.89	0.2179	
1658	1	17.9	17.9	0.19	
1659	1	17.88	17.88	0.1656	
1660	1	17.92	17.92	0.1936	
1661	1	17.95	17.95	0.2075	
1662	1	17.94	17.94	0.2364	
1663	1	17.96	17.96	0.3384	
1664	1	17.98	17.98	0.3996	
1665	1	18.02	18.02	0.4996	
1666	1	18.03	18.03	0.5291	
1667	1	18.02	18.02	0.4996	
1668	1	18.05	18.05	0.5875	
1669	1	18.07	18.07	0.5651	
1670	1	18.08	18.08	0.6736	
1671	1	18.11	18.11	0.7779	
1672	1	18.07	18.07	0.8251	
1673	1	18.16	18.16	0.9144	
1674	1	18.13	18.13	0.8931	
1675	1	18.11	18.11	0.7779	
1676	1	18.12	18.12	0.7656	
1677	1	18.11	18.11	0.7779	
1678	1	18.19	18.19	0.9139	
1679	1	18.23	18.23	0.8171	
1680	1	18.27	18.27	0.9571	
1681	1	18.35	18.35	1.0075	
1682	1	18.22	18.22	1.1316	
1683	1	18.28	18.28	1.0816	
1684	1	18.34	18.34	1.1244	
1685	1	18.45	18.45	1.1475	
1686	1	18.41	18.41	0.9819	
1687	1	18.37	18.37	0.9931	
1688	1	18.36	18.36	0.9304	
1689	1	18.36	18.36	0.9704	
1690	1	18.5	18.5	0.87	
1691	1	18.53	18.53	1.0491	
1692	1	18.49	18.49	1.0899	
1693	1	18.51	18.51	1.0899	
1694	1	18.51	18.51	0.8899	
1695	1	18.51	18.51	0.8499	
1696	1	18.51	18.51	0.7699	
1697	1	18.44	18.44	0.7864	
1698	1	18.51	18.51	0.7899	
1699	1	18.47	18.47	0.6491	
1700	1	18.66	18.66	0.6844	
1701	1	18.67	18.67	0.6811	
1702	1	18.7	18.7	0.69	
1703	1	18.69	18.69	0.7539	
1704	1	18.64	18.64	0.8704	
1705	1	18.7	18.7	0.87	
1706	1	18.75	18.75	0.8275	
1707	1	18.68	18.68	0.8776	
1708	1	18.69	18.69	0.8139	
1709	1	18.71	18.71	0.8459	
1710	1	18.78	18.78	0.8516	
1711	1	18.89	18.89	0.8579	
1712	1	18.9	18.9	0.83	
1713	1	18.92	18.92	0.8736	
1714	1	19.02	19.02	1.1396	
1715	1	18.95	18.95	1.2275	
1716	1	19.07	19.07	1.0451	
1717	1	19.11	19.11	1.0579	
1718	1	19.23	19.23	1.0971	
1719	1	19.37	19.37	1.1131	
1720	1	19.39	19.39	1.3379	
1721	1	19.31	19.31	1.2139	
1722	1	19.3	19.3	1.21	
1723	1	19.37	19.37	1.0931	
1724	1	19.35	19.35	1.0475	
1725	1	19.29	19.29	1.2059	
1726	1	19.34	19.34	1.2444	
1727	1	19.36	19.36	1.1104	
1728	1	19.33	19.33	0.9811	
1729	1	19.2	19.2	1.1	
1730	1	19.16	19.16	1.0544	
1731	1	19.11	19.11	1.1779	
1732	1	19.23	19.23	1.2171	
1733	1	19.3	19.3	1.19	
1734	1	19.29	19.29	1.1259	
1735	1	19.41	19.41	1.0819	
1736	1	19.61	19.61	0.9979	
1737	1	19.47	19.47	1.0691	
1738	1	19.62	19.62	0.9756	
1739	1	19.65	19.65	0.9075	
1740	1	19.69	19.69	0.8939	
1741	1	19.69	19.69	0.9139	
1742	1	19.75	19.75	0.8875	
1743	1	19.82	19.82	0.8276	
1744	1	19.68	19.68	0.7776	
1745	1	19.62	19.62	0.7556	
1746	1	19.66	19.66	0.7844	
1747	1	19.69	19.69	0.6139	
1748	1	19.75	19.75	0.5275	
1749	1	19.78	19.78	0.5916	
1750	1	19.86	19.86	0.5204	
1751	1	19.86	19.86	0.5004	
1752	1	19.87	19.87	0.5531	
1753	1	19.91	19.91	0.5619	
1754	1	19.89	19.89	0.5779	
1755	1	19.91	19.91	0.6019	
1756	1	19.92	19.92	0.5936	
1757	1	20.04	20.04	0.6584	
1758	1	19.95	19.95	0.6675	
1759	1	19.92	19.92	0.7736	
1760	1	19.9	19.9	0.71	
1761	1	19.83	19.83	0.8211	
1762	1	19.94	19.94	0.7564	
1763	1	19.86	19.86	0.8204	
1764	1	19.83	19.83	0.7411	
1765	1	19.81	19.81	0.6339	
1766	1	19.86	19.86	0.6004	
1767	1	19.93	19.93	0.7451	
1768	1	19.97	19.97	0.8691	
1769	1	19.98	19.98	0.9396	
1770	1	20	20	0.92	
1771	1	20.01	20.01	1.2099	
1772	1	20.05	20.05	1.1075	
1773	1	20.03	20.03	1.0891	
1774	1	19.95	19.95	1.0075	
1775	1	20.01	20.01	1.0299	
1776	1	20.07	20.07	0.8851	
1777	1	20.07	20.07	0.9051	
1778	1	20.03	20.03	0.9491	
1779	1	20.03	20.03	0.9491	
1780	1	20.08	20.08	0.9936	
1781	1	20.15	20.15	0.7875	
1782	1	20.13	20.13	0.8931	
1783	1	20.1	20.1	0.87	
1784	1	20.2	20.2	0.7	
1785	1	20.26	20.26	0.6524	
1786	1	20.21	20.21	0.6859	
1787	1	20.27	20.27	0.6371	
1788	1	20.37	20.37	0.6131	
1789	1	20.21	20.21	0.6659	
1790	1	20.29	20.29	0.7059	
1791	1	20.31	20.31	0.8739	
1792	1	20.31	20.31	0.8139	
1793	1	20.31	20.31	0.8539	
1794	1	20.33	20.33	0.7411	
1795	1	20.33	20.33	0.8411	
1796	1	20.34	20.34	0.9444	
1797	1	20.29	20.29	1.2259	
1798	1	20.42	20.42	1.0236	
1799	1	20.46	20.46	0.8684	
1800	1	20.45	20.45	0.9275	
1801	1	20.35	20.35	0.8475	
1802	1	20.4	20.4	0.78	
1803	1	20.38	20.38	0.6556	
1804	1	20.44	20.44	0.5264	
1805	1	20.3	20.3	0.55	
1806	1	20.31	20.31	0.5139	
1807	1	20.33	20.33	0.5011	
1808	1	20.27	20.27	0.4771	
1809	1	20.33	20.33	0.5211	
1810	1	20.33	20.33	0.5411	
1811	1	20.35	20.35	0.4475	
1812	1	20.38	20.38	0.4556	
1813	1	20.41	20.41	0.4019	
1814	1	20.47	20.47	0.4091	
1815	1	20.45	20.45	0.4275	
1816	1	20.45	20.45	0.3875	
1817	1	20.42	20.42	0.3636	
1818	1	20.48	20.48	0.4096	
1819	1	20.53	20.53	0.3491	
1820	1	20.52	20.52	0.4496	
1821	1	20.63	20.63	0.5331	
1822	1	20.6	20.6	0.54	
1823	1	20.66	20.66	0.5044	
1824	1	20.66	20.66	0.5044	
1825	1	20.68	20.68	0.4576	
1826	1	20.73	20.73	0.4771	
1827	1	20.76	20.76	0.5224	
1828	1	20.78	20.78	0.4516	
1829	1	20.77	20.77	0.3571	
1830	1	20.8	20.8	0.44	
1831	1	20.77	20.77	0.3571	
1832	1	20.85	20.85	0.3875	
1833	1	20.87	20.87	0.3531	
1834	1	20.88	20.88	0.3856	
1835	1	20.87	20.87	0.3131	
1836	1	20.89	20.89	0.3579	
1837	1	20.98	20.98	0.4196	
1838	1	20.96	20.96	0.3984	
1839	1	20.98	20.98	0.4196	
1840	1	21.04	21.04	0.4784	
1841	1	21.12	21.12	0.5656	
1842	1	21.13	21.13	0.6131	
1843	1	21.03	21.03	0.5091	
1844	1	21.07	21.07	0.5051	
1845	1	21.05	21.05	0.5075	
1846	1	21.02	21.02	0.5596	
1847	1	21	21	0.52	
1848	1	21	21	0.52	
1849	1	21.04	21.04	0.4984	
1850	1	21.02	21.02	0.4796	
1851	1	21.01	21.01	0.4899	
1852	1	21.05	21.05	0.5675	
1853	1	20.97	20.97	0.6291	
1854	1	20.96	20.96	0.5184	
1855	1	20.93	20.93	0.5251	
1856	1	20.98	20.98	0.4596	
1857	1	20.97	20.97	0.4291	
1858	1	20.92	20.92	0.4536	
1859	1	20.96	20.96	0.5784	
1860	1	21.03	21.03	0.5691	
1861	1	21	21	0.42	
1862	1	20.98	20.98	0.4396	
1863	1	21.04	21.04	0.4584	
1864	1	21.02	21.02	0.3996	
1865	1	20.99	20.99	0.3899	
1866	1	21.06	21.06	0.3764	
1867	1	21.09	21.09	0.3419	
1868	1	21.11	21.11	0.3579	
1869	1	21.18	21.18	0.3476	
1870	1	21.15	21.15	0.2875	
1871	1	21.16	21.16	0.2944	
1872	1	21.18	21.18	0.3076	
1873	1	21.18	21.18	0.3076	
1874	1	21.28	21.28	0.3216	
1875	1	21.31	21.31	0.3339	
1876	1	21.26	21.26	0.3724	
1877	1	21.33	21.33	0.4011	
1878	1	21.36	21.36	0.3904	
1879	1	21.29	21.29	0.3259	
1880	1	21.31	21.31	0.3739	
1881	1	21.36	21.36	0.4704	
1882	1	21.39	21.39	0.4379	
1883	1	21.41	21.41	0.4419	
1884	1	21.4	21.4	0.36	
1885	1	21.41	21.41	0.3419	
1886	1	21.44	21.44	0.3264	
1887	1	21.45	21.45	0.3075	
1888	1	21.39	21.39	0.2779	
1889	1	21.35	21.35	0.3075	
1890	1	21.38	21.38	0.3156	
1891	1	21.41	21.41	0.3019	
1892	1	21.46	21.46	0.3084	
1893	1	21.43	21.43	0.3451	
1894	1	21.48	21.48	0.3696	
1895	1	21.48	21.48	0.3496	
1896	1	21.48	21.48	0.3696	
1897	1	21.46	21.46	0.3484	
1898	1	21.48	21.48	0.3896	
1899	1	21.49	21.49	0.4099	
1900	1	21.58	21.58	0.4836	
1901	1	21.58	21.58	0.4836	
1902	1	21.6	21.6	0.42	
1903	1	21.56	21.56	0.4264	
1904	1	21.59	21.59	0.4219	
1905	1	21.58	21.58	0.4036	
1906	1	21.5	21.5	0.35	
1907	1	21.5	21.5	0.35	
1908	1	21.57	21.57	0.3851	
1909	1	21.51	21.51	0.3699	
1910	1	21.57	21.57	0.4051	
1911	1	21.64	21.64	0.3904	
1912	1	21.55	21.55	0.3475	
1913	1	21.48	21.48	0.3496	
1914	1	21.47	21.47	0.3291	
1915	1	21.53	21.53	0.2891	
1916	1	21.58	21.58	0.3036	
1917	1	21.64	21.64	0.2504	
1918	1	21.58	21.58	0.2636	
1919	1	21.62	21.62	0.2956	
1920	1	21.72	21.72	0.2416	
1921	1	21.74	21.74	0.2524	
1922	1	21.72	21.72	0.3216	
1923	1	21.83	21.83	0.4411	
1924	1	21.9	21.9	0.37	
1925	1	21.84	21.84	0.2944	
1926	1	21.94	21.94	0.4164	
1927	1	22.01	22.01	0.4899	
1928	1	21.9	21.9	0.41	
1929	1	21.95	21.95	0.4475	
1930	1	21.95	21.95	0.4675	
1931	1	21.83	21.83	0.3811	
1932	1	21.86	21.86	0.3604	
1933	1	21.95	21.95	0.4475	
1934	1	21.86	21.86	0.4004	
1935	1	21.9	21.9	0.47	
1936	1	21.89	21.89	0.4979	
1937	1	21.94	21.94	0.5764	
1938	1	21.84	21.84	0.5744	
1939	1	21.86	21.86	0.5404	
1940	1	21.86	21.86	0.4804	
1941	1	21.86	21.86	0.4604	
1942	1	21.86	21.86	0.4804	
1943	1	21.82	21.82	0.4476	
1944	1	21.88	21.88	0.5056	
1945	1	21.88	21.88	0.5056	
1946	1	21.93	21.93	0.6851	
1947	1	21.94	21.94	0.7764	
1948	1	21.9	21.9	0.67	
1949	1	21.89	21.89	0.6579	
1950	1	21.94	21.94	0.7564	
1951	1	21.88	21.88	0.6456	
1952	1	21.96	21.96	0.6984	
1953	1	21.92	21.92	0.6536	
1954	1	22.06	22.06	0.8164	
1955	1	22	22	0.74	
1956	1	21.94	21.94	0.7164	
1957	1	21.97	21.97	0.7891	
1958	1	21.95	21.95	0.8075	
1959	1	21.9	21.9	0.63	
1960	1	21.89	21.89	0.6379	
1961	1	21.87	21.87	0.6531	
1962	1	21.84	21.84	0.6544	
1963	1	21.71	21.71	0.6459	
1964	1	21.7	21.7	0.57	
1965	1	21.71	21.71	0.4659	
1966	1	21.7	21.7	0.37	
1967	1	21.64	21.64	0.3104	
1968	1	21.62	21.62	0.2756	
1969	1	21.62	21.62	0.2756	
1970	1	21.68	21.68	0.2976	
1971	1	21.71	21.71	0.2859	
1972	1	21.66	21.66	0.2444	
1973	1	21.78	21.78	0.2516	
1974	1	21.79	21.79	0.2459	
1975	1	21.83	21.83	0.2411	
1976	1	21.81	21.81	0.2339	
1977	1	21.82	21.82	0.2676	
1978	1	21.84	21.84	0.3344	
1979	1	21.84	21.84	0.3544	
1980	1	21.89	21.89	0.4579	
1981	1	21.89	21.89	0.4979	
1982	1	21.88	21.88	0.4856	
1983	1	21.85	21.85	0.4475	
1984	1	21.79	21.79	0.4259	
1985	1	21.75	21.75	0.4475	
1986	1	21.71	21.71	0.3859	
1987	1	21.64	21.64	0.3104	
1988	1	21.64	21.64	0.2704	
1989	1	21.67	21.67	0.3011	
1990	1	21.67	21.67	0.2811	
1991	1	21.66	21.66	0.2444	
1992	1	21.65	21.65	0.2475	
1993	1	21.68	21.68	0.2976	
1994	1	21.7	21.7	0.33	
1995	1	21.69	21.69	0.2939	
1996	1	21.7	21.7	0.29	
1997	1	21.77	21.77	0.3371	
1998	1	21.79	21.79	0.3259	
1999	1	21.84	21.84	0.3544	
2000	1	21.84	21.84	0.3144	
