# mu = 0.01, s = 1, trials requested = 1, runtime = 0:00:01
# "Time"	"Actual trials"	"Mean mutation"	"Average mean mutation"	"Average mutation variance"
0	1	0	0	0	
1	1	0.02	0.02	0.0196	
2	1	0.01	0.01	0.0099	
3	1	0.02	0.02	0.0196	
4	1	0.01	0.01	0.0099	
5	1	0.03	0.03	0.0291	
6	1	0.03	0.03	0.0291	
7	1	0.06	0.06	0.0564	
8	1	0.11	0.11	0.0979	
9	1	0.16	0.16	0.1344	
10	1	0.21	0.21	0.1659	
11	1	0.2	0.2	0.16	
12	1	0.19	0.19	0.1539	
13	1	0.23	0.23	0.1771	
14	1	0.26	0.26	0.2124	
15	1	0.32	0.32	0.2976	
16	1	0.47	0.47	0.4091	
17	1	0.55	0.55	0.5275	
18	1	0.66	0.66	0.7044	
19	1	0.7	0.7	0.69	
20	1	0.8	0.8	1.2	
21	1	0.91	0.91	1.6219	
22	1	1.17	1.17	2.2811	
23	1	1.37	1.37	2.8131	
24	1	1.63	1.63	2.9531	
25	1	1.98	1.98	3.3596	
26	1	2.25	2.25	3.2475	
27	1	2.49	2.49	3.8299	
28	1	2.58	2.58	3.5836	
29	1	2.67	2.67	3.7011	
30	1	2.76	2.76	3.7624	
31	1	2.93	2.93	3.9851	
32	1	3.02	3.02	4.2196	
33	1	3.12	3.12	4.2056	
34	1	3.3	3.3	4.13	
35	1	3.44	3.44	4.0264	
36	1	3.58	3.58	4.1436	
37	1	3.65	3.65	4.2075	
38	1	3.83	3.83	4.4411	
39	1	4.03	4.03	4.6491	
40	1	4.11	4.11	4.8379	
41	1	4.28	4.28	5.1016	
42	1	4.53	4.53	4.9691	
43	1	4.81	4.81	5.3539	
44	1	5.02	5.02	5.8596	
45	1	5.45	5.45	5.9675	
46	1	5.71	5.71	5.9059	
47	1	6.04	6.04	5.8784	
48	1	6.68	6.68	7.0776	
49	1	7.95	7.95	5.2075	
50	1	8.66	8.66	4.0644	
51	1	9.11	9.11	2.9379	
52	1	9.36	9.36	2.6504	
53	1	9.67	9.67	2.5211	
54	1	9.77	9.77	2.6771	
55	1	9.89	9.89	2.8379	
56	1	9.97	9.97	2.8491	
57	1	10.03	10.03	2.7091	
58	1	10.18	10.18	2.4476	
59	1	10.18	10.18	2.4276	
60	1	10.24	10.24	2.5224	
61	1	10.3	10.3	2.69	
62	1	10.48	10.48	2.8096	
63	1	10.6	10.6	3.04	
64	1	10.75	10.75	2.9475	
65	1	10.86	10.86	3.0604	
66	1	10.95	10.95	3.2075	
67	1	11.17	11.17	3.7811	
68	1	11.45	11.45	4.3475	
69	1	11.53	11.53	4.5091	
70	1	11.64	11.64	4.2704	
71	1	11.71	11.71	4.5059	
72	1	11.83	11.83	4.1811	
73	1	11.91	11.91	4.4619	
74	1	12.13	12.13	5.1531	
75	1	12.27	12.27	5.0371	
76	1	12.3	12.3	5.05	
77	1	12.33	12.33	5.1411	
78	1	12.47	12.47	5.5691	
79	1	12.79	12.79	6.9259	
80	1	13.25	13.25	8.8475	
81	1	13.38	13.38	9.3356	
82	1	13.43	13.43	9.5251	
83	1	13.71	13.71	11.1859	
84	1	13.9	13.9	12.31	
85	1	14.09	14.09	13.6619	
86	1	14.33	14.33	15.2011	
87	1	14.38	14.38	15.4356	
88	1	14.38	14.38	15.4356	
89	1	14.38	14.38	15.4356	
90	1	14.38	14.38	15.4356	
91	1	14.4	14.4	15.6	
92	1	14.62	14.62	17.3556	
93	1	14.81	14.81	18.8339	
94	1	15.49	15.49	23.7899	
95	1	16.42	16.42	30.6636	
96	1	16.63	16.63	32.5531	
97	1	16.61	16.61	32.4379	
98	1	16.77	16.77	34.1771	
99	1	16.9	16.9	35.65	
100	1	17.02	17.02	36.9796	
101	1	17.04	17.04	37.1984	
102	1	17.14	17.14	38.4404	
103	1	17.41	17.41	42.0019	
104	1	17.9	17.9	48.27	
105	1	18.03	18.03	49.8891	
106	1	18.03	18.03	49.8891	
107	1	18.05	18.05	50.1475	
108	1	18.14	18.14	51.4804	
109	1	18.25	18.25	53.0875	
110	1	18.49	18.49	56.5899	
111	1	18.59	18.59	58.0019	
112	1	18.83	18.83	61.7411	
113	1	19.02	19.02	64.6196	
114	1	19.17	19.17	67.1211	
115	1	19.32	19.32	69.5976	
116	1	19.46	19.46	71.8684	
117	1	19.52	19.52	72.8296	
118	1	19.52	19.52	72.8296	
119	1	19.52	19.52	72.8296	
120	1	19.52	19.52	72.8296	
121	1	19.53	19.53	73.0091	
122	1	19.7	19.7	72.61	
123	1	19.71	19.71	72.7859	
124	1	19.88	19.88	72.3256	
125	1	20.06	20.06	71.9764	
126	1	20.24	20.24	71.5624	
127	1	20.24	20.24	71.5624	
128	1	20.24	20.24	71.5624	
129	1	20.5	20.5	72.73	
130	1	21.17	21.17	73.8211	
131	1	21.12	21.12	73.0856	
132	1	21.84	21.84	72.9544	
133	1	22.15	22.15	73.7475	
134	1	22.69	22.69	77.5939	
135	1	23.2	23.2	85.66	
136	1	23.6	23.6	91.46	
137	1	23.84	23.84	95.0944	
138	1	24.02	24.02	98.1796	
139	1	24.1	24.1	99.53	
140	1	24.28	24.28	102.742	
141	1	24.7	24.7	110.25	
142	1	25	25	115.42	
143	1	25.31	25.31	120.454	
144	1	25.68	25.68	125.898	
145	1	25.86	25.86	129.36	
146	1	26.22	26.22	135.912	
147	1	27	27	151.42	
148	1	27.71	27.71	166.586	
149	1	28.03	28.03	173.789	
150	1	28.5	28.5	184.45	
151	1	28.8	28.8	191.68	
152	1	29	29	196.68	
153	1	29.23	29.23	202.617	
154	1	29.43	29.43	207.605	
155	1	29.74	29.74	215.532	
156	1	30.52	30.52	224.25	
157	1	30.69	30.69	228.574	
158	1	30.7	30.7	228.83	
159	1	31.1	31.1	225.59	
160	1	31.1	31.1	225.59	
161	1	31.47	31.47	221.309	
162	1	32.19	32.19	211.514	
163	1	32.32	32.32	214.658	
164	1	32.49	32.49	218.79	
165	1	32.73	32.73	224.677	
166	1	32.91	32.91	229.182	
167	1	33.44	33.44	227.446	
168	1	33.47	33.47	228.169	
169	1	33.58	33.58	230.944	
170	1	34.17	34.17	229.421	
171	1	34.28	34.28	232.122	
172	1	34.42	34.42	235.524	
173	1	34.64	34.64	238.99	
174	1	34.93	34.93	242.885	
175	1	34.91	34.91	242.582	
176	1	35.13	35.13	247.873	
177	1	35.39	35.39	253.838	
178	1	35.5	35.5	256.49	
179	1	35.62	35.62	258.956	
180	1	35.69	35.69	260.454	
181	1	35.86	35.86	264.24	
182	1	36.15	36.15	271.128	
183	1	36.43	36.43	276.485	
184	1	36.42	36.42	276.224	
185	1	36.46	36.46	277.228	
186	1	36.69	36.69	283.194	
187	1	37.21	37.21	277.326	
188	1	37.69	37.69	270.094	
189	1	37.77	37.77	271.877	
190	1	37.84	37.84	273.574	
191	1	38.8	38.8	267.32	
192	1	39.2	39.2	276.98	
193	1	39.32	39.32	279.818	
194	1	39.4	39.4	281.68	
195	1	39.49	39.49	283.85	
196	1	39.53	39.53	284.809	
197	1	39.53	39.53	284.809	
198	1	39.53	39.53	284.809	
199	1	39.68	39.68	288.678	
200	1	39.87	39.87	293.433	
201	1	40.02	40.02	297.08	
202	1	40.04	40.04	297.578	
203	1	40.32	40.32	305.218	
204	1	40.74	40.74	316.512	
205	1	40.94	40.94	321.856	
206	1	40.96	40.96	322.358	
207	1	41.2	41.2	327.38	
208	1	41.24	41.24	328.502	
209	1	41.47	41.47	335.009	
210	1	41.53	41.53	336.709	
211	1	41.75	41.75	342.927	
212	1	41.97	41.97	349.429	
213	1	42.5	42.5	363.89	
214	1	42.92	42.92	375.614	
215	1	43.33	43.33	388.181	
216	1	43.63	43.63	396.553	
217	1	43.81	43.81	402.014	
218	1	43.94	43.94	406.016	
219	1	44.03	44.03	408.849	
220	1	44.12	44.12	411.806	
221	1	44.3	44.3	417.67	
222	1	44.47	44.47	423.149	
223	1	44.61	44.61	427.858	
224	1	45.12	45.12	445.346	
225	1	45.42	45.42	455.424	
226	1	45.48	45.48	457.45	
227	1	45.52	45.52	459.19	
228	1	45.9	45.9	472.49	
229	1	46.04	46.04	477.598	
230	1	46.57	46.57	497.265	
231	1	46.78	46.78	505.052	
232	1	46.95	46.95	511.327	
233	1	47.21	47.21	521.306	
234	1	47.45	47.45	529.188	
235	1	47.55	47.55	532.988	
236	1	47.56	47.56	533.366	
237	1	47.58	47.58	534.164	
238	1	47.76	47.76	539.742	
239	1	47.91	47.91	541.022	
240	1	48.23	48.23	548.837	
241	1	48.33	48.33	552.681	
242	1	48.88	48.88	564.806	
243	1	49.66	49.66	595.004	
244	1	49.93	49.93	605.365	
245	1	50.05	50.05	610.088	
246	1	50.03	50.03	609.329	
247	1	50.08	50.08	611.314	
248	1	50.13	50.13	613.353	
249	1	50.24	50.24	617.822	
250	1	50.44	50.44	625.966	
251	1	51.09	51.09	627.722	
252	1	51.09	51.09	627.722	
253	1	51.08	51.08	627.394	
254	1	51.09	51.09	627.722	
255	1	51.24	51.24	633.962	
256	1	51.95	51.95	662.827	
257	1	52.2	52.2	672.76	
258	1	52.47	52.47	684.009	
259	1	52.54	52.54	686.948	
260	1	52.63	52.63	690.433	
261	1	52.75	52.75	695.008	
262	1	52.93	52.93	702.745	
263	1	53.41	53.41	723.802	
264	1	53.98	53.98	748.94	
265	1	54.26	54.26	761.392	
266	1	54.7	54.7	780.31	
267	1	54.91	54.91	789.662	
268	1	54.98	54.98	792.9	
269	1	55.16	55.16	801.334	
270	1	55.33	55.33	809.241	
271	1	55.57	55.57	820.705	
272	1	56.23	56.23	852.457	
273	1	56.5	56.5	865.11	
274	1	56.59	56.59	868.862	
275	1	56.61	56.61	869.858	
276	1	56.72	56.72	875.322	
277	1	56.92	56.92	885.194	
278	1	57.04	57.04	891.078	
279	1	57.4	57.4	902.32	
280	1	57.4	57.4	902.32	
281	1	57.91	57.91	919.282	
282	1	58.28	58.28	934.962	
283	1	58.46	58.46	941.268	
284	1	59.33	59.33	959.121	
285	1	59.33	59.33	959.121	
286	1	59.37	59.37	961.053	
287	1	59.66	59.66	975.064	
288	1	60.58	60.58	987.884	
289	1	60.98	60.98	1006.66	
290	1	61.25	61.25	1019.77	
291	1	61.35	61.35	1024.75	
292	1	61.62	61.62	1038	
293	1	61.76	61.76	1044.86	
294	1	62.31	62.31	1037.85	
295	1	62.4	62.4	1042.2	
296	1	62.49	62.49	1046.69	
297	1	62.71	62.71	1057.43	
298	1	62.87	62.87	1065.13	
299	1	62.94	62.94	1068.6	
300	1	63.57	63.57	1085.31	
301	1	64.17	64.17	1115.18	
302	1	64.55	64.55	1134.49	
303	1	64.71	64.71	1142.67	
304	1	64.84	64.84	1149.41	
305	1	64.86	64.86	1150.44	
306	1	65.05	65.05	1160.51	
307	1	65.26	65.26	1171.59	
308	1	65.29	65.29	1173.15	
309	1	65.31	65.31	1174.19	
310	1	65.32	65.32	1174.72	
311	1	65.33	65.33	1175.24	
312	1	65.4	65.4	1179.04	
313	1	65.6	65.6	1189.84	
314	1	65.96	65.96	1208.26	
315	1	66.61	66.61	1239.58	
316	1	67.19	67.19	1250.61	
317	1	67.41	67.41	1262.56	
318	1	67.65	67.65	1275.41	
319	1	67.77	67.77	1282.02	
320	1	67.92	67.92	1290.27	
321	1	68.09	68.09	1299.52	
322	1	68.3	68.3	1311.23	
323	1	68.39	68.39	1316.12	
324	1	68.53	68.53	1324.01	
325	1	69.11	69.11	1333.64	
326	1	69.6	69.6	1337.8	
327	1	69.61	69.61	1338.34	
328	1	69.61	69.61	1338.34	
329	1	69.61	69.61	1338.34	
330	1	69.7	69.7	1343.35	
331	1	69.85	69.85	1351.67	
332	1	70.54	70.54	1366.29	
333	1	70.89	70.89	1382.56	
334	1	71.69	71.69	1397.71	
335	1	71.93	71.93	1407.47	
336	1	72.01	72.01	1411.73	
337	1	72.13	72.13	1418.31	
338	1	72.66	72.66	1440.6	
339	1	72.74	72.74	1444.89	
340	1	72.72	72.72	1443.82	
341	1	72.91	72.91	1454.24	
342	1	73.14	73.14	1466.8	
343	1	73.27	73.27	1473.98	
344	1	73.54	73.54	1489.03	
345	1	73.88	73.88	1504.23	
346	1	73.99	73.99	1510.55	
347	1	74.27	74.27	1526.4	
348	1	74.58	74.58	1543.72	
349	1	74.95	74.95	1564.35	
350	1	75.19	75.19	1578.25	
351	1	75.28	75.28	1583.46	
352	1	75.43	75.43	1591.79	
353	1	75.52	75.52	1597.01	
354	1	75.66	75.66	1605.18	
355	1	75.85	75.85	1615.99	
356	1	76.07	76.07	1628.99	
357	1	76.16	76.16	1634.29	
358	1	76.16	76.16	1634.27	
359	1	76.16	76.16	1634.27	
360	1	76.16	76.16	1634.27	
361	1	76.17	76.17	1634.88	
362	1	76.16	76.16	1634.27	
363	1	76.17	76.17	1634.88	
364	1	76.21	76.21	1637.31	
365	1	76.4	76.4	1648.18	
366	1	76.53	76.53	1656.01	
367	1	76.84	76.84	1674.97	
368	1	77.33	77.33	1705.04	
369	1	77.59	77.59	1721	
370	1	77.66	77.66	1725.3	
371	1	77.7	77.7	1727.81	
372	1	77.8	77.8	1734.16	
373	1	78.29	78.29	1765.47	
374	1	78.43	78.43	1774.33	
375	1	78.77	78.77	1794.28	
376	1	78.94	78.94	1804.52	
377	1	79.11	79.11	1814.14	
378	1	80.11	80.11	1849.84	
379	1	80.36	80.36	1865.47	
380	1	80.5	80.5	1874.17	
381	1	80.74	80.74	1885.63	
382	1	80.93	80.93	1897.65	
383	1	81.32	81.32	1918.32	
384	1	81.42	81.42	1924.58	
385	1	81.98	81.98	1945.52	
386	1	82.11	82.11	1953.66	
387	1	82.24	82.24	1961.84	
388	1	83.22	83.22	1949.27	
389	1	83.53	83.53	1968.53	
390	1	83.92	83.92	1992.97	
391	1	84.55	84.55	2027.75	
392	1	84.78	84.78	2042.29	
393	1	84.87	84.87	2047.87	
394	1	84.88	84.88	2048.51	
395	1	84.93	84.93	2051.57	
396	1	85.16	85.16	2066.61	
397	1	85.8	85.8	2102.38	
398	1	86.5	86.5	2148.71	
399	1	86.82	86.82	2170.33	
400	1	87.98	87.98	2250.06	
401	1	88.5	88.5	2286.17	
402	1	88.85	88.85	2310.95	
403	1	88.96	88.96	2318.84	
404	1	89.16	89.16	2333.37	
405	1	89.55	89.55	2361.69	
406	1	89.73	89.73	2374.76	
407	1	89.8	89.8	2379.88	
408	1	89.97	89.97	2392.33	
409	1	90.05	90.05	2398.29	
410	1	90.2	90.2	2409.48	
411	1	90.45	90.45	2428.33	
412	1	90.72	90.72	2448.64	
413	1	90.96	90.96	2466.68	
414	1	91.12	91.12	2478.97	
415	1	91.26	91.26	2489.65	
416	1	91.47	91.47	2505.55	
417	1	91.48	91.48	2506.33	
418	1	91.61	91.61	2516.46	
419	1	91.62	91.62	2517.24	
420	1	91.87	91.87	2536.69	
421	1	91.92	91.92	2540.49	
422	1	92.62	92.62	2585.42	
423	1	93.26	93.26	2627.33	
424	1	93.87	93.87	2658.93	
425	1	94.65	94.65	2703.13	
426	1	94.96	94.96	2726.84	
427	1	95.14	95.14	2740.62	
428	1	96.02	96.02	2791.64	
429	1	96.48	96.48	2827.67	
430	1	96.99	96.99	2867.77	
431	1	97.09	97.09	2875.74	
432	1	97.18	97.18	2882.95	
433	1	97.82	97.82	2914.43	
434	1	97.94	97.94	2923.94	
435	1	97.94	97.94	2923.96	
436	1	98.07	98.07	2934.45	
437	1	98.17	98.17	2942.48	
438	1	98.89	98.89	3000.98	
439	1	99.27	99.27	3032.2	
440	1	99.42	99.42	3044.5	
441	1	99.52	99.52	3052.77	
442	1	99.64	99.64	3062.79	
443	1	99.8	99.8	3076.16	
444	1	99.91	99.91	3085.32	
445	1	99.96	99.96	3089.5	
446	1	100.12	100.12	3103.09	
447	1	100.41	100.41	3126.66	
448	1	100.53	100.53	3136.75	
449	1	100.5	100.5	3134.23	
450	1	100.73	100.73	3151.7	
451	1	100.8	100.8	3157.68	
452	1	101.42	101.42	3210.06	
453	1	102.24	102.24	3280.28	
454	1	102.77	102.77	3322.66	
455	1	103.2	103.2	3356.24	
456	1	103.61	103.61	3392.14	
457	1	104.25	104.25	3446.03	
458	1	104.57	104.57	3473.77	
459	1	104.65	104.65	3480.73	
460	1	105.26	105.26	3503.03	
461	1	105.32	105.32	3508.3	
462	1	105.8	105.8	3518.62	
463	1	106.8	106.8	3502.02	
464	1	106.81	106.81	3502.83	
465	1	108.17	108.17	3428.06	
466	1	108.15	108.15	3426.47	
467	1	108.17	108.17	3428.06	
468	1	109.53	109.53	3349.65	
469	1	109.61	109.61	3355.94	
470	1	110.04	110.04	3390.56	
471	1	110.64	110.64	3439.31	
472	1	111.6	111.6	3518.02	
473	1	111.89	111.89	3541.7	
474	1	111.99	111.99	3549.95	
475	1	111.99	111.99	3549.95	
476	1	111.99	111.99	3549.95	
477	1	111.99	111.99	3549.95	
478	1	112.01	112.01	3551.65	
479	1	112.01	112.01	3551.65	
480	1	112	112	3550.8	
481	1	112.05	112.05	3555.05	
482	1	112.22	112.22	3569.45	
483	1	112.51	112.51	3594.21	
484	1	112.75	112.75	3614.65	
485	1	113	113	3636.06	
486	1	113.29	113.29	3661.15	
487	1	113.45	113.45	3674.85	
488	1	113.46	113.46	3675.71	
489	1	113.74	113.74	3699.35	
490	1	114.41	114.41	3758.32	
491	1	115.63	115.63	3819.39	
492	1	115.97	115.97	3847.45	
493	1	116.22	116.22	3869.39	
494	1	116.61	116.61	3904.12	
495	1	117.41	117.41	3949.54	
496	1	117.54	117.54	3960.91	
497	1	117.6	117.6	3966.16	
498	1	117.68	117.68	3973.34	
499	1	118.07	118.07	4008.65	
500	1	118.36	118.36	4034.47	
501	1	118.5	118.5	4047.13	
502	1	118.75	118.75	4069.83	
503	1	118.89	118.89	4082.62	
504	1	119.14	119.14	4105.76	
505	1	120.13	120.13	4189.79	
506	1	120.4	120.4	4214.52	
507	1	120.83	120.83	4247.12	
508	1	121.11	121.11	4269.38	
509	1	121.84	121.84	4336.81	
510	1	122.67	122.67	4414.14	
511	1	122.75	122.75	4421.71	
512	1	123	123	4445.46	
513	1	123.03	123.03	4448.31	
514	1	123.11	123.11	4455.94	
515	1	123.3	123.3	4474.25	
516	1	123.43	123.43	4486.75	
517	1	123.54	123.54	4497.31	
518	1	123.61	123.61	4504.1	
519	1	123.74	123.74	4516.73	
520	1	123.99	123.99	4541.07	
521	1	124.21	124.21	4562.71	
522	1	124.63	124.63	4604.11	
523	1	125.01	125.01	4641.69	
524	1	125.25	125.25	4665.71	
525	1	125.31	125.31	4671.69	
526	1	125.42	125.42	4682.72	
527	1	125.55	125.55	4695.73	
528	1	125.57	125.57	4697.71	
529	1	125.82	125.82	4720.91	
530	1	125.99	125.99	4737.01	
531	1	126.4	126.4	4776.06	
532	1	126.58	126.58	4794.26	
533	1	126.85	126.85	4821.63	
534	1	127.03	127.03	4839.81	
535	1	127.3	127.3	4867.45	
536	1	127.67	127.67	4905.58	
537	1	127.91	127.91	4930.28	
538	1	128.09	128.09	4948.96	
539	1	128.31	128.31	4971.91	
540	1	128.5	128.5	4991.77	
541	1	128.79	128.79	5022.03	
542	1	128.95	128.95	5038.87	
543	1	129.06	129.06	5050.5	
544	1	129.09	129.09	5053.68	
545	1	129.25	129.25	5070.31	
546	1	129.64	129.64	5111.57	
547	1	129.99	129.99	5148.89	
548	1	130.07	130.07	5157.45	
549	1	130.17	130.17	5168.18	
550	1	130.44	130.44	5196.81	
551	1	130.57	130.57	5210.85	
552	1	130.63	130.63	5217.35	
553	1	130.86	130.86	5242.42	
554	1	131	131	5257.66	
555	1	131.1	131.1	5268.59	
556	1	131.16	131.16	5275.07	
557	1	131.35	131.35	5296.05	
558	1	131.62	131.62	5325.92	
559	1	132.23	132.23	5394.12	
560	1	132.86	132.86	5464.94	
561	1	133.52	133.52	5539.71	
562	1	133.56	133.56	5544.25	
563	1	133.85	133.85	5577.67	
564	1	133.99	133.99	5593.81	
565	1	134.15	134.15	5612.29	
566	1	134.28	134.28	5627.38	
567	1	134.42	134.42	5643.66	
568	1	134.46	134.46	5648.31	
569	1	134.53	134.53	5656.45	
570	1	134.65	134.65	5670.45	
571	1	134.85	134.85	5693.99	
572	1	135.24	135.24	5738.26	
573	1	135.78	135.78	5798.17	
574	1	135.91	135.91	5813.4	
575	1	136	136	5824.08	
576	1	136.2	136.2	5847.8	
577	1	136.36	136.36	5866.71	
578	1	136.45	136.45	5877.33	
579	1	137.19	137.19	5942.99	
580	1	137.92	137.92	6015.13	
581	1	138.2	138.2	6048.1	
582	1	138.4	138.4	6071.66	
583	1	138.52	138.52	6085.77	
584	1	140.27	140.27	6139.5	
585	1	141.16	141.16	6165.79	
586	1	141.23	141.23	6173.82	
587	1	143.19	143.19	6241.35	
588	1	143.33	143.33	6256.82	
589	1	143.35	143.35	6259.05	
590	1	143.4	143.4	6264.6	
591	1	144.47	144.47	6305.23	
592	1	145.49	145.49	6338.13	
593	1	145.58	145.58	6347.84	
594	1	145.6	145.6	6350	
595	1	145.65	145.65	6355.49	
596	1	146.05	146.05	6395.99	
597	1	146.47	146.47	6442.07	
598	1	146.62	146.62	6458.46	
599	1	146.7	146.7	6467.15	
600	1	146.84	146.84	6482.75	
601	1	147.12	147.12	6513.83	
602	1	147.14	147.14	6516.04	
603	1	147.2	147.2	6522.68	
604	1	147.41	147.41	6545.38	
605	1	147.55	147.55	6561.07	
606	1	147.76	147.76	6584.54	
607	1	147.85	147.85	6594.71	
608	1	147.96	147.96	6607.16	
609	1	148.16	148.16	6629.75	
610	1	148.27	148.27	6642.24	
611	1	148.52	148.52	6670.65	
612	1	148.73	148.73	6694.54	
613	1	148.76	148.76	6697.94	
614	1	148.76	148.76	6697.94	
615	1	148.77	148.77	6699.1	
616	1	148.77	148.77	6699.1	
617	1	148.9	148.9	6714.09	
618	1	149.03	149.03	6729.11	
619	1	149.41	149.41	6773.06	
620	1	149.83	149.83	6819.54	
621	1	150.14	150.14	6851.52	
622	1	150.5	150.5	6882.77	
623	1	152.07	152.07	6989.65	
624	1	152.86	152.86	7041.58	
625	1	153.16	153.16	7075.17	
626	1	153.38	153.38	7099.84	
627	1	153.49	153.49	7112.15	
628	1	153.58	153.58	7122.32	
629	1	153.75	153.75	7141.61	
630	1	153.84	153.84	7151.81	
631	1	153.98	153.98	7167.7	
632	1	154.05	154.05	7175.61	
633	1	154.64	154.64	7202.83	
634	1	155.25	155.25	7231.63	
635	1	155.97	155.97	7271.91	
636	1	156.12	156.12	7288.59	
637	1	156.56	156.56	7337.63	
638	1	156.76	156.76	7359.9	
639	1	156.84	156.84	7368.83	
640	1	157.38	157.38	7430.3	
641	1	157.76	157.76	7473.18	
642	1	157.88	157.88	7486.97	
643	1	158.63	158.63	7574.33	
644	1	159.26	159.26	7647.55	
645	1	159.66	159.66	7694.22	
646	1	159.77	159.77	7707.24	
647	1	159.9	159.9	7722.63	
648	1	160.19	160.19	7757.11	
649	1	160.45	160.45	7788.29	
650	1	160.64	160.64	7811.07	
651	1	160.69	160.69	7817.05	
652	1	160.74	160.74	7823.01	
653	1	160.78	160.78	7827.87	
654	1	161.01	161.01	7855.75	
655	1	161.46	161.46	7910.77	
656	1	162.29	162.29	8012.91	
657	1	162.64	162.64	8055.81	
658	1	162.71	162.71	8064.49	
659	1	163.31	163.31	8124.35	
660	1	163.99	163.99	8209.49	
661	1	164.49	164.49	8271.97	
662	1	164.62	164.62	8288.18	
663	1	164.73	164.73	8302.04	
664	1	164.87	164.87	8319.87	
665	1	165.06	165.06	8344	
666	1	165.19	165.19	8360.47	
667	1	165.24	165.24	8366.68	
668	1	165.29	165.29	8372.91	
669	1	166.21	166.21	8460.45	
670	1	166.23	166.23	8462.98	
671	1	166.24	166.24	8464.24	
672	1	167.27	167.27	8563.74	
673	1	167.72	167.72	8609.62	
674	1	168.29	168.29	8665.19	
675	1	168.84	168.84	8722.97	
676	1	169.16	169.16	8757.07	
677	1	169.6	169.6	8800.76	
678	1	169.6	169.6	8800.74	
679	1	171.02	171.02	8823.88	
680	1	171.02	171.02	8823.92	
681	1	171.32	171.32	8854.46	
682	1	171.4	171.4	8863.84	
683	1	171.7	171.7	8894.17	
684	1	172.01	172.01	8925.55	
685	1	178.46	178.46	8332.27	
686	1	178.69	178.69	8356.47	
687	1	183.19	183.19	7847.87	
688	1	183.3	183.3	7858.37	
689	1	183.41	183.41	7868.96	
690	1	183.53	183.53	7880.75	
691	1	183.57	183.57	7884.65	
692	1	183.69	183.69	7896.43	
693	1	184.14	184.14	7940.84	
694	1	186.66	186.66	7697.26	
695	1	186.94	186.94	7723.86	
696	1	187.07	187.07	7736.39	
697	1	187.34	187.34	7762.48	
698	1	187.64	187.64	7791.47	
699	1	187.87	187.87	7813.77	
700	1	188	188	7826.4	
701	1	188.04	188.04	7830.32	
702	1	188.05	188.05	7831.31	
703	1	188.17	188.17	7843.16	
704	1	188.34	188.34	7859.9	
705	1	188.48	188.48	7873.69	
706	1	188.93	188.93	7915.79	
707	1	189.06	189.06	7928.8	
708	1	189.32	189.32	7954.68	
709	1	189.51	189.51	7973.65	
710	1	189.75	189.75	7997.69	
711	1	190.07	190.07	8030.17	
712	1	190.42	190.42	8064.26	
713	1	190.7	190.7	8092.51	
714	1	190.81	190.81	8103.65	
715	1	190.88	190.88	8110.87	
716	1	190.95	190.95	8116.47	
717	1	191.09	191.09	8130.88	
718	1	191.14	191.14	8136.02	
719	1	191.37	191.37	8159.73	
720	1	191.76	191.76	8200.28	
721	1	192.22	192.22	8248.17	
722	1	192.35	192.35	8261.69	
723	1	192.4	192.4	8266.92	
724	1	192.49	192.49	8276.47	
725	1	192.63	192.63	8291.29	
726	1	192.77	192.77	8306.26	
727	1	193.28	193.28	8360.86	
728	1	193.66	193.66	8401.48	
729	1	193.83	193.83	8419.6	
730	1	193.85	193.85	8421.75	
731	1	193.85	193.85	8421.75	
732	1	194.21	194.21	8461.33	
733	1	194.66	194.66	8510.52	
734	1	194.94	194.94	8541.54	
735	1	195.16	195.16	8565.63	
736	1	195.3	195.3	8580.99	
737	1	195.32	195.32	8583.2	
738	1	195.32	195.32	8583.2	
739	1	195.36	195.36	8587.69	
740	1	195.43	195.43	8595.55	
741	1	195.67	195.67	8622.4	
742	1	195.8	195.8	8636.9	
743	1	195.81	195.81	8638.01	
744	1	195.81	195.81	8638.01	
745	1	195.84	195.84	8641.41	
746	1	195.94	195.94	8652.74	
747	1	196.18	196.18	8679.85	
748	1	196.45	196.45	8710.53	
749	1	196.72	196.72	8741.2	
750	1	196.78	196.78	8748.03	
751	1	196.9	196.9	8761.91	
752	1	197.02	197.02	8775.64	
753	1	197.25	197.25	8802.13	
754	1	197.48	197.48	8828.73	
755	1	197.56	197.56	8837.99	
756	1	197.71	197.71	8855.35	
757	1	197.76	197.76	8861.16	
758	1	197.9	197.9	8877.53	
759	1	198.13	198.13	8904.45	
760	1	198.14	198.14	8905.64	
761	1	198.22	198.22	8915.05	
762	1	198.61	198.61	8960.98	
763	1	198.94	198.94	9000.14	
764	1	199.29	199.29	9042.11	
765	1	199.6	199.6	9078.98	
766	1	199.71	199.71	9092.15	
767	1	199.73	199.73	9094.54	
768	1	199.73	199.73	9094.54	
769	1	199.73	199.73	9094.54	
770	1	199.87	199.87	9111.53	
771	1	200.06	200.06	9134.54	
772	1	200.11	200.11	9140.58	
773	1	200.2	200.2	9151.44	
774	1	200.22	200.22	9153.85	
775	1	200.23	200.23	9155.08	
776	1	200.31	200.31	9164.87	
777	1	200.56	200.56	9195.65	
778	1	200.89	200.89	9236.14	
779	1	201.06	201.06	9256.9	
780	1	201.18	201.18	9271.63	
781	1	201.3	201.3	9286.49	
782	1	201.64	201.64	9328.79	
783	1	201.86	201.86	9356.26	
784	1	202.07	202.07	9382.43	
785	1	202.17	202.17	9394.86	
786	1	202.19	202.19	9397.37	
787	1	202.25	202.25	9404.97	
788	1	202.48	202.48	9434.21	
789	1	202.94	202.94	9492.5	
790	1	203.13	203.13	9516.51	
791	1	203.15	203.15	9519.07	
792	1	203.24	203.24	9530.54	
793	1	203.4	203.4	9551.06	
794	1	203.54	203.54	9568.99	
795	1	203.63	203.63	9580.49	
796	1	203.7	203.7	9589.53	
797	1	203.98	203.98	9625.74	
798	1	204.1	204.1	9641.23	
799	1	204.27	204.27	9663.34	
800	1	205.5	205.5	9787.69	
801	1	205.71	205.71	9814.71	
802	1	206.77	206.77	9924.64	
803	1	207.44	207.44	9988.47	
804	1	207.88	207.88	10028.2	
805	1	208.4	208.4	10077.6	
806	1	208.94	208.94	10129.1	
807	1	209.08	209.08	10146.6	
808	1	209.52	209.52	10184.9	
809	1	209.49	209.49	10181.3	
810	1	209.52	209.52	10185	
811	1	209.53	209.53	10186.2	
812	1	209.95	209.95	10221.8	
813	1	209.95	209.95	10221.7	
814	1	210.11	210.11	10241.7	
815	1	210.62	210.62	10288	
816	1	210.8	210.8	10310.1	
817	1	210.9	210.9	10322.6	
818	1	211.2	211.2	10359.9	
819	1	211.39	211.39	10383.4	
820	1	211.76	211.76	10411.3	
821	1	211.88	211.88	10426.2	
822	1	212.58	212.58	10492.8	
823	1	212.63	212.63	10498.8	
824	1	212.88	212.88	10530	
825	1	213.3	213.3	10582.6	
826	1	213.61	213.61	10621.4	
827	1	213.76	213.76	10640.1	
828	1	213.76	213.76	10640.1	
829	1	213.76	213.76	10640.1	
830	1	213.76	213.76	10640.1	
831	1	213.76	213.76	10640.1	
832	1	213.78	213.78	10642.7	
833	1	213.95	213.95	10663.2	
834	1	214.13	214.13	10685.5	
835	1	214.35	214.35	10713.3	
836	1	214.46	214.46	10727.3	
837	1	214.54	214.54	10737.5	
838	1	215.01	215.01	10797	
839	1	215.53	215.53	10863.9	
840	1	215.95	215.95	10918.1	
841	1	216.08	216.08	10934.9	
842	1	216.31	216.31	10964.8	
843	1	216.46	216.46	10984.4	
844	1	216.48	216.48	10987	
845	1	216.75	216.75	11022.5	
846	1	217.02	217.02	11058.2	
847	1	217.43	217.43	11112.7	
848	1	217.75	217.75	11155.3	
849	1	217.97	217.97	11184.7	
850	1	218.37	218.37	11238.4	
851	1	218.51	218.51	11257.5	
852	1	218.82	218.82	11299.5	
853	1	218.99	218.99	11322.5	
854	1	219.39	219.39	11377.2	
855	1	219.97	219.97	11452	
856	1	220.32	220.32	11497.5	
857	1	220.39	220.39	11507	
858	1	220.56	220.56	11527.7	
859	1	220.68	220.68	11542.6	
860	1	220.8	220.8	11557.6	
861	1	221.12	221.12	11596	
862	1	221.12	221.12	11596	
863	1	221.25	221.25	11612.2	
864	1	222.55	222.55	11714.8	
865	1	224	224	11833.8	
866	1	224.3	224.3	11873.3	
867	1	224.83	224.83	11937.1	
868	1	226.5	226.5	12017.6	
869	1	226.52	226.52	12020.1	
870	1	229.48	229.48	11984.5	
871	1	230.15	230.15	12067.7	
872	1	230.33	230.33	12089.9	
873	1	230.42	230.42	12101.2	
874	1	230.55	230.55	12117.6	
875	1	233.63	233.63	11703.8	
876	1	236.5	236.5	11247.1	
877	1	236.73	236.73	11273.8	
878	1	236.83	236.83	11285.3	
879	1	236.93	236.93	11296.9	
880	1	237.06	237.06	11312.1	
881	1	237.17	237.17	11325	
882	1	237.26	237.26	11335.5	
883	1	237.33	237.33	11343.6	
884	1	237.33	237.33	11343.7	
885	1	237.52	237.52	11366	
886	1	237.72	237.72	11389.6	
887	1	237.77	237.77	11395.5	
888	1	237.81	237.81	11400.1	
889	1	237.85	237.85	11404.8	
890	1	237.85	237.85	11404.8	
891	1	237.92	237.92	11413.2	
892	1	238.01	238.01	11423.9	
893	1	238.22	238.22	11448.8	
894	1	238.27	238.27	11454.8	
895	1	238.47	238.47	11477	
896	1	238.7	238.7	11502.6	
897	1	238.79	238.79	11512.5	
898	1	238.79	238.79	11512.5	
899	1	239.09	239.09	11540.1	
900	1	239.19	239.19	11552	
901	1	239.61	239.61	11593.5	
902	1	239.77	239.77	11612.4	
903	1	240.23	240.23	11658.3	
904	1	240.37	240.37	11674.8	
905	1	240.57	240.57	11698.4	
906	1	240.59	240.59	11700.8	
907	1	240.61	240.61	11703.1	
908	1	240.61	240.61	11703.1	
909	1	240.75	240.75	11719.9	
910	1	240.88	240.88	11735.4	
911	1	241.09	241.09	11760.6	
912	1	241.47	241.47	11806.1	
913	1	241.89	241.89	11846.7	
914	1	242.01	242.01	11861.2	
915	1	242.12	242.12	11874.5	
916	1	242.43	242.43	11912.1	
917	1	242.69	242.69	11943.7	
918	1	242.8	242.8	11957	
919	1	242.84	242.84	11961.9	
920	1	242.89	242.89	11968	
921	1	242.9	242.9	11969.2	
922	1	243	243	11981.5	
923	1	243.11	243.11	11995.1	
924	1	243.18	243.18	12003.6	
925	1	243.25	243.25	12012.2	
926	1	243.51	243.51	12044.4	
927	1	243.92	243.92	12095.5	
928	1	244.16	244.16	12125.3	
929	1	244.27	244.27	12138.9	
930	1	244.38	244.38	12152.7	
931	1	244.61	244.61	12181.7	
932	1	244.72	244.72	12195.5	
933	1	244.73	244.73	12196.7	
934	1	244.81	244.81	12206.8	
935	1	245.06	245.06	12236.4	
936	1	245.15	245.15	12246.7	
937	1	245.38	245.38	12274.7	
938	1	245.54	245.54	12294.9	
939	1	246	246	12353.2	
940	1	246.13	246.13	12369.6	
941	1	246.29	246.29	12389.9	
942	1	246.68	246.68	12438.3	
943	1	246.68	246.68	12438.3	
944	1	246.78	246.78	12451.3	
945	1	247.31	247.31	12514.3	
946	1	247.74	247.74	12564.2	
947	1	248	248	12592.3	
948	1	248.5	248.5	12648.9	
949	1	248.64	248.64	12666.9	
950	1	248.78	248.78	12684.7	
951	1	248.86	248.86	12695	
952	1	248.87	248.87	12696.2	
953	1	249.08	249.08	12723.3	
954	1	249.49	249.49	12770	
955	1	249.49	249.49	12770	
956	1	249.56	249.56	12779	
957	1	249.57	249.57	12780.3	
958	1	249.64	249.64	12789.4	
959	1	249.91	249.91	12824.4	
960	1	250.28	250.28	12872.5	
961	1	250.44	250.44	12893.3	
962	1	250.65	250.65	12920.8	
963	1	250.86	250.86	12948.4	
964	1	250.94	250.94	12958.9	
965	1	251.23	251.23	12997.4	
966	1	251.85	251.85	13079.8	
967	1	251.94	251.94	13091.7	
968	1	252.11	252.11	13114.5	
969	1	252.35	252.35	13146.7	
970	1	252.44	252.44	13158.8	
971	1	252.5	252.5	13166.9	
972	1	252.51	252.51	13168.2	
973	1	252.84	252.84	13213.2	
974	1	253.23	253.23	13266.2	
975	1	253.44	253.44	13294.7	
976	1	253.46	253.46	13297.4	
977	1	253.43	253.43	13293.4	
978	1	253.48	253.48	13300.2	
979	1	253.67	253.67	13326.4	
980	1	253.95	253.95	13365.1	
981	1	254.35	254.35	13420.3	
982	1	254.38	254.38	13424.4	
983	1	254.52	254.52	13443.9	
984	1	254.65	254.65	13462	
985	1	254.88	254.88	13492.6	
986	1	254.97	254.97	13505.1	
987	1	255.21	255.21	13536.9	
988	1	255.42	255.42	13564.5	
989	1	255.86	255.86	13624.3	
990	1	256.34	256.34	13689.6	
991	1	256.47	256.47	13707.7	
992	1	256.48	256.48	13709.1	
993	1	256.62	256.62	13729	
994	1	257.08	257.08	13794.3	
995	1	257.5	257.5	13853.6	
996	1	257.85	257.85	13887.8	
997	1	257.92	257.92	13897.6	
998	1	257.92	257.92	13897.6	
999	1	257.88	257.88	13892	
1000	1	258.32	258.32	13946.3	
1001	1	258.32	258.32	13946.3	
1002	1	258.52	258.52	13970.5	
1003	1	258.94	258.94	14021.6	
1004	1	259.44	259.44	14077.7	
1005	1	259.47	259.47	14082.1	
1006	1	259.64	259.64	14105.7	
1007	1	259.87	259.87	14137.8	
1008	1	259.91	259.91	14143.4	
1009	1	259.92	259.92	14144.8	
1010	1	260.18	260.18	14171.2	
1011	1	260.34	260.34	14193.3	
1012	1	260.39	260.39	14200.4	
1013	1	260.76	260.76	14252.5	
1014	1	261.32	261.32	14331.3	
1015	1	261.6	261.6	14371	
1016	1	262.01	262.01	14429.4	
1017	1	262.16	262.16	14450.8	
1018	1	262.24	262.24	14462	
1019	1	262.24	262.24	14462	
1020	1	262.25	262.25	14463.4	
1021	1	262.3	262.3	14470.6	
1022	1	262.36	262.36	14479.2	
1023	1	262.63	262.63	14517.2	
1024	1	262.74	262.74	14532.8	
1025	1	262.81	262.81	14542.8	
1026	1	263.22	263.22	14598.9	
1027	1	263.43	263.43	14628	
1028	1	263.69	263.69	14665.6	
1029	1	264.02	264.02	14713.3	
1030	1	264.16	264.16	14733.5	
1031	1	264.21	264.21	14740.6	
1032	1	264.32	264.32	14756.7	
1033	1	264.6	264.6	14797.5	
1034	1	264.65	264.65	14804.8	
1035	1	264.72	264.72	14815	
1036	1	264.75	264.75	14819.4	
1037	1	264.84	264.84	14832.6	
1038	1	265.08	265.08	14867.9	
1039	1	265.44	265.44	14921.3	
1040	1	266.58	266.58	15091.7	
1041	1	267.66	267.66	15252.2	
1042	1	268.34	268.34	15349.8	
1043	1	268.71	268.71	15401.1	
1044	1	268.79	268.79	15413.1	
1045	1	269.16	269.16	15466.6	
1046	1	269.19	269.19	15471.1	
1047	1	269.34	269.34	15493.8	
1048	1	269.55	269.55	15525.6	
1049	1	270.06	270.06	15580.3	
1050	1	270.16	270.16	15595.4	
1051	1	271.45	271.45	15657	
1052	1	273.88	273.88	15748.9	
1053	1	275.27	275.27	15815.4	
1054	1	275.42	275.42	15836.7	
1055	1	275.48	275.48	15845.2	
1056	1	275.52	275.52	15850.9	
1057	1	275.59	275.59	15861	
1058	1	275.7	275.7	15876.8	
1059	1	276.07	276.07	15930.3	
1060	1	276.39	276.39	15976.2	
1061	1	276.48	276.48	15989.3	
1062	1	276.72	276.72	16024.2	
1063	1	276.95	276.95	16057.5	
1064	1	277.13	277.13	16083.2	
1065	1	277.34	277.34	16113.8	
1066	1	277.5	277.5	16136.9	
1067	1	277.61	277.61	16153	
1068	1	277.7	277.7	16166.1	
1069	1	277.73	277.73	16170.5	
1070	1	277.89	277.89	16193.8	
1071	1	278.01	278.01	16211.2	
1072	1	278.17	278.17	16234.7	
1073	1	278.25	278.25	16246.4	
1074	1	278.29	278.29	16252.3	
1075	1	278.43	278.43	16273.1	
1076	1	278.62	278.62	16301.2	
1077	1	278.73	278.73	16317.4	
1078	1	278.79	278.79	16326.3	
1079	1	279.1	279.1	16372.7	
1080	1	279.7	279.7	16462.1	
1081	1	279.8	279.8	16477	
1082	1	279.89	279.89	16490.2	
1083	1	280.04	280.04	16511.9	
1084	1	280.16	280.16	16529.7	
1085	1	280.47	280.47	16576	
1086	1	280.62	280.62	16598.6	
1087	1	280.58	280.58	16592.5	
1088	1	280.86	280.86	16633.8	
1089	1	280.99	280.99	16653.5	
1090	1	281.11	281.11	16671.6	
1091	1	281.19	281.19	16683.7	
1092	1	281.41	281.41	16715.9	
1093	1	281.77	281.77	16770.8	
1094	1	282.38	282.38	16864	
1095	1	282.66	282.66	16907	
1096	1	282.74	282.74	16919.4	
1097	1	283.02	283.02	16962.7	
1098	1	283.18	283.18	16987.5	
1099	1	283.27	283.27	17001.4	
1100	1	283.39	283.39	17019.7	
1101	1	283.57	283.57	17047	
1102	1	283.78	283.78	17079.4	
1103	1	284.3	284.3	17159.6	
1104	1	284.54	284.54	17197	
1105	1	284.89	284.89	17252.2	
1106	1	285.3	285.3	17316.9	
1107	1	285.73	285.73	17384.4	
1108	1	285.99	285.99	17425.4	
1109	1	286.13	286.13	17447.5	
1110	1	286.29	286.29	17472.9	
1111	1	286.39	286.39	17488.9	
1112	1	286.56	286.56	17516.1	
1113	1	286.74	286.74	17544.6	
1114	1	286.92	286.92	17573.5	
1115	1	287.2	287.2	17618.5	
1116	1	287.28	287.28	17631.4	
1117	1	287.29	287.29	17633	
1118	1	287.29	287.29	17633	
1119	1	287.29	287.29	17633	
1120	1	287.32	287.32	17637.7	
1121	1	287.51	287.51	17668.4	
1122	1	287.81	287.81	17716.9	
1123	1	288.05	288.05	17755.9	
1124	1	288.16	288.16	17773.6	
1125	1	288.27	288.27	17791.5	
1126	1	288.37	288.37	17807.7	
1127	1	288.35	288.35	17804.4	
1128	1	288.4	288.4	17812.6	
1129	1	288.37	288.37	17807.7	
1130	1	288.4	288.4	17812.6	
1131	1	288.44	288.44	17818.9	
1132	1	288.48	288.48	17825.5	
1133	1	288.7	288.7	17859.4	
1134	1	288.89	288.89	17890.5	
1135	1	289.1	289.1	17925	
1136	1	289.33	289.33	17962.6	
1137	1	289.39	289.39	17972.5	
1138	1	289.41	289.41	17975.8	
1139	1	289.55	289.55	17998.7	
1140	1	289.74	289.74	18029.8	
1141	1	290.13	290.13	18094	
1142	1	290.4	290.4	18138.8	
1143	1	290.51	290.51	18157	
1144	1	290.62	290.62	18175.3	
1145	1	290.86	290.86	18215.5	
1146	1	291	291	18238.9	
1147	1	291.05	291.05	18247.2	
1148	1	291.05	291.05	18247.2	
1149	1	291.14	291.14	18262.2	
1150	1	291.21	291.21	18274	
1151	1	291.59	291.59	18334.3	
1152	1	292.02	292.02	18406.8	
1153	1	292.25	292.25	18445.7	
1154	1	292.55	292.55	18496.8	
1155	1	292.77	292.77	18534.3	
1156	1	293.1	293.1	18590.8	
1157	1	293.31	293.31	18626.9	
1158	1	293.52	293.52	18663	
1159	1	294.13	294.13	18766.9	
1160	1	294.62	294.62	18852	
1161	1	294.93	294.93	18906.1	
1162	1	295.33	295.33	18976	
1163	1	295.6	295.6	19023.4	
1164	1	295.78	295.78	19055.3	
1165	1	295.99	295.99	19092.3	
1166	1	296.17	296.17	19124.2	
1167	1	296.3	296.3	19147.2	
1168	1	296.32	296.32	19150.7	
1169	1	296.41	296.41	19166.8	
1170	1	296.56	296.56	19193.5	
1171	1	296.66	296.66	19211.2	
1172	1	296.72	296.72	19221.9	
1173	1	296.77	296.77	19230.8	
1174	1	296.83	296.83	19241.6	
1175	1	297.02	297.02	19275.6	
1176	1	297.16	297.16	19300.7	
1177	1	297.27	297.27	19320.4	
1178	1	297.52	297.52	19365.4	
1179	1	297.65	297.65	19388.8	
1180	1	297.84	297.84	19423.2	
1181	1	298.07	298.07	19464.8	
1182	1	299.19	299.19	19608.9	
1183	1	299.43	299.43	19652	
1184	1	301.9	301.9	19960.2	
1185	1	303.06	303.06	20061.2	
1186	1	303.37	303.37	20115.4	
1187	1	305.34	305.34	20337	
1188	1	305.81	305.81	20412.6	
1189	1	306.3	306.3	20496.8	
1190	1	306.97	306.97	20600.7	
1191	1	307.18	307.18	20636.9	
1192	1	307.28	307.28	20654.1	
1193	1	307.35	307.35	20666.2	
1194	1	307.47	307.47	20686.8	
1195	1	307.48	307.48	20688.6	
1196	1	307.72	307.72	20723.8	
1197	1	308.06	308.06	20767.3	
1198	1	308.12	308.12	20777.5	
1199	1	308.47	308.47	20822.3	
1200	1	308.51	308.51	20829.2	
1201	1	308.51	308.51	20829.2	
1202	1	309.05	309.05	20898.3	
1203	1	309.52	309.52	20978.7	
1204	1	309.81	309.81	21028.4	
1205	1	310.19	310.19	21093.9	
1206	1	310.34	310.34	21119.9	
1207	1	310.5	310.5	21147.4	
1208	1	310.85	310.85	21207.4	
1209	1	311.04	311.04	21238.9	
1210	1	311.15	311.15	21258	
1211	1	311.34	311.34	21290.3	
1212	1	311.5	311.5	21318.1	
1213	1	311.58	311.58	21332	
1214	1	312.11	312.11	21422.5	
1215	1	312.66	312.66	21517.3	
1216	1	312.93	312.93	21564.5	
1217	1	313.12	313.12	21596.9	
1218	1	313.21	313.21	21612.6	
1219	1	313.21	313.21	21612.6	
1220	1	313.2	313.2	21610.9	
1221	1	313.23	313.23	21616.1	
1222	1	313.24	313.24	21617.8	
1223	1	313.23	313.23	21616.1	
1224	1	313.29	313.29	21626.4	
1225	1	313.57	313.57	21671.9	
1226	1	313.87	313.87	21722.1	
1227	1	314.04	314.04	21751.8	
1228	1	315.33	315.33	21849.3	
1229	1	316.44	316.44	21912.8	
1230	1	316.55	316.55	21931.7	
1231	1	317.14	317.14	22033.3	
1232	1	317.41	317.41	22079.5	
1233	1	317.57	317.57	22106.9	
1234	1	317.8	317.8	22146.2	
1235	1	318	318	22180.9	
1236	1	318.46	318.46	22260.2	
1237	1	318.91	318.91	22337.7	
1238	1	319.21	319.21	22388.2	
1239	1	319.93	319.93	22514.9	
1240	1	320.32	320.32	22583.2	
1241	1	320.34	320.34	22586.7	
1242	1	320.41	320.41	22599	
1243	1	320.42	320.42	22600.8	
1244	1	320.45	320.45	22606.1	
1245	1	320.66	320.66	22643.5	
1246	1	321	321	22704.1	
1247	1	321.34	321.34	22764.7	
1248	1	321.39	321.39	22773.6	
1249	1	321.39	321.39	22773.6	
1250	1	321.57	321.57	22806	
1251	1	321.78	321.78	22843.8	
1252	1	321.88	321.88	22861.7	
1253	1	321.88	321.88	22861.7	
1254	1	321.88	321.88	22861.7	
1255	1	321.88	321.88	22861.7	
1256	1	321.88	321.88	22861.7	
1257	1	321.88	321.88	22861.7	
1258	1	321.88	321.88	22861.7	
1259	1	321.92	321.92	22869	
1260	1	321.94	321.94	22872.6	
1261	1	322.13	322.13	22907	
1262	1	322.27	322.27	22932.2	
1263	1	322.32	322.32	22941.3	
1264	1	322.37	322.37	22950.3	
1265	1	322.6	322.6	22992.3	
1266	1	323.2	323.2	23101.8	
1267	1	323.48	323.48	23153	
1268	1	323.72	323.72	23197	
1269	1	323.85	323.85	23220.9	
1270	1	324.04	324.04	23256	
1271	1	324.24	324.24	23293	
1272	1	324.31	324.31	23305.9	
1273	1	324.39	324.39	23320.7	
1274	1	324.4	324.4	23322.6	
1275	1	324.65	324.65	23366.3	
1276	1	325.19	325.19	23463.9	
1277	1	325.64	325.64	23544.5	
1278	1	325.81	325.81	23576.1	
1279	1	326	326	23611.6	
1280	1	326.21	326.21	23650.8	
1281	1	326.48	326.48	23701.7	
1282	1	327.05	327.05	23809.1	
1283	1	327.16	327.16	23829.8	
1284	1	327.24	327.24	23844.8	
1285	1	327.28	327.28	23852.4	
1286	1	327.47	327.47	23888.5	
1287	1	327.83	327.83	23956.7	
1288	1	327.99	327.99	23987.2	
1289	1	328.37	328.37	24058.8	
1290	1	328.66	328.66	24108.8	
1291	1	329.86	329.86	24308.3	
1292	1	329.89	329.89	24314	
1293	1	331.48	331.48	24422.7	
1294	1	331.62	331.62	24448.7	
1295	1	331.95	331.95	24510.3	
1296	1	332.58	332.58	24628	
1297	1	332.92	332.92	24691.6	
1298	1	333.2	333.2	24744.3	
1299	1	333.32	333.32	24767	
1300	1	333.36	333.36	24774.6	
1301	1	333.64	333.64	24827.7	
1302	1	333.83	333.83	24863.6	
1303	1	333.85	333.85	24867.4	
1304	1	333.98	333.98	24891.6	
1305	1	334.3	334.3	24945.8	
1306	1	334.52	334.52	24981.4	
1307	1	334.8	334.8	25027.7	
1308	1	335.11	335.11	25079.8	
1309	1	335.11	335.11	25079.8	
1310	1	335.43	335.43	25133.6	
1311	1	335.85	335.85	25206	
1312	1	336.25	336.25	25274.3	
1313	1	336.63	336.63	25338.7	
1314	1	337.17	337.17	25425	
1315	1	337.57	337.57	25499.8	
1316	1	337.77	337.77	25537.3	
1317	1	337.87	337.87	25555.9	
1318	1	337.93	337.93	25567.2	
1319	1	338.28	338.28	25617.1	
1320	1	338.26	338.26	25613.3	
1321	1	338.43	338.43	25645.3	
1322	1	338.67	338.67	25690.4	
1323	1	338.95	338.95	25743.6	
1324	1	339.53	339.53	25853.5	
1325	1	339.72	339.72	25889.5	
1326	1	339.95	339.95	25933.5	
1327	1	340.45	340.45	26028.8	
1328	1	340.76	340.76	26088	
1329	1	341.05	341.05	26142.6	
1330	1	341.19	341.19	26169.6	
1331	1	341.58	341.58	26244.9	
1332	1	341.74	341.74	26275.9	
1333	1	341.92	341.92	26310.8	
1334	1	342.11	342.11	26347.8	
1335	1	342.31	342.31	26386.7	
1336	1	342.4	342.4	26404.2	
1337	1	342.39	342.39	26402.2	
1338	1	342.63	342.63	26444.2	
1339	1	342.63	342.63	26444.2	
1340	1	342.63	342.63	26444.2	
1341	1	342.63	342.63	26444.2	
1342	1	342.63	342.63	26444.2	
1343	1	342.63	342.63	26444.2	
1344	1	343.04	343.04	26520.4	
1345	1	343.54	343.54	26618.1	
1346	1	343.97	343.97	26700.3	
1347	1	344.15	344.15	26733.8	
1348	1	344.28	344.28	26758.5	
1349	1	344.41	344.41	26783.1	
1350	1	344.4	344.4	26781.2	
1351	1	344.82	344.82	26856.1	
1352	1	344.82	344.82	26856.1	
1353	1	345	345	26887.9	
1354	1	345.31	345.31	26943	
1355	1	345.35	345.35	26950.8	
1356	1	345.59	345.59	26997.4	
1357	1	345.72	345.72	27022.6	
1358	1	346.08	346.08	27092.9	
1359	1	346.5	346.5	27175	
1360	1	346.69	346.69	27212	
1361	1	346.98	346.98	27269.5	
1362	1	347.51	347.51	27374	
1363	1	347.69	347.69	27409.5	
1364	1	347.72	347.72	27415.3	
1365	1	347.75	347.75	27421.3	
1366	1	347.96	347.96	27463.1	
1367	1	348.23	348.23	27516.7	
1368	1	348.45	348.45	27560.1	
1369	1	348.77	348.77	27623.6	
1370	1	348.85	348.85	27639.5	
1371	1	348.88	348.88	27645.6	
1372	1	349.1	349.1	27689.8	
1373	1	349.26	349.26	27721.9	
1374	1	349.3	349.3	27729.4	
1375	1	349.43	349.43	27754.9	
1376	1	349.48	349.48	27765	
1377	1	349.6	349.6	27788.1	
1378	1	349.98	349.98	27862.4	
1379	1	350.08	350.08	27882.5	
1380	1	350.29	350.29	27923.6	
1381	1	350.54	350.54	27971.4	
1382	1	350.83	350.83	28024.7	
1383	1	351.49	351.49	28141.9	
1384	1	351.49	351.49	28141.9	
1385	1	351.51	351.51	28145.8	
1386	1	351.58	351.58	28159.9	
1387	1	353.35	353.35	28364.9	
1388	1	356.87	356.87	28446.3	
1389	1	359.28	359.28	28410.6	
1390	1	359.47	359.47	28445.9	
1391	1	363.97	363.97	28281.8	
1392	1	364.19	364.19	28321.2	
1393	1	364.52	364.52	28380.3	
1394	1	364.72	364.72	28416.2	
1395	1	365	365	28466.2	
1396	1	365.13	365.13	28489.8	
1397	1	365.27	365.27	28515	
1398	1	365.34	365.34	28527.5	
1399	1	365.46	365.46	28548.9	
1400	1	365.49	365.49	28554.3	
1401	1	365.55	365.55	28565.3	
1402	1	365.81	365.81	28612.5	
1403	1	365.94	365.94	28636.1	
1404	1	366.28	366.28	28698.4	
1405	1	366.81	366.81	28795.4	
1406	1	366.92	366.92	28815.4	
1407	1	366.94	366.94	28819.1	
1408	1	366.97	366.97	28824.6	
1409	1	367.38	367.38	28898.9	
1410	1	367.66	367.66	28949.1	
1411	1	367.86	367.86	28986	
1412	1	368.06	368.06	29023.1	
1413	1	368.25	368.25	29058.3	
1414	1	368.49	368.49	29100.8	
1415	1	368.93	368.93	29179.6	
1416	1	369.42	369.42	29266.1	
1417	1	369.74	369.74	29323.3	
1418	1	370.35	370.35	29436.7	
1419	1	370.94	370.94	29546.3	
1420	1	371.05	371.05	29566.9	
1421	1	371.11	371.11	29578.1	
1422	1	371.3	371.3	29612.9	
1423	1	371.32	371.32	29616.6	
1424	1	371.51	371.51	29652	
1425	1	371.79	371.79	29701	
1426	1	371.94	371.94	29729.2	
1427	1	372.2	372.2	29778	
1428	1	372.8	372.8	29881	
1429	1	373.14	373.14	29938.6	
1430	1	373.17	373.17	29944.3	
1431	1	373.41	373.41	29989.3	
1432	1	373.57	373.57	30019.4	
1433	1	373.72	373.72	30047.7	
1434	1	373.96	373.96	30093.1	
1435	1	374.07	374.07	30113.8	
1436	1	374.21	374.21	30140.5	
1437	1	374.46	374.46	30188.1	
1438	1	374.75	374.75	30243.5	
1439	1	375.03	375.03	30296.8	
1440	1	375.13	375.13	30315.9	
1441	1	375.21	375.21	30330.8	
1442	1	375.27	375.27	30342	
1443	1	375.43	375.43	30371.4	
1444	1	375.86	375.86	30450.7	
1445	1	376.32	376.32	30537.2	
1446	1	376.63	376.63	30595.5	
1447	1	376.84	376.84	30635.7	
1448	1	377.25	377.25	30713.2	
1449	1	377.76	377.76	30801.1	
1450	1	378.27	378.27	30888.6	
1451	1	378.71	378.71	30973.2	
1452	1	379.16	379.16	31060.1	
1453	1	379.44	379.44	31114	
1454	1	379.7	379.7	31164.3	
1455	1	379.86	379.86	31195.3	
1456	1	380.11	380.11	31244.3	
1457	1	380.24	380.24	31267.9	
1458	1	380.25	380.25	31269.9	
1459	1	380.48	380.48	31314.9	
1460	1	380.86	380.86	31388.7	
1461	1	380.97	380.97	31410.3	
1462	1	381.32	381.32	31478.5	
1463	1	381.75	381.75	31562.7	
1464	1	382.41	382.41	31693.3	
1465	1	382.66	382.66	31743.1	
1466	1	382.88	382.88	31786.8	
1467	1	383.06	383.06	31822.7	
1468	1	383.3	383.3	31870.8	
1469	1	383.4	383.4	31890.8	
1470	1	383.44	383.44	31898.8	
1471	1	383.67	383.67	31945.1	
1472	1	384.08	384.08	32025.2	
1473	1	384.18	384.18	32045.3	
1474	1	384.31	384.31	32069.8	
1475	1	384.34	384.34	32075.8	
1476	1	385.05	385.05	32219.1	
1477	1	385.27	385.27	32263.5	
1478	1	385.34	385.34	32277.7	
1479	1	385.52	385.52	32313.7	
1480	1	385.66	385.66	32342.4	
1481	1	386.2	386.2	32452.7	
1482	1	386.45	386.45	32503.7	
1483	1	386.59	386.59	32532.6	
1484	1	386.74	386.74	32563.4	
1485	1	386.81	386.81	32577.8	
1486	1	386.92	386.92	32600.4	
1487	1	387.09	387.09	32635.3	
1488	1	387.22	387.22	32661.9	
1489	1	387.4	387.4	32699	
1490	1	387.44	387.44	32707.3	
1491	1	387.96	387.96	32809.4	
1492	1	388.21	388.21	32861.1	
1493	1	388.41	388.41	32902.5	
1494	1	388.45	388.45	32910.8	
1495	1	388.66	388.66	32954.5	
1496	1	388.77	388.77	32977.3	
1497	1	388.8	388.8	32983.6	
1498	1	388.81	388.81	32985.6	
1499	1	389	389	33020.4	
1500	1	389	389	33020.4	
1501	1	389.1	389.1	33041.3	
1502	1	389.28	389.28	33078.8	
1503	1	389.57	389.57	33139.5	
1504	1	389.84	389.84	33196	
1505	1	390.25	390.25	33281.8	
1506	1	390.62	390.62	33358.9	
1507	1	391.02	391.02	33436.8	
1508	1	391.34	391.34	33497.6	
1509	1	391.5	391.5	33531.2	
1510	1	391.68	391.68	33569	
1511	1	392.06	392.06	33637.3	
1512	1	392.15	392.15	33656.3	
1513	1	393.17	393.17	33836.6	
1514	1	393.25	393.25	33853.4	
1515	1	393.54	393.54	33914.2	
1516	1	393.79	393.79	33966.4	
1517	1	393.87	393.87	33983.2	
1518	1	393.87	393.87	33983.1	
1519	1	393.87	393.87	33983.1	
1520	1	394	394	34010.5	
1521	1	393.93	393.93	33995.7	
1522	1	394.1	394.1	34031.7	
1523	1	394.26	394.26	34065.3	
1524	1	394.21	394.21	34054.8	
1525	1	394.3	394.3	34073.7	
1526	1	394.34	394.34	34082.1	
1527	1	394.35	394.35	34084.2	
1528	1	394.38	394.38	34090.6	
1529	1	394.49	394.49	34114	
1530	1	395.04	395.04	34231	
1531	1	395.34	395.34	34294.5	
1532	1	395.48	395.48	34324.4	
1533	1	395.64	395.64	34358.6	
1534	1	395.7	395.7	34371.4	
1535	1	395.85	395.85	34403.4	
1536	1	395.9	395.9	34414.2	
1537	1	395.89	395.89	34412	
1538	1	396.1	396.1	34457.2	
1539	1	396.24	396.24	34487.2	
1540	1	396.3	396.3	34500.1	
1541	1	396.31	396.31	34502.2	
1542	1	396.31	396.31	34502.2	
1543	1	396.33	396.33	34506.5	
1544	1	396.36	396.36	34513	
1545	1	396.35	396.35	34510.8	
1546	1	396.46	396.46	34534.6	
1547	1	396.73	396.73	34592.9	
1548	1	396.77	396.77	34601.5	
1549	1	396.82	396.82	34612.3	
1550	1	396.9	396.9	34629	
1551	1	397.06	397.06	34662.2	
1552	1	397.22	397.22	34695.5	
1553	1	397.3	397.3	34712.1	
1554	1	397.31	397.31	34714.2	
1555	1	397.3	397.3	34712.1	
1556	1	397.46	397.46	34745.2	
1557	1	397.46	397.46	34745.2	
1558	1	397.48	397.48	34749.5	
1559	1	397.85	397.85	34827.6	
1560	1	398.75	398.75	34991.2	
1561	1	399.37	399.37	35124.7	
1562	1	399.89	399.89	35237.2	
1563	1	400.08	400.08	35278.4	
1564	1	400.5	400.5	35363.2	
1565	1	400.62	400.62	35389.4	
1566	1	400.78	400.78	35424.2	
1567	1	400.89	400.89	35448.1	
1568	1	400.91	400.91	35452.4	
1569	1	401.18	401.18	35504.6	
1570	1	401.48	401.48	35570.1	
1571	1	401.56	401.56	35587.5	
1572	1	401.76	401.76	35631.3	
1573	1	401.91	401.91	35664.2	
1574	1	402.01	402.01	35686.1	
1575	1	402.13	402.13	35712.4	
1576	1	402.4	402.4	35763.8	
1577	1	402.46	402.46	35777	
1578	1	402.54	402.54	35794.6	
1579	1	402.74	402.74	35838.6	
1580	1	402.9	402.9	35873.3	
1581	1	403.06	403.06	35908	
1582	1	404.04	404.04	36087.9	
1583	1	405.05	405.05	36272.2	
1584	1	405.39	405.39	36345.1	
1585	1	405.56	405.56	36381.1	
1586	1	405.63	405.63	36396.3	
1587	1	405.74	405.74	36419.3	
1588	1	405.74	405.74	36419.3	
1589	1	406.16	406.16	36492.4	
1590	1	406.58	406.58	36565.1	
1591	1	406.76	406.76	36603.9	
1592	1	406.92	406.92	36638.2	
1593	1	407.13	407.13	36683.4	
1594	1	408.22	408.22	36873.6	
1595	1	408.42	408.42	36916.6	
1596	1	408.76	408.76	36989.7	
1597	1	408.95	408.95	37030.6	
1598	1	409.27	409.27	37099.8	
1599	1	409.39	409.39	37125.9	
1600	1	409.61	409.61	37173.4	
1601	1	409.74	409.74	37201.7	
1602	1	409.94	409.94	37245.3	
1603	1	410.29	410.29	37321.7	
1604	1	410.44	410.44	37354.5	
1605	1	410.65	410.65	37400.4	
1606	1	410.87	410.87	37448.7	
1607	1	410.96	410.96	37468.4	
1608	1	411.01	411.01	37479.1	
1609	1	411.02	411.02	37481.3	
1610	1	411.01	411.01	37479.1	
1611	1	411.05	411.05	37487.9	
1612	1	411.39	411.39	37562.1	
1613	1	411.75	411.75	37640.9	
1614	1	412.16	412.16	37731.5	
1615	1	412.53	412.53	37812.5	
1616	1	412.83	412.83	37879.3	
1617	1	413.29	413.29	37982	
1618	1	413.53	413.53	38035.6	
1619	1	413.67	413.67	38066.8	
1620	1	414.15	414.15	38175.1	
1621	1	414.79	414.79	38319.7	
1622	1	415.16	415.16	38402.9	
1623	1	415.34	415.34	38443.1	
1624	1	415.58	415.58	38497	
1625	1	415.87	415.87	38562.3	
1626	1	415.99	415.99	38589.6	
1627	1	416.17	416.17	38627.6	
1628	1	416.17	416.17	38627.6	
1629	1	416.5	416.5	38697.2	
1630	1	416.81	416.81	38765.1	
1631	1	417.15	417.15	38839.5	
1632	1	417.58	417.58	38931.4	
1633	1	417.75	417.75	38967	
1634	1	417.95	417.95	39009.3	
1635	1	418.04	418.04	39029.6	
1636	1	418.1	418.1	39043.1	
1637	1	418.33	418.33	39091.7	
1638	1	418.94	418.94	39222.6	
1639	1	419.01	419.01	39238.3	
1640	1	420.25	420.25	39400.3	
1641	1	421.44	421.44	39548.1	
1642	1	426.49	426.49	39455.1	
1643	1	431.42	431.42	39290.2	
1644	1	433.95	433.95	39202.4	
1645	1	434.1	434.1	39231.9	
1646	1	444.54	444.54	35759.1	
1647	1	444.72	444.72	35791	
1648	1	445.07	445.07	35852.9	
1649	1	445.44	445.44	35918.3	
1650	1	450.99	450.99	34145.8	
1651	1	450.95	450.95	34139.2	
1652	1	451	451	34147.5	
1653	1	456.22	456.22	32272.5	
1654	1	456.39	456.39	32295	
1655	1	461.69	461.69	30385.9	
1656	1	466.99	466.99	28420.7	
1657	1	467.32	467.32	28466.3	
1658	1	467.57	467.57	28500.3	
1659	1	467.71	467.71	28519.6	
1660	1	467.91	467.91	28546.8	
1661	1	468.4	468.4	28615.3	
1662	1	468.77	468.77	28666.9	
1663	1	469.09	469.09	28711.7	
1664	1	469.22	469.22	28729.9	
1665	1	469.5	469.5	28767.6	
1666	1	469.84	469.84	28814.6	
1667	1	470	470	28836.1	
1668	1	470.3	470.3	28877.1	
1669	1	470.3	470.3	28877.2	
1670	1	470.55	470.55	28911.3	
1671	1	470.86	470.86	28953.9	
1672	1	471.16	471.16	28996.6	
1673	1	471.28	471.28	29013.7	
1674	1	471.45	471.45	29037.7	
1675	1	471.51	471.51	29046.2	
1676	1	471.51	471.51	29046.2	
1677	1	471.53	471.53	29049	
1678	1	471.91	471.91	29095	
1679	1	471.95	471.95	29100.7	
1680	1	472.11	472.11	29123.6	
1681	1	472.25	472.25	29143.5	
1682	1	472.3	472.3	29150.7	
1683	1	472.45	472.45	29172.3	
1684	1	473.03	473.03	29256.4	
1685	1	473.55	473.55	29331.9	
1686	1	473.72	473.72	29356.5	
1687	1	473.75	473.75	29361	
1688	1	474.05	474.05	29405.1	
1689	1	474.32	474.32	29444.8	
1690	1	474.61	474.61	29487.8	
1691	1	475.15	475.15	29563.9	
1692	1	475.64	475.64	29631.6	
1693	1	476	476	29682.1	
1694	1	476.31	476.31	29728	
1695	1	476.59	476.59	29766.4	
1696	1	476.8	476.8	29794.3	
1697	1	477.02	477.02	29823.7	
1698	1	477.07	477.07	29831.1	
1699	1	477.37	477.37	29875.9	
1700	1	477.96	477.96	29960	
1701	1	478.19	478.19	29994.3	
1702	1	478.7	478.7	30066.5	
1703	1	478.81	478.81	30082.9	
1704	1	478.85	478.85	30088.9	
1705	1	479.15	479.15	30129.9	
1706	1	479.45	479.45	30170.8	
1707	1	479.75	479.75	30211.5	
1708	1	480.13	480.13	30264	
1709	1	480.33	480.33	30293.6	
1710	1	480.47	480.47	30314.4	
1711	1	480.49	480.49	30317.3	
1712	1	480.51	480.51	30320.2	
1713	1	480.57	480.57	30329.2	
1714	1	481.01	481.01	30395.3	
1715	1	481.4	481.4	30453.4	
1716	1	481.54	481.54	30474.3	
1717	1	481.54	481.54	30474.3	
1718	1	481.64	481.64	30489.5	
1719	1	481.82	481.82	30516.3	
1720	1	482.01	482.01	30545	
1721	1	482.03	482.03	30548	
1722	1	482.07	482.07	30554.1	
1723	1	482.14	482.14	30564.1	
1724	1	482.13	482.13	30562.6	
1725	1	482.17	482.17	30568.5	
1726	1	482.38	482.38	30599.8	
1727	1	482.42	482.42	30605.8	
1728	1	482.86	482.86	30672.1	
1729	1	483.62	483.62	30788.2	
1730	1	483.94	483.94	30836.1	
1731	1	484.07	484.07	30855.6	
1732	1	484.16	484.16	30868.4	
1733	1	484.18	484.18	30871.5	
1734	1	484.16	484.16	30868.4	
1735	1	484.17	484.17	30870	
1736	1	484.36	484.36	30898.3	
1737	1	484.58	484.58	30932.4	
1738	1	485.14	485.14	31019.2	
1739	1	485.56	485.56	31084.1	
1740	1	485.74	485.74	31112.2	
1741	1	485.8	485.8	31121.6	
1742	1	486.04	486.04	31158.7	
1743	1	486.2	486.2	31183.5	
1744	1	486.57	486.57	31240.1	
1745	1	486.55	486.55	31237	
1746	1	486.84	486.84	31282.6	
1747	1	487.3	487.3	31355.2	
1748	1	487.5	487.5	31386.7	
1749	1	487.66	487.66	31411.9	
1750	1	487.8	487.8	31434.3	
1751	1	487.95	487.95	31458.2	
1752	1	488.17	488.17	31493.3	
1753	1	488.37	488.37	31525.3	
1754	1	488.55	488.55	31554.1	
1755	1	488.66	488.66	31571.7	
1756	1	488.83	488.83	31599.2	
1757	1	489.1	489.1	31642.8	
1758	1	489.35	489.35	31683.4	
1759	1	489.49	489.49	31706	
1760	1	489.61	489.61	31725.2	
1761	1	489.99	489.99	31786.3	
1762	1	490.12	490.12	31807.5	
1763	1	490.24	490.24	31827	
1764	1	490.23	490.23	31825.4	
1765	1	490.24	490.24	31827	
1766	1	490.26	490.26	31830.3	
1767	1	490.32	490.32	31839.6	
1768	1	490.32	490.32	31839.6	
1769	1	490.44	490.44	31858	
1770	1	490.62	490.62	31885.4	
1771	1	490.95	490.95	31937.6	
1772	1	491.5	491.5	32020.2	
1773	1	491.84	491.84	32070.6	
1774	1	491.87	491.87	32075.4	
1775	1	491.87	491.87	32075.4	
1776	1	492.08	492.08	32104.6	
1777	1	492.47	492.47	32151.6	
1778	1	492.89	492.89	32203.1	
1779	1	493.03	493.03	32225.6	
1780	1	493.27	493.27	32264.2	
1781	1	493.35	493.35	32277	
1782	1	493.53	493.53	32303.4	
1783	1	493.71	493.71	32329.8	
1784	1	494.2	494.2	32400.3	
1785	1	494.43	494.43	32433	
1786	1	494.64	494.64	32466.6	
1787	1	494.67	494.67	32471.5	
1788	1	494.73	494.73	32481	
1789	1	495.74	495.74	32612.5	
1790	1	496.2	496.2	32686.5	
1791	1	496.96	496.96	32808.7	
1792	1	497.22	497.22	32850.7	
1793	1	497.81	497.81	32931.7	
1794	1	498.08	498.08	32975.6	
1795	1	498.27	498.27	33006.5	
1796	1	498.68	498.68	33073.8	
1797	1	498.96	498.96	33119.8	
1798	1	499.23	499.23	33164.2	
1799	1	499.35	499.35	33184	
1800	1	499.84	499.84	33265.4	
1801	1	500.13	500.13	33313.6	
1802	1	500.27	500.27	33337.1	
1803	1	500.56	500.56	33385.7	
1804	1	500.73	500.73	33414.1	
1805	1	500.72	500.72	33412.4	
1806	1	500.75	500.75	33417.5	
1807	1	500.8	500.8	33425.9	
1808	1	501.1	501.1	33474.8	
1809	1	501.44	501.44	33530.2	
1810	1	501.78	501.78	33583.7	
1811	1	502.17	502.17	33643.3	
1812	1	502.74	502.74	33735	
1813	1	503.49	503.49	33858.7	
1814	1	504.12	504.12	33965.3	
1815	1	504.54	504.54	34036.2	
1816	1	504.61	504.61	34048.2	
1817	1	504.76	504.76	34073.6	
1818	1	504.88	504.88	34094.2	
1819	1	505.29	505.29	34161	
1820	1	505.43	505.43	34185	
1821	1	505.54	505.54	34204	
1822	1	505.75	505.75	34240	
1823	1	505.81	505.81	34250.3	
1824	1	506.1	506.1	34300.5	
1825	1	506.13	506.13	34305.7	
1826	1	506.22	506.22	34321.2	
1827	1	506.26	506.26	34328.1	
1828	1	506.24	506.24	34324.7	
1829	1	506.26	506.26	34328.1	
1830	1	506.33	506.33	34340.3	
1831	1	506.54	506.54	34377.1	
1832	1	506.97	506.97	34452.4	
1833	1	507.78	507.78	34589.5	
1834	1	508.6	508.6	34718.9	
1835	1	508.84	508.84	34760.7	
1836	1	509.12	509.12	34809.8	
1837	1	509.56	509.56	34881.8	
1838	1	509.74	509.74	34913.4	
1839	1	509.81	509.81	34925.7	
1840	1	509.98	509.98	34952.8	
1841	1	510.44	510.44	35032.3	
1842	1	510.88	510.88	35103.9	
1843	1	511.56	511.56	35219.9	
1844	1	511.75	511.75	35251.5	
1845	1	511.78	511.78	35256.7	
1846	1	511.8	511.8	35260.2	
1847	1	511.82	511.82	35263.6	
1848	1	511.86	511.86	35270.6	
1849	1	511.88	511.88	35274.1	
1850	1	511.92	511.92	35281	
1851	1	512.26	512.26	35333.7	
1852	1	512.78	512.78	35411.1	
1853	1	513.92	513.92	35527.5	
1854	1	514.82	514.82	35607.7	
1855	1	514.94	514.94	35626.5	
1856	1	515.08	515.08	35650.4	
1857	1	515.11	515.11	35655.5	
1858	1	515.38	515.38	35701.7	
1859	1	517.35	517.35	35811	
1860	1	517.8	517.8	35886.9	
1861	1	517.96	517.96	35914.1	
1862	1	518.11	518.11	35939.7	
1863	1	518.29	518.29	35970.5	
1864	1	518.57	518.57	36018.5	
1865	1	518.75	518.75	36049.5	
1866	1	518.81	518.81	36059.7	
1867	1	518.93	518.93	36080.4	
1868	1	518.94	518.94	36082.2	
1869	1	519.1	519.1	36109.8	
1870	1	519.21	519.21	36128.8	
1871	1	519.28	519.28	36140.9	
1872	1	519.48	519.48	36175.7	
1873	1	519.65	519.65	36205.2	
1874	1	519.71	519.71	36215.6	
1875	1	519.8	519.8	36231.2	
1876	1	519.95	519.95	36257.4	
1877	1	520.12	520.12	36287	
1878	1	520.41	520.41	36337.9	
1879	1	520.84	520.84	36413.6	
1880	1	521.17	521.17	36472	
1881	1	521.51	521.51	36532.3	
1882	1	521.61	521.61	36550	
1883	1	521.75	521.75	36574.9	
1884	1	521.81	521.81	36585.6	
1885	1	521.93	521.93	36607	
1886	1	522.07	522.07	36632.1	
1887	1	522.28	522.28	36669.7	
1888	1	522.5	522.5	36709.2	
1889	1	522.64	522.64	36734.4	
1890	1	522.7	522.7	36745.2	
1891	1	522.8	522.8	36763.3	
1892	1	523.05	523.05	36808.5	
1893	1	523.21	523.21	36837.4	
1894	1	523.42	523.42	36875.6	
1895	1	523.59	523.59	36906.5	
1896	1	523.67	523.67	36921	
1897	1	523.69	523.69	36924.7	
1898	1	524.08	524.08	36989.9	
1899	1	524.79	524.79	37106.9	
1900	1	524.78	524.78	37105.1	
1901	1	524.97	524.97	37139.5	
1902	1	525.28	525.28	37192.5	
1903	1	525.64	525.64	37249.2	
1904	1	525.97	525.97	37300.3	
1905	1	526.66	526.66	37407.4	
1906	1	527.27	527.27	37496.8	
1907	1	527.45	527.45	37528.9	
1908	1	527.52	527.52	37541.5	
1909	1	527.6	527.6	37555.9	
1910	1	527.74	527.74	37581.1	
1911	1	528.09	528.09	37644.1	
1912	1	528.22	528.22	37667.6	
1913	1	528.36	528.36	37692.8	
1914	1	528.45	528.45	37708.9	
1915	1	528.5	528.5	37718	
1916	1	528.54	528.54	37725.4	
1917	1	528.82	528.82	37776.1	
1918	1	529.02	529.02	37812.5	
1919	1	529.13	529.13	37832.6	
1920	1	529.32	529.32	37867.3	
1921	1	530.03	530.03	37973.5	
1922	1	530.25	530.25	38012.7	
1923	1	530.57	530.57	38070.2	
1924	1	531.78	531.78	38206.8	
1925	1	532.19	532.19	38274.8	
1926	1	532.52	532.52	38333.8	
1927	1	533.43	533.43	38486.6	
1928	1	533.77	533.77	38547.7	
1929	1	533.9	533.9	38571.2	
1930	1	534.06	534.06	38600.1	
1931	1	534.11	534.11	38609.1	
1932	1	534.18	534.18	38621.7	
1933	1	534.52	534.52	38676.2	
1934	1	534.49	534.49	38670.9	
1935	1	534.69	534.69	38706.1	
1936	1	534.83	534.83	38731.5	
1937	1	535.02	535.02	38766.1	
1938	1	535.38	535.38	38831.5	
1939	1	535.56	535.56	38864.3	
1940	1	535.78	535.78	38904.6	
1941	1	536.01	536.01	38946.7	
1942	1	536.06	536.06	38955.9	
1943	1	536.02	536.02	38948.9	
1944	1	536.08	536.08	38959.5	
1945	1	536.08	536.08	38959.5	
1946	1	536.1	536.1	38963.2	
1947	1	536.09	536.09	38961.4	
1948	1	536.23	536.23	38987.2	
1949	1	536.38	536.38	39014.9	
1950	1	536.69	536.69	39072.4	
1951	1	536.94	536.94	39118.5	
1952	1	537.04	537.04	39137	
1953	1	537.26	537.26	39176.9	
1954	1	537.41	537.41	39204.3	
1955	1	537.62	537.62	39243.4	
1956	1	537.71	537.71	39260.1	
1957	1	537.85	537.85	39285.5	
1958	1	538.01	538.01	39314	
1959	1	538.16	538.16	39342	
1960	1	538.48	538.48	39400.9	
1961	1	538.53	538.53	39410.2	
1962	1	538.72	538.72	39445.7	
1963	1	538.93	538.93	39485	
1964	1	539.07	539.07	39510.3	
1965	1	539.17	539.17	39529	
1966	1	539.28	539.28	39548.6	
1967	1	539.28	539.28	39548.6	
1968	1	539.29	539.29	39550.6	
1969	1	539.43	539.43	39576.9	
1970	1	539.92	539.92	39669.5	
1971	1	540.18	540.18	39718.4	
1972	1	540.86	540.86	39847.8	
1973	1	541.12	541.12	39897.3	
1974	1	541.36	541.36	39943.1	
1975	1	541.51	541.51	39971.9	
1976	1	541.76	541.76	40020	
1977	1	541.88	541.88	40043.3	
1978	1	542.24	542.24	40112.2	
1979	1	542.42	542.42	40147.1	
1980	1	542.76	542.76	40212.4	
1981	1	542.91	542.91	40241.5	
1982	1	543.1	543.1	40278.5	
1983	1	543.28	543.28	40312.9	
1984	1	543.35	543.35	40325.8	
1985	1	543.38	543.38	40331.6	
1986	1	543.47	543.47	40349.1	
1987	1	543.54	543.54	40362	
1988	1	543.64	543.64	40380.7	
1989	1	543.74	543.74	40400.3	
1990	1	543.97	543.97	40443.9	
1991	1	544.31	544.31	40510.5	
1992	1	544.67	544.67	40580.7	
1993	1	544.76	544.76	40598.2	
1994	1	544.87	544.87	40619.6	
1995	1	544.97	544.97	40639.1	
1996	1	545.12	545.12	40668.4	
1997	1	545.26	545.26	40695.9	
1998	1	545.46	545.46	40735.1	
1999	1	545.75	545.75	40792.4	
2000	1	545.95	545.95	40832	
