# mu = 0.1, s = 0, trials requested = 1, runtime = 0:00:00
# "Time"	"Actual trials"	"Mean mutation"	"Average mean mutation"	"Average mutation variance"
0	1	0	0	0	
1	1	0.01	0.01	0.0099	
2	1	0.02	0.02	0.0196	
3	1	0.02	0.02	0.0196	
4	1	0.03	0.03	0.0291	
5	1	0.05	0.05	0.0475	
6	1	0.07	0.07	0.0651	
7	1	0.07	0.07	0.0651	
8	1	0.09	0.09	0.0819	
9	1	0.11	0.11	0.0979	
10	1	0.1	0.1	0.09	
11	1	0.12	0.12	0.1256	
12	1	0.09	0.09	0.1019	
13	1	0.09	0.09	0.1019	
14	1	0.11	0.11	0.1379	
15	1	0.08	0.08	0.0736	
16	1	0.08	0.08	0.0736	
17	1	0.08	0.08	0.0736	
18	1	0.08	0.08	0.0736	
19	1	0.11	0.11	0.0979	
20	1	0.13	0.13	0.1131	
21	1	0.15	0.15	0.1275	
22	1	0.16	0.16	0.1344	
23	1	0.15	0.15	0.1275	
24	1	0.13	0.13	0.1131	
25	1	0.12	0.12	0.1056	
26	1	0.13	0.13	0.1131	
27	1	0.17	0.17	0.1611	
28	1	0.14	0.14	0.1604	
29	1	0.15	0.15	0.1675	
30	1	0.15	0.15	0.1675	
31	1	0.12	0.12	0.1456	
32	1	0.13	0.13	0.1531	
33	1	0.13	0.13	0.1531	
34	1	0.14	0.14	0.1604	
35	1	0.18	0.18	0.2276	
36	1	0.18	0.18	0.2276	
37	1	0.2	0.2	0.24	
38	1	0.2	0.2	0.24	
39	1	0.21	0.21	0.2459	
40	1	0.24	0.24	0.2824	
41	1	0.24	0.24	0.3424	
42	1	0.24	0.24	0.3424	
43	1	0.27	0.27	0.3771	
44	1	0.29	0.29	0.4059	
45	1	0.33	0.33	0.5011	
46	1	0.32	0.32	0.4976	
47	1	0.31	0.31	0.4739	
48	1	0.28	0.28	0.4416	
49	1	0.28	0.28	0.4016	
50	1	0.29	0.29	0.3859	
51	1	0.3	0.3	0.39	
52	1	0.31	0.31	0.3939	
53	1	0.34	0.34	0.5644	
54	1	0.36	0.36	0.5704	
55	1	0.34	0.34	0.5444	
56	1	0.34	0.34	0.5644	
57	1	0.31	0.31	0.5339	
58	1	0.31	0.31	0.5339	
59	1	0.3	0.3	0.47	
60	1	0.29	0.29	0.4459	
61	1	0.3	0.3	0.47	
62	1	0.31	0.31	0.4739	
63	1	0.33	0.33	0.5011	
64	1	0.28	0.28	0.4616	
65	1	0.27	0.27	0.4571	
66	1	0.26	0.26	0.4324	
67	1	0.27	0.27	0.4971	
68	1	0.3	0.3	0.51	
69	1	0.31	0.31	0.5139	
70	1	0.31	0.31	0.4939	
71	1	0.37	0.37	0.5931	
72	1	0.35	0.35	0.5875	
73	1	0.35	0.35	0.5875	
74	1	0.41	0.41	0.7019	
75	1	0.39	0.39	0.6379	
76	1	0.38	0.38	0.6356	
77	1	0.44	0.44	0.7064	
78	1	0.43	0.43	0.7051	
79	1	0.46	0.46	0.7484	
80	1	0.46	0.46	0.7284	
81	1	0.43	0.43	0.7051	
82	1	0.41	0.41	0.6819	
83	1	0.43	0.43	0.6851	
84	1	0.48	0.48	0.7496	
85	1	0.51	0.51	0.7499	
86	1	0.49	0.49	0.6899	
87	1	0.49	0.49	0.6899	
88	1	0.52	0.52	0.7096	
89	1	0.51	0.51	0.6699	
90	1	0.52	0.52	0.6696	
91	1	0.5	0.5	0.67	
92	1	0.54	0.54	0.6884	
93	1	0.52	0.52	0.6296	
94	1	0.52	0.52	0.6296	
95	1	0.51	0.51	0.6099	
96	1	0.49	0.49	0.5899	
97	1	0.52	0.52	0.5896	
98	1	0.55	0.55	0.5875	
99	1	0.5	0.5	0.55	
100	1	0.52	0.52	0.5496	
101	1	0.52	0.52	0.5296	
102	1	0.51	0.51	0.5299	
103	1	0.53	0.53	0.5691	
104	1	0.52	0.52	0.5496	
105	1	0.53	0.53	0.5491	
106	1	0.54	0.54	0.6084	
107	1	0.55	0.55	0.6075	
108	1	0.56	0.56	0.6864	
109	1	0.62	0.62	0.7556	
110	1	0.66	0.66	0.8644	
111	1	0.7	0.7	0.87	
112	1	0.69	0.69	0.8539	
113	1	0.67	0.67	0.8211	
114	1	0.73	0.73	0.8571	
115	1	0.73	0.73	0.8571	
116	1	0.71	0.71	0.8059	
117	1	0.72	0.72	0.9016	
118	1	0.68	0.68	0.8576	
119	1	0.67	0.67	0.8611	
120	1	0.67	0.67	0.8611	
121	1	0.7	0.7	0.91	
122	1	0.71	0.71	0.9059	
123	1	0.72	0.72	0.9416	
124	1	0.73	0.73	0.9771	
125	1	0.77	0.77	0.9971	
126	1	0.72	0.72	0.8816	
127	1	0.68	0.68	0.8576	
128	1	0.68	0.68	0.8576	
129	1	0.68	0.68	0.8176	
130	1	0.67	0.67	0.7611	
131	1	0.66	0.66	0.7844	
132	1	0.68	0.68	0.8176	
133	1	0.63	0.63	0.7931	
134	1	0.67	0.67	0.7811	
135	1	0.69	0.69	0.7939	
136	1	0.67	0.67	0.8011	
137	1	0.68	0.68	0.8176	
138	1	0.72	0.72	0.8216	
139	1	0.71	0.71	0.8459	
140	1	0.71	0.71	0.8259	
141	1	0.67	0.67	0.8211	
142	1	0.66	0.66	0.7844	
143	1	0.68	0.68	0.7576	
144	1	0.76	0.76	0.8224	
145	1	0.79	0.79	0.8459	
146	1	0.77	0.77	0.8171	
147	1	0.77	0.77	0.7971	
148	1	0.83	0.83	0.7811	
149	1	0.77	0.77	0.7571	
150	1	0.81	0.81	0.7739	
151	1	0.79	0.79	0.7659	
152	1	0.78	0.78	0.7316	
153	1	0.81	0.81	0.7739	
154	1	0.79	0.79	0.7659	
155	1	0.79	0.79	0.7659	
156	1	0.84	0.84	0.8344	
157	1	0.81	0.81	0.8339	
158	1	0.81	0.81	0.8339	
159	1	0.84	0.84	0.8944	
160	1	0.84	0.84	0.9144	
161	1	0.82	0.82	0.9076	
162	1	0.82	0.82	0.9276	
163	1	0.83	0.83	0.9411	
164	1	0.89	0.89	0.9579	
165	1	0.87	0.87	0.8731	
166	1	0.92	0.92	0.8736	
167	1	0.88	0.88	0.8256	
168	1	0.94	0.94	0.9364	
169	1	0.97	0.97	0.9491	
170	1	1.04	1.04	0.9384	
171	1	1.04	1.04	0.9184	
172	1	0.99	0.99	0.9299	
173	1	1	1	0.92	
174	1	1	1	0.98	
175	1	1.03	1.03	0.9691	
176	1	1	1	1	
177	1	0.99	0.99	1.0099	
178	1	0.98	0.98	0.9996	
179	1	1	1	1.04	
180	1	0.97	0.97	1.0291	
181	1	1.01	1.01	1.1099	
182	1	1.1	1.1	1.17	
183	1	1.04	1.04	1.1984	
184	1	1.04	1.04	1.2184	
185	1	1.04	1.04	1.2384	
186	1	1.01	1.01	1.2099	
187	1	1.08	1.08	1.1736	
188	1	1.11	1.11	1.2179	
189	1	1.06	1.06	1.1964	
190	1	1.09	1.09	1.2419	
191	1	1.12	1.12	1.2856	
192	1	1.16	1.16	1.3544	
193	1	1.2	1.2	1.4	
194	1	1.19	1.19	1.3939	
195	1	1.18	1.18	1.4676	
196	1	1.12	1.12	1.4856	
197	1	1.17	1.17	1.5211	
198	1	1.22	1.22	1.5516	
199	1	1.15	1.15	1.5475	
200	1	1.15	1.15	1.4475	
201	1	1.11	1.11	1.4579	
202	1	1.1	1.1	1.43	
203	1	1.11	1.11	1.4379	
204	1	1.11	1.11	1.3779	
205	1	1.03	1.03	1.3491	
206	1	1.14	1.14	1.4604	
207	1	1.21	1.21	1.4459	
208	1	1.22	1.22	1.4916	
209	1	1.29	1.29	1.4859	
210	1	1.24	1.24	1.5624	
211	1	1.18	1.18	1.5476	
212	1	1.18	1.18	1.5076	
213	1	1.15	1.15	1.4475	
214	1	1.14	1.14	1.5004	
215	1	1.16	1.16	1.4944	
216	1	1.12	1.12	1.4856	
217	1	1.1	1.1	1.51	
218	1	1.13	1.13	1.5131	
219	1	1.24	1.24	1.5824	
220	1	1.22	1.22	1.6716	
221	1	1.28	1.28	1.7016	
222	1	1.3	1.3	1.69	
223	1	1.26	1.26	1.6724	
224	1	1.31	1.31	1.7139	
225	1	1.33	1.33	1.7211	
226	1	1.37	1.37	1.6731	
227	1	1.4	1.4	1.74	
228	1	1.4	1.4	1.78	
229	1	1.45	1.45	1.7875	
230	1	1.5	1.5	1.87	
231	1	1.46	1.46	1.7884	
232	1	1.51	1.51	1.9499	
233	1	1.54	1.54	1.9084	
234	1	1.62	1.62	1.8356	
235	1	1.65	1.65	1.7875	
236	1	1.65	1.65	1.7875	
237	1	1.62	1.62	1.8156	
238	1	1.66	1.66	1.9044	
239	1	1.64	1.64	2.0104	
240	1	1.74	1.74	1.9524	
241	1	1.77	1.77	1.9971	
242	1	1.89	1.89	2.0179	
243	1	1.81	1.81	1.9939	
244	1	1.72	1.72	2.0416	
245	1	1.74	1.74	2.1524	
246	1	1.68	1.68	2.0576	
247	1	1.67	1.67	2.1011	
248	1	1.67	1.67	1.9811	
249	1	1.73	1.73	1.9571	
250	1	1.81	1.81	1.9139	
251	1	1.87	1.87	1.9331	
252	1	1.85	1.85	1.9675	
253	1	1.96	1.96	2.0984	
254	1	1.97	1.97	2.0491	
255	1	1.97	1.97	2.1291	
256	1	1.99	1.99	2.2099	
257	1	2.01	2.01	2.1899	
258	1	2.09	2.09	2.1219	
259	1	2.05	2.05	2.2275	
260	1	1.99	1.99	2.2899	
261	1	1.98	1.98	2.3396	
262	1	2	2	2.56	
263	1	1.98	1.98	2.4996	
264	1	1.97	1.97	2.6291	
265	1	1.88	1.88	2.6656	
266	1	1.79	1.79	2.6259	
267	1	1.86	1.86	2.6204	
268	1	1.87	1.87	2.6331	
269	1	1.82	1.82	2.5476	
270	1	1.83	1.83	2.6011	
271	1	1.84	1.84	2.5944	
272	1	1.88	1.88	2.5856	
273	1	1.87	1.87	2.8131	
274	1	1.85	1.85	2.7075	
275	1	1.82	1.82	2.6076	
276	1	1.78	1.78	2.7716	
277	1	1.69	1.69	2.5939	
278	1	1.66	1.66	2.5644	
279	1	1.72	1.72	2.6616	
280	1	1.7	1.7	2.65	
281	1	1.72	1.72	2.6416	
282	1	1.71	1.71	2.6259	
283	1	1.74	1.74	2.6724	
284	1	1.73	1.73	2.7171	
285	1	1.76	1.76	2.6424	
286	1	1.86	1.86	2.8804	
287	1	1.87	1.87	2.9331	
288	1	1.88	1.88	2.9456	
289	1	1.84	1.84	2.9144	
290	1	1.94	1.94	3.0964	
291	1	1.97	1.97	3.1091	
292	1	1.92	1.92	2.9536	
293	1	1.93	1.93	3.0051	
294	1	1.98	1.98	3.1196	
295	1	1.95	1.95	3.0275	
296	1	1.93	1.93	2.8651	
297	1	1.93	1.93	2.8651	
298	1	1.99	1.99	3.1699	
299	1	1.98	1.98	3.3596	
300	1	1.91	1.91	3.3019	
301	1	1.87	1.87	3.0131	
302	1	1.89	1.89	3.0179	
303	1	1.87	1.87	2.9731	
304	1	1.86	1.86	2.6604	
305	1	1.95	1.95	3.1675	
306	1	2	2	3.18	
307	1	2.05	2.05	3.3475	
308	1	2.12	2.12	3.6456	
309	1	2.07	2.07	3.3051	
310	1	2.05	2.05	3.4275	
311	1	2.06	2.06	3.5164	
312	1	2.16	2.16	3.8544	
313	1	2.15	2.15	3.7275	
314	1	2.18	2.18	3.6476	
315	1	2.23	2.23	3.5571	
316	1	2.23	2.23	3.4771	
317	1	2.2	2.2	3.36	
318	1	2.22	2.22	3.3716	
319	1	2.19	2.19	3.3739	
320	1	2.14	2.14	3.2404	
321	1	2.12	2.12	2.8456	
322	1	2.07	2.07	2.8451	
323	1	2.1	2.1	2.97	
324	1	2.11	2.11	2.9579	
325	1	2.11	2.11	2.9379	
326	1	2.13	2.13	2.9331	
327	1	2.05	2.05	2.8675	
328	1	2.04	2.04	2.8584	
329	1	2.06	2.06	2.7964	
330	1	2.08	2.08	2.6536	
331	1	2.14	2.14	2.7604	
332	1	2.13	2.13	2.3731	
333	1	2.06	2.06	2.4564	
334	1	2.05	2.05	2.2875	
335	1	2.06	2.06	2.2564	
336	1	2.05	2.05	2.1275	
337	1	1.98	1.98	2.2796	
338	1	1.97	1.97	2.3491	
339	1	2	2	2.44	
340	1	1.98	1.98	2.5396	
341	1	2	2	2.6	
342	1	2.01	2.01	2.5899	
343	1	1.97	1.97	2.6291	
344	1	1.98	1.98	2.7996	
345	1	1.95	1.95	2.7275	
346	1	1.96	1.96	2.8984	
347	1	1.98	1.98	2.9196	
348	1	1.99	1.99	2.7699	
349	1	2.04	2.04	2.7984	
350	1	2.02	2.02	2.8796	
351	1	2.06	2.06	2.8764	
352	1	2.01	2.01	2.8899	
353	1	1.99	1.99	2.8499	
354	1	2.03	2.03	2.8491	
355	1	2.01	2.01	2.8899	
356	1	2.04	2.04	2.8184	
357	1	2.08	2.08	3.0936	
358	1	2.06	2.06	3.0964	
359	1	2.08	2.08	3.1736	
360	1	2.08	2.08	3.0536	
361	1	2.08	2.08	3.0536	
362	1	2.09	2.09	3.0019	
363	1	2.14	2.14	3.1004	
364	1	2.18	2.18	3.1276	
365	1	2.2	2.2	3.1	
366	1	2.33	2.33	3.2411	
367	1	2.37	2.37	3.5531	
368	1	2.34	2.34	3.4644	
369	1	2.28	2.28	3.4816	
370	1	2.36	2.36	3.4904	
371	1	2.45	2.45	3.3875	
372	1	2.5	2.5	3.33	
373	1	2.59	2.59	3.4819	
374	1	2.62	2.62	3.6556	
375	1	2.65	2.65	3.7875	
376	1	2.69	2.69	3.7939	
377	1	2.7	2.7	3.97	
378	1	2.74	2.74	4.0524	
379	1	2.67	2.67	4.1011	
380	1	2.6	2.6	4.22	
381	1	2.55	2.55	4.3075	
382	1	2.75	2.75	4.1875	
383	1	2.74	2.74	3.9524	
384	1	2.77	2.77	4.0171	
385	1	2.75	2.75	4.1675	
386	1	2.78	2.78	4.1116	
387	1	2.78	2.78	4.1916	
388	1	2.75	2.75	4.5675	
389	1	2.75	2.75	4.6675	
390	1	2.78	2.78	4.7116	
391	1	2.79	2.79	4.7459	
392	1	2.68	2.68	4.7576	
393	1	2.85	2.85	4.7475	
394	1	2.93	2.93	4.6651	
395	1	2.99	2.99	4.7099	
396	1	3.02	3.02	4.6396	
397	1	2.99	2.99	4.6699	
398	1	3.1	3.1	4.71	
399	1	3.11	3.11	4.5979	
400	1	3.1	3.1	4.55	
401	1	3.09	3.09	4.6019	
402	1	3.04	3.04	4.6584	
403	1	3.12	3.12	4.7856	
404	1	3.08	3.08	4.7536	
405	1	3.16	3.16	4.6744	
406	1	3.05	3.05	4.5475	
407	1	3.05	3.05	4.6475	
408	1	3.04	3.04	4.5384	
409	1	2.99	2.99	4.4099	
410	1	3.07	3.07	4.6651	
411	1	3.02	3.02	4.7196	
412	1	2.99	2.99	4.5899	
413	1	2.94	2.94	4.4564	
414	1	2.88	2.88	4.4256	
415	1	2.85	2.85	4.4875	
416	1	2.88	2.88	4.3656	
417	1	2.9	2.9	4.39	
418	1	2.84	2.84	4.4944	
419	1	2.89	2.89	4.3979	
420	1	2.89	2.89	4.3579	
421	1	2.94	2.94	4.3764	
422	1	3.02	3.02	4.2996	
423	1	3.11	3.11	4.2379	
424	1	3.08	3.08	4.1536	
425	1	3.11	3.11	4.2379	
426	1	3.11	3.11	4.2379	
427	1	3.11	3.11	4.2579	
428	1	3.1	3.1	4.31	
429	1	3.05	3.05	4.4475	
430	1	3.07	3.07	4.3451	
431	1	3.08	3.08	4.6736	
432	1	3.09	3.09	4.6419	
433	1	3.14	3.14	4.5004	
434	1	3.13	3.13	4.5731	
435	1	3.09	3.09	4.6019	
436	1	3.14	3.14	4.9604	
437	1	3.15	3.15	4.8075	
438	1	3.16	3.16	4.9144	
439	1	3.16	3.16	4.9544	
440	1	3.23	3.23	4.7971	
441	1	3.24	3.24	4.7624	
442	1	3.3	3.3	4.87	
443	1	3.28	3.28	4.7616	
444	1	3.32	3.32	4.6976	
445	1	3.31	3.31	4.6939	
446	1	3.29	3.29	4.7259	
447	1	3.27	3.27	4.6171	
448	1	3.31	3.31	4.7939	
449	1	3.31	3.31	4.8139	
450	1	3.3	3.3	4.99	
451	1	3.3	3.3	5.01	
452	1	3.37	3.37	5.1731	
453	1	3.37	3.37	5.0531	
454	1	3.37	3.37	5.1131	
455	1	3.36	3.36	4.9304	
456	1	3.36	3.36	4.9704	
457	1	3.42	3.42	4.9236	
458	1	3.45	3.45	4.9875	
459	1	3.51	3.51	4.8699	
460	1	3.51	3.51	4.8099	
461	1	3.49	3.49	4.8499	
462	1	3.5	3.5	4.79	
463	1	3.52	3.52	4.7896	
464	1	3.61	3.61	4.5579	
465	1	3.68	3.68	4.5176	
466	1	3.68	3.68	4.6176	
467	1	3.68	3.68	4.5976	
468	1	3.68	3.68	4.6776	
469	1	3.8	3.8	4.5	
470	1	3.79	3.79	4.4859	
471	1	3.82	3.82	4.4276	
472	1	3.76	3.76	4.4424	
473	1	3.74	3.74	4.5524	
474	1	3.77	3.77	4.6171	
475	1	3.79	3.79	4.5059	
476	1	3.79	3.79	4.5059	
477	1	3.8	3.8	4.64	
478	1	3.86	3.86	4.4404	
479	1	3.9	3.9	4.31	
480	1	3.84	3.84	4.5144	
481	1	3.88	3.88	4.3456	
482	1	3.86	3.86	4.3804	
483	1	3.97	3.97	4.4691	
484	1	3.98	3.98	4.6996	
485	1	3.99	3.99	4.6099	
486	1	3.91	3.91	4.8819	
487	1	3.88	3.88	4.8456	
488	1	3.9	3.9	4.89	
489	1	3.93	3.93	4.7251	
490	1	3.99	3.99	4.9099	
491	1	4.02	4.02	4.7796	
492	1	4.04	4.04	4.7184	
493	1	4.04	4.04	4.6184	
494	1	4.04	4.04	4.6384	
495	1	4.06	4.06	4.5364	
496	1	4.06	4.06	4.4764	
497	1	4	4	4.72	
498	1	4.02	4.02	4.8196	
499	1	4.05	4.05	4.8675	
500	1	4.12	4.12	4.7656	
501	1	4.05	4.05	4.8075	
502	1	4.05	4.05	5.1675	
503	1	4.04	4.04	5.2984	
504	1	4	4	5.26	
505	1	4	4	5.28	
506	1	4.13	4.13	5.2331	
507	1	4.12	4.12	5.2656	
508	1	4.16	4.16	5.1944	
509	1	4.14	4.14	5.2204	
510	1	4.2	4.2	5.1	
511	1	4.1	4.1	5.37	
512	1	4.18	4.18	5.2676	
513	1	4.17	4.17	5.2611	
514	1	4.24	4.24	5.0824	
515	1	4.22	4.22	4.9716	
516	1	4.28	4.28	5.0416	
517	1	4.32	4.32	5.3776	
518	1	4.29	4.29	5.3259	
519	1	4.25	4.25	5.4875	
520	1	4.24	4.24	5.6224	
521	1	4.21	4.21	5.6259	
522	1	4.33	4.33	5.7811	
523	1	4.3	4.3	6.07	
524	1	4.29	4.29	5.9059	
525	1	4.31	4.31	5.9539	
526	1	4.34	4.34	5.7044	
527	1	4.41	4.41	6.1619	
528	1	4.43	4.43	6.2051	
529	1	4.4	4.4	6.24	
530	1	4.36	4.36	6.3504	
531	1	4.41	4.41	6.3019	
532	1	4.34	4.34	6.4444	
533	1	4.36	4.36	6.6304	
534	1	4.32	4.32	6.6776	
535	1	4.28	4.28	6.9016	
536	1	4.31	4.31	6.9739	
537	1	4.35	4.35	6.8875	
538	1	4.42	4.42	6.5636	
539	1	4.29	4.29	6.8059	
540	1	4.37	4.37	6.7931	
541	1	4.34	4.34	6.6844	
542	1	4.38	4.38	6.2556	
543	1	4.29	4.29	6.2459	
544	1	4.36	4.36	6.1504	
545	1	4.35	4.35	6.1275	
546	1	4.4	4.4	6.02	
547	1	4.43	4.43	5.7451	
548	1	4.41	4.41	5.7019	
549	1	4.41	4.41	5.7019	
550	1	4.36	4.36	5.9704	
551	1	4.3	4.3	6.25	
552	1	4.33	4.33	6.1211	
553	1	4.4	4.4	5.8	
554	1	4.46	4.46	5.9684	
555	1	4.52	4.52	6.2896	
556	1	4.49	4.49	6.3699	
557	1	4.6	4.6	6.22	
558	1	4.63	4.63	6.4531	
559	1	4.58	4.58	6.7036	
560	1	4.65	4.65	6.6475	
561	1	4.69	4.69	6.9539	
562	1	4.67	4.67	7.0211	
563	1	4.73	4.73	7.0371	
564	1	4.81	4.81	7.2339	
565	1	4.78	4.78	7.2716	
566	1	4.77	4.77	6.8571	
567	1	4.85	4.85	7.4075	
568	1	4.8	4.8	7.38	
569	1	4.76	4.76	7.7824	
570	1	4.78	4.78	7.8316	
571	1	4.88	4.88	7.4056	
572	1	4.81	4.81	7.4339	
573	1	4.8	4.8	7.52	
574	1	4.78	4.78	7.3316	
575	1	4.83	4.83	7.2411	
576	1	4.84	4.84	7.3944	
577	1	4.87	4.87	7.0731	
578	1	4.86	4.86	6.9204	
579	1	4.89	4.89	6.8579	
580	1	4.92	4.92	6.7736	
581	1	4.91	4.91	6.7619	
582	1	4.96	4.96	6.7784	
583	1	4.97	4.97	6.7091	
584	1	5.03	5.03	6.8091	
585	1	5	5	6.72	
586	1	5.01	5.01	6.7099	
587	1	4.94	4.94	7.0564	
588	1	5.02	5.02	6.9396	
589	1	5	5	7.08	
590	1	4.95	4.95	7.2075	
591	1	5.07	5.07	6.8651	
592	1	5.02	5.02	7.1796	
593	1	5.04	5.04	7.1184	
594	1	5.04	5.04	7.3384	
595	1	5.05	5.05	7.5875	
596	1	5.08	5.08	7.5936	
597	1	5.09	5.09	7.5619	
598	1	5.16	5.16	7.5344	
599	1	5.13	5.13	7.9331	
600	1	5.12	5.12	8.0456	
601	1	5.1	5.1	8.13	
602	1	5.14	5.14	8.3204	
603	1	5.17	5.17	8.2611	
604	1	5.26	5.26	7.9724	
605	1	5.31	5.31	7.7739	
606	1	5.27	5.27	8.0771	
607	1	5.32	5.32	7.9776	
608	1	5.38	5.38	7.8556	
609	1	5.44	5.44	8.4464	
610	1	5.6	5.6	8.42	
611	1	5.68	5.68	8.6376	
612	1	5.82	5.82	8.7076	
613	1	5.88	5.88	9.2256	
614	1	5.88	5.88	9.0256	
615	1	5.9	5.9	9.11	
616	1	5.86	5.86	8.7804	
617	1	5.82	5.82	8.5676	
618	1	5.93	5.93	8.6451	
619	1	6.03	6.03	8.7091	
620	1	5.91	5.91	8.2219	
621	1	6.06	6.06	8.3564	
622	1	6.09	6.09	8.3219	
623	1	6.04	6.04	8.0784	
624	1	5.95	5.95	7.5875	
625	1	5.83	5.83	7.1611	
626	1	5.81	5.81	7.2139	
627	1	5.77	5.77	7.0771	
628	1	5.75	5.75	7.0675	
629	1	5.81	5.81	6.5739	
630	1	5.89	5.89	6.7979	
631	1	5.98	5.98	6.3396	
632	1	5.92	5.92	6.5336	
633	1	5.91	5.91	6.6619	
634	1	5.92	5.92	6.6136	
635	1	5.89	5.89	7.0779	
636	1	6.1	6.1	6.83	
637	1	6.25	6.25	7.1275	
638	1	6.26	6.26	7.1724	
639	1	6.33	6.33	7.0211	
640	1	6.37	6.37	6.9531	
641	1	6.43	6.43	7.2051	
642	1	6.39	6.39	7.1179	
643	1	6.23	6.23	6.4771	
644	1	6.23	6.23	5.8171	
645	1	6.33	6.33	5.7611	
646	1	6.34	6.34	5.8044	
647	1	6.16	6.16	5.8544	
648	1	6.12	6.12	5.9656	
649	1	6.06	6.06	6.3564	
650	1	6.05	6.05	6.4075	
651	1	6.19	6.19	6.5739	
652	1	6.2	6.2	6.42	
653	1	6.05	6.05	6.1875	
654	1	6.1	6.1	6.15	
655	1	6.1	6.1	6.13	
656	1	6.04	6.04	6.2784	
657	1	6.04	6.04	6.4984	
658	1	6.03	6.03	6.5291	
659	1	6.1	6.1	7.19	
660	1	5.99	5.99	6.7499	
661	1	5.93	5.93	6.7251	
662	1	5.96	5.96	6.3984	
663	1	6.13	6.13	6.8131	
664	1	6.18	6.18	6.7676	
665	1	6.23	6.23	6.8971	
666	1	6.17	6.17	6.6211	
667	1	6.17	6.17	6.8011	
668	1	6.19	6.19	6.8139	
669	1	6.23	6.23	6.8171	
670	1	6.27	6.27	6.5971	
671	1	6.41	6.41	6.4619	
672	1	6.24	6.24	6.5424	
673	1	6.25	6.25	6.5475	
674	1	6.18	6.18	6.5076	
675	1	6.13	6.13	6.2931	
676	1	6.26	6.26	6.2324	
677	1	6.26	6.26	6.1924	
678	1	6.23	6.23	6.4571	
679	1	6.23	6.23	6.6371	
680	1	6.12	6.12	6.4856	
681	1	6.13	6.13	6.6731	
682	1	6.1	6.1	6.81	
683	1	6.09	6.09	6.9019	
684	1	6.12	6.12	7.1456	
685	1	6.14	6.14	7.0204	
686	1	6.15	6.15	7.1075	
687	1	6.24	6.24	6.5824	
688	1	6.24	6.24	6.6424	
689	1	6.22	6.22	6.6116	
690	1	6.21	6.21	6.4659	
691	1	6.19	6.19	6.4739	
692	1	6.19	6.19	6.6339	
693	1	6.17	6.17	6.7011	
694	1	6.11	6.11	6.8579	
695	1	6.07	6.07	7.0051	
696	1	6.12	6.12	6.9656	
697	1	6.09	6.09	6.9819	
698	1	6.06	6.06	6.9964	
699	1	6.07	6.07	6.8051	
700	1	6.07	6.07	6.6651	
701	1	6.06	6.06	6.7764	
702	1	6.1	6.1	6.73	
703	1	6.1	6.1	6.77	
704	1	6.12	6.12	6.8456	
705	1	6.13	6.13	6.6931	
706	1	6.09	6.09	6.7219	
707	1	6.14	6.14	6.6004	
708	1	6.16	6.16	6.5744	
709	1	6.15	6.15	6.4275	
710	1	6.08	6.08	6.5736	
711	1	6.1	6.1	6.63	
712	1	6.18	6.18	6.5276	
713	1	6.23	6.23	6.5571	
714	1	6.22	6.22	6.4716	
715	1	6.22	6.22	6.5316	
716	1	6.23	6.23	6.5971	
717	1	6.19	6.19	6.7939	
718	1	6.23	6.23	6.5971	
719	1	6.26	6.26	6.7124	
720	1	6.29	6.29	6.8059	
721	1	6.31	6.31	6.7939	
722	1	6.34	6.34	6.7644	
723	1	6.36	6.36	7.1504	
724	1	6.39	6.39	7.0579	
725	1	6.42	6.42	6.8636	
726	1	6.39	6.39	6.8579	
727	1	6.44	6.44	6.8864	
728	1	6.39	6.39	7.0779	
729	1	6.37	6.37	7.1331	
730	1	6.36	6.36	7.4104	
731	1	6.4	6.4	7.52	
732	1	6.42	6.42	7.5236	
733	1	6.51	6.51	7.6899	
734	1	6.59	6.59	8.1619	
735	1	6.63	6.63	8.2731	
736	1	6.58	6.58	8.5436	
737	1	6.63	6.63	8.5531	
738	1	6.71	6.71	8.4659	
739	1	6.75	6.75	8.6475	
740	1	6.75	6.75	8.8075	
741	1	6.77	6.77	8.7971	
742	1	6.76	6.76	8.9024	
743	1	6.75	6.75	8.8475	
744	1	6.72	6.72	9.0216	
745	1	6.72	6.72	8.7216	
746	1	6.73	6.73	8.6771	
747	1	6.75	6.75	8.7275	
748	1	6.72	6.72	8.7416	
749	1	6.68	6.68	8.9176	
750	1	6.61	6.61	8.7779	
751	1	6.61	6.61	8.7779	
752	1	6.64	6.64	8.6304	
753	1	6.75	6.75	8.8475	
754	1	6.75	6.75	8.8875	
755	1	6.73	6.73	9.2371	
756	1	6.74	6.74	9.4924	
757	1	6.75	6.75	9.4475	
758	1	6.88	6.88	10.0256	
759	1	6.87	6.87	10.2131	
760	1	6.78	6.78	10.0716	
761	1	6.76	6.76	10.2624	
762	1	6.76	6.76	10.3424	
763	1	6.77	6.77	10.2971	
764	1	6.8	6.8	10.28	
765	1	6.73	6.73	10.4771	
766	1	6.82	6.82	10.4276	
767	1	6.81	6.81	10.4939	
768	1	6.81	6.81	10.7939	
769	1	6.81	6.81	11.0739	
770	1	6.8	6.8	11.04	
771	1	6.89	6.89	11.2779	
772	1	6.86	6.86	11.3204	
773	1	6.84	6.84	11.5344	
774	1	6.82	6.82	11.6476	
775	1	6.8	6.8	11.74	
776	1	6.78	6.78	11.7516	
777	1	6.86	6.86	12.0604	
778	1	6.92	6.92	11.8936	
779	1	7	7	12.2	
780	1	6.95	6.95	11.9475	
781	1	6.96	6.96	12.2384	
782	1	6.98	6.98	12.2396	
783	1	7.14	7.14	12.4404	
784	1	7.2	7.2	12.4	
785	1	7.23	7.23	11.8971	
786	1	7.08	7.08	11.6736	
787	1	7.05	7.05	11.5275	
788	1	7.09	7.09	11.5019	
789	1	7.03	7.03	12.0491	
790	1	7.1	7.1	11.89	
791	1	7.12	7.12	11.8856	
792	1	7.16	7.16	11.8344	
793	1	7.13	7.13	12.1731	
794	1	7.16	7.16	11.9544	
795	1	7.08	7.08	11.6536	
796	1	7.06	7.06	11.8964	
797	1	7.15	7.15	11.4675	
798	1	7.13	7.13	11.4731	
799	1	7.14	7.14	11.3004	
800	1	7.18	7.18	10.9476	
801	1	7.19	7.19	10.9139	
802	1	7.18	7.18	11.2876	
803	1	7.2	7.2	10.98	
804	1	7.16	7.16	11.0944	
805	1	7.16	7.16	11.3744	
806	1	7.14	7.14	11.4604	
807	1	7.22	7.22	11.7316	
808	1	7.22	7.22	11.6916	
809	1	7.28	7.28	11.5416	
810	1	7.24	7.24	11.5424	
811	1	7.27	7.27	11.5371	
812	1	7.27	7.27	11.5171	
813	1	7.28	7.28	11.5616	
814	1	7.33	7.33	11.6611	
815	1	7.28	7.28	11.9616	
816	1	7.42	7.42	12.0636	
817	1	7.41	7.41	12.1619	
818	1	7.43	7.43	12.2451	
819	1	7.5	7.5	12.49	
820	1	7.56	7.56	12.5064	
821	1	7.57	7.57	12.6451	
822	1	7.6	7.6	12.72	
823	1	7.66	7.66	12.9044	
824	1	7.75	7.75	12.9675	
825	1	7.76	7.76	13.5024	
826	1	7.75	7.75	13.1075	
827	1	7.74	7.74	13.1724	
828	1	7.71	7.71	13.7259	
829	1	7.71	7.71	13.9259	
830	1	7.67	7.67	13.9211	
831	1	7.63	7.63	13.3731	
832	1	7.55	7.55	13.3875	
833	1	7.52	7.52	13.4096	
834	1	7.56	7.56	13.3464	
835	1	7.59	7.59	13.0819	
836	1	7.56	7.56	13.0064	
837	1	7.56	7.56	12.7464	
838	1	7.58	7.58	12.9836	
839	1	7.58	7.58	12.8436	
840	1	7.51	7.51	13.3299	
841	1	7.51	7.51	13.5499	
842	1	7.63	7.63	13.9131	
843	1	7.73	7.73	13.3571	
844	1	7.72	7.72	13.4016	
845	1	7.69	7.69	13.2739	
846	1	7.7	7.7	12.95	
847	1	7.7	7.7	12.63	
848	1	7.64	7.64	12.9904	
849	1	7.65	7.65	12.7475	
850	1	7.67	7.67	12.6611	
851	1	7.62	7.62	12.6556	
852	1	7.7	7.7	12.65	
853	1	7.71	7.71	12.4259	
854	1	7.69	7.69	12.7139	
855	1	7.67	7.67	12.8411	
856	1	7.64	7.64	12.8704	
857	1	7.66	7.66	12.7244	
858	1	7.7	7.7	12.87	
859	1	7.83	7.83	12.3811	
860	1	7.74	7.74	12.4124	
861	1	7.79	7.79	12.6859	
862	1	7.88	7.88	12.7856	
863	1	7.91	7.91	12.7819	
864	1	7.93	7.93	13.0851	
865	1	7.9	7.9	13.09	
866	1	7.85	7.85	13.1275	
867	1	7.91	7.91	13.6019	
868	1	8.04	8.04	13.5584	
869	1	8.18	8.18	12.9476	
870	1	8.23	8.23	12.7571	
871	1	8.19	8.19	12.9939	
872	1	8.21	8.21	12.9859	
873	1	8.2	8.2	13.48	
874	1	8.18	8.18	13.5076	
875	1	8.2	8.2	13.58	
876	1	8.27	8.27	13.8971	
877	1	8.28	8.28	13.7216	
878	1	8.31	8.31	13.6739	
879	1	8.31	8.31	14.3139	
880	1	8.39	8.39	13.7579	
881	1	8.44	8.44	14.2664	
882	1	8.39	8.39	14.6379	
883	1	8.28	8.28	15.2016	
884	1	8.46	8.46	15.3484	
885	1	8.49	8.49	14.9699	
886	1	8.45	8.45	15.2475	
887	1	8.5	8.5	15.23	
888	1	8.48	8.48	15.3696	
889	1	8.57	8.57	14.7451	
890	1	8.55	8.55	14.6075	
891	1	8.47	8.47	14.8091	
892	1	8.48	8.48	15.1496	
893	1	8.51	8.51	14.6699	
894	1	8.68	8.68	14.8576	
895	1	8.75	8.75	14.7875	
896	1	8.61	8.61	14.6179	
897	1	8.53	8.53	14.8491	
898	1	8.52	8.52	15.0496	
899	1	8.53	8.53	14.6891	
900	1	8.62	8.62	14.2756	
901	1	8.67	8.67	14.0211	
902	1	8.75	8.75	13.6675	
903	1	8.95	8.95	14.0675	
904	1	9.02	9.02	13.9196	
905	1	9.06	9.06	13.4964	
906	1	9	9	13.5	
907	1	8.95	8.95	12.9675	
908	1	8.93	8.93	13.3251	
909	1	8.92	8.92	13.6736	
910	1	9.03	9.03	13.4491	
911	1	9.17	9.17	14.0211	
912	1	9.22	9.22	14.2316	
913	1	9.27	9.27	14.1371	
914	1	9.25	9.25	14.0075	
915	1	9.31	9.31	13.7539	
916	1	9.18	9.18	12.9276	
917	1	9.25	9.25	12.9275	
918	1	9.12	9.12	12.1656	
919	1	9.12	9.12	11.9456	
920	1	9.14	9.14	11.6804	
921	1	9.13	9.13	11.0731	
922	1	9.18	9.18	10.9076	
923	1	9.38	9.38	10.4756	
924	1	9.41	9.41	10.4819	
925	1	9.53	9.53	10.6491	
926	1	9.56	9.56	10.8864	
927	1	9.52	9.52	11.2896	
928	1	9.52	9.52	11.4096	
929	1	9.49	9.49	11.4099	
930	1	9.41	9.41	11.5619	
931	1	9.45	9.45	11.1075	
932	1	9.42	9.42	10.9236	
933	1	9.45	9.45	10.9275	
934	1	9.48	9.48	11.2696	
935	1	9.41	9.41	11.0419	
936	1	9.33	9.33	11.3411	
937	1	9.32	9.32	11.5776	
938	1	9.35	9.35	11.5275	
939	1	9.37	9.37	11.6331	
940	1	9.4	9.4	11.48	
941	1	9.45	9.45	11.4075	
942	1	9.5	9.5	11.29	
943	1	9.48	9.48	11.6896	
944	1	9.41	9.41	12.1019	
945	1	9.46	9.46	11.9684	
946	1	9.53	9.53	11.1291	
947	1	9.49	9.49	11.4499	
948	1	9.48	9.48	11.7296	
949	1	9.59	9.59	11.2419	
950	1	9.69	9.69	10.9739	
951	1	9.64	9.64	11.0904	
952	1	9.75	9.75	10.9275	
953	1	9.82	9.82	10.8876	
954	1	9.79	9.79	11.1259	
955	1	9.8	9.8	11.28	
956	1	9.94	9.94	10.5764	
957	1	10.07	10.07	10.1651	
958	1	10.18	10.18	10.4476	
959	1	10.25	10.25	10.3475	
960	1	10.24	10.24	10.6424	
961	1	10.27	10.27	10.5171	
962	1	10.3	10.3	10.77	
963	1	10.41	10.41	10.5019	
964	1	10.52	10.52	10.6496	
965	1	10.51	10.51	10.9699	
966	1	10.51	10.51	10.4499	
967	1	10.63	10.63	10.3531	
968	1	10.65	10.65	9.7075	
969	1	10.53	10.53	8.8891	
970	1	10.48	10.48	8.8696	
971	1	10.56	10.56	8.6464	
972	1	10.49	10.49	9.1099	
973	1	10.49	10.49	9.0299	
974	1	10.6	10.6	9.02	
975	1	10.43	10.43	9.0451	
976	1	10.32	10.32	9.5976	
977	1	10.28	10.28	9.9016	
978	1	10.31	10.31	9.9539	
979	1	10.27	10.27	10.3171	
980	1	10.28	10.28	10.3816	
981	1	10.29	10.29	10.0459	
982	1	10.28	10.28	10.4616	
983	1	10.25	10.25	11.5475	
984	1	10.3	10.3	11.47	
985	1	10.17	10.17	11.8811	
986	1	9.97	9.97	12.0291	
987	1	9.99	9.99	12.7899	
988	1	9.9	9.9	13.07	
989	1	9.74	9.74	13.1324	
990	1	9.79	9.79	12.5859	
991	1	9.76	9.76	12.6024	
992	1	9.84	9.84	12.6144	
993	1	10.02	10.02	13.2396	
994	1	10.07	10.07	13.0051	
995	1	10.08	10.08	12.6536	
996	1	10.07	10.07	13.0651	
997	1	10.07	10.07	13.0051	
998	1	10.07	10.07	12.7851	
999	1	10.05	10.05	12.9275	
1000	1	10.12	10.12	12.5856	
1001	1	10.21	10.21	12.1459	
1002	1	10.21	10.21	12.3059	
1003	1	10.04	10.04	12.4184	
1004	1	10.02	10.02	12.3396	
1005	1	10.09	10.09	11.8219	
1006	1	10.14	10.14	11.1404	
1007	1	10.09	10.09	11.0619	
1008	1	9.97	9.97	11.3491	
1009	1	9.99	9.99	11.8499	
1010	1	9.96	9.96	11.5984	
1011	1	9.95	9.95	11.7675	
1012	1	9.94	9.94	11.4964	
1013	1	10	10	11.38	
1014	1	10.05	10.05	11.1875	
1015	1	10.07	10.07	11.2251	
1016	1	10.05	10.05	11.3475	
1017	1	10.01	10.01	11.5299	
1018	1	9.9	9.9	11.23	
1019	1	9.9	9.9	11.03	
1020	1	9.88	9.88	11.0856	
1021	1	9.8	9.8	11.38	
1022	1	9.82	9.82	11.3476	
1023	1	9.92	9.92	11.4736	
1024	1	10.08	10.08	11.6936	
1025	1	10.09	10.09	11.8619	
1026	1	10.25	10.25	12.8275	
1027	1	10.26	10.26	12.8124	
1028	1	10.17	10.17	12.8811	
1029	1	10.1	10.1	13.15	
1030	1	10.01	10.01	12.9699	
1031	1	10.03	10.03	12.8891	
1032	1	9.96	9.96	13.1784	
1033	1	9.97	9.97	13.4491	
1034	1	10.07	10.07	14.1051	
1035	1	10.04	10.04	14.3784	
1036	1	9.99	9.99	14.8899	
1037	1	10.07	10.07	14.4851	
1038	1	10.19	10.19	14.0539	
1039	1	10.16	10.16	14.1544	
1040	1	10.09	10.09	14.6419	
1041	1	10.13	10.13	15.0731	
1042	1	10.22	10.22	14.6716	
1043	1	10.07	10.07	14.7451	
1044	1	10.2	10.2	14.74	
1045	1	10.11	10.11	15.1579	
1046	1	10.15	10.15	15.1675	
1047	1	10.19	10.19	14.9339	
1048	1	10.06	10.06	15.0964	
1049	1	10.19	10.19	15.2539	
1050	1	10.16	10.16	15.6944	
1051	1	10.13	10.13	15.8131	
1052	1	10.05	10.05	16.2475	
1053	1	10.15	10.15	16.3275	
1054	1	10.22	10.22	15.9316	
1055	1	10.23	10.23	15.9371	
1056	1	10.33	10.33	16.2611	
1057	1	10.38	10.38	15.8756	
1058	1	10.37	10.37	16.0131	
1059	1	10.29	10.29	16.3859	
1060	1	10.26	10.26	16.6724	
1061	1	10.3	10.3	16.65	
1062	1	10.29	10.29	16.3059	
1063	1	10.25	10.25	16.3275	
1064	1	10.27	10.27	16.2371	
1065	1	10.28	10.28	15.6416	
1066	1	10.29	10.29	15.4259	
1067	1	10.37	10.37	15.5931	
1068	1	10.46	10.46	15.6484	
1069	1	10.44	10.44	15.2264	
1070	1	10.48	10.48	15.0896	
1071	1	10.64	10.64	15.3304	
1072	1	10.56	10.56	15.1464	
1073	1	10.53	10.53	14.7891	
1074	1	10.5	10.5	14.91	
1075	1	10.5	10.5	14.91	
1076	1	10.57	10.57	14.8051	
1077	1	10.55	10.55	15.0275	
1078	1	10.73	10.73	15.3571	
1079	1	10.71	10.71	15.4459	
1080	1	11	11	16.34	
1081	1	10.97	10.97	16.2091	
1082	1	10.96	10.96	16.3784	
1083	1	10.98	10.98	16.3596	
1084	1	11.07	11.07	16.5651	
1085	1	11.08	11.08	16.4936	
1086	1	11.22	11.22	16.1916	
1087	1	11.25	11.25	16.2675	
1088	1	11.44	11.44	16.7264	
1089	1	11.35	11.35	16.7075	
1090	1	11.39	11.39	16.6779	
1091	1	11.27	11.27	16.8971	
1092	1	11.37	11.37	16.8931	
1093	1	11.23	11.23	16.5371	
1094	1	11.08	11.08	16.9136	
1095	1	11.04	11.04	16.4784	
1096	1	10.87	10.87	15.9131	
1097	1	10.71	10.71	15.6459	
1098	1	10.67	10.67	15.5211	
1099	1	10.7	10.7	15.95	
1100	1	10.85	10.85	15.7675	
1101	1	10.68	10.68	15.6376	
1102	1	10.72	10.72	14.6416	
1103	1	10.68	10.68	14.1576	
1104	1	10.64	10.64	14.3904	
1105	1	10.57	10.57	14.4851	
1106	1	10.62	10.62	14.1756	
1107	1	10.76	10.76	14.2824	
1108	1	10.91	10.91	14.0619	
1109	1	10.88	10.88	14.2656	
1110	1	10.94	10.94	14.0964	
1111	1	11.04	11.04	13.7784	
1112	1	10.93	10.93	13.7251	
1113	1	10.93	10.93	13.5651	
1114	1	10.95	10.95	14.3875	
1115	1	10.82	10.82	14.3276	
1116	1	10.65	10.65	14.4675	
1117	1	10.69	10.69	14.2539	
1118	1	10.77	10.77	14.9371	
1119	1	10.88	10.88	14.9656	
1120	1	10.97	10.97	15.2691	
1121	1	11.04	11.04	15.6584	
1122	1	11.05	11.05	16.3075	
1123	1	11.19	11.19	16.9739	
1124	1	11.2	11.2	16.54	
1125	1	11.27	11.27	16.9971	
1126	1	11.19	11.19	17.1939	
1127	1	11.16	11.16	17.2344	
1128	1	11.09	11.09	17.0419	
1129	1	10.98	10.98	16.4996	
1130	1	10.92	10.92	16.3136	
1131	1	10.93	10.93	16.0851	
1132	1	10.88	10.88	15.8656	
1133	1	10.97	10.97	15.4491	
1134	1	11.04	11.04	15.7184	
1135	1	11.04	11.04	15.4784	
1136	1	11.19	11.19	15.3739	
1137	1	11.17	11.17	14.9411	
1138	1	11.02	11.02	13.7196	
1139	1	11.02	11.02	13.8196	
1140	1	10.9	10.9	13.57	
1141	1	10.86	10.86	13.6204	
1142	1	10.82	10.82	13.8276	
1143	1	10.88	10.88	13.0056	
1144	1	10.95	10.95	12.7475	
1145	1	11.06	11.06	12.4764	
1146	1	11.2	11.2	12.24	
1147	1	11.19	11.19	12.3939	
1148	1	11.07	11.07	12.2651	
1149	1	11.07	11.07	12.1851	
1150	1	11.03	11.03	12.0291	
1151	1	11.11	11.11	11.7779	
1152	1	11.13	11.13	11.7731	
1153	1	11.19	11.19	11.6539	
1154	1	11.14	11.14	11.7804	
1155	1	11.11	11.11	12.2179	
1156	1	11.21	11.21	12.5859	
1157	1	11.22	11.22	12.3916	
1158	1	11.24	11.24	12.6624	
1159	1	11.29	11.29	12.5059	
1160	1	11.41	11.41	11.9019	
1161	1	11.52	11.52	11.8696	
1162	1	11.43	11.43	12.3451	
1163	1	11.48	11.48	12.6296	
1164	1	11.53	11.53	12.5491	
1165	1	11.51	11.51	12.3899	
1166	1	11.62	11.62	12.5756	
1167	1	11.65	11.65	13.1275	
1168	1	11.76	11.76	12.7624	
1169	1	11.78	11.78	12.7716	
1170	1	11.83	11.83	12.5211	
1171	1	11.86	11.86	12.5604	
1172	1	11.85	11.85	12.4875	
1173	1	11.77	11.77	12.7571	
1174	1	11.82	11.82	12.5676	
1175	1	11.96	11.96	11.9784	
1176	1	11.94	11.94	12.2964	
1177	1	12	12	11.82	
1178	1	12.02	12.02	11.5796	
1179	1	12.06	12.06	11.4364	
1180	1	12.06	12.06	11.0764	
1181	1	12.07	12.07	11.1251	
1182	1	12.07	12.07	11.1651	
1183	1	12.09	12.09	10.8419	
1184	1	12.04	12.04	10.9984	
1185	1	12.1	12.1	11.01	
1186	1	12.05	12.05	10.7875	
1187	1	12.14	12.14	10.5604	
1188	1	12.28	12.28	10.3016	
1189	1	12.24	12.24	11.0024	
1190	1	12.22	12.22	11.0516	
1191	1	12.16	12.16	11.2344	
1192	1	12.24	12.24	10.8024	
1193	1	12.25	12.25	10.7275	
1194	1	12.29	12.29	10.6659	
1195	1	12.17	12.17	10.9611	
1196	1	12.22	12.22	10.7316	
1197	1	12.26	12.26	10.5724	
1198	1	12.42	12.42	10.6236	
1199	1	12.31	12.31	10.4539	
1200	1	12.22	12.22	10.6916	
1201	1	12.25	12.25	10.7275	
1202	1	12.34	12.34	10.3444	
1203	1	12.23	12.23	10.6171	
1204	1	12.12	12.12	11.3656	
1205	1	12.1	12.1	11.13	
1206	1	12.16	12.16	10.9344	
1207	1	12.14	12.14	10.5404	
1208	1	12.01	12.01	9.7699	
1209	1	12.04	12.04	9.6784	
1210	1	12.02	12.02	10.0596	
1211	1	12	12	10.1	
1212	1	11.85	11.85	10.7075	
1213	1	11.78	11.78	10.7516	
1214	1	11.78	11.78	10.8116	
1215	1	11.91	11.91	10.6419	
1216	1	11.95	11.95	10.7675	
1217	1	12.08	12.08	10.9336	
1218	1	12.17	12.17	10.2811	
1219	1	12.14	12.14	10.4404	
1220	1	12.14	12.14	10.9004	
1221	1	12.09	12.09	11.0819	
1222	1	12.04	12.04	11.3384	
1223	1	12.01	12.01	11.3099	
1224	1	12.12	12.12	11.2656	
1225	1	12.09	12.09	10.8619	
1226	1	12.08	12.08	10.6936	
1227	1	12.07	12.07	11.2051	
1228	1	12.06	12.06	11.4564	
1229	1	12	12	11.04	
1230	1	12.06	12.06	10.7764	
1231	1	12.09	12.09	10.5219	
1232	1	11.99	11.99	10.8099	
1233	1	12.14	12.14	10.1804	
1234	1	12.15	12.15	10.2875	
1235	1	12.13	12.13	10.5131	
1236	1	12.11	12.11	9.8379	
1237	1	12.14	12.14	9.9004	
1238	1	12.12	12.12	10.0056	
1239	1	12.06	12.06	10.2964	
1240	1	11.99	11.99	10.0699	
1241	1	12.03	12.03	10.0091	
1242	1	12.07	12.07	10.1651	
1243	1	11.97	11.97	10.3091	
1244	1	11.99	11.99	10.4499	
1245	1	11.93	11.93	10.5051	
1246	1	11.93	11.93	10.6251	
1247	1	12.01	12.01	10.2899	
1248	1	12.08	12.08	10.1536	
1249	1	12.03	12.03	10.5491	
1250	1	11.98	11.98	10.4996	
1251	1	11.96	11.96	10.0984	
1252	1	11.96	11.96	10.0984	
1253	1	11.92	11.92	9.9736	
1254	1	12.04	12.04	9.5784	
1255	1	12.02	12.02	9.8396	
1256	1	12.1	12.1	9.75	
1257	1	12.12	12.12	9.8456	
1258	1	12.08	12.08	9.8736	
1259	1	12.11	12.11	9.8979	
1260	1	12.19	12.19	9.7939	
1261	1	12.24	12.24	9.6424	
1262	1	12.34	12.34	9.7844	
1263	1	12.37	12.37	9.6331	
1264	1	12.3	12.3	9.95	
1265	1	12.42	12.42	9.2436	
1266	1	12.46	12.46	9.1684	
1267	1	12.47	12.47	9.1291	
1268	1	12.43	12.43	8.9251	
1269	1	12.38	12.38	9.0956	
1270	1	12.47	12.47	8.7691	
1271	1	12.66	12.66	8.4244	
1272	1	12.63	12.63	8.8331	
1273	1	12.63	12.63	9.0531	
1274	1	12.75	12.75	8.8675	
1275	1	12.76	12.76	8.7024	
1276	1	12.64	12.64	9.0704	
1277	1	12.69	12.69	9.1339	
1278	1	12.72	12.72	8.9616	
1279	1	12.66	12.66	9.2244	
1280	1	12.72	12.72	9.1216	
1281	1	12.73	12.73	9.1771	
1282	1	12.65	12.65	8.6275	
1283	1	12.69	12.69	8.2539	
1284	1	12.77	12.77	8.1771	
1285	1	12.76	12.76	8.1824	
1286	1	12.78	12.78	8.0316	
1287	1	12.83	12.83	7.8211	
1288	1	12.8	12.8	8.1	
1289	1	12.74	12.74	8.1724	
1290	1	12.7	12.7	8.41	
1291	1	12.87	12.87	8.0331	
1292	1	12.9	12.9	8.45	
1293	1	12.85	12.85	8.4875	
1294	1	12.94	12.94	7.7564	
1295	1	12.95	12.95	7.6275	
1296	1	13.07	13.07	6.8451	
1297	1	13.13	13.13	6.5731	
1298	1	13.16	13.16	6.3944	
1299	1	13.22	13.22	6.1716	
1300	1	13.18	13.18	6.3876	
1301	1	13.23	13.23	6.2171	
1302	1	13.25	13.25	6.3075	
1303	1	13.24	13.24	6.3824	
1304	1	13.23	13.23	6.2171	
1305	1	13.23	13.23	6.2371	
1306	1	13.21	13.21	6.2459	
1307	1	13.14	13.14	6.6004	
1308	1	13.01	13.01	6.3299	
1309	1	12.97	12.97	6.2891	
1310	1	12.99	12.99	6.1899	
1311	1	12.96	12.96	5.9984	
1312	1	12.97	12.97	6.0291	
1313	1	13.06	13.06	5.9364	
1314	1	13	13	5.86	
1315	1	12.99	12.99	5.6299	
1316	1	13.1	13.1	5.79	
1317	1	13.18	13.18	5.7876	
1318	1	13.22	13.22	5.8316	
1319	1	13.18	13.18	5.5276	
1320	1	13.22	13.22	5.5516	
1321	1	13.05	13.05	6.1275	
1322	1	13.08	13.08	6.2136	
1323	1	13.07	13.07	6.4851	
1324	1	13.05	13.05	6.8475	
1325	1	13.02	13.02	6.3996	
1326	1	13.03	13.03	6.6291	
1327	1	13.1	13.1	6.33	
1328	1	13.12	13.12	5.5456	
1329	1	13.16	13.16	5.5144	
1330	1	13.11	13.11	5.2779	
1331	1	13.18	13.18	5.1476	
1332	1	13.23	13.23	5.1371	
1333	1	13.34	13.34	5.1044	
1334	1	13.44	13.44	4.7464	
1335	1	13.37	13.37	5.0931	
1336	1	13.29	13.29	5.2259	
1337	1	13.36	13.36	5.1304	
1338	1	13.31	13.31	5.1739	
1339	1	13.26	13.26	4.9124	
1340	1	13.2	13.2	4.72	
1341	1	13.25	13.25	4.5675	
1342	1	13.3	13.3	4.49	
1343	1	13.3	13.3	4.67	
1344	1	13.33	13.33	4.7211	
1345	1	13.35	13.35	4.6275	
1346	1	13.4	13.4	4.42	
1347	1	13.31	13.31	4.3739	
1348	1	13.3	13.3	4.27	
1349	1	13.28	13.28	4.1816	
1350	1	13.26	13.26	4.3524	
1351	1	13.27	13.27	4.7571	
1352	1	13.38	13.38	4.6556	
1353	1	13.38	13.38	4.6756	
1354	1	13.33	13.33	4.8011	
1355	1	13.35	13.35	5.0075	
1356	1	13.36	13.36	5.0704	
1357	1	13.3	13.3	4.99	
1358	1	13.36	13.36	4.7704	
1359	1	13.36	13.36	4.6304	
1360	1	13.49	13.49	4.7499	
1361	1	13.43	13.43	4.6451	
1362	1	13.42	13.42	4.6436	
1363	1	13.33	13.33	4.7611	
1364	1	13.36	13.36	4.8504	
1365	1	13.35	13.35	4.8275	
1366	1	13.37	13.37	4.9731	
1367	1	13.42	13.42	5.1436	
1368	1	13.38	13.38	5.0956	
1369	1	13.36	13.36	5.1304	
1370	1	13.33	13.33	4.8611	
1371	1	13.35	13.35	5.0875	
1372	1	13.4	13.4	4.92	
1373	1	13.42	13.42	4.7236	
1374	1	13.39	13.39	4.8179	
1375	1	13.42	13.42	4.9236	
1376	1	13.42	13.42	4.6436	
1377	1	13.49	13.49	4.5099	
1378	1	13.35	13.35	4.4675	
1379	1	13.32	13.32	4.6176	
1380	1	13.38	13.38	5.0356	
1381	1	13.43	13.43	5.0451	
1382	1	13.39	13.39	5.1779	
1383	1	13.43	13.43	5.3651	
1384	1	13.48	13.48	5.6496	
1385	1	13.51	13.51	5.5499	
1386	1	13.55	13.55	5.7075	
1387	1	13.57	13.57	5.6051	
1388	1	13.61	13.61	5.6779	
1389	1	13.58	13.58	5.4836	
1390	1	13.55	13.55	5.8075	
1391	1	13.61	13.61	5.7779	
1392	1	13.59	13.59	5.8019	
1393	1	13.63	13.63	5.6931	
1394	1	13.68	13.68	5.7176	
1395	1	13.63	13.63	5.6931	
1396	1	13.64	13.64	5.6704	
1397	1	13.66	13.66	5.8244	
1398	1	13.68	13.68	5.9576	
1399	1	13.71	13.71	5.9659	
1400	1	13.73	13.73	5.7771	
1401	1	13.73	13.73	5.6571	
1402	1	13.71	13.71	5.8059	
1403	1	13.76	13.76	5.8624	
1404	1	13.75	13.75	5.7875	
1405	1	13.71	13.71	5.9859	
1406	1	13.72	13.72	6.1016	
1407	1	13.71	13.71	6.1059	
1408	1	13.75	13.75	5.7875	
1409	1	13.67	13.67	6.0811	
1410	1	13.72	13.72	6.0216	
1411	1	13.77	13.77	5.8771	
1412	1	13.76	13.76	6.0824	
1413	1	13.77	13.77	6.1971	
1414	1	13.73	13.73	6.4571	
1415	1	13.74	13.74	6.4124	
1416	1	13.77	13.77	6.5371	
1417	1	13.82	13.82	6.4476	
1418	1	13.79	13.79	6.2859	
1419	1	13.78	13.78	6.4516	
1420	1	13.72	13.72	6.5416	
1421	1	13.73	13.73	6.6171	
1422	1	13.65	13.65	6.8075	
1423	1	13.69	13.69	6.7739	
1424	1	13.66	13.66	6.9444	
1425	1	13.68	13.68	6.6976	
1426	1	13.67	13.67	6.6011	
1427	1	13.67	13.67	6.5611	
1428	1	13.62	13.62	6.7956	
1429	1	13.63	13.63	6.9731	
1430	1	13.64	13.64	6.6904	
1431	1	13.59	13.59	6.8619	
1432	1	13.63	13.63	6.7331	
1433	1	13.66	13.66	6.6844	
1434	1	13.68	13.68	6.7376	
1435	1	13.69	13.69	6.7939	
1436	1	13.77	13.77	6.4771	
1437	1	13.75	13.75	6.6875	
1438	1	13.71	13.71	6.7059	
1439	1	13.68	13.68	6.6976	
1440	1	13.81	13.81	6.4539	
1441	1	13.84	13.84	6.6744	
1442	1	13.79	13.79	6.6259	
1443	1	13.8	13.8	6.9	
1444	1	13.71	13.71	7.1659	
1445	1	13.72	13.72	7.2016	
1446	1	13.69	13.69	7.2539	
1447	1	13.77	13.77	7.4571	
1448	1	13.77	13.77	7.2971	
1449	1	13.82	13.82	7.2476	
1450	1	13.8	13.8	7.28	
1451	1	13.75	13.75	7.3075	
1452	1	13.68	13.68	7.3976	
1453	1	13.62	13.62	7.6356	
1454	1	13.65	13.65	7.6675	
1455	1	13.69	13.69	7.7939	
1456	1	13.64	13.64	7.6504	
1457	1	13.63	13.63	7.5931	
1458	1	13.67	13.67	7.4811	
1459	1	13.67	13.67	7.5611	
1460	1	13.67	13.67	7.7411	
1461	1	13.81	13.81	7.6139	
1462	1	13.75	13.75	7.3475	
1463	1	13.76	13.76	7.2824	
1464	1	13.79	13.79	7.3659	
1465	1	13.75	13.75	7.2075	
1466	1	13.75	13.75	7.6075	
1467	1	13.68	13.68	8.1376	
1468	1	13.78	13.78	7.9916	
1469	1	13.75	13.75	8.1275	
1470	1	13.8	13.8	8.32	
1471	1	13.85	13.85	8.2475	
1472	1	13.84	13.84	8.8544	
1473	1	13.83	13.83	8.9211	
1474	1	13.8	13.8	9.06	
1475	1	13.81	13.81	9.4339	
1476	1	13.72	13.72	9.7816	
1477	1	13.68	13.68	9.2376	
1478	1	13.78	13.78	8.8716	
1479	1	13.75	13.75	8.8475	
1480	1	13.78	13.78	8.5316	
1481	1	13.78	13.78	8.7716	
1482	1	13.74	13.74	8.9324	
1483	1	13.82	13.82	8.7276	
1484	1	13.84	13.84	8.6744	
1485	1	13.81	13.81	8.6539	
1486	1	13.85	13.85	8.4875	
1487	1	14.02	14.02	8.3196	
1488	1	13.93	13.93	8.7051	
1489	1	13.9	13.9	8.61	
1490	1	14.02	14.02	8.0996	
1491	1	13.98	13.98	8.0796	
1492	1	14.07	14.07	8.1451	
1493	1	14.07	14.07	8.1051	
1494	1	14.02	14.02	8.1996	
1495	1	14.04	14.04	8.1584	
1496	1	13.99	13.99	8.3099	
1497	1	14.04	14.04	8.0184	
1498	1	14.09	14.09	7.8419	
1499	1	14.09	14.09	8.2619	
1500	1	14.01	14.01	8.5099	
1501	1	13.91	13.91	9.0019	
1502	1	13.9	13.9	9.05	
1503	1	13.91	13.91	9.1019	
1504	1	13.86	13.86	9.4804	
1505	1	13.87	13.87	9.4131	
1506	1	13.94	13.94	8.9764	
1507	1	13.95	13.95	9.5275	
1508	1	13.89	13.89	9.4579	
1509	1	14	14	9.54	
1510	1	14.05	14.05	9.4675	
1511	1	13.99	13.99	9.7099	
1512	1	14.02	14.02	9.6596	
1513	1	14.02	14.02	9.9796	
1514	1	13.95	13.95	10.2875	
1515	1	13.95	13.95	10.2275	
1516	1	13.98	13.98	10.2396	
1517	1	13.97	13.97	10.4691	
1518	1	14.03	14.03	10.3291	
1519	1	14.04	14.04	9.8784	
1520	1	14.02	14.02	10.0396	
1521	1	14.04	14.04	10.0584	
1522	1	14.01	14.01	9.6899	
1523	1	14.11	14.11	9.6779	
1524	1	14.09	14.09	9.5219	
1525	1	14.16	14.16	9.1144	
1526	1	14.22	14.22	9.0916	
1527	1	14.23	14.23	9.0771	
1528	1	14.2	14.2	9.66	
1529	1	14.29	14.29	9.1659	
1530	1	14.28	14.28	9.5816	
1531	1	14.37	14.37	9.7531	
1532	1	14.31	14.31	10.0139	
1533	1	14.27	14.27	10.1771	
1534	1	14.16	14.16	10.5744	
1535	1	14.02	14.02	10.8796	
1536	1	14.02	14.02	10.9996	
1537	1	14.08	14.08	10.7136	
1538	1	14.16	14.16	10.1144	
1539	1	14.28	14.28	10.0416	
1540	1	14.25	14.25	10.2675	
1541	1	14.31	14.31	10.6539	
1542	1	14.23	14.23	10.6371	
1543	1	14.12	14.12	11.2056	
1544	1	14.13	14.13	11.4131	
1545	1	14.06	14.06	11.1164	
1546	1	14.12	14.12	11.1256	
1547	1	14.13	14.13	11.5531	
1548	1	14.14	14.14	12.0004	
1549	1	14.16	14.16	11.8544	
1550	1	14.12	14.12	11.8056	
1551	1	14.14	14.14	11.5004	
1552	1	14.12	14.12	11.5256	
1553	1	14.06	14.06	11.0964	
1554	1	14.13	14.13	11.0731	
1555	1	14.22	14.22	11.3716	
1556	1	14.23	14.23	11.4971	
1557	1	14.16	14.16	12.4744	
1558	1	14.24	14.24	12.7224	
1559	1	14.29	14.29	12.6459	
1560	1	14.28	14.28	12.7616	
1561	1	14.25	14.25	12.6475	
1562	1	14.24	14.24	12.6624	
1563	1	14.25	14.25	12.3275	
1564	1	14.29	14.29	12.5659	
1565	1	14.27	14.27	12.6571	
1566	1	14.25	14.25	13.0475	
1567	1	14.23	14.23	13.4571	
1568	1	14.21	14.21	13.5259	
1569	1	14.23	14.23	13.5371	
1570	1	14.18	14.18	14.4276	
1571	1	14.17	14.17	14.3611	
1572	1	14.17	14.17	14.4611	
1573	1	14.15	14.15	14.4675	
1574	1	14.19	14.19	15.0539	
1575	1	14.15	14.15	15.3275	
1576	1	14.21	14.21	16.2459	
1577	1	14.21	14.21	16.2859	
1578	1	14.2	14.2	16.66	
1579	1	14.22	14.22	16.6516	
1580	1	14.27	14.27	16.4971	
1581	1	14.29	14.29	16.6059	
1582	1	14.24	14.24	17.0824	
1583	1	14.18	14.18	16.5276	
1584	1	14.23	14.23	17.4371	
1585	1	14.3	14.3	17.29	
1586	1	14.3	14.3	17.03	
1587	1	14.35	14.35	17.0075	
1588	1	14.39	14.39	17.1979	
1589	1	14.36	14.36	16.4104	
1590	1	14.4	14.4	16.62	
1591	1	14.44	14.44	16.9864	
1592	1	14.48	14.48	16.8496	
1593	1	14.43	14.43	16.2251	
1594	1	14.38	14.38	16.1956	
1595	1	14.39	14.39	16.2379	
1596	1	14.32	14.32	16.7576	
1597	1	14.36	14.36	16.3304	
1598	1	14.44	14.44	17.1864	
1599	1	14.46	14.46	17.2084	
1600	1	14.45	14.45	17.0275	
1601	1	14.38	14.38	17.3356	
1602	1	14.47	14.47	18.4491	
1603	1	14.53	14.53	18.2891	
1604	1	14.56	14.56	18.5464	
1605	1	14.59	14.59	18.3419	
1606	1	14.58	14.58	19.2836	
1607	1	14.56	14.56	20.3264	
1608	1	14.55	14.55	20.4075	
1609	1	14.57	14.57	20.4651	
1610	1	14.51	14.51	20.2899	
1611	1	14.52	14.52	19.9296	
1612	1	14.44	14.44	20.0464	
1613	1	14.48	14.48	20.0496	
1614	1	14.54	14.54	20.6684	
1615	1	14.57	14.57	20.2851	
1616	1	14.44	14.44	19.5064	
1617	1	14.41	14.41	19.7819	
1618	1	14.44	14.44	19.5464	
1619	1	14.46	14.46	19.4684	
1620	1	14.48	14.48	19.0496	
1621	1	14.46	14.46	18.9884	
1622	1	14.48	14.48	19.2296	
1623	1	14.55	14.55	19.2675	
1624	1	14.58	14.58	19.3836	
1625	1	14.51	14.51	19.3899	
1626	1	14.55	14.55	19.1875	
1627	1	14.63	14.63	19.7731	
1628	1	14.79	14.79	19.0259	
1629	1	14.77	14.77	19.0971	
1630	1	14.77	14.77	18.8771	
1631	1	14.67	14.67	19.2411	
1632	1	14.66	14.66	19.4844	
1633	1	14.73	14.73	19.8771	
1634	1	14.72	14.72	19.7216	
1635	1	14.76	14.76	19.2824	
1636	1	14.75	14.75	19.0675	
1637	1	14.84	14.84	18.6144	
1638	1	14.89	14.89	18.5379	
1639	1	14.87	14.87	18.4131	
1640	1	14.85	14.85	18.8675	
1641	1	14.87	14.87	19.0531	
1642	1	14.9	14.9	18.41	
1643	1	14.9	14.9	18.29	
1644	1	14.86	14.86	18.4604	
1645	1	14.76	14.76	18.0824	
1646	1	14.72	14.72	18.5216	
1647	1	14.73	14.73	17.8771	
1648	1	14.72	14.72	17.9416	
1649	1	14.85	14.85	18.7275	
1650	1	14.85	14.85	18.1275	
1651	1	15.02	15.02	18.3796	
1652	1	15.11	15.11	18.1179	
1653	1	15.16	15.16	18.4744	
1654	1	15.28	15.28	19.0616	
1655	1	15.28	15.28	19.0416	
1656	1	15.35	15.35	18.4675	
1657	1	15.38	15.38	18.3356	
1658	1	15.34	15.34	18.5244	
1659	1	15.33	15.33	18.6811	
1660	1	15.3	15.3	18.91	
1661	1	15.39	15.39	18.5579	
1662	1	15.42	15.42	18.9236	
1663	1	15.35	15.35	19.0475	
1664	1	15.4	15.4	19.52	
1665	1	15.53	15.53	19.3891	
1666	1	15.51	15.51	19.5899	
1667	1	15.53	15.53	19.5091	
1668	1	15.48	15.48	19.7096	
1669	1	15.44	15.44	19.5064	
1670	1	15.56	15.56	19.9464	
1671	1	15.43	15.43	20.1251	
1672	1	15.46	15.46	20.6484	
1673	1	15.64	15.64	20.3904	
1674	1	15.67	15.67	20.6611	
1675	1	15.68	15.68	20.6776	
1676	1	15.78	15.78	20.7716	
1677	1	15.74	15.74	20.3324	
1678	1	15.71	15.71	20.1859	
1679	1	15.56	15.56	20.4264	
1680	1	15.63	15.63	19.9331	
1681	1	15.67	15.67	20.2011	
1682	1	15.63	15.63	21.1931	
1683	1	15.71	15.71	20.9659	
1684	1	15.68	15.68	22.1176	
1685	1	15.71	15.71	21.8059	
1686	1	15.85	15.85	21.5875	
1687	1	15.79	15.79	21.7859	
1688	1	15.76	15.76	22.0424	
1689	1	15.68	15.68	22.0176	
1690	1	15.69	15.69	21.6739	
1691	1	15.67	15.67	21.7211	
1692	1	15.7	15.7	21.69	
1693	1	15.86	15.86	21.4604	
1694	1	15.75	15.75	21.4075	
1695	1	15.85	15.85	21.8075	
1696	1	15.85	15.85	22.0075	
1697	1	15.88	15.88	21.2856	
1698	1	15.81	15.81	21.1739	
1699	1	15.82	15.82	21.7876	
1700	1	15.87	15.87	21.6531	
1701	1	15.92	15.92	21.6736	
1702	1	15.89	15.89	21.7579	
1703	1	15.96	15.96	21.4984	
1704	1	16	16	21.96	
1705	1	16.12	16.12	20.4256	
1706	1	16.17	16.17	20.6611	
1707	1	16.1	16.1	21.25	
1708	1	16.11	16.11	21.4579	
1709	1	16.11	16.11	21.7379	
1710	1	16.24	16.24	21.2424	
1711	1	16.26	16.26	20.9324	
1712	1	16.2	16.2	21.22	
1713	1	16.16	16.16	21.5344	
1714	1	16.31	16.31	21.8739	
1715	1	16.28	16.28	20.9616	
1716	1	16.16	16.16	21.7744	
1717	1	16.24	16.24	21.4424	
1718	1	16.3	16.3	21.65	
1719	1	16.34	16.34	22.5244	
1720	1	16.4	16.4	24.54	
1721	1	16.57	16.57	23.2251	
1722	1	16.68	16.68	22.8576	
1723	1	16.75	16.75	22.4875	
1724	1	16.77	16.77	23.0171	
1725	1	16.61	16.61	23.5379	
1726	1	16.6	16.6	23.52	
1727	1	16.64	16.64	23.4704	
1728	1	16.63	16.63	23.7131	
1729	1	16.58	16.58	23.2836	
1730	1	16.44	16.44	23.7064	
1731	1	16.41	16.41	24.5619	
1732	1	16.38	16.38	25.4356	
1733	1	16.41	16.41	25.6019	
1734	1	16.62	16.62	25.9956	
1735	1	16.63	16.63	25.9931	
1736	1	16.74	16.74	25.0324	
1737	1	16.84	16.84	24.7344	
1738	1	16.83	16.83	24.8811	
1739	1	16.93	16.93	24.8251	
1740	1	16.96	16.96	24.6384	
1741	1	16.97	16.97	25.2091	
1742	1	17.04	17.04	24.8184	
1743	1	17.11	17.11	24.5179	
1744	1	17.08	17.08	23.5936	
1745	1	17.09	17.09	24.6619	
1746	1	17.03	17.03	25.0491	
1747	1	17.22	17.22	23.9116	
1748	1	17.19	17.19	23.1339	
1749	1	17.21	17.21	22.6059	
1750	1	17.36	17.36	22.2704	
1751	1	17.31	17.31	22.0939	
1752	1	17.33	17.33	22.0811	
1753	1	17.32	17.32	22.8976	
1754	1	17.32	17.32	22.5576	
1755	1	17.19	17.19	23.4339	
1756	1	17.1	17.1	24.11	
1757	1	17.08	17.08	24.5736	
1758	1	17.1	17.1	25.05	
1759	1	17.15	17.15	25.2675	
1760	1	17.28	17.28	24.7816	
1761	1	17.34	17.34	24.4444	
1762	1	17.44	17.44	23.9464	
1763	1	17.43	17.43	23.2251	
1764	1	17.67	17.67	21.9411	
1765	1	17.7	17.7	22.15	
1766	1	17.6	17.6	22.82	
1767	1	17.79	17.79	21.3859	
1768	1	17.8	17.8	23.68	
1769	1	17.66	17.66	24.9444	
1770	1	17.7	17.7	24.37	
1771	1	17.66	17.66	24.7444	
1772	1	17.59	17.59	25.4419	
1773	1	17.54	17.54	26.4684	
1774	1	17.56	17.56	25.9864	
1775	1	17.44	17.44	25.3464	
1776	1	17.43	17.43	25.4451	
1777	1	17.6	17.6	24.36	
1778	1	17.63	17.63	24.6931	
1779	1	17.72	17.72	25.2016	
1780	1	17.72	17.72	26.9216	
1781	1	17.65	17.65	25.1875	
1782	1	17.79	17.79	24.2659	
1783	1	17.93	17.93	25.3451	
1784	1	17.93	17.93	26.3051	
1785	1	17.94	17.94	25.8364	
1786	1	17.86	17.86	26.0804	
1787	1	17.8	17.8	24.72	
1788	1	17.76	17.76	23.8624	
1789	1	17.76	17.76	24.1024	
1790	1	17.77	17.77	23.9571	
1791	1	17.86	17.86	23.4604	
1792	1	17.98	17.98	22.3796	
1793	1	18.1	18.1	22.43	
1794	1	18.15	18.15	21.7275	
1795	1	18.1	18.1	23.15	
1796	1	18.1	18.1	23.51	
1797	1	18.06	18.06	24.4164	
1798	1	18.06	18.06	25.3964	
1799	1	18.12	18.12	25.1856	
1800	1	18.01	18.01	26.2499	
1801	1	18.02	18.02	25.9596	
1802	1	17.94	17.94	26.3164	
1803	1	17.92	17.92	26.1736	
1804	1	17.99	17.99	26.3699	
1805	1	17.98	17.98	26.6196	
1806	1	17.94	17.94	26.8364	
1807	1	17.8	17.8	27.72	
1808	1	17.79	17.79	28.4459	
1809	1	17.74	17.74	28.1324	
1810	1	17.61	17.61	28.8979	
1811	1	17.57	17.57	28.8451	
1812	1	17.72	17.72	28.4416	
1813	1	17.7	17.7	29.01	
1814	1	17.79	17.79	28.7259	
1815	1	17.78	17.78	28.8916	
1816	1	17.66	17.66	30.3244	
1817	1	17.77	17.77	31.1371	
1818	1	17.69	17.69	31.0339	
1819	1	17.67	17.67	30.9811	
1820	1	17.61	17.61	30.9379	
1821	1	17.6	17.6	31.82	
1822	1	17.67	17.67	31.8411	
1823	1	17.79	17.79	31.0659	
1824	1	17.76	17.76	31.3024	
1825	1	17.68	17.68	30.7576	
1826	1	17.65	17.65	30.7875	
1827	1	17.63	17.63	31.0331	
1828	1	17.66	17.66	30.7444	
1829	1	17.68	17.68	30.6176	
1830	1	17.68	17.68	30.6376	
1831	1	17.82	17.82	29.9276	
1832	1	17.75	17.75	30.5875	
1833	1	17.81	17.81	30.4339	
1834	1	17.79	17.79	30.4259	
1835	1	17.83	17.83	29.7011	
1836	1	17.82	17.82	30.0676	
1837	1	17.79	17.79	28.9459	
1838	1	17.84	17.84	28.8344	
1839	1	17.82	17.82	28.6876	
1840	1	17.84	17.84	29.4344	
1841	1	18.03	18.03	29.7091	
1842	1	18.13	18.13	30.4931	
1843	1	18.28	18.28	30.7616	
1844	1	18.22	18.22	30.9716	
1845	1	18.29	18.29	30.9459	
1846	1	18.2	18.2	30	
1847	1	18.18	18.18	30.3476	
1848	1	18.25	18.25	29.6875	
1849	1	18.24	18.24	30.2424	
1850	1	18.16	18.16	31.0744	
1851	1	18.2	18.2	31.18	
1852	1	18.16	18.16	31.1544	
1853	1	18.22	18.22	31.7316	
1854	1	18.28	18.28	31.8416	
1855	1	18.27	18.27	31.4571	
1856	1	18.46	18.46	30.7884	
1857	1	18.37	18.37	31.4531	
1858	1	18.43	18.43	31.7851	
1859	1	18.43	18.43	31.7851	
1860	1	18.51	18.51	31.4099	
1861	1	18.6	18.6	30.54	
1862	1	18.55	18.55	30.3875	
1863	1	18.73	18.73	28.8371	
1864	1	18.69	18.69	28.3739	
1865	1	18.54	18.54	28.8284	
1866	1	18.52	18.52	30.3696	
1867	1	18.56	18.56	28.8664	
1868	1	18.68	18.68	29.5176	
1869	1	18.69	18.69	30.2339	
1870	1	18.8	18.8	29.02	
1871	1	18.86	18.86	28.9804	
1872	1	18.99	18.99	28.6099	
1873	1	19.06	19.06	27.6764	
1874	1	18.97	18.97	28.1891	
1875	1	18.99	18.99	27.6699	
1876	1	19.11	19.11	26.7979	
1877	1	19.1	19.1	26.09	
1878	1	18.99	18.99	27.0299	
1879	1	18.87	18.87	27.5331	
1880	1	18.9	18.9	27.55	
1881	1	18.76	18.76	28.5624	
1882	1	18.56	18.56	27.9664	
1883	1	18.61	18.61	26.8179	
1884	1	18.49	18.49	26.7899	
1885	1	18.67	18.67	25.2011	
1886	1	18.73	18.73	24.1371	
1887	1	18.65	18.65	24.8475	
1888	1	18.77	18.77	23.8971	
1889	1	18.77	18.77	23.6171	
1890	1	18.8	18.8	23.32	
1891	1	18.85	18.85	22.9875	
1892	1	18.91	18.91	22.8819	
1893	1	19.03	19.03	21.2691	
1894	1	18.93	18.93	22.7051	
1895	1	18.91	18.91	23.5619	
1896	1	18.94	18.94	22.7564	
1897	1	19.09	19.09	22.5219	
1898	1	19.06	19.06	22.6964	
1899	1	19.18	19.18	22.6276	
1900	1	19.27	19.27	21.2571	
1901	1	19.14	19.14	21.2804	
1902	1	19.09	19.09	21.9619	
1903	1	19.05	19.05	21.8075	
1904	1	18.81	18.81	23.3339	
1905	1	18.94	18.94	22.7564	
1906	1	18.99	18.99	22.4299	
1907	1	18.98	18.98	22.9796	
1908	1	19.01	19.01	22.4699	
1909	1	19	19	22.16	
1910	1	18.82	18.82	24.3676	
1911	1	18.8	18.8	25.02	
1912	1	18.75	18.75	24.8475	
1913	1	18.76	18.76	25.5424	
1914	1	18.9	18.9	24.69	
1915	1	19.03	19.03	24.5691	
1916	1	18.9	18.9	24.91	
1917	1	18.85	18.85	25.5275	
1918	1	18.86	18.86	26.1004	
1919	1	18.76	18.76	25.9824	
1920	1	18.91	18.91	24.9619	
1921	1	18.7	18.7	26.07	
1922	1	18.84	18.84	25.4744	
1923	1	18.85	18.85	25.0475	
1924	1	19.02	19.02	25.3996	
1925	1	19.13	19.13	24.4331	
1926	1	19.49	19.49	22.6099	
1927	1	19.51	19.51	22.4299	
1928	1	19.62	19.62	21.5356	
1929	1	19.53	19.53	21.0891	
1930	1	19.47	19.47	21.4691	
1931	1	19.53	19.53	20.5891	
1932	1	19.52	19.52	19.3296	
1933	1	19.46	19.46	19.9884	
1934	1	19.45	19.45	20.3475	
1935	1	19.26	19.26	20.9524	
1936	1	19.25	19.25	20.7075	
1937	1	19.37	19.37	20.2531	
1938	1	19.25	19.25	21.1675	
1939	1	19.45	19.45	19.2875	
1940	1	19.39	19.39	20.2179	
1941	1	19.31	19.31	22.0939	
1942	1	19.32	19.32	22.6576	
1943	1	19.3	19.3	23.09	
1944	1	19.31	19.31	23.5939	
1945	1	19.24	19.24	23.2224	
1946	1	19.01	19.01	25.1099	
1947	1	19.17	19.17	24.3811	
1948	1	19.1	19.1	24.91	
1949	1	19.28	19.28	23.0216	
1950	1	19.22	19.22	23.8316	
1951	1	19.59	19.59	21.0619	
1952	1	19.57	19.57	21.4451	
1953	1	19.6	19.6	21.46	
1954	1	19.62	19.62	21.9556	
1955	1	19.59	19.59	22.0819	
1956	1	19.47	19.47	23.1891	
1957	1	19.58	19.58	22.1436	
1958	1	19.6	19.6	21.84	
1959	1	19.76	19.76	20.1824	
1960	1	19.86	19.86	19.6404	
1961	1	19.92	19.92	19.2536	
1962	1	19.91	19.91	19.3619	
1963	1	20.06	20.06	18.1964	
1964	1	20.06	20.06	18.3564	
1965	1	20.2	20.2	16.78	
1966	1	20.36	20.36	15.9904	
1967	1	20.29	20.29	16.6659	
1968	1	20.25	20.25	17.7075	
1969	1	20.11	20.11	18.2579	
1970	1	20.17	20.17	17.4611	
1971	1	20.18	20.18	17.3876	
1972	1	20.19	20.19	17.6339	
1973	1	20.27	20.27	16.8171	
1974	1	20.2	20.2	17.4	
1975	1	20.21	20.21	17.2459	
1976	1	20.48	20.48	15.5096	
1977	1	20.48	20.48	15.6296	
1978	1	20.44	20.44	15.7064	
1979	1	20.28	20.28	16.8416	
1980	1	20.27	20.27	16.8571	
1981	1	20.18	20.18	18.6676	
1982	1	20.12	20.12	19.1656	
1983	1	20.01	20.01	20.3699	
1984	1	19.97	19.97	21.0491	
1985	1	20.17	20.17	19.7211	
1986	1	20.19	20.19	19.7539	
1987	1	20.32	20.32	18.3776	
1988	1	20.45	20.45	17.8875	
1989	1	20.33	20.33	18.0611	
1990	1	20.48	20.48	17.0496	
1991	1	20.5	20.5	17.15	
1992	1	20.41	20.41	18.8419	
1993	1	20.47	20.47	18.2491	
1994	1	20.42	20.42	18.8836	
1995	1	20.54	20.54	17.5284	
1996	1	20.55	20.55	17.6675	
1997	1	20.56	20.56	17.8064	
1998	1	20.75	20.75	16.3675	
1999	1	20.79	20.79	16.4059	
2000	1	20.85	20.85	15.5275	
