# mu = 0.1, s = -0.1, trials requested = 1, runtime = 0:00:00
# "Time"	"Actual trials"	"Mean mutation"	"Average mean mutation"	"Average mutation variance"
0	1	0	0	0	
1	1	0.02	0.02	0.0196	
2	1	0.03	0.03	0.0291	
3	1	0.03	0.03	0.0291	
4	1	0.07	0.07	0.0651	
5	1	0.09	0.09	0.0819	
6	1	0.11	0.11	0.0979	
7	1	0.13	0.13	0.1331	
8	1	0.14	0.14	0.1404	
9	1	0.14	0.14	0.1404	
10	1	0.14	0.14	0.1404	
11	1	0.16	0.16	0.1744	
12	1	0.16	0.16	0.1744	
13	1	0.17	0.17	0.2011	
14	1	0.17	0.17	0.2011	
15	1	0.17	0.17	0.2011	
16	1	0.18	0.18	0.2076	
17	1	0.2	0.2	0.22	
18	1	0.2	0.2	0.22	
19	1	0.18	0.18	0.2076	
20	1	0.18	0.18	0.2076	
21	1	0.21	0.21	0.2459	
22	1	0.22	0.22	0.2716	
23	1	0.22	0.22	0.2716	
24	1	0.22	0.22	0.2716	
25	1	0.2	0.2	0.24	
26	1	0.2	0.2	0.24	
27	1	0.2	0.2	0.24	
28	1	0.19	0.19	0.2339	
29	1	0.16	0.16	0.1944	
30	1	0.13	0.13	0.1731	
31	1	0.16	0.16	0.1944	
32	1	0.14	0.14	0.1404	
33	1	0.15	0.15	0.1475	
34	1	0.17	0.17	0.1611	
35	1	0.18	0.18	0.1676	
36	1	0.19	0.19	0.1739	
37	1	0.2	0.2	0.2	
38	1	0.24	0.24	0.2424	
39	1	0.31	0.31	0.3539	
40	1	0.3	0.3	0.35	
41	1	0.26	0.26	0.2524	
42	1	0.24	0.24	0.2224	
43	1	0.26	0.26	0.2324	
44	1	0.28	0.28	0.2416	
45	1	0.31	0.31	0.2739	
46	1	0.32	0.32	0.2776	
47	1	0.33	0.33	0.2811	
48	1	0.29	0.29	0.2659	
49	1	0.3	0.3	0.27	
50	1	0.31	0.31	0.2739	
51	1	0.32	0.32	0.2776	
52	1	0.35	0.35	0.2875	
53	1	0.35	0.35	0.2875	
54	1	0.37	0.37	0.2931	
55	1	0.36	0.36	0.2704	
56	1	0.37	0.37	0.2731	
57	1	0.41	0.41	0.3019	
58	1	0.45	0.45	0.3075	
59	1	0.49	0.49	0.3299	
60	1	0.54	0.54	0.3284	
61	1	0.54	0.54	0.3284	
62	1	0.6	0.6	0.38	
63	1	0.61	0.61	0.3979	
64	1	0.58	0.58	0.4036	
65	1	0.59	0.59	0.4219	
66	1	0.6	0.6	0.42	
67	1	0.64	0.64	0.4304	
68	1	0.67	0.67	0.4211	
69	1	0.66	0.66	0.4044	
70	1	0.65	0.65	0.4275	
71	1	0.66	0.66	0.4044	
72	1	0.61	0.61	0.3979	
73	1	0.62	0.62	0.3956	
74	1	0.63	0.63	0.3731	
75	1	0.61	0.61	0.3579	
76	1	0.64	0.64	0.3704	
77	1	0.66	0.66	0.4044	
78	1	0.69	0.69	0.4939	
79	1	0.7	0.7	0.53	
80	1	0.74	0.74	0.5524	
81	1	0.75	0.75	0.6075	
82	1	0.79	0.79	0.7459	
83	1	0.73	0.73	0.6371	
84	1	0.7	0.7	0.63	
85	1	0.77	0.77	0.6971	
86	1	0.83	0.83	0.8411	
87	1	0.81	0.81	0.8139	
88	1	0.81	0.81	0.8139	
89	1	0.74	0.74	0.8124	
90	1	0.74	0.74	0.7724	
91	1	0.75	0.75	0.8075	
92	1	0.73	0.73	0.7971	
93	1	0.73	0.73	0.8171	
94	1	0.73	0.73	0.8571	
95	1	0.71	0.71	0.8059	
96	1	0.68	0.68	0.7576	
97	1	0.68	0.68	0.7576	
98	1	0.7	0.7	0.71	
99	1	0.76	0.76	0.7624	
100	1	0.8	0.8	0.76	
101	1	0.82	0.82	0.7276	
102	1	0.84	0.84	0.7144	
103	1	0.84	0.84	0.7344	
104	1	0.9	0.9	0.79	
105	1	0.96	0.96	0.7984	
106	1	0.98	0.98	0.8196	
107	1	1.03	1.03	0.8891	
108	1	1.03	1.03	0.8691	
109	1	1.02	1.02	0.8596	
110	1	1	1	0.86	
111	1	0.97	0.97	0.8291	
112	1	1.02	1.02	0.8996	
113	1	1.05	1.05	0.8675	
114	1	1.03	1.03	0.8491	
115	1	1.01	1.01	0.7899	
116	1	1.01	1.01	0.8299	
117	1	1.01	1.01	0.7899	
118	1	0.98	0.98	0.7596	
119	1	0.98	0.98	0.7596	
120	1	1	1	0.78	
121	1	0.98	0.98	0.8196	
122	1	1.01	1.01	0.8499	
123	1	1.02	1.02	0.8396	
124	1	1.06	1.06	0.8564	
125	1	0.98	0.98	0.8596	
126	1	0.95	0.95	0.8275	
127	1	0.97	0.97	0.8691	
128	1	0.99	0.99	0.8499	
129	1	1.02	1.02	0.8596	
130	1	1.05	1.05	0.8675	
131	1	1.07	1.07	0.8651	
132	1	1.01	1.01	0.8499	
133	1	1	1	0.86	
134	1	1	1	0.88	
135	1	1.04	1.04	0.8784	
136	1	1.04	1.04	0.8584	
137	1	1.05	1.05	0.8675	
138	1	1.02	1.02	0.8796	
139	1	1.02	1.02	0.8796	
140	1	1.03	1.03	0.9091	
141	1	1.07	1.07	0.9251	
142	1	1.11	1.11	0.9579	
143	1	1.03	1.03	0.9691	
144	1	1.03	1.03	0.9691	
145	1	1.07	1.07	0.9651	
146	1	1.09	1.09	0.9819	
147	1	1.08	1.08	0.9736	
148	1	1.09	1.09	1.0419	
149	1	1.08	1.08	1.0936	
150	1	1.07	1.07	1.0851	
151	1	1.08	1.08	1.1736	
152	1	1.06	1.06	1.1964	
153	1	1.05	1.05	1.2075	
154	1	1.05	1.05	1.2075	
155	1	1.06	1.06	1.1764	
156	1	1.12	1.12	1.1256	
157	1	1.14	1.14	1.1204	
158	1	1.14	1.14	1.1604	
159	1	1.19	1.19	1.1339	
160	1	1.23	1.23	1.1371	
161	1	1.33	1.33	1.1411	
162	1	1.31	1.31	1.1339	
163	1	1.37	1.37	1.1731	
164	1	1.4	1.4	1.14	
165	1	1.36	1.36	1.1904	
166	1	1.39	1.39	1.1379	
167	1	1.4	1.4	1.14	
168	1	1.46	1.46	1.0884	
169	1	1.52	1.52	1.0696	
170	1	1.48	1.48	1.1696	
171	1	1.52	1.52	1.2296	
172	1	1.48	1.48	1.2696	
173	1	1.5	1.5	1.25	
174	1	1.48	1.48	1.2896	
175	1	1.48	1.48	1.2896	
176	1	1.47	1.47	1.3091	
177	1	1.53	1.53	1.2691	
178	1	1.49	1.49	1.3099	
179	1	1.41	1.41	1.3219	
180	1	1.37	1.37	1.3531	
181	1	1.31	1.31	1.3339	
182	1	1.35	1.35	1.3275	
183	1	1.36	1.36	1.3504	
184	1	1.38	1.38	1.3156	
185	1	1.35	1.35	1.3475	
186	1	1.35	1.35	1.4275	
187	1	1.37	1.37	1.4131	
188	1	1.4	1.4	1.42	
189	1	1.42	1.42	1.5036	
190	1	1.42	1.42	1.4636	
191	1	1.38	1.38	1.4356	
192	1	1.41	1.41	1.4819	
193	1	1.46	1.46	1.4884	
194	1	1.46	1.46	1.5084	
195	1	1.49	1.49	1.4099	
196	1	1.49	1.49	1.4299	
197	1	1.58	1.58	1.3636	
198	1	1.6	1.6	1.4	
199	1	1.57	1.57	1.4651	
200	1	1.49	1.49	1.4499	
201	1	1.55	1.55	1.4675	
202	1	1.56	1.56	1.4464	
203	1	1.56	1.56	1.4064	
204	1	1.53	1.53	1.2891	
205	1	1.46	1.46	1.3284	
206	1	1.48	1.48	1.3096	
207	1	1.59	1.59	1.2819	
208	1	1.54	1.54	1.2884	
209	1	1.51	1.51	1.2699	
210	1	1.54	1.54	1.2684	
211	1	1.53	1.53	1.3091	
212	1	1.52	1.52	1.3296	
213	1	1.58	1.58	1.2636	
214	1	1.62	1.62	1.2756	
215	1	1.6	1.6	1.4	
216	1	1.58	1.58	1.3836	
217	1	1.65	1.65	1.4075	
218	1	1.64	1.64	1.3304	
219	1	1.68	1.68	1.3376	
220	1	1.7	1.7	1.43	
221	1	1.72	1.72	1.4416	
222	1	1.77	1.77	1.4171	
223	1	1.8	1.8	1.44	
224	1	1.8	1.8	1.44	
225	1	1.78	1.78	1.3716	
226	1	1.81	1.81	1.3339	
227	1	1.83	1.83	1.3011	
228	1	1.89	1.89	1.2579	
229	1	1.92	1.92	1.2536	
230	1	1.94	1.94	1.2164	
231	1	1.97	1.97	1.2091	
232	1	2.02	2.02	1.1796	
233	1	1.99	1.99	1.3299	
234	1	2.04	2.04	1.2784	
235	1	2.04	2.04	1.3184	
236	1	2.06	2.06	1.2764	
237	1	2.07	2.07	1.2851	
238	1	2.07	2.07	1.3051	
239	1	2.08	2.08	1.3136	
240	1	2.08	2.08	1.3536	
241	1	2.12	2.12	1.2856	
242	1	2.1	2.1	1.31	
243	1	2.06	2.06	1.2764	
244	1	2.08	2.08	1.3136	
245	1	2.1	2.1	1.33	
246	1	2.1	2.1	1.31	
247	1	2.12	2.12	1.3456	
248	1	2.14	2.14	1.3404	
249	1	2.17	2.17	1.3211	
250	1	2.25	2.25	1.3675	
251	1	2.27	2.27	1.3171	
252	1	2.27	2.27	1.2771	
253	1	2.28	2.28	1.3216	
254	1	2.28	2.28	1.2816	
255	1	2.24	2.24	1.3424	
256	1	2.33	2.33	1.2411	
257	1	2.25	2.25	1.3675	
258	1	2.27	2.27	1.3571	
259	1	2.28	2.28	1.2416	
260	1	2.25	2.25	1.1875	
261	1	2.27	2.27	1.2371	
262	1	2.25	2.25	1.2275	
263	1	2.22	2.22	1.2716	
264	1	2.19	2.19	1.3939	
265	1	2.17	2.17	1.3611	
266	1	2.18	2.18	1.4676	
267	1	2.25	2.25	1.5275	
268	1	2.25	2.25	1.5675	
269	1	2.24	2.24	1.5424	
270	1	2.28	2.28	1.5616	
271	1	2.26	2.26	1.5524	
272	1	2.24	2.24	1.5224	
273	1	2.32	2.32	1.6376	
274	1	2.41	2.41	1.7219	
275	1	2.45	2.45	1.6675	
276	1	2.42	2.42	1.6836	
277	1	2.41	2.41	1.7019	
278	1	2.42	2.42	1.7236	
279	1	2.37	2.37	1.7531	
280	1	2.36	2.36	1.7104	
281	1	2.37	2.37	1.7731	
282	1	2.36	2.36	1.9104	
283	1	2.3	2.3	1.97	
284	1	2.33	2.33	2.0411	
285	1	2.39	2.39	1.9579	
286	1	2.4	2.4	1.98	
287	1	2.35	2.35	2.0275	
288	1	2.32	2.32	1.9576	
289	1	2.27	2.27	1.8971	
290	1	2.2	2.2	1.92	
291	1	2.2	2.2	2	
292	1	2.22	2.22	2.0116	
293	1	2.23	2.23	2.0971	
294	1	2.28	2.28	2.1216	
295	1	2.31	2.31	2.1739	
296	1	2.31	2.31	2.1939	
297	1	2.25	2.25	2.1075	
298	1	2.27	2.27	2.1171	
299	1	2.25	2.25	2.1075	
300	1	2.23	2.23	2.0771	
301	1	2.27	2.27	2.1571	
302	1	2.35	2.35	2.1875	
303	1	2.3	2.3	2.15	
304	1	2.33	2.33	2.1411	
305	1	2.31	2.31	2.1139	
306	1	2.3	2.3	2.03	
307	1	2.29	2.29	2.0859	
308	1	2.25	2.25	1.9675	
309	1	2.29	2.29	1.9859	
310	1	2.33	2.33	2.0411	
311	1	2.31	2.31	1.8939	
312	1	2.37	2.37	1.7731	
313	1	2.31	2.31	1.7339	
314	1	2.26	2.26	1.7124	
315	1	2.25	2.25	1.6875	
316	1	2.21	2.21	1.6259	
317	1	2.25	2.25	1.5475	
318	1	2.25	2.25	1.5875	
319	1	2.25	2.25	1.5475	
320	1	2.21	2.21	1.5859	
321	1	2.24	2.24	1.5824	
322	1	2.25	2.25	1.5675	
323	1	2.27	2.27	1.4971	
324	1	2.25	2.25	1.5475	
325	1	2.24	2.24	1.5224	
326	1	2.19	2.19	1.5539	
327	1	2.2	2.2	1.5	
328	1	2.2	2.2	1.48	
329	1	2.25	2.25	1.3275	
330	1	2.32	2.32	1.3776	
331	1	2.42	2.42	1.5836	
332	1	2.49	2.49	1.5299	
333	1	2.48	2.48	1.5696	
334	1	2.48	2.48	1.5696	
335	1	2.54	2.54	1.4884	
336	1	2.52	2.52	1.4896	
337	1	2.53	2.53	1.4891	
338	1	2.51	2.51	1.4699	
339	1	2.53	2.53	1.4891	
340	1	2.51	2.51	1.5499	
341	1	2.51	2.51	1.5499	
342	1	2.52	2.52	1.4696	
343	1	2.58	2.58	1.4236	
344	1	2.62	2.62	1.3756	
345	1	2.59	2.59	1.2019	
346	1	2.58	2.58	1.2036	
347	1	2.58	2.58	1.2036	
348	1	2.57	2.57	1.1851	
349	1	2.63	2.63	1.1931	
350	1	2.68	2.68	1.2576	
351	1	2.67	2.67	1.3411	
352	1	2.61	2.61	1.4379	
353	1	2.58	2.58	1.3636	
354	1	2.58	2.58	1.3836	
355	1	2.58	2.58	1.3436	
356	1	2.56	2.56	1.3064	
357	1	2.59	2.59	1.2419	
358	1	2.63	2.63	1.2731	
359	1	2.73	2.73	1.3771	
360	1	2.79	2.79	1.4459	
361	1	2.75	2.75	1.5275	
362	1	2.83	2.83	1.6811	
363	1	2.82	2.82	1.8476	
364	1	2.8	2.8	1.72	
365	1	2.84	2.84	1.6744	
366	1	2.83	2.83	1.8011	
367	1	2.8	2.8	1.6	
368	1	2.74	2.74	1.7524	
369	1	2.72	2.72	1.8616	
370	1	2.73	2.73	1.8571	
371	1	2.8	2.8	1.92	
372	1	2.85	2.85	1.9275	
373	1	2.82	2.82	1.9076	
374	1	2.84	2.84	1.8344	
375	1	2.8	2.8	1.8	
376	1	2.8	2.8	1.94	
377	1	2.84	2.84	1.9744	
378	1	2.89	2.89	1.8179	
379	1	2.8	2.8	1.88	
380	1	2.76	2.76	1.8624	
381	1	2.77	2.77	1.8771	
382	1	2.81	2.81	1.8939	
383	1	2.84	2.84	1.8144	
384	1	2.82	2.82	1.6876	
385	1	2.86	2.86	1.7404	
386	1	2.8	2.8	1.6	
387	1	2.78	2.78	1.6116	
388	1	2.77	2.77	1.6171	
389	1	2.69	2.69	1.6139	
390	1	2.66	2.66	1.5844	
391	1	2.67	2.67	1.6211	
392	1	2.68	2.68	1.5976	
393	1	2.63	2.63	1.5131	
394	1	2.61	2.61	1.4979	
395	1	2.61	2.61	1.4779	
396	1	2.61	2.61	1.4179	
397	1	2.62	2.62	1.4156	
398	1	2.62	2.62	1.4556	
399	1	2.65	2.65	1.5075	
400	1	2.67	2.67	1.5611	
401	1	2.67	2.67	1.5611	
402	1	2.66	2.66	1.5244	
403	1	2.66	2.66	1.6444	
404	1	2.67	2.67	1.6211	
405	1	2.63	2.63	1.4731	
406	1	2.68	2.68	1.5576	
407	1	2.71	2.71	1.5659	
408	1	2.72	2.72	1.5816	
409	1	2.72	2.72	1.6016	
410	1	2.68	2.68	1.6776	
411	1	2.6	2.6	1.5	
412	1	2.6	2.6	1.46	
413	1	2.6	2.6	1.42	
414	1	2.66	2.66	1.5244	
415	1	2.67	2.67	1.5411	
416	1	2.7	2.7	1.53	
417	1	2.73	2.73	1.4771	
418	1	2.71	2.71	1.4259	
419	1	2.73	2.73	1.4771	
420	1	2.75	2.75	1.5475	
421	1	2.79	2.79	1.6259	
422	1	2.82	2.82	1.6676	
423	1	2.84	2.84	1.8744	
424	1	2.88	2.88	1.8456	
425	1	2.87	2.87	1.7531	
426	1	2.91	2.91	1.7819	
427	1	2.88	2.88	1.7256	
428	1	2.92	2.92	1.5736	
429	1	2.89	2.89	1.5779	
430	1	2.9	2.9	1.63	
431	1	2.89	2.89	1.6179	
432	1	2.93	2.93	1.6251	
433	1	2.88	2.88	1.4856	
434	1	2.88	2.88	1.4856	
435	1	2.86	2.86	1.6404	
436	1	2.91	2.91	1.5619	
437	1	2.82	2.82	1.5476	
438	1	2.87	2.87	1.5531	
439	1	2.88	2.88	1.6056	
440	1	2.87	2.87	1.5931	
441	1	2.9	2.9	1.53	
442	1	2.91	2.91	1.5619	
443	1	2.95	2.95	1.5675	
444	1	2.92	2.92	1.4736	
445	1	2.93	2.93	1.5251	
446	1	2.96	2.96	1.4984	
447	1	3.04	3.04	1.4384	
448	1	3.01	3.01	1.4099	
449	1	2.97	2.97	1.5091	
450	1	3.05	3.05	1.4675	
451	1	3.04	3.04	1.4784	
452	1	3.07	3.07	1.5051	
453	1	3.05	3.05	1.4275	
454	1	3.09	3.09	1.4419	
455	1	3.06	3.06	1.3964	
456	1	3.07	3.07	1.4051	
457	1	3.05	3.05	1.4075	
458	1	3.03	3.03	1.4491	
459	1	3.05	3.05	1.4275	
460	1	3.07	3.07	1.3651	
461	1	3.08	3.08	1.3136	
462	1	3.11	3.11	1.3579	
463	1	3.2	3.2	1.3	
464	1	3.18	3.18	1.2876	
465	1	3.18	3.18	1.2476	
466	1	3.17	3.17	1.2211	
467	1	3.12	3.12	1.2056	
468	1	3.14	3.14	1.2004	
469	1	3.07	3.07	1.1451	
470	1	3.1	3.1	1.15	
471	1	3.1	3.1	1.03	
472	1	3.07	3.07	1.0251	
473	1	3.13	3.13	1.0531	
474	1	3.18	3.18	1.0676	
475	1	3.14	3.14	1.1004	
476	1	3.07	3.07	0.9851	
477	1	3.08	3.08	1.0536	
478	1	3.09	3.09	1.1019	
479	1	3.09	3.09	1.1219	
480	1	3.06	3.06	1.1364	
481	1	3.03	3.03	1.0891	
482	1	3.02	3.02	1.1396	
483	1	2.99	2.99	1.1499	
484	1	2.98	2.98	1.1596	
485	1	2.98	2.98	1.1996	
486	1	2.95	2.95	1.2275	
487	1	2.91	2.91	1.3019	
488	1	2.95	2.95	1.3275	
489	1	2.98	2.98	1.3396	
490	1	3.04	3.04	1.3584	
491	1	3.03	3.03	1.3691	
492	1	3.01	3.01	1.3699	
493	1	3.04	3.04	1.3584	
494	1	3.09	3.09	1.3019	
495	1	3.08	3.08	1.3136	
496	1	3.11	3.11	1.2579	
497	1	3.14	3.14	1.2004	
498	1	3.11	3.11	1.1979	
499	1	3.1	3.1	1.23	
500	1	3.05	3.05	1.3075	
501	1	3.1	3.1	1.33	
502	1	3.1	3.1	1.43	
503	1	3.09	3.09	1.3219	
504	1	3.12	3.12	1.3256	
505	1	3.12	3.12	1.5256	
506	1	3.09	3.09	1.4419	
507	1	3.11	3.11	1.4379	
508	1	3.11	3.11	1.4179	
509	1	3.15	3.15	1.4075	
510	1	3.11	3.11	1.3779	
511	1	3.12	3.12	1.3056	
512	1	3.11	3.11	1.3179	
513	1	3.09	3.09	1.4819	
514	1	3.12	3.12	1.5056	
515	1	3.18	3.18	1.5076	
516	1	3.12	3.12	1.5856	
517	1	3.11	3.11	1.5779	
518	1	3.1	3.1	1.59	
519	1	3.11	3.11	1.6179	
520	1	3.16	3.16	1.5744	
521	1	3.12	3.12	1.5456	
522	1	3.1	3.1	1.53	
523	1	3.11	3.11	1.5379	
524	1	3.2	3.2	1.52	
525	1	3.22	3.22	1.5716	
526	1	3.2	3.2	1.6	
527	1	3.14	3.14	1.5604	
528	1	3.1	3.1	1.57	
529	1	3.12	3.12	1.5456	
530	1	3.14	3.14	1.5404	
531	1	3.18	3.18	1.5476	
532	1	3.14	3.14	1.5404	
533	1	3.15	3.15	1.4675	
534	1	3.12	3.12	1.5656	
535	1	3.2	3.2	1.52	
536	1	3.23	3.23	1.5371	
537	1	3.26	3.26	1.6324	
538	1	3.26	3.26	1.6124	
539	1	3.24	3.24	1.6224	
540	1	3.24	3.24	1.5824	
541	1	3.18	3.18	1.6276	
542	1	3.26	3.26	1.7124	
543	1	3.27	3.27	1.7971	
544	1	3.33	3.33	1.8811	
545	1	3.33	3.33	1.9011	
546	1	3.35	3.35	1.8875	
547	1	3.38	3.38	1.8956	
548	1	3.36	3.36	1.8904	
549	1	3.35	3.35	1.9475	
550	1	3.31	3.31	1.9939	
551	1	3.28	3.28	1.9816	
552	1	3.28	3.28	1.9616	
553	1	3.29	3.29	1.8659	
554	1	3.29	3.29	2.0459	
555	1	3.3	3.3	2.15	
556	1	3.27	3.27	2.1371	
557	1	3.27	3.27	2.2171	
558	1	3.28	3.28	2.1416	
559	1	3.3	3.3	2.17	
560	1	3.33	3.33	2.1811	
561	1	3.3	3.3	2.21	
562	1	3.34	3.34	2.1444	
563	1	3.3	3.3	2.13	
564	1	3.33	3.33	2.0611	
565	1	3.35	3.35	1.9875	
566	1	3.39	3.39	2.0179	
567	1	3.41	3.41	1.9019	
568	1	3.43	3.43	1.8451	
569	1	3.41	3.41	1.8619	
570	1	3.44	3.44	1.8264	
571	1	3.43	3.43	1.8451	
572	1	3.4	3.4	1.94	
573	1	3.4	3.4	2.1	
574	1	3.41	3.41	2.1419	
575	1	3.41	3.41	2.1219	
576	1	3.4	3.4	2.12	
577	1	3.42	3.42	2.0636	
578	1	3.41	3.41	2.0019	
579	1	3.45	3.45	2.1675	
580	1	3.45	3.45	2.1675	
581	1	3.37	3.37	2.0931	
582	1	3.36	3.36	2.0704	
583	1	3.38	3.38	2.2356	
584	1	3.39	3.39	2.1979	
585	1	3.4	3.4	2.1	
586	1	3.37	3.37	2.0931	
587	1	3.34	3.34	2.1244	
588	1	3.3	3.3	1.99	
589	1	3.35	3.35	1.9875	
590	1	3.26	3.26	1.8524	
591	1	3.32	3.32	1.8776	
592	1	3.31	3.31	2.0139	
593	1	3.26	3.26	1.8124	
594	1	3.26	3.26	1.8124	
595	1	3.32	3.32	1.8776	
596	1	3.4	3.4	1.92	
597	1	3.46	3.46	1.9484	
598	1	3.51	3.51	1.9299	
599	1	3.58	3.58	1.9036	
600	1	3.58	3.58	1.9036	
601	1	3.62	3.62	1.9756	
602	1	3.65	3.65	1.9075	
603	1	3.66	3.66	1.8844	
604	1	3.6	3.6	1.84	
605	1	3.6	3.6	1.92	
606	1	3.59	3.59	1.9419	
607	1	3.62	3.62	2.0956	
608	1	3.61	3.61	2.1379	
609	1	3.58	3.58	2.2236	
610	1	3.58	3.58	2.2036	
611	1	3.5	3.5	2.19	
612	1	3.57	3.57	2.1651	
613	1	3.61	3.61	2.2179	
614	1	3.56	3.56	2.1864	
615	1	3.47	3.47	2.2291	
616	1	3.49	3.49	2.2099	
617	1	3.54	3.54	2.1684	
618	1	3.57	3.57	2.0051	
619	1	3.6	3.6	2.06	
620	1	3.69	3.69	2.1739	
621	1	3.62	3.62	2.2556	
622	1	3.74	3.74	2.1924	
623	1	3.66	3.66	2.2844	
624	1	3.56	3.56	2.2864	
625	1	3.54	3.54	2.3484	
626	1	3.52	3.52	2.3896	
627	1	3.51	3.51	2.4299	
628	1	3.56	3.56	2.4064	
629	1	3.56	3.56	2.3664	
630	1	3.55	3.55	2.2875	
631	1	3.52	3.52	2.2896	
632	1	3.49	3.49	2.3699	
633	1	3.57	3.57	2.5251	
634	1	3.54	3.54	2.5484	
635	1	3.52	3.52	2.4096	
636	1	3.54	3.54	2.4484	
637	1	3.55	3.55	2.4275	
638	1	3.56	3.56	2.4464	
639	1	3.61	3.61	2.5979	
640	1	3.53	3.53	2.5091	
641	1	3.55	3.55	2.4675	
642	1	3.54	3.54	2.4884	
643	1	3.5	3.5	2.37	
644	1	3.52	3.52	2.3896	
645	1	3.54	3.54	2.4684	
646	1	3.62	3.62	2.3956	
647	1	3.62	3.62	2.3756	
648	1	3.55	3.55	2.3275	
649	1	3.57	3.57	2.2851	
650	1	3.65	3.65	2.3475	
651	1	3.73	3.73	2.4171	
652	1	3.66	3.66	2.4644	
653	1	3.67	3.67	2.4811	
654	1	3.69	3.69	2.4939	
655	1	3.71	3.71	2.5059	
656	1	3.65	3.65	2.5475	
657	1	3.71	3.71	2.6259	
658	1	3.77	3.77	2.6571	
659	1	3.8	3.8	2.62	
660	1	3.81	3.81	2.5539	
661	1	3.83	3.83	2.5211	
662	1	3.82	3.82	2.5876	
663	1	3.82	3.82	2.6076	
664	1	3.82	3.82	2.5676	
665	1	3.86	3.86	2.5604	
666	1	3.84	3.84	2.5944	
667	1	3.8	3.8	2.38	
668	1	3.81	3.81	2.3939	
669	1	3.81	3.81	2.3739	
670	1	3.88	3.88	2.3656	
671	1	3.83	3.83	2.3011	
672	1	3.79	3.79	2.3659	
673	1	3.82	3.82	2.3876	
674	1	3.84	3.84	2.3944	
675	1	3.84	3.84	2.2744	
676	1	3.79	3.79	2.2859	
677	1	3.72	3.72	2.2616	
678	1	3.78	3.78	2.1916	
679	1	3.79	3.79	2.1659	
680	1	3.81	3.81	2.0939	
681	1	3.79	3.79	2.1259	
682	1	3.79	3.79	1.9859	
683	1	3.79	3.79	1.9459	
684	1	3.78	3.78	2.0316	
685	1	3.67	3.67	1.9811	
686	1	3.7	3.7	1.99	
687	1	3.72	3.72	1.9616	
688	1	3.71	3.71	1.9259	
689	1	3.67	3.67	2.0011	
690	1	3.66	3.66	2.0844	
691	1	3.68	3.68	2.1176	
692	1	3.68	3.68	2.1576	
693	1	3.75	3.75	2.2475	
694	1	3.8	3.8	2.34	
695	1	3.79	3.79	2.3859	
696	1	3.81	3.81	2.4539	
697	1	3.82	3.82	2.4476	
698	1	3.82	3.82	2.3876	
699	1	3.84	3.84	2.3144	
700	1	3.85	3.85	2.3875	
701	1	3.86	3.86	2.3604	
702	1	3.85	3.85	2.4675	
703	1	3.82	3.82	2.5076	
704	1	3.85	3.85	2.4275	
705	1	3.89	3.89	2.4379	
706	1	3.87	3.87	2.4331	
707	1	3.91	3.91	2.4819	
708	1	3.85	3.85	2.4675	
709	1	3.9	3.9	2.55	
710	1	3.93	3.93	2.4451	
711	1	3.99	3.99	2.7099	
712	1	4.06	4.06	3.0964	
713	1	4.17	4.17	3.0411	
714	1	4.23	4.23	3.1171	
715	1	4.21	4.21	3.0459	
716	1	4.27	4.27	3.1971	
717	1	4.26	4.26	2.9524	
718	1	4.25	4.25	3.0275	
719	1	4.28	4.28	3.4016	
720	1	4.32	4.32	3.3576	
721	1	4.33	4.33	3.3611	
722	1	4.36	4.36	3.3304	
723	1	4.27	4.27	3.3571	
724	1	4.29	4.29	3.2859	
725	1	4.32	4.32	3.3976	
726	1	4.29	4.29	3.4859	
727	1	4.32	4.32	3.4776	
728	1	4.34	4.34	3.5044	
729	1	4.32	4.32	3.4376	
730	1	4.27	4.27	3.6971	
731	1	4.28	4.28	3.6616	
732	1	4.31	4.31	3.6339	
733	1	4.34	4.34	3.7444	
734	1	4.4	4.4	3.62	
735	1	4.44	4.44	3.2864	
736	1	4.45	4.45	3.3875	
737	1	4.54	4.54	3.4284	
738	1	4.52	4.52	3.5696	
739	1	4.56	4.56	3.6264	
740	1	4.5	4.5	3.31	
741	1	4.49	4.49	3.2899	
742	1	4.51	4.51	3.3899	
743	1	4.55	4.55	3.4875	
744	1	4.52	4.52	3.5496	
745	1	4.55	4.55	3.5675	
746	1	4.51	4.51	3.7099	
747	1	4.44	4.44	3.9864	
748	1	4.33	4.33	3.8611	
749	1	4.27	4.27	3.6971	
750	1	4.27	4.27	3.6971	
751	1	4.26	4.26	3.7924	
752	1	4.36	4.36	4.0904	
753	1	4.36	4.36	4.0304	
754	1	4.5	4.5	4.33	
755	1	4.49	4.49	4.4099	
756	1	4.4	4.4	4.5	
757	1	4.47	4.47	4.5891	
758	1	4.52	4.52	4.4896	
759	1	4.42	4.42	4.3636	
760	1	4.49	4.49	4.4099	
761	1	4.46	4.46	4.6084	
762	1	4.48	4.48	4.7496	
763	1	4.51	4.51	4.7499	
764	1	4.6	4.6	4.68	
765	1	4.57	4.57	4.6051	
766	1	4.61	4.61	4.7779	
767	1	4.55	4.55	4.6675	
768	1	4.46	4.46	4.5484	
769	1	4.47	4.47	4.5691	
770	1	4.4	4.4	4.34	
771	1	4.34	4.34	4.3444	
772	1	4.32	4.32	4.5376	
773	1	4.35	4.35	4.5675	
774	1	4.32	4.32	4.4576	
775	1	4.29	4.29	4.3859	
776	1	4.26	4.26	4.4124	
777	1	4.18	4.18	4.5676	
778	1	4.13	4.13	4.3931	
779	1	4.22	4.22	4.3716	
780	1	4.22	4.22	4.2316	
781	1	4.17	4.17	4.2411	
782	1	4.17	4.17	4.3411	
783	1	4.32	4.32	4.5376	
784	1	4.31	4.31	4.6339	
785	1	4.34	4.34	4.7644	
786	1	4.37	4.37	4.7331	
787	1	4.38	4.38	4.9756	
788	1	4.31	4.31	5.1539	
789	1	4.25	4.25	4.6675	
790	1	4.24	4.24	4.6824	
791	1	4.37	4.37	4.9531	
792	1	4.37	4.37	4.8531	
793	1	4.32	4.32	4.8776	
794	1	4.26	4.26	4.8124	
795	1	4.34	4.34	4.8644	
796	1	4.43	4.43	4.8651	
797	1	4.54	4.54	4.8284	
798	1	4.57	4.57	4.8651	
799	1	4.6	4.6	4.9	
800	1	4.6	4.6	4.9	
801	1	4.6	4.6	5.02	
802	1	4.56	4.56	5.1864	
803	1	4.59	4.59	5.6219	
804	1	4.55	4.55	5.6875	
805	1	4.51	4.51	5.6699	
806	1	4.53	4.53	5.6491	
807	1	4.53	4.53	5.7091	
808	1	4.53	4.53	5.6491	
809	1	4.4	4.4	5.26	
810	1	4.43	4.43	5.2851	
811	1	4.47	4.47	5.4091	
812	1	4.62	4.62	5.2756	
813	1	4.66	4.66	5.4244	
814	1	4.61	4.61	5.2979	
815	1	4.56	4.56	5.5864	
816	1	4.51	4.51	5.6699	
817	1	4.49	4.49	5.6699	
818	1	4.48	4.48	5.6896	
819	1	4.55	4.55	5.5275	
820	1	4.56	4.56	5.4664	
821	1	4.54	4.54	5.5484	
822	1	4.46	4.46	5.3684	
823	1	4.48	4.48	5.4096	
824	1	4.55	4.55	5.2075	
825	1	4.54	4.54	5.3084	
826	1	4.58	4.58	5.5836	
827	1	4.51	4.51	5.6499	
828	1	4.46	4.46	5.6684	
829	1	4.46	4.46	5.5684	
830	1	4.53	4.53	5.4091	
831	1	4.55	4.55	5.3475	
832	1	4.55	4.55	5.4475	
833	1	4.56	4.56	5.4064	
834	1	4.67	4.67	5.3611	
835	1	4.61	4.61	5.2979	
836	1	4.65	4.65	5.5075	
837	1	4.69	4.69	5.4539	
838	1	4.74	4.74	5.3524	
839	1	4.65	4.65	5.5475	
840	1	4.62	4.62	5.4556	
841	1	4.75	4.75	5.6475	
842	1	4.67	4.67	5.7811	
843	1	4.72	4.72	5.8416	
844	1	4.72	4.72	5.9616	
845	1	4.71	4.71	5.9859	
846	1	4.75	4.75	5.7475	
847	1	4.82	4.82	5.5276	
848	1	4.87	4.87	5.4531	
849	1	4.93	4.93	5.5851	
850	1	4.91	4.91	5.5819	
851	1	5.02	5.02	5.5796	
852	1	4.94	4.94	5.7564	
853	1	4.81	4.81	5.6939	
854	1	4.87	4.87	5.4531	
855	1	4.87	4.87	5.3931	
856	1	4.86	4.86	5.3804	
857	1	4.82	4.82	5.4476	
858	1	4.8	4.8	5.58	
859	1	4.88	4.88	5.5056	
860	1	4.89	4.89	5.4779	
861	1	4.9	4.9	5.63	
862	1	4.84	4.84	5.5544	
863	1	4.91	4.91	6.0219	
864	1	4.88	4.88	6.0056	
865	1	4.91	4.91	6.0019	
866	1	4.91	4.91	5.8419	
867	1	4.79	4.79	5.9659	
868	1	4.86	4.86	5.9204	
869	1	4.84	4.84	6.1944	
870	1	4.82	4.82	6.4876	
871	1	4.82	4.82	6.4676	
872	1	4.84	4.84	6.4744	
873	1	4.9	4.9	6.73	
874	1	4.91	4.91	6.9219	
875	1	4.85	4.85	6.9875	
876	1	4.78	4.78	6.8516	
877	1	4.78	4.78	6.7716	
878	1	4.72	4.72	6.9016	
879	1	4.74	4.74	7.3124	
880	1	4.7	4.7	7.49	
881	1	4.67	4.67	7.5011	
882	1	4.62	4.62	7.6156	
883	1	4.61	4.61	7.6579	
884	1	4.6	4.6	7.62	
885	1	4.63	4.63	7.6731	
886	1	4.53	4.53	7.4491	
887	1	4.56	4.56	7.3264	
888	1	4.52	4.52	7.3896	
889	1	4.6	4.6	7.18	
890	1	4.81	4.81	7.2539	
891	1	4.82	4.82	7.1676	
892	1	4.81	4.81	7.1939	
893	1	4.76	4.76	6.5424	
894	1	4.74	4.74	6.5724	
895	1	4.79	4.79	6.4059	
896	1	4.81	4.81	6.4139	
897	1	4.79	4.79	6.3859	
898	1	4.79	4.79	6.3659	
899	1	4.81	4.81	6.2739	
900	1	4.87	4.87	6.2331	
901	1	4.83	4.83	6.3611	
902	1	4.8	4.8	6.44	
903	1	4.79	4.79	6.3859	
904	1	4.84	4.84	6.2344	
905	1	4.78	4.78	6.3516	
906	1	4.71	4.71	5.9859	
907	1	4.77	4.77	5.7971	
908	1	4.73	4.73	5.8571	
909	1	4.75	4.75	5.7875	
910	1	4.79	4.79	5.7859	
911	1	4.71	4.71	5.4059	
912	1	4.72	4.72	5.5016	
913	1	4.72	4.72	5.4416	
914	1	4.71	4.71	5.4659	
915	1	4.78	4.78	5.5516	
916	1	4.7	4.7	5.61	
917	1	4.65	4.65	5.5675	
918	1	4.75	4.75	6.1675	
919	1	4.84	4.84	6.2544	
920	1	4.81	4.81	6.2339	
921	1	4.83	4.83	6.0811	
922	1	4.75	4.75	6.0875	
923	1	4.86	4.86	6.0204	
924	1	4.84	4.84	6.0344	
925	1	4.82	4.82	5.9876	
926	1	4.83	4.83	6.0411	
927	1	4.89	4.89	6.6179	
928	1	4.94	4.94	6.5764	
929	1	5.07	5.07	7.0651	
930	1	5.02	5.02	6.9596	
931	1	5.05	5.05	6.8875	
932	1	4.93	4.93	6.4651	
933	1	4.92	4.92	6.3736	
934	1	4.92	4.92	6.3536	
935	1	4.92	4.92	6.3536	
936	1	4.94	4.94	6.3564	
937	1	4.95	4.95	6.3675	
938	1	4.94	4.94	6.3164	
939	1	4.99	4.99	6.2499	
940	1	4.83	4.83	5.8211	
941	1	4.78	4.78	5.7916	
942	1	4.77	4.77	5.6171	
943	1	4.76	4.76	5.7024	
944	1	4.72	4.72	5.6616	
945	1	4.75	4.75	5.6675	
946	1	4.73	4.73	5.6171	
947	1	4.77	4.77	5.5771	
948	1	4.81	4.81	5.4939	
949	1	4.81	4.81	5.5939	
950	1	4.85	4.85	5.5875	
951	1	4.88	4.88	5.5056	
952	1	4.91	4.91	5.5019	
953	1	4.93	4.93	5.4651	
954	1	4.95	4.95	5.4875	
955	1	4.88	4.88	5.6856	
956	1	4.86	4.86	5.7204	
957	1	4.84	4.84	5.5944	
958	1	4.94	4.94	6.2364	
959	1	4.96	4.96	6.1184	
960	1	5.01	5.01	6.1299	
961	1	4.98	4.98	5.8796	
962	1	5.04	5.04	5.8784	
963	1	5.19	5.19	5.7939	
964	1	5.11	5.11	5.7779	
965	1	5.13	5.13	5.9131	
966	1	5.13	5.13	5.9931	
967	1	5.08	5.08	6.0536	
968	1	5.12	5.12	6.2056	
969	1	5.12	5.12	6.1256	
970	1	5.14	5.14	6.2404	
971	1	5.14	5.14	6.4404	
972	1	5.17	5.17	6.7011	
973	1	5.21	5.21	6.8459	
974	1	5.16	5.16	6.8944	
975	1	5.26	5.26	6.8924	
976	1	5.36	5.36	6.9104	
977	1	5.47	5.47	7.1691	
978	1	5.45	5.45	7.0875	
979	1	5.38	5.38	7.1356	
980	1	5.44	5.44	6.9864	
981	1	5.58	5.58	7.4236	
982	1	5.63	5.63	7.4731	
983	1	5.48	5.48	7.3896	
984	1	5.53	5.53	7.5891	
985	1	5.36	5.36	7.2704	
986	1	5.43	5.43	7.7451	
987	1	5.38	5.38	7.7356	
988	1	5.52	5.52	7.6696	
989	1	5.49	5.49	7.4899	
990	1	5.58	5.58	7.4236	
991	1	5.56	5.56	7.4864	
992	1	5.73	5.73	7.4571	
993	1	5.86	5.86	7.6204	
994	1	5.87	5.87	7.5931	
995	1	5.89	5.89	7.0579	
996	1	5.88	5.88	6.9856	
997	1	5.74	5.74	6.4324	
998	1	5.74	5.74	6.4724	
999	1	5.71	5.71	6.4259	
1000	1	5.7	5.7	6.53	
1001	1	5.75	5.75	6.3475	
1002	1	5.62	5.62	5.7156	
1003	1	5.6	5.6	5.6	
1004	1	5.67	5.67	5.6411	
1005	1	5.69	5.69	5.6139	
1006	1	5.79	5.79	5.7059	
1007	1	5.84	5.84	5.7144	
1008	1	5.85	5.85	6.1475	
1009	1	5.88	5.88	6.2256	
1010	1	5.85	5.85	6.1075	
1011	1	5.8	5.8	6.22	
1012	1	5.83	5.83	6.4611	
1013	1	5.86	5.86	6.4004	
1014	1	5.96	5.96	6.3184	
1015	1	5.87	5.87	6.2931	
1016	1	5.84	5.84	6.5944	
1017	1	5.81	5.81	6.5539	
1018	1	5.8	5.8	6.46	
1019	1	5.84	5.84	6.2944	
1020	1	5.85	5.85	6.3075	
1021	1	5.71	5.71	6.3459	
1022	1	5.65	5.65	6.3675	
1023	1	5.6	5.6	6.38	
1024	1	5.62	5.62	6.4156	
1025	1	5.64	5.64	6.4704	
1026	1	5.58	5.58	6.5036	
1027	1	5.6	5.6	6.6	
1028	1	5.57	5.57	6.4851	
1029	1	5.58	5.58	6.4036	
1030	1	5.54	5.54	6.3684	
1031	1	5.55	5.55	6.2475	
1032	1	5.58	5.58	6.3236	
1033	1	5.64	5.64	6.2504	
1034	1	5.61	5.61	5.6379	
1035	1	5.58	5.58	5.6436	
1036	1	5.61	5.61	5.5579	
1037	1	5.56	5.56	5.6064	
1038	1	5.57	5.57	5.6451	
1039	1	5.52	5.52	5.5496	
1040	1	5.5	5.5	5.57	
1041	1	5.53	5.53	5.5691	
1042	1	5.54	5.54	5.7684	
1043	1	5.53	5.53	5.7691	
1044	1	5.56	5.56	5.7664	
1045	1	5.61	5.61	5.6979	
1046	1	5.59	5.59	5.6619	
1047	1	5.58	5.58	5.5436	
1048	1	5.59	5.59	5.4819	
1049	1	5.58	5.58	5.4236	
1050	1	5.48	5.48	5.2096	
1051	1	5.44	5.44	5.2664	
1052	1	5.45	5.45	5.3075	
1053	1	5.51	5.51	5.3699	
1054	1	5.44	5.44	5.0864	
1055	1	5.36	5.36	5.2504	
1056	1	5.39	5.39	5.1779	
1057	1	5.39	5.39	5.5379	
1058	1	5.33	5.33	5.3011	
1059	1	5.34	5.34	5.3044	
1060	1	5.34	5.34	5.3044	
1061	1	5.39	5.39	5.3779	
1062	1	5.39	5.39	5.3979	
1063	1	5.37	5.37	5.4131	
1064	1	5.39	5.39	5.3579	
1065	1	5.53	5.53	6.1091	
1066	1	5.52	5.52	6.0696	
1067	1	5.5	5.5	5.83	
1068	1	5.44	5.44	5.8864	
1069	1	5.3	5.3	5.15	
1070	1	5.31	5.31	5.1939	
1071	1	5.26	5.26	5.1924	
1072	1	5.25	5.25	5.2075	
1073	1	5.24	5.24	5.2224	
1074	1	5.23	5.23	5.2371	
1075	1	5.23	5.23	5.2571	
1076	1	5.26	5.26	5.4524	
1077	1	5.25	5.25	5.3275	
1078	1	5.35	5.35	5.5675	
1079	1	5.33	5.33	5.5811	
1080	1	5.34	5.34	5.5844	
1081	1	5.34	5.34	5.5844	
1082	1	5.34	5.34	5.5844	
1083	1	5.38	5.38	5.4156	
1084	1	5.36	5.36	5.3904	
1085	1	5.37	5.37	5.3931	
1086	1	5.33	5.33	5.1811	
1087	1	5.36	5.36	5.3504	
1088	1	5.36	5.36	5.4104	
1089	1	5.36	5.36	5.4704	
1090	1	5.31	5.31	5.2539	
1091	1	5.31	5.31	5.1539	
1092	1	5.3	5.3	5.23	
1093	1	5.3	5.3	5.21	
1094	1	5.38	5.38	5.5156	
1095	1	5.36	5.36	5.4904	
1096	1	5.42	5.42	5.5636	
1097	1	5.42	5.42	5.6036	
1098	1	5.43	5.43	5.7051	
1099	1	5.42	5.42	5.7036	
1100	1	5.37	5.37	5.4131	
1101	1	5.33	5.33	5.2411	
1102	1	5.27	5.27	4.6771	
1103	1	5.18	5.18	4.2476	
1104	1	5.19	5.19	4.2339	
1105	1	5.19	5.19	4.1539	
1106	1	5.3	5.3	4.61	
1107	1	5.3	5.3	4.67	
1108	1	5.27	5.27	4.7171	
1109	1	5.24	5.24	4.7424	
1110	1	5.24	5.24	4.7424	
1111	1	5.26	5.26	4.7324	
1112	1	5.22	5.22	4.7116	
1113	1	5.24	5.24	4.7624	
1114	1	5.27	5.27	4.7371	
1115	1	5.27	5.27	4.7771	
1116	1	5.28	5.28	4.8616	
1117	1	5.23	5.23	4.8571	
1118	1	5.23	5.23	4.8571	
1119	1	5.28	5.28	4.8216	
1120	1	5.26	5.26	4.7524	
1121	1	5.27	5.27	4.8371	
1122	1	5.32	5.32	5.1576	
1123	1	5.3	5.3	4.87	
1124	1	5.23	5.23	4.5771	
1125	1	5.24	5.24	4.6424	
1126	1	5.22	5.22	4.6116	
1127	1	5.23	5.23	4.5771	
1128	1	5.21	5.21	4.4659	
1129	1	5.25	5.25	4.6275	
1130	1	5.3	5.3	4.67	
1131	1	5.39	5.39	5.0579	
1132	1	5.4	5.4	5.14	
1133	1	5.39	5.39	5.1579	
1134	1	5.4	5.4	5.28	
1135	1	5.33	5.33	4.9811	
1136	1	5.35	5.35	4.9475	
1137	1	5.3	5.3	4.91	
1138	1	5.26	5.26	4.9124	
1139	1	5.15	5.15	4.4475	
1140	1	5.16	5.16	4.4344	
1141	1	5.17	5.17	4.4011	
1142	1	5.19	5.19	4.3739	
1143	1	5.16	5.16	4.3144	
1144	1	5.24	5.24	4.7424	
1145	1	5.23	5.23	4.7771	
1146	1	5.27	5.27	4.7971	
1147	1	5.31	5.31	4.9339	
1148	1	5.3	5.3	4.97	
1149	1	5.34	5.34	4.9444	
1150	1	5.29	5.29	4.9659	
1151	1	5.38	5.38	4.8756	
1152	1	5.43	5.43	5.1451	
1153	1	5.43	5.43	5.1451	
1154	1	5.42	5.42	5.0036	
1155	1	5.45	5.45	4.9075	
1156	1	5.42	5.42	4.8036	
1157	1	5.42	5.42	4.8036	
1158	1	5.43	5.43	4.5651	
1159	1	5.43	5.43	4.5051	
1160	1	5.39	5.39	4.6379	
1161	1	5.3	5.3	4.23	
1162	1	5.19	5.19	3.8339	
1163	1	5.14	5.14	3.3604	
1164	1	5.11	5.11	3.0979	
1165	1	5.11	5.11	3.0379	
1166	1	5.14	5.14	2.9804	
1167	1	5.1	5.1	2.97	
1168	1	5.08	5.08	2.9136	
1169	1	5.09	5.09	2.7819	
1170	1	5.08	5.08	2.7936	
1171	1	5.09	5.09	2.7819	
1172	1	5.14	5.14	2.7004	
1173	1	5.07	5.07	2.2451	
1174	1	4.97	4.97	1.7691	
1175	1	4.97	4.97	1.7691	
1176	1	4.96	4.96	1.7984	
1177	1	5	5	1.76	
1178	1	5.04	5.04	1.7384	
1179	1	5.1	5.1	1.79	
1180	1	5.12	5.12	1.7856	
1181	1	5.13	5.13	1.8531	
1182	1	5.14	5.14	1.7804	
1183	1	5.17	5.17	1.7811	
1184	1	5.13	5.13	1.7931	
1185	1	5.14	5.14	1.5604	
1186	1	5.14	5.14	1.6004	
1187	1	5.17	5.17	1.5811	
1188	1	5.17	5.17	1.5611	
1189	1	5.11	5.11	1.6379	
1190	1	5.13	5.13	1.6731	
1191	1	5.12	5.12	1.5856	
1192	1	5.09	5.09	1.6219	
1193	1	5.17	5.17	1.7211	
1194	1	5.18	5.18	1.7476	
1195	1	5.14	5.14	1.7404	
1196	1	5.18	5.18	1.8076	
1197	1	5.16	5.16	1.8344	
1198	1	5.15	5.15	1.8275	
1199	1	5.13	5.13	1.8331	
1200	1	5.12	5.12	1.8456	
1201	1	5.11	5.11	1.6979	
1202	1	5.1	5.1	1.71	
1203	1	5.09	5.09	1.5619	
1204	1	5.12	5.12	1.6056	
1205	1	5.12	5.12	1.6056	
1206	1	5.13	5.13	1.5931	
1207	1	5.18	5.18	1.5676	
1208	1	5.19	5.19	1.5939	
1209	1	5.16	5.16	1.5544	
1210	1	5.16	5.16	1.5744	
1211	1	5.16	5.16	1.6144	
1212	1	5.14	5.14	1.6804	
1213	1	5.09	5.09	1.7819	
1214	1	5.1	5.1	1.83	
1215	1	5.1	5.1	1.79	
1216	1	5.06	5.06	1.7364	
1217	1	5.02	5.02	1.7396	
1218	1	5.02	5.02	1.7596	
1219	1	5.02	5.02	1.6796	
1220	1	5	5	1.68	
1221	1	4.98	4.98	1.7196	
1222	1	4.98	4.98	1.6996	
1223	1	5.04	5.04	1.6584	
1224	1	5.07	5.07	1.6251	
1225	1	5.09	5.09	1.6019	
1226	1	5.05	5.05	1.5675	
1227	1	5.04	5.04	1.5984	
1228	1	5.06	5.06	1.6364	
1229	1	5.08	5.08	1.6136	
1230	1	5.08	5.08	1.6736	
1231	1	5.09	5.09	1.7219	
1232	1	5.12	5.12	1.6656	
1233	1	5.14	5.14	1.7004	
1234	1	5.14	5.14	1.7604	
1235	1	5.15	5.15	1.7875	
1236	1	5.23	5.23	1.6971	
1237	1	5.25	5.25	1.7275	
1238	1	5.26	5.26	1.7324	
1239	1	5.26	5.26	1.7324	
1240	1	5.34	5.34	1.7044	
1241	1	5.34	5.34	1.7244	
1242	1	5.32	5.32	1.8376	
1243	1	5.35	5.35	1.8275	
1244	1	5.34	5.34	1.8444	
1245	1	5.39	5.39	1.7779	
1246	1	5.32	5.32	1.8576	
1247	1	5.29	5.29	1.8459	
1248	1	5.31	5.31	1.7939	
1249	1	5.34	5.34	1.7844	
1250	1	5.32	5.32	1.7976	
1251	1	5.31	5.31	1.8739	
1252	1	5.32	5.32	1.8576	
1253	1	5.33	5.33	1.8411	
1254	1	5.32	5.32	1.8776	
1255	1	5.3	5.3	1.85	
1256	1	5.23	5.23	1.8171	
1257	1	5.2	5.2	1.86	
1258	1	5.23	5.23	1.8371	
1259	1	5.21	5.21	1.8459	
1260	1	5.23	5.23	1.8971	
1261	1	5.25	5.25	1.8875	
1262	1	5.28	5.28	1.8416	
1263	1	5.25	5.25	1.8475	
1264	1	5.26	5.26	1.9724	
1265	1	5.3	5.3	2.07	
1266	1	5.33	5.33	2.0211	
1267	1	5.32	5.32	2.1376	
1268	1	5.28	5.28	1.9816	
1269	1	5.31	5.31	1.9339	
1270	1	5.34	5.34	1.9644	
1271	1	5.38	5.38	1.9156	
1272	1	5.41	5.41	1.8619	
1273	1	5.42	5.42	1.8836	
1274	1	5.47	5.47	1.9491	
1275	1	5.53	5.53	1.8491	
1276	1	5.55	5.55	1.8075	
1277	1	5.6	5.6	1.78	
1278	1	5.6	5.6	1.84	
1279	1	5.61	5.61	1.8379	
1280	1	5.6	5.6	1.84	
1281	1	5.63	5.63	1.8931	
1282	1	5.66	5.66	1.8444	
1283	1	5.7	5.7	1.83	
1284	1	5.69	5.69	1.8139	
1285	1	5.67	5.67	1.7811	
1286	1	5.66	5.66	1.7844	
1287	1	5.63	5.63	1.7731	
1288	1	5.59	5.59	1.8219	
1289	1	5.53	5.53	1.8291	
1290	1	5.54	5.54	1.7884	
1291	1	5.54	5.54	1.8084	
1292	1	5.52	5.52	1.8296	
1293	1	5.53	5.53	1.8691	
1294	1	5.55	5.55	1.8875	
1295	1	5.61	5.61	2.0779	
1296	1	5.64	5.64	2.1304	
1297	1	5.67	5.67	2.1611	
1298	1	5.71	5.71	2.2259	
1299	1	5.71	5.71	2.2659	
1300	1	5.72	5.72	2.2416	
1301	1	5.7	5.7	2.33	
1302	1	5.71	5.71	2.3859	
1303	1	5.74	5.74	2.4924	
1304	1	5.76	5.76	2.5024	
1305	1	5.78	5.78	2.4116	
1306	1	5.79	5.79	2.5259	
1307	1	5.8	5.8	2.62	
1308	1	5.83	5.83	2.7011	
1309	1	5.85	5.85	2.7075	
1310	1	5.84	5.84	2.7544	
1311	1	5.86	5.86	2.8004	
1312	1	5.88	5.88	2.8456	
1313	1	5.89	5.89	2.8579	
1314	1	5.9	5.9	2.87	
1315	1	5.86	5.86	2.9604	
1316	1	5.9	5.9	2.91	
1317	1	5.91	5.91	2.9219	
1318	1	5.86	5.86	2.6804	
1319	1	5.89	5.89	2.6579	
1320	1	5.93	5.93	2.7851	
1321	1	5.99	5.99	2.9299	
1322	1	5.99	5.99	3.0099	
1323	1	5.98	5.98	3.0596	
1324	1	5.99	5.99	3.2099	
1325	1	5.99	5.99	3.1299	
1326	1	5.97	5.97	3.0891	
1327	1	6.04	6.04	2.9984	
1328	1	6.11	6.11	3.0379	
1329	1	6.15	6.15	2.9875	
1330	1	6.09	6.09	3.1619	
1331	1	6.08	6.08	3.1336	
1332	1	6.06	6.06	3.0764	
1333	1	6.06	6.06	3.0364	
1334	1	6.07	6.07	2.9051	
1335	1	6.02	6.02	2.8596	
1336	1	5.98	5.98	2.9396	
1337	1	6.04	6.04	2.8984	
1338	1	6.06	6.06	2.8764	
1339	1	6.05	6.05	2.8675	
1340	1	6.09	6.09	2.7819	
1341	1	6.08	6.08	2.7536	
1342	1	6.05	6.05	2.6475	
1343	1	6.03	6.03	2.7291	
1344	1	6.05	6.05	2.6675	
1345	1	6.02	6.02	2.7396	
1346	1	6.02	6.02	2.6796	
1347	1	6.06	6.06	2.5764	
1348	1	6.1	6.1	2.63	
1349	1	6.1	6.1	2.63	
1350	1	6.09	6.09	2.7019	
1351	1	6.15	6.15	2.6675	
1352	1	6.14	6.14	2.4204	
1353	1	6.14	6.14	2.4804	
1354	1	6.2	6.2	2.42	
1355	1	6.17	6.17	2.5011	
1356	1	6.16	6.16	2.5344	
1357	1	6.13	6.13	2.5931	
1358	1	6.13	6.13	2.5531	
1359	1	6.18	6.18	2.5476	
1360	1	6.25	6.25	2.4675	
1361	1	6.25	6.25	2.6475	
1362	1	6.27	6.27	2.6371	
1363	1	6.27	6.27	2.6571	
1364	1	6.31	6.31	2.6139	
1365	1	6.29	6.29	2.7459	
1366	1	6.29	6.29	2.8059	
1367	1	6.3	6.3	2.79	
1368	1	6.35	6.35	2.8275	
1369	1	6.38	6.38	2.7956	
1370	1	6.34	6.34	2.8444	
1371	1	6.34	6.34	2.7844	
1372	1	6.36	6.36	2.9104	
1373	1	6.39	6.39	2.8179	
1374	1	6.42	6.42	3.0436	
1375	1	6.44	6.44	3.0664	
1376	1	6.46	6.46	3.0084	
1377	1	6.48	6.48	3.0096	
1378	1	6.46	6.46	3.1684	
1379	1	6.48	6.48	3.1296	
1380	1	6.45	6.45	2.9675	
1381	1	6.47	6.47	2.8891	
1382	1	6.48	6.48	2.9696	
1383	1	6.45	6.45	2.8675	
1384	1	6.49	6.49	2.7499	
1385	1	6.47	6.47	2.7491	
1386	1	6.53	6.53	2.7291	
1387	1	6.45	6.45	2.8475	
1388	1	6.43	6.43	2.9451	
1389	1	6.42	6.42	2.9236	
1390	1	6.41	6.41	2.9019	
1391	1	6.41	6.41	3.0619	
1392	1	6.47	6.47	3.0491	
1393	1	6.45	6.45	3.0475	
1394	1	6.41	6.41	3.1019	
1395	1	6.44	6.44	3.0264	
1396	1	6.46	6.46	3.0284	
1397	1	6.42	6.42	3.0036	
1398	1	6.46	6.46	2.9484	
1399	1	6.54	6.54	2.9284	
1400	1	6.52	6.52	2.9696	
1401	1	6.51	6.51	2.9899	
1402	1	6.54	6.54	3.0284	
1403	1	6.54	6.54	3.0484	
1404	1	6.52	6.52	3.1496	
1405	1	6.58	6.58	3.1236	
1406	1	6.58	6.58	3.2836	
1407	1	6.66	6.66	3.3444	
1408	1	6.66	6.66	3.3044	
1409	1	6.61	6.61	3.2579	
1410	1	6.61	6.61	3.1379	
1411	1	6.65	6.65	3.0475	
1412	1	6.65	6.65	3.0875	
1413	1	6.66	6.66	3.1044	
1414	1	6.67	6.67	3.1011	
1415	1	6.72	6.72	3.2016	
1416	1	6.75	6.75	3.1475	
1417	1	6.7	6.7	3.33	
1418	1	6.71	6.71	3.2459	
1419	1	6.72	6.72	3.2216	
1420	1	6.72	6.72	3.1816	
1421	1	6.71	6.71	3.2259	
1422	1	6.69	6.69	3.0739	
1423	1	6.69	6.69	3.0339	
1424	1	6.73	6.73	3.0171	
1425	1	6.72	6.72	3.0216	
1426	1	6.71	6.71	3.1659	
1427	1	6.75	6.75	3.1475	
1428	1	6.75	6.75	3.1275	
1429	1	6.69	6.69	3.1539	
1430	1	6.7	6.7	3.15	
1431	1	6.73	6.73	3.2771	
1432	1	6.81	6.81	3.2339	
1433	1	6.82	6.82	3.3076	
1434	1	6.83	6.83	3.2611	
1435	1	6.82	6.82	3.1876	
1436	1	6.85	6.85	3.2675	
1437	1	6.78	6.78	3.3516	
1438	1	6.72	6.72	3.4816	
1439	1	6.7	6.7	3.51	
1440	1	6.68	6.68	3.5376	
1441	1	6.74	6.74	3.5124	
1442	1	6.77	6.77	3.4971	
1443	1	6.8	6.8	3.68	
1444	1	6.87	6.87	3.6931	
1445	1	6.84	6.84	3.7144	
1446	1	6.82	6.82	3.9076	
1447	1	6.84	6.84	3.7544	
1448	1	6.87	6.87	3.7931	
1449	1	6.85	6.85	3.7475	
1450	1	6.84	6.84	3.6944	
1451	1	6.79	6.79	3.7859	
1452	1	6.81	6.81	3.7739	
1453	1	6.79	6.79	3.6059	
1454	1	6.88	6.88	3.5056	
1455	1	6.86	6.86	3.5004	
1456	1	6.91	6.91	3.5419	
1457	1	6.89	6.89	3.5579	
1458	1	6.85	6.85	3.6075	
1459	1	6.84	6.84	3.5744	
1460	1	6.84	6.84	3.4544	
1461	1	6.88	6.88	3.4456	
1462	1	6.95	6.95	3.4075	
1463	1	6.94	6.94	3.5364	
1464	1	6.94	6.94	3.5564	
1465	1	6.97	6.97	3.5091	
1466	1	6.94	6.94	3.5364	
1467	1	6.99	6.99	3.6099	
1468	1	7	7	3.58	
1469	1	7.04	7.04	3.7784	
1470	1	7.06	7.06	3.7764	
1471	1	7.05	7.05	3.7875	
1472	1	7.07	7.07	3.7651	
1473	1	7.04	7.04	3.7984	
1474	1	7.06	7.06	3.7764	
1475	1	7.03	7.03	3.6691	
1476	1	7.13	7.13	3.7131	
1477	1	7.11	7.11	3.7579	
1478	1	7.16	7.16	3.6744	
1479	1	7.19	7.19	3.6539	
1480	1	7.17	7.17	3.5411	
1481	1	7.16	7.16	3.6944	
1482	1	7.19	7.19	3.7139	
1483	1	7.11	7.11	3.8579	
1484	1	7.16	7.16	3.7944	
1485	1	7.19	7.19	3.8339	
1486	1	7.2	7.2	3.88	
1487	1	7.19	7.19	4.0339	
1488	1	7.24	7.24	4.2224	
1489	1	7.24	7.24	4.2424	
1490	1	7.23	7.23	4.2771	
1491	1	7.29	7.29	4.5259	
1492	1	7.3	7.3	4.45	
1493	1	7.3	7.3	4.31	
1494	1	7.28	7.28	4.4416	
1495	1	7.3	7.3	4.51	
1496	1	7.36	7.36	4.5704	
1497	1	7.35	7.35	4.4475	
1498	1	7.31	7.31	4.5339	
1499	1	7.27	7.27	4.4371	
1500	1	7.22	7.22	4.3316	
1501	1	7.23	7.23	4.5171	
1502	1	7.28	7.28	4.4816	
1503	1	7.32	7.32	4.3376	
1504	1	7.3	7.3	4.53	
1505	1	7.35	7.35	4.4075	
1506	1	7.35	7.35	4.4075	
1507	1	7.38	7.38	4.2156	
1508	1	7.39	7.39	4.2579	
1509	1	7.35	7.35	4.3675	
1510	1	7.4	7.4	4.42	
1511	1	7.42	7.42	4.4236	
1512	1	7.43	7.43	4.3451	
1513	1	7.43	7.43	4.4851	
1514	1	7.41	7.41	4.6019	
1515	1	7.43	7.43	4.5251	
1516	1	7.42	7.42	4.6436	
1517	1	7.34	7.34	4.7644	
1518	1	7.33	7.33	4.8611	
1519	1	7.3	7.3	4.93	
1520	1	7.29	7.29	4.8259	
1521	1	7.29	7.29	4.8259	
1522	1	7.28	7.28	4.9216	
1523	1	7.26	7.26	4.9924	
1524	1	7.27	7.27	4.9771	
1525	1	7.24	7.24	4.9024	
1526	1	7.27	7.27	4.8171	
1527	1	7.24	7.24	4.9424	
1528	1	7.26	7.26	4.9324	
1529	1	7.3	7.3	4.95	
1530	1	7.33	7.33	5.1011	
1531	1	7.31	7.31	4.8739	
1532	1	7.32	7.32	4.7776	
1533	1	7.35	7.35	4.8075	
1534	1	7.35	7.35	4.7275	
1535	1	7.38	7.38	4.6156	
1536	1	7.37	7.37	4.6131	
1537	1	7.44	7.44	4.6064	
1538	1	7.45	7.45	4.6075	
1539	1	7.44	7.44	4.7264	
1540	1	7.44	7.44	4.6264	
1541	1	7.48	7.48	4.5096	
1542	1	7.5	7.5	4.51	
1543	1	7.51	7.51	4.4499	
1544	1	7.5	7.5	4.63	
1545	1	7.55	7.55	4.5875	
1546	1	7.58	7.58	4.6836	
1547	1	7.54	7.54	4.7084	
1548	1	7.64	7.64	4.8304	
1549	1	7.61	7.61	4.9179	
1550	1	7.62	7.62	4.9156	
1551	1	7.64	7.64	5.0304	
1552	1	7.63	7.63	5.2931	
1553	1	7.68	7.68	5.1576	
1554	1	7.72	7.72	5.2216	
1555	1	7.76	7.76	5.3624	
1556	1	7.71	7.71	5.4259	
1557	1	7.66	7.66	5.6444	
1558	1	7.65	7.65	5.5675	
1559	1	7.69	7.69	5.4739	
1560	1	7.65	7.65	5.6475	
1561	1	7.73	7.73	5.6571	
1562	1	7.76	7.76	5.6424	
1563	1	7.74	7.74	5.4324	
1564	1	7.81	7.81	5.6539	
1565	1	7.84	7.84	5.5744	
1566	1	7.88	7.88	5.2656	
1567	1	7.93	7.93	5.3851	
1568	1	7.91	7.91	5.5419	
1569	1	7.88	7.88	5.6056	
1570	1	7.91	7.91	5.5219	
1571	1	7.86	7.86	5.5604	
1572	1	7.87	7.87	5.6131	
1573	1	7.85	7.85	5.8675	
1574	1	7.91	7.91	5.8819	
1575	1	7.89	7.89	5.9779	
1576	1	7.93	7.93	5.9251	
1577	1	7.96	7.96	5.8984	
1578	1	7.97	7.97	5.9091	
1579	1	7.93	7.93	6.0851	
1580	1	7.97	7.97	5.9891	
1581	1	8.06	8.06	5.9764	
1582	1	8.05	8.05	5.8275	
1583	1	8.06	8.06	5.9764	
1584	1	8.05	8.05	6.0875	
1585	1	8.06	8.06	5.9364	
1586	1	8.05	8.05	5.9675	
1587	1	8.12	8.12	5.9456	
1588	1	8	8	5.78	
1589	1	8.11	8.11	5.7179	
1590	1	8.15	8.15	5.6675	
1591	1	8.28	8.28	5.4416	
1592	1	8.15	8.15	5.4475	
1593	1	8.16	8.16	5.5544	
1594	1	8.11	8.11	5.6579	
1595	1	8.09	8.09	5.7619	
1596	1	8.08	8.08	5.8936	
1597	1	8.17	8.17	5.8211	
1598	1	8.23	8.23	5.4571	
1599	1	8.3	8.3	5.27	
1600	1	8.33	8.33	5.1611	
1601	1	8.31	8.31	5.2739	
1602	1	8.29	8.29	4.9259	
1603	1	8.24	8.24	5.1024	
1604	1	8.25	8.25	4.9075	
1605	1	8.25	8.25	4.9675	
1606	1	8.21	8.21	5.1859	
1607	1	8.2	8.2	5.16	
1608	1	8.25	8.25	5.1875	
1609	1	8.2	8.2	5.38	
1610	1	8.28	8.28	5.1416	
1611	1	8.23	8.23	5.3171	
1612	1	8.2	8.2	5.42	
1613	1	8.15	8.15	5.3875	
1614	1	8.15	8.15	5.3275	
1615	1	8.08	8.08	5.6136	
1616	1	8.05	8.05	5.6475	
1617	1	8.04	8.04	5.6984	
1618	1	8.02	8.02	5.6196	
1619	1	7.98	7.98	5.7196	
1620	1	8.01	8.01	5.7499	
1621	1	8	8	5.92	
1622	1	7.9	7.9	5.83	
1623	1	7.91	7.91	6.0019	
1624	1	7.89	7.89	6.2179	
1625	1	7.91	7.91	6.1419	
1626	1	7.88	7.88	5.8256	
1627	1	7.94	7.94	5.7364	
1628	1	7.98	7.98	5.7196	
1629	1	8.06	8.06	5.5764	
1630	1	8.01	8.01	5.5499	
1631	1	8.04	8.04	5.5984	
1632	1	8.07	8.07	5.6451	
1633	1	8.04	8.04	5.6184	
1634	1	8.02	8.02	5.8396	
1635	1	8.08	8.08	5.5136	
1636	1	8.12	8.12	5.4256	
1637	1	8.14	8.14	5.2404	
1638	1	8.18	8.18	5.3076	
1639	1	8.19	8.19	5.2739	
1640	1	8.19	8.19	5.2539	
1641	1	8.3	8.3	5.43	
1642	1	8.31	8.31	5.3539	
1643	1	8.23	8.23	5.3571	
1644	1	8.32	8.32	5.4576	
1645	1	8.23	8.23	5.6371	
1646	1	8.26	8.26	5.5524	
1647	1	8.34	8.34	5.1644	
1648	1	8.37	8.37	4.9931	
1649	1	8.44	8.44	4.8264	
1650	1	8.39	8.39	4.8179	
1651	1	8.55	8.55	4.9075	
1652	1	8.64	8.64	4.9704	
1653	1	8.7	8.7	4.89	
1654	1	8.87	8.87	4.8731	
1655	1	8.89	8.89	4.7979	
1656	1	8.85	8.85	4.7875	
1657	1	8.85	8.85	4.8875	
1658	1	8.72	8.72	5.2616	
1659	1	8.59	8.59	5.3619	
1660	1	8.56	8.56	5.4464	
1661	1	8.54	8.54	5.5084	
1662	1	8.51	8.51	5.8299	
1663	1	8.47	8.47	5.8691	
1664	1	8.5	8.5	5.73	
1665	1	8.51	8.51	5.7499	
1666	1	8.5	8.5	5.77	
1667	1	8.53	8.53	5.9891	
1668	1	8.54	8.54	5.9484	
1669	1	8.48	8.48	5.9896	
1670	1	8.47	8.47	5.8291	
1671	1	8.51	8.51	5.8099	
1672	1	8.58	8.58	5.5236	
1673	1	8.66	8.66	5.7644	
1674	1	8.58	8.58	5.9436	
1675	1	8.58	8.58	5.7836	
1676	1	8.52	8.52	6.1896	
1677	1	8.38	8.38	6.4556	
1678	1	8.36	8.36	6.6504	
1679	1	8.44	8.44	6.6264	
1680	1	8.56	8.56	6.2664	
1681	1	8.52	8.52	6.2896	
1682	1	8.5	8.5	6.37	
1683	1	8.41	8.41	6.2019	
1684	1	8.32	8.32	6.3376	
1685	1	8.27	8.27	6.5371	
1686	1	8.3	8.3	6.43	
1687	1	8.29	8.29	6.4659	
1688	1	8.33	8.33	6.4011	
1689	1	8.32	8.32	6.3976	
1690	1	8.28	8.28	6.4216	
1691	1	8.33	8.33	6.4611	
1692	1	8.37	8.37	6.3931	
1693	1	8.49	8.49	6.6899	
1694	1	8.52	8.52	6.7496	
1695	1	8.53	8.53	6.9691	
1696	1	8.56	8.56	7.0864	
1697	1	8.51	8.51	6.8699	
1698	1	8.44	8.44	6.9664	
1699	1	8.3	8.3	7.23	
1700	1	8.32	8.32	7.3176	
1701	1	8.3	8.3	7.55	
1702	1	8.33	8.33	7.7211	
1703	1	8.51	8.51	7.8099	
1704	1	8.37	8.37	7.7131	
1705	1	8.31	8.31	8.0139	
1706	1	8.27	8.27	7.6371	
1707	1	8.29	8.29	7.5459	
1708	1	8.21	8.21	7.6459	
1709	1	8.18	8.18	7.5676	
1710	1	8.15	8.15	7.3875	
1711	1	8.15	8.15	7.3675	
1712	1	8.2	8.2	7.34	
1713	1	8.22	8.22	7.0716	
1714	1	8.2	8.2	7.1	
1715	1	8.18	8.18	7.5476	
1716	1	8.13	8.13	7.6131	
1717	1	8.24	8.24	7.5424	
1718	1	8.28	8.28	8.0016	
1719	1	8.27	8.27	8.0771	
1720	1	8.15	8.15	8.1075	
1721	1	8.21	8.21	7.7259	
1722	1	8.27	8.27	7.6771	
1723	1	8.29	8.29	7.7459	
1724	1	8.25	8.25	7.9475	
1725	1	8.23	8.23	7.9971	
1726	1	8.3	8.3	7.73	
1727	1	8.29	8.29	7.6259	
1728	1	8.29	8.29	7.7459	
1729	1	8.27	8.27	7.8371	
1730	1	8.31	8.31	7.6539	
1731	1	8.34	8.34	7.8044	
1732	1	8.3	8.3	7.97	
1733	1	8.37	8.37	8.3131	
1734	1	8.43	8.43	8.2251	
1735	1	8.48	8.48	8.1096	
1736	1	8.48	8.48	8.2096	
1737	1	8.42	8.42	8.2236	
1738	1	8.37	8.37	8.4131	
1739	1	8.38	8.38	8.4356	
1740	1	8.44	8.44	8.5064	
1741	1	8.43	8.43	8.5651	
1742	1	8.37	8.37	8.4731	
1743	1	8.47	8.47	8.5091	
1744	1	8.48	8.48	8.6896	
1745	1	8.53	8.53	8.4491	
1746	1	8.63	8.63	8.1531	
1747	1	8.58	8.58	8.1036	
1748	1	8.63	8.63	8.1731	
1749	1	8.6	8.6	8.08	
1750	1	8.62	8.62	8.1756	
1751	1	8.57	8.57	8.6051	
1752	1	8.55	8.55	8.8475	
1753	1	8.53	8.53	8.6691	
1754	1	8.68	8.68	8.6376	
1755	1	8.65	8.65	8.7275	
1756	1	8.63	8.63	8.4131	
1757	1	8.58	8.58	8.4636	
1758	1	8.67	8.67	8.3611	
1759	1	8.7	8.7	8.63	
1760	1	8.65	8.65	8.9675	
1761	1	8.72	8.72	8.7616	
1762	1	8.77	8.77	8.6771	
1763	1	8.7	8.7	8.83	
1764	1	8.69	8.69	8.7939	
1765	1	8.67	8.67	8.8211	
1766	1	8.6	8.6	8.72	
1767	1	8.63	8.63	9.0531	
1768	1	8.6	8.6	9.24	
1769	1	8.57	8.57	9.0651	
1770	1	8.6	8.6	8.64	
1771	1	8.64	8.64	8.6304	
1772	1	8.64	8.64	8.6304	
1773	1	8.66	8.66	8.5444	
1774	1	8.7	8.7	8.49	
1775	1	8.64	8.64	8.7704	
1776	1	8.66	8.66	9.0244	
1777	1	8.63	8.63	8.8731	
1778	1	8.77	8.77	8.7571	
1779	1	8.9	8.9	8.69	
1780	1	8.86	8.86	8.8804	
1781	1	8.84	8.84	8.9744	
1782	1	8.89	8.89	8.8579	
1783	1	8.86	8.86	9.0404	
1784	1	8.82	8.82	9.1076	
1785	1	8.75	8.75	9.4475	
1786	1	8.77	8.77	9.3171	
1787	1	8.72	8.72	9.1416	
1788	1	8.77	8.77	9.0571	
1789	1	8.76	8.76	9.3224	
1790	1	8.71	8.71	9.9659	
1791	1	8.72	8.72	9.9016	
1792	1	8.75	8.75	9.8275	
1793	1	8.7	8.7	9.63	
1794	1	8.7	8.7	9.93	
1795	1	8.69	8.69	10.0139	
1796	1	8.7	8.7	9.83	
1797	1	8.66	8.66	9.9644	
1798	1	8.64	8.64	9.8904	
1799	1	8.56	8.56	9.8464	
1800	1	8.52	8.52	9.5896	
1801	1	8.48	8.48	9.2896	
1802	1	8.41	8.41	9.2219	
1803	1	8.35	8.35	9.5275	
1804	1	8.43	8.43	9.6451	
1805	1	8.42	8.42	9.3636	
1806	1	8.44	8.44	9.3064	
1807	1	8.43	8.43	9.4451	
1808	1	8.47	8.47	9.4891	
1809	1	8.47	8.47	9.6691	
1810	1	8.56	8.56	9.8264	
1811	1	8.51	8.51	9.6099	
1812	1	8.51	8.51	9.5299	
1813	1	8.53	8.53	9.5291	
1814	1	8.53	8.53	9.6291	
1815	1	8.54	8.54	9.4284	
1816	1	8.52	8.52	9.6296	
1817	1	8.53	8.53	9.6891	
1818	1	8.53	8.53	9.6091	
1819	1	8.57	8.57	9.6051	
1820	1	8.56	8.56	9.6664	
1821	1	8.56	8.56	9.7864	
1822	1	8.65	8.65	9.4275	
1823	1	8.68	8.68	9.7176	
1824	1	8.74	8.74	9.6324	
1825	1	8.77	8.77	9.4971	
1826	1	8.73	8.73	9.6571	
1827	1	8.79	8.79	9.2859	
1828	1	8.78	8.78	9.5916	
1829	1	8.75	8.75	9.4475	
1830	1	8.73	8.73	9.2771	
1831	1	8.66	8.66	9.6444	
1832	1	8.67	8.67	9.6411	
1833	1	8.7	8.7	9.83	
1834	1	8.73	8.73	9.7371	
1835	1	8.72	8.72	9.6616	
1836	1	8.77	8.77	10.0171	
1837	1	8.78	8.78	9.9316	
1838	1	8.79	8.79	10.0659	
1839	1	8.76	8.76	10.0824	
1840	1	8.79	8.79	10.2259	
1841	1	8.71	8.71	10.1459	
1842	1	8.67	8.67	10.3411	
1843	1	8.7	8.7	10.41	
1844	1	8.72	8.72	10.4416	
1845	1	8.69	8.69	10.3139	
1846	1	8.69	8.69	10.3739	
1847	1	8.68	8.68	10.2776	
1848	1	8.63	8.63	10.4731	
1849	1	8.57	8.57	10.3851	
1850	1	8.59	8.59	10.2819	
1851	1	8.6	8.6	10.3	
1852	1	8.63	8.63	10.1131	
1853	1	8.63	8.63	10.1531	
1854	1	8.63	8.63	9.8531	
1855	1	8.62	8.62	9.7156	
1856	1	8.65	8.65	9.6875	
1857	1	8.63	8.63	9.7731	
1858	1	8.59	8.59	9.7819	
1859	1	8.64	8.64	9.7904	
1860	1	8.67	8.67	9.6211	
1861	1	8.73	8.73	9.6571	
1862	1	8.77	8.77	9.7971	
1863	1	8.69	8.69	9.6139	
1864	1	8.67	8.67	9.5011	
1865	1	8.73	8.73	9.3171	
1866	1	8.8	8.8	9.58	
1867	1	8.84	8.84	9.3344	
1868	1	8.85	8.85	9.3675	
1869	1	8.92	8.92	9.7536	
1870	1	8.8	8.8	9.38	
1871	1	8.81	8.81	9.3139	
1872	1	8.81	8.81	9.4939	
1873	1	8.82	8.82	9.4076	
1874	1	8.79	8.79	9.6259	
1875	1	8.83	8.83	9.4011	
1876	1	8.87	8.87	9.6531	
1877	1	9.07	9.07	9.9451	
1878	1	8.98	8.98	9.6596	
1879	1	8.97	8.97	9.4291	
1880	1	9.04	9.04	9.0584	
1881	1	9.04	9.04	9.0384	
1882	1	9.02	9.02	8.6996	
1883	1	9.01	9.01	8.2899	
1884	1	9.06	9.06	8.3364	
1885	1	9	9	8.08	
1886	1	9.02	9.02	7.8796	
1887	1	9.04	9.04	7.7984	
1888	1	9.01	9.01	7.5499	
1889	1	9.04	9.04	7.3384	
1890	1	9.05	9.05	7.4275	
1891	1	9.08	9.08	7.1736	
1892	1	9.06	9.06	7.1364	
1893	1	9.04	9.04	6.9984	
1894	1	9	9	6.82	
1895	1	9.04	9.04	7.0184	
1896	1	9.05	9.05	6.9875	
1897	1	9.01	9.01	6.7499	
1898	1	9.05	9.05	6.6275	
1899	1	8.99	8.99	6.3099	
1900	1	9.07	9.07	6.6251	
1901	1	9.09	9.09	6.5619	
1902	1	9.13	9.13	6.5131	
1903	1	9.17	9.17	6.4411	
1904	1	9.12	9.12	6.3056	
1905	1	9.12	9.12	6.1256	
1906	1	9.17	9.17	6.0811	
1907	1	9.13	9.13	6.0331	
1908	1	9.15	9.15	5.9875	
1909	1	9.09	9.09	6.2819	
1910	1	9.08	9.08	6.4336	
1911	1	9.16	9.16	6.6744	
1912	1	9.12	9.12	7.0256	
1913	1	9.13	9.13	7.0531	
1914	1	9.15	9.15	7.1875	
1915	1	9	9	7.5	
1916	1	9	9	7.34	
1917	1	8.95	8.95	6.7675	
1918	1	9.01	9.01	6.8899	
1919	1	8.97	8.97	7.0691	
1920	1	9	9	6.9	
1921	1	9.04	9.04	6.7984	
1922	1	9.04	9.04	6.8784	
1923	1	9.04	9.04	6.9784	
1924	1	9	9	6.82	
1925	1	8.98	8.98	7.0996	
1926	1	8.97	8.97	7.1691	
1927	1	8.95	8.95	7.1275	
1928	1	8.97	8.97	7.3691	
1929	1	8.95	8.95	8.0675	
1930	1	8.96	8.96	7.9584	
1931	1	9	9	7.8	
1932	1	9.02	9.02	7.7196	
1933	1	9.05	9.05	7.6075	
1934	1	9.07	9.07	7.3451	
1935	1	9.06	9.06	7.4364	
1936	1	9.18	9.18	7.6076	
1937	1	9.18	9.18	7.7276	
1938	1	9.17	9.17	7.6811	
1939	1	9.18	9.18	7.8876	
1940	1	9.21	9.21	7.6659	
1941	1	9.28	9.28	7.8216	
1942	1	9.35	9.35	8.0275	
1943	1	9.36	9.36	8.2904	
1944	1	9.29	9.29	8.3059	
1945	1	9.28	9.28	8.0616	
1946	1	9.31	9.31	7.8539	
1947	1	9.43	9.43	8.1451	
1948	1	9.52	9.52	8.2096	
1949	1	9.5	9.5	8.31	
1950	1	9.37	9.37	8.0331	
1951	1	9.38	9.38	7.8756	
1952	1	9.32	9.32	7.7376	
1953	1	9.37	9.37	8.1331	
1954	1	9.36	9.36	7.9904	
1955	1	9.31	9.31	7.6539	
1956	1	9.29	9.29	7.7059	
1957	1	9.14	9.14	7.2004	
1958	1	9.32	9.32	7.5976	
1959	1	9.3	9.3	7.39	
1960	1	9.23	9.23	7.3771	
1961	1	9.19	9.19	7.1139	
1962	1	9.09	9.09	6.8619	
1963	1	9.14	9.14	6.6804	
1964	1	9.2	9.2	6.74	
1965	1	9.19	9.19	6.8339	
1966	1	9.21	9.21	6.7059	
1967	1	9.15	9.15	6.8875	
1968	1	9.12	9.12	7.0656	
1969	1	9.14	9.14	7.0004	
1970	1	9.06	9.06	6.8164	
1971	1	9.07	9.07	6.7851	
1972	1	9.13	9.13	6.6731	
1973	1	9.1	9.1	6.79	
1974	1	9.21	9.21	7.0259	
1975	1	9.19	9.19	7.1739	
1976	1	9.2	9.2	7.36	
1977	1	9.21	9.21	7.3659	
1978	1	9.37	9.37	7.3531	
1979	1	9.32	9.32	7.1976	
1980	1	9.26	9.26	6.7724	
1981	1	9.29	9.29	6.5459	
1982	1	9.22	9.22	6.2516	
1983	1	9.23	9.23	6.2771	
1984	1	9.21	9.21	6.2859	
1985	1	9.24	9.24	6.1224	
1986	1	9.16	9.16	6.3344	
1987	1	9.09	9.09	6.6019	
1988	1	9.07	9.07	6.6651	
1989	1	9.14	9.14	6.5804	
1990	1	9.15	9.15	6.7875	
1991	1	9.21	9.21	6.5259	
1992	1	9.22	9.22	6.3516	
1993	1	9.22	9.22	6.4916	
1994	1	9.12	9.12	6.6256	
1995	1	9.23	9.23	6.7171	
1996	1	9.16	9.16	7.1544	
1997	1	9.2	9.2	6.92	
1998	1	9.24	9.24	7.5024	
1999	1	9.24	9.24	7.3024	
2000	1	9.18	9.18	7.7676	
