# mu = 0.0001, s = -0.01, trials requested = 1, runtime = 0:01:54
# "Time"	"Actual trials"	"Mean mutation"	"Average mean mutation"	"Average mutation variance"
0	1	0	0	0	
1	1	0.06	0.06	0.0564	
2	1	0.11	0.11	0.0979	
3	1	0.01	0.01	0.0099	
4	1	0.01	0.01	0.0099	
5	1	0.01	0.01	0.0099	
6	1	0.01	0.01	0.0099	
7	1	0.01	0.01	0.0099	
8	1	0.01	0.01	0.0099	
9	1	0.01	0.01	0.0099	
10	1	0.01	0.01	0.0099	
11	1	0.01	0.01	0.0099	
12	1	0.01	0.01	0.0099	
13	1	0.01	0.01	0.0099	
14	1	0.01	0.01	0.0099	
15	1	0.01	0.01	0.0099	
16	1	0.01	0.01	0.0099	
17	1	0.01	0.01	0.0099	
18	1	0.01	0.01	0.0099	
19	1	0.01	0.01	0.0099	
20	1	0.01	0.01	0.0099	
21	1	0.03	0.03	0.0291	
22	1	0.06	0.06	0.0564	
23	1	0.02	0.02	0.0196	
24	1	0.01	0.01	0.0099	
25	1	0.01	0.01	0.0099	
26	1	0.01	0.01	0.0099	
27	1	0.01	0.01	0.0099	
28	1	0.01	0.01	0.0099	
29	1	0.01	0.01	0.0099	
30	1	0.02	0.02	0.0196	
31	1	0.03	0.03	0.0291	
32	1	0.01	0.01	0.0099	
33	1	0.01	0.01	0.0099	
34	1	0.01	0.01	0.0099	
35	1	0.01	0.01	0.0099	
36	1	0.01	0.01	0.0099	
37	1	0.01	0.01	0.0099	
38	1	0.02	0.02	0.0196	
39	1	0.01	0.01	0.0099	
40	1	0.01	0.01	0.0099	
41	1	0.01	0.01	0.0099	
42	1	0.01	0.01	0.0099	
43	1	0.01	0.01	0.0099	
44	1	0.01	0.01	0.0099	
45	1	0.01	0.01	0.0099	
46	1	0.01	0.01	0.0099	
47	1	0.01	0.01	0.0099	
48	1	0.01	0.01	0.0099	
49	1	0.01	0.01	0.0099	
50	1	0.01	0.01	0.0099	
51	1	0.01	0.01	0.0099	
52	1	0.01	0.01	0.0099	
53	1	0.01	0.01	0.0099	
54	1	0.01	0.01	0.0099	
55	1	0.01	0.01	0.0099	
56	1	0.01	0.01	0.0099	
57	1	0.01	0.01	0.0099	
58	1	0.04	0.04	0.0384	
59	1	0.01	0.01	0.0099	
60	1	0.01	0.01	0.0099	
61	1	0.01	0.01	0.0099	
62	1	0.01	0.01	0.0099	
63	1	0.14	0.14	0.1204	
64	1	0.01	0.01	0.0099	
65	1	0.01	0.01	0.0099	
66	1	0.01	0.01	0.0099	
67	1	0.01	0.01	0.0099	
68	1	0.01	0.01	0.0099	
69	1	0.01	0.01	0.0099	
70	1	0.03	0.03	0.0291	
71	1	0.01	0.01	0.0099	
72	1	0.01	0.01	0.0099	
73	1	0.01	0.01	0.0099	
74	1	0.01	0.01	0.0099	
75	1	0.01	0.01	0.0099	
76	1	0.01	0.01	0.0099	
77	1	0.13	0.13	0.1131	
78	1	0.05	0.05	0.0475	
79	1	0.02	0.02	0.0196	
80	1	0.05	0.05	0.0475	
81	1	0.01	0.01	0.0099	
82	1	0.01	0.01	0.0099	
83	1	0.01	0.01	0.0099	
84	1	0.03	0.03	0.0291	
85	1	0.12	0.12	0.1056	
86	1	0.02	0.02	0.0196	
87	1	0.01	0.01	0.0099	
88	1	0.01	0.01	0.0099	
89	1	0.01	0.01	0.0099	
90	1	0.01	0.01	0.0099	
91	1	0.01	0.01	0.0099	
92	1	0.01	0.01	0.0099	
93	1	0.01	0.01	0.0099	
94	1	0.01	0.01	0.0099	
95	1	0.01	0.01	0.0099	
96	1	0.01	0.01	0.0099	
97	1	0.01	0.01	0.0099	
98	1	0.01	0.01	0.0099	
99	1	0.02	0.02	0.0196	
100	1	0.09	0.09	0.0819	
101	1	0.24	0.24	0.1824	
102	1	0.07	0.07	0.0651	
103	1	0.01	0.01	0.0099	
104	1	0.01	0.01	0.0099	
105	1	0.03	0.03	0.0291	
106	1	0.01	0.01	0.0099	
107	1	0.01	0.01	0.0099	
108	1	0.03	0.03	0.0291	
109	1	0.01	0.01	0.0099	
110	1	0.01	0.01	0.0099	
111	1	0.04	0.04	0.0384	
112	1	0.01	0.01	0.0099	
113	1	0.01	0.01	0.0099	
114	1	0.01	0.01	0.0099	
115	1	0.01	0.01	0.0099	
116	1	0.01	0.01	0.0099	
117	1	0.01	0.01	0.0099	
118	1	0.07	0.07	0.0651	
119	1	0.3	0.3	0.21	
120	1	0.18	0.18	0.1476	
121	1	0.16	0.16	0.1344	
122	1	0.22	0.22	0.1716	
123	1	0.08	0.08	0.0736	
124	1	0.08	0.08	0.0736	
125	1	0.01	0.01	0.0099	
126	1	0.01	0.01	0.0099	
127	1	0.01	0.01	0.0099	
128	1	0.01	0.01	0.0099	
129	1	0.01	0.01	0.0099	
130	1	0.01	0.01	0.0099	
131	1	0.01	0.01	0.0099	
132	1	0.01	0.01	0.0099	
133	1	0.01	0.01	0.0099	
134	1	0.01	0.01	0.0099	
135	1	0.01	0.01	0.0099	
136	1	0.07	0.07	0.0651	
137	1	0.01	0.01	0.0099	
138	1	0.01	0.01	0.0099	
139	1	0.02	0.02	0.0196	
140	1	0.01	0.01	0.0099	
141	1	0.01	0.01	0.0099	
142	1	0.01	0.01	0.0099	
143	1	0.03	0.03	0.0291	
144	1	0.01	0.01	0.0099	
145	1	0.01	0.01	0.0099	
146	1	0.01	0.01	0.0099	
147	1	0.01	0.01	0.0099	
148	1	0.01	0.01	0.0099	
149	1	0.01	0.01	0.0099	
150	1	0.01	0.01	0.0099	
151	1	0.01	0.01	0.0099	
152	1	0.01	0.01	0.0099	
153	1	0.02	0.02	0.0196	
154	1	0.01	0.01	0.0099	
155	1	0.01	0.01	0.0099	
156	1	0.01	0.01	0.0099	
157	1	0.01	0.01	0.0099	
158	1	0.01	0.01	0.0099	
159	1	0.01	0.01	0.0099	
160	1	0.01	0.01	0.0099	
161	1	0.01	0.01	0.0099	
162	1	0.01	0.01	0.0099	
163	1	0.19	0.19	0.1539	
164	1	0.01	0.01	0.0099	
165	1	0.01	0.01	0.0099	
166	1	0.01	0.01	0.0099	
167	1	0.01	0.01	0.0099	
168	1	0.01	0.01	0.0099	
169	1	0.01	0.01	0.0099	
170	1	0.01	0.01	0.0099	
171	1	0.01	0.01	0.0099	
172	1	0.01	0.01	0.0099	
173	1	0.01	0.01	0.0099	
174	1	0.01	0.01	0.0099	
175	1	0.01	0.01	0.0099	
176	1	0.01	0.01	0.0099	
177	1	0.01	0.01	0.0099	
178	1	0.01	0.01	0.0099	
179	1	0.01	0.01	0.0099	
180	1	0.01	0.01	0.0099	
181	1	0.01	0.01	0.0099	
182	1	0.01	0.01	0.0099	
183	1	0.01	0.01	0.0099	
184	1	0.01	0.01	0.0099	
185	1	0.01	0.01	0.0099	
186	1	0.01	0.01	0.0099	
187	1	0.01	0.01	0.0099	
188	1	0.01	0.01	0.0099	
189	1	0.01	0.01	0.0099	
190	1	0.01	0.01	0.0099	
191	1	0.01	0.01	0.0099	
192	1	0.05	0.05	0.0475	
193	1	0.01	0.01	0.0099	
194	1	0.01	0.01	0.0099	
195	1	0.01	0.01	0.0099	
196	1	0.08	0.08	0.0736	
197	1	0.01	0.01	0.0099	
198	1	0.01	0.01	0.0099	
199	1	0.01	0.01	0.0099	
200	1	0.01	0.01	0.0099	
201	1	0.01	0.01	0.0099	
202	1	0.01	0.01	0.0099	
203	1	0.01	0.01	0.0099	
204	1	0.02	0.02	0.0196	
205	1	0.02	0.02	0.0196	
206	1	0.01	0.01	0.0099	
207	1	0.03	0.03	0.0291	
208	1	0.01	0.01	0.0099	
209	1	0.01	0.01	0.0099	
210	1	0.01	0.01	0.0099	
211	1	0.01	0.01	0.0099	
212	1	0.01	0.01	0.0099	
213	1	0.1	0.1	0.09	
214	1	0.01	0.01	0.0099	
215	1	0.01	0.01	0.0099	
216	1	0.01	0.01	0.0099	
217	1	0.01	0.01	0.0099	
218	1	0.1	0.1	0.09	
219	1	0.18	0.18	0.1476	
220	1	0.01	0.01	0.0099	
221	1	0.17	0.17	0.1411	
222	1	0.17	0.17	0.1411	
223	1	0.01	0.01	0.0099	
224	1	0.02	0.02	0.0196	
225	1	0.01	0.01	0.0099	
226	1	0.01	0.01	0.0099	
227	1	0.01	0.01	0.0099	
228	1	0.01	0.01	0.0099	
229	1	0.01	0.01	0.0099	
230	1	0.01	0.01	0.0099	
231	1	0.01	0.01	0.0099	
232	1	0.05	0.05	0.0475	
233	1	0.06	0.06	0.0564	
234	1	0.01	0.01	0.0099	
235	1	0.13	0.13	0.1131	
236	1	0.04	0.04	0.0384	
237	1	0.02	0.02	0.0196	
238	1	0.01	0.01	0.0099	
239	1	0.01	0.01	0.0099	
240	1	0.1	0.1	0.09	
241	1	0.16	0.16	0.1344	
242	1	0.07	0.07	0.0651	
243	1	0.01	0.01	0.0099	
244	1	0.01	0.01	0.0099	
245	1	0.01	0.01	0.0099	
246	1	0.01	0.01	0.0099	
247	1	0.01	0.01	0.0099	
248	1	0.01	0.01	0.0099	
249	1	0.01	0.01	0.0099	
250	1	0.01	0.01	0.0099	
251	1	0.01	0.01	0.0099	
252	1	0.01	0.01	0.0099	
253	1	0.01	0.01	0.0099	
254	1	0.01	0.01	0.0099	
255	1	0.01	0.01	0.0099	
256	1	0.03	0.03	0.0291	
257	1	0.17	0.17	0.1411	
258	1	0.01	0.01	0.0099	
259	1	0.01	0.01	0.0099	
260	1	0.01	0.01	0.0099	
261	1	0.01	0.01	0.0099	
262	1	0.01	0.01	0.0099	
263	1	0.01	0.01	0.0099	
264	1	0.01	0.01	0.0099	
265	1	0.01	0.01	0.0099	
266	1	0.01	0.01	0.0099	
267	1	0.01	0.01	0.0099	
268	1	0.01	0.01	0.0099	
269	1	0.05	0.05	0.0475	
270	1	0.01	0.01	0.0099	
271	1	0.01	0.01	0.0099	
272	1	0.29	0.29	0.2059	
273	1	0.3	0.3	0.21	
274	1	0.49	0.49	0.2499	
275	1	0.31	0.31	0.2939	
276	1	0.59	0.59	0.2419	
277	1	0.24	0.24	0.1824	
278	1	0.21	0.21	0.1659	
279	1	0.02	0.02	0.0196	
280	1	0.01	0.01	0.0099	
281	1	0.01	0.01	0.0099	
282	1	0.01	0.01	0.0099	
283	1	0.01	0.01	0.0099	
284	1	0.01	0.01	0.0099	
285	1	0.05	0.05	0.0475	
286	1	0.01	0.01	0.0099	
287	1	0.01	0.01	0.0099	
288	1	0.01	0.01	0.0099	
289	1	0.01	0.01	0.0099	
290	1	0.01	0.01	0.0099	
291	1	0.01	0.01	0.0099	
292	1	0.01	0.01	0.0099	
293	1	0.01	0.01	0.0099	
294	1	0.01	0.01	0.0099	
295	1	0.01	0.01	0.0099	
296	1	0.01	0.01	0.0099	
297	1	0.01	0.01	0.0099	
298	1	0.01	0.01	0.0099	
299	1	0.01	0.01	0.0099	
300	1	0.01	0.01	0.0099	
301	1	0.01	0.01	0.0099	
302	1	0.01	0.01	0.0099	
303	1	0.01	0.01	0.0099	
304	1	0.01	0.01	0.0099	
305	1	0.01	0.01	0.0099	
306	1	0.01	0.01	0.0099	
307	1	0.01	0.01	0.0099	
308	1	0.01	0.01	0.0099	
309	1	0.01	0.01	0.0099	
310	1	0.02	0.02	0.0196	
311	1	0.01	0.01	0.0099	
312	1	0.01	0.01	0.0099	
313	1	0.01	0.01	0.0099	
314	1	0.01	0.01	0.0099	
315	1	0.01	0.01	0.0099	
316	1	0.01	0.01	0.0099	
317	1	0.02	0.02	0.0196	
318	1	0.01	0.01	0.0099	
319	1	0.01	0.01	0.0099	
320	1	0.01	0.01	0.0099	
321	1	0.46	0.46	0.2484	
322	1	0.45	0.45	0.2875	
323	1	0.63	0.63	0.2331	
324	1	0.65	0.65	0.2275	
325	1	0.45	0.45	0.2475	
326	1	0.61	0.61	0.2379	
327	1	0.46	0.46	0.2484	
328	1	0.08	0.08	0.0736	
329	1	0.01	0.01	0.0099	
330	1	0.01	0.01	0.0099	
331	1	0.01	0.01	0.0099	
332	1	0.01	0.01	0.0099	
333	1	0.01	0.01	0.0099	
334	1	0.01	0.01	0.0099	
335	1	0.01	0.01	0.0099	
336	1	0.01	0.01	0.0099	
337	1	0.01	0.01	0.0099	
338	1	0.2	0.2	0.16	
339	1	0.14	0.14	0.1204	
340	1	0.28	0.28	0.2016	
341	1	0.5	0.5	0.25	
342	1	0.26	0.26	0.1924	
343	1	0.47	0.47	0.2491	
344	1	0.75	0.75	0.1875	
345	1	0.78	0.78	0.1716	
346	1	0.99	0.99	0.0099	
347	1	1.01	1.01	0.0099	
348	1	1.01	1.01	0.0099	
349	1	1.01	1.01	0.0099	
350	1	1.01	1.01	0.0099	
351	1	1.04	1.04	0.0384	
352	1	1.01	1.01	0.0099	
353	1	1.18	1.18	0.1476	
354	1	1.1	1.1	0.09	
355	1	1.34	1.34	0.2244	
356	1	1.62	1.62	0.2356	
357	1	1.53	1.53	0.2491	
358	1	1.59	1.59	0.2419	
359	1	1.01	1.01	0.0099	
360	1	1.05	1.05	0.0475	
361	1	1.01	1.01	0.0099	
362	1	1.01	1.01	0.0099	
363	1	1.01	1.01	0.0099	
364	1	1.01	1.01	0.0099	
365	1	1.01	1.01	0.0099	
366	1	1.01	1.01	0.0099	
367	1	1.01	1.01	0.0099	
368	1	1.01	1.01	0.0099	
369	1	1.01	1.01	0.0099	
370	1	1.11	1.11	0.0979	
371	1	1.05	1.05	0.0475	
372	1	1.09	1.09	0.0819	
373	1	1.01	1.01	0.0099	
374	1	1.01	1.01	0.0099	
375	1	1.01	1.01	0.0099	
376	1	1.14	1.14	0.1204	
377	1	1.01	1.01	0.0099	
378	1	1.01	1.01	0.0099	
379	1	1.01	1.01	0.0099	
380	1	1.01	1.01	0.0099	
381	1	1.01	1.01	0.0099	
382	1	1.01	1.01	0.0099	
383	1	1.01	1.01	0.0099	
384	1	1.01	1.01	0.0099	
385	1	1.01	1.01	0.0099	
386	1	1.01	1.01	0.0099	
387	1	1.01	1.01	0.0099	
388	1	1.01	1.01	0.0099	
389	1	1.01	1.01	0.0099	
390	1	1.01	1.01	0.0099	
391	1	1.01	1.01	0.0099	
392	1	1.01	1.01	0.0099	
393	1	1.01	1.01	0.0099	
394	1	1.01	1.01	0.0099	
395	1	1.01	1.01	0.0099	
396	1	1.01	1.01	0.0099	
397	1	1.01	1.01	0.0099	
398	1	1.01	1.01	0.0099	
399	1	1.01	1.01	0.0099	
400	1	1.25	1.25	0.1875	
401	1	1.33	1.33	0.2211	
402	1	1.57	1.57	0.2451	
403	1	1.46	1.46	0.2684	
404	1	1.41	1.41	0.3219	
405	1	1.01	1.01	0.0099	
406	1	1.01	1.01	0.0099	
407	1	1.01	1.01	0.0099	
408	1	1.01	1.01	0.0099	
409	1	1.01	1.01	0.0099	
410	1	1.01	1.01	0.0099	
411	1	1.01	1.01	0.0099	
412	1	1.01	1.01	0.0099	
413	1	1.1	1.1	0.09	
414	1	1.02	1.02	0.0196	
415	1	1.03	1.03	0.0291	
416	1	1.01	1.01	0.0099	
417	1	1.01	1.01	0.0099	
418	1	1.01	1.01	0.0099	
419	1	1.01	1.01	0.0099	
420	1	1.01	1.01	0.0099	
421	1	1.01	1.01	0.0099	
422	1	1.01	1.01	0.0099	
423	1	1.01	1.01	0.0099	
424	1	1.01	1.01	0.0099	
425	1	1.01	1.01	0.0099	
426	1	1.02	1.02	0.0196	
427	1	1.02	1.02	0.0196	
428	1	1.01	1.01	0.0099	
429	1	1.01	1.01	0.0099	
430	1	1.01	1.01	0.0099	
431	1	1.01	1.01	0.0099	
432	1	1.01	1.01	0.0099	
433	1	1.01	1.01	0.0099	
434	1	1.01	1.01	0.0099	
435	1	1.06	1.06	0.0564	
436	1	1.01	1.01	0.0099	
437	1	1.01	1.01	0.0099	
438	1	1.01	1.01	0.0099	
439	1	1.01	1.01	0.0099	
440	1	1.01	1.01	0.0099	
441	1	1.01	1.01	0.0099	
442	1	1.05	1.05	0.0475	
443	1	1.01	1.01	0.0099	
444	1	1.01	1.01	0.0099	
445	1	1.01	1.01	0.0099	
446	1	1.01	1.01	0.0099	
447	1	1.01	1.01	0.0099	
448	1	1.01	1.01	0.0099	
449	1	1.01	1.01	0.0099	
450	1	1.01	1.01	0.0099	
451	1	1.14	1.14	0.1204	
452	1	1.01	1.01	0.0099	
453	1	1.01	1.01	0.0099	
454	1	1.01	1.01	0.0099	
455	1	1.01	1.01	0.0099	
456	1	1.02	1.02	0.0196	
457	1	1.01	1.01	0.0099	
458	1	1.01	1.01	0.0099	
459	1	1.01	1.01	0.0099	
460	1	1.01	1.01	0.0099	
461	1	1.01	1.01	0.0099	
462	1	1.01	1.01	0.0099	
463	1	1.01	1.01	0.0099	
464	1	1.01	1.01	0.0099	
465	1	1.01	1.01	0.0099	
466	1	1.01	1.01	0.0099	
467	1	1.01	1.01	0.0099	
468	1	1.01	1.01	0.0099	
469	1	1.01	1.01	0.0099	
470	1	1.01	1.01	0.0099	
471	1	1.01	1.01	0.0099	
472	1	1.01	1.01	0.0099	
473	1	1.08	1.08	0.0736	
474	1	1.27	1.27	0.1971	
475	1	1.1	1.1	0.09	
476	1	1.22	1.22	0.1716	
477	1	1.38	1.38	0.2356	
478	1	1.55	1.55	0.2475	
479	1	1.62	1.62	0.2356	
480	1	1.26	1.26	0.1924	
481	1	1.05	1.05	0.0475	
482	1	1.01	1.01	0.0099	
483	1	1.01	1.01	0.0099	
484	1	1.01	1.01	0.0099	
485	1	1.01	1.01	0.0099	
486	1	1.01	1.01	0.0099	
487	1	1.18	1.18	0.1476	
488	1	1.33	1.33	0.2211	
489	1	1.68	1.68	0.2176	
490	1	1.62	1.62	0.2556	
491	1	1.55	1.55	0.2475	
492	1	1.54	1.54	0.2484	
493	1	1.5	1.5	0.25	
494	1	1.83	1.83	0.1411	
495	1	1.78	1.78	0.1716	
496	1	1.79	1.79	0.1659	
497	1	2.01	2.01	0.0099	
498	1	2.01	2.01	0.0099	
499	1	2.01	2.01	0.0099	
500	1	2.01	2.01	0.0099	
501	1	2.01	2.01	0.0099	
502	1	2.01	2.01	0.0099	
503	1	2.01	2.01	0.0099	
504	1	2.06	2.06	0.0564	
505	1	2.01	2.01	0.0099	
506	1	2.1	2.1	0.09	
507	1	2.01	2.01	0.0099	
508	1	2.01	2.01	0.0099	
509	1	2.02	2.02	0.0196	
510	1	2.01	2.01	0.0099	
511	1	2.01	2.01	0.0099	
512	1	2.01	2.01	0.0099	
513	1	2.01	2.01	0.0099	
514	1	2.01	2.01	0.0099	
515	1	2.01	2.01	0.0099	
516	1	2.01	2.01	0.0099	
517	1	2.01	2.01	0.0099	
518	1	2.02	2.02	0.0196	
519	1	2.01	2.01	0.0099	
520	1	2.08	2.08	0.0736	
521	1	2.01	2.01	0.0099	
522	1	2.01	2.01	0.0099	
523	1	2.01	2.01	0.0099	
524	1	2.1	2.1	0.09	
525	1	2.01	2.01	0.0099	
526	1	2.01	2.01	0.0099	
527	1	2.01	2.01	0.0099	
528	1	2.01	2.01	0.0099	
529	1	2.02	2.02	0.0196	
530	1	2.01	2.01	0.0099	
531	1	2.04	2.04	0.0384	
532	1	2.08	2.08	0.0736	
533	1	2.01	2.01	0.0099	
534	1	2.01	2.01	0.0099	
535	1	2.01	2.01	0.0099	
536	1	2.01	2.01	0.0099	
537	1	2.01	2.01	0.0099	
538	1	2.01	2.01	0.0099	
539	1	2.01	2.01	0.0099	
540	1	2.06	2.06	0.0564	
541	1	2.01	2.01	0.0099	
542	1	2.02	2.02	0.0196	
543	1	2.03	2.03	0.0291	
544	1	2.01	2.01	0.0099	
545	1	2.01	2.01	0.0099	
546	1	2.14	2.14	0.1204	
547	1	2.01	2.01	0.0099	
548	1	2.02	2.02	0.0196	
549	1	2.01	2.01	0.0099	
550	1	2.01	2.01	0.0099	
551	1	2.01	2.01	0.0099	
552	1	2.14	2.14	0.1204	
553	1	2.09	2.09	0.0819	
554	1	2.13	2.13	0.1131	
555	1	2.1	2.1	0.09	
556	1	2.37	2.37	0.2331	
557	1	2.05	2.05	0.0475	
558	1	2.45	2.45	0.2475	
559	1	2.32	2.32	0.2176	
560	1	2.32	2.32	0.2176	
561	1	2.1	2.1	0.09	
562	1	2.05	2.05	0.0475	
563	1	2.11	2.11	0.0979	
564	1	2.22	2.22	0.1716	
565	1	2.01	2.01	0.0099	
566	1	2.01	2.01	0.0099	
567	1	2.01	2.01	0.0099	
568	1	2.01	2.01	0.0099	
569	1	2.01	2.01	0.0099	
570	1	2.01	2.01	0.0099	
571	1	2.01	2.01	0.0099	
572	1	2.02	2.02	0.0196	
573	1	2.01	2.01	0.0099	
574	1	2.08	2.08	0.0736	
575	1	2.01	2.01	0.0099	
576	1	2.01	2.01	0.0099	
577	1	2.05	2.05	0.0475	
578	1	2.14	2.14	0.1204	
579	1	2.01	2.01	0.0099	
580	1	2.01	2.01	0.0099	
581	1	2.01	2.01	0.0099	
582	1	2.01	2.01	0.0099	
583	1	2.01	2.01	0.0099	
584	1	2.01	2.01	0.0099	
585	1	2.01	2.01	0.0099	
586	1	2.01	2.01	0.0099	
587	1	2.01	2.01	0.0099	
588	1	2.01	2.01	0.0099	
589	1	2.01	2.01	0.0099	
590	1	2.01	2.01	0.0099	
591	1	2.01	2.01	0.0099	
592	1	2.01	2.01	0.0099	
593	1	2.01	2.01	0.0099	
594	1	2.01	2.01	0.0099	
595	1	2.01	2.01	0.0099	
596	1	2.01	2.01	0.0099	
597	1	2.01	2.01	0.0099	
598	1	2.46	2.46	0.2484	
599	1	2.18	2.18	0.1476	
600	1	2.22	2.22	0.1716	
601	1	2.03	2.03	0.0291	
602	1	2.01	2.01	0.0099	
603	1	2.01	2.01	0.0099	
604	1	2.03	2.03	0.0291	
605	1	2.01	2.01	0.0099	
606	1	2.01	2.01	0.0099	
607	1	2.01	2.01	0.0099	
608	1	2.01	2.01	0.0099	
609	1	2.01	2.01	0.0099	
610	1	2.01	2.01	0.0099	
611	1	2.08	2.08	0.0736	
612	1	2.01	2.01	0.0099	
613	1	2.01	2.01	0.0099	
614	1	2.19	2.19	0.1539	
615	1	2.46	2.46	0.2484	
616	1	2.46	2.46	0.2484	
617	1	2.51	2.51	0.2499	
618	1	2.81	2.81	0.1539	
619	1	2.65	2.65	0.2275	
620	1	2.11	2.11	0.0979	
621	1	2.01	2.01	0.0099	
622	1	2.01	2.01	0.0099	
623	1	2.01	2.01	0.0099	
624	1	2.01	2.01	0.0099	
625	1	2.01	2.01	0.0099	
626	1	2.01	2.01	0.0099	
627	1	2.01	2.01	0.0099	
628	1	2.01	2.01	0.0099	
629	1	2.01	2.01	0.0099	
630	1	2.05	2.05	0.0475	
631	1	2.04	2.04	0.0384	
632	1	2.29	2.29	0.2059	
633	1	2.21	2.21	0.1659	
634	1	2.01	2.01	0.0099	
635	1	2.01	2.01	0.0099	
636	1	2.01	2.01	0.0099	
637	1	2.01	2.01	0.0099	
638	1	2.01	2.01	0.0099	
639	1	2.01	2.01	0.0099	
640	1	2.01	2.01	0.0099	
641	1	2.01	2.01	0.0099	
642	1	2.04	2.04	0.0384	
643	1	2.06	2.06	0.0564	
644	1	2.01	2.01	0.0099	
645	1	2.01	2.01	0.0099	
646	1	2.01	2.01	0.0099	
647	1	2.02	2.02	0.0196	
648	1	2.02	2.02	0.0196	
649	1	2.01	2.01	0.0099	
650	1	2.12	2.12	0.1056	
651	1	2.64	2.64	0.2304	
652	1	2.72	2.72	0.2016	
653	1	2.57	2.57	0.2451	
654	1	2.79	2.79	0.2459	
655	1	2.74	2.74	0.1924	
656	1	2.44	2.44	0.2464	
657	1	2.56	2.56	0.3064	
658	1	2.33	2.33	0.2211	
659	1	2.01	2.01	0.0099	
660	1	2.01	2.01	0.0099	
661	1	2.01	2.01	0.0099	
662	1	2.01	2.01	0.0099	
663	1	2.01	2.01	0.0099	
664	1	2.03	2.03	0.0291	
665	1	2.01	2.01	0.0099	
666	1	2.01	2.01	0.0099	
667	1	2.01	2.01	0.0099	
668	1	2.01	2.01	0.0099	
669	1	2.01	2.01	0.0099	
670	1	2.01	2.01	0.0099	
671	1	2.01	2.01	0.0099	
672	1	2.01	2.01	0.0099	
673	1	2.01	2.01	0.0099	
674	1	2.01	2.01	0.0099	
675	1	2.01	2.01	0.0099	
676	1	2.01	2.01	0.0099	
677	1	2.01	2.01	0.0099	
678	1	2.01	2.01	0.0099	
679	1	2.01	2.01	0.0099	
680	1	2.01	2.01	0.0099	
681	1	2.01	2.01	0.0099	
682	1	2.01	2.01	0.0099	
683	1	2.09	2.09	0.0819	
684	1	2.02	2.02	0.0196	
685	1	2.01	2.01	0.0099	
686	1	2.01	2.01	0.0099	
687	1	2.01	2.01	0.0099	
688	1	2.01	2.01	0.0099	
689	1	2.01	2.01	0.0099	
690	1	2.01	2.01	0.0099	
691	1	2.02	2.02	0.0196	
692	1	2.05	2.05	0.0475	
693	1	2.01	2.01	0.0099	
694	1	2.01	2.01	0.0099	
695	1	2.01	2.01	0.0099	
696	1	2.01	2.01	0.0099	
697	1	2.01	2.01	0.0099	
698	1	2.01	2.01	0.0099	
699	1	2.01	2.01	0.0099	
700	1	2.01	2.01	0.0099	
701	1	2.01	2.01	0.0099	
702	1	2.01	2.01	0.0099	
703	1	2.01	2.01	0.0099	
704	1	2.01	2.01	0.0099	
705	1	2.01	2.01	0.0099	
706	1	2.01	2.01	0.0099	
707	1	2.02	2.02	0.0196	
708	1	2.01	2.01	0.0099	
709	1	2.01	2.01	0.0099	
710	1	2.01	2.01	0.0099	
711	1	2.01	2.01	0.0099	
712	1	2.01	2.01	0.0099	
713	1	2.01	2.01	0.0099	
714	1	2.01	2.01	0.0099	
715	1	2.01	2.01	0.0099	
716	1	2.01	2.01	0.0099	
717	1	2.01	2.01	0.0099	
718	1	2.01	2.01	0.0099	
719	1	2.01	2.01	0.0099	
720	1	2.01	2.01	0.0099	
721	1	2.01	2.01	0.0099	
722	1	2.01	2.01	0.0099	
723	1	2.01	2.01	0.0099	
724	1	2.01	2.01	0.0099	
725	1	2.01	2.01	0.0099	
726	1	2.01	2.01	0.0099	
727	1	2.01	2.01	0.0099	
728	1	2.01	2.01	0.0099	
729	1	2.01	2.01	0.0099	
730	1	2.03	2.03	0.0291	
731	1	2.01	2.01	0.0099	
732	1	2.01	2.01	0.0099	
733	1	2.01	2.01	0.0099	
734	1	2.01	2.01	0.0099	
735	1	2.01	2.01	0.0099	
736	1	2.01	2.01	0.0099	
737	1	2.01	2.01	0.0099	
738	1	2.01	2.01	0.0099	
739	1	2.01	2.01	0.0099	
740	1	2.01	2.01	0.0099	
741	1	2.06	2.06	0.0564	
742	1	2.01	2.01	0.0099	
743	1	2.01	2.01	0.0099	
744	1	2.04	2.04	0.0384	
745	1	2.01	2.01	0.0099	
746	1	2.12	2.12	0.1056	
747	1	2.01	2.01	0.0099	
748	1	2.01	2.01	0.0099	
749	1	2.01	2.01	0.0099	
750	1	2.01	2.01	0.0099	
751	1	2.08	2.08	0.0736	
752	1	2.1	2.1	0.09	
753	1	2.01	2.01	0.0099	
754	1	2.01	2.01	0.0099	
755	1	2.01	2.01	0.0099	
756	1	2.01	2.01	0.0099	
757	1	2.01	2.01	0.0099	
758	1	2.05	2.05	0.0475	
759	1	2.01	2.01	0.0099	
760	1	2.01	2.01	0.0099	
761	1	2.01	2.01	0.0099	
762	1	2.01	2.01	0.0099	
763	1	2.03	2.03	0.0291	
764	1	2.01	2.01	0.0099	
765	1	2.01	2.01	0.0099	
766	1	2.01	2.01	0.0099	
767	1	2.01	2.01	0.0099	
768	1	2.28	2.28	0.2016	
769	1	2.08	2.08	0.0736	
770	1	2.03	2.03	0.0291	
771	1	2.01	2.01	0.0099	
772	1	2.01	2.01	0.0099	
773	1	2.01	2.01	0.0099	
774	1	2.01	2.01	0.0099	
775	1	2.01	2.01	0.0099	
776	1	2.01	2.01	0.0099	
777	1	2.01	2.01	0.0099	
778	1	2.01	2.01	0.0099	
779	1	2.01	2.01	0.0099	
780	1	2.01	2.01	0.0099	
781	1	2.01	2.01	0.0099	
782	1	2.01	2.01	0.0099	
783	1	2.01	2.01	0.0099	
784	1	2.01	2.01	0.0099	
785	1	2.01	2.01	0.0099	
786	1	2.01	2.01	0.0099	
787	1	2.01	2.01	0.0099	
788	1	2.01	2.01	0.0099	
789	1	2.01	2.01	0.0099	
790	1	2.03	2.03	0.0291	
791	1	2.01	2.01	0.0099	
792	1	2.01	2.01	0.0099	
793	1	2.01	2.01	0.0099	
794	1	2.01	2.01	0.0099	
795	1	2.01	2.01	0.0099	
796	1	2.01	2.01	0.0099	
797	1	2.01	2.01	0.0099	
798	1	2.01	2.01	0.0099	
799	1	2.01	2.01	0.0099	
800	1	2.01	2.01	0.0099	
801	1	2.01	2.01	0.0099	
802	1	2.01	2.01	0.0099	
803	1	2.01	2.01	0.0099	
804	1	2.03	2.03	0.0291	
805	1	2.01	2.01	0.0099	
806	1	2.01	2.01	0.0099	
807	1	2.01	2.01	0.0099	
808	1	2.01	2.01	0.0099	
809	1	2.01	2.01	0.0099	
810	1	2.01	2.01	0.0099	
811	1	2.02	2.02	0.0196	
812	1	2.01	2.01	0.0099	
813	1	2.01	2.01	0.0099	
814	1	2.01	2.01	0.0099	
815	1	2.01	2.01	0.0099	
816	1	2.01	2.01	0.0099	
817	1	2.01	2.01	0.0099	
818	1	2.01	2.01	0.0099	
819	1	2.01	2.01	0.0099	
820	1	2.03	2.03	0.0291	
821	1	2.01	2.01	0.0099	
822	1	2.01	2.01	0.0099	
823	1	2.01	2.01	0.0099	
824	1	2.01	2.01	0.0099	
825	1	2.02	2.02	0.0196	
826	1	2.01	2.01	0.0099	
827	1	2.01	2.01	0.0099	
828	1	2.01	2.01	0.0099	
829	1	2.01	2.01	0.0099	
830	1	2.01	2.01	0.0099	
831	1	2.07	2.07	0.0651	
832	1	2.38	2.38	0.2356	
833	1	2.06	2.06	0.0564	
834	1	2.01	2.01	0.0099	
835	1	2.01	2.01	0.0099	
836	1	2.01	2.01	0.0099	
837	1	2.01	2.01	0.0099	
838	1	2.01	2.01	0.0099	
839	1	2.01	2.01	0.0099	
840	1	2.02	2.02	0.0196	
841	1	2.05	2.05	0.0475	
842	1	2.03	2.03	0.0291	
843	1	2.47	2.47	0.2491	
844	1	2.01	2.01	0.0099	
845	1	2.01	2.01	0.0099	
846	1	2.01	2.01	0.0099	
847	1	2.22	2.22	0.1716	
848	1	2.17	2.17	0.1411	
849	1	2.34	2.34	0.2244	
850	1	2.01	2.01	0.0099	
851	1	2.01	2.01	0.0099	
852	1	2.01	2.01	0.0099	
853	1	2.11	2.11	0.0979	
854	1	2.39	2.39	0.2379	
855	1	2.59	2.59	0.2419	
856	1	2.75	2.75	0.1875	
857	1	2.41	2.41	0.2419	
858	1	2.06	2.06	0.0564	
859	1	2.05	2.05	0.0475	
860	1	2.01	2.01	0.0099	
861	1	2.05	2.05	0.0475	
862	1	2.17	2.17	0.1411	
863	1	2.45	2.45	0.2475	
864	1	2.2	2.2	0.16	
865	1	2.35	2.35	0.2275	
866	1	2.34	2.34	0.2244	
867	1	2.18	2.18	0.1476	
868	1	2.26	2.26	0.1924	
869	1	2.06	2.06	0.0564	
870	1	2.01	2.01	0.0099	
871	1	2.01	2.01	0.0099	
872	1	2.01	2.01	0.0099	
873	1	2.01	2.01	0.0099	
874	1	2.01	2.01	0.0099	
875	1	2.01	2.01	0.0099	
876	1	2.01	2.01	0.0099	
877	1	2.01	2.01	0.0099	
878	1	2.01	2.01	0.0099	
879	1	2.01	2.01	0.0099	
880	1	2.01	2.01	0.0099	
881	1	2.01	2.01	0.0099	
882	1	2.01	2.01	0.0099	
883	1	2.18	2.18	0.1476	
884	1	2.01	2.01	0.0099	
885	1	2.07	2.07	0.0651	
886	1	2.28	2.28	0.2016	
887	1	2.02	2.02	0.0196	
888	1	2.3	2.3	0.21	
889	1	2.41	2.41	0.2419	
890	1	2.17	2.17	0.1411	
891	1	2.4	2.4	0.24	
892	1	2.59	2.59	0.2819	
893	1	2.52	2.52	0.2496	
894	1	2.33	2.33	0.2211	
895	1	2.09	2.09	0.0819	
896	1	2.07	2.07	0.0651	
897	1	2.27	2.27	0.1971	
898	1	2.09	2.09	0.0819	
899	1	2.08	2.08	0.0736	
900	1	2.01	2.01	0.0099	
901	1	2.01	2.01	0.0099	
902	1	2.01	2.01	0.0099	
903	1	2.01	2.01	0.0099	
904	1	2.01	2.01	0.0099	
905	1	2.01	2.01	0.0099	
906	1	2.01	2.01	0.0099	
907	1	2.01	2.01	0.0099	
908	1	2.01	2.01	0.0099	
909	1	2.01	2.01	0.0099	
910	1	2.01	2.01	0.0099	
911	1	2.01	2.01	0.0099	
912	1	2.01	2.01	0.0099	
913	1	2.01	2.01	0.0099	
914	1	2.01	2.01	0.0099	
915	1	2.01	2.01	0.0099	
916	1	2.01	2.01	0.0099	
917	1	2.01	2.01	0.0099	
918	1	2.01	2.01	0.0099	
919	1	2.01	2.01	0.0099	
920	1	2.01	2.01	0.0099	
921	1	2.01	2.01	0.0099	
922	1	2.01	2.01	0.0099	
923	1	2.01	2.01	0.0099	
924	1	2.04	2.04	0.0384	
925	1	2.01	2.01	0.0099	
926	1	2.01	2.01	0.0099	
927	1	2.01	2.01	0.0099	
928	1	2.01	2.01	0.0099	
929	1	2.01	2.01	0.0099	
930	1	2.01	2.01	0.0099	
931	1	2.01	2.01	0.0099	
932	1	2.03	2.03	0.0291	
933	1	2.01	2.01	0.0099	
934	1	2.02	2.02	0.0196	
935	1	2.01	2.01	0.0099	
936	1	2.01	2.01	0.0099	
937	1	2.01	2.01	0.0099	
938	1	2.01	2.01	0.0099	
939	1	2.01	2.01	0.0099	
940	1	2.01	2.01	0.0099	
941	1	2.01	2.01	0.0099	
942	1	2.03	2.03	0.0291	
943	1	2.01	2.01	0.0099	
944	1	2.01	2.01	0.0099	
945	1	2.01	2.01	0.0099	
946	1	2.01	2.01	0.0099	
947	1	2.01	2.01	0.0099	
948	1	2.01	2.01	0.0099	
949	1	2.06	2.06	0.0564	
950	1	2.06	2.06	0.0564	
951	1	2.24	2.24	0.1824	
952	1	2.01	2.01	0.0099	
953	1	2.01	2.01	0.0099	
954	1	2.06	2.06	0.0564	
955	1	2.09	2.09	0.0819	
956	1	2.04	2.04	0.0384	
957	1	2.01	2.01	0.0099	
958	1	2.01	2.01	0.0099	
959	1	2.01	2.01	0.0099	
960	1	2.01	2.01	0.0099	
961	1	2.38	2.38	0.2356	
962	1	2.23	2.23	0.1771	
963	1	2.97	2.97	0.4691	
964	1	2.42	2.42	0.2836	
965	1	2.27	2.27	0.1971	
966	1	2.05	2.05	0.0475	
967	1	2.18	2.18	0.1476	
968	1	2.23	2.23	0.1771	
969	1	2.6	2.6	0.24	
970	1	2.55	2.55	0.2475	
971	1	2.13	2.13	0.1131	
972	1	2.01	2.01	0.0099	
973	1	2.01	2.01	0.0099	
974	1	2.01	2.01	0.0099	
975	1	2.01	2.01	0.0099	
976	1	2.01	2.01	0.0099	
977	1	2.01	2.01	0.0099	
978	1	2.01	2.01	0.0099	
979	1	2.01	2.01	0.0099	
980	1	2.01	2.01	0.0099	
981	1	2.01	2.01	0.0099	
982	1	2.01	2.01	0.0099	
983	1	2.01	2.01	0.0099	
984	1	2.01	2.01	0.0099	
985	1	2.01	2.01	0.0099	
986	1	2.01	2.01	0.0099	
987	1	2.31	2.31	0.2139	
988	1	2.49	2.49	0.2499	
989	1	2.16	2.16	0.1344	
990	1	2.16	2.16	0.1344	
991	1	2.24	2.24	0.1824	
992	1	2.11	2.11	0.0979	
993	1	2.01	2.01	0.0099	
994	1	2.01	2.01	0.0099	
995	1	2.01	2.01	0.0099	
996	1	2.01	2.01	0.0099	
997	1	2.06	2.06	0.0564	
998	1	2.1	2.1	0.09	
999	1	2.13	2.13	0.1131	
1000	1	2.01	2.01	0.0099	
1001	1	2.01	2.01	0.0099	
1002	1	2.01	2.01	0.0099	
1003	1	2.01	2.01	0.0099	
1004	1	2.01	2.01	0.0099	
1005	1	2.01	2.01	0.0099	
1006	1	2.01	2.01	0.0099	
1007	1	2.01	2.01	0.0099	
1008	1	2.01	2.01	0.0099	
1009	1	2.01	2.01	0.0099	
1010	1	2.02	2.02	0.0196	
1011	1	2.03	2.03	0.0291	
1012	1	2.01	2.01	0.0099	
1013	1	2.01	2.01	0.0099	
1014	1	2.01	2.01	0.0099	
1015	1	2.01	2.01	0.0099	
1016	1	2.01	2.01	0.0099	
1017	1	2.01	2.01	0.0099	
1018	1	2.01	2.01	0.0099	
1019	1	2.01	2.01	0.0099	
1020	1	2.01	2.01	0.0099	
1021	1	2.01	2.01	0.0099	
1022	1	2.02	2.02	0.0196	
1023	1	2.01	2.01	0.0099	
1024	1	2.01	2.01	0.0099	
1025	1	2.07	2.07	0.0651	
1026	1	2.1	2.1	0.09	
1027	1	2.01	2.01	0.0099	
1028	1	2.01	2.01	0.0099	
1029	1	2.06	2.06	0.0564	
1030	1	2.01	2.01	0.0099	
1031	1	2.01	2.01	0.0099	
1032	1	2.01	2.01	0.0099	
1033	1	2.01	2.01	0.0099	
1034	1	2.01	2.01	0.0099	
1035	1	2.01	2.01	0.0099	
1036	1	2.09	2.09	0.0819	
1037	1	2.05	2.05	0.0475	
1038	1	2.03	2.03	0.0291	
1039	1	2.06	2.06	0.0564	
1040	1	2.02	2.02	0.0196	
1041	1	2.01	2.01	0.0099	
1042	1	2.01	2.01	0.0099	
1043	1	2.01	2.01	0.0099	
1044	1	2.01	2.01	0.0099	
1045	1	2.01	2.01	0.0099	
1046	1	2.01	2.01	0.0099	
1047	1	2.01	2.01	0.0099	
1048	1	2.01	2.01	0.0099	
1049	1	2.01	2.01	0.0099	
1050	1	2.01	2.01	0.0099	
1051	1	2.01	2.01	0.0099	
1052	1	2.01	2.01	0.0099	
1053	1	2.01	2.01	0.0099	
1054	1	2.01	2.01	0.0099	
1055	1	2.01	2.01	0.0099	
1056	1	2.01	2.01	0.0099	
1057	1	2.09	2.09	0.0819	
1058	1	2.2	2.2	0.16	
1059	1	2.18	2.18	0.1476	
1060	1	2.26	2.26	0.1924	
1061	1	2.33	2.33	0.2211	
1062	1	2.06	2.06	0.0564	
1063	1	2.01	2.01	0.0099	
1064	1	2.01	2.01	0.0099	
1065	1	2.01	2.01	0.0099	
1066	1	2.01	2.01	0.0099	
1067	1	2.01	2.01	0.0099	
1068	1	2.01	2.01	0.0099	
1069	1	2.01	2.01	0.0099	
1070	1	2.01	2.01	0.0099	
1071	1	2.01	2.01	0.0099	
1072	1	2.01	2.01	0.0099	
1073	1	2.01	2.01	0.0099	
1074	1	2.01	2.01	0.0099	
1075	1	2.08	2.08	0.0736	
1076	1	2.01	2.01	0.0099	
1077	1	2.01	2.01	0.0099	
1078	1	2.01	2.01	0.0099	
1079	1	2.08	2.08	0.0736	
1080	1	2.49	2.49	0.2499	
1081	1	2.83	2.83	0.1411	
1082	1	2.79	2.79	0.1659	
1083	1	2.59	2.59	0.2419	
1084	1	2.48	2.48	0.2496	
1085	1	2.61	2.61	0.2379	
1086	1	2.71	2.71	0.2059	
1087	1	2.98	2.98	0.0396	
1088	1	3.16	3.16	0.1344	
1089	1	3.29	3.29	0.2059	
1090	1	3.04	3.04	0.0384	
1091	1	3.01	3.01	0.0099	
1092	1	3.01	3.01	0.0099	
1093	1	3.01	3.01	0.0099	
1094	1	3.01	3.01	0.0099	
1095	1	3.01	3.01	0.0099	
1096	1	3.01	3.01	0.0099	
1097	1	3.01	3.01	0.0099	
1098	1	3.01	3.01	0.0099	
1099	1	3.01	3.01	0.0099	
1100	1	3.01	3.01	0.0099	
1101	1	3.1	3.1	0.09	
1102	1	3.07	3.07	0.0651	
1103	1	3.01	3.01	0.0099	
1104	1	3.01	3.01	0.0099	
1105	1	3.01	3.01	0.0099	
1106	1	3.15	3.15	0.1275	
1107	1	3.13	3.13	0.1131	
1108	1	3.01	3.01	0.0099	
1109	1	3.18	3.18	0.1476	
1110	1	3.36	3.36	0.2304	
1111	1	3.94	3.94	0.0564	
1112	1	3.99	3.99	0.0099	
1113	1	3.99	3.99	0.0099	
1114	1	3.99	3.99	0.0099	
1115	1	3.99	3.99	0.0099	
1116	1	4.01	4.01	0.0099	
1117	1	4.01	4.01	0.0099	
1118	1	4.01	4.01	0.0099	
1119	1	4.01	4.01	0.0099	
1120	1	4.01	4.01	0.0099	
1121	1	4.01	4.01	0.0099	
1122	1	4.01	4.01	0.0099	
1123	1	4.01	4.01	0.0099	
1124	1	4.01	4.01	0.0099	
1125	1	4.01	4.01	0.0099	
1126	1	4.01	4.01	0.0099	
1127	1	4.01	4.01	0.0099	
1128	1	4.01	4.01	0.0099	
1129	1	4.01	4.01	0.0099	
1130	1	4.15	4.15	0.1275	
1131	1	4.22	4.22	0.1716	
1132	1	4.72	4.72	0.2016	
1133	1	4.68	4.68	0.2176	
1134	1	4.95	4.95	0.0475	
1135	1	4.58	4.58	0.2436	
1136	1	4.37	4.37	0.2331	
1137	1	4.52	4.52	0.2496	
1138	1	4.99	4.99	0.0099	
1139	1	5.04	5.04	0.0384	
1140	1	5.01	5.01	0.0099	
1141	1	5.01	5.01	0.0099	
1142	1	5.01	5.01	0.0099	
1143	1	5.01	5.01	0.0099	
1144	1	5.05	5.05	0.0475	
1145	1	5.11	5.11	0.0979	
1146	1	5.01	5.01	0.0099	
1147	1	5.01	5.01	0.0099	
1148	1	5.01	5.01	0.0099	
1149	1	5.01	5.01	0.0099	
1150	1	5.01	5.01	0.0099	
1151	1	5.01	5.01	0.0099	
1152	1	5.01	5.01	0.0099	
1153	1	5.01	5.01	0.0099	
1154	1	5.01	5.01	0.0099	
1155	1	5.07	5.07	0.0651	
1156	1	5.01	5.01	0.0099	
1157	1	5.01	5.01	0.0099	
1158	1	5.01	5.01	0.0099	
1159	1	5.01	5.01	0.0099	
1160	1	5.01	5.01	0.0099	
1161	1	5.01	5.01	0.0099	
1162	1	5.01	5.01	0.0099	
1163	1	5.01	5.01	0.0099	
1164	1	5.01	5.01	0.0099	
1165	1	5.02	5.02	0.0196	
1166	1	5.01	5.01	0.0099	
1167	1	5.01	5.01	0.0099	
1168	1	5.01	5.01	0.0099	
1169	1	5.01	5.01	0.0099	
1170	1	5.01	5.01	0.0099	
1171	1	5.01	5.01	0.0099	
1172	1	5.01	5.01	0.0099	
1173	1	5.01	5.01	0.0099	
1174	1	5.01	5.01	0.0099	
1175	1	5.01	5.01	0.0099	
1176	1	5.01	5.01	0.0099	
1177	1	5.01	5.01	0.0099	
1178	1	5.01	5.01	0.0099	
1179	1	5.01	5.01	0.0099	
1180	1	5.01	5.01	0.0099	
1181	1	5.01	5.01	0.0099	
1182	1	5.01	5.01	0.0099	
1183	1	5.01	5.01	0.0099	
1184	1	5.01	5.01	0.0099	
1185	1	5.01	5.01	0.0099	
1186	1	5.01	5.01	0.0099	
1187	1	5.01	5.01	0.0099	
1188	1	5.02	5.02	0.0196	
1189	1	5.01	5.01	0.0099	
1190	1	5.01	5.01	0.0099	
1191	1	5.05	5.05	0.0475	
1192	1	5.01	5.01	0.0099	
1193	1	5.01	5.01	0.0099	
1194	1	5.01	5.01	0.0099	
1195	1	5.01	5.01	0.0099	
1196	1	5.01	5.01	0.0099	
1197	1	5.01	5.01	0.0099	
1198	1	5.01	5.01	0.0099	
1199	1	5.01	5.01	0.0099	
1200	1	5.01	5.01	0.0099	
1201	1	5.01	5.01	0.0099	
1202	1	5.01	5.01	0.0099	
1203	1	5.01	5.01	0.0099	
1204	1	5.01	5.01	0.0099	
1205	1	5.01	5.01	0.0099	
1206	1	5.01	5.01	0.0099	
1207	1	5.01	5.01	0.0099	
1208	1	5.01	5.01	0.0099	
1209	1	5.01	5.01	0.0099	
1210	1	5.01	5.01	0.0099	
1211	1	5.01	5.01	0.0099	
1212	1	5.01	5.01	0.0099	
1213	1	5.01	5.01	0.0099	
1214	1	5.01	5.01	0.0099	
1215	1	5.01	5.01	0.0099	
1216	1	5.01	5.01	0.0099	
1217	1	5.01	5.01	0.0099	
1218	1	5.07	5.07	0.0651	
1219	1	5.23	5.23	0.1771	
1220	1	5.33	5.33	0.2211	
1221	1	5.27	5.27	0.1971	
1222	1	5.29	5.29	0.2259	
1223	1	5.62	5.62	0.2356	
1224	1	5.41	5.41	0.2419	
1225	1	5.22	5.22	0.1716	
1226	1	5.01	5.01	0.0099	
1227	1	5.01	5.01	0.0099	
1228	1	5.01	5.01	0.0099	
1229	1	5.01	5.01	0.0099	
1230	1	5.01	5.01	0.0099	
1231	1	5.01	5.01	0.0099	
1232	1	5.01	5.01	0.0099	
1233	1	5.01	5.01	0.0099	
1234	1	5.01	5.01	0.0099	
1235	1	5.01	5.01	0.0099	
1236	1	5.01	5.01	0.0099	
1237	1	5.01	5.01	0.0099	
1238	1	5.01	5.01	0.0099	
1239	1	5.01	5.01	0.0099	
1240	1	5.01	5.01	0.0099	
1241	1	5.01	5.01	0.0099	
1242	1	5.01	5.01	0.0099	
1243	1	5.01	5.01	0.0099	
1244	1	5.01	5.01	0.0099	
1245	1	5.01	5.01	0.0099	
1246	1	5.01	5.01	0.0099	
1247	1	5.01	5.01	0.0099	
1248	1	5.01	5.01	0.0099	
1249	1	5.01	5.01	0.0099	
1250	1	5.01	5.01	0.0099	
1251	1	5.01	5.01	0.0099	
1252	1	5.01	5.01	0.0099	
1253	1	5.01	5.01	0.0099	
1254	1	5.03	5.03	0.0291	
1255	1	5.01	5.01	0.0099	
1256	1	5.02	5.02	0.0196	
1257	1	5.05	5.05	0.0675	
1258	1	5.01	5.01	0.0099	
1259	1	5.01	5.01	0.0099	
1260	1	5.01	5.01	0.0099	
1261	1	5.01	5.01	0.0099	
1262	1	5.01	5.01	0.0099	
1263	1	5.01	5.01	0.0099	
1264	1	5.04	5.04	0.0384	
1265	1	5.01	5.01	0.0099	
1266	1	5.01	5.01	0.0099	
1267	1	5.01	5.01	0.0099	
1268	1	5.01	5.01	0.0099	
1269	1	5.01	5.01	0.0099	
1270	1	5.01	5.01	0.0099	
1271	1	5.01	5.01	0.0099	
1272	1	5.01	5.01	0.0099	
1273	1	5.03	5.03	0.0291	
1274	1	5.01	5.01	0.0099	
1275	1	5.01	5.01	0.0099	
1276	1	5.01	5.01	0.0099	
1277	1	5.01	5.01	0.0099	
1278	1	5.01	5.01	0.0099	
1279	1	5.01	5.01	0.0099	
1280	1	5.01	5.01	0.0099	
1281	1	5.01	5.01	0.0099	
1282	1	5.01	5.01	0.0099	
1283	1	5.01	5.01	0.0099	
1284	1	5.01	5.01	0.0099	
1285	1	5.01	5.01	0.0099	
1286	1	5.01	5.01	0.0099	
1287	1	5.01	5.01	0.0099	
1288	1	5.01	5.01	0.0099	
1289	1	5.01	5.01	0.0099	
1290	1	5.01	5.01	0.0099	
1291	1	5.01	5.01	0.0099	
1292	1	5.02	5.02	0.0196	
1293	1	5.01	5.01	0.0099	
1294	1	5.01	5.01	0.0099	
1295	1	5.01	5.01	0.0099	
1296	1	5.01	5.01	0.0099	
1297	1	5.01	5.01	0.0099	
1298	1	5.01	5.01	0.0099	
1299	1	5.01	5.01	0.0099	
1300	1	5.01	5.01	0.0099	
1301	1	5.06	5.06	0.0564	
1302	1	5.24	5.24	0.1824	
1303	1	5.28	5.28	0.2016	
1304	1	5.08	5.08	0.0736	
1305	1	5.01	5.01	0.0099	
1306	1	5.02	5.02	0.0196	
1307	1	5.01	5.01	0.0099	
1308	1	5.1	5.1	0.09	
1309	1	5.01	5.01	0.0099	
1310	1	5.01	5.01	0.0099	
1311	1	5.01	5.01	0.0099	
1312	1	5.01	5.01	0.0099	
1313	1	5.01	5.01	0.0099	
1314	1	5.01	5.01	0.0099	
1315	1	5.01	5.01	0.0099	
1316	1	5.01	5.01	0.0099	
1317	1	5.01	5.01	0.0099	
1318	1	5.01	5.01	0.0099	
1319	1	5.04	5.04	0.0384	
1320	1	5.01	5.01	0.0099	
1321	1	5.01	5.01	0.0099	
1322	1	5.01	5.01	0.0099	
1323	1	5.01	5.01	0.0099	
1324	1	5.01	5.01	0.0099	
1325	1	5.06	5.06	0.0564	
1326	1	5.01	5.01	0.0099	
1327	1	5.01	5.01	0.0099	
1328	1	5.01	5.01	0.0099	
1329	1	5.01	5.01	0.0099	
1330	1	5.01	5.01	0.0099	
1331	1	5.01	5.01	0.0099	
1332	1	5.01	5.01	0.0099	
1333	1	5.01	5.01	0.0099	
1334	1	5.01	5.01	0.0099	
1335	1	5.01	5.01	0.0099	
1336	1	5.01	5.01	0.0099	
1337	1	5.01	5.01	0.0099	
1338	1	5.01	5.01	0.0099	
1339	1	5.01	5.01	0.0099	
1340	1	5.54	5.54	0.2484	
1341	1	5.03	5.03	0.0291	
1342	1	5.01	5.01	0.0099	
1343	1	5.01	5.01	0.0099	
1344	1	5.04	5.04	0.0384	
1345	1	5.01	5.01	0.0099	
1346	1	5.01	5.01	0.0099	
1347	1	5.01	5.01	0.0099	
1348	1	5.01	5.01	0.0099	
1349	1	5.01	5.01	0.0099	
1350	1	5.01	5.01	0.0099	
1351	1	5.01	5.01	0.0099	
1352	1	5.01	5.01	0.0099	
1353	1	5.01	5.01	0.0099	
1354	1	5.19	5.19	0.1539	
1355	1	5.09	5.09	0.0819	
1356	1	5.01	5.01	0.0099	
1357	1	5.01	5.01	0.0099	
1358	1	5.01	5.01	0.0099	
1359	1	5.01	5.01	0.0099	
1360	1	5.01	5.01	0.0099	
1361	1	5.01	5.01	0.0099	
1362	1	5.01	5.01	0.0099	
1363	1	5.01	5.01	0.0099	
1364	1	5.01	5.01	0.0099	
1365	1	5.01	5.01	0.0099	
1366	1	5.01	5.01	0.0099	
1367	1	5.01	5.01	0.0099	
1368	1	5.01	5.01	0.0099	
1369	1	5.01	5.01	0.0099	
1370	1	5.01	5.01	0.0099	
1371	1	5.01	5.01	0.0099	
1372	1	5.01	5.01	0.0099	
1373	1	5.01	5.01	0.0099	
1374	1	5.01	5.01	0.0099	
1375	1	5.01	5.01	0.0099	
1376	1	5.01	5.01	0.0099	
1377	1	5.01	5.01	0.0099	
1378	1	5.01	5.01	0.0099	
1379	1	5.01	5.01	0.0099	
1380	1	5.01	5.01	0.0099	
1381	1	5.01	5.01	0.0099	
1382	1	5.01	5.01	0.0099	
1383	1	5.01	5.01	0.0099	
1384	1	5.01	5.01	0.0099	
1385	1	5.01	5.01	0.0099	
1386	1	5.01	5.01	0.0099	
1387	1	5.01	5.01	0.0099	
1388	1	5.01	5.01	0.0099	
1389	1	5.01	5.01	0.0099	
1390	1	5.01	5.01	0.0099	
1391	1	5.01	5.01	0.0099	
1392	1	5.01	5.01	0.0099	
1393	1	5.01	5.01	0.0099	
1394	1	5.01	5.01	0.0099	
1395	1	5.01	5.01	0.0099	
1396	1	5.01	5.01	0.0099	
1397	1	5.01	5.01	0.0099	
1398	1	5.01	5.01	0.0099	
1399	1	5.01	5.01	0.0099	
1400	1	5.01	5.01	0.0099	
1401	1	5.05	5.05	0.0475	
1402	1	5.01	5.01	0.0099	
1403	1	5.02	5.02	0.0196	
1404	1	5.01	5.01	0.0099	
1405	1	5.01	5.01	0.0099	
1406	1	5.01	5.01	0.0099	
1407	1	5.01	5.01	0.0099	
1408	1	5.01	5.01	0.0099	
1409	1	5.01	5.01	0.0099	
1410	1	5.01	5.01	0.0099	
1411	1	5.01	5.01	0.0099	
1412	1	5.01	5.01	0.0099	
1413	1	5.01	5.01	0.0099	
1414	1	5.01	5.01	0.0099	
1415	1	5.01	5.01	0.0099	
1416	1	5.01	5.01	0.0099	
1417	1	5.01	5.01	0.0099	
1418	1	5.01	5.01	0.0099	
1419	1	5.01	5.01	0.0099	
1420	1	5.01	5.01	0.0099	
1421	1	5.01	5.01	0.0099	
1422	1	5.01	5.01	0.0099	
1423	1	5.01	5.01	0.0099	
1424	1	5.01	5.01	0.0099	
1425	1	5.01	5.01	0.0099	
1426	1	5.01	5.01	0.0099	
1427	1	5.01	5.01	0.0099	
1428	1	5.01	5.01	0.0099	
1429	1	5.01	5.01	0.0099	
1430	1	5.12	5.12	0.1056	
1431	1	5.01	5.01	0.0099	
1432	1	5.01	5.01	0.0099	
1433	1	5.01	5.01	0.0099	
1434	1	5.01	5.01	0.0099	
1435	1	5.02	5.02	0.0196	
1436	1	5.01	5.01	0.0099	
1437	1	5.01	5.01	0.0099	
1438	1	5.01	5.01	0.0099	
1439	1	5.01	5.01	0.0099	
1440	1	5.01	5.01	0.0099	
1441	1	5.03	5.03	0.0291	
1442	1	5.01	5.01	0.0099	
1443	1	5.01	5.01	0.0099	
1444	1	5.01	5.01	0.0099	
1445	1	5.03	5.03	0.0291	
1446	1	5.01	5.01	0.0099	
1447	1	5.01	5.01	0.0099	
1448	1	5.01	5.01	0.0099	
1449	1	5.01	5.01	0.0099	
1450	1	5.01	5.01	0.0099	
1451	1	5.01	5.01	0.0099	
1452	1	5.02	5.02	0.0196	
1453	1	5.01	5.01	0.0099	
1454	1	5.01	5.01	0.0099	
1455	1	5.01	5.01	0.0099	
1456	1	5.01	5.01	0.0099	
1457	1	5.01	5.01	0.0099	
1458	1	5.01	5.01	0.0099	
1459	1	5.01	5.01	0.0099	
1460	1	5.01	5.01	0.0099	
1461	1	5.01	5.01	0.0099	
1462	1	5.01	5.01	0.0099	
1463	1	5.01	5.01	0.0099	
1464	1	5.01	5.01	0.0099	
1465	1	5.01	5.01	0.0099	
1466	1	5.01	5.01	0.0099	
1467	1	5.01	5.01	0.0099	
1468	1	5.01	5.01	0.0099	
1469	1	5.01	5.01	0.0099	
1470	1	5.01	5.01	0.0099	
1471	1	5.01	5.01	0.0099	
1472	1	5.01	5.01	0.0099	
1473	1	5.01	5.01	0.0099	
1474	1	5.01	5.01	0.0099	
1475	1	5.01	5.01	0.0099	
1476	1	5.01	5.01	0.0099	
1477	1	5.01	5.01	0.0099	
1478	1	5.01	5.01	0.0099	
1479	1	5.01	5.01	0.0099	
1480	1	5.01	5.01	0.0099	
1481	1	5.01	5.01	0.0099	
1482	1	5.01	5.01	0.0099	
1483	1	5.01	5.01	0.0099	
1484	1	5.01	5.01	0.0099	
1485	1	5.01	5.01	0.0099	
1486	1	5.01	5.01	0.0099	
1487	1	5.01	5.01	0.0099	
1488	1	5.01	5.01	0.0099	
1489	1	5.01	5.01	0.0099	
1490	1	5.01	5.01	0.0099	
1491	1	5.01	5.01	0.0099	
1492	1	5.01	5.01	0.0099	
1493	1	5.01	5.01	0.0099	
1494	1	5.01	5.01	0.0099	
1495	1	5.1	5.1	0.09	
1496	1	5.01	5.01	0.0099	
1497	1	5.01	5.01	0.0099	
1498	1	5.01	5.01	0.0099	
1499	1	5.01	5.01	0.0099	
1500	1	5.01	5.01	0.0099	
1501	1	5.05	5.05	0.0475	
1502	1	5.01	5.01	0.0099	
1503	1	5.01	5.01	0.0099	
1504	1	5.01	5.01	0.0099	
1505	1	5.01	5.01	0.0099	
1506	1	5.03	5.03	0.0291	
1507	1	5.01	5.01	0.0099	
1508	1	5.01	5.01	0.0099	
1509	1	5.32	5.32	0.2176	
1510	1	5.07	5.07	0.0651	
1511	1	5.01	5.01	0.0099	
1512	1	5.01	5.01	0.0099	
1513	1	5.01	5.01	0.0099	
1514	1	5.01	5.01	0.0099	
1515	1	5.07	5.07	0.0651	
1516	1	5.03	5.03	0.0291	
1517	1	5.15	5.15	0.1275	
1518	1	5.14	5.14	0.1204	
1519	1	5.03	5.03	0.0291	
1520	1	5.01	5.01	0.0099	
1521	1	5.01	5.01	0.0099	
1522	1	5.01	5.01	0.0099	
1523	1	5.01	5.01	0.0099	
1524	1	5.01	5.01	0.0099	
1525	1	5.01	5.01	0.0099	
1526	1	5.01	5.01	0.0099	
1527	1	5.01	5.01	0.0099	
1528	1	5.01	5.01	0.0099	
1529	1	5.01	5.01	0.0099	
1530	1	5.01	5.01	0.0099	
1531	1	5.01	5.01	0.0099	
1532	1	5.01	5.01	0.0099	
1533	1	5.01	5.01	0.0099	
1534	1	5.01	5.01	0.0099	
1535	1	5.01	5.01	0.0099	
1536	1	5.01	5.01	0.0099	
1537	1	5.01	5.01	0.0099	
1538	1	5.01	5.01	0.0099	
1539	1	5.01	5.01	0.0099	
1540	1	5.01	5.01	0.0099	
1541	1	5.01	5.01	0.0099	
1542	1	5.01	5.01	0.0099	
1543	1	5.01	5.01	0.0099	
1544	1	5.01	5.01	0.0099	
1545	1	5.01	5.01	0.0099	
1546	1	5.01	5.01	0.0099	
1547	1	5.01	5.01	0.0099	
1548	1	5.01	5.01	0.0099	
1549	1	5.01	5.01	0.0099	
1550	1	5.01	5.01	0.0099	
1551	1	5.01	5.01	0.0099	
1552	1	5.01	5.01	0.0099	
1553	1	5.01	5.01	0.0099	
1554	1	5.01	5.01	0.0099	
1555	1	5.01	5.01	0.0099	
1556	1	5.01	5.01	0.0099	
1557	1	5.01	5.01	0.0099	
1558	1	5.01	5.01	0.0099	
1559	1	5.05	5.05	0.0475	
1560	1	5.01	5.01	0.0099	
1561	1	5.01	5.01	0.0099	
1562	1	5.03	5.03	0.0291	
1563	1	5.01	5.01	0.0099	
1564	1	5.01	5.01	0.0099	
1565	1	5.01	5.01	0.0099	
1566	1	5.01	5.01	0.0099	
1567	1	5.01	5.01	0.0099	
1568	1	5.01	5.01	0.0099	
1569	1	5.01	5.01	0.0099	
1570	1	5.01	5.01	0.0099	
1571	1	5.01	5.01	0.0099	
1572	1	5.01	5.01	0.0099	
1573	1	5.01	5.01	0.0099	
1574	1	5.01	5.01	0.0099	
1575	1	5.01	5.01	0.0099	
1576	1	5.01	5.01	0.0099	
1577	1	5.05	5.05	0.0475	
1578	1	5.01	5.01	0.0099	
1579	1	5.01	5.01	0.0099	
1580	1	5.01	5.01	0.0099	
1581	1	5.01	5.01	0.0099	
1582	1	5.01	5.01	0.0099	
1583	1	5.01	5.01	0.0099	
1584	1	5.01	5.01	0.0099	
1585	1	5.01	5.01	0.0099	
1586	1	5.01	5.01	0.0099	
1587	1	5.01	5.01	0.0099	
1588	1	5.01	5.01	0.0099	
1589	1	5.01	5.01	0.0099	
1590	1	5.01	5.01	0.0099	
1591	1	5.01	5.01	0.0099	
1592	1	5.01	5.01	0.0099	
1593	1	5.01	5.01	0.0099	
1594	1	5.01	5.01	0.0099	
1595	1	5.01	5.01	0.0099	
1596	1	5.01	5.01	0.0099	
1597	1	5.01	5.01	0.0099	
1598	1	5.01	5.01	0.0099	
1599	1	5.01	5.01	0.0099	
1600	1	5.01	5.01	0.0099	
1601	1	5.03	5.03	0.0291	
1602	1	5.01	5.01	0.0099	
1603	1	5.01	5.01	0.0099	
1604	1	5.01	5.01	0.0099	
1605	1	5.01	5.01	0.0099	
1606	1	5.01	5.01	0.0099	
1607	1	5.01	5.01	0.0099	
1608	1	5.02	5.02	0.0196	
1609	1	5.01	5.01	0.0099	
1610	1	5.01	5.01	0.0099	
1611	1	5.01	5.01	0.0099	
1612	1	5.01	5.01	0.0099	
1613	1	5.01	5.01	0.0099	
1614	1	5.01	5.01	0.0099	
1615	1	5.01	5.01	0.0099	
1616	1	5.01	5.01	0.0099	
1617	1	5.03	5.03	0.0291	
1618	1	5.01	5.01	0.0099	
1619	1	5.01	5.01	0.0099	
1620	1	5.01	5.01	0.0099	
1621	1	5.01	5.01	0.0099	
1622	1	5.01	5.01	0.0099	
1623	1	5.01	5.01	0.0099	
1624	1	5.01	5.01	0.0099	
1625	1	5.01	5.01	0.0099	
1626	1	5.01	5.01	0.0099	
1627	1	5.01	5.01	0.0099	
1628	1	5.01	5.01	0.0099	
1629	1	5.01	5.01	0.0099	
1630	1	5.01	5.01	0.0099	
1631	1	5.01	5.01	0.0099	
1632	1	5.01	5.01	0.0099	
1633	1	5.01	5.01	0.0099	
1634	1	5.01	5.01	0.0099	
1635	1	5.01	5.01	0.0099	
1636	1	5.01	5.01	0.0099	
1637	1	5.01	5.01	0.0099	
1638	1	5.01	5.01	0.0099	
1639	1	5.01	5.01	0.0099	
1640	1	5.01	5.01	0.0099	
1641	1	5.05	5.05	0.0475	
1642	1	5.01	5.01	0.0099	
1643	1	5.01	5.01	0.0099	
1644	1	5.03	5.03	0.0291	
1645	1	5.01	5.01	0.0099	
1646	1	5.01	5.01	0.0099	
1647	1	5.01	5.01	0.0099	
1648	1	5.01	5.01	0.0099	
1649	1	5.01	5.01	0.0099	
1650	1	5.01	5.01	0.0099	
1651	1	5.09	5.09	0.0819	
1652	1	5.02	5.02	0.0196	
1653	1	5.01	5.01	0.0099	
1654	1	5.01	5.01	0.0099	
1655	1	5.01	5.01	0.0099	
1656	1	5.01	5.01	0.0099	
1657	1	5.01	5.01	0.0099	
1658	1	5.01	5.01	0.0099	
1659	1	5.01	5.01	0.0099	
1660	1	5.06	5.06	0.0564	
1661	1	5.28	5.28	0.2016	
1662	1	5.61	5.61	0.2379	
1663	1	5.95	5.95	0.0475	
1664	1	6.01	6.01	0.0099	
1665	1	6.01	6.01	0.0099	
1666	1	6.01	6.01	0.0099	
1667	1	6.01	6.01	0.0099	
1668	1	6.01	6.01	0.0099	
1669	1	6.28	6.28	0.2016	
1670	1	6.08	6.08	0.0736	
1671	1	6.01	6.01	0.0099	
1672	1	6.01	6.01	0.0099	
1673	1	6.09	6.09	0.0819	
1674	1	6.01	6.01	0.0099	
1675	1	6.01	6.01	0.0099	
1676	1	6.01	6.01	0.0099	
1677	1	6.01	6.01	0.0099	
1678	1	6.01	6.01	0.0099	
1679	1	6.01	6.01	0.0099	
1680	1	6.01	6.01	0.0099	
1681	1	6.01	6.01	0.0099	
1682	1	6.01	6.01	0.0099	
1683	1	6.01	6.01	0.0099	
1684	1	6.01	6.01	0.0099	
1685	1	6.01	6.01	0.0099	
1686	1	6.03	6.03	0.0291	
1687	1	6.01	6.01	0.0099	
1688	1	6.01	6.01	0.0099	
1689	1	6.01	6.01	0.0099	
1690	1	6.01	6.01	0.0099	
1691	1	6.01	6.01	0.0099	
1692	1	6.01	6.01	0.0099	
1693	1	6.01	6.01	0.0099	
1694	1	6.01	6.01	0.0099	
1695	1	6.01	6.01	0.0099	
1696	1	6.01	6.01	0.0099	
1697	1	6.01	6.01	0.0099	
1698	1	6.01	6.01	0.0099	
1699	1	6.01	6.01	0.0099	
1700	1	6.01	6.01	0.0099	
1701	1	6.01	6.01	0.0099	
1702	1	6.01	6.01	0.0099	
1703	1	6.01	6.01	0.0099	
1704	1	6.01	6.01	0.0099	
1705	1	6.01	6.01	0.0099	
1706	1	6.01	6.01	0.0099	
1707	1	6.09	6.09	0.0819	
1708	1	6.39	6.39	0.2379	
1709	1	6.19	6.19	0.1539	
1710	1	6.24	6.24	0.1824	
1711	1	6.2	6.2	0.16	
1712	1	6.1	6.1	0.09	
1713	1	6.01	6.01	0.0099	
1714	1	6.01	6.01	0.0099	
1715	1	6.01	6.01	0.0099	
1716	1	6.01	6.01	0.0099	
1717	1	6.01	6.01	0.0099	
1718	1	6.01	6.01	0.0099	
1719	1	6.01	6.01	0.0099	
1720	1	6.01	6.01	0.0099	
1721	1	6.01	6.01	0.0099	
1722	1	6.05	6.05	0.0475	
1723	1	6.18	6.18	0.1476	
1724	1	6.14	6.14	0.1204	
1725	1	6.01	6.01	0.0099	
1726	1	6.02	6.02	0.0196	
1727	1	6.02	6.02	0.0196	
1728	1	6.01	6.01	0.0099	
1729	1	6.01	6.01	0.0099	
1730	1	6.01	6.01	0.0099	
1731	1	6.01	6.01	0.0099	
1732	1	6.09	6.09	0.0819	
1733	1	6.18	6.18	0.1476	
1734	1	6.36	6.36	0.2304	
1735	1	6.2	6.2	0.16	
1736	1	6.1	6.1	0.09	
1737	1	6.06	6.06	0.0564	
1738	1	6.01	6.01	0.0099	
1739	1	6.01	6.01	0.0099	
1740	1	6.01	6.01	0.0099	
1741	1	6.01	6.01	0.0099	
1742	1	6.01	6.01	0.0099	
1743	1	6.01	6.01	0.0099	
1744	1	6.01	6.01	0.0099	
1745	1	6.05	6.05	0.0475	
1746	1	6.01	6.01	0.0099	
1747	1	6.01	6.01	0.0099	
1748	1	6.01	6.01	0.0099	
1749	1	6.01	6.01	0.0099	
1750	1	6.01	6.01	0.0099	
1751	1	6.01	6.01	0.0099	
1752	1	6.15	6.15	0.1275	
1753	1	6.18	6.18	0.1476	
1754	1	6.15	6.15	0.1275	
1755	1	6.01	6.01	0.0099	
1756	1	6.01	6.01	0.0099	
1757	1	6.01	6.01	0.0099	
1758	1	6.01	6.01	0.0099	
1759	1	6.01	6.01	0.0099	
1760	1	6.01	6.01	0.0099	
1761	1	6.01	6.01	0.0099	
1762	1	6.01	6.01	0.0099	
1763	1	6.01	6.01	0.0099	
1764	1	6.01	6.01	0.0099	
1765	1	6.01	6.01	0.0099	
1766	1	6.01	6.01	0.0099	
1767	1	6.01	6.01	0.0099	
1768	1	6.01	6.01	0.0099	
1769	1	6.01	6.01	0.0099	
1770	1	6.01	6.01	0.0099	
1771	1	6.01	6.01	0.0099	
1772	1	6.01	6.01	0.0099	
1773	1	6.01	6.01	0.0099	
1774	1	6.01	6.01	0.0099	
1775	1	6.01	6.01	0.0099	
1776	1	6.01	6.01	0.0099	
1777	1	6.01	6.01	0.0099	
1778	1	6.01	6.01	0.0099	
1779	1	6.01	6.01	0.0099	
1780	1	6.01	6.01	0.0099	
1781	1	6.01	6.01	0.0099	
1782	1	6.01	6.01	0.0099	
1783	1	6.03	6.03	0.0291	
1784	1	6.01	6.01	0.0099	
1785	1	6.01	6.01	0.0099	
1786	1	6.01	6.01	0.0099	
1787	1	6.01	6.01	0.0099	
1788	1	6.01	6.01	0.0099	
1789	1	6.01	6.01	0.0099	
1790	1	6.01	6.01	0.0099	
1791	1	6.01	6.01	0.0099	
1792	1	6.01	6.01	0.0099	
1793	1	6.01	6.01	0.0099	
1794	1	6.01	6.01	0.0099	
1795	1	6.01	6.01	0.0099	
1796	1	6.01	6.01	0.0099	
1797	1	6.01	6.01	0.0099	
1798	1	6.01	6.01	0.0099	
1799	1	6.01	6.01	0.0099	
1800	1	6.01	6.01	0.0099	
1801	1	6.01	6.01	0.0099	
1802	1	6.01	6.01	0.0099	
1803	1	6.01	6.01	0.0099	
1804	1	6.01	6.01	0.0099	
1805	1	6.01	6.01	0.0099	
1806	1	6.01	6.01	0.0099	
1807	1	6.01	6.01	0.0099	
1808	1	6.01	6.01	0.0099	
1809	1	6.01	6.01	0.0099	
1810	1	6.01	6.01	0.0099	
1811	1	6.01	6.01	0.0099	
1812	1	6.01	6.01	0.0099	
1813	1	6.01	6.01	0.0099	
1814	1	6.01	6.01	0.0099	
1815	1	6.01	6.01	0.0099	
1816	1	6.01	6.01	0.0099	
1817	1	6.02	6.02	0.0196	
1818	1	6.01	6.01	0.0099	
1819	1	6.01	6.01	0.0099	
1820	1	6.01	6.01	0.0099	
1821	1	6.01	6.01	0.0099	
1822	1	6.01	6.01	0.0099	
1823	1	6.01	6.01	0.0099	
1824	1	6.01	6.01	0.0099	
1825	1	6.01	6.01	0.0099	
1826	1	6.01	6.01	0.0099	
1827	1	6.01	6.01	0.0099	
1828	1	6.01	6.01	0.0099	
1829	1	6.01	6.01	0.0099	
1830	1	6.01	6.01	0.0099	
1831	1	6.01	6.01	0.0099	
1832	1	6.01	6.01	0.0099	
1833	1	6.01	6.01	0.0099	
1834	1	6.01	6.01	0.0099	
1835	1	6.01	6.01	0.0099	
1836	1	6.03	6.03	0.0291	
1837	1	6.01	6.01	0.0099	
1838	1	6.01	6.01	0.0099	
1839	1	6.01	6.01	0.0099	
1840	1	6.41	6.41	0.2419	
1841	1	6.35	6.35	0.2275	
1842	1	6.19	6.19	0.1539	
1843	1	6.11	6.11	0.0979	
1844	1	6.01	6.01	0.0099	
1845	1	6.01	6.01	0.0099	
1846	1	6.01	6.01	0.0099	
1847	1	6.01	6.01	0.0099	
1848	1	6.01	6.01	0.0099	
1849	1	6.01	6.01	0.0099	
1850	1	6.01	6.01	0.0099	
1851	1	6.01	6.01	0.0099	
1852	1	6.04	6.04	0.0384	
1853	1	6.01	6.01	0.0099	
1854	1	6.01	6.01	0.0099	
1855	1	6.01	6.01	0.0099	
1856	1	6.01	6.01	0.0099	
1857	1	6.01	6.01	0.0099	
1858	1	6.01	6.01	0.0099	
1859	1	6.01	6.01	0.0099	
1860	1	6.01	6.01	0.0099	
1861	1	6.01	6.01	0.0099	
1862	1	6.01	6.01	0.0099	
1863	1	6.01	6.01	0.0099	
1864	1	6.01	6.01	0.0099	
1865	1	6.01	6.01	0.0099	
1866	1	6.01	6.01	0.0099	
1867	1	6.01	6.01	0.0099	
1868	1	6.01	6.01	0.0099	
1869	1	6.01	6.01	0.0099	
1870	1	6.01	6.01	0.0099	
1871	1	6.01	6.01	0.0099	
1872	1	6.01	6.01	0.0099	
1873	1	6.01	6.01	0.0099	
1874	1	6.01	6.01	0.0099	
1875	1	6.01	6.01	0.0099	
1876	1	6.01	6.01	0.0099	
1877	1	6.01	6.01	0.0099	
1878	1	6.01	6.01	0.0099	
1879	1	6.01	6.01	0.0099	
1880	1	6.01	6.01	0.0099	
1881	1	6.02	6.02	0.0196	
1882	1	6.01	6.01	0.0099	
1883	1	6.01	6.01	0.0099	
1884	1	6.01	6.01	0.0099	
1885	1	6.03	6.03	0.0291	
1886	1	6.07	6.07	0.0651	
1887	1	6.01	6.01	0.0099	
1888	1	6.01	6.01	0.0099	
1889	1	6.01	6.01	0.0099	
1890	1	6.01	6.01	0.0099	
1891	1	6.01	6.01	0.0099	
1892	1	6.01	6.01	0.0099	
1893	1	6.01	6.01	0.0099	
1894	1	6.01	6.01	0.0099	
1895	1	6.06	6.06	0.0564	
1896	1	6.01	6.01	0.0099	
1897	1	6.01	6.01	0.0099	
1898	1	6.05	6.05	0.0475	
1899	1	6.15	6.15	0.1275	
1900	1	6.01	6.01	0.0099	
1901	1	6.01	6.01	0.0099	
1902	1	6.01	6.01	0.0099	
1903	1	6.01	6.01	0.0099	
1904	1	6.01	6.01	0.0099	
1905	1	6.01	6.01	0.0099	
1906	1	6.01	6.01	0.0099	
1907	1	6.01	6.01	0.0099	
1908	1	6.01	6.01	0.0099	
1909	1	6.01	6.01	0.0099	
1910	1	6.01	6.01	0.0099	
1911	1	6.01	6.01	0.0099	
1912	1	6.01	6.01	0.0099	
1913	1	6.1	6.1	0.09	
1914	1	6.02	6.02	0.0196	
1915	1	6.33	6.33	0.2211	
1916	1	6.57	6.57	0.2451	
1917	1	6.42	6.42	0.2436	
1918	1	6.31	6.31	0.3339	
1919	1	6.23	6.23	0.1771	
1920	1	6.4	6.4	0.24	
1921	1	6.65	6.65	0.2275	
1922	1	6.18	6.18	0.1476	
1923	1	6.41	6.41	0.2419	
1924	1	6.51	6.51	0.2499	
1925	1	6.28	6.28	0.2016	
1926	1	6.6	6.6	0.24	
1927	1	6.55	6.55	0.2475	
1928	1	6.89	6.89	0.0979	
1929	1	6.13	6.13	0.1131	
1930	1	6.01	6.01	0.0099	
1931	1	6.01	6.01	0.0099	
1932	1	6.01	6.01	0.0099	
1933	1	6.02	6.02	0.0196	
1934	1	6.01	6.01	0.0099	
1935	1	6.01	6.01	0.0099	
1936	1	6.01	6.01	0.0099	
1937	1	6.01	6.01	0.0099	
1938	1	6.01	6.01	0.0099	
1939	1	6.02	6.02	0.0196	
1940	1	6.01	6.01	0.0099	
1941	1	6.01	6.01	0.0099	
1942	1	6.01	6.01	0.0099	
1943	1	6.01	6.01	0.0099	
1944	1	6.01	6.01	0.0099	
1945	1	6.01	6.01	0.0099	
1946	1	6.01	6.01	0.0099	
1947	1	6.01	6.01	0.0099	
1948	1	6.41	6.41	0.2419	
1949	1	6.21	6.21	0.1659	
1950	1	6.03	6.03	0.0291	
1951	1	6.01	6.01	0.0099	
1952	1	6.01	6.01	0.0099	
1953	1	6.01	6.01	0.0099	
1954	1	6.01	6.01	0.0099	
1955	1	6.01	6.01	0.0099	
1956	1	6.01	6.01	0.0099	
1957	1	6.01	6.01	0.0099	
1958	1	6.01	6.01	0.0099	
1959	1	6.01	6.01	0.0099	
1960	1	6.01	6.01	0.0099	
1961	1	6.01	6.01	0.0099	
1962	1	6.01	6.01	0.0099	
1963	1	6.01	6.01	0.0099	
1964	1	6.01	6.01	0.0099	
1965	1	6.01	6.01	0.0099	
1966	1	6.01	6.01	0.0099	
1967	1	6.01	6.01	0.0099	
1968	1	6.01	6.01	0.0099	
1969	1	6.01	6.01	0.0099	
1970	1	6.01	6.01	0.0099	
1971	1	6.01	6.01	0.0099	
1972	1	6.01	6.01	0.0099	
1973	1	6.01	6.01	0.0099	
1974	1	6.01	6.01	0.0099	
1975	1	6.06	6.06	0.0564	
1976	1	6.55	6.55	0.2475	
1977	1	6.92	6.92	0.0736	
1978	1	6.99	6.99	0.0099	
1979	1	7.07	7.07	0.0651	
1980	1	7.24	7.24	0.1824	
1981	1	7.09	7.09	0.0819	
1982	1	7.19	7.19	0.1539	
1983	1	7.42	7.42	0.3436	
1984	1	7.15	7.15	0.1275	
1985	1	7.27	7.27	0.1971	
1986	1	7.61	7.61	0.2379	
1987	1	7.56	7.56	0.2464	
1988	1	7.68	7.68	0.2176	
1989	1	7.62	7.62	0.2356	
1990	1	7.4	7.4	0.24	
1991	1	7.25	7.25	0.1875	
1992	1	7.24	7.24	0.1824	
1993	1	7.03	7.03	0.0291	
1994	1	7.01	7.01	0.0099	
1995	1	7.01	7.01	0.0099	
1996	1	7.01	7.01	0.0099	
1997	1	7.01	7.01	0.0099	
1998	1	7.01	7.01	0.0099	
1999	1	7.01	7.01	0.0099	
2000	1	7.01	7.01	0.0099	
