# mu = 0.001, s = 0.01, trials requested = 1, runtime = 0:01:02
# "Time"	"Actual trials"	"Mean mutation"	"Average mean mutation"	"Average mutation variance"
0	1	0	0	0	
1	1	0	0	0	
2	1	0.01	0.01	0.0099	
3	1	0.01	0.01	0.0099	
4	1	0.01	0.01	0.0099	
5	1	0.02	0.02	0.0196	
6	1	0.02	0.02	0.0196	
7	1	0.01	0.01	0.0099	
8	1	0.02	0.02	0.0196	
9	1	0.07	0.07	0.0651	
10	1	0.07	0.07	0.0651	
11	1	0.03	0.03	0.0291	
12	1	0.09	0.09	0.0819	
13	1	0.03	0.03	0.0291	
14	1	0.02	0.02	0.0196	
15	1	0.04	0.04	0.0384	
16	1	0.01	0.01	0.0099	
17	1	0.02	0.02	0.0196	
18	1	0.01	0.01	0.0099	
19	1	0.02	0.02	0.0196	
20	1	0.01	0.01	0.0099	
21	1	0.01	0.01	0.0099	
22	1	0.01	0.01	0.0099	
23	1	0.01	0.01	0.0099	
24	1	0.01	0.01	0.0099	
25	1	0.01	0.01	0.0099	
26	1	0.01	0.01	0.0099	
27	1	0.03	0.03	0.0291	
28	1	0.02	0.02	0.0196	
29	1	0.03	0.03	0.0291	
30	1	0.09	0.09	0.0819	
31	1	0.11	0.11	0.0979	
32	1	0.14	0.14	0.1204	
33	1	0.22	0.22	0.1716	
34	1	0.2	0.2	0.16	
35	1	0.12	0.12	0.1056	
36	1	0.09	0.09	0.0819	
37	1	0.16	0.16	0.1944	
38	1	0.1	0.1	0.09	
39	1	0.15	0.15	0.1275	
40	1	0.13	0.13	0.1131	
41	1	0.14	0.14	0.1204	
42	1	0.19	0.19	0.1539	
43	1	0.19	0.19	0.1539	
44	1	0.13	0.13	0.1131	
45	1	0.19	0.19	0.1539	
46	1	0.26	0.26	0.1924	
47	1	0.22	0.22	0.1716	
48	1	0.29	0.29	0.2059	
49	1	0.31	0.31	0.2139	
50	1	0.36	0.36	0.2504	
51	1	0.43	0.43	0.2651	
52	1	0.32	0.32	0.2176	
53	1	0.21	0.21	0.1859	
54	1	0.27	0.27	0.1971	
55	1	0.36	0.36	0.2504	
56	1	0.47	0.47	0.3291	
57	1	0.45	0.45	0.3875	
58	1	0.49	0.49	0.3899	
59	1	0.8	0.8	0.68	
60	1	0.93	0.93	0.6051	
61	1	1.16	1.16	0.5344	
62	1	1.24	1.24	0.4824	
63	1	1.3	1.3	0.33	
64	1	1.19	1.19	0.3339	
65	1	1.33	1.33	0.4411	
66	1	1.34	1.34	0.3844	
67	1	1.6	1.6	0.58	
68	1	1.71	1.71	0.6659	
69	1	1.6	1.6	0.6	
70	1	1.68	1.68	0.5376	
71	1	1.58	1.58	0.4436	
72	1	1.54	1.54	0.4284	
73	1	1.52	1.52	0.3496	
74	1	1.6	1.6	0.58	
75	1	1.54	1.54	0.4484	
76	1	1.47	1.47	0.2691	
77	1	1.52	1.52	0.2696	
78	1	1.52	1.52	0.2496	
79	1	1.53	1.53	0.2491	
80	1	1.69	1.69	0.2939	
81	1	1.59	1.59	0.3419	
82	1	1.56	1.56	0.2864	
83	1	1.69	1.69	0.4339	
84	1	1.64	1.64	0.3904	
85	1	1.87	1.87	0.3331	
86	1	1.98	1.98	0.3396	
87	1	2.04	2.04	0.2584	
88	1	2.1	2.1	0.23	
89	1	2.22	2.22	0.1916	
90	1	2.16	2.16	0.1344	
91	1	2.31	2.31	0.2139	
92	1	2.35	2.35	0.2275	
93	1	2.33	2.33	0.2211	
94	1	2.45	2.45	0.2475	
95	1	2.49	2.49	0.2699	
96	1	2.61	2.61	0.3179	
97	1	2.51	2.51	0.3299	
98	1	2.61	2.61	0.3179	
99	1	2.56	2.56	0.3064	
100	1	2.74	2.74	0.3524	
101	1	2.82	2.82	0.4276	
102	1	2.64	2.64	0.4504	
103	1	2.73	2.73	0.3171	
104	1	2.76	2.76	0.3424	
105	1	2.77	2.77	0.2771	
106	1	2.65	2.65	0.3675	
107	1	2.58	2.58	0.2836	
108	1	2.58	2.58	0.3236	
109	1	2.51	2.51	0.3299	
110	1	2.53	2.53	0.3491	
111	1	2.52	2.52	0.3096	
112	1	2.67	2.67	0.3211	
113	1	2.6	2.6	0.26	
114	1	2.66	2.66	0.3044	
115	1	2.6	2.6	0.24	
116	1	2.58	2.58	0.2436	
117	1	2.63	2.63	0.2331	
118	1	2.62	2.62	0.2356	
119	1	2.65	2.65	0.2275	
120	1	2.7	2.7	0.21	
121	1	2.79	2.79	0.1659	
122	1	2.73	2.73	0.2371	
123	1	2.76	2.76	0.2424	
124	1	2.87	2.87	0.1931	
125	1	2.86	2.86	0.1404	
126	1	2.82	2.82	0.1876	
127	1	2.75	2.75	0.2675	
128	1	2.8	2.8	0.34	
129	1	2.83	2.83	0.4011	
130	1	2.73	2.73	0.4171	
131	1	2.7	2.7	0.29	
132	1	2.85	2.85	0.2075	
133	1	2.81	2.81	0.1539	
134	1	2.85	2.85	0.1275	
135	1	2.8	2.8	0.18	
136	1	2.83	2.83	0.4011	
137	1	2.67	2.67	0.4411	
138	1	2.77	2.77	0.5171	
139	1	2.69	2.69	0.4939	
140	1	2.77	2.77	0.4171	
141	1	2.73	2.73	0.2971	
142	1	2.69	2.69	0.3339	
143	1	2.73	2.73	0.2571	
144	1	2.7	2.7	0.27	
145	1	2.7	2.7	0.21	
146	1	2.71	2.71	0.2059	
147	1	2.65	2.65	0.2475	
148	1	2.75	2.75	0.2275	
149	1	2.71	2.71	0.2259	
150	1	2.73	2.73	0.2171	
151	1	2.74	2.74	0.2124	
152	1	2.77	2.77	0.2171	
153	1	2.72	2.72	0.3016	
154	1	2.68	2.68	0.4576	
155	1	2.76	2.76	0.5024	
156	1	2.63	2.63	0.4731	
157	1	2.62	2.62	0.4556	
158	1	2.57	2.57	0.3651	
159	1	2.51	2.51	0.3299	
160	1	2.52	2.52	0.3096	
161	1	2.69	2.69	0.3539	
162	1	2.66	2.66	0.3244	
163	1	2.62	2.62	0.3956	
164	1	2.66	2.66	0.3444	
165	1	2.58	2.58	0.3436	
166	1	2.56	2.56	0.3264	
167	1	2.46	2.46	0.4084	
168	1	2.44	2.44	0.3864	
169	1	2.52	2.52	0.4096	
170	1	2.7	2.7	0.31	
171	1	2.72	2.72	0.2616	
172	1	2.76	2.76	0.1824	
173	1	2.83	2.83	0.1411	
174	1	2.8	2.8	0.24	
175	1	2.68	2.68	0.2376	
176	1	2.83	2.83	0.2211	
177	1	2.85	2.85	0.1475	
178	1	2.86	2.86	0.1404	
179	1	2.91	2.91	0.1219	
180	1	2.97	2.97	0.0891	
181	1	2.99	2.99	0.0899	
182	1	3.05	3.05	0.1075	
183	1	3.07	3.07	0.0651	
184	1	3.14	3.14	0.1204	
185	1	3.17	3.17	0.1411	
186	1	3.1	3.1	0.09	
187	1	3.08	3.08	0.0736	
188	1	3.14	3.14	0.1204	
189	1	3.11	3.11	0.0979	
190	1	3.23	3.23	0.1971	
191	1	3.37	3.37	0.2331	
192	1	3.46	3.46	0.2484	
193	1	3.51	3.51	0.2699	
194	1	3.65	3.65	0.3475	
195	1	3.56	3.56	0.3064	
196	1	3.44	3.44	0.3064	
197	1	3.35	3.35	0.2275	
198	1	3.37	3.37	0.2331	
199	1	3.28	3.28	0.2016	
200	1	3.22	3.22	0.1716	
201	1	3.4	3.4	0.24	
202	1	3.48	3.48	0.2496	
203	1	3.46	3.46	0.2484	
204	1	3.44	3.44	0.2464	
205	1	3.53	3.53	0.2491	
206	1	3.43	3.43	0.2451	
207	1	3.57	3.57	0.2451	
208	1	3.66	3.66	0.2444	
209	1	3.71	3.71	0.2459	
210	1	3.72	3.72	0.2016	
211	1	3.57	3.57	0.2451	
212	1	3.61	3.61	0.2379	
213	1	3.65	3.65	0.2275	
214	1	3.65	3.65	0.2275	
215	1	3.69	3.69	0.2139	
216	1	3.79	3.79	0.1659	
217	1	3.84	3.84	0.1744	
218	1	3.85	3.85	0.2075	
219	1	3.93	3.93	0.2451	
220	1	3.88	3.88	0.2456	
221	1	3.79	3.79	0.2459	
222	1	3.81	3.81	0.2139	
223	1	3.77	3.77	0.3371	
224	1	3.61	3.61	0.3979	
225	1	3.49	3.49	0.3299	
226	1	3.54	3.54	0.3884	
227	1	3.72	3.72	0.5216	
228	1	3.81	3.81	0.4139	
229	1	3.94	3.94	0.2964	
230	1	4.01	4.01	0.3499	
231	1	4.05	4.05	0.3875	
232	1	3.89	3.89	0.2579	
233	1	3.92	3.92	0.2136	
234	1	3.95	3.95	0.1875	
235	1	3.92	3.92	0.2736	
236	1	4.19	4.19	0.3539	
237	1	4.21	4.21	0.3459	
238	1	4.29	4.29	0.3259	
239	1	4.22	4.22	0.2916	
240	1	4.37	4.37	0.2931	
241	1	4.48	4.48	0.3696	
242	1	4.48	4.48	0.3496	
243	1	4.57	4.57	0.4851	
244	1	4.76	4.76	0.5424	
245	1	4.78	4.78	0.5916	
246	1	4.57	4.57	0.5851	
247	1	4.36	4.36	0.3104	
248	1	4.33	4.33	0.2811	
249	1	4.41	4.41	0.3419	
250	1	4.53	4.53	0.5091	
251	1	4.7	4.7	0.49	
252	1	4.83	4.83	0.5211	
253	1	4.93	4.93	0.5251	
254	1	4.93	4.93	0.4851	
255	1	5	5	0.46	
256	1	5.16	5.16	0.3744	
257	1	5.08	5.08	0.3936	
258	1	5.13	5.13	0.4331	
259	1	4.93	4.93	0.4051	
260	1	5.19	5.19	0.3939	
261	1	5.24	5.24	0.4824	
262	1	5.44	5.44	0.3464	
263	1	5.38	5.38	0.5556	
264	1	5.44	5.44	0.5464	
265	1	5.55	5.55	0.4475	
266	1	5.67	5.67	0.3611	
267	1	5.8	5.8	0.34	
268	1	5.76	5.76	0.2824	
269	1	5.67	5.67	0.3811	
270	1	5.61	5.61	0.2779	
271	1	5.63	5.63	0.3331	
272	1	5.66	5.66	0.2844	
273	1	5.62	5.62	0.2956	
274	1	5.72	5.72	0.3216	
275	1	5.58	5.58	0.4436	
276	1	5.63	5.63	0.3331	
277	1	5.7	5.7	0.37	
278	1	5.56	5.56	0.2864	
279	1	5.63	5.63	0.2731	
280	1	5.73	5.73	0.2371	
281	1	5.58	5.58	0.2636	
282	1	5.61	5.61	0.2379	
283	1	5.64	5.64	0.2304	
284	1	5.66	5.66	0.2444	
285	1	5.68	5.68	0.2176	
286	1	5.68	5.68	0.2176	
287	1	5.7	5.7	0.21	
288	1	5.78	5.78	0.1716	
289	1	5.8	5.8	0.16	
290	1	5.8	5.8	0.16	
291	1	5.84	5.84	0.1544	
292	1	5.84	5.84	0.2144	
293	1	5.91	5.91	0.1619	
294	1	5.96	5.96	0.0984	
295	1	5.97	5.97	0.0891	
296	1	6.08	6.08	0.1336	
297	1	5.99	5.99	0.0699	
298	1	5.99	5.99	0.0499	
299	1	5.95	5.95	0.0475	
300	1	6.01	6.01	0.0699	
301	1	6.08	6.08	0.0736	
302	1	6.08	6.08	0.0736	
303	1	6.05	6.05	0.0475	
304	1	6.02	6.02	0.0196	
305	1	6.02	6.02	0.0196	
306	1	6.02	6.02	0.0196	
307	1	6	6	0	
308	1	6	6	0	
309	1	6	6	0	
310	1	6	6	0	
311	1	6.02	6.02	0.0196	
312	1	6.04	6.04	0.0384	
313	1	6.07	6.07	0.0651	
314	1	6.04	6.04	0.0384	
315	1	6.04	6.04	0.0384	
316	1	6.03	6.03	0.0291	
317	1	6	6	0	
318	1	6	6	0	
319	1	6	6	0	
320	1	6.01	6.01	0.0099	
321	1	6.01	6.01	0.0099	
322	1	6	6	0	
323	1	6	6	0	
324	1	6	6	0	
325	1	6.05	6.05	0.0475	
326	1	6.02	6.02	0.0196	
327	1	6	6	0	
328	1	6	6	0	
329	1	6	6	0	
330	1	6	6	0	
331	1	6.03	6.03	0.0291	
332	1	6.03	6.03	0.0291	
333	1	6.05	6.05	0.0475	
334	1	6.03	6.03	0.0291	
335	1	6.06	6.06	0.0564	
336	1	6.07	6.07	0.0651	
337	1	6.04	6.04	0.0384	
338	1	6.06	6.06	0.0564	
339	1	6.02	6.02	0.0196	
340	1	6.03	6.03	0.0291	
341	1	6.05	6.05	0.0475	
342	1	6.05	6.05	0.0475	
343	1	6.06	6.06	0.0564	
344	1	6.09	6.09	0.0819	
345	1	6.06	6.06	0.0564	
346	1	6.03	6.03	0.0291	
347	1	6	6	0	
348	1	6.02	6.02	0.0196	
349	1	6.05	6.05	0.0475	
350	1	6.06	6.06	0.0564	
351	1	6.14	6.14	0.1404	
352	1	6.08	6.08	0.0736	
353	1	6.1	6.1	0.09	
354	1	6.05	6.05	0.0475	
355	1	6.02	6.02	0.0196	
356	1	6.01	6.01	0.0099	
357	1	6.01	6.01	0.0099	
358	1	6	6	0	
359	1	6.01	6.01	0.0099	
360	1	6.06	6.06	0.0564	
361	1	6.07	6.07	0.0651	
362	1	6.13	6.13	0.1131	
363	1	6.07	6.07	0.0651	
364	1	6.04	6.04	0.0384	
365	1	6.01	6.01	0.0099	
366	1	6.04	6.04	0.0384	
367	1	6.02	6.02	0.0196	
368	1	6.04	6.04	0.0384	
369	1	6.01	6.01	0.0099	
370	1	6.04	6.04	0.0384	
371	1	6.1	6.1	0.09	
372	1	6.16	6.16	0.1544	
373	1	6.21	6.21	0.1659	
374	1	6.2	6.2	0.16	
375	1	6.2	6.2	0.16	
376	1	6.16	6.16	0.1344	
377	1	6.1	6.1	0.09	
378	1	6.1	6.1	0.09	
379	1	6.03	6.03	0.0291	
380	1	6.04	6.04	0.0384	
381	1	6.04	6.04	0.0384	
382	1	6.02	6.02	0.0196	
383	1	6.02	6.02	0.0196	
384	1	6	6	0	
385	1	6.01	6.01	0.0099	
386	1	6.02	6.02	0.0196	
387	1	6	6	0	
388	1	6.01	6.01	0.0099	
389	1	6	6	0	
390	1	6.01	6.01	0.0099	
391	1	6.06	6.06	0.0964	
392	1	6.03	6.03	0.0291	
393	1	6.07	6.07	0.0651	
394	1	6.07	6.07	0.0651	
395	1	6.11	6.11	0.0979	
396	1	6.23	6.23	0.1771	
397	1	6.23	6.23	0.1771	
398	1	6.2	6.2	0.16	
399	1	6.16	6.16	0.1344	
400	1	6.17	6.17	0.1411	
401	1	6.3	6.3	0.21	
402	1	6.38	6.38	0.2356	
403	1	6.28	6.28	0.2016	
404	1	6.54	6.54	0.2484	
405	1	6.51	6.51	0.2499	
406	1	6.61	6.61	0.2379	
407	1	6.62	6.62	0.2356	
408	1	6.59	6.59	0.2619	
409	1	6.53	6.53	0.2491	
410	1	6.61	6.61	0.2379	
411	1	6.66	6.66	0.2244	
412	1	6.71	6.71	0.2059	
413	1	6.85	6.85	0.1875	
414	1	6.77	6.77	0.1771	
415	1	6.71	6.71	0.2059	
416	1	6.69	6.69	0.2139	
417	1	6.67	6.67	0.2211	
418	1	6.76	6.76	0.2224	
419	1	6.93	6.93	0.1851	
420	1	7.07	7.07	0.1651	
421	1	7.04	7.04	0.0384	
422	1	7.06	7.06	0.0764	
423	1	7.02	7.02	0.0396	
424	1	7.02	7.02	0.0396	
425	1	7.04	7.04	0.0784	
426	1	7.19	7.19	0.3339	
427	1	7.19	7.19	0.3139	
428	1	7.28	7.28	0.4016	
429	1	7.29	7.29	0.3859	
430	1	7.44	7.44	0.5664	
431	1	7.43	7.43	0.5851	
432	1	7.45	7.45	0.6275	
433	1	7.62	7.62	0.8356	
434	1	7.66	7.66	1.0244	
435	1	7.83	7.83	1.2411	
436	1	7.84	7.84	1.3144	
437	1	7.78	7.78	1.4116	
438	1	7.4	7.4	0.7	
439	1	7.55	7.55	0.8675	
440	1	7.59	7.59	0.9619	
441	1	7.29	7.29	0.6259	
442	1	7.1	7.1	0.11	
443	1	7.12	7.12	0.1456	
444	1	7.14	7.14	0.1604	
445	1	7.05	7.05	0.0475	
446	1	7.03	7.03	0.0291	
447	1	7.03	7.03	0.0291	
448	1	7.02	7.02	0.0196	
449	1	7.03	7.03	0.0291	
450	1	7.06	7.06	0.0564	
451	1	7.06	7.06	0.0564	
452	1	7.04	7.04	0.0384	
453	1	7.1	7.1	0.09	
454	1	7.09	7.09	0.0819	
455	1	7.15	7.15	0.1275	
456	1	7.13	7.13	0.1131	
457	1	7.08	7.08	0.0736	
458	1	7.12	7.12	0.1056	
459	1	7.17	7.17	0.1411	
460	1	7.17	7.17	0.1411	
461	1	7.21	7.21	0.1659	
462	1	7.24	7.24	0.1824	
463	1	7.13	7.13	0.1131	
464	1	7.18	7.18	0.1476	
465	1	7.18	7.18	0.1476	
466	1	7.12	7.12	0.1056	
467	1	7.23	7.23	0.1771	
468	1	7.16	7.16	0.1344	
469	1	7.2	7.2	0.16	
470	1	7.13	7.13	0.1131	
471	1	7.11	7.11	0.0979	
472	1	7.07	7.07	0.0651	
473	1	7.11	7.11	0.0979	
474	1	7.15	7.15	0.1275	
475	1	7.21	7.21	0.1659	
476	1	7.25	7.25	0.2075	
477	1	7.23	7.23	0.2371	
478	1	7.26	7.26	0.2524	
479	1	7.2	7.2	0.2	
480	1	7.16	7.16	0.1944	
481	1	7.07	7.07	0.0651	
482	1	7.06	7.06	0.0564	
483	1	7.11	7.11	0.0979	
484	1	7.08	7.08	0.0936	
485	1	7.13	7.13	0.1131	
486	1	7.14	7.14	0.1204	
487	1	7.18	7.18	0.1476	
488	1	7.18	7.18	0.1476	
489	1	7.23	7.23	0.1771	
490	1	7.31	7.31	0.2139	
491	1	7.34	7.34	0.2444	
492	1	7.28	7.28	0.2016	
493	1	7.38	7.38	0.2356	
494	1	7.36	7.36	0.2304	
495	1	7.29	7.29	0.2059	
496	1	7.25	7.25	0.1875	
497	1	7.32	7.32	0.2176	
498	1	7.23	7.23	0.1971	
499	1	7.38	7.38	0.2556	
500	1	7.49	7.49	0.4099	
501	1	7.38	7.38	0.2756	
502	1	7.36	7.36	0.2304	
503	1	7.52	7.52	0.2496	
504	1	7.51	7.51	0.2499	
505	1	7.59	7.59	0.2819	
506	1	7.74	7.74	0.2924	
507	1	7.7	7.7	0.33	
508	1	7.61	7.61	0.2979	
509	1	7.46	7.46	0.2884	
510	1	7.59	7.59	0.2819	
511	1	7.62	7.62	0.2556	
512	1	7.56	7.56	0.2664	
513	1	7.58	7.58	0.2636	
514	1	7.56	7.56	0.2464	
515	1	7.66	7.66	0.2244	
516	1	7.72	7.72	0.2016	
517	1	7.7	7.7	0.27	
518	1	7.79	7.79	0.2659	
519	1	7.67	7.67	0.2611	
520	1	7.57	7.57	0.2651	
521	1	7.54	7.54	0.2884	
522	1	7.39	7.39	0.2779	
523	1	7.53	7.53	0.2891	
524	1	7.68	7.68	0.2776	
525	1	7.73	7.73	0.2771	
526	1	7.6	7.6	0.24	
527	1	7.64	7.64	0.2304	
528	1	7.58	7.58	0.2436	
529	1	7.67	7.67	0.2211	
530	1	7.72	7.72	0.2416	
531	1	7.71	7.71	0.3259	
532	1	7.72	7.72	0.3816	
533	1	7.62	7.62	0.3156	
534	1	7.81	7.81	0.4139	
535	1	8.01	8.01	0.4899	
536	1	8.26	8.26	0.6324	
537	1	8.21	8.21	0.6259	
538	1	8.46	8.46	0.4284	
539	1	8.48	8.48	0.3096	
540	1	8.44	8.44	0.2864	
541	1	8.44	8.44	0.2664	
542	1	8.44	8.44	0.2464	
543	1	8.51	8.51	0.2499	
544	1	8.55	8.55	0.2675	
545	1	8.62	8.62	0.2556	
546	1	8.35	8.35	0.2275	
547	1	8.27	8.27	0.1971	
548	1	8.31	8.31	0.2139	
549	1	8.41	8.41	0.2419	
550	1	8.38	8.38	0.3156	
551	1	8.47	8.47	0.4091	
552	1	8.35	8.35	0.3275	
553	1	8.42	8.42	0.3436	
554	1	8.54	8.54	0.3684	
555	1	8.52	8.52	0.3096	
556	1	8.48	8.48	0.3696	
557	1	8.52	8.52	0.4096	
558	1	8.48	8.48	0.3296	
559	1	8.6	8.6	0.32	
560	1	8.63	8.63	0.3131	
561	1	8.66	8.66	0.3044	
562	1	8.73	8.73	0.3371	
563	1	8.81	8.81	0.2739	
564	1	8.62	8.62	0.2556	
565	1	8.76	8.76	0.4024	
566	1	8.83	8.83	0.6011	
567	1	8.94	8.94	0.5964	
568	1	8.97	8.97	0.5091	
569	1	8.89	8.89	0.4779	
570	1	8.85	8.85	0.5875	
571	1	8.78	8.78	0.4716	
572	1	8.88	8.88	0.4656	
573	1	8.9	8.9	0.49	
574	1	8.84	8.84	0.6744	
575	1	9.07	9.07	0.7051	
576	1	9.23	9.23	0.7371	
577	1	9.25	9.25	0.6275	
578	1	8.87	8.87	0.8731	
579	1	9	9	1.1	
580	1	9.15	9.15	1.1075	
581	1	9.13	9.13	1.2131	
582	1	9.12	9.12	1.1856	
583	1	9.64	9.64	1.6304	
584	1	9.58	9.58	1.6836	
585	1	9.56	9.56	1.5664	
586	1	9.53	9.53	1.4691	
587	1	9.63	9.63	1.5931	
588	1	9.71	9.71	1.7659	
589	1	9.79	9.79	1.4459	
590	1	9.91	9.91	1.6019	
591	1	9.92	9.92	1.6536	
592	1	9.74	9.74	1.7124	
593	1	9.96	9.96	1.8184	
594	1	9.88	9.88	2.1056	
595	1	10.1	10.1	2.49	
596	1	10.43	10.43	2.5851	
597	1	10.37	10.37	2.7931	
598	1	10.01	10.01	3.2299	
599	1	10.16	10.16	2.8944	
600	1	10.25	10.25	2.1475	
601	1	10.32	10.32	2.0176	
602	1	10.71	10.71	1.2459	
603	1	10.41	10.41	1.9419	
604	1	10.47	10.47	2.2491	
605	1	10.39	10.39	2.3979	
606	1	10.68	10.68	2.0576	
607	1	10.95	10.95	1.4875	
608	1	11.13	11.13	1.4131	
609	1	11.02	11.02	1.4796	
610	1	11.22	11.22	1.1916	
611	1	11.42	11.42	0.8836	
612	1	11.6	11.6	0.64	
613	1	11.54	11.54	0.7084	
614	1	11.6	11.6	0.64	
615	1	11.66	11.66	0.5644	
616	1	11.69	11.69	0.5139	
617	1	11.82	11.82	0.4676	
618	1	11.85	11.85	0.5275	
619	1	11.82	11.82	0.7076	
620	1	12.02	12.02	0.4396	
621	1	11.83	11.83	0.4611	
622	1	11.69	11.69	0.6139	
623	1	11.72	11.72	0.7216	
624	1	11.73	11.73	0.6171	
625	1	11.84	11.84	0.4744	
626	1	11.8	11.8	0.66	
627	1	11.92	11.92	0.5736	
628	1	12.02	12.02	0.3196	
629	1	12.11	12.11	0.1579	
630	1	12.02	12.02	0.1996	
631	1	11.9	11.9	0.25	
632	1	11.69	11.69	0.6739	
633	1	11.85	11.85	0.6675	
634	1	11.93	11.93	0.7051	
635	1	11.99	11.99	0.5899	
636	1	11.87	11.87	0.5731	
637	1	12.14	12.14	0.2404	
638	1	12.25	12.25	0.2475	
639	1	12.18	12.18	0.3876	
640	1	12.21	12.21	0.4659	
641	1	12.24	12.24	0.2824	
642	1	12.34	12.34	0.2844	
643	1	12.35	12.35	0.2675	
644	1	12.45	12.45	0.2675	
645	1	12.5	12.5	0.31	
646	1	12.81	12.81	0.3339	
647	1	12.67	12.67	0.3211	
648	1	12.74	12.74	0.2924	
649	1	12.78	12.78	0.2716	
650	1	12.92	12.92	0.2336	
651	1	12.94	12.94	0.2764	
652	1	12.94	12.94	0.3364	
653	1	13.06	13.06	0.1964	
654	1	13.19	13.19	0.2139	
655	1	13.23	13.23	0.1971	
656	1	13.33	13.33	0.2611	
657	1	13.22	13.22	0.1716	
658	1	13.26	13.26	0.1924	
659	1	13.22	13.22	0.1716	
660	1	13.18	13.18	0.1476	
661	1	13.18	13.18	0.1476	
662	1	13.15	13.15	0.1275	
663	1	13.28	13.28	0.2016	
664	1	13.19	13.19	0.1539	
665	1	13.12	13.12	0.1056	
666	1	13.14	13.14	0.1204	
667	1	13.1	13.1	0.09	
668	1	13.17	13.17	0.1411	
669	1	13.16	13.16	0.1344	
670	1	13.29	13.29	0.2059	
671	1	13.38	13.38	0.2356	
672	1	13.35	13.35	0.2275	
673	1	13.25	13.25	0.1875	
674	1	13.24	13.24	0.1824	
675	1	13.23	13.23	0.1771	
676	1	13.34	13.34	0.2844	
677	1	13.24	13.24	0.2024	
678	1	13.3	13.3	0.21	
679	1	13.24	13.24	0.1824	
680	1	13.3	13.3	0.21	
681	1	13.33	13.33	0.2211	
682	1	13.36	13.36	0.2304	
683	1	13.39	13.39	0.2379	
684	1	13.39	13.39	0.2779	
685	1	13.6	13.6	0.44	
686	1	13.71	13.71	0.5259	
687	1	13.87	13.87	0.5731	
688	1	13.83	13.83	0.5411	
689	1	13.92	13.92	0.3736	
690	1	13.96	13.96	0.2784	
691	1	13.84	13.84	0.2144	
692	1	13.77	13.77	0.1971	
693	1	13.83	13.83	0.1611	
694	1	13.85	13.85	0.1475	
695	1	13.93	13.93	0.1051	
696	1	13.98	13.98	0.0996	
697	1	13.98	13.98	0.0196	
698	1	13.95	13.95	0.0475	
699	1	13.97	13.97	0.0291	
700	1	13.99	13.99	0.0099	
701	1	13.99	13.99	0.0099	
702	1	14.03	14.03	0.0291	
703	1	14.05	14.05	0.0475	
704	1	14.05	14.05	0.0475	
705	1	14.03	14.03	0.0291	
706	1	14.03	14.03	0.0291	
707	1	14.03	14.03	0.0291	
708	1	14.06	14.06	0.0564	
709	1	14.07	14.07	0.0651	
710	1	14.07	14.07	0.0651	
711	1	14.02	14.02	0.0196	
712	1	14.04	14.04	0.0384	
713	1	14.06	14.06	0.0564	
714	1	14.06	14.06	0.0564	
715	1	14.08	14.08	0.0736	
716	1	14.06	14.06	0.0564	
717	1	14.05	14.05	0.0475	
718	1	14.1	14.1	0.09	
719	1	14.04	14.04	0.0384	
720	1	14.08	14.08	0.0736	
721	1	14.06	14.06	0.0564	
722	1	14.12	14.12	0.1056	
723	1	14.12	14.12	0.1056	
724	1	14.11	14.11	0.0979	
725	1	14.08	14.08	0.0736	
726	1	14.02	14.02	0.0196	
727	1	14.01	14.01	0.0099	
728	1	14.01	14.01	0.0099	
729	1	14.01	14.01	0.0099	
730	1	14.01	14.01	0.0099	
731	1	14.02	14.02	0.0396	
732	1	14.02	14.02	0.0396	
733	1	14.04	14.04	0.0384	
734	1	14.05	14.05	0.0475	
735	1	14.05	14.05	0.0475	
736	1	14.04	14.04	0.0584	
737	1	14.04	14.04	0.0384	
738	1	14.01	14.01	0.0099	
739	1	14.02	14.02	0.0196	
740	1	14.01	14.01	0.0099	
741	1	14.01	14.01	0.0099	
742	1	14.01	14.01	0.0099	
743	1	14.01	14.01	0.0099	
744	1	14.01	14.01	0.0099	
745	1	14.01	14.01	0.0099	
746	1	14.01	14.01	0.0099	
747	1	14.01	14.01	0.0099	
748	1	14.01	14.01	0.0099	
749	1	14.01	14.01	0.0099	
750	1	14.01	14.01	0.0099	
751	1	14.01	14.01	0.0099	
752	1	14.01	14.01	0.0099	
753	1	14.03	14.03	0.0291	
754	1	14.02	14.02	0.0196	
755	1	14.04	14.04	0.0384	
756	1	14.01	14.01	0.0099	
757	1	14.01	14.01	0.0099	
758	1	14.01	14.01	0.0099	
759	1	14.01	14.01	0.0099	
760	1	14.02	14.02	0.0196	
761	1	14.08	14.08	0.0736	
762	1	14.16	14.16	0.1344	
763	1	14.25	14.25	0.1875	
764	1	14.32	14.32	0.2176	
765	1	14.31	14.31	0.2139	
766	1	14.22	14.22	0.1716	
767	1	14.22	14.22	0.1716	
768	1	14.2	14.2	0.16	
769	1	14.19	14.19	0.1539	
770	1	14.11	14.11	0.0979	
771	1	14.09	14.09	0.0819	
772	1	14.1	14.1	0.09	
773	1	14.32	14.32	0.2176	
774	1	14.34	14.34	0.2244	
775	1	14.39	14.39	0.2379	
776	1	14.36	14.36	0.2304	
777	1	14.45	14.45	0.2475	
778	1	14.59	14.59	0.2419	
779	1	14.54	14.54	0.2484	
780	1	14.66	14.66	0.2244	
781	1	14.67	14.67	0.2211	
782	1	14.74	14.74	0.2124	
783	1	14.72	14.72	0.2216	
784	1	14.71	14.71	0.2259	
785	1	14.73	14.73	0.2171	
786	1	14.74	14.74	0.2324	
787	1	14.66	14.66	0.2644	
788	1	14.65	14.65	0.2875	
789	1	14.57	14.57	0.3051	
790	1	14.68	14.68	0.2976	
791	1	14.68	14.68	0.2976	
792	1	14.69	14.69	0.2339	
793	1	14.72	14.72	0.2016	
794	1	14.86	14.86	0.1204	
795	1	14.94	14.94	0.0564	
796	1	14.93	14.93	0.0851	
797	1	14.97	14.97	0.0491	
798	1	14.93	14.93	0.1251	
799	1	15.04	15.04	0.1384	
800	1	15.1	15.1	0.21	
801	1	15.14	15.14	0.1604	
802	1	15.18	15.18	0.1876	
803	1	15.21	15.21	0.1859	
804	1	15.35	15.35	0.2475	
805	1	15.35	15.35	0.2475	
806	1	15.44	15.44	0.2464	
807	1	15.46	15.46	0.2484	
808	1	15.53	15.53	0.2491	
809	1	15.57	15.57	0.2451	
810	1	15.57	15.57	0.2451	
811	1	15.52	15.52	0.2496	
812	1	15.35	15.35	0.2275	
813	1	15.33	15.33	0.2211	
814	1	15.32	15.32	0.2176	
815	1	15.39	15.39	0.2379	
816	1	15.42	15.42	0.2436	
817	1	15.42	15.42	0.2436	
818	1	15.42	15.42	0.2436	
819	1	15.37	15.37	0.2331	
820	1	15.21	15.21	0.1659	
821	1	15.3	15.3	0.21	
822	1	15.38	15.38	0.2556	
823	1	15.35	15.35	0.2475	
824	1	15.36	15.36	0.2304	
825	1	15.38	15.38	0.2356	
826	1	15.36	15.36	0.2304	
827	1	15.44	15.44	0.2464	
828	1	15.48	15.48	0.2496	
829	1	15.53	15.53	0.2491	
830	1	15.49	15.49	0.2499	
831	1	15.44	15.44	0.2464	
832	1	15.41	15.41	0.2419	
833	1	15.39	15.39	0.2379	
834	1	15.52	15.52	0.2496	
835	1	15.53	15.53	0.2691	
836	1	15.45	15.45	0.2475	
837	1	15.33	15.33	0.2211	
838	1	15.43	15.43	0.2451	
839	1	15.55	15.55	0.2675	
840	1	15.76	15.76	0.2624	
841	1	15.86	15.86	0.2004	
842	1	15.88	15.88	0.2056	
843	1	15.92	15.92	0.1736	
844	1	15.91	15.91	0.1419	
845	1	15.94	15.94	0.1564	
846	1	15.99	15.99	0.1699	
847	1	16	16	0.18	
848	1	15.98	15.98	0.1796	
849	1	15.98	15.98	0.1996	
850	1	15.95	15.95	0.2475	
851	1	15.82	15.82	0.2876	
852	1	15.88	15.88	0.2856	
853	1	15.59	15.59	0.3219	
854	1	15.59	15.59	0.3219	
855	1	15.67	15.67	0.3211	
856	1	15.73	15.73	0.3771	
857	1	15.68	15.68	0.4376	
858	1	15.71	15.71	0.5059	
859	1	15.7	15.7	0.43	
860	1	15.63	15.63	0.3931	
861	1	15.58	15.58	0.4436	
862	1	15.54	15.54	0.4684	
863	1	15.61	15.61	0.5779	
864	1	15.57	15.57	0.4851	
865	1	15.75	15.75	0.5875	
866	1	15.92	15.92	1.0936	
867	1	15.96	15.96	1.1184	
868	1	16.08	16.08	1.0536	
869	1	16.16	16.16	0.7944	
870	1	16.26	16.26	0.8724	
871	1	16.4	16.4	1.1	
872	1	16.4	16.4	1.4	
873	1	16.25	16.25	1.4475	
874	1	15.97	15.97	1.3091	
875	1	16.22	16.22	1.4916	
876	1	15.84	15.84	1.1544	
877	1	16.41	16.41	1.9819	
878	1	16.72	16.72	1.6816	
879	1	16.77	16.77	1.5971	
880	1	16.76	16.76	1.4224	
881	1	16.78	16.78	1.8116	
882	1	16.97	16.97	1.9891	
883	1	16.63	16.63	1.8931	
884	1	16.99	16.99	2.2299	
885	1	17.04	17.04	1.8384	
886	1	16.88	16.88	2.0056	
887	1	17.12	17.12	2.3056	
888	1	17.19	17.19	1.9139	
889	1	16.84	16.84	2.0544	
890	1	16.94	16.94	1.8964	
891	1	16.79	16.79	1.8259	
892	1	16.91	16.91	1.7419	
893	1	16.86	16.86	1.9404	
894	1	17.16	17.16	1.4544	
895	1	17.08	17.08	1.4736	
896	1	16.9	16.9	1.61	
897	1	16.83	16.83	1.8011	
898	1	16.83	16.83	1.9611	
899	1	16.65	16.65	2.0075	
900	1	16.44	16.44	2.2264	
901	1	16.59	16.59	2.2419	
902	1	16.95	16.95	2.0475	
903	1	17.05	17.05	1.9275	
904	1	16.93	16.93	2.0451	
905	1	16.67	16.67	2.2411	
906	1	16.99	16.99	2.1699	
907	1	17.17	17.17	1.9611	
908	1	16.92	16.92	2.0736	
909	1	16.84	16.84	2.0544	
910	1	17.15	17.15	1.8475	
911	1	17.58	17.58	1.0236	
912	1	17.64	17.64	0.7704	
913	1	17.39	17.39	1.2979	
914	1	17.49	17.49	1.0899	
915	1	17.71	17.71	0.7659	
916	1	17.81	17.81	0.3939	
917	1	17.99	17.99	0.1099	
918	1	17.87	17.87	0.4531	
919	1	17.92	17.92	0.2736	
920	1	17.99	17.99	0.2299	
921	1	18.04	18.04	0.0384	
922	1	18.08	18.08	0.0736	
923	1	18.03	18.03	0.0291	
924	1	18.12	18.12	0.1056	
925	1	18.07	18.07	0.0651	
926	1	18.12	18.12	0.1056	
927	1	18.12	18.12	0.1056	
928	1	18.09	18.09	0.0819	
929	1	18.05	18.05	0.0475	
930	1	18.07	18.07	0.0651	
931	1	18.06	18.06	0.0564	
932	1	18.12	18.12	0.1056	
933	1	18.1	18.1	0.09	
934	1	18.09	18.09	0.0819	
935	1	18.03	18.03	0.0291	
936	1	18.02	18.02	0.0196	
937	1	18.03	18.03	0.0291	
938	1	18.06	18.06	0.0564	
939	1	18.05	18.05	0.0475	
940	1	18.16	18.16	0.1344	
941	1	18.38	18.38	0.2356	
942	1	18.58	18.58	0.4436	
943	1	18.67	18.67	0.4411	
944	1	18.81	18.81	0.4139	
945	1	18.77	18.77	0.4371	
946	1	18.82	18.82	0.4276	
947	1	18.75	18.75	0.4075	
948	1	18.7	18.7	0.31	
949	1	18.88	18.88	0.5456	
950	1	18.85	18.85	0.4675	
951	1	18.95	18.95	0.5675	
952	1	18.87	18.87	0.5531	
953	1	18.63	18.63	0.4931	
954	1	18.63	18.63	0.5931	
955	1	18.74	18.74	0.6924	
956	1	18.75	18.75	0.7275	
957	1	18.66	18.66	0.7244	
958	1	18.67	18.67	0.6811	
959	1	18.51	18.51	0.5299	
960	1	18.59	18.59	0.4619	
961	1	18.57	18.57	0.4851	
962	1	18.61	18.61	0.5779	
963	1	18.65	18.65	0.6675	
964	1	18.68	18.68	0.7376	
965	1	18.92	18.92	0.9536	
966	1	19.27	19.27	1.1171	
967	1	19.24	19.24	1.0024	
968	1	19.24	19.24	1.1424	
969	1	19.33	19.33	1.1011	
970	1	19.37	19.37	1.0931	
971	1	19.48	19.48	1.3296	
972	1	19.61	19.61	0.8379	
973	1	19.48	19.48	0.9696	
974	1	19.55	19.55	0.8475	
975	1	19.59	19.59	0.6619	
976	1	19.66	19.66	0.5644	
977	1	19.69	19.69	0.5139	
978	1	19.7	19.7	0.51	
979	1	19.84	19.84	0.2944	
980	1	19.91	19.91	0.2619	
981	1	20.02	20.02	0.0796	
982	1	20.01	20.01	0.0099	
983	1	20	20	0	
984	1	20.01	20.01	0.0099	
985	1	20.07	20.07	0.0651	
986	1	20.04	20.04	0.0384	
987	1	20.02	20.02	0.0196	
988	1	20.04	20.04	0.0384	
989	1	20.03	20.03	0.0291	
990	1	20.05	20.05	0.0475	
991	1	20.05	20.05	0.0475	
992	1	20.07	20.07	0.0651	
993	1	20.04	20.04	0.0384	
994	1	20.04	20.04	0.0384	
995	1	20.04	20.04	0.0384	
996	1	20.11	20.11	0.0979	
997	1	20.12	20.12	0.1056	
998	1	20.18	20.18	0.1476	
999	1	20.11	20.11	0.0979	
1000	1	20.13	20.13	0.1131	
1001	1	20.25	20.25	0.1875	
1002	1	20.17	20.17	0.1411	
1003	1	20.1	20.1	0.09	
1004	1	20.15	20.15	0.1275	
1005	1	20.09	20.09	0.0819	
1006	1	20.12	20.12	0.1056	
1007	1	20.24	20.24	0.2024	
1008	1	20.14	20.14	0.1204	
1009	1	20.25	20.25	0.1875	
1010	1	20.24	20.24	0.1824	
1011	1	20.19	20.19	0.1539	
1012	1	20.13	20.13	0.1131	
1013	1	20.09	20.09	0.0819	
1014	1	20.06	20.06	0.0564	
1015	1	20.02	20.02	0.0196	
1016	1	20.03	20.03	0.0291	
1017	1	20.06	20.06	0.0564	
1018	1	20.08	20.08	0.0736	
1019	1	20.09	20.09	0.0819	
1020	1	20.19	20.19	0.1539	
1021	1	20.23	20.23	0.1771	
1022	1	20.29	20.29	0.2059	
1023	1	20.31	20.31	0.2139	
1024	1	20.31	20.31	0.2139	
1025	1	20.34	20.34	0.2644	
1026	1	20.38	20.38	0.2556	
1027	1	20.46	20.46	0.2884	
1028	1	20.36	20.36	0.2704	
1029	1	20.28	20.28	0.2016	
1030	1	20.14	20.14	0.1204	
1031	1	20.17	20.17	0.1411	
1032	1	20.3	20.3	0.21	
1033	1	20.34	20.34	0.2244	
1034	1	20.4	20.4	0.24	
1035	1	20.42	20.42	0.2436	
1036	1	20.55	20.55	0.2675	
1037	1	20.38	20.38	0.2356	
1038	1	20.41	20.41	0.2419	
1039	1	20.53	20.53	0.2491	
1040	1	20.58	20.58	0.2636	
1041	1	20.64	20.64	0.2504	
1042	1	20.66	20.66	0.3244	
1043	1	20.72	20.72	0.3016	
1044	1	20.65	20.65	0.3475	
1045	1	20.66	20.66	0.2844	
1046	1	20.6	20.6	0.24	
1047	1	20.77	20.77	0.2171	
1048	1	20.87	20.87	0.1531	
1049	1	20.7	20.7	0.25	
1050	1	20.74	20.74	0.2324	
1051	1	20.85	20.85	0.1275	
1052	1	20.83	20.83	0.1611	
1053	1	20.86	20.86	0.1604	
1054	1	20.91	20.91	0.1619	
1055	1	20.94	20.94	0.1964	
1056	1	20.94	20.94	0.1964	
1057	1	20.9	20.9	0.27	
1058	1	20.96	20.96	0.1984	
1059	1	20.96	20.96	0.2784	
1060	1	20.9	20.9	0.17	
1061	1	20.79	20.79	0.2259	
1062	1	20.69	20.69	0.2339	
1063	1	20.67	20.67	0.2411	
1064	1	20.6	20.6	0.26	
1065	1	20.56	20.56	0.2464	
1066	1	20.55	20.55	0.2475	
1067	1	20.65	20.65	0.2275	
1068	1	20.69	20.69	0.2139	
1069	1	20.66	20.66	0.2644	
1070	1	20.59	20.59	0.3619	
1071	1	20.46	20.46	0.3084	
1072	1	20.37	20.37	0.2531	
1073	1	20.56	20.56	0.3664	
1074	1	20.74	20.74	0.3524	
1075	1	20.77	20.77	0.5371	
1076	1	20.54	20.54	0.5684	
1077	1	20.39	20.39	0.3979	
1078	1	20.28	20.28	0.2816	
1079	1	20.3	20.3	0.31	
1080	1	20.33	20.33	0.4011	
1081	1	20.62	20.62	0.6756	
1082	1	20.67	20.67	0.9411	
1083	1	20.72	20.72	1.0816	
1084	1	20.78	20.78	1.3516	
1085	1	20.6	20.6	1.28	
1086	1	20.62	20.62	1.1156	
1087	1	20.52	20.52	1.0096	
1088	1	20.3	20.3	0.59	
1089	1	20.13	20.13	0.2131	
1090	1	20.09	20.09	0.0819	
1091	1	20.12	20.12	0.1056	
1092	1	20.14	20.14	0.1204	
1093	1	20.28	20.28	0.2016	
1094	1	20.19	20.19	0.1539	
1095	1	20.24	20.24	0.1824	
1096	1	20.25	20.25	0.1875	
1097	1	20.41	20.41	0.2419	
1098	1	20.41	20.41	0.2419	
1099	1	20.41	20.41	0.2419	
1100	1	20.28	20.28	0.2216	
1101	1	20.38	20.38	0.3156	
1102	1	20.36	20.36	0.3304	
1103	1	20.37	20.37	0.3131	
1104	1	20.23	20.23	0.1971	
1105	1	20.28	20.28	0.2816	
1106	1	20.27	20.27	0.2971	
1107	1	20.35	20.35	0.4675	
1108	1	20.25	20.25	0.3675	
1109	1	20.39	20.39	0.5779	
1110	1	20.49	20.49	0.6699	
1111	1	20.74	20.74	0.8924	
1112	1	21.09	21.09	1.0219	
1113	1	21.19	21.19	0.9939	
1114	1	21.37	21.37	0.8931	
1115	1	21.57	21.57	0.7451	
1116	1	21.65	21.65	0.7475	
1117	1	21.79	21.79	0.6859	
1118	1	21.91	21.91	0.7219	
1119	1	21.94	21.94	0.3764	
1120	1	22.14	22.14	0.2604	
1121	1	22.12	22.12	0.2056	
1122	1	21.95	21.95	0.4475	
1123	1	21.99	21.99	0.3499	
1124	1	21.77	21.77	0.6571	
1125	1	21.9	21.9	0.89	
1126	1	21.85	21.85	0.8475	
1127	1	21.86	21.86	0.8204	
1128	1	22.06	22.06	0.5764	
1129	1	22.37	22.37	0.3331	
1130	1	22.36	22.36	0.3104	
1131	1	22.32	22.32	0.2976	
1132	1	22.33	22.33	0.2811	
1133	1	22.34	22.34	0.3244	
1134	1	22.35	22.35	0.4675	
1135	1	22.26	22.26	0.3124	
1136	1	22.12	22.12	0.1856	
1137	1	22.04	22.04	0.0584	
1138	1	22.09	22.09	0.1019	
1139	1	22.08	22.08	0.1136	
1140	1	22.09	22.09	0.1019	
1141	1	22.08	22.08	0.0736	
1142	1	22.09	22.09	0.0819	
1143	1	22.17	22.17	0.1411	
1144	1	22.18	22.18	0.1476	
1145	1	22.23	22.23	0.1771	
1146	1	22.21	22.21	0.1659	
1147	1	22.14	22.14	0.1204	
1148	1	22.16	22.16	0.1344	
1149	1	22.14	22.14	0.1204	
1150	1	22.29	22.29	0.2059	
1151	1	22.2	22.2	0.16	
1152	1	22.15	22.15	0.1675	
1153	1	22.25	22.25	0.2675	
1154	1	22.35	22.35	0.2875	
1155	1	22.45	22.45	0.3075	
1156	1	22.43	22.43	0.3051	
1157	1	22.37	22.37	0.2531	
1158	1	22.32	22.32	0.2176	
1159	1	22.43	22.43	0.2451	
1160	1	22.32	22.32	0.2176	
1161	1	22.4	22.4	0.24	
1162	1	22.32	22.32	0.2176	
1163	1	22.3	22.3	0.23	
1164	1	22.38	22.38	0.3156	
1165	1	22.42	22.42	0.4236	
1166	1	22.42	22.42	0.3036	
1167	1	22.27	22.27	0.2571	
1168	1	22.37	22.37	0.3131	
1169	1	22.45	22.45	0.3275	
1170	1	22.46	22.46	0.3884	
1171	1	22.55	22.55	0.4275	
1172	1	22.48	22.48	0.3496	
1173	1	22.55	22.55	0.2875	
1174	1	22.69	22.69	0.2739	
1175	1	22.7	22.7	0.33	
1176	1	22.77	22.77	0.3171	
1177	1	22.95	22.95	0.3275	
1178	1	22.99	22.99	0.2499	
1179	1	22.98	22.98	0.2396	
1180	1	22.97	22.97	0.2691	
1181	1	22.92	22.92	0.1936	
1182	1	22.93	22.93	0.3251	
1183	1	23	23	0.52	
1184	1	23.04	23.04	0.5184	
1185	1	23.01	23.01	0.5499	
1186	1	23.12	23.12	0.5656	
1187	1	23.17	23.17	0.6011	
1188	1	22.88	22.88	0.6656	
1189	1	23.01	23.01	0.5899	
1190	1	23.12	23.12	0.7256	
1191	1	23.11	23.11	0.7179	
1192	1	23.29	23.29	0.7459	
1193	1	23.17	23.17	0.6611	
1194	1	23.25	23.25	0.5675	
1195	1	23.27	23.27	0.5971	
1196	1	23.2	23.2	0.64	
1197	1	23.29	23.29	0.5659	
1198	1	23.52	23.52	0.4696	
1199	1	23.54	23.54	0.2884	
1200	1	23.71	23.71	0.2459	
1201	1	23.69	23.69	0.2139	
1202	1	23.61	23.61	0.2379	
1203	1	23.8	23.8	0.24	
1204	1	23.78	23.78	0.1716	
1205	1	23.77	23.77	0.1971	
1206	1	23.8	23.8	0.22	
1207	1	23.8	23.8	0.2	
1208	1	23.81	23.81	0.1939	
1209	1	23.83	23.83	0.2611	
1210	1	23.79	23.79	0.2259	
1211	1	23.7	23.7	0.23	
1212	1	23.83	23.83	0.1611	
1213	1	23.87	23.87	0.1131	
1214	1	23.9	23.9	0.09	
1215	1	23.88	23.88	0.1056	
1216	1	23.91	23.91	0.1219	
1217	1	23.94	23.94	0.2564	
1218	1	23.82	23.82	0.2676	
1219	1	23.8	23.8	0.24	
1220	1	23.84	23.84	0.2344	
1221	1	23.92	23.92	0.2136	
1222	1	23.9	23.9	0.37	
1223	1	24.02	24.02	0.4196	
1224	1	23.95	23.95	0.5675	
1225	1	23.93	23.93	0.6251	
1226	1	23.89	23.89	0.8179	
1227	1	24.01	24.01	0.8099	
1228	1	23.97	23.97	0.8691	
1229	1	24.04	24.04	0.8784	
1230	1	24.04	24.04	0.8784	
1231	1	24.14	24.14	0.7604	
1232	1	24.17	24.17	0.7811	
1233	1	24.26	24.26	0.7124	
1234	1	24.36	24.36	0.7104	
1235	1	24.44	24.44	0.6864	
1236	1	24.65	24.65	0.5275	
1237	1	24.46	24.46	0.7084	
1238	1	24.52	24.52	0.8296	
1239	1	24.67	24.67	0.6211	
1240	1	24.89	24.89	0.4579	
1241	1	24.89	24.89	0.5579	
1242	1	24.78	24.78	0.6316	
1243	1	24.97	24.97	0.7091	
1244	1	25.03	25.03	0.8291	
1245	1	25.15	25.15	1.1475	
1246	1	25.01	25.01	1.0499	
1247	1	25.04	25.04	0.7784	
1248	1	24.94	24.94	0.9564	
1249	1	25.36	25.36	1.1104	
1250	1	24.99	24.99	1.5099	
1251	1	24.79	24.79	1.5659	
1252	1	24.87	24.87	1.4331	
1253	1	24.69	24.69	1.4339	
1254	1	24.93	24.93	1.2851	
1255	1	25.36	25.36	0.7104	
1256	1	25.48	25.48	0.5496	
1257	1	25.59	25.59	0.5019	
1258	1	25.55	25.55	0.5675	
1259	1	25.64	25.64	0.4104	
1260	1	25.62	25.62	0.5356	
1261	1	25.79	25.79	0.2659	
1262	1	25.89	25.89	0.2179	
1263	1	25.97	25.97	0.1091	
1264	1	25.93	25.93	0.1651	
1265	1	25.92	25.92	0.1336	
1266	1	25.94	25.94	0.0764	
1267	1	25.91	25.91	0.0819	
1268	1	25.94	25.94	0.1764	
1269	1	25.94	25.94	0.1564	
1270	1	26.03	26.03	0.2491	
1271	1	26.19	26.19	0.2539	
1272	1	26.37	26.37	0.2731	
1273	1	26.45	26.45	0.2675	
1274	1	26.51	26.51	0.2499	
1275	1	26.51	26.51	0.2699	
1276	1	26.56	26.56	0.2464	
1277	1	26.53	26.53	0.2491	
1278	1	26.45	26.45	0.2675	
1279	1	26.43	26.43	0.2651	
1280	1	26.51	26.51	0.2499	
1281	1	26.45	26.45	0.2475	
1282	1	26.52	26.52	0.2496	
1283	1	26.61	26.61	0.2379	
1284	1	26.58	26.58	0.2436	
1285	1	26.58	26.58	0.2836	
1286	1	26.57	26.57	0.3251	
1287	1	26.58	26.58	0.2836	
1288	1	26.65	26.65	0.3075	
1289	1	26.7	26.7	0.33	
1290	1	26.75	26.75	0.2875	
1291	1	26.75	26.75	0.2675	
1292	1	26.83	26.83	0.2211	
1293	1	26.78	26.78	0.1716	
1294	1	26.8	26.8	0.18	
1295	1	26.84	26.84	0.1544	
1296	1	26.89	26.89	0.1579	
1297	1	26.96	26.96	0.1384	
1298	1	27.03	27.03	0.0691	
1299	1	27.03	27.03	0.0291	
1300	1	27.11	27.11	0.0979	
1301	1	27.25	27.25	0.1875	
1302	1	27.33	27.33	0.2211	
1303	1	27.42	27.42	0.2436	
1304	1	27.4	27.4	0.26	
1305	1	27.45	27.45	0.3075	
1306	1	27.5	27.5	0.27	
1307	1	27.42	27.42	0.2436	
1308	1	27.54	27.54	0.2684	
1309	1	27.52	27.52	0.2896	
1310	1	27.55	27.55	0.3875	
1311	1	27.63	27.63	0.4531	
1312	1	27.69	27.69	0.5339	
1313	1	27.66	27.66	0.6044	
1314	1	27.76	27.76	0.5624	
1315	1	27.79	27.79	0.6059	
1316	1	27.85	27.85	0.5075	
1317	1	27.86	27.86	0.7204	
1318	1	27.73	27.73	0.6571	
1319	1	27.44	27.44	0.5264	
1320	1	27.38	27.38	0.4756	
1321	1	27.4	27.4	0.44	
1322	1	27.52	27.52	0.4896	
1323	1	27.65	27.65	0.4475	
1324	1	27.63	27.63	0.3931	
1325	1	27.55	27.55	0.3875	
1326	1	27.42	27.42	0.3036	
1327	1	27.4	27.4	0.26	
1328	1	27.47	27.47	0.2491	
1329	1	27.46	27.46	0.2484	
1330	1	27.52	27.52	0.2496	
1331	1	27.57	27.57	0.2451	
1332	1	27.62	27.62	0.2356	
1333	1	27.51	27.51	0.2499	
1334	1	27.48	27.48	0.2496	
1335	1	27.43	27.43	0.2451	
1336	1	27.43	27.43	0.2451	
1337	1	27.48	27.48	0.2496	
1338	1	27.48	27.48	0.2496	
1339	1	27.48	27.48	0.2696	
1340	1	27.51	27.51	0.2499	
1341	1	27.5	27.5	0.29	
1342	1	27.63	27.63	0.2931	
1343	1	27.5	27.5	0.27	
1344	1	27.48	27.48	0.3096	
1345	1	27.46	27.46	0.4084	
1346	1	27.51	27.51	0.5899	
1347	1	27.48	27.48	0.5496	
1348	1	27.45	27.45	0.5075	
1349	1	27.78	27.78	0.8916	
1350	1	27.87	27.87	1.1331	
1351	1	27.91	27.91	1.0419	
1352	1	27.88	27.88	0.8656	
1353	1	27.92	27.92	1.0336	
1354	1	28.06	28.06	0.9764	
1355	1	27.99	27.99	0.9899	
1356	1	27.92	27.92	0.9736	
1357	1	27.65	27.65	0.8675	
1358	1	27.34	27.34	0.5644	
1359	1	27.31	27.31	0.5139	
1360	1	27.39	27.39	0.6179	
1361	1	27.32	27.32	0.5376	
1362	1	27.65	27.65	1.0875	
1363	1	27.37	27.37	0.6931	
1364	1	27.38	27.38	0.6756	
1365	1	27.51	27.51	0.9099	
1366	1	27.69	27.69	1.0539	
1367	1	27.66	27.66	0.9044	
1368	1	27.82	27.82	0.9476	
1369	1	27.84	27.84	0.9544	
1370	1	27.69	27.69	0.8939	
1371	1	27.74	27.74	0.9124	
1372	1	27.49	27.49	0.7099	
1373	1	27.63	27.63	0.8731	
1374	1	27.23	27.23	0.3571	
1375	1	27.26	27.26	0.4524	
1376	1	27.24	27.24	0.4224	
1377	1	27.32	27.32	0.5376	
1378	1	27.2	27.2	0.36	
1379	1	27.12	27.12	0.2256	
1380	1	27.01	27.01	0.0099	
1381	1	27.01	27.01	0.0099	
1382	1	27.01	27.01	0.0099	
1383	1	27.01	27.01	0.0099	
1384	1	27.04	27.04	0.0384	
1385	1	27.01	27.01	0.0099	
1386	1	27.01	27.01	0.0099	
1387	1	27.02	27.02	0.0196	
1388	1	27.01	27.01	0.0099	
1389	1	27.01	27.01	0.0099	
1390	1	27.01	27.01	0.0099	
1391	1	27.01	27.01	0.0099	
1392	1	27.01	27.01	0.0099	
1393	1	27.01	27.01	0.0099	
1394	1	27.01	27.01	0.0099	
1395	1	27.01	27.01	0.0099	
1396	1	27.04	27.04	0.0384	
1397	1	27.01	27.01	0.0099	
1398	1	27.01	27.01	0.0099	
1399	1	27.03	27.03	0.0491	
1400	1	27.02	27.02	0.0396	
1401	1	27.03	27.03	0.0491	
1402	1	27.05	27.05	0.0875	
1403	1	27.03	27.03	0.0291	
1404	1	27.06	27.06	0.0564	
1405	1	27.05	27.05	0.0475	
1406	1	27.03	27.03	0.0291	
1407	1	27.02	27.02	0.0196	
1408	1	27.01	27.01	0.0099	
1409	1	27.01	27.01	0.0099	
1410	1	27.01	27.01	0.0099	
1411	1	27.03	27.03	0.0291	
1412	1	27.04	27.04	0.0384	
1413	1	27.09	27.09	0.0819	
1414	1	27.12	27.12	0.1056	
1415	1	27.18	27.18	0.1476	
1416	1	27.11	27.11	0.0979	
1417	1	27.11	27.11	0.0979	
1418	1	27.22	27.22	0.1916	
1419	1	27.27	27.27	0.2371	
1420	1	27.2	27.2	0.26	
1421	1	27.07	27.07	0.1051	
1422	1	27.23	27.23	0.3971	
1423	1	27.25	27.25	0.4075	
1424	1	27.34	27.34	0.5644	
1425	1	27.52	27.52	0.7696	
1426	1	27.45	27.45	0.6875	
1427	1	27.48	27.48	0.7296	
1428	1	27.28	27.28	0.4816	
1429	1	27.34	27.34	0.5644	
1430	1	27.22	27.22	0.3916	
1431	1	27.32	27.32	0.5376	
1432	1	27.37	27.37	0.5931	
1433	1	27.27	27.27	0.4971	
1434	1	27.6	27.6	0.9	
1435	1	27.37	27.37	0.5931	
1436	1	27.31	27.31	0.5139	
1437	1	27.29	27.29	0.4459	
1438	1	27.57	27.57	0.7851	
1439	1	27.65	27.65	0.8275	
1440	1	27.82	27.82	0.9476	
1441	1	27.96	27.96	0.9384	
1442	1	28.16	28.16	1.1744	
1443	1	28.27	28.27	0.9571	
1444	1	28.19	28.19	0.8739	
1445	1	28.2	28.2	0.62	
1446	1	28.25	28.25	0.7675	
1447	1	28.33	28.33	0.7811	
1448	1	28.41	28.41	1.0419	
1449	1	28.49	28.49	1.0099	
1450	1	28.68	28.68	0.9776	
1451	1	28.76	28.76	0.8024	
1452	1	28.81	28.81	0.8539	
1453	1	28.71	28.71	0.7259	
1454	1	28.82	28.82	0.7276	
1455	1	29.05	29.05	0.7675	
1456	1	29.09	29.09	0.7419	
1457	1	29.32	29.32	0.6776	
1458	1	29.45	29.45	0.6275	
1459	1	29.74	29.74	0.3524	
1460	1	29.78	29.78	0.3516	
1461	1	29.75	29.75	0.3875	
1462	1	29.83	29.83	0.4811	
1463	1	29.74	29.74	0.4324	
1464	1	29.5	29.5	0.63	
1465	1	29.37	29.37	0.7731	
1466	1	29.54	29.54	0.5284	
1467	1	29.72	29.72	0.4816	
1468	1	29.77	29.77	0.6171	
1469	1	29.93	29.93	0.6251	
1470	1	29.82	29.82	0.7276	
1471	1	29.74	29.74	0.7924	
1472	1	29.78	29.78	0.8916	
1473	1	29.84	29.84	0.9344	
1474	1	29.58	29.58	1.0636	
1475	1	29.87	29.87	1.2331	
1476	1	29.75	29.75	1.1275	
1477	1	29.7	29.7	1.13	
1478	1	30.13	30.13	0.8931	
1479	1	29.8	29.8	1.58	
1480	1	29.94	29.94	1.5364	
1481	1	30.37	30.37	1.1531	
1482	1	30.35	30.35	1.1275	
1483	1	30.41	30.41	1.3419	
1484	1	30.6	30.6	1.5	
1485	1	30.89	30.89	1.3979	
1486	1	30.7	30.7	1.13	
1487	1	30.42	30.42	0.9036	
1488	1	30.5	30.5	1.03	
1489	1	30.53	30.53	0.8291	
1490	1	30.68	30.68	0.8976	
1491	1	30.77	30.77	0.9371	
1492	1	30.8	30.8	0.92	
1493	1	30.82	30.82	0.9676	
1494	1	31.1	31.1	0.99	
1495	1	31.4	31.4	0.84	
1496	1	31.42	31.42	0.8236	
1497	1	31.44	31.44	0.8064	
1498	1	31.32	31.32	0.8976	
1499	1	31.4	31.4	0.84	
1500	1	31.36	31.36	0.8704	
1501	1	31.42	31.42	0.8236	
1502	1	31.36	31.36	0.8704	
1503	1	31.44	31.44	0.8064	
1504	1	31.37	31.37	0.8931	
1505	1	31.26	31.26	0.9324	
1506	1	31.42	31.42	0.8236	
1507	1	31.51	31.51	0.7699	
1508	1	31.44	31.44	0.8664	
1509	1	31.42	31.42	0.8236	
1510	1	30.84	30.84	0.9544	
1511	1	31.05	31.05	0.9475	
1512	1	31.18	31.18	0.9476	
1513	1	31.14	31.14	1.0404	
1514	1	31.2	31.2	1.3	
1515	1	31.29	31.29	1.4059	
1516	1	31.41	31.41	1.2619	
1517	1	31.47	31.47	1.2291	
1518	1	31.62	31.62	1.3556	
1519	1	31.96	31.96	1.1784	
1520	1	32.03	32.03	0.9491	
1521	1	32.35	32.35	0.6275	
1522	1	32.4	32.4	0.56	
1523	1	32.51	32.51	0.4699	
1524	1	32.56	32.56	0.3264	
1525	1	32.52	32.52	0.2896	
1526	1	32.53	32.53	0.2891	
1527	1	32.41	32.41	0.2619	
1528	1	32.54	32.54	0.2484	
1529	1	32.49	32.49	0.2499	
1530	1	32.57	32.57	0.2451	
1531	1	32.67	32.67	0.3411	
1532	1	32.61	32.61	0.4179	
1533	1	32.64	32.64	0.4104	
1534	1	32.64	32.64	0.3504	
1535	1	32.66	32.66	0.2244	
1536	1	32.55	32.55	0.2475	
1537	1	32.53	32.53	0.2491	
1538	1	32.52	32.52	0.2496	
1539	1	32.63	32.63	0.2531	
1540	1	32.73	32.73	0.2171	
1541	1	32.67	32.67	0.2211	
1542	1	32.66	32.66	0.2644	
1543	1	32.61	32.61	0.2979	
1544	1	32.8	32.8	0.24	
1545	1	32.94	32.94	0.1564	
1546	1	32.91	32.91	0.1019	
1547	1	32.7	32.7	0.21	
1548	1	32.78	32.78	0.1716	
1549	1	32.78	32.78	0.1716	
1550	1	32.69	32.69	0.2139	
1551	1	32.76	32.76	0.1824	
1552	1	32.84	32.84	0.1344	
1553	1	32.86	32.86	0.1204	
1554	1	32.86	32.86	0.1204	
1555	1	32.87	32.87	0.1131	
1556	1	32.87	32.87	0.1131	
1557	1	32.88	32.88	0.1056	
1558	1	32.96	32.96	0.0584	
1559	1	32.94	32.94	0.0564	
1560	1	33	33	0.02	
1561	1	33	33	0.04	
1562	1	33	33	0.04	
1563	1	33.02	33.02	0.0396	
1564	1	33.04	33.04	0.0384	
1565	1	33.01	33.01	0.0099	
1566	1	33.02	33.02	0.0196	
1567	1	33.05	33.05	0.0475	
1568	1	33.07	33.07	0.0651	
1569	1	33.22	33.22	0.1716	
1570	1	33.23	33.23	0.1771	
1571	1	33.31	33.31	0.2139	
1572	1	33.38	33.38	0.2556	
1573	1	33.41	33.41	0.2419	
1574	1	33.32	33.32	0.2176	
1575	1	33.33	33.33	0.2211	
1576	1	33.31	33.31	0.2139	
1577	1	33.26	33.26	0.1924	
1578	1	33.26	33.26	0.1924	
1579	1	33.28	33.28	0.2016	
1580	1	33.4	33.4	0.24	
1581	1	33.26	33.26	0.1924	
1582	1	33.16	33.16	0.1344	
1583	1	33.24	33.24	0.1824	
1584	1	33.38	33.38	0.2356	
1585	1	33.42	33.42	0.2436	
1586	1	33.38	33.38	0.2356	
1587	1	33.59	33.59	0.3219	
1588	1	33.65	33.65	0.2675	
1589	1	33.7	33.7	0.21	
1590	1	33.8	33.8	0.16	
1591	1	33.89	33.89	0.0979	
1592	1	33.86	33.86	0.1204	
1593	1	33.91	33.91	0.2019	
1594	1	33.87	33.87	0.1731	
1595	1	33.91	33.91	0.1019	
1596	1	33.9	33.9	0.11	
1597	1	33.83	33.83	0.2011	
1598	1	33.74	33.74	0.2724	
1599	1	33.7	33.7	0.35	
1600	1	33.61	33.61	0.4179	
1601	1	33.64	33.64	0.4304	
1602	1	33.76	33.76	0.3424	
1603	1	33.81	33.81	0.3939	
1604	1	33.64	33.64	0.4104	
1605	1	33.54	33.54	0.3284	
1606	1	33.67	33.67	0.4611	
1607	1	33.68	33.68	0.4576	
1608	1	33.59	33.59	0.4419	
1609	1	33.5	33.5	0.59	
1610	1	33.29	33.29	0.4259	
1611	1	33.17	33.17	0.2811	
1612	1	33.22	33.22	0.3516	
1613	1	33.41	33.41	0.5619	
1614	1	33.39	33.39	0.5579	
1615	1	33.38	33.38	0.5756	
1616	1	33.42	33.42	0.6236	
1617	1	33.4	33.4	0.56	
1618	1	33.32	33.32	0.4976	
1619	1	33.66	33.66	0.7444	
1620	1	33.56	33.56	0.6664	
1621	1	33.67	33.67	0.7611	
1622	1	33.44	33.44	0.5664	
1623	1	33.42	33.42	0.5836	
1624	1	33.35	33.35	0.4275	
1625	1	33.49	33.49	0.6499	
1626	1	33.32	33.32	0.5176	
1627	1	33.31	33.31	0.4739	
1628	1	33.37	33.37	0.5931	
1629	1	33.44	33.44	0.6264	
1630	1	33.63	33.63	0.8131	
1631	1	33.71	33.71	0.9859	
1632	1	33.78	33.78	1.0316	
1633	1	33.91	33.91	1.0619	
1634	1	33.81	33.81	0.9339	
1635	1	33.65	33.65	0.8675	
1636	1	33.58	33.58	0.8236	
1637	1	33.7	33.7	0.87	
1638	1	33.72	33.72	0.8616	
1639	1	33.93	33.93	0.9251	
1640	1	34.04	34.04	1.0584	
1641	1	34.33	34.33	1.3811	
1642	1	34.45	34.45	1.6875	
1643	1	34.51	34.51	1.8699	
1644	1	34.87	34.87	2.4731	
1645	1	34.96	34.96	2.2984	
1646	1	34.98	34.98	2.8396	
1647	1	35.02	35.02	3.1596	
1648	1	35.44	35.44	2.7664	
1649	1	35.62	35.62	2.1756	
1650	1	35.43	35.43	2.8051	
1651	1	35.31	35.31	2.7339	
1652	1	35.49	35.49	2.9699	
1653	1	35.93	35.93	2.5851	
1654	1	35.88	35.88	2.7856	
1655	1	36.19	36.19	2.0539	
1656	1	36.36	36.36	1.6904	
1657	1	36.36	36.36	1.6504	
1658	1	36.35	36.35	1.6675	
1659	1	36.31	36.31	1.9339	
1660	1	36.61	36.61	1.7779	
1661	1	36.47	36.47	1.9491	
1662	1	36.64	36.64	1.3104	
1663	1	36.82	36.82	1.2276	
1664	1	36.85	36.85	1.0275	
1665	1	36.82	36.82	1.2276	
1666	1	36.87	36.87	0.8131	
1667	1	37.17	37.17	0.3811	
1668	1	37.21	37.21	0.4059	
1669	1	37.23	37.23	0.3171	
1670	1	37.16	37.16	0.2544	
1671	1	37.15	37.15	0.1275	
1672	1	37.13	37.13	0.1131	
1673	1	37.14	37.14	0.1204	
1674	1	37.14	37.14	0.1204	
1675	1	37.09	37.09	0.0819	
1676	1	37.11	37.11	0.0979	
1677	1	37.13	37.13	0.1131	
1678	1	37.14	37.14	0.1204	
1679	1	37.12	37.12	0.1056	
1680	1	37.14	37.14	0.1204	
1681	1	37.04	37.04	0.0384	
1682	1	37.02	37.02	0.0196	
1683	1	37.02	37.02	0.0196	
1684	1	37.01	37.01	0.0099	
1685	1	37.01	37.01	0.0099	
1686	1	37.04	37.04	0.0384	
1687	1	37.03	37.03	0.0291	
1688	1	37.13	37.13	0.1131	
1689	1	37.2	37.2	0.16	
1690	1	37.16	37.16	0.1344	
1691	1	37.15	37.15	0.1275	
1692	1	37.08	37.08	0.0736	
1693	1	37.1	37.1	0.09	
1694	1	37.01	37.01	0.0099	
1695	1	37.01	37.01	0.0099	
1696	1	37.05	37.05	0.0475	
1697	1	37.07	37.07	0.0651	
1698	1	37.07	37.07	0.0651	
1699	1	37.12	37.12	0.1056	
1700	1	37.04	37.04	0.0384	
1701	1	37.01	37.01	0.0099	
1702	1	37.03	37.03	0.0291	
1703	1	37.02	37.02	0.0196	
1704	1	37.02	37.02	0.0196	
1705	1	37.04	37.04	0.0384	
1706	1	37.01	37.01	0.0099	
1707	1	37.01	37.01	0.0099	
1708	1	37.05	37.05	0.0475	
1709	1	37.04	37.04	0.0384	
1710	1	37.02	37.02	0.0196	
1711	1	37.1	37.1	0.09	
1712	1	37.17	37.17	0.1411	
1713	1	37.22	37.22	0.1716	
1714	1	37.26	37.26	0.1924	
1715	1	37.36	37.36	0.2304	
1716	1	37.38	37.38	0.2356	
1717	1	37.23	37.23	0.1771	
1718	1	37.25	37.25	0.1875	
1719	1	37.2	37.2	0.16	
1720	1	37.13	37.13	0.1131	
1721	1	37.1	37.1	0.09	
1722	1	37.14	37.14	0.1204	
1723	1	37.15	37.15	0.1475	
1724	1	37.04	37.04	0.0584	
1725	1	37.08	37.08	0.0736	
1726	1	37.07	37.07	0.0651	
1727	1	37.09	37.09	0.0819	
1728	1	37.08	37.08	0.0736	
1729	1	37.01	37.01	0.0099	
1730	1	37.05	37.05	0.0475	
1731	1	37.02	37.02	0.0196	
1732	1	37.13	37.13	0.1331	
1733	1	37.07	37.07	0.0651	
1734	1	37.23	37.23	0.1771	
1735	1	37.3	37.3	0.23	
1736	1	37.27	37.27	0.2371	
1737	1	37.33	37.33	0.2611	
1738	1	37.32	37.32	0.2976	
1739	1	37.38	37.38	0.3756	
1740	1	37.42	37.42	0.4036	
1741	1	37.37	37.37	0.3531	
1742	1	37.29	37.29	0.3459	
1743	1	37.51	37.51	0.5899	
1744	1	37.59	37.59	0.6619	
1745	1	37.53	37.53	0.6291	
1746	1	37.52	37.52	0.7096	
1747	1	37.37	37.37	0.5131	
1748	1	37.6	37.6	0.68	
1749	1	37.52	37.52	0.6296	
1750	1	37.56	37.56	0.7064	
1751	1	37.62	37.62	0.7756	
1752	1	37.72	37.72	0.8016	
1753	1	37.64	37.64	0.7304	
1754	1	37.59	37.59	0.7419	
1755	1	37.77	37.77	0.8571	
1756	1	37.94	37.94	0.8964	
1757	1	37.87	37.87	0.8931	
1758	1	37.86	37.86	0.9004	
1759	1	38.03	38.03	0.9491	
1760	1	38.07	38.07	0.9851	
1761	1	38.37	38.37	0.8731	
1762	1	38.48	38.48	0.6296	
1763	1	38.45	38.45	0.7075	
1764	1	38.43	38.43	0.7251	
1765	1	38.41	38.41	0.7019	
1766	1	38.39	38.39	0.6179	
1767	1	38.39	38.39	0.5379	
1768	1	38.29	38.29	0.6659	
1769	1	38.19	38.19	0.7139	
1770	1	38.09	38.09	0.6819	
1771	1	37.92	37.92	0.8136	
1772	1	37.86	37.86	0.6804	
1773	1	37.93	37.93	0.6251	
1774	1	38.09	38.09	0.4819	
1775	1	38.14	38.14	0.4404	
1776	1	38.21	38.21	0.5459	
1777	1	38.41	38.41	0.5619	
1778	1	38.46	38.46	0.5284	
1779	1	38.33	38.33	0.5011	
1780	1	38.48	38.48	0.5496	
1781	1	38.46	38.46	0.3684	
1782	1	38.46	38.46	0.3284	
1783	1	38.52	38.52	0.3896	
1784	1	38.55	38.55	0.3275	
1785	1	38.59	38.59	0.2819	
1786	1	38.69	38.69	0.2339	
1787	1	38.69	38.69	0.2139	
1788	1	38.71	38.71	0.2059	
1789	1	38.64	38.64	0.2304	
1790	1	38.52	38.52	0.2896	
1791	1	38.47	38.47	0.2891	
1792	1	38.43	38.43	0.3451	
1793	1	38.56	38.56	0.3464	
1794	1	38.72	38.72	0.5016	
1795	1	38.82	38.82	0.4276	
1796	1	38.96	38.96	0.4184	
1797	1	38.9	38.9	0.31	
1798	1	38.82	38.82	0.3476	
1799	1	38.89	38.89	0.4379	
1800	1	39.01	39.01	0.5099	
1801	1	39	39	0.44	
1802	1	39.03	39.03	0.3491	
1803	1	39.08	39.08	0.4536	
1804	1	38.91	38.91	0.4419	
1805	1	39.02	39.02	0.5596	
1806	1	38.98	38.98	0.4396	
1807	1	38.92	38.92	0.3536	
1808	1	39.06	39.06	0.2764	
1809	1	39.03	39.03	0.2691	
1810	1	39.06	39.06	0.3564	
1811	1	39.15	39.15	0.3075	
1812	1	39.02	39.02	0.2996	
1813	1	39.05	39.05	0.2475	
1814	1	39.08	39.08	0.1336	
1815	1	39.1	39.1	0.13	
1816	1	39.05	39.05	0.0475	
1817	1	39.08	39.08	0.0736	
1818	1	39.01	39.01	0.0099	
1819	1	39.04	39.04	0.0384	
1820	1	39.01	39.01	0.0099	
1821	1	39.01	39.01	0.0099	
1822	1	39.01	39.01	0.0099	
1823	1	39.01	39.01	0.0099	
1824	1	39.01	39.01	0.0099	
1825	1	39.01	39.01	0.0099	
1826	1	39.01	39.01	0.0099	
1827	1	39.05	39.05	0.0475	
1828	1	39.15	39.15	0.1275	
1829	1	39.11	39.11	0.0979	
1830	1	39.09	39.09	0.0819	
1831	1	39.08	39.08	0.0736	
1832	1	39.1	39.1	0.09	
1833	1	39.14	39.14	0.1204	
1834	1	39.29	39.29	0.2059	
1835	1	39.21	39.21	0.1659	
1836	1	39.16	39.16	0.1344	
1837	1	39.15	39.15	0.1275	
1838	1	39.19	39.19	0.1539	
1839	1	39.23	39.23	0.1771	
1840	1	39.25	39.25	0.1875	
1841	1	39.29	39.29	0.2259	
1842	1	39.41	39.41	0.2419	
1843	1	39.33	39.33	0.2211	
1844	1	39.4	39.4	0.26	
1845	1	39.37	39.37	0.2331	
1846	1	39.28	39.28	0.2016	
1847	1	39.35	39.35	0.2275	
1848	1	39.38	39.38	0.2356	
1849	1	39.4	39.4	0.26	
1850	1	39.38	39.38	0.2356	
1851	1	39.63	39.63	0.2531	
1852	1	39.73	39.73	0.1971	
1853	1	39.77	39.77	0.1971	
1854	1	39.73	39.73	0.2371	
1855	1	39.76	39.76	0.2024	
1856	1	39.82	39.82	0.1676	
1857	1	39.91	39.91	0.0819	
1858	1	39.98	39.98	0.0196	
1859	1	39.97	39.97	0.0691	
1860	1	39.94	39.94	0.0964	
1861	1	39.97	39.97	0.0491	
1862	1	39.94	39.94	0.0564	
1863	1	39.98	39.98	0.0396	
1864	1	39.98	39.98	0.0396	
1865	1	40.05	40.05	0.0675	
1866	1	40.06	40.06	0.0764	
1867	1	40.04	40.04	0.0384	
1868	1	40.07	40.07	0.0651	
1869	1	40.04	40.04	0.0384	
1870	1	40.07	40.07	0.0651	
1871	1	40.1	40.1	0.09	
1872	1	40.1	40.1	0.09	
1873	1	40.13	40.13	0.1131	
1874	1	40.15	40.15	0.1275	
1875	1	40.23	40.23	0.1971	
1876	1	40.16	40.16	0.1344	
1877	1	40.09	40.09	0.0819	
1878	1	40.28	40.28	0.2016	
1879	1	40.42	40.42	0.2636	
1880	1	40.32	40.32	0.2176	
1881	1	40.4	40.4	0.24	
1882	1	40.45	40.45	0.2475	
1883	1	40.37	40.37	0.2331	
1884	1	40.43	40.43	0.2451	
1885	1	40.44	40.44	0.2464	
1886	1	40.52	40.52	0.2496	
1887	1	40.62	40.62	0.2356	
1888	1	40.54	40.54	0.2484	
1889	1	40.61	40.61	0.2579	
1890	1	40.59	40.59	0.3419	
1891	1	40.67	40.67	0.4211	
1892	1	40.73	40.73	0.3371	
1893	1	40.66	40.66	0.3844	
1894	1	40.79	40.79	0.4859	
1895	1	40.84	40.84	0.3944	
1896	1	40.96	40.96	0.3384	
1897	1	41.06	41.06	0.3564	
1898	1	41.08	41.08	0.3536	
1899	1	41.04	41.04	0.2984	
1900	1	40.97	40.97	0.3891	
1901	1	41.08	41.08	0.4736	
1902	1	41.25	41.25	0.3875	
1903	1	41.06	41.06	0.5564	
1904	1	40.95	40.95	0.4475	
1905	1	40.96	40.96	0.4784	
1906	1	40.93	40.93	0.5251	
1907	1	40.88	40.88	0.4856	
1908	1	40.84	40.84	0.4744	
1909	1	40.89	40.89	0.4979	
1910	1	40.78	40.78	0.4916	
1911	1	40.8	40.8	0.48	
1912	1	40.97	40.97	0.4491	
1913	1	40.74	40.74	0.4324	
1914	1	40.78	40.78	0.6116	
1915	1	41.01	41.01	0.6899	
1916	1	41.15	41.15	0.6475	
1917	1	40.93	40.93	0.7051	
1918	1	41.34	41.34	0.7044	
1919	1	41.21	41.21	0.7259	
1920	1	41.14	41.14	0.8004	
1921	1	41.37	41.37	0.8131	
1922	1	41.35	41.35	0.7875	
1923	1	41.23	41.23	0.8971	
1924	1	41.12	41.12	0.8656	
1925	1	40.96	40.96	0.8784	
1926	1	40.98	40.98	0.8396	
1927	1	41.16	41.16	0.8344	
1928	1	41.07	41.07	0.8451	
1929	1	40.94	40.94	0.7764	
1930	1	41.02	41.02	0.7796	
1931	1	41.18	41.18	0.7876	
1932	1	41.45	41.45	0.6675	
1933	1	41.28	41.28	0.6816	
1934	1	41.42	41.42	0.6236	
1935	1	41.57	41.57	0.4651	
1936	1	41.55	41.55	0.4875	
1937	1	41.56	41.56	0.3864	
1938	1	41.36	41.36	0.6104	
1939	1	41.36	41.36	0.5504	
1940	1	41.26	41.26	0.7324	
1941	1	41.45	41.45	0.6875	
1942	1	41.16	41.16	0.8944	
1943	1	41.09	41.09	0.9419	
1944	1	41.38	41.38	0.7756	
1945	1	41.51	41.51	0.6099	
1946	1	41.42	41.42	0.8236	
1947	1	41.42	41.42	0.7636	
1948	1	41.38	41.38	0.7356	
1949	1	41.04	41.04	0.7184	
1950	1	41.15	41.15	0.5075	
1951	1	41.32	41.32	0.4776	
1952	1	41.31	41.31	0.4139	
1953	1	41.38	41.38	0.3556	
1954	1	41.29	41.29	0.3059	
1955	1	41.41	41.41	0.3219	
1956	1	41.42	41.42	0.3236	
1957	1	41.25	41.25	0.4875	
1958	1	41.35	41.35	0.5875	
1959	1	41.42	41.42	0.4836	
1960	1	41.54	41.54	0.3084	
1961	1	41.61	41.61	0.2579	
1962	1	41.52	41.52	0.2496	
1963	1	41.4	41.4	0.24	
1964	1	41.3	41.3	0.21	
1965	1	41.44	41.44	0.3264	
1966	1	41.49	41.49	0.3699	
1967	1	41.63	41.63	0.3531	
1968	1	41.67	41.67	0.4611	
1969	1	41.56	41.56	0.4464	
1970	1	41.64	41.64	0.4704	
1971	1	41.54	41.54	0.3484	
1972	1	41.77	41.77	0.4171	
1973	1	42.06	42.06	0.3764	
1974	1	41.91	41.91	0.3619	
1975	1	41.78	41.78	0.3116	
1976	1	41.9	41.9	0.33	
1977	1	42	42	0.22	
1978	1	42.1	42.1	0.23	
1979	1	42.18	42.18	0.1676	
1980	1	42.23	42.23	0.1971	
1981	1	42.21	42.21	0.1859	
1982	1	42.31	42.31	0.2339	
1983	1	42.22	42.22	0.1916	
1984	1	42.34	42.34	0.2244	
1985	1	42.47	42.47	0.2491	
1986	1	42.51	42.51	0.2499	
1987	1	42.73	42.73	0.1971	
1988	1	42.69	42.69	0.2139	
1989	1	42.66	42.66	0.2244	
1990	1	42.79	42.79	0.3659	
1991	1	42.8	42.8	0.4	
1992	1	42.68	42.68	0.4376	
1993	1	42.76	42.76	0.5824	
1994	1	42.74	42.74	0.3924	
1995	1	42.82	42.82	0.4876	
1996	1	42.9	42.9	0.51	
1997	1	42.83	42.83	0.3611	
1998	1	42.95	42.95	0.3275	
1999	1	42.96	42.96	0.3184	
2000	1	42.99	42.99	0.3099	
