# mu = 0.001, s = -0.001, trials requested = 1, runtime = 0:00:08
# "Time"	"Actual trials"	"Mean mutation"	"Average mean mutation"	"Average mutation variance"
0	1	0	0	0	
1	1	0.01	0.01	0.0099	
2	1	0.01	0.01	0.0099	
3	1	0.01	0.01	0.0099	
4	1	0.01	0.01	0.0099	
5	1	0.01	0.01	0.0099	
6	1	0.01	0.01	0.0099	
7	1	0.01	0.01	0.0099	
8	1	0.01	0.01	0.0099	
9	1	0.01	0.01	0.0099	
10	1	0.01	0.01	0.0099	
11	1	0.01	0.01	0.0099	
12	1	0.01	0.01	0.0099	
13	1	0.07	0.07	0.0651	
14	1	0.13	0.13	0.1131	
15	1	0.2	0.2	0.16	
16	1	0.21	0.21	0.1659	
17	1	0.26	0.26	0.1924	
18	1	0.2	0.2	0.16	
19	1	0.14	0.14	0.1404	
20	1	0.06	0.06	0.0564	
21	1	0.13	0.13	0.1131	
22	1	0.16	0.16	0.1344	
23	1	0.39	0.39	0.2379	
24	1	0.45	0.45	0.2875	
25	1	0.59	0.59	0.2419	
26	1	0.63	0.63	0.2331	
27	1	0.6	0.6	0.24	
28	1	0.51	0.51	0.2499	
29	1	0.56	0.56	0.2464	
30	1	0.54	0.54	0.2484	
31	1	0.56	0.56	0.2464	
32	1	0.63	0.63	0.2331	
33	1	0.66	0.66	0.2444	
34	1	0.54	0.54	0.2684	
35	1	0.47	0.47	0.2691	
36	1	0.52	0.52	0.2696	
37	1	0.55	0.55	0.2675	
38	1	0.53	0.53	0.2891	
39	1	0.5	0.5	0.25	
40	1	0.51	0.51	0.2699	
41	1	0.56	0.56	0.2664	
42	1	0.66	0.66	0.2244	
43	1	0.74	0.74	0.2524	
44	1	0.75	0.75	0.1875	
45	1	0.67	0.67	0.2411	
46	1	0.75	0.75	0.1875	
47	1	0.78	0.78	0.2116	
48	1	0.78	0.78	0.2116	
49	1	0.51	0.51	0.2499	
50	1	0.67	0.67	0.2211	
51	1	0.58	0.58	0.3036	
52	1	0.64	0.64	0.2304	
53	1	0.55	0.55	0.2875	
54	1	0.73	0.73	0.4571	
55	1	0.55	0.55	0.5675	
56	1	0.41	0.41	0.5019	
57	1	0.69	0.69	0.6339	
58	1	0.64	0.64	0.6504	
59	1	0.79	0.79	0.6659	
60	1	0.85	0.85	0.6275	
61	1	0.81	0.81	0.9339	
62	1	0.68	0.68	0.6376	
63	1	0.94	0.94	1.1364	
64	1	1.43	1.43	1.5051	
65	1	1.53	1.53	1.5091	
66	1	1.42	1.42	1.7036	
67	1	1.25	1.25	1.4075	
68	1	1.26	1.26	1.3324	
69	1	1.05	1.05	0.8275	
70	1	0.98	0.98	0.6596	
71	1	0.98	0.98	0.5596	
72	1	0.89	0.89	0.7779	
73	1	1.06	1.06	0.8364	
74	1	1.11	1.11	0.6979	
75	1	1.11	1.11	0.8579	
76	1	1.17	1.17	0.6611	
77	1	1.33	1.33	0.6011	
78	1	1.22	1.22	0.5516	
79	1	0.95	0.95	0.5675	
80	1	1.02	1.02	0.5396	
81	1	1.13	1.13	0.6131	
82	1	1.08	1.08	0.5336	
83	1	1.03	1.03	0.5291	
84	1	1.02	1.02	0.5996	
85	1	1	1	0.62	
86	1	0.83	0.83	0.5211	
87	1	0.95	0.95	0.5275	
88	1	1.2	1.2	0.52	
89	1	1.17	1.17	0.6011	
90	1	1.06	1.06	0.4164	
91	1	1.24	1.24	0.4224	
92	1	1.11	1.11	0.4179	
93	1	1.25	1.25	0.3275	
94	1	0.97	0.97	0.5291	
95	1	1.07	1.07	0.5251	
96	1	1.11	1.11	0.3779	
97	1	1.24	1.24	0.3024	
98	1	1.27	1.27	0.2771	
99	1	1.24	1.24	0.4024	
100	1	1.33	1.33	0.3811	
101	1	1.29	1.29	0.5059	
102	1	1.53	1.53	0.4691	
103	1	1.45	1.45	0.4875	
104	1	1.44	1.44	0.4064	
105	1	1.47	1.47	0.3891	
106	1	1.39	1.39	0.3979	
107	1	1.47	1.47	0.3891	
108	1	1.65	1.65	0.2275	
109	1	1.47	1.47	0.2491	
110	1	1.68	1.68	0.2576	
111	1	1.64	1.64	0.2304	
112	1	1.71	1.71	0.2259	
113	1	1.65	1.65	0.2275	
114	1	1.61	1.61	0.2379	
115	1	1.64	1.64	0.2304	
116	1	1.78	1.78	0.1716	
117	1	1.82	1.82	0.1876	
118	1	1.85	1.85	0.2675	
119	1	1.92	1.92	0.2936	
120	1	1.93	1.93	0.3651	
121	1	1.84	1.84	0.2544	
122	1	1.79	1.79	0.2059	
123	1	1.88	1.88	0.2256	
124	1	1.97	1.97	0.0691	
125	1	1.94	1.94	0.0764	
126	1	2.03	2.03	0.0491	
127	1	2.04	2.04	0.0384	
128	1	2.01	2.01	0.0099	
129	1	2.02	2.02	0.0196	
130	1	2	2	0	
131	1	2.01	2.01	0.0099	
132	1	2.03	2.03	0.0291	
133	1	2.12	2.12	0.1456	
134	1	2.06	2.06	0.0564	
135	1	2.18	2.18	0.1476	
136	1	2.14	2.14	0.1204	
137	1	2.14	2.14	0.1204	
138	1	2.2	2.2	0.16	
139	1	2.24	2.24	0.1824	
140	1	2.25	2.25	0.2075	
141	1	2.2	2.2	0.18	
142	1	2.26	2.26	0.2324	
143	1	2.57	2.57	0.7451	
144	1	2.85	2.85	1.2275	
145	1	2.73	2.73	1.0371	
146	1	2.68	2.68	0.8176	
147	1	2.98	2.98	1.2796	
148	1	2.76	2.76	0.8424	
149	1	2.74	2.74	1.0524	
150	1	2.62	2.62	0.7356	
151	1	2.48	2.48	0.5896	
152	1	2.6	2.6	0.7	
153	1	2.91	2.91	0.9619	
154	1	2.82	2.82	0.7876	
155	1	2.82	2.82	0.8476	
156	1	2.61	2.61	0.6179	
157	1	2.69	2.69	0.7339	
158	1	2.69	2.69	0.5539	
159	1	2.74	2.74	0.5324	
160	1	2.76	2.76	0.6424	
161	1	2.54	2.54	0.3484	
162	1	2.43	2.43	0.3451	
163	1	2.41	2.41	0.2619	
164	1	2.36	2.36	0.2304	
165	1	2.5	2.5	0.25	
166	1	2.52	2.52	0.2496	
167	1	2.47	2.47	0.2491	
168	1	2.43	2.43	0.2451	
169	1	2.37	2.37	0.2731	
170	1	2.45	2.45	0.2475	
171	1	2.5	2.5	0.25	
172	1	2.53	2.53	0.2491	
173	1	2.59	2.59	0.2419	
174	1	2.64	2.64	0.2304	
175	1	2.66	2.66	0.2244	
176	1	2.63	2.63	0.2531	
177	1	2.57	2.57	0.2651	
178	1	2.57	2.57	0.2651	
179	1	2.45	2.45	0.2675	
180	1	2.38	2.38	0.2556	
181	1	2.41	2.41	0.2419	
182	1	2.47	2.47	0.2491	
183	1	2.62	2.62	0.2756	
184	1	2.64	2.64	0.2904	
185	1	2.47	2.47	0.2491	
186	1	2.44	2.44	0.2464	
187	1	2.42	2.42	0.2436	
188	1	2.37	2.37	0.2331	
189	1	2.27	2.27	0.1971	
190	1	2.23	2.23	0.1771	
191	1	2.29	2.29	0.2059	
192	1	2.35	2.35	0.2475	
193	1	2.49	2.49	0.4499	
194	1	2.4	2.4	0.28	
195	1	2.54	2.54	0.2884	
196	1	2.51	2.51	0.4099	
197	1	2.51	2.51	0.2499	
198	1	2.4	2.4	0.24	
199	1	2.4	2.4	0.24	
200	1	2.35	2.35	0.2275	
201	1	2.31	2.31	0.2739	
202	1	2.35	2.35	0.2875	
203	1	2.47	2.47	0.2691	
204	1	2.53	2.53	0.2491	
205	1	2.56	2.56	0.2464	
206	1	2.62	2.62	0.2556	
207	1	2.69	2.69	0.2739	
208	1	2.8	2.8	0.28	
209	1	2.83	2.83	0.3211	
210	1	2.86	2.86	0.3204	
211	1	2.78	2.78	0.3116	
212	1	2.7	2.7	0.25	
213	1	2.64	2.64	0.3104	
214	1	2.62	2.62	0.3956	
215	1	2.6	2.6	0.3	
216	1	2.71	2.71	0.3459	
217	1	2.8	2.8	0.5	
218	1	2.81	2.81	0.5139	
219	1	2.96	2.96	0.3984	
220	1	2.85	2.85	0.3675	
221	1	2.88	2.88	0.4256	
222	1	2.86	2.86	0.3604	
223	1	2.88	2.88	0.2456	
224	1	2.78	2.78	0.2116	
225	1	2.74	2.74	0.2324	
226	1	2.74	2.74	0.3124	
227	1	2.72	2.72	0.4616	
228	1	2.74	2.74	0.4324	
229	1	2.61	2.61	0.3179	
230	1	2.78	2.78	0.2516	
231	1	2.71	2.71	0.2859	
232	1	2.69	2.69	0.2739	
233	1	2.71	2.71	0.2859	
234	1	2.71	2.71	0.2859	
235	1	2.56	2.56	0.2864	
236	1	2.46	2.46	0.2684	
237	1	2.51	2.51	0.2499	
238	1	2.54	2.54	0.2484	
239	1	2.57	2.57	0.2451	
240	1	2.59	2.59	0.2819	
241	1	2.71	2.71	0.3259	
242	1	2.62	2.62	0.3556	
243	1	2.68	2.68	0.3576	
244	1	2.7	2.7	0.37	
245	1	2.78	2.78	0.2116	
246	1	2.87	2.87	0.1731	
247	1	2.79	2.79	0.1859	
248	1	2.91	2.91	0.1619	
249	1	2.93	2.93	0.3051	
250	1	2.85	2.85	0.2475	
251	1	2.89	2.89	0.1579	
252	1	2.99	2.99	0.1099	
253	1	3.08	3.08	0.0736	
254	1	3.09	3.09	0.0819	
255	1	3.07	3.07	0.0651	
256	1	3.02	3.02	0.0196	
257	1	3.03	3.03	0.0291	
258	1	3.06	3.06	0.0564	
259	1	3.09	3.09	0.0819	
260	1	3.1	3.1	0.09	
261	1	3.17	3.17	0.1611	
262	1	3.23	3.23	0.1971	
263	1	3.25	3.25	0.1875	
264	1	3.26	3.26	0.1924	
265	1	3.31	3.31	0.2139	
266	1	3.32	3.32	0.2176	
267	1	3.42	3.42	0.3036	
268	1	3.45	3.45	0.3075	
269	1	3.3	3.3	0.27	
270	1	3.31	3.31	0.2539	
271	1	3.17	3.17	0.1411	
272	1	3.12	3.12	0.1056	
273	1	3.16	3.16	0.1344	
274	1	3.24	3.24	0.1824	
275	1	3.41	3.41	0.3019	
276	1	3.36	3.36	0.2504	
277	1	3.27	3.27	0.2371	
278	1	3.39	3.39	0.3779	
279	1	3.51	3.51	0.4299	
280	1	3.55	3.55	0.5675	
281	1	3.44	3.44	0.5664	
282	1	3.53	3.53	0.6491	
283	1	3.35	3.35	0.5675	
284	1	3.32	3.32	0.5176	
285	1	3.39	3.39	0.5979	
286	1	3.32	3.32	0.5376	
287	1	3.39	3.39	0.5979	
288	1	3.26	3.26	0.3724	
289	1	3.2	3.2	0.22	
290	1	3.3	3.3	0.27	
291	1	3.36	3.36	0.3504	
292	1	3.37	3.37	0.4131	
293	1	3.27	3.27	0.2971	
294	1	3.28	3.28	0.3416	
295	1	3.29	3.29	0.3659	
296	1	3.17	3.17	0.2811	
297	1	3.22	3.22	0.2916	
298	1	3.43	3.43	0.6651	
299	1	3.69	3.69	1.1739	
300	1	4.05	4.05	1.8675	
301	1	4.32	4.32	2.1576	
302	1	4.34	4.34	2.1444	
303	1	4.67	4.67	2.3211	
304	1	5.02	5.02	1.8996	
305	1	5.38	5.38	1.4756	
306	1	5.06	5.06	2.0564	
307	1	5.35	5.35	1.7075	
308	1	5.38	5.38	1.8156	
309	1	5.16	5.16	2.4544	
310	1	5.55	5.55	2.6075	
311	1	4.91	4.91	3.2019	
312	1	5.16	5.16	3.1744	
313	1	5.45	5.45	2.8875	
314	1	5.48	5.48	2.8696	
315	1	5.97	5.97	2.1291	
316	1	6.2	6.2	2.16	
317	1	6.19	6.19	2.5139	
318	1	6.28	6.28	2.0816	
319	1	6.08	6.08	3.1936	
320	1	6.21	6.21	3.4859	
321	1	6.47	6.47	2.9491	
322	1	6.48	6.48	2.4496	
323	1	6.56	6.56	2.6064	
324	1	6.32	6.32	2.8576	
325	1	6.25	6.25	2.9675	
326	1	5.63	5.63	4.0331	
327	1	4.76	4.76	4.1024	
328	1	4.97	4.97	4.2891	
329	1	5.32	5.32	4.1376	
330	1	4.73	4.73	4.0171	
331	1	4.77	4.77	3.8771	
332	1	4.83	4.83	4.0411	
333	1	5.08	5.08	4.0736	
334	1	4.93	4.93	4.1651	
335	1	5.06	5.06	3.9364	
336	1	4.98	4.98	3.9596	
337	1	4.75	4.75	3.8675	
338	1	4.86	4.86	3.8604	
339	1	4.82	4.82	3.6876	
340	1	4.95	4.95	3.7875	
341	1	5.23	5.23	3.8571	
342	1	4.76	4.76	3.9424	
343	1	5.02	5.02	4.0196	
344	1	4.69	4.69	3.8739	
345	1	4.7	4.7	3.85	
346	1	4.87	4.87	3.8531	
347	1	4.82	4.82	3.8676	
348	1	4.59	4.59	3.8219	
349	1	4.81	4.81	3.9739	
350	1	4.77	4.77	3.6771	
351	1	5.21	5.21	3.8059	
352	1	4.54	4.54	3.4884	
353	1	3.88	3.88	2.5056	
354	1	4.33	4.33	3.4011	
355	1	3.9	3.9	2.73	
356	1	4.28	4.28	3.3616	
357	1	4.89	4.89	3.9579	
358	1	5.11	5.11	3.9779	
359	1	5.2	5.2	4	
360	1	5.41	5.41	4.1219	
361	1	5.17	5.17	3.9411	
362	1	5.17	5.17	4.0611	
363	1	5.16	5.16	4.0944	
364	1	5.46	5.46	4.0884	
365	1	5.06	5.06	4.0964	
366	1	5.42	5.42	3.9236	
367	1	5.56	5.56	3.6864	
368	1	5.69	5.69	3.4939	
369	1	5.89	5.89	3.0979	
370	1	5.97	5.97	2.9491	
371	1	6.15	6.15	2.6075	
372	1	6.53	6.53	1.5491	
373	1	6.76	6.76	0.8824	
374	1	6.89	6.89	0.5179	
375	1	6.85	6.85	0.6275	
376	1	6.86	6.86	1.4204	
377	1	7.07	7.07	1.4051	
378	1	7.07	7.07	1.8651	
379	1	7.03	7.03	2.0491	
380	1	6.71	6.71	2.4859	
381	1	6.82	6.82	2.4476	
382	1	7.07	7.07	3.3051	
383	1	7	7	3.42	
384	1	6.66	6.66	3.3844	
385	1	6.1	6.1	3.97	
386	1	6.17	6.17	3.5811	
387	1	5.87	5.87	3.0931	
388	1	5.72	5.72	2.7016	
389	1	6.21	6.21	3.0459	
390	1	5.76	5.76	2.5824	
391	1	5.75	5.75	2.3875	
392	1	5.48	5.48	2.2296	
393	1	5.5	5.5	2.25	
394	1	5.95	5.95	2.0475	
395	1	6.1	6.1	1.89	
396	1	5.93	5.93	2.1051	
397	1	6.15	6.15	1.9075	
398	1	6.51	6.51	1.5499	
399	1	6.78	6.78	0.8116	
400	1	6.87	6.87	0.4531	
401	1	6.65	6.65	1.0875	
402	1	6.22	6.22	1.8516	
403	1	5.96	5.96	2.4384	
404	1	5.81	5.81	2.7939	
405	1	6.03	6.03	2.4091	
406	1	5.93	5.93	2.7051	
407	1	6.14	6.14	2.4804	
408	1	6.12	6.12	2.3056	
409	1	5.9	5.9	2.37	
410	1	5.67	5.67	2.4211	
411	1	5.38	5.38	2.3556	
412	1	5.35	5.35	2.2875	
413	1	5.48	5.48	2.2296	
414	1	5.2	5.2	2.16	
415	1	5.21	5.21	2.1459	
416	1	5.77	5.77	2.2971	
417	1	6.14	6.14	1.9404	
418	1	6.32	6.32	1.7376	
419	1	6.61	6.61	1.2579	
420	1	6.74	6.74	0.7524	
421	1	6.56	6.56	1.2864	
422	1	6.45	6.45	1.5475	
423	1	6.28	6.28	1.7616	
424	1	6.21	6.21	1.8259	
425	1	5.58	5.58	2.2036	
426	1	5.72	5.72	2.1816	
427	1	5.85	5.85	2.0875	
428	1	5.61	5.61	2.1379	
429	1	5.27	5.27	2.0571	
430	1	4.76	4.76	1.6424	
431	1	4.63	4.63	1.4331	
432	1	4.82	4.82	1.7076	
433	1	4.52	4.52	1.0296	
434	1	4.28	4.28	0.5016	
435	1	4.34	4.34	0.5844	
436	1	4.54	4.54	1.0884	
437	1	4.45	4.45	1.0275	
438	1	4.59	4.59	1.2019	
439	1	5.06	5.06	1.9164	
440	1	5.06	5.06	1.8564	
441	1	5.13	5.13	1.8931	
442	1	5.28	5.28	1.9816	
443	1	5.06	5.06	1.9164	
444	1	5.27	5.27	2.0571	
445	1	5.21	5.21	1.9659	
446	1	5.44	5.44	2.1864	
447	1	5.23	5.23	2.1771	
448	1	5.08	5.08	2.0736	
449	1	4.88	4.88	1.9056	
450	1	4.76	4.76	1.6824	
451	1	4.95	4.95	2.0275	
452	1	4.98	4.98	1.9996	
453	1	4.84	4.84	1.9344	
454	1	4.89	4.89	1.9579	
455	1	4.54	4.54	1.2084	
456	1	4.7	4.7	1.53	
457	1	4.91	4.91	1.9419	
458	1	4.72	4.72	1.7016	
459	1	5.14	5.14	2.4804	
460	1	5.16	5.16	2.4544	
461	1	4.76	4.76	1.6824	
462	1	4.75	4.75	1.6275	
463	1	4.59	4.59	1.3219	
464	1	4.69	4.69	1.4739	
465	1	4.76	4.76	1.5024	
466	1	5.05	5.05	1.6275	
467	1	5.13	5.13	1.6731	
468	1	4.9	4.9	1.45	
469	1	4.88	4.88	1.3656	
470	1	4.56	4.56	0.9264	
471	1	4.5	4.5	0.83	
472	1	4.54	4.54	0.7884	
473	1	4.4	4.4	0.32	
474	1	4.38	4.38	0.3756	
475	1	4.37	4.37	0.2931	
476	1	4.38	4.38	0.3356	
477	1	4.3	4.3	0.33	
478	1	4.28	4.28	0.3616	
479	1	4.3	4.3	0.37	
480	1	4.35	4.35	0.4675	
481	1	4.14	4.14	0.2204	
482	1	4.06	4.06	0.0964	
483	1	4.16	4.16	0.2744	
484	1	4.09	4.09	0.1419	
485	1	4.03	4.03	0.0291	
486	1	4.02	4.02	0.0196	
487	1	4.02	4.02	0.0196	
488	1	4.01	4.01	0.0099	
489	1	4.01	4.01	0.0099	
490	1	4.02	4.02	0.0196	
491	1	4.01	4.01	0.0099	
492	1	4.01	4.01	0.0099	
493	1	4.01	4.01	0.0099	
494	1	4.01	4.01	0.0099	
495	1	4.01	4.01	0.0099	
496	1	4.01	4.01	0.0099	
497	1	4.01	4.01	0.0099	
498	1	4.02	4.02	0.0196	
499	1	4.01	4.01	0.0099	
500	1	4.02	4.02	0.0196	
501	1	4.02	4.02	0.0196	
502	1	4.01	4.01	0.0099	
503	1	4.01	4.01	0.0099	
504	1	4.01	4.01	0.0099	
505	1	4.01	4.01	0.0099	
506	1	4.01	4.01	0.0099	
507	1	4.01	4.01	0.0099	
508	1	4.03	4.03	0.0291	
509	1	4.06	4.06	0.0564	
510	1	4.05	4.05	0.0475	
511	1	4.03	4.03	0.0291	
512	1	4.01	4.01	0.0099	
513	1	4.01	4.01	0.0099	
514	1	4.01	4.01	0.0099	
515	1	4.02	4.02	0.0196	
516	1	4.01	4.01	0.0099	
517	1	4.01	4.01	0.0099	
518	1	4.01	4.01	0.0099	
519	1	4.02	4.02	0.0196	
520	1	4.05	4.05	0.0475	
521	1	4.12	4.12	0.1056	
522	1	4.07	4.07	0.0651	
523	1	4.09	4.09	0.0819	
524	1	4.08	4.08	0.0736	
525	1	4.03	4.03	0.0291	
526	1	4.05	4.05	0.0475	
527	1	4.05	4.05	0.0475	
528	1	4.07	4.07	0.0651	
529	1	4.02	4.02	0.0196	
530	1	4.09	4.09	0.1219	
531	1	4.09	4.09	0.1419	
532	1	4.14	4.14	0.2204	
533	1	4.13	4.13	0.1331	
534	1	4.12	4.12	0.1656	
535	1	4.16	4.16	0.2344	
536	1	4.15	4.15	0.1875	
537	1	4.27	4.27	0.3371	
538	1	4.24	4.24	0.2624	
539	1	4.35	4.35	0.4275	
540	1	4.43	4.43	0.4451	
541	1	4.34	4.34	0.3244	
542	1	4.29	4.29	0.2259	
543	1	4.24	4.24	0.2224	
544	1	4.43	4.43	0.3651	
545	1	4.23	4.23	0.2171	
546	1	4.23	4.23	0.1771	
547	1	4.24	4.24	0.1824	
548	1	4.28	4.28	0.2016	
549	1	4.41	4.41	0.2619	
550	1	4.36	4.36	0.2504	
551	1	4.42	4.42	0.3436	
552	1	4.29	4.29	0.2059	
553	1	4.32	4.32	0.2176	
554	1	4.34	4.34	0.2244	
555	1	4.25	4.25	0.2075	
556	1	4.26	4.26	0.2324	
557	1	4.21	4.21	0.2259	
558	1	4.22	4.22	0.2516	
559	1	4.37	4.37	0.4531	
560	1	4.21	4.21	0.2659	
561	1	4.22	4.22	0.2516	
562	1	4.08	4.08	0.0736	
563	1	4.08	4.08	0.0736	
564	1	4.09	4.09	0.0819	
565	1	4.1	4.1	0.09	
566	1	4.06	4.06	0.0564	
567	1	4.02	4.02	0.0196	
568	1	4.06	4.06	0.0564	
569	1	4.08	4.08	0.0736	
570	1	4.07	4.07	0.0651	
571	1	4.07	4.07	0.0651	
572	1	4.02	4.02	0.0196	
573	1	4.04	4.04	0.0384	
574	1	4.03	4.03	0.0291	
575	1	4.02	4.02	0.0196	
576	1	4.03	4.03	0.0291	
577	1	4.06	4.06	0.0564	
578	1	4.07	4.07	0.0851	
579	1	4.04	4.04	0.0384	
580	1	4.04	4.04	0.0384	
581	1	4.04	4.04	0.0384	
582	1	4.01	4.01	0.0099	
583	1	4.09	4.09	0.0819	
584	1	4.03	4.03	0.0291	
585	1	4.06	4.06	0.0564	
586	1	4.04	4.04	0.0384	
587	1	4.06	4.06	0.0564	
588	1	4.1	4.1	0.09	
589	1	4.09	4.09	0.0819	
590	1	4.15	4.15	0.1275	
591	1	4.18	4.18	0.1476	
592	1	4.13	4.13	0.1131	
593	1	4.08	4.08	0.0736	
594	1	4.03	4.03	0.0291	
595	1	4.03	4.03	0.0291	
596	1	4.09	4.09	0.0819	
597	1	4.16	4.16	0.1344	
598	1	4.17	4.17	0.2011	
599	1	4.09	4.09	0.0819	
600	1	4.09	4.09	0.0819	
601	1	4.06	4.06	0.0564	
602	1	4.03	4.03	0.0291	
603	1	4.03	4.03	0.0291	
604	1	4.09	4.09	0.0819	
605	1	4.03	4.03	0.0291	
606	1	4.06	4.06	0.0564	
607	1	4.15	4.15	0.1475	
608	1	4.11	4.11	0.1379	
609	1	4.25	4.25	0.2875	
610	1	4.34	4.34	0.3044	
611	1	4.37	4.37	0.3131	
612	1	4.32	4.32	0.2776	
613	1	4.45	4.45	0.2475	
614	1	4.42	4.42	0.3036	
615	1	4.38	4.38	0.2956	
616	1	4.24	4.24	0.2224	
617	1	4.24	4.24	0.1824	
618	1	4.33	4.33	0.2411	
619	1	4.49	4.49	0.4099	
620	1	4.46	4.46	0.4684	
621	1	4.44	4.44	0.5064	
622	1	4.37	4.37	0.5131	
623	1	4.35	4.35	0.4675	
624	1	4.14	4.14	0.2004	
625	1	4.2	4.2	0.3	
626	1	4.23	4.23	0.2571	
627	1	4.22	4.22	0.2116	
628	1	4.26	4.26	0.2324	
629	1	4.17	4.17	0.1411	
630	1	4.22	4.22	0.1716	
631	1	4.18	4.18	0.1476	
632	1	4.09	4.09	0.0819	
633	1	4.14	4.14	0.1204	
634	1	4.15	4.15	0.1275	
635	1	4.24	4.24	0.1824	
636	1	4.2	4.2	0.16	
637	1	4.32	4.32	0.2176	
638	1	4.25	4.25	0.1875	
639	1	4.19	4.19	0.1539	
640	1	4.15	4.15	0.1275	
641	1	4.13	4.13	0.1131	
642	1	4.05	4.05	0.0475	
643	1	4.05	4.05	0.0475	
644	1	4.03	4.03	0.0291	
645	1	4.03	4.03	0.0291	
646	1	4.03	4.03	0.0291	
647	1	4.02	4.02	0.0196	
648	1	4.11	4.11	0.0979	
649	1	4.13	4.13	0.1131	
650	1	4.08	4.08	0.0736	
651	1	4.08	4.08	0.0736	
652	1	4.22	4.22	0.3316	
653	1	4.24	4.24	0.3424	
654	1	4.19	4.19	0.2139	
655	1	4.26	4.26	0.2324	
656	1	4.36	4.36	0.2904	
657	1	4.41	4.41	0.3619	
658	1	4.44	4.44	0.3464	
659	1	4.69	4.69	0.4739	
660	1	4.95	4.95	0.4475	
661	1	4.9	4.9	0.37	
662	1	4.74	4.74	0.4324	
663	1	4.67	4.67	0.4011	
664	1	4.85	4.85	0.3675	
665	1	4.88	4.88	0.3056	
666	1	5.03	5.03	0.4891	
667	1	5.12	5.12	0.5656	
668	1	5.08	5.08	0.4936	
669	1	5.14	5.14	0.3804	
670	1	5.15	5.15	0.3675	
671	1	4.98	4.98	0.3796	
672	1	4.76	4.76	0.4624	
673	1	4.65	4.65	0.4075	
674	1	4.54	4.54	0.3284	
675	1	4.51	4.51	0.3699	
676	1	4.45	4.45	0.3275	
677	1	4.28	4.28	0.2416	
678	1	4.31	4.31	0.2339	
679	1	4.48	4.48	0.2496	
680	1	4.46	4.46	0.2484	
681	1	4.57	4.57	0.2451	
682	1	4.68	4.68	0.2176	
683	1	4.77	4.77	0.1771	
684	1	4.88	4.88	0.1056	
685	1	4.91	4.91	0.0819	
686	1	4.92	4.92	0.0736	
687	1	4.97	4.97	0.0491	
688	1	4.94	4.94	0.1164	
689	1	4.98	4.98	0.0596	
690	1	4.96	4.96	0.0384	
691	1	4.97	4.97	0.0291	
692	1	4.95	4.95	0.0475	
693	1	4.99	4.99	0.0099	
694	1	5	5	0.04	
695	1	4.97	4.97	0.0891	
696	1	4.98	4.98	0.0596	
697	1	4.99	4.99	0.1099	
698	1	4.92	4.92	0.1936	
699	1	4.85	4.85	0.2875	
700	1	4.79	4.79	0.3659	
701	1	4.88	4.88	0.5656	
702	1	4.74	4.74	0.5724	
703	1	4.72	4.72	0.5416	
704	1	4.76	4.76	0.4224	
705	1	4.73	4.73	0.3371	
706	1	4.77	4.77	0.2771	
707	1	4.85	4.85	0.1875	
708	1	4.9	4.9	0.31	
709	1	4.72	4.72	0.2616	
710	1	4.72	4.72	0.2816	
711	1	4.68	4.68	0.3776	
712	1	4.89	4.89	0.7579	
713	1	4.87	4.87	0.6131	
714	1	4.78	4.78	0.6316	
715	1	4.74	4.74	0.6924	
716	1	4.79	4.79	0.4859	
717	1	4.67	4.67	0.3411	
718	1	4.61	4.61	0.2379	
719	1	4.63	4.63	0.2331	
720	1	4.63	4.63	0.2331	
721	1	4.52	4.52	0.2696	
722	1	4.58	4.58	0.2436	
723	1	4.55	4.55	0.2875	
724	1	4.51	4.51	0.2499	
725	1	4.68	4.68	0.2176	
726	1	4.69	4.69	0.2139	
727	1	4.69	4.69	0.2139	
728	1	4.74	4.74	0.1924	
729	1	4.64	4.64	0.2504	
730	1	4.65	4.65	0.2275	
731	1	4.66	4.66	0.2244	
732	1	4.75	4.75	0.2675	
733	1	4.77	4.77	0.2571	
734	1	4.76	4.76	0.2824	
735	1	4.66	4.66	0.2844	
736	1	4.73	4.73	0.2971	
737	1	4.8	4.8	0.36	
738	1	4.87	4.87	0.2531	
739	1	4.65	4.65	0.2675	
740	1	4.69	4.69	0.3739	
741	1	4.61	4.61	0.3979	
742	1	4.56	4.56	0.2864	
743	1	4.56	4.56	0.3664	
744	1	4.51	4.51	0.3899	
745	1	4.43	4.43	0.3651	
746	1	4.42	4.42	0.4436	
747	1	4.31	4.31	0.3139	
748	1	4.42	4.42	0.4036	
749	1	4.45	4.45	0.3875	
750	1	4.42	4.42	0.3836	
751	1	4.6	4.6	0.46	
752	1	4.8	4.8	0.5	
753	1	4.94	4.94	0.5564	
754	1	4.94	4.94	0.3964	
755	1	5.07	5.07	0.5051	
756	1	5.3	5.3	0.39	
757	1	5.38	5.38	0.4556	
758	1	5.52	5.52	0.3496	
759	1	5.71	5.71	0.3259	
760	1	5.6	5.6	0.46	
761	1	5.51	5.51	0.6099	
762	1	5.05	5.05	0.9675	
763	1	5.01	5.01	0.9299	
764	1	4.91	4.91	0.8819	
765	1	4.92	4.92	0.9336	
766	1	4.93	4.93	0.9851	
767	1	5.1	5.1	0.97	
768	1	4.78	4.78	1.0116	
769	1	4.95	4.95	1.0475	
770	1	4.92	4.92	1.0336	
771	1	4.83	4.83	0.9411	
772	1	4.75	4.75	0.8475	
773	1	4.61	4.61	0.7779	
774	1	4.61	4.61	0.8179	
775	1	4.5	4.5	0.69	
776	1	4.66	4.66	0.8844	
777	1	4.64	4.64	0.8704	
778	1	4.54	4.54	0.7884	
779	1	4.53	4.53	0.7691	
780	1	4.71	4.71	1.0059	
781	1	4.98	4.98	1.3596	
782	1	4.92	4.92	1.1136	
783	1	4.57	4.57	0.8451	
784	1	4.32	4.32	0.5976	
785	1	4.49	4.49	0.8299	
786	1	4.54	4.54	0.8484	
787	1	4.54	4.54	0.7884	
788	1	4.63	4.63	0.8131	
789	1	4.75	4.75	0.9475	
790	1	4.83	4.83	0.8611	
791	1	4.92	4.92	0.9336	
792	1	4.78	4.78	0.8916	
793	1	4.53	4.53	0.6891	
794	1	4.41	4.41	0.5419	
795	1	4.4	4.4	0.52	
796	1	4.41	4.41	0.4619	
797	1	4.35	4.35	0.4675	
798	1	4.17	4.17	0.2611	
799	1	4.18	4.18	0.2876	
800	1	4.05	4.05	0.0875	
801	1	4.01	4.01	0.0099	
802	1	4.01	4.01	0.0099	
803	1	4.07	4.07	0.0651	
804	1	4.08	4.08	0.0736	
805	1	4.02	4.02	0.0196	
806	1	4.02	4.02	0.0196	
807	1	4.04	4.04	0.0384	
808	1	4.05	4.05	0.0475	
809	1	4.13	4.13	0.1131	
810	1	4.12	4.12	0.1056	
811	1	4.14	4.14	0.1204	
812	1	4.11	4.11	0.0979	
813	1	4.09	4.09	0.0819	
814	1	4.06	4.06	0.0564	
815	1	4.02	4.02	0.0196	
816	1	4.01	4.01	0.0099	
817	1	4.01	4.01	0.0099	
818	1	4.06	4.06	0.0564	
819	1	4.06	4.06	0.0564	
820	1	4.13	4.13	0.1131	
821	1	4.22	4.22	0.1716	
822	1	4.3	4.3	0.21	
823	1	4.32	4.32	0.2176	
824	1	4.5	4.5	0.33	
825	1	4.47	4.47	0.3491	
826	1	4.71	4.71	0.4859	
827	1	4.54	4.54	0.6684	
828	1	4.48	4.48	0.6896	
829	1	4.77	4.77	1.0971	
830	1	5.04	5.04	1.1584	
831	1	5.14	5.14	1.1604	
832	1	5.16	5.16	1.1944	
833	1	5.25	5.25	1.3475	
834	1	5.4	5.4	1.04	
835	1	5.5	5.5	1.15	
836	1	5.5	5.5	1.01	
837	1	5.42	5.42	0.8036	
838	1	5.33	5.33	0.6011	
839	1	5.2	5.2	0.52	
840	1	5.25	5.25	0.5475	
841	1	5.27	5.27	0.3771	
842	1	5.37	5.37	0.4931	
843	1	5.34	5.34	0.4644	
844	1	5.3	5.3	0.33	
845	1	5.33	5.33	0.3411	
846	1	5.53	5.53	0.3691	
847	1	5.58	5.58	0.4636	
848	1	5.65	5.65	0.5675	
849	1	5.69	5.69	0.4139	
850	1	5.7	5.7	0.27	
851	1	5.72	5.72	0.2216	
852	1	5.63	5.63	0.4531	
853	1	5.4	5.4	0.26	
854	1	5.61	5.61	0.4179	
855	1	5.76	5.76	0.3824	
856	1	5.7	5.7	0.35	
857	1	5.81	5.81	0.2739	
858	1	5.75	5.75	0.2675	
859	1	5.86	5.86	0.4004	
860	1	5.87	5.87	0.4731	
861	1	5.97	5.97	0.5691	
862	1	6.05	6.05	0.7475	
863	1	6.07	6.07	0.7251	
864	1	6.11	6.11	0.6979	
865	1	6.11	6.11	0.5579	
866	1	5.99	5.99	0.6299	
867	1	6.14	6.14	0.5604	
868	1	6.11	6.11	0.5379	
869	1	6.09	6.09	0.4619	
870	1	6	6	0.6	
871	1	6.18	6.18	0.6876	
872	1	6.49	6.49	0.5899	
873	1	6.53	6.53	0.5291	
874	1	6.31	6.31	0.4539	
875	1	6.41	6.41	0.3819	
876	1	6.52	6.52	0.3496	
877	1	6.53	6.53	0.3491	
878	1	6.61	6.61	0.3579	
879	1	6.84	6.84	0.3744	
880	1	6.73	6.73	0.3971	
881	1	6.63	6.63	0.4531	
882	1	6.59	6.59	0.4819	
883	1	6.55	6.55	0.3875	
884	1	6.5	6.5	0.41	
885	1	6.39	6.39	0.3779	
886	1	6.49	6.49	0.4899	
887	1	6.54	6.54	0.5284	
888	1	6.51	6.51	0.5099	
889	1	6.61	6.61	0.5179	
890	1	6.65	6.65	0.5475	
891	1	6.57	6.57	0.5651	
892	1	6.6	6.6	0.64	
893	1	6.76	6.76	0.7224	
894	1	6.89	6.89	0.8179	
895	1	6.77	6.77	0.7171	
896	1	7.11	7.11	0.8779	
897	1	7.07	7.07	0.9651	
898	1	6.99	6.99	0.9899	
899	1	7.11	7.11	1.0179	
900	1	7.02	7.02	0.9996	
901	1	7.01	7.01	0.9899	
902	1	7.13	7.13	0.9731	
903	1	7.22	7.22	0.9516	
904	1	7.35	7.35	0.8675	
905	1	7.42	7.42	0.8036	
906	1	7.12	7.12	0.9456	
907	1	7.41	7.41	0.8619	
908	1	7.3	7.3	0.89	
909	1	7.21	7.21	0.9259	
910	1	7.36	7.36	0.8504	
911	1	7.14	7.14	0.9404	
912	1	7.01	7.01	0.9299	
913	1	6.92	6.92	0.9536	
914	1	6.76	6.76	0.9024	
915	1	6.64	6.64	0.8704	
916	1	6.7	6.7	0.89	
917	1	6.72	6.72	0.9016	
918	1	6.54	6.54	0.7484	
919	1	6.75	6.75	0.9275	
920	1	6.5	6.5	0.79	
921	1	6.47	6.47	0.6691	
922	1	6.65	6.65	0.8075	
923	1	6.46	6.46	0.6684	
924	1	6.53	6.53	0.8091	
925	1	6.67	6.67	0.7411	
926	1	6.59	6.59	0.6819	
927	1	6.67	6.67	0.8211	
928	1	6.88	6.88	0.9256	
929	1	6.82	6.82	0.9276	
930	1	6.87	6.87	0.9331	
931	1	6.88	6.88	0.9256	
932	1	6.88	6.88	0.9256	
933	1	6.89	6.89	0.8979	
934	1	6.87	6.87	1.0131	
935	1	6.82	6.82	0.9676	
936	1	6.72	6.72	0.9216	
937	1	6.8	6.8	1.02	
938	1	6.76	6.76	1.0624	
939	1	6.95	6.95	1.5075	
940	1	6.67	6.67	1.2211	
941	1	6.72	6.72	1.2816	
942	1	6.25	6.25	0.5075	
943	1	6.24	6.24	0.5024	
944	1	6.29	6.29	0.5859	
945	1	6.27	6.27	0.5171	
946	1	6.56	6.56	0.9664	
947	1	6.64	6.64	1.0104	
948	1	6.88	6.88	1.0656	
949	1	6.82	6.82	0.9676	
950	1	7.02	7.02	1.0596	
951	1	6.8	6.8	1.02	
952	1	6.67	6.67	1.0011	
953	1	6.39	6.39	0.7179	
954	1	6.42	6.42	0.6236	
955	1	6.26	6.26	0.3924	
956	1	6.32	6.32	0.5176	
957	1	6.31	6.31	0.4939	
958	1	6.4	6.4	0.58	
959	1	6.37	6.37	0.5731	
960	1	6.5	6.5	0.71	
961	1	6.68	6.68	0.8976	
962	1	6.73	6.73	0.8571	
963	1	6.79	6.79	0.8059	
964	1	6.98	6.98	0.9596	
965	1	6.73	6.73	0.7571	
966	1	6.74	6.74	0.6724	
967	1	6.8	6.8	0.52	
968	1	6.71	6.71	0.4459	
969	1	6.51	6.51	0.2499	
970	1	6.49	6.49	0.2499	
971	1	6.43	6.43	0.2451	
972	1	6.46	6.46	0.2484	
973	1	6.4	6.4	0.26	
974	1	6.6	6.6	0.26	
975	1	6.57	6.57	0.3851	
976	1	6.55	6.55	0.4275	
977	1	6.39	6.39	0.3579	
978	1	6.39	6.39	0.3779	
979	1	6.34	6.34	0.3444	
980	1	6.39	6.39	0.3779	
981	1	6.45	6.45	0.5075	
982	1	6.41	6.41	0.4219	
983	1	6.27	6.27	0.3571	
984	1	6.3	6.3	0.49	
985	1	6.27	6.27	0.4571	
986	1	6.27	6.27	0.4171	
987	1	6.39	6.39	0.5979	
988	1	6.41	6.41	0.6419	
989	1	6.35	6.35	0.5275	
990	1	6.29	6.29	0.4259	
991	1	6.44	6.44	0.6464	
992	1	6.52	6.52	0.6696	
993	1	6.52	6.52	0.6296	
994	1	6.79	6.79	0.7459	
995	1	7	7	0.82	
996	1	7.01	7.01	0.7299	
997	1	7	7	0.82	
998	1	7	7	0.84	
999	1	7.31	7.31	0.7139	
1000	1	7.42	7.42	0.6836	
1001	1	7.52	7.52	0.6296	
1002	1	7.65	7.65	0.4675	
1003	1	7.74	7.74	0.4124	
1004	1	7.66	7.66	0.4244	
1005	1	7.82	7.82	0.2276	
1006	1	7.81	7.81	0.2939	
1007	1	7.89	7.89	0.2379	
1008	1	8.06	8.06	0.1364	
1009	1	8.04	8.04	0.1384	
1010	1	8.09	8.09	0.1019	
1011	1	8.05	8.05	0.0675	
1012	1	8.08	8.08	0.1136	
1013	1	8.11	8.11	0.1779	
1014	1	8.19	8.19	0.2539	
1015	1	8.07	8.07	0.1851	
1016	1	8.03	8.03	0.1291	
1017	1	7.96	7.96	0.0784	
1018	1	8.01	8.01	0.0499	
1019	1	8.03	8.03	0.0491	
1020	1	8.03	8.03	0.0291	
1021	1	8.02	8.02	0.0196	
1022	1	8.01	8.01	0.0099	
1023	1	8.01	8.01	0.0099	
1024	1	8.01	8.01	0.0099	
1025	1	8.01	8.01	0.0099	
1026	1	8.04	8.04	0.0384	
1027	1	8.06	8.06	0.0564	
1028	1	8.06	8.06	0.0564	
1029	1	8.05	8.05	0.0475	
1030	1	8.04	8.04	0.0384	
1031	1	8.09	8.09	0.0819	
1032	1	8.15	8.15	0.1275	
1033	1	8.11	8.11	0.0979	
1034	1	8.13	8.13	0.1131	
1035	1	8.15	8.15	0.1275	
1036	1	8.21	8.21	0.1659	
1037	1	8.27	8.27	0.1971	
1038	1	8.3	8.3	0.21	
1039	1	8.28	8.28	0.2016	
1040	1	8.26	8.26	0.1924	
1041	1	8.39	8.39	0.2379	
1042	1	8.23	8.23	0.1771	
1043	1	8.15	8.15	0.1275	
1044	1	8.14	8.14	0.1204	
1045	1	8.11	8.11	0.0979	
1046	1	8.11	8.11	0.0979	
1047	1	8.07	8.07	0.0651	
1048	1	8.14	8.14	0.1204	
1049	1	8.19	8.19	0.1539	
1050	1	8.28	8.28	0.2016	
1051	1	8.39	8.39	0.2379	
1052	1	8.45	8.45	0.2475	
1053	1	8.46	8.46	0.2484	
1054	1	8.5	8.5	0.25	
1055	1	8.52	8.52	0.2696	
1056	1	8.59	8.59	0.2819	
1057	1	8.46	8.46	0.2684	
1058	1	8.57	8.57	0.2651	
1059	1	8.74	8.74	0.3124	
1060	1	8.56	8.56	0.4464	
1061	1	8.51	8.51	0.3499	
1062	1	8.49	8.49	0.2899	
1063	1	8.51	8.51	0.4299	
1064	1	8.63	8.63	0.5731	
1065	1	8.61	8.61	0.5979	
1066	1	8.32	8.32	0.3776	
1067	1	8.31	8.31	0.3539	
1068	1	8.26	8.26	0.2924	
1069	1	8.37	8.37	0.3531	
1070	1	8.26	8.26	0.1924	
1071	1	8.42	8.42	0.2836	
1072	1	8.53	8.53	0.3291	
1073	1	8.65	8.65	0.3275	
1074	1	8.8	8.8	0.34	
1075	1	8.7	8.7	0.31	
1076	1	8.58	8.58	0.4236	
1077	1	8.5	8.5	0.37	
1078	1	8.48	8.48	0.3896	
1079	1	8.38	8.38	0.3156	
1080	1	8.34	8.34	0.3044	
1081	1	8.22	8.22	0.2316	
1082	1	8.1	8.1	0.11	
1083	1	8.08	8.08	0.0736	
1084	1	8.04	8.04	0.0384	
1085	1	8.01	8.01	0.0099	
1086	1	8.01	8.01	0.0099	
1087	1	8.01	8.01	0.0099	
1088	1	8.01	8.01	0.0099	
1089	1	8.01	8.01	0.0099	
1090	1	8.01	8.01	0.0099	
1091	1	8.03	8.03	0.0291	
1092	1	8.01	8.01	0.0099	
1093	1	8.02	8.02	0.0196	
1094	1	8.09	8.09	0.0819	
1095	1	8.09	8.09	0.1019	
1096	1	8.07	8.07	0.0651	
1097	1	8.08	8.08	0.0736	
1098	1	8.12	8.12	0.1056	
1099	1	8.12	8.12	0.1056	
1100	1	8.07	8.07	0.0651	
1101	1	8.04	8.04	0.0384	
1102	1	8.05	8.05	0.0475	
1103	1	8.08	8.08	0.0736	
1104	1	8.07	8.07	0.0651	
1105	1	8.02	8.02	0.0196	
1106	1	8.08	8.08	0.0736	
1107	1	8.04	8.04	0.0384	
1108	1	8.01	8.01	0.0099	
1109	1	8.01	8.01	0.0099	
1110	1	8.03	8.03	0.0291	
1111	1	8.07	8.07	0.0651	
1112	1	8.16	8.16	0.1344	
1113	1	8.19	8.19	0.2739	
1114	1	8.19	8.19	0.3139	
1115	1	8.18	8.18	0.2876	
1116	1	8.14	8.14	0.1204	
1117	1	8.13	8.13	0.1131	
1118	1	8.13	8.13	0.1131	
1119	1	8.05	8.05	0.0475	
1120	1	8.06	8.06	0.0564	
1121	1	8.11	8.11	0.0979	
1122	1	8.2	8.2	0.16	
1123	1	8.13	8.13	0.1131	
1124	1	8.09	8.09	0.0819	
1125	1	8.11	8.11	0.0979	
1126	1	8.1	8.1	0.09	
1127	1	8.1	8.1	0.09	
1128	1	8.13	8.13	0.1131	
1129	1	8.09	8.09	0.0819	
1130	1	8.09	8.09	0.0819	
1131	1	8.04	8.04	0.0384	
1132	1	8.05	8.05	0.0475	
1133	1	8.03	8.03	0.0291	
1134	1	8.11	8.11	0.0979	
1135	1	8.09	8.09	0.1019	
1136	1	8.07	8.07	0.0651	
1137	1	8.07	8.07	0.0651	
1138	1	8.1	8.1	0.09	
1139	1	8.09	8.09	0.0819	
1140	1	8.1	8.1	0.09	
1141	1	8.1	8.1	0.09	
1142	1	8.07	8.07	0.0651	
1143	1	8.1	8.1	0.09	
1144	1	8.09	8.09	0.0819	
1145	1	8.06	8.06	0.0564	
1146	1	8.05	8.05	0.0475	
1147	1	8.07	8.07	0.0651	
1148	1	8.06	8.06	0.0564	
1149	1	8.16	8.16	0.1344	
1150	1	8.17	8.17	0.1411	
1151	1	8.17	8.17	0.1411	
1152	1	8.12	8.12	0.1056	
1153	1	8.12	8.12	0.1056	
1154	1	8.1	8.1	0.09	
1155	1	8.09	8.09	0.0819	
1156	1	8.1	8.1	0.09	
1157	1	8.12	8.12	0.1056	
1158	1	8.01	8.01	0.0099	
1159	1	8.01	8.01	0.0099	
1160	1	8.02	8.02	0.0196	
1161	1	8.04	8.04	0.0384	
1162	1	8.08	8.08	0.0736	
1163	1	8.05	8.05	0.0475	
1164	1	8.07	8.07	0.0651	
1165	1	8.11	8.11	0.0979	
1166	1	8.15	8.15	0.1275	
1167	1	8.04	8.04	0.0384	
1168	1	8.09	8.09	0.0819	
1169	1	8.06	8.06	0.0564	
1170	1	8.08	8.08	0.0736	
1171	1	8.09	8.09	0.0819	
1172	1	8.1	8.1	0.09	
1173	1	8.19	8.19	0.1739	
1174	1	8.19	8.19	0.1939	
1175	1	8.22	8.22	0.1916	
1176	1	8.24	8.24	0.2624	
1177	1	8.15	8.15	0.1275	
1178	1	8.23	8.23	0.1771	
1179	1	8.2	8.2	0.18	
1180	1	8.26	8.26	0.1924	
1181	1	8.11	8.11	0.0979	
1182	1	8.26	8.26	0.1924	
1183	1	8.17	8.17	0.1411	
1184	1	8.19	8.19	0.1539	
1185	1	8.13	8.13	0.1131	
1186	1	8.24	8.24	0.1824	
1187	1	8.2	8.2	0.16	
1188	1	8.15	8.15	0.1275	
1189	1	8.14	8.14	0.1404	
1190	1	8.09	8.09	0.1019	
1191	1	8.07	8.07	0.0851	
1192	1	8.09	8.09	0.0819	
1193	1	8.15	8.15	0.1275	
1194	1	8.17	8.17	0.1411	
1195	1	8.17	8.17	0.1411	
1196	1	8.19	8.19	0.1539	
1197	1	8.25	8.25	0.1875	
1198	1	8.23	8.23	0.1771	
1199	1	8.23	8.23	0.1771	
1200	1	8.18	8.18	0.1476	
1201	1	8.25	8.25	0.1875	
1202	1	8.21	8.21	0.1659	
1203	1	8.17	8.17	0.1411	
1204	1	8.22	8.22	0.1716	
1205	1	8.3	8.3	0.21	
1206	1	8.22	8.22	0.1716	
1207	1	8.22	8.22	0.1716	
1208	1	8.24	8.24	0.1824	
1209	1	8.2	8.2	0.16	
1210	1	8.24	8.24	0.1824	
1211	1	8.24	8.24	0.1824	
1212	1	8.19	8.19	0.1539	
1213	1	8.24	8.24	0.1824	
1214	1	8.21	8.21	0.1659	
1215	1	8.41	8.41	0.2419	
1216	1	8.48	8.48	0.2496	
1217	1	8.71	8.71	0.3059	
1218	1	8.68	8.68	0.2576	
1219	1	8.71	8.71	0.2659	
1220	1	8.59	8.59	0.2819	
1221	1	8.53	8.53	0.2491	
1222	1	8.55	8.55	0.2475	
1223	1	8.52	8.52	0.2496	
1224	1	8.52	8.52	0.2496	
1225	1	8.67	8.67	0.2211	
1226	1	8.76	8.76	0.2024	
1227	1	8.8	8.8	0.28	
1228	1	8.84	8.84	0.2744	
1229	1	8.69	8.69	0.2339	
1230	1	8.72	8.72	0.2216	
1231	1	8.84	8.84	0.1944	
1232	1	8.78	8.78	0.1916	
1233	1	8.93	8.93	0.1851	
1234	1	8.89	8.89	0.1779	
1235	1	8.96	8.96	0.2184	
1236	1	8.94	8.94	0.2164	
1237	1	9.01	9.01	0.2099	
1238	1	8.93	8.93	0.2651	
1239	1	9	9	0.32	
1240	1	9.04	9.04	0.2784	
1241	1	9	9	0.2	
1242	1	9	9	0.3	
1243	1	9.1	9.1	0.23	
1244	1	9.03	9.03	0.3291	
1245	1	8.96	8.96	0.4384	
1246	1	8.89	8.89	0.3979	
1247	1	8.91	8.91	0.4419	
1248	1	8.71	8.71	0.4859	
1249	1	8.65	8.65	0.3675	
1250	1	8.53	8.53	0.2891	
1251	1	8.75	8.75	0.4875	
1252	1	8.55	8.55	0.4075	
1253	1	8.55	8.55	0.3875	
1254	1	8.37	8.37	0.3531	
1255	1	8.24	8.24	0.2424	
1256	1	8.24	8.24	0.3024	
1257	1	8.27	8.27	0.2571	
1258	1	8.25	8.25	0.1875	
1259	1	8.42	8.42	0.3036	
1260	1	8.48	8.48	0.3696	
1261	1	8.6	8.6	0.4	
1262	1	8.63	8.63	0.4531	
1263	1	8.72	8.72	0.5016	
1264	1	8.75	8.75	0.4475	
1265	1	8.66	8.66	0.4244	
1266	1	8.71	8.71	0.4259	
1267	1	8.73	8.73	0.3971	
1268	1	8.66	8.66	0.3844	
1269	1	8.68	8.68	0.4776	
1270	1	8.59	8.59	0.4419	
1271	1	8.48	8.48	0.3096	
1272	1	8.44	8.44	0.2864	
1273	1	8.44	8.44	0.2464	
1274	1	8.41	8.41	0.2419	
1275	1	8.35	8.35	0.2275	
1276	1	8.37	8.37	0.3331	
1277	1	8.31	8.31	0.2939	
1278	1	8.29	8.29	0.2459	
1279	1	8.24	8.24	0.1824	
1280	1	8.3	8.3	0.21	
1281	1	8.37	8.37	0.2531	
1282	1	8.47	8.47	0.3491	
1283	1	8.56	8.56	0.3464	
1284	1	8.47	8.47	0.3291	
1285	1	8.4	8.4	0.3	
1286	1	8.57	8.57	0.2851	
1287	1	8.58	8.58	0.2436	
1288	1	8.69	8.69	0.2139	
1289	1	8.69	8.69	0.2339	
1290	1	8.6	8.6	0.26	
1291	1	8.61	8.61	0.2379	
1292	1	8.77	8.77	0.1771	
1293	1	8.73	8.73	0.1971	
1294	1	8.77	8.77	0.1771	
1295	1	8.7	8.7	0.25	
1296	1	8.77	8.77	0.4171	
1297	1	8.82	8.82	0.2876	
1298	1	8.81	8.81	0.2739	
1299	1	8.71	8.71	0.3059	
1300	1	8.87	8.87	0.2931	
1301	1	8.95	8.95	0.2275	
1302	1	8.75	8.75	0.2675	
1303	1	8.73	8.73	0.2571	
1304	1	8.91	8.91	0.3219	
1305	1	9.04	9.04	0.2184	
1306	1	9.09	9.09	0.1219	
1307	1	9.13	9.13	0.1331	
1308	1	9.07	9.07	0.1051	
1309	1	9.15	9.15	0.1475	
1310	1	9.13	9.13	0.1131	
1311	1	9.14	9.14	0.1204	
1312	1	9.13	9.13	0.1131	
1313	1	9.3	9.3	0.25	
1314	1	9.39	9.39	0.2979	
1315	1	9.34	9.34	0.2844	
1316	1	9.21	9.21	0.1859	
1317	1	9.2	9.2	0.16	
1318	1	9.17	9.17	0.1411	
1319	1	9.18	9.18	0.1476	
1320	1	9.14	9.14	0.1204	
1321	1	9.17	9.17	0.1411	
1322	1	9.16	9.16	0.1344	
1323	1	9.1	9.1	0.09	
1324	1	9.08	9.08	0.0736	
1325	1	9.13	9.13	0.1131	
1326	1	9.13	9.13	0.1131	
1327	1	9.17	9.17	0.1411	
1328	1	9.12	9.12	0.1056	
1329	1	9.15	9.15	0.1275	
1330	1	9.18	9.18	0.1476	
1331	1	9.23	9.23	0.1771	
1332	1	9.2	9.2	0.2	
1333	1	9.25	9.25	0.2675	
1334	1	9.3	9.3	0.33	
1335	1	9.3	9.3	0.27	
1336	1	9.51	9.51	0.4299	
1337	1	9.57	9.57	0.5251	
1338	1	9.57	9.57	0.4451	
1339	1	9.6	9.6	0.44	
1340	1	9.58	9.58	0.3436	
1341	1	9.52	9.52	0.3496	
1342	1	9.41	9.41	0.2819	
1343	1	9.32	9.32	0.2376	
1344	1	9.3	9.3	0.21	
1345	1	9.36	9.36	0.2304	
1346	1	9.36	9.36	0.2304	
1347	1	9.37	9.37	0.2331	
1348	1	9.32	9.32	0.2176	
1349	1	9.38	9.38	0.2756	
1350	1	9.26	9.26	0.1924	
1351	1	9.23	9.23	0.1971	
1352	1	9.27	9.27	0.2171	
1353	1	9.45	9.45	0.3475	
1354	1	9.65	9.65	0.4875	
1355	1	9.48	9.48	0.3896	
1356	1	9.58	9.58	0.4036	
1357	1	9.82	9.82	0.6676	
1358	1	9.62	9.62	0.3756	
1359	1	9.7	9.7	0.41	
1360	1	9.65	9.65	0.3475	
1361	1	9.96	9.96	0.4784	
1362	1	9.98	9.98	0.4796	
1363	1	10.09	10.09	0.4819	
1364	1	10.15	10.15	0.5675	
1365	1	9.99	9.99	0.6899	
1366	1	10.11	10.11	0.6979	
1367	1	10.35	10.35	0.8075	
1368	1	10.41	10.41	0.7419	
1369	1	10.33	10.33	0.6211	
1370	1	10.48	10.48	0.5496	
1371	1	10.31	10.31	0.5339	
1372	1	10.38	10.38	0.6956	
1373	1	10.39	10.39	0.6579	
1374	1	10.37	10.37	0.7531	
1375	1	10.3	10.3	0.69	
1376	1	10.51	10.51	0.8899	
1377	1	10.66	10.66	0.8444	
1378	1	10.9	10.9	0.65	
1379	1	10.74	10.74	0.4124	
1380	1	10.75	10.75	0.3275	
1381	1	10.84	10.84	0.2344	
1382	1	10.95	10.95	0.2075	
1383	1	11.01	11.01	0.2899	
1384	1	11.17	11.17	0.3011	
1385	1	11.35	11.35	0.3075	
1386	1	11.27	11.27	0.4771	
1387	1	11.39	11.39	0.4579	
1388	1	11.54	11.54	0.3484	
1389	1	11.55	11.55	0.3875	
1390	1	11.69	11.69	0.4339	
1391	1	11.71	11.71	0.3259	
1392	1	11.77	11.77	0.3971	
1393	1	11.87	11.87	0.3931	
1394	1	11.89	11.89	0.3179	
1395	1	11.94	11.94	0.2764	
1396	1	11.92	11.92	0.3336	
1397	1	11.88	11.88	0.3056	
1398	1	12.02	12.02	0.4396	
1399	1	12.1	12.1	0.45	
1400	1	12.07	12.07	0.5451	
1401	1	12.15	12.15	0.5475	
1402	1	12.16	12.16	0.5544	
1403	1	12.11	12.11	0.7579	
1404	1	12.17	12.17	0.7011	
1405	1	12.19	12.19	0.8339	
1406	1	12.12	12.12	0.6456	
1407	1	12.14	12.14	0.7404	
1408	1	12.55	12.55	1.1675	
1409	1	12.46	12.46	0.9684	
1410	1	12.48	12.48	1.3696	
1411	1	12.42	12.42	1.4036	
1412	1	12.64	12.64	1.4504	
1413	1	12.66	12.66	1.3044	
1414	1	12.75	12.75	1.2075	
1415	1	12.66	12.66	1.4844	
1416	1	12.73	12.73	1.3771	
1417	1	12.41	12.41	1.5219	
1418	1	12.2	12.2	1.08	
1419	1	12.07	12.07	0.7651	
1420	1	12.07	12.07	0.6051	
1421	1	12.03	12.03	0.5491	
1422	1	11.83	11.83	0.6411	
1423	1	12.14	12.14	1.1004	
1424	1	12.13	12.13	1.1131	
1425	1	11.83	11.83	0.7411	
1426	1	11.87	11.87	0.9731	
1427	1	11.91	11.91	0.7419	
1428	1	11.62	11.62	0.2956	
1429	1	11.75	11.75	0.4275	
1430	1	12.15	12.15	0.9075	
1431	1	12.22	12.22	0.7916	
1432	1	12.02	12.02	0.5796	
1433	1	12.02	12.02	0.4396	
1434	1	11.99	11.99	0.4299	
1435	1	12.05	12.05	0.4275	
1436	1	12.27	12.27	0.5771	
1437	1	12.37	12.37	0.5331	
1438	1	12.44	12.44	0.5264	
1439	1	12.44	12.44	0.5664	
1440	1	12.75	12.75	0.4475	
1441	1	12.79	12.79	0.4459	
1442	1	12.71	12.71	0.4259	
1443	1	12.74	12.74	0.4724	
1444	1	12.71	12.71	0.4459	
1445	1	12.96	12.96	0.4784	
1446	1	13.25	13.25	0.5475	
1447	1	13.4	13.4	0.4	
1448	1	13.44	13.44	0.3864	
1449	1	13.39	13.39	0.2579	
1450	1	13.35	13.35	0.2675	
1451	1	13.46	13.46	0.2884	
1452	1	13.57	13.57	0.2851	
1453	1	13.56	13.56	0.2464	
1454	1	13.57	13.57	0.2451	
1455	1	13.48	13.48	0.2496	
1456	1	13.53	13.53	0.2491	
1457	1	13.66	13.66	0.2244	
1458	1	13.56	13.56	0.2464	
1459	1	13.52	13.52	0.2496	
1460	1	13.47	13.47	0.2491	
1461	1	13.72	13.72	0.2616	
1462	1	13.71	13.71	0.3059	
1463	1	13.77	13.77	0.3571	
1464	1	13.65	13.65	0.3875	
1465	1	13.68	13.68	0.3776	
1466	1	13.58	13.58	0.3436	
1467	1	13.7	13.7	0.39	
1468	1	13.78	13.78	0.4116	
1469	1	13.8	13.8	0.38	
1470	1	13.83	13.83	0.3811	
1471	1	13.83	13.83	0.3211	
1472	1	13.82	13.82	0.2676	
1473	1	13.97	13.97	0.1491	
1474	1	14.01	14.01	0.2299	
1475	1	14.03	14.03	0.3291	
1476	1	14	14	0.14	
1477	1	14.02	14.02	0.0796	
1478	1	13.97	13.97	0.0491	
1479	1	14	14	0.02	
1480	1	14	14	0.02	
1481	1	14.01	14.01	0.0099	
1482	1	14.07	14.07	0.0651	
1483	1	14.08	14.08	0.0736	
1484	1	14.12	14.12	0.1056	
1485	1	14.05	14.05	0.0475	
1486	1	14.06	14.06	0.0564	
1487	1	14.07	14.07	0.0651	
1488	1	14.1	14.1	0.09	
1489	1	14.08	14.08	0.0736	
1490	1	14.21	14.21	0.1659	
1491	1	14.13	14.13	0.1131	
1492	1	14.12	14.12	0.1256	
1493	1	14.12	14.12	0.1056	
1494	1	14.05	14.05	0.0475	
1495	1	14.02	14.02	0.0196	
1496	1	14.05	14.05	0.0475	
1497	1	14.02	14.02	0.0196	
1498	1	14.03	14.03	0.0291	
1499	1	14.08	14.08	0.0936	
1500	1	14.03	14.03	0.0291	
1501	1	14	14	0	
1502	1	14	14	0	
1503	1	14	14	0	
1504	1	14	14	0	
1505	1	14.03	14.03	0.0291	
1506	1	14	14	0	
1507	1	14.02	14.02	0.0196	
1508	1	14.04	14.04	0.0384	
1509	1	14.02	14.02	0.0196	
1510	1	14.03	14.03	0.0291	
1511	1	14.01	14.01	0.0099	
1512	1	14.02	14.02	0.0196	
1513	1	14.05	14.05	0.0475	
1514	1	14.09	14.09	0.0819	
1515	1	14.03	14.03	0.0291	
1516	1	14.04	14.04	0.0384	
1517	1	14.11	14.11	0.0979	
1518	1	14.05	14.05	0.0475	
1519	1	14.1	14.1	0.09	
1520	1	14.16	14.16	0.1344	
1521	1	14.12	14.12	0.1056	
1522	1	14.09	14.09	0.0819	
1523	1	14.09	14.09	0.0819	
1524	1	14.13	14.13	0.1131	
1525	1	14.15	14.15	0.1275	
1526	1	14.12	14.12	0.1056	
1527	1	14.18	14.18	0.1476	
1528	1	14.13	14.13	0.1131	
1529	1	14.19	14.19	0.2139	
1530	1	14.26	14.26	0.2524	
1531	1	14.24	14.24	0.2424	
1532	1	14.23	14.23	0.1771	
1533	1	14.16	14.16	0.1344	
1534	1	14.15	14.15	0.1275	
1535	1	14.09	14.09	0.0819	
1536	1	14.14	14.14	0.1204	
1537	1	14.18	14.18	0.1476	
1538	1	14.24	14.24	0.1824	
1539	1	14.25	14.25	0.1875	
1540	1	14.2	14.2	0.16	
1541	1	14.27	14.27	0.1971	
1542	1	14.3	14.3	0.21	
1543	1	14.27	14.27	0.1971	
1544	1	14.27	14.27	0.1971	
1545	1	14.26	14.26	0.1924	
1546	1	14.27	14.27	0.1971	
1547	1	14.29	14.29	0.2059	
1548	1	14.18	14.18	0.1476	
1549	1	14.18	14.18	0.1476	
1550	1	14.21	14.21	0.1659	
1551	1	14.23	14.23	0.1771	
1552	1	14.04	14.04	0.0384	
1553	1	14.04	14.04	0.0384	
1554	1	14.1	14.1	0.09	
1555	1	14.09	14.09	0.1019	
1556	1	14.05	14.05	0.0875	
1557	1	14.05	14.05	0.0475	
1558	1	14.05	14.05	0.0475	
1559	1	14.04	14.04	0.0384	
1560	1	14.07	14.07	0.0651	
1561	1	14.19	14.19	0.1539	
1562	1	14.18	14.18	0.1676	
1563	1	14.2	14.2	0.16	
1564	1	14.24	14.24	0.1824	
1565	1	14.32	14.32	0.2176	
1566	1	14.35	14.35	0.2475	
1567	1	14.42	14.42	0.2836	
1568	1	14.33	14.33	0.2211	
1569	1	14.28	14.28	0.2016	
1570	1	14.19	14.19	0.1539	
1571	1	14.21	14.21	0.2259	
1572	1	14.19	14.19	0.1739	
1573	1	14.1	14.1	0.09	
1574	1	14.01	14.01	0.0099	
1575	1	14.01	14.01	0.0099	
1576	1	14.01	14.01	0.0099	
1577	1	14.01	14.01	0.0099	
1578	1	14.03	14.03	0.0291	
1579	1	14.01	14.01	0.0099	
1580	1	14.05	14.05	0.0475	
1581	1	14.09	14.09	0.0819	
1582	1	14.03	14.03	0.0291	
1583	1	14.03	14.03	0.0291	
1584	1	14.01	14.01	0.0099	
1585	1	14.01	14.01	0.0099	
1586	1	14.01	14.01	0.0099	
1587	1	14.01	14.01	0.0099	
1588	1	14.01	14.01	0.0099	
1589	1	14.01	14.01	0.0099	
1590	1	14.01	14.01	0.0099	
1591	1	14.01	14.01	0.0099	
1592	1	14.01	14.01	0.0099	
1593	1	14.01	14.01	0.0099	
1594	1	14.01	14.01	0.0099	
1595	1	14.06	14.06	0.0564	
1596	1	14.06	14.06	0.0564	
1597	1	14.12	14.12	0.1656	
1598	1	14.16	14.16	0.2144	
1599	1	14.2	14.2	0.32	
1600	1	14.34	14.34	0.5844	
1601	1	14.26	14.26	0.4124	
1602	1	14.36	14.36	0.5504	
1603	1	14.3	14.3	0.51	
1604	1	14.12	14.12	0.2256	
1605	1	14.23	14.23	0.3771	
1606	1	14.21	14.21	0.3259	
1607	1	14.29	14.29	0.4459	
1608	1	14.35	14.35	0.6275	
1609	1	14.4	14.4	0.64	
1610	1	14.46	14.46	0.6484	
1611	1	14.57	14.57	0.7051	
1612	1	14.68	14.68	0.7976	
1613	1	14.51	14.51	0.5699	
1614	1	14.4	14.4	0.54	
1615	1	14.47	14.47	0.4091	
1616	1	14.28	14.28	0.3216	
1617	1	14.24	14.24	0.2424	
1618	1	14.22	14.22	0.1716	
1619	1	14.24	14.24	0.2024	
1620	1	14.2	14.2	0.18	
1621	1	14.25	14.25	0.1875	
1622	1	14.19	14.19	0.1539	
1623	1	14.23	14.23	0.1771	
1624	1	14.24	14.24	0.1824	
1625	1	14.2	14.2	0.16	
1626	1	14.35	14.35	0.2275	
1627	1	14.56	14.56	0.2464	
1628	1	14.62	14.62	0.2356	
1629	1	14.61	14.61	0.2379	
1630	1	14.59	14.59	0.2619	
1631	1	14.43	14.43	0.3251	
1632	1	14.47	14.47	0.4291	
1633	1	14.57	14.57	0.3651	
1634	1	14.41	14.41	0.2419	
1635	1	14.55	14.55	0.2475	
1636	1	14.54	14.54	0.2684	
1637	1	14.48	14.48	0.2496	
1638	1	14.54	14.54	0.2884	
1639	1	14.54	14.54	0.3084	
1640	1	14.46	14.46	0.3284	
1641	1	14.38	14.38	0.2556	
1642	1	14.37	14.37	0.2331	
1643	1	14.38	14.38	0.2356	
1644	1	14.42	14.42	0.2436	
1645	1	14.49	14.49	0.2499	
1646	1	14.39	14.39	0.2379	
1647	1	14.36	14.36	0.2304	
1648	1	14.49	14.49	0.2499	
1649	1	14.49	14.49	0.2499	
1650	1	14.59	14.59	0.2419	
1651	1	14.65	14.65	0.2875	
1652	1	14.58	14.58	0.2636	
1653	1	14.68	14.68	0.2376	
1654	1	14.84	14.84	0.2544	
1655	1	14.92	14.92	0.4336	
1656	1	14.88	14.88	0.3856	
1657	1	14.99	14.99	0.2499	
1658	1	15.05	15.05	0.2275	
1659	1	15.2	15.2	0.3	
1660	1	15.23	15.23	0.1771	
1661	1	15.35	15.35	0.2275	
1662	1	15.28	15.28	0.2016	
1663	1	15.4	15.4	0.24	
1664	1	15.36	15.36	0.2304	
1665	1	15.41	15.41	0.2419	
1666	1	15.37	15.37	0.2331	
1667	1	15.41	15.41	0.2419	
1668	1	15.55	15.55	0.2475	
1669	1	15.35	15.35	0.2275	
1670	1	15.31	15.31	0.2139	
1671	1	15.22	15.22	0.1716	
1672	1	15.28	15.28	0.2016	
1673	1	15.36	15.36	0.2504	
1674	1	15.32	15.32	0.2376	
1675	1	15.41	15.41	0.2619	
1676	1	15.42	15.42	0.2436	
1677	1	15.42	15.42	0.2436	
1678	1	15.43	15.43	0.3051	
1679	1	15.34	15.34	0.3244	
1680	1	15.33	15.33	0.3411	
1681	1	15.19	15.19	0.2339	
1682	1	15.19	15.19	0.1539	
1683	1	15.2	15.2	0.16	
1684	1	15.16	15.16	0.1344	
1685	1	15.09	15.09	0.0819	
1686	1	15.11	15.11	0.0979	
1687	1	15.21	15.21	0.1659	
1688	1	15.36	15.36	0.2304	
1689	1	15.43	15.43	0.2651	
1690	1	15.57	15.57	0.3651	
1691	1	15.46	15.46	0.2884	
1692	1	15.52	15.52	0.3096	
1693	1	15.61	15.61	0.3179	
1694	1	15.6	15.6	0.38	
1695	1	15.49	15.49	0.2899	
1696	1	15.44	15.44	0.2664	
1697	1	15.45	15.45	0.2875	
1698	1	15.48	15.48	0.2896	
1699	1	15.38	15.38	0.2956	
1700	1	15.36	15.36	0.2904	
1701	1	15.28	15.28	0.2216	
1702	1	15.29	15.29	0.2059	
1703	1	15.39	15.39	0.2379	
1704	1	15.37	15.37	0.2331	
1705	1	15.38	15.38	0.2556	
1706	1	15.29	15.29	0.2659	
1707	1	15.34	15.34	0.2444	
1708	1	15.36	15.36	0.2704	
1709	1	15.41	15.41	0.2419	
1710	1	15.48	15.48	0.2496	
1711	1	15.45	15.45	0.2475	
1712	1	15.27	15.27	0.2371	
1713	1	15.28	15.28	0.2216	
1714	1	15.4	15.4	0.38	
1715	1	15.34	15.34	0.2644	
1716	1	15.44	15.44	0.2464	
1717	1	15.5	15.5	0.25	
1718	1	15.49	15.49	0.2499	
1719	1	15.38	15.38	0.2356	
1720	1	15.3	15.3	0.21	
1721	1	15.48	15.48	0.2496	
1722	1	15.52	15.52	0.2496	
1723	1	15.5	15.5	0.25	
1724	1	15.42	15.42	0.2436	
1725	1	15.46	15.46	0.2684	
1726	1	15.36	15.36	0.2304	
1727	1	15.48	15.48	0.2896	
1728	1	15.44	15.44	0.2464	
1729	1	15.34	15.34	0.2244	
1730	1	15.24	15.24	0.1824	
1731	1	15.29	15.29	0.2059	
1732	1	15.24	15.24	0.1824	
1733	1	15.32	15.32	0.2176	
1734	1	15.29	15.29	0.2059	
1735	1	15.28	15.28	0.2016	
1736	1	15.37	15.37	0.2331	
1737	1	15.3	15.3	0.21	
1738	1	15.35	15.35	0.2275	
1739	1	15.34	15.34	0.2244	
1740	1	15.47	15.47	0.2491	
1741	1	15.5	15.5	0.25	
1742	1	15.7	15.7	0.21	
1743	1	15.66	15.66	0.2444	
1744	1	15.6	15.6	0.3	
1745	1	15.65	15.65	0.3475	
1746	1	15.71	15.71	0.2459	
1747	1	15.74	15.74	0.2124	
1748	1	15.69	15.69	0.2339	
1749	1	15.73	15.73	0.2571	
1750	1	15.82	15.82	0.2276	
1751	1	15.77	15.77	0.2171	
1752	1	15.94	15.94	0.1364	
1753	1	15.95	15.95	0.1275	
1754	1	16.01	16.01	0.1099	
1755	1	16.02	16.02	0.0996	
1756	1	16.03	16.03	0.0491	
1757	1	16.04	16.04	0.0384	
1758	1	16.1	16.1	0.09	
1759	1	16.07	16.07	0.0651	
1760	1	16.05	16.05	0.0475	
1761	1	16.04	16.04	0.0384	
1762	1	16.06	16.06	0.0564	
1763	1	16.18	16.18	0.1476	
1764	1	16.2	16.2	0.16	
1765	1	16.14	16.14	0.1204	
1766	1	16.08	16.08	0.0736	
1767	1	16.06	16.06	0.0564	
1768	1	16.09	16.09	0.0819	
1769	1	16.11	16.11	0.0979	
1770	1	16.13	16.13	0.1131	
1771	1	16.08	16.08	0.0736	
1772	1	16.08	16.08	0.0736	
1773	1	16.08	16.08	0.0736	
1774	1	16.05	16.05	0.0475	
1775	1	16.12	16.12	0.1056	
1776	1	16.09	16.09	0.0819	
1777	1	16.13	16.13	0.1131	
1778	1	16.2	16.2	0.16	
1779	1	16.28	16.28	0.2016	
1780	1	16.24	16.24	0.1824	
1781	1	16.28	16.28	0.2016	
1782	1	16.46	16.46	0.2884	
1783	1	16.45	16.45	0.3075	
1784	1	16.45	16.45	0.2875	
1785	1	16.37	16.37	0.2931	
1786	1	16.4	16.4	0.26	
1787	1	16.54	16.54	0.2884	
1788	1	16.53	16.53	0.2891	
1789	1	16.59	16.59	0.3219	
1790	1	16.72	16.72	0.3816	
1791	1	16.57	16.57	0.3251	
1792	1	16.51	16.51	0.2499	
1793	1	16.55	16.55	0.2675	
1794	1	16.72	16.72	0.3616	
1795	1	16.66	16.66	0.3044	
1796	1	16.59	16.59	0.3019	
1797	1	16.6	16.6	0.28	
1798	1	16.57	16.57	0.2651	
1799	1	16.54	16.54	0.2484	
1800	1	16.64	16.64	0.2304	
1801	1	16.54	16.54	0.2484	
1802	1	16.52	16.52	0.2496	
1803	1	16.47	16.47	0.2491	
1804	1	16.52	16.52	0.2496	
1805	1	16.44	16.44	0.2464	
1806	1	16.53	16.53	0.2691	
1807	1	16.59	16.59	0.2619	
1808	1	16.7	16.7	0.21	
1809	1	16.8	16.8	0.28	
1810	1	16.78	16.78	0.2316	
1811	1	16.65	16.65	0.2275	
1812	1	16.69	16.69	0.2139	
1813	1	16.63	16.63	0.2531	
1814	1	16.71	16.71	0.3059	
1815	1	16.76	16.76	0.2824	
1816	1	16.68	16.68	0.3376	
1817	1	16.63	16.63	0.3131	
1818	1	16.91	16.91	0.3419	
1819	1	16.97	16.97	0.4291	
1820	1	16.72	16.72	0.4016	
1821	1	16.83	16.83	0.3811	
1822	1	16.82	16.82	0.3876	
1823	1	16.76	16.76	0.4624	
1824	1	16.85	16.85	0.5475	
1825	1	16.87	16.87	0.5331	
1826	1	16.99	16.99	0.6099	
1827	1	16.97	16.97	0.6891	
1828	1	17.09	17.09	0.5819	
1829	1	17.05	17.05	0.5875	
1830	1	16.93	16.93	0.5251	
1831	1	17	17	0.58	
1832	1	16.96	16.96	0.5384	
1833	1	16.86	16.86	0.4604	
1834	1	16.89	16.89	0.4779	
1835	1	16.87	16.87	0.5131	
1836	1	16.86	16.86	0.6204	
1837	1	16.81	16.81	0.7339	
1838	1	16.98	16.98	0.7396	
1839	1	16.88	16.88	0.6856	
1840	1	16.92	16.92	0.4536	
1841	1	16.89	16.89	0.4179	
1842	1	16.94	16.94	0.4564	
1843	1	16.93	16.93	0.4051	
1844	1	16.96	16.96	0.4384	
1845	1	16.96	16.96	0.4584	
1846	1	16.98	16.98	0.4396	
1847	1	16.88	16.88	0.5856	
1848	1	16.83	16.83	0.5411	
1849	1	16.99	16.99	0.5699	
1850	1	16.88	16.88	0.7056	
1851	1	16.91	16.91	0.8219	
1852	1	16.99	16.99	0.8299	
1853	1	16.64	16.64	0.7504	
1854	1	17.25	17.25	1.8075	
1855	1	16.97	16.97	1.4491	
1856	1	16.71	16.71	0.9459	
1857	1	17.05	17.05	1.8275	
1858	1	17.12	17.12	2.0256	
1859	1	17.38	17.38	1.7756	
1860	1	17.52	17.52	1.7496	
1861	1	17.89	17.89	1.9379	
1862	1	18.03	18.03	1.3491	
1863	1	17.69	17.69	1.1139	
1864	1	17.77	17.77	0.9771	
1865	1	17.82	17.82	1.0876	
1866	1	17.53	17.53	1.0891	
1867	1	17.65	17.65	0.8075	
1868	1	17.81	17.81	0.7739	
1869	1	17.64	17.64	0.6704	
1870	1	17.6	17.6	0.7	
1871	1	17.63	17.63	0.8531	
1872	1	17.91	17.91	0.7019	
1873	1	18.04	18.04	0.6984	
1874	1	18.1	18.1	0.93	
1875	1	18.15	18.15	0.9275	
1876	1	18.23	18.23	0.7171	
1877	1	18.17	18.17	0.5611	
1878	1	18.28	18.28	0.3416	
1879	1	18.29	18.29	0.2059	
1880	1	18.26	18.26	0.2124	
1881	1	18.19	18.19	0.1539	
1882	1	18.11	18.11	0.0979	
1883	1	18.06	18.06	0.0564	
1884	1	18.05	18.05	0.0475	
1885	1	18.04	18.04	0.0384	
1886	1	18.08	18.08	0.0736	
1887	1	18.12	18.12	0.1056	
1888	1	18.18	18.18	0.1476	
1889	1	18.25	18.25	0.2075	
1890	1	18.3	18.3	0.25	
1891	1	18.24	18.24	0.2424	
1892	1	18.14	18.14	0.1204	
1893	1	18.11	18.11	0.0979	
1894	1	18.1	18.1	0.09	
1895	1	18.17	18.17	0.1411	
1896	1	18.23	18.23	0.1771	
1897	1	18.33	18.33	0.2411	
1898	1	18.42	18.42	0.3236	
1899	1	18.46	18.46	0.2884	
1900	1	18.39	18.39	0.2379	
1901	1	18.34	18.34	0.2244	
1902	1	18.4	18.4	0.24	
1903	1	18.39	18.39	0.2779	
1904	1	18.37	18.37	0.2331	
1905	1	18.32	18.32	0.2176	
1906	1	18.35	18.35	0.2275	
1907	1	18.45	18.45	0.2475	
1908	1	18.48	18.48	0.2496	
1909	1	18.57	18.57	0.2851	
1910	1	18.63	18.63	0.2731	
1911	1	18.75	18.75	0.2675	
1912	1	18.72	18.72	0.2216	
1913	1	18.69	18.69	0.3539	
1914	1	18.63	18.63	0.3131	
1915	1	18.52	18.52	0.2696	
1916	1	18.57	18.57	0.2451	
1917	1	18.62	18.62	0.2556	
1918	1	18.56	18.56	0.3064	
1919	1	18.44	18.44	0.3464	
1920	1	18.46	18.46	0.3484	
1921	1	18.46	18.46	0.4484	
1922	1	18.46	18.46	0.4684	
1923	1	18.72	18.72	0.4416	
1924	1	18.54	18.54	0.3484	
1925	1	18.68	18.68	0.4376	
1926	1	18.74	18.74	0.4324	
1927	1	18.66	18.66	0.3844	
1928	1	18.72	18.72	0.5016	
1929	1	18.64	18.64	0.4504	
1930	1	18.51	18.51	0.4099	
1931	1	18.43	18.43	0.3251	
1932	1	18.54	18.54	0.3484	
1933	1	18.64	18.64	0.2904	
1934	1	18.59	18.59	0.4019	
1935	1	18.7	18.7	0.37	
1936	1	18.78	18.78	0.3916	
1937	1	18.72	18.72	0.3016	
1938	1	18.78	18.78	0.3116	
1939	1	18.81	18.81	0.4539	
1940	1	18.76	18.76	0.3824	
1941	1	18.72	18.72	0.3416	
1942	1	18.84	18.84	0.3344	
1943	1	18.79	18.79	0.2859	
1944	1	18.61	18.61	0.2979	
1945	1	18.66	18.66	0.3244	
1946	1	18.82	18.82	0.2476	
1947	1	18.81	18.81	0.2739	
1948	1	18.79	18.79	0.2259	
1949	1	18.82	18.82	0.2476	
1950	1	18.84	18.84	0.2744	
1951	1	18.9	18.9	0.17	
1952	1	18.89	18.89	0.1779	
1953	1	18.91	18.91	0.2219	
1954	1	18.92	18.92	0.1536	
1955	1	19.01	19.01	0.0699	
1956	1	18.99	18.99	0.0299	
1957	1	18.98	18.98	0.0196	
1958	1	18.94	18.94	0.0564	
1959	1	18.96	18.96	0.0584	
1960	1	19.01	19.01	0.0299	
1961	1	19.04	19.04	0.0384	
1962	1	19.02	19.02	0.0196	
1963	1	19.01	19.01	0.0099	
1964	1	19.01	19.01	0.0099	
1965	1	19.01	19.01	0.0099	
1966	1	19.01	19.01	0.0099	
1967	1	19.01	19.01	0.0099	
1968	1	19.01	19.01	0.0099	
1969	1	19.01	19.01	0.0099	
1970	1	19.01	19.01	0.0099	
1971	1	19.03	19.03	0.0291	
1972	1	19.01	19.01	0.0099	
1973	1	19.02	19.02	0.0196	
1974	1	19.03	19.03	0.0291	
1975	1	19.01	19.01	0.0099	
1976	1	19.01	19.01	0.0099	
1977	1	19.03	19.03	0.0291	
1978	1	19.04	19.04	0.0384	
1979	1	19.08	19.08	0.0736	
1980	1	19.03	19.03	0.0291	
1981	1	19.04	19.04	0.0384	
1982	1	19.01	19.01	0.0099	
1983	1	19.01	19.01	0.0099	
1984	1	19.08	19.08	0.0736	
1985	1	19.08	19.08	0.0736	
1986	1	19.04	19.04	0.0384	
1987	1	19.07	19.07	0.0651	
1988	1	19.03	19.03	0.0291	
1989	1	19.04	19.04	0.0384	
1990	1	19.06	19.06	0.0564	
1991	1	19.04	19.04	0.0384	
1992	1	19.07	19.07	0.0651	
1993	1	19.09	19.09	0.0819	
1994	1	19.14	19.14	0.1604	
1995	1	19.12	19.12	0.1256	
1996	1	19.22	19.22	0.1716	
1997	1	19.14	19.14	0.1204	
1998	1	19.11	19.11	0.0979	
1999	1	19.08	19.08	0.0736	
2000	1	19.03	19.03	0.0291	
