# mu = 0.01, s = 0.001, trials requested = 1, runtime = 0:00:12
# "Time"	"Actual trials"	"Mean mutation"	"Average mean mutation"	"Average mutation variance"
0	1	0	0	0	
1	1	0	0	0	
2	1	0.03	0.03	0.0291	
3	1	0.06	0.06	0.0564	
4	1	0.07	0.07	0.0651	
5	1	0.07	0.07	0.0651	
6	1	0.09	0.09	0.0819	
7	1	0.12	0.12	0.1056	
8	1	0.15	0.15	0.1275	
9	1	0.15	0.15	0.1275	
10	1	0.21	0.21	0.1659	
11	1	0.21	0.21	0.1659	
12	1	0.25	0.25	0.2075	
13	1	0.28	0.28	0.3216	
14	1	0.22	0.22	0.1716	
15	1	0.21	0.21	0.1659	
16	1	0.25	0.25	0.1875	
17	1	0.27	0.27	0.1971	
18	1	0.28	0.28	0.2016	
19	1	0.32	0.32	0.2176	
20	1	0.3	0.3	0.21	
21	1	0.25	0.25	0.1875	
22	1	0.24	0.24	0.1824	
23	1	0.27	0.27	0.1971	
24	1	0.28	0.28	0.2016	
25	1	0.23	0.23	0.1771	
26	1	0.27	0.27	0.1971	
27	1	0.27	0.27	0.1971	
28	1	0.28	0.28	0.2016	
29	1	0.29	0.29	0.2059	
30	1	0.3	0.3	0.25	
31	1	0.33	0.33	0.2611	
32	1	0.37	0.37	0.2731	
33	1	0.4	0.4	0.3	
34	1	0.43	0.43	0.2851	
35	1	0.38	0.38	0.2556	
36	1	0.43	0.43	0.2851	
37	1	0.46	0.46	0.3284	
38	1	0.53	0.53	0.4091	
39	1	0.54	0.54	0.3884	
40	1	0.51	0.51	0.3899	
41	1	0.48	0.48	0.3696	
42	1	0.52	0.52	0.3896	
43	1	0.46	0.46	0.3884	
44	1	0.41	0.41	0.3419	
45	1	0.4	0.4	0.32	
46	1	0.47	0.47	0.4291	
47	1	0.51	0.51	0.4699	
48	1	0.52	0.52	0.5096	
49	1	0.48	0.48	0.4496	
50	1	0.5	0.5	0.45	
51	1	0.5	0.5	0.49	
52	1	0.48	0.48	0.4096	
53	1	0.5	0.5	0.51	
54	1	0.44	0.44	0.4664	
55	1	0.42	0.42	0.3836	
56	1	0.48	0.48	0.5496	
57	1	0.59	0.59	0.8219	
58	1	0.58	0.58	0.8436	
59	1	0.52	0.52	0.6096	
60	1	0.55	0.55	0.6675	
61	1	0.53	0.53	0.6891	
62	1	0.6	0.6	0.74	
63	1	0.61	0.61	0.7779	
64	1	0.63	0.63	0.8931	
65	1	0.67	0.67	0.9011	
66	1	0.68	0.68	0.9576	
67	1	0.83	0.83	1.0411	
68	1	0.79	0.79	1.0459	
69	1	0.86	0.86	1.0604	
70	1	0.8	0.8	0.96	
71	1	0.8	0.8	0.98	
72	1	0.74	0.74	0.9124	
73	1	0.84	0.84	0.9344	
74	1	0.89	0.89	0.9979	
75	1	0.87	0.87	0.9331	
76	1	0.98	0.98	1.0996	
77	1	0.87	0.87	0.9131	
78	1	0.85	0.85	0.9275	
79	1	0.91	0.91	1.0019	
80	1	0.91	0.91	0.9619	
81	1	0.93	0.93	1.0251	
82	1	0.86	0.86	0.8604	
83	1	0.98	0.98	1.0196	
84	1	1.03	1.03	0.9891	
85	1	0.98	0.98	0.8996	
86	1	1.06	1.06	1.1364	
87	1	0.99	0.99	0.9699	
88	1	0.93	0.93	0.8851	
89	1	0.96	0.96	0.8384	
90	1	0.99	0.99	0.9499	
91	1	1.06	1.06	0.9764	
92	1	1.33	1.33	1.6211	
93	1	1.22	1.22	1.1116	
94	1	1.22	1.22	1.2116	
95	1	1.25	1.25	1.2875	
96	1	1.24	1.24	1.1624	
97	1	1.15	1.15	1.1275	
98	1	1.21	1.21	1.4659	
99	1	1.25	1.25	1.5075	
100	1	1.28	1.28	1.5616	
101	1	1.27	1.27	1.5571	
102	1	1.17	1.17	1.4611	
103	1	1.09	1.09	1.1019	
104	1	1.04	1.04	0.8984	
105	1	1.12	1.12	1.3256	
106	1	1.18	1.18	1.5676	
107	1	1.05	1.05	1.4675	
108	1	1.2	1.2	1.9	
109	1	1.15	1.15	1.9275	
110	1	1.2	1.2	2.06	
111	1	1.22	1.22	2.0516	
112	1	1.16	1.16	1.9344	
113	1	1.33	1.33	2.7011	
114	1	1.3	1.3	2.69	
115	1	1.23	1.23	2.5571	
116	1	1.45	1.45	3.2875	
117	1	1.64	1.64	3.7304	
118	1	1.42	1.42	3.2236	
119	1	1.54	1.54	3.3884	
120	1	1.48	1.48	3.0296	
121	1	1.42	1.42	2.7036	
122	1	1.41	1.41	2.7219	
123	1	1.42	1.42	2.4636	
124	1	1.53	1.53	2.7291	
125	1	1.51	1.51	2.8099	
126	1	1.42	1.42	2.3836	
127	1	1.31	1.31	2.0939	
128	1	1.43	1.43	2.1651	
129	1	1.46	1.46	2.3684	
130	1	1.49	1.49	2.3699	
131	1	1.6	1.6	2.74	
132	1	1.49	1.49	1.9499	
133	1	1.36	1.36	1.5304	
134	1	1.31	1.31	1.3939	
135	1	1.31	1.31	1.3739	
136	1	1.4	1.4	1.46	
137	1	1.48	1.48	1.5496	
138	1	1.43	1.43	1.4451	
139	1	1.48	1.48	1.2696	
140	1	1.44	1.44	1.2464	
141	1	1.47	1.47	1.2691	
142	1	1.52	1.52	1.3096	
143	1	1.51	1.51	1.1499	
144	1	1.71	1.71	1.6859	
145	1	1.57	1.57	1.5251	
146	1	1.5	1.5	1.53	
147	1	1.52	1.52	1.5096	
148	1	1.46	1.46	1.3484	
149	1	1.46	1.46	1.2484	
150	1	1.49	1.49	1.2699	
151	1	1.52	1.52	1.2696	
152	1	1.59	1.59	1.2619	
153	1	1.52	1.52	1.3496	
154	1	1.61	1.61	1.5379	
155	1	1.5	1.5	1.23	
156	1	1.62	1.62	1.4356	
157	1	1.63	1.63	1.4331	
158	1	1.64	1.64	1.5904	
159	1	1.66	1.66	1.7044	
160	1	1.71	1.71	1.7859	
161	1	1.75	1.75	1.9875	
162	1	1.84	1.84	2.3544	
163	1	1.79	1.79	2.0859	
164	1	1.84	1.84	1.9344	
165	1	1.75	1.75	1.6675	
166	1	1.75	1.75	1.6275	
167	1	1.78	1.78	1.6516	
168	1	1.79	1.79	1.6859	
169	1	1.84	1.84	1.5144	
170	1	1.92	1.92	1.5736	
171	1	2.01	2.01	1.5499	
172	1	1.97	1.97	1.5491	
173	1	1.97	1.97	1.5491	
174	1	1.93	1.93	1.6251	
175	1	2.11	2.11	1.8179	
176	1	1.96	1.96	1.4984	
177	1	1.95	1.95	1.6075	
178	1	1.92	1.92	1.6336	
179	1	2.08	2.08	1.8136	
180	1	1.95	1.95	1.7275	
181	1	1.94	1.94	1.7364	
182	1	2	2	1.78	
183	1	2.05	2.05	1.9275	
184	1	2.01	2.01	1.6499	
185	1	2.02	2.02	1.5196	
186	1	2.12	2.12	1.7656	
187	1	2.04	2.04	1.7384	
188	1	2.19	2.19	1.9339	
189	1	2.13	2.13	1.9531	
190	1	2.22	2.22	2.1516	
191	1	2.12	2.12	1.8656	
192	1	2.19	2.19	2.0739	
193	1	2.29	2.29	2.1659	
194	1	2.15	2.15	2.0675	
195	1	2.16	2.16	2.0744	
196	1	2.2	2.2	2.04	
197	1	2.23	2.23	2.2771	
198	1	2.44	2.44	2.2264	
199	1	2.52	2.52	2.1696	
200	1	2.31	2.31	1.8339	
201	1	2.33	2.33	1.8411	
202	1	2.32	2.32	1.6376	
203	1	2.44	2.44	1.7264	
204	1	2.53	2.53	1.7291	
205	1	2.65	2.65	1.9075	
206	1	2.69	2.69	1.7739	
207	1	2.69	2.69	1.9539	
208	1	2.67	2.67	2.0211	
209	1	2.66	2.66	2.0244	
210	1	2.75	2.75	2.0875	
211	1	2.72	2.72	2.2016	
212	1	2.89	2.89	2.4979	
213	1	2.81	2.81	2.4339	
214	1	2.96	2.96	2.4584	
215	1	3.1	3.1	2.39	
216	1	2.98	2.98	2.2796	
217	1	2.88	2.88	2.3456	
218	1	2.63	2.63	2.0931	
219	1	2.59	2.59	1.9819	
220	1	2.61	2.61	2.0379	
221	1	2.61	2.61	1.9379	
222	1	2.57	2.57	1.8251	
223	1	2.47	2.47	1.8491	
224	1	2.44	2.44	1.8864	
225	1	2.54	2.54	2.0084	
226	1	2.42	2.42	2.0236	
227	1	2.49	2.49	2.2499	
228	1	2.46	2.46	2.2884	
229	1	2.37	2.37	2.1331	
230	1	2.48	2.48	2.4496	
231	1	2.33	2.33	2.2211	
232	1	2.3	2.3	2.17	
233	1	2.35	2.35	2.2875	
234	1	2.34	2.34	2.4644	
235	1	2.46	2.46	2.4884	
236	1	2.47	2.47	2.2691	
237	1	2.45	2.45	2.4475	
238	1	2.57	2.57	2.6251	
239	1	2.49	2.49	2.7699	
240	1	2.45	2.45	2.9675	
241	1	2.5	2.5	2.79	
242	1	2.35	2.35	2.3475	
243	1	2.45	2.45	2.2475	
244	1	2.53	2.53	2.4891	
245	1	2.43	2.43	2.4051	
246	1	2.33	2.33	2.0811	
247	1	2.29	2.29	1.9459	
248	1	2.31	2.31	1.9739	
249	1	2.34	2.34	1.9044	
250	1	2.34	2.34	1.7444	
251	1	2.34	2.34	1.7244	
252	1	2.23	2.23	1.4771	
253	1	2.24	2.24	1.5424	
254	1	2.33	2.33	1.6811	
255	1	2.33	2.33	1.6211	
256	1	2.33	2.33	1.6811	
257	1	2.36	2.36	1.7304	
258	1	2.44	2.44	2.1064	
259	1	2.35	2.35	1.7675	
260	1	2.37	2.37	1.7731	
261	1	2.43	2.43	1.8651	
262	1	2.26	2.26	1.6324	
263	1	2.14	2.14	1.7604	
264	1	2.2	2.2	1.88	
265	1	2.16	2.16	1.7944	
266	1	2.29	2.29	1.8259	
267	1	2.29	2.29	1.8659	
268	1	2.39	2.39	1.9979	
269	1	2.41	2.41	1.9819	
270	1	2.44	2.44	1.9264	
271	1	2.42	2.42	1.8036	
272	1	2.36	2.36	1.7904	
273	1	2.43	2.43	1.7051	
274	1	2.26	2.26	1.5924	
275	1	2.41	2.41	1.8219	
276	1	2.42	2.42	1.8636	
277	1	2.42	2.42	1.7836	
278	1	2.5	2.5	1.89	
279	1	2.5	2.5	1.77	
280	1	2.62	2.62	1.7756	
281	1	2.68	2.68	1.9176	
282	1	2.72	2.72	2.1216	
283	1	2.57	2.57	2.0651	
284	1	2.62	2.62	1.7556	
285	1	2.7	2.7	1.97	
286	1	2.59	2.59	1.8819	
287	1	2.51	2.51	1.8899	
288	1	2.85	2.85	2.4275	
289	1	2.86	2.86	2.4404	
290	1	2.73	2.73	2.5571	
291	1	2.49	2.49	2.4899	
292	1	2.39	2.39	2.2179	
293	1	2.27	2.27	2.1171	
294	1	2.26	2.26	2.0324	
295	1	2.34	2.34	2.2444	
296	1	2.32	2.32	2.4776	
297	1	2.17	2.17	2.1811	
298	1	2.31	2.31	2.3939	
299	1	2.28	2.28	2.3616	
300	1	2.3	2.3	2.47	
301	1	2.22	2.22	2.3516	
302	1	2.29	2.29	2.3259	
303	1	2.08	2.08	2.0336	
304	1	1.95	1.95	1.8875	
305	1	2.01	2.01	2.0299	
306	1	2.02	2.02	1.9196	
307	1	1.96	1.96	1.8384	
308	1	2.1	2.1	2.03	
309	1	2.1	2.1	2.13	
310	1	2.06	2.06	2.1364	
311	1	2.07	2.07	2.0451	
312	1	2.14	2.14	2.1004	
313	1	2.13	2.13	2.0931	
314	1	2.13	2.13	2.2131	
315	1	2.27	2.27	2.4971	
316	1	2.37	2.37	2.6931	
317	1	2.43	2.43	2.5451	
318	1	2.51	2.51	2.7499	
319	1	2.57	2.57	2.5251	
320	1	2.62	2.62	2.8756	
321	1	2.59	2.59	3.0219	
322	1	2.58	2.58	2.9836	
323	1	2.41	2.41	2.6619	
324	1	2.48	2.48	2.7896	
325	1	2.4	2.4	2.64	
326	1	2.38	2.38	2.5956	
327	1	2.24	2.24	2.3424	
328	1	2.42	2.42	2.4436	
329	1	2.52	2.52	2.4896	
330	1	2.49	2.49	2.6899	
331	1	2.44	2.44	2.5064	
332	1	2.39	2.39	2.4779	
333	1	2.37	2.37	2.5331	
334	1	2.47	2.47	2.8091	
335	1	2.55	2.55	2.9275	
336	1	2.72	2.72	2.9816	
337	1	2.36	2.36	2.7304	
338	1	2.35	2.35	2.6275	
339	1	2.43	2.43	2.8451	
340	1	2.36	2.36	2.6504	
341	1	2.48	2.48	2.6696	
342	1	2.49	2.49	2.5099	
343	1	2.54	2.54	2.5084	
344	1	2.33	2.33	2.3611	
345	1	2.24	2.24	2.3224	
346	1	2.31	2.31	2.3939	
347	1	2.38	2.38	2.4356	
348	1	2.15	2.15	2.2275	
349	1	2.28	2.28	2.5416	
350	1	2.43	2.43	2.6651	
351	1	2.7	2.7	3.01	
352	1	2.47	2.47	2.8891	
353	1	2.7	2.7	3.21	
354	1	2.89	2.89	3.4979	
355	1	2.74	2.74	3.1724	
356	1	2.92	2.92	3.1936	
357	1	2.82	2.82	3.0876	
358	1	2.78	2.78	3.1316	
359	1	2.91	2.91	3.2819	
360	1	2.93	2.93	3.3851	
361	1	2.99	2.99	3.3699	
362	1	3.05	3.05	3.2475	
363	1	3.06	3.06	3.2564	
364	1	3.2	3.2	3.3	
365	1	3.35	3.35	3.5075	
366	1	3.25	3.25	3.6075	
367	1	3.56	3.56	3.5664	
368	1	3.37	3.37	3.4931	
369	1	3.48	3.48	3.6496	
370	1	3.46	3.46	3.6684	
371	1	3.56	3.56	3.5864	
372	1	3.66	3.66	3.5044	
373	1	3.68	3.68	3.4576	
374	1	3.79	3.79	3.4859	
375	1	3.71	3.71	3.5259	
376	1	3.71	3.71	3.3459	
377	1	3.61	3.61	3.4779	
378	1	3.7	3.7	3.47	
379	1	3.9	3.9	3.27	
380	1	4.02	4.02	3.4196	
381	1	3.84	3.84	3.4944	
382	1	4.03	4.03	3.1691	
383	1	4.24	4.24	3.3824	
384	1	4.13	4.13	3.3931	
385	1	4.22	4.22	3.3716	
386	1	4.08	4.08	3.3936	
387	1	4.11	4.11	3.3779	
388	1	4.14	4.14	3.3004	
389	1	4.2	4.2	3.06	
390	1	4.29	4.29	3.0059	
391	1	4.18	4.18	3.0076	
392	1	4.23	4.23	3.2171	
393	1	4.15	4.15	3.3075	
394	1	4.08	4.08	3.3936	
395	1	4.04	4.04	3.4984	
396	1	3.83	3.83	3.4211	
397	1	4.09	4.09	3.1819	
398	1	4.04	4.04	3.2584	
399	1	4.25	4.25	2.8275	
400	1	4.2	4.2	3	
401	1	4.26	4.26	2.8324	
402	1	4.29	4.29	2.9259	
403	1	4.4	4.4	2.8	
404	1	4.38	4.38	2.8756	
405	1	4.29	4.29	3.1259	
406	1	4.26	4.26	3.1324	
407	1	4.26	4.26	3.3124	
408	1	4.3	4.3	3.37	
409	1	3.99	3.99	3.8299	
410	1	4.26	4.26	3.4124	
411	1	4.17	4.17	3.5811	
412	1	4.27	4.27	3.4571	
413	1	4.23	4.23	3.5171	
414	1	4.1	4.1	3.25	
415	1	4.2	4.2	3.18	
416	1	4.24	4.24	3.0224	
417	1	4.3	4.3	3.05	
418	1	4.21	4.21	3.3459	
419	1	4.25	4.25	3.2475	
420	1	4.15	4.15	3.3275	
421	1	4.39	4.39	2.9379	
422	1	4.42	4.42	2.9636	
423	1	4.43	4.43	3.1051	
424	1	4.41	4.41	2.7019	
425	1	4.45	4.45	2.6875	
426	1	4.32	4.32	2.8176	
427	1	4.58	4.58	2.6036	
428	1	4.65	4.65	2.6275	
429	1	4.64	4.64	2.8704	
430	1	4.58	4.58	2.8836	
431	1	4.23	4.23	3.5771	
432	1	4.2	4.2	3.52	
433	1	4.21	4.21	3.3059	
434	1	4.07	4.07	3.4851	
435	1	4.2	4.2	3.32	
436	1	3.95	3.95	3.3475	
437	1	3.87	3.87	3.5331	
438	1	3.74	3.74	3.5324	
439	1	3.71	3.71	3.3659	
440	1	3.8	3.8	3.54	
441	1	3.76	3.76	3.5824	
442	1	3.67	3.67	3.3011	
443	1	3.68	3.68	3.5176	
444	1	3.74	3.74	3.3924	
445	1	3.61	3.61	3.2179	
446	1	3.77	3.77	3.2571	
447	1	3.63	3.63	3.3131	
448	1	3.58	3.58	3.2036	
449	1	3.65	3.65	3.5275	
450	1	3.73	3.73	3.1971	
451	1	3.6	3.6	3.08	
452	1	3.65	3.65	3.1475	
453	1	3.77	3.77	3.4371	
454	1	3.66	3.66	3.1444	
455	1	3.72	3.72	3.1016	
456	1	3.86	3.86	3.2204	
457	1	3.96	3.96	3.4184	
458	1	3.78	3.78	3.2116	
459	1	3.73	3.73	3.2571	
460	1	3.67	3.67	3.2611	
461	1	3.7	3.7	3.25	
462	1	3.77	3.77	3.3171	
463	1	3.77	3.77	3.4971	
464	1	3.97	3.97	3.7491	
465	1	4.18	4.18	3.9476	
466	1	4.05	4.05	3.6875	
467	1	4.2	4.2	3.88	
468	1	4.22	4.22	3.7316	
469	1	4.31	4.31	3.6939	
470	1	4.1	4.1	3.57	
471	1	4.22	4.22	3.3916	
472	1	4.12	4.12	3.3256	
473	1	4.23	4.23	3.5371	
474	1	4.23	4.23	3.5171	
475	1	4.09	4.09	3.7019	
476	1	4.13	4.13	3.4731	
477	1	3.99	3.99	3.3899	
478	1	4.09	4.09	3.4619	
479	1	4.28	4.28	3.3216	
480	1	4.23	4.23	3.0971	
481	1	4.22	4.22	2.9116	
482	1	4.15	4.15	3.1475	
483	1	4.05	4.05	3.1475	
484	1	4.13	4.13	2.9731	
485	1	4.01	4.01	2.8899	
486	1	4.25	4.25	3.0675	
487	1	4.34	4.34	3.1644	
488	1	4.25	4.25	3.1675	
489	1	4.26	4.26	3.3724	
490	1	4.4	4.4	3.48	
491	1	4.18	4.18	3.2076	
492	1	4.15	4.15	3.2075	
493	1	4.21	4.21	3.4459	
494	1	4.29	4.29	3.8459	
495	1	4.33	4.33	3.7011	
496	1	4.39	4.39	3.5579	
497	1	4.51	4.51	3.7299	
498	1	4.51	4.51	3.5499	
499	1	4.51	4.51	3.6299	
500	1	4.57	4.57	3.4651	
501	1	4.73	4.73	3.8971	
502	1	4.7	4.7	4.09	
503	1	5	5	4.42	
504	1	5.03	5.03	4.5491	
505	1	5.06	5.06	4.5964	
506	1	5.23	5.23	4.4371	
507	1	5.33	5.33	4.6211	
508	1	5.33	5.33	4.3011	
509	1	5.39	5.39	4.0779	
510	1	5.5	5.5	4.11	
511	1	5.63	5.63	3.7931	
512	1	5.76	5.76	3.5024	
513	1	5.66	5.66	3.6244	
514	1	5.73	5.73	3.6171	
515	1	5.57	5.57	4.1051	
516	1	5.73	5.73	3.8371	
517	1	5.77	5.77	4.0771	
518	1	5.87	5.87	3.8931	
519	1	5.77	5.77	3.9571	
520	1	5.92	5.92	4.2736	
521	1	6.1	6.1	3.75	
522	1	6.23	6.23	3.5971	
523	1	6.15	6.15	3.4675	
524	1	6.22	6.22	3.6716	
525	1	6.22	6.22	3.7716	
526	1	6.16	6.16	4.3744	
527	1	6.44	6.44	3.7464	
528	1	6.33	6.33	4.0811	
529	1	6.26	6.26	3.9324	
530	1	6.38	6.38	3.7556	
531	1	6.31	6.31	3.7539	
532	1	6.34	6.34	3.7044	
533	1	6.28	6.28	4.0816	
534	1	6.32	6.32	4.0376	
535	1	6.48	6.48	3.8296	
536	1	6.34	6.34	3.9244	
537	1	6.28	6.28	4.3216	
538	1	5.95	5.95	4.8275	
539	1	5.93	5.93	4.9451	
540	1	6.12	6.12	5.0056	
541	1	6.16	6.16	5.2544	
542	1	6.38	6.38	4.7956	
543	1	6.1	6.1	4.97	
544	1	6.07	6.07	5.0051	
545	1	5.82	5.82	4.6676	
546	1	5.58	5.58	4.8436	
547	1	5.9	5.9	4.59	
548	1	5.82	5.82	4.8276	
549	1	5.85	5.85	5.4275	
550	1	5.45	5.45	4.9875	
551	1	5.3	5.3	4.83	
552	1	5.69	5.69	4.9339	
553	1	5.73	5.73	4.9171	
554	1	5.86	5.86	5.0004	
555	1	5.89	5.89	4.5779	
556	1	6.09	6.09	4.6819	
557	1	5.99	5.99	4.8299	
558	1	5.93	5.93	4.4851	
559	1	5.94	5.94	4.2564	
560	1	6.16	6.16	4.3344	
561	1	6.18	6.18	4.8276	
562	1	6.2	6.2	4.74	
563	1	6.43	6.43	4.8251	
564	1	6.45	6.45	4.7075	
565	1	6.24	6.24	4.8624	
566	1	6.57	6.57	4.9851	
567	1	6.35	6.35	5.1275	
568	1	6.86	6.86	5.0204	
569	1	6.78	6.78	5.0916	
570	1	6.84	6.84	5.4544	
571	1	7.16	7.16	5.7144	
572	1	6.97	6.97	5.4891	
573	1	6.99	6.99	5.7499	
574	1	7.17	7.17	5.6811	
575	1	6.96	6.96	5.6984	
576	1	6.83	6.83	5.2011	
577	1	7.08	7.08	5.6336	
578	1	6.99	6.99	5.2099	
579	1	7.14	7.14	5.4204	
580	1	7.11	7.11	5.2579	
581	1	7.22	7.22	4.6916	
582	1	7.13	7.13	4.8531	
583	1	7.36	7.36	5.2104	
584	1	7.19	7.19	4.8539	
585	1	7.19	7.19	5.3139	
586	1	7.36	7.36	5.2504	
587	1	7.14	7.14	4.9404	
588	1	7.23	7.23	5.6171	
589	1	7.08	7.08	5.2936	
590	1	6.95	6.95	5.8075	
591	1	7.04	7.04	4.9384	
592	1	6.86	6.86	4.6804	
593	1	6.99	6.99	4.4899	
594	1	6.77	6.77	3.9571	
595	1	6.86	6.86	3.8404	
596	1	6.75	6.75	3.4675	
597	1	6.8	6.8	3.54	
598	1	6.72	6.72	3.9216	
599	1	6.76	6.76	3.3624	
600	1	6.62	6.62	3.8756	
601	1	6.98	6.98	3.3996	
602	1	7.06	7.06	3.0164	
603	1	7.03	7.03	3.0891	
604	1	7.23	7.23	3.4771	
605	1	7.18	7.18	3.4276	
606	1	7.14	7.14	3.2804	
607	1	7.02	7.02	3.6996	
608	1	7.18	7.18	3.6076	
609	1	7	7	3.18	
610	1	6.96	6.96	3.0984	
611	1	7.01	7.01	3.5699	
612	1	7.07	7.07	3.8651	
613	1	6.88	6.88	3.9056	
614	1	6.96	6.96	4.0984	
615	1	6.89	6.89	3.6979	
616	1	6.81	6.81	3.5939	
617	1	7.02	7.02	4.1996	
618	1	6.98	6.98	3.6196	
619	1	6.78	6.78	3.6316	
620	1	6.8	6.8	3.64	
621	1	6.89	6.89	4.0179	
622	1	6.92	6.92	3.4136	
623	1	6.99	6.99	3.4099	
624	1	7.03	7.03	3.4491	
625	1	7.11	7.11	3.4179	
626	1	7.16	7.16	3.5544	
627	1	7.07	7.07	3.5451	
628	1	6.96	6.96	3.8184	
629	1	7.07	7.07	5.0451	
630	1	7.12	7.12	4.5456	
631	1	7.17	7.17	4.5811	
632	1	7.04	7.04	4.5984	
633	1	7.17	7.17	4.7611	
634	1	7.15	7.15	4.3875	
635	1	7.45	7.45	5.4475	
636	1	7.48	7.48	5.4496	
637	1	7.52	7.52	4.9296	
638	1	7.3	7.3	4.39	
639	1	7.53	7.53	4.8491	
640	1	7.86	7.86	5.6404	
641	1	7.93	7.93	5.3651	
642	1	7.94	7.94	5.4764	
643	1	7.98	7.98	5.6996	
644	1	7.81	7.81	5.4539	
645	1	8.01	8.01	6.0299	
646	1	8.13	8.13	5.7331	
647	1	8.08	8.08	5.4736	
648	1	8.36	8.36	5.7504	
649	1	8.55	8.55	5.8075	
650	1	8.54	8.54	5.4084	
651	1	8.54	8.54	5.5684	
652	1	8.52	8.52	5.4496	
653	1	8.68	8.68	5.2176	
654	1	8.77	8.77	5.7371	
655	1	8.94	8.94	5.4764	
656	1	8.77	8.77	5.2971	
657	1	8.92	8.92	6.0536	
658	1	8.89	8.89	6.2979	
659	1	8.96	8.96	6.2984	
660	1	9.14	9.14	5.9004	
661	1	9.16	9.16	5.5744	
662	1	9.17	9.17	5.4011	
663	1	9.08	9.08	5.4936	
664	1	8.78	8.78	5.5716	
665	1	8.85	8.85	4.8275	
666	1	8.74	8.74	4.6524	
667	1	8.72	8.72	4.3016	
668	1	8.6	8.6	4.32	
669	1	8.5	8.5	4.21	
670	1	8.57	8.57	4.8051	
671	1	8.57	8.57	4.9251	
672	1	8.4	8.4	5.1	
673	1	8.53	8.53	5.0891	
674	1	8.38	8.38	5.1756	
675	1	8.57	8.57	5.7851	
676	1	8.65	8.65	6.3075	
677	1	8.79	8.79	7.2859	
678	1	8.89	8.89	7.1579	
679	1	8.76	8.76	7.0424	
680	1	8.88	8.88	6.6056	
681	1	8.55	8.55	6.9075	
682	1	8.68	8.68	6.9576	
683	1	8.64	8.64	7.3704	
684	1	9	9	7.18	
685	1	8.88	8.88	7.1056	
686	1	8.97	8.97	7.1291	
687	1	9.32	9.32	7.0376	
688	1	9.13	9.13	7.3531	
689	1	9	9	7.02	
690	1	8.96	8.96	7.6784	
691	1	8.93	8.93	7.4851	
692	1	8.54	8.54	7.3084	
693	1	8.82	8.82	7.7476	
694	1	8.69	8.69	7.9739	
695	1	8.83	8.83	7.4611	
696	1	8.98	8.98	7.6796	
697	1	9.25	9.25	7.6475	
698	1	9.16	9.16	8.1744	
699	1	9.1	9.1	8.17	
700	1	9.39	9.39	8.8179	
701	1	9.64	9.64	8.3704	
702	1	9.41	9.41	8.2419	
703	1	9.03	9.03	7.9091	
704	1	9.28	9.28	7.6616	
705	1	9.36	9.36	8.1304	
706	1	9.3	9.3	8.37	
707	1	9.5	9.5	8.39	
708	1	9.51	9.51	8.6099	
709	1	9.67	9.67	7.7011	
710	1	9.25	9.25	8.3475	
711	1	9.22	9.22	7.8316	
712	1	9.2	9.2	7.9	
713	1	9.31	9.31	7.5539	
714	1	9.55	9.55	7.8475	
715	1	9.33	9.33	8.1011	
716	1	9.45	9.45	8.2075	
717	1	9.63	9.63	8.1731	
718	1	9.01	9.01	8.8099	
719	1	9.46	9.46	8.3484	
720	1	9.53	9.53	7.8491	
721	1	9.32	9.32	7.2376	
722	1	9.48	9.48	7.2496	
723	1	9.47	9.47	7.1091	
724	1	9.39	9.39	6.8979	
725	1	9.3	9.3	6.83	
726	1	9.5	9.5	6.67	
727	1	9.29	9.29	6.9459	
728	1	9.69	9.69	6.4339	
729	1	9.47	9.47	7.1691	
730	1	9.25	9.25	7.1675	
731	1	9.56	9.56	7.9664	
732	1	9.58	9.58	7.3036	
733	1	9.74	9.74	7.8324	
734	1	9.96	9.96	7.4384	
735	1	10.06	10.06	7.7364	
736	1	9.86	9.86	7.5204	
737	1	9.95	9.95	7.5275	
738	1	9.79	9.79	7.8259	
739	1	9.82	9.82	7.7476	
740	1	9.93	9.93	7.5251	
741	1	9.69	9.69	7.8139	
742	1	9.94	9.94	8.0164	
743	1	9.78	9.78	8.1516	
744	1	9.31	9.31	8.5139	
745	1	9.46	9.46	8.3284	
746	1	9.03	9.03	7.7891	
747	1	9.17	9.17	7.7411	
748	1	9.25	9.25	7.3075	
749	1	8.85	8.85	7.0875	
750	1	8.66	8.66	6.8044	
751	1	8.85	8.85	7.6875	
752	1	8.96	8.96	8.4784	
753	1	8.48	8.48	7.4696	
754	1	8.46	8.46	7.6484	
755	1	8.47	8.47	7.7091	
756	1	8.68	8.68	7.7176	
757	1	8.48	8.48	7.2096	
758	1	8.37	8.37	7.2931	
759	1	8.62	8.62	7.4356	
760	1	8.72	8.72	7.7216	
761	1	8.89	8.89	8.1979	
762	1	8.98	8.98	7.9996	
763	1	8.73	8.73	7.3971	
764	1	8.7	8.7	7.95	
765	1	8.78	8.78	7.4516	
766	1	8.9	8.9	8.47	
767	1	8.72	8.72	8.3216	
768	1	8.66	8.66	8.7444	
769	1	8.92	8.92	9.1536	
770	1	8.6	8.6	8.46	
771	1	8.69	8.69	9.2139	
772	1	8.6	8.6	8.5	
773	1	8.82	8.82	9.9676	
774	1	8.43	8.43	8.6251	
775	1	8.14	8.14	8.5404	
776	1	8.43	8.43	8.4251	
777	1	8.51	8.51	8.7099	
778	1	8.57	8.57	9.1251	
779	1	8.49	8.49	9.3299	
780	1	8.4	8.4	8.58	
781	1	8.69	8.69	8.6339	
782	1	8.78	8.78	8.5916	
783	1	8.77	8.77	9.1971	
784	1	8.58	8.58	8.4636	
785	1	9	9	9.18	
786	1	8.79	8.79	8.8259	
787	1	9.05	9.05	7.9875	
788	1	9.08	9.08	7.4736	
789	1	8.98	8.98	7.1396	
790	1	8.92	8.92	8.4136	
791	1	8.71	8.71	8.0659	
792	1	8.9	8.9	8.31	
793	1	8.66	8.66	8.4644	
794	1	8.68	8.68	8.1576	
795	1	8.66	8.66	8.9644	
796	1	8.43	8.43	8.8051	
797	1	8.39	8.39	8.1379	
798	1	8.3	8.3	7.59	
799	1	8.46	8.46	8.7084	
800	1	8.59	8.59	8.4619	
801	1	8.75	8.75	8.3075	
802	1	8.77	8.77	7.9771	
803	1	8.76	8.76	8.1024	
804	1	8.59	8.59	8.0219	
805	1	8.62	8.62	7.4756	
806	1	8.4	8.4	7.06	
807	1	8.42	8.42	7.6036	
808	1	8.77	8.77	6.8371	
809	1	8.82	8.82	6.5476	
810	1	8.81	8.81	5.8739	
811	1	8.87	8.87	5.8931	
812	1	8.89	8.89	6.1579	
813	1	8.97	8.97	6.1091	
814	1	8.88	8.88	6.6656	
815	1	8.67	8.67	6.6611	
816	1	8.91	8.91	7.5019	
817	1	8.85	8.85	6.9675	
818	1	8.91	8.91	7.0019	
819	1	8.61	8.61	7.2179	
820	1	8.87	8.87	7.3931	
821	1	8.77	8.77	7.0571	
822	1	8.72	8.72	7.1816	
823	1	8.78	8.78	7.5716	
824	1	8.82	8.82	7.6276	
825	1	8.9	8.9	7.61	
826	1	8.93	8.93	7.4251	
827	1	9.08	9.08	7.5736	
828	1	9.37	9.37	7.5131	
829	1	9.28	9.28	7.4816	
830	1	9.05	9.05	7.4275	
831	1	8.93	8.93	6.8651	
832	1	8.8	8.8	6.9	
833	1	8.95	8.95	6.0075	
834	1	8.76	8.76	5.8624	
835	1	8.69	8.69	5.9139	
836	1	8.69	8.69	6.7739	
837	1	8.62	8.62	6.0556	
838	1	8.75	8.75	6.6675	
839	1	8.45	8.45	5.8675	
840	1	8.48	8.48	5.6696	
841	1	8.66	8.66	6.0244	
842	1	9.04	9.04	6.8384	
843	1	8.82	8.82	6.7476	
844	1	8.92	8.92	7.8336	
845	1	8.81	8.81	8.0339	
846	1	9.07	9.07	7.7651	
847	1	9.21	9.21	8.0459	
848	1	9.3	9.3	9.05	
849	1	9.29	9.29	8.5459	
850	1	9.66	9.66	8.6844	
851	1	9.51	9.51	8.9299	
852	1	9.47	9.47	9.2091	
853	1	9.69	9.69	8.7139	
854	1	9.91	9.91	8.2419	
855	1	9.74	9.74	8.1724	
856	1	10.09	10.09	8.1019	
857	1	9.92	9.92	8.8136	
858	1	9.65	9.65	8.9075	
859	1	9.63	9.63	9.3531	
860	1	9.54	9.54	9.0284	
861	1	9.79	9.79	9.3459	
862	1	9.8	9.8	9.86	
863	1	9.93	9.93	9.6651	
864	1	9.83	9.83	9.3611	
865	1	9.73	9.73	9.6571	
866	1	9.59	9.59	9.0619	
867	1	9.71	9.71	8.9459	
868	1	9.87	9.87	8.7931	
869	1	9.34	9.34	8.7044	
870	1	9.36	9.36	8.7904	
871	1	9.42	9.42	9.3436	
872	1	9.62	9.62	10.0956	
873	1	9.33	9.33	9.6411	
874	1	9.28	9.28	9.0216	
875	1	9.22	9.22	9.3516	
876	1	9.46	9.46	10.7884	
877	1	9.36	9.36	9.8304	
878	1	9.39	9.39	9.7579	
879	1	9.71	9.71	9.3659	
880	1	9.64	9.64	8.7304	
881	1	9.73	9.73	9.1171	
882	1	9.64	9.64	9.5104	
883	1	9.42	9.42	8.6836	
884	1	9.27	9.27	8.8771	
885	1	9.57	9.57	9.3051	
886	1	9.42	9.42	9.7436	
887	1	9.35	9.35	10.2475	
888	1	9.16	9.16	10.3944	
889	1	9.31	9.31	10.4739	
890	1	9.07	9.07	10.0251	
891	1	8.96	8.96	9.1784	
892	1	9.14	9.14	9.0404	
893	1	9.14	9.14	9.2404	
894	1	9.25	9.25	10.0075	
895	1	9.78	9.78	9.2716	
896	1	9.9	9.9	8.47	
897	1	9.76	9.76	8.8424	
898	1	9.8	9.8	9.7	
899	1	10.16	10.16	9.0744	
900	1	10.35	10.35	9.3475	
901	1	10.17	10.17	9.5211	
902	1	10.32	10.32	9.0176	
903	1	10.44	10.44	7.8864	
904	1	10.71	10.71	7.9459	
905	1	10.44	10.44	8.2464	
906	1	10.15	10.15	8.4075	
907	1	10.21	10.21	8.6459	
908	1	10.55	10.55	8.4875	
909	1	10.58	10.58	8.0236	
910	1	10.27	10.27	8.4771	
911	1	10.49	10.49	7.9899	
912	1	10.75	10.75	7.4675	
913	1	10.93	10.93	7.8651	
914	1	11.1	11.1	7.73	
915	1	11.25	11.25	7.5075	
916	1	10.97	10.97	8.1691	
917	1	11.26	11.26	7.1324	
918	1	11.2	11.2	7.28	
919	1	11.38	11.38	6.4956	
920	1	11.19	11.19	6.8339	
921	1	11.48	11.48	7.1696	
922	1	11.56	11.56	7.1664	
923	1	11.23	11.23	7.7171	
924	1	11.35	11.35	8.2675	
925	1	11.4	11.4	8.36	
926	1	11.56	11.56	9.0464	
927	1	11.1	11.1	10.45	
928	1	10.98	10.98	10.6996	
929	1	10.79	10.79	11.3259	
930	1	10.51	10.51	11.9499	
931	1	10.32	10.32	12.3576	
932	1	10.48	10.48	12.3296	
933	1	10.42	10.42	12.0036	
934	1	10.26	10.26	10.8724	
935	1	10.22	10.22	11.5316	
936	1	10.07	10.07	11.7051	
937	1	10.09	10.09	12.0619	
938	1	10.36	10.36	12.3704	
939	1	10.44	10.44	13.6064	
940	1	10.26	10.26	13.5524	
941	1	10.13	10.13	13.0931	
942	1	10.29	10.29	13.0059	
943	1	10.17	10.17	12.9411	
944	1	9.97	9.97	12.9291	
945	1	9.84	9.84	12.8144	
946	1	9.25	9.25	11.7475	
947	1	8.92	8.92	11.0536	
948	1	8.97	8.97	12.0891	
949	1	8.78	8.78	10.3716	
950	1	8.86	8.86	10.0804	
951	1	8.9	8.9	9.63	
952	1	8.85	8.85	9.2275	
953	1	9.07	9.07	9.5051	
954	1	8.86	8.86	8.4804	
955	1	8.87	8.87	9.3931	
956	1	8.64	8.64	7.9704	
957	1	8.72	8.72	8.2216	
958	1	8.47	8.47	7.6891	
959	1	8.92	8.92	8.0536	
960	1	8.62	8.62	7.4756	
961	1	8.48	8.48	7.7696	
962	1	8.95	8.95	8.5275	
963	1	9.01	9.01	8.2099	
964	1	9.02	9.02	8.1996	
965	1	9.44	9.44	9.7264	
966	1	8.96	8.96	8.2584	
967	1	9.15	9.15	7.9475	
968	1	8.85	8.85	6.7075	
969	1	9.05	9.05	6.8875	
970	1	9.12	9.12	6.9456	
971	1	8.89	8.89	6.3779	
972	1	8.94	8.94	6.8564	
973	1	8.99	8.99	6.4699	
974	1	8.71	8.71	5.5459	
975	1	8.58	8.58	6.0636	
976	1	8.39	8.39	4.4979	
977	1	8.44	8.44	4.5264	
978	1	8.5	8.5	4.49	
979	1	8.5	8.5	4.79	
980	1	8.53	8.53	4.0491	
981	1	8.39	8.39	3.5979	
982	1	8.28	8.28	3.5216	
983	1	8.26	8.26	3.5324	
984	1	8.49	8.49	4.0299	
985	1	8.56	8.56	3.8864	
986	1	8.73	8.73	5.8771	
987	1	8.55	8.55	3.8275	
988	1	8.61	8.61	3.4179	
989	1	8.41	8.41	3.6219	
990	1	8.51	8.51	3.2899	
991	1	8.57	8.57	3.5251	
992	1	8.64	8.64	4.0304	
993	1	8.75	8.75	3.9475	
994	1	8.7	8.7	3.83	
995	1	8.57	8.57	3.2851	
996	1	8.72	8.72	3.8016	
997	1	8.7	8.7	3.79	
998	1	8.73	8.73	4.0171	
999	1	8.6	8.6	4.4	
1000	1	8.53	8.53	3.9891	
1001	1	8.54	8.54	3.2484	
1002	1	8.5	8.5	2.93	
1003	1	8.57	8.57	3.5051	
1004	1	8.69	8.69	3.8139	
1005	1	8.75	8.75	3.6475	
1006	1	8.76	8.76	3.2024	
1007	1	8.76	8.76	2.6024	
1008	1	8.71	8.71	2.9859	
1009	1	8.7	8.7	2.89	
1010	1	8.73	8.73	3.0571	
1011	1	8.92	8.92	3.0336	
1012	1	8.91	8.91	3.1619	
1013	1	9.02	9.02	2.9596	
1014	1	8.94	8.94	2.8164	
1015	1	8.97	8.97	2.2691	
1016	1	8.97	8.97	2.1891	
1017	1	9.01	9.01	2.2099	
1018	1	8.97	8.97	2.4091	
1019	1	9.01	9.01	3.1899	
1020	1	9.1	9.1	3.27	
1021	1	9.21	9.21	3.4859	
1022	1	9.29	9.29	3.2459	
1023	1	9.27	9.27	3.6371	
1024	1	9.12	9.12	3.0456	
1025	1	9.11	9.11	2.7579	
1026	1	9.08	9.08	2.8336	
1027	1	9.38	9.38	4.1356	
1028	1	8.98	8.98	2.9396	
1029	1	8.98	8.98	2.5796	
1030	1	8.92	8.92	2.8536	
1031	1	8.76	8.76	2.8624	
1032	1	8.94	8.94	3.4564	
1033	1	8.79	8.79	3.6659	
1034	1	8.97	8.97	4.3491	
1035	1	9.22	9.22	5.0516	
1036	1	9.25	9.25	4.9075	
1037	1	9.42	9.42	5.5036	
1038	1	9.46	9.46	5.3884	
1039	1	9.53	9.53	5.8291	
1040	1	9.51	9.51	5.7499	
1041	1	9.46	9.46	6.4484	
1042	1	9.54	9.54	6.2084	
1043	1	9.45	9.45	5.8875	
1044	1	9.59	9.59	6.2019	
1045	1	9.61	9.61	6.0979	
1046	1	9.69	9.69	6.6939	
1047	1	9.85	9.85	6.9475	
1048	1	9.71	9.71	5.3659	
1049	1	9.7	9.7	5.75	
1050	1	9.93	9.93	5.7651	
1051	1	10.23	10.23	6.6971	
1052	1	10.07	10.07	6.1451	
1053	1	10.02	10.02	6.1796	
1054	1	10.06	10.06	5.4964	
1055	1	10.02	10.02	5.5796	
1056	1	9.96	9.96	6.0184	
1057	1	9.95	9.95	6.0075	
1058	1	9.95	9.95	6.2675	
1059	1	9.99	9.99	7.4099	
1060	1	9.94	9.94	6.2764	
1061	1	10.04	10.04	7.4184	
1062	1	10.03	10.03	7.2891	
1063	1	9.71	9.71	5.8259	
1064	1	9.7	9.7	5.73	
1065	1	9.76	9.76	5.9424	
1066	1	9.71	9.71	5.7059	
1067	1	9.79	9.79	6.4659	
1068	1	9.96	9.96	6.7984	
1069	1	9.9	9.9	6.93	
1070	1	9.69	9.69	5.5539	
1071	1	9.92	9.92	6.6336	
1072	1	9.67	9.67	5.7211	
1073	1	9.91	9.91	6.5619	
1074	1	10.04	10.04	7.1184	
1075	1	10.03	10.03	7.4491	
1076	1	10.23	10.23	7.8371	
1077	1	10.35	10.35	8.7075	
1078	1	10.5	10.5	10.07	
1079	1	10.29	10.29	9.2259	
1080	1	10.64	10.64	10.7504	
1081	1	10.63	10.63	10.2931	
1082	1	11.05	11.05	11.6075	
1083	1	10.95	10.95	10.8675	
1084	1	10.71	10.71	10.0659	
1085	1	10.98	10.98	10.9196	
1086	1	10.88	10.88	9.9256	
1087	1	10.88	10.88	11.1056	
1088	1	10.68	10.68	10.3776	
1089	1	10.79	10.79	10.5659	
1090	1	11.09	11.09	10.9019	
1091	1	10.73	10.73	9.9771	
1092	1	11.23	11.23	12.1371	
1093	1	11.04	11.04	12.5984	
1094	1	10.92	10.92	11.7136	
1095	1	11.18	11.18	12.6676	
1096	1	10.79	10.79	11.3859	
1097	1	10.75	10.75	11.1475	
1098	1	10.83	10.83	11.3211	
1099	1	10.67	10.67	10.1811	
1100	1	10.68	10.68	11.0576	
1101	1	10.51	10.51	10.6299	
1102	1	10.56	10.56	11.1264	
1103	1	10.61	10.61	11.2379	
1104	1	10.68	10.68	11.7576	
1105	1	10.75	10.75	13.0275	
1106	1	10.57	10.57	11.8651	
1107	1	10.31	10.31	11.0139	
1108	1	10.45	10.45	11.3875	
1109	1	10.36	10.36	10.3704	
1110	1	10.17	10.17	10.0811	
1111	1	10.15	10.15	9.8075	
1112	1	10.33	10.33	10.9411	
1113	1	9.89	9.89	8.8779	
1114	1	10.23	10.23	10.1571	
1115	1	10.54	10.54	12.0284	
1116	1	10.48	10.48	12.0496	
1117	1	10.46	10.46	12.1884	
1118	1	10.82	10.82	13.3076	
1119	1	10.73	10.73	13.2571	
1120	1	10.84	10.84	13.3944	
1121	1	10.34	10.34	11.8044	
1122	1	10.38	10.38	12.1956	
1123	1	10.19	10.19	11.5739	
1124	1	10.06	10.06	10.7164	
1125	1	10.28	10.28	11.8816	
1126	1	10.2	10.2	11.92	
1127	1	10.15	10.15	11.7475	
1128	1	9.94	9.94	10.7364	
1129	1	9.76	9.76	10.0224	
1130	1	9.77	9.77	10.1771	
1131	1	9.88	9.88	11.4256	
1132	1	10.13	10.13	12.8731	
1133	1	9.64	9.64	9.4304	
1134	1	9.93	9.93	10.8851	
1135	1	9.87	9.87	11.0131	
1136	1	9.86	9.86	10.8804	
1137	1	9.62	9.62	9.5356	
1138	1	9.76	9.76	10.5824	
1139	1	9.33	9.33	7.9411	
1140	1	9	9	5.8	
1141	1	9.11	9.11	6.5779	
1142	1	9.08	9.08	5.9336	
1143	1	9	9	5.98	
1144	1	9.01	9.01	5.9499	
1145	1	9.39	9.39	8.8779	
1146	1	9.3	9.3	8.13	
1147	1	9.58	9.58	10.1036	
1148	1	9.78	9.78	11.2316	
1149	1	9.68	9.68	10.7576	
1150	1	9.69	9.69	10.1939	
1151	1	9.97	9.97	12.0091	
1152	1	9.96	9.96	11.1584	
1153	1	9.74	9.74	10.3924	
1154	1	9.47	9.47	8.6891	
1155	1	9.24	9.24	7.1424	
1156	1	9.7	9.7	9.65	
1157	1	9.71	9.71	10.1659	
1158	1	9.73	9.73	9.7171	
1159	1	9.53	9.53	8.3291	
1160	1	9.33	9.33	6.2611	
1161	1	9.25	9.25	5.3475	
1162	1	9.34	9.34	6.1244	
1163	1	9.15	9.15	4.5875	
1164	1	9.37	9.37	5.9731	
1165	1	9.08	9.08	3.6736	
1166	1	9.2	9.2	4.26	
1167	1	9.46	9.46	6.4484	
1168	1	9.37	9.37	5.9531	
1169	1	9.43	9.43	6.6051	
1170	1	9.53	9.53	7.1291	
1171	1	9.35	9.35	5.8275	
1172	1	9.22	9.22	4.4716	
1173	1	9.22	9.22	4.4516	
1174	1	9	9	3.8	
1175	1	9.53	9.53	7.2491	
1176	1	9	9	3.68	
1177	1	8.93	8.93	3.0651	
1178	1	8.92	8.92	3.0936	
1179	1	8.94	8.94	3.0764	
1180	1	9.06	9.06	4.6764	
1181	1	9.18	9.18	5.4276	
1182	1	9.49	9.49	7.6499	
1183	1	9.67	9.67	8.2611	
1184	1	9.63	9.63	8.3531	
1185	1	9.83	9.83	9.6411	
1186	1	9.79	9.79	9.8859	
1187	1	10.01	10.01	11.5499	
1188	1	9.99	9.99	12.0899	
1189	1	9.86	9.86	10.2004	
1190	1	9.91	9.91	10.9219	
1191	1	10.11	10.11	11.9179	
1192	1	9.9	9.9	10.81	
1193	1	10.27	10.27	13.3171	
1194	1	10.32	10.32	13.3176	
1195	1	9.82	9.82	9.5076	
1196	1	9.82	9.82	9.6876	
1197	1	9.99	9.99	10.2699	
1198	1	9.94	9.94	10.4764	
1199	1	10.19	10.19	12.5539	
1200	1	10.08	10.08	12.1136	
1201	1	9.73	9.73	9.7171	
1202	1	9.76	9.76	9.7024	
1203	1	9.6	9.6	9.12	
1204	1	9.69	9.69	9.5539	
1205	1	10.03	10.03	11.4491	
1206	1	9.83	9.83	10.9411	
1207	1	9.81	9.81	10.1739	
1208	1	10.26	10.26	13.3724	
1209	1	10.12	10.12	12.7856	
1210	1	10.04	10.04	11.8384	
1211	1	10.38	10.38	13.4356	
1212	1	10.08	10.08	11.7536	
1213	1	10.28	10.28	12.9016	
1214	1	10.14	10.14	12.8004	
1215	1	10.28	10.28	13.8416	
1216	1	9.64	9.64	10.0504	
1217	1	9.88	9.88	12.0256	
1218	1	9.84	9.84	12.1144	
1219	1	10.08	10.08	13.4136	
1220	1	10.76	10.76	17.1424	
1221	1	10.49	10.49	15.5699	
1222	1	10.48	10.48	15.5896	
1223	1	10.73	10.73	16.3371	
1224	1	10.75	10.75	16.1675	
1225	1	10.98	10.98	17.7196	
1226	1	11.21	11.21	18.3259	
1227	1	10.74	10.74	16.1724	
1228	1	10.45	10.45	14.7075	
1229	1	10.49	10.49	13.8899	
1230	1	10.85	10.85	15.9075	
1231	1	10.77	10.77	16.3171	
1232	1	10.96	10.96	16.8384	
1233	1	11.21	11.21	17.2659	
1234	1	11.44	11.44	17.5864	
1235	1	11.17	11.17	15.9211	
1236	1	11.4	11.4	16.88	
1237	1	11.13	11.13	15.7531	
1238	1	11.15	11.15	16.3475	
1239	1	11.16	11.16	15.6744	
1240	1	10.95	10.95	15.7475	
1241	1	11.11	11.11	15.5379	
1242	1	11.26	11.26	16.2524	
1243	1	11.52	11.52	18.3896	
1244	1	11.56	11.56	18.3864	
1245	1	12.25	12.25	20.3275	
1246	1	12.42	12.42	21.5236	
1247	1	12.22	12.22	20.7716	
1248	1	12.46	12.46	21.5684	
1249	1	12.66	12.66	22.6244	
1250	1	12.27	12.27	21.8571	
1251	1	11.79	11.79	19.6059	
1252	1	12.11	12.11	20.5579	
1253	1	11.98	11.98	20.3196	
1254	1	11.97	11.97	19.7491	
1255	1	12.24	12.24	21.0824	
1256	1	12.07	12.07	19.5251	
1257	1	11.69	11.69	19.0539	
1258	1	11.26	11.26	17.6324	
1259	1	11.13	11.13	16.4131	
1260	1	11.17	11.17	16.4411	
1261	1	11.03	11.03	16.0291	
1262	1	10.73	10.73	14.7171	
1263	1	11.09	11.09	16.2019	
1264	1	10.75	10.75	14.4075	
1265	1	10.89	10.89	14.8779	
1266	1	11.18	11.18	16.7476	
1267	1	10.73	10.73	13.7771	
1268	1	10.57	10.57	13.0451	
1269	1	10.43	10.43	11.7051	
1270	1	10.68	10.68	13.1976	
1271	1	10.77	10.77	14.2371	
1272	1	10.54	10.54	12.5484	
1273	1	10.95	10.95	13.5275	
1274	1	11.39	11.39	15.9179	
1275	1	11.37	11.37	15.2531	
1276	1	11.66	11.66	15.9244	
1277	1	11.93	11.93	16.0651	
1278	1	12.43	12.43	17.4451	
1279	1	12.65	12.65	18.0675	
1280	1	12.55	12.55	17.6075	
1281	1	12.4	12.4	17.82	
1282	1	12.42	12.42	17.2636	
1283	1	12.54	12.54	16.9484	
1284	1	12.8	12.8	18.06	
1285	1	12.7	12.7	17.71	
1286	1	12.36	12.36	17.6504	
1287	1	12.45	12.45	18.8075	
1288	1	12.03	12.03	17.4891	
1289	1	11.96	11.96	17.0784	
1290	1	12.37	12.37	19.3331	
1291	1	12.03	12.03	19.1291	
1292	1	12.25	12.25	18.7075	
1293	1	12.98	12.98	20.3196	
1294	1	13.16	13.16	19.6144	
1295	1	12.94	12.94	19.9364	
1296	1	12.58	12.58	18.8436	
1297	1	12.55	12.55	18.8275	
1298	1	12.38	12.38	18.9156	
1299	1	12.49	12.49	18.4099	
1300	1	13.14	13.14	19.9004	
1301	1	13.06	13.06	19.2764	
1302	1	12.96	12.96	18.0984	
1303	1	12.65	12.65	18.4075	
1304	1	12.86	12.86	19.1604	
1305	1	13.02	13.02	19.4596	
1306	1	13.32	13.32	20.2376	
1307	1	13.7	13.7	20.17	
1308	1	13.49	13.49	18.5699	
1309	1	12.91	12.91	19.4219	
1310	1	12.91	12.91	18.7019	
1311	1	13.28	13.28	18.6016	
1312	1	13.4	13.4	18.08	
1313	1	13.23	13.23	17.9971	
1314	1	12.93	12.93	17.0851	
1315	1	13.26	13.26	16.9124	
1316	1	13.2	13.2	17.38	
1317	1	12.53	12.53	15.1091	
1318	1	12.43	12.43	13.6651	
1319	1	12.55	12.55	14.0875	
1320	1	12.76	12.76	14.7824	
1321	1	12.89	12.89	13.2179	
1322	1	12.84	12.84	12.5744	
1323	1	12.71	12.71	11.2459	
1324	1	12.88	12.88	11.2856	
1325	1	13.28	13.28	12.4816	
1326	1	13.26	13.26	11.8124	
1327	1	13.4	13.4	13.04	
1328	1	13.23	13.23	12.7171	
1329	1	13.45	13.45	13.5675	
1330	1	13.42	13.42	14.0236	
1331	1	13.31	13.31	12.7339	
1332	1	13.17	13.17	11.8611	
1333	1	13.31	13.31	11.5539	
1334	1	12.89	12.89	10.9179	
1335	1	13.25	13.25	11.8675	
1336	1	13.11	13.11	11.9579	
1337	1	12.93	12.93	12.1251	
1338	1	13.39	13.39	13.4379	
1339	1	12.87	12.87	10.9931	
1340	1	12.61	12.61	9.5179	
1341	1	12.82	12.82	9.3876	
1342	1	12.99	12.99	10.0299	
1343	1	13.06	13.06	10.5164	
1344	1	13.16	13.16	10.1744	
1345	1	13.52	13.52	11.7096	
1346	1	13.78	13.78	13.4516	
1347	1	13.76	13.76	13.2024	
1348	1	13.72	13.72	12.3816	
1349	1	13.6	13.6	13	
1350	1	14.22	14.22	14.8316	
1351	1	14.18	14.18	16.2476	
1352	1	13.72	13.72	14.0616	
1353	1	13.75	13.75	12.5275	
1354	1	13.85	13.85	12.8075	
1355	1	13.43	13.43	13.3051	
1356	1	13.84	13.84	13.9744	
1357	1	13.92	13.92	14.9936	
1358	1	13.68	13.68	13.5776	
1359	1	14.09	14.09	14.0419	
1360	1	13.84	13.84	13.7144	
1361	1	13.69	13.69	14.1939	
1362	1	14.21	14.21	14.6459	
1363	1	13.67	13.67	14.5011	
1364	1	14.22	14.22	14.4116	
1365	1	13.91	13.91	13.8019	
1366	1	13.63	13.63	12.3931	
1367	1	13.27	13.27	11.9571	
1368	1	13.49	13.49	12.9299	
1369	1	13.42	13.42	12.5236	
1370	1	13.98	13.98	14.7596	
1371	1	13.86	13.86	13.1404	
1372	1	14.24	14.24	14.0024	
1373	1	14.22	14.22	14.4316	
1374	1	14.05	14.05	13.7875	
1375	1	14.17	14.17	14.0211	
1376	1	14.05	14.05	13.2275	
1377	1	13.93	13.93	13.1251	
1378	1	13.78	13.78	12.1916	
1379	1	13.7	13.7	12.27	
1380	1	14.02	14.02	12.2396	
1381	1	13.85	13.85	12.4075	
1382	1	13.83	13.83	12.5011	
1383	1	14.34	14.34	15.0444	
1384	1	14.2	14.2	13.62	
1385	1	13.48	13.48	9.7696	
1386	1	13.64	13.64	11.1104	
1387	1	13.38	13.38	11.4956	
1388	1	13.65	13.65	12.0875	
1389	1	13.92	13.92	11.8536	
1390	1	13.68	13.68	11.0976	
1391	1	13.66	13.66	10.4044	
1392	1	13.9	13.9	11.03	
1393	1	14.04	14.04	11.5384	
1394	1	13.96	13.96	11.4384	
1395	1	14.04	14.04	12.1184	
1396	1	13.98	13.98	11.3796	
1397	1	13.97	13.97	12.0291	
1398	1	14.04	14.04	11.8184	
1399	1	14.39	14.39	13.0779	
1400	1	14.22	14.22	13.5316	
1401	1	14.37	14.37	11.3131	
1402	1	14.39	14.39	11.9979	
1403	1	14.97	14.97	13.4291	
1404	1	15.01	15.01	13.1699	
1405	1	14.8	14.8	12.32	
1406	1	15.01	15.01	12.5699	
1407	1	15.07	15.07	12.1251	
1408	1	15.15	15.15	12.4475	
1409	1	15.02	15.02	11.4996	
1410	1	15.13	15.13	11.1131	
1411	1	15.11	15.11	10.6179	
1412	1	15.07	15.07	9.5451	
1413	1	15.28	15.28	10.5416	
1414	1	15.48	15.48	10.8696	
1415	1	15.77	15.77	11.1171	
1416	1	15.62	15.62	11.1756	
1417	1	16.12	16.12	11.4456	
1418	1	16.42	16.42	11.6836	
1419	1	16.3	16.3	11.87	
1420	1	16.28	16.28	11.7616	
1421	1	16.37	16.37	11.6331	
1422	1	16.36	16.36	11.3304	
1423	1	16.81	16.81	12.1939	
1424	1	16.66	16.66	11.5044	
1425	1	16.85	16.85	12.5475	
1426	1	17	17	12.6	
1427	1	16.91	16.91	12.4819	
1428	1	16.87	16.87	13.5731	
1429	1	16.65	16.65	12.0875	
1430	1	16.76	16.76	12.2824	
1431	1	16.33	16.33	12.7411	
1432	1	16.48	16.48	12.5896	
1433	1	16.46	16.46	13.4684	
1434	1	16.73	16.73	11.6971	
1435	1	16.84	16.84	11.4144	
1436	1	16.92	16.92	11.3136	
1437	1	17.08	17.08	10.9736	
1438	1	17.11	17.11	12.0179	
1439	1	17.41	17.41	11.6819	
1440	1	17.47	17.47	12.4091	
1441	1	17.48	17.48	11.2896	
1442	1	17.17	17.17	11.0811	
1443	1	16.99	16.99	10.6299	
1444	1	17.13	17.13	11.0731	
1445	1	17.07	17.07	10.9851	
1446	1	17.39	17.39	11.2579	
1447	1	16.97	16.97	11.2091	
1448	1	17.34	17.34	9.9244	
1449	1	17.46	17.46	8.7284	
1450	1	17.61	17.61	8.6779	
1451	1	17.65	17.65	9.1475	
1452	1	17.92	17.92	9.2336	
1453	1	17.7	17.7	8.71	
1454	1	17.69	17.69	8.6339	
1455	1	18	18	9	
1456	1	17.99	17.99	9.1899	
1457	1	17.79	17.79	9.4659	
1458	1	17.98	17.98	8.9196	
1459	1	18.05	18.05	8.9475	
1460	1	18.7	18.7	8.21	
1461	1	18.6	18.6	8.24	
1462	1	18.52	18.52	8.3896	
1463	1	18.77	18.77	8.0171	
1464	1	18.67	18.67	8.1611	
1465	1	18.87	18.87	7.3931	
1466	1	18.78	18.78	6.9716	
1467	1	18.76	18.76	6.4224	
1468	1	18.6	18.6	7.02	
1469	1	18.72	18.72	7.0816	
1470	1	18.55	18.55	7.8275	
1471	1	18.56	18.56	8.2664	
1472	1	18.85	18.85	7.0275	
1473	1	18.51	18.51	6.7699	
1474	1	18.33	18.33	8.3211	
1475	1	18.64	18.64	7.4304	
1476	1	18.43	18.43	7.4851	
1477	1	18.55	18.55	7.6875	
1478	1	18.54	18.54	7.5684	
1479	1	18.19	18.19	8.3939	
1480	1	18.15	18.15	8.1675	
1481	1	18.24	18.24	7.7624	
1482	1	18.3	18.3	7.47	
1483	1	18.15	18.15	8.0275	
1484	1	17.92	17.92	8.3736	
1485	1	18.1	18.1	8.05	
1486	1	18.12	18.12	7.9456	
1487	1	17.91	17.91	8.5219	
1488	1	17.97	17.97	9.3091	
1489	1	18.34	18.34	8.1844	
1490	1	18.12	18.12	8.8456	
1491	1	18.43	18.43	8.1251	
1492	1	18.45	18.45	7.8075	
1493	1	18.86	18.86	6.0404	
1494	1	18.98	18.98	5.2796	
1495	1	19.15	19.15	5.2875	
1496	1	19.18	19.18	5.0276	
1497	1	19.13	19.13	4.6731	
1498	1	19.2	19.2	4.2	
1499	1	19.28	19.28	4.1616	
1500	1	19.39	19.39	4.4179	
1501	1	19.61	19.61	3.2979	
1502	1	19.69	19.69	3.3139	
1503	1	19.96	19.96	1.7984	
1504	1	20.01	20.01	1.4299	
1505	1	20.03	20.03	1.3691	
1506	1	20.02	20.02	1.2996	
1507	1	19.94	19.94	1.2764	
1508	1	19.86	19.86	1.2604	
1509	1	19.82	19.82	1.1476	
1510	1	19.87	19.87	1.0331	
1511	1	19.84	19.84	1.0144	
1512	1	19.91	19.91	1.1019	
1513	1	19.87	19.87	1.1931	
1514	1	19.8	19.8	1.14	
1515	1	19.76	19.76	1.0024	
1516	1	19.91	19.91	1.1019	
1517	1	19.85	19.85	1.1075	
1518	1	19.84	19.84	1.0344	
1519	1	19.88	19.88	1.0456	
1520	1	20.05	20.05	1.1675	
1521	1	19.98	19.98	1.0996	
1522	1	19.93	19.93	1.1251	
1523	1	19.96	19.96	1.0984	
1524	1	19.97	19.97	1.0891	
1525	1	20.01	20.01	1.1099	
1526	1	19.95	19.95	1.0675	
1527	1	19.97	19.97	1.1691	
1528	1	19.95	19.95	1.1675	
1529	1	20.03	20.03	1.3091	
1530	1	20.03	20.03	1.2491	
1531	1	20.08	20.08	1.3936	
1532	1	20.06	20.06	1.1964	
1533	1	20.05	20.05	1.1875	
1534	1	20.11	20.11	1.1579	
1535	1	20.27	20.27	1.2571	
1536	1	20.24	20.24	1.0624	
1537	1	20.33	20.33	1.2811	
1538	1	20.38	20.38	1.3156	
1539	1	20.44	20.44	1.3864	
1540	1	20.35	20.35	1.2475	
1541	1	20.43	20.43	1.3651	
1542	1	20.47	20.47	1.4691	
1543	1	20.42	20.42	1.6836	
1544	1	20.33	20.33	1.6211	
1545	1	20.45	20.45	1.6275	
1546	1	20.51	20.51	1.7499	
1547	1	20.59	20.59	1.7419	
1548	1	20.62	20.62	1.7356	
1549	1	20.6	20.6	1.76	
1550	1	20.7	20.7	1.65	
1551	1	20.68	20.68	1.7576	
1552	1	20.55	20.55	1.8075	
1553	1	20.57	20.57	1.7451	
1554	1	20.55	20.55	1.8475	
1555	1	20.6	20.6	1.88	
1556	1	20.56	20.56	1.8864	
1557	1	20.58	20.58	2.0436	
1558	1	20.67	20.67	1.9611	
1559	1	20.51	20.51	2.1299	
1560	1	20.61	20.61	2.0979	
1561	1	20.74	20.74	2.0324	
1562	1	20.76	20.76	2.0824	
1563	1	20.76	20.76	2.1424	
1564	1	20.76	20.76	2.0224	
1565	1	20.64	20.64	2.0304	
1566	1	20.7	20.7	2.03	
1567	1	20.65	20.65	2.1075	
1568	1	20.7	20.7	2.11	
1569	1	20.77	20.77	1.9971	
1570	1	20.87	20.87	1.9731	
1571	1	20.78	20.78	1.9716	
1572	1	20.85	20.85	2.0075	
1573	1	20.79	20.79	2.0659	
1574	1	20.79	20.79	2.0859	
1575	1	20.82	20.82	1.9076	
1576	1	20.8	20.8	1.8	
1577	1	20.83	20.83	1.9011	
1578	1	21	21	1.82	
1579	1	20.99	20.99	1.6299	
1580	1	21.17	21.17	1.6611	
1581	1	21.18	21.18	1.6076	
1582	1	21.1	21.1	1.57	
1583	1	21.18	21.18	1.4676	
1584	1	21.14	21.14	1.5004	
1585	1	21.1	21.1	1.57	
1586	1	21.02	21.02	1.6996	
1587	1	21.1	21.1	1.73	
1588	1	21.1	21.1	1.79	
1589	1	21.17	21.17	1.6211	
1590	1	21.07	21.07	1.8451	
1591	1	21.1	21.1	1.65	
1592	1	21.05	21.05	1.7875	
1593	1	21.1	21.1	1.69	
1594	1	21.21	21.21	1.5859	
1595	1	21.14	21.14	1.5404	
1596	1	21.26	21.26	1.5724	
1597	1	21.2	21.2	1.62	
1598	1	21.15	21.15	1.6075	
1599	1	21.15	21.15	1.8275	
1600	1	21.12	21.12	1.8656	
1601	1	21.3	21.3	1.91	
1602	1	21.23	21.23	1.9971	
1603	1	21.12	21.12	1.9856	
1604	1	21.19	21.19	2.1139	
1605	1	21.06	21.06	2.0964	
1606	1	21.29	21.29	2.1259	
1607	1	21.15	21.15	2.1475	
1608	1	21.27	21.27	2.4171	
1609	1	21.27	21.27	2.5371	
1610	1	21.36	21.36	2.6104	
1611	1	21.33	21.33	2.5611	
1612	1	21.29	21.29	2.5459	
1613	1	21.2	21.2	2.58	
1614	1	21.37	21.37	2.5331	
1615	1	21.42	21.42	2.5836	
1616	1	21.36	21.36	2.3704	
1617	1	21.43	21.43	2.3451	
1618	1	21.48	21.48	2.4696	
1619	1	21.34	21.34	2.5644	
1620	1	21.46	21.46	2.6084	
1621	1	21.47	21.47	2.7291	
1622	1	21.43	21.43	2.6651	
1623	1	21.63	21.63	2.8731	
1624	1	21.44	21.44	3.0664	
1625	1	21.44	21.44	2.8264	
1626	1	21.35	21.35	2.6675	
1627	1	21.3	21.3	2.45	
1628	1	21.32	21.32	2.6776	
1629	1	21.22	21.22	2.5716	
1630	1	21.34	21.34	2.4044	
1631	1	21.48	21.48	2.5096	
1632	1	21.55	21.55	2.5875	
1633	1	21.65	21.65	2.7075	
1634	1	21.65	21.65	2.5075	
1635	1	21.79	21.79	2.6259	
1636	1	21.92	21.92	2.5536	
1637	1	21.96	21.96	2.5584	
1638	1	21.85	21.85	2.6275	
1639	1	21.94	21.94	2.6164	
1640	1	21.84	21.84	2.5944	
1641	1	21.86	21.86	2.3404	
1642	1	21.97	21.97	2.5691	
1643	1	22.04	22.04	2.4184	
1644	1	22.08	22.08	2.5136	
1645	1	21.98	21.98	2.5996	
1646	1	22.03	22.03	2.8491	
1647	1	22.15	22.15	2.7875	
1648	1	22.25	22.25	2.6075	
1649	1	22.32	22.32	2.9776	
1650	1	22.23	22.23	2.9371	
1651	1	22.18	22.18	3.1676	
1652	1	22.05	22.05	3.6475	
1653	1	21.82	21.82	3.3476	
1654	1	21.64	21.64	3.3904	
1655	1	21.91	21.91	3.2619	
1656	1	21.9	21.9	3.11	
1657	1	21.86	21.86	2.9204	
1658	1	21.93	21.93	2.9851	
1659	1	22.14	22.14	3.0204	
1660	1	22.2	22.2	3.3	
1661	1	22.24	22.24	3.2824	
1662	1	22.15	22.15	3.2475	
1663	1	22.28	22.28	3.2016	
1664	1	22.23	22.23	3.2771	
1665	1	21.97	21.97	2.9891	
1666	1	21.79	21.79	2.6259	
1667	1	21.99	21.99	2.8299	
1668	1	21.83	21.83	2.7011	
1669	1	21.99	21.99	2.8299	
1670	1	22.11	22.11	3.2179	
1671	1	22.07	22.07	3.4051	
1672	1	22.21	22.21	3.5059	
1673	1	22.23	22.23	3.6771	
1674	1	22.16	22.16	3.4544	
1675	1	22.38	22.38	3.4156	
1676	1	22.37	22.37	3.3931	
1677	1	22.39	22.39	3.4979	
1678	1	22.46	22.46	3.7684	
1679	1	22.45	22.45	3.6275	
1680	1	22.59	22.59	3.9419	
1681	1	22.58	22.58	3.6836	
1682	1	22.51	22.51	3.6699	
1683	1	22.69	22.69	3.1539	
1684	1	22.73	22.73	3.3171	
1685	1	22.86	22.86	3.1004	
1686	1	22.74	22.74	2.9724	
1687	1	22.61	22.61	2.9779	
1688	1	22.9	22.9	3.05	
1689	1	22.88	22.88	2.8256	
1690	1	22.95	22.95	2.7675	
1691	1	23	23	2.96	
1692	1	23.04	23.04	2.7784	
1693	1	23.15	23.15	2.4275	
1694	1	23.2	23.2	2.38	
1695	1	23.18	23.18	2.3076	
1696	1	23.28	23.28	2.7016	
1697	1	23.18	23.18	2.8676	
1698	1	23.16	23.16	2.7144	
1699	1	23.52	23.52	2.5096	
1700	1	23.66	23.66	2.2044	
1701	1	23.52	23.52	2.5296	
1702	1	23.4	23.4	2.56	
1703	1	23.52	23.52	2.4496	
1704	1	23.52	23.52	2.3696	
1705	1	23.43	23.43	2.5451	
1706	1	23.46	23.46	2.3084	
1707	1	23.38	23.38	2.2556	
1708	1	23.51	23.51	1.6099	
1709	1	23.6	23.6	1.82	
1710	1	23.51	23.51	1.7499	
1711	1	23.58	23.58	1.6836	
1712	1	23.55	23.55	2.0675	
1713	1	23.76	23.76	2.2624	
1714	1	23.62	23.62	2.4756	
1715	1	23.58	23.58	2.5036	
1716	1	23.48	23.48	3.0696	
1717	1	23.66	23.66	2.8244	
1718	1	23.59	23.59	2.7619	
1719	1	23.65	23.65	2.8675	
1720	1	23.59	23.59	2.9219	
1721	1	23.82	23.82	2.2676	
1722	1	23.89	23.89	2.3579	
1723	1	24.13	24.13	2.2531	
1724	1	24.11	24.11	2.3579	
1725	1	24.04	24.04	2.3984	
1726	1	24.04	24.04	2.2784	
1727	1	24.16	24.16	2.1544	
1728	1	23.99	23.99	2.1899	
1729	1	23.92	23.92	2.2736	
1730	1	24.09	24.09	2.0619	
1731	1	24.12	24.12	2.0056	
1732	1	23.82	23.82	2.3876	
1733	1	24.07	24.07	2.4051	
1734	1	24.12	24.12	2.3656	
1735	1	24.15	24.15	2.5475	
1736	1	24.23	24.23	2.5171	
1737	1	24.15	24.15	2.4875	
1738	1	23.94	23.94	3.0964	
1739	1	23.97	23.97	2.6691	
1740	1	24.19	24.19	2.4139	
1741	1	24.14	24.14	2.2004	
1742	1	24.25	24.25	2.1875	
1743	1	24.2	24.2	2.68	
1744	1	24.27	24.27	2.3771	
1745	1	24.29	24.29	2.1659	
1746	1	24.31	24.31	2.2939	
1747	1	24.2	24.2	2.06	
1748	1	24.28	24.28	2.1216	
1749	1	24.27	24.27	2.1971	
1750	1	24.37	24.37	2.9331	
1751	1	24.36	24.36	2.3904	
1752	1	24.5	24.5	2.61	
1753	1	24.56	24.56	2.3064	
1754	1	24.46	24.46	2.6684	
1755	1	24.49	24.49	2.1299	
1756	1	24.71	24.71	2.2059	
1757	1	24.77	24.77	2.2171	
1758	1	24.72	24.72	2.5216	
1759	1	24.65	24.65	2.1675	
1760	1	24.72	24.72	2.3816	
1761	1	24.79	24.79	2.0259	
1762	1	24.81	24.81	2.1139	
1763	1	24.77	24.77	2.2571	
1764	1	24.65	24.65	2.0275	
1765	1	24.61	24.61	2.2779	
1766	1	24.69	24.69	2.2139	
1767	1	24.85	24.85	2.4675	
1768	1	24.91	24.91	2.5619	
1769	1	25.03	25.03	2.7891	
1770	1	24.93	24.93	2.3651	
1771	1	24.96	24.96	2.5184	
1772	1	25.08	25.08	2.4136	
1773	1	25.08	25.08	2.8136	
1774	1	25.16	25.16	2.4944	
1775	1	25.15	25.15	2.5675	
1776	1	25.23	25.23	2.5171	
1777	1	25.26	25.26	2.5324	
1778	1	25.02	25.02	2.6396	
1779	1	24.98	24.98	2.6996	
1780	1	25.07	25.07	2.5651	
1781	1	25.1	25.1	2.59	
1782	1	25.07	25.07	3.0251	
1783	1	25.02	25.02	2.7996	
1784	1	24.95	24.95	2.5875	
1785	1	25	25	2.44	
1786	1	24.9	24.9	2.19	
1787	1	24.95	24.95	2.1075	
1788	1	24.96	24.96	2.1384	
1789	1	24.91	24.91	2.3019	
1790	1	24.72	24.72	2.1216	
1791	1	24.76	24.76	2.0224	
1792	1	24.86	24.86	2.0204	
1793	1	25.01	25.01	2.1299	
1794	1	24.97	24.97	2.0691	
1795	1	24.97	24.97	1.8091	
1796	1	24.88	24.88	1.7656	
1797	1	24.96	24.96	1.7584	
1798	1	24.85	24.85	1.7275	
1799	1	24.97	24.97	1.6491	
1800	1	25	25	2.16	
1801	1	24.73	24.73	1.6571	
1802	1	24.8	24.8	1.98	
1803	1	24.86	24.86	2.0204	
1804	1	24.78	24.78	2.1316	
1805	1	24.81	24.81	2.1539	
1806	1	24.92	24.92	2.1936	
1807	1	24.94	24.94	2.3164	
1808	1	24.9	24.9	1.95	
1809	1	24.85	24.85	1.8875	
1810	1	24.59	24.59	1.6019	
1811	1	24.53	24.53	1.5091	
1812	1	24.51	24.51	1.3899	
1813	1	24.56	24.56	1.3464	
1814	1	24.51	24.51	1.3899	
1815	1	24.5	24.5	1.31	
1816	1	24.5	24.5	1.39	
1817	1	24.44	24.44	1.2664	
1818	1	24.53	24.53	1.2891	
1819	1	24.64	24.64	1.3504	
1820	1	24.57	24.57	1.1851	
1821	1	24.65	24.65	1.1475	
1822	1	24.57	24.57	1.2651	
1823	1	24.6	24.6	1.32	
1824	1	24.45	24.45	1.1875	
1825	1	24.44	24.44	1.1264	
1826	1	24.41	24.41	1.1619	
1827	1	24.42	24.42	0.9436	
1828	1	24.41	24.41	1.1419	
1829	1	24.4	24.4	1.18	
1830	1	24.37	24.37	1.1931	
1831	1	24.45	24.45	1.4075	
1832	1	24.44	24.44	1.3264	
1833	1	24.47	24.47	1.2291	
1834	1	24.51	24.51	1.2499	
1835	1	24.52	24.52	1.3696	
1836	1	24.59	24.59	1.4619	
1837	1	24.55	24.55	1.3675	
1838	1	24.59	24.59	1.4619	
1839	1	24.61	24.61	1.3779	
1840	1	24.69	24.69	1.5539	
1841	1	24.51	24.51	1.4699	
1842	1	24.55	24.55	1.4875	
1843	1	24.36	24.36	1.3304	
1844	1	24.27	24.27	1.3771	
1845	1	24.35	24.35	1.4675	
1846	1	24.4	24.4	1.46	
1847	1	24.37	24.37	1.2531	
1848	1	24.32	24.32	1.2376	
1849	1	24.36	24.36	1.2704	
1850	1	24.32	24.32	1.3976	
1851	1	24.21	24.21	1.3059	
1852	1	24.44	24.44	1.4464	
1853	1	24.28	24.28	1.3216	
1854	1	24.26	24.26	1.1724	
1855	1	24.28	24.28	1.0416	
1856	1	24.32	24.32	1.0776	
1857	1	24.4	24.4	1.26	
1858	1	24.43	24.43	1.2651	
1859	1	24.38	24.38	1.3956	
1860	1	24.35	24.35	1.3475	
1861	1	24.4	24.4	1.4	
1862	1	24.41	24.41	1.3419	
1863	1	24.45	24.45	1.4875	
1864	1	24.47	24.47	1.4691	
1865	1	24.55	24.55	1.4675	
1866	1	24.6	24.6	1.4	
1867	1	24.67	24.67	1.4611	
1868	1	24.87	24.87	1.5931	
1869	1	24.83	24.83	1.6411	
1870	1	24.72	24.72	1.3416	
1871	1	24.69	24.69	1.4939	
1872	1	24.79	24.79	1.4259	
1873	1	24.66	24.66	1.3444	
1874	1	24.64	24.64	1.2304	
1875	1	24.65	24.65	1.0875	
1876	1	24.74	24.74	1.1524	
1877	1	24.7	24.7	1.23	
1878	1	24.72	24.72	1.3816	
1879	1	24.64	24.64	1.1504	
1880	1	24.6	24.6	1.32	
1881	1	24.56	24.56	1.2664	
1882	1	24.72	24.72	1.5016	
1883	1	24.59	24.59	1.4819	
1884	1	24.61	24.61	1.3579	
1885	1	24.47	24.47	1.2891	
1886	1	24.59	24.59	1.3219	
1887	1	24.66	24.66	1.5244	
1888	1	24.76	24.76	1.7224	
1889	1	24.83	24.83	2.2611	
1890	1	24.72	24.72	1.7416	
1891	1	24.81	24.81	2.0539	
1892	1	24.82	24.82	2.0476	
1893	1	24.86	24.86	2.4004	
1894	1	24.94	24.94	2.5964	
1895	1	24.87	24.87	2.3131	
1896	1	24.8	24.8	2.1	
1897	1	24.83	24.83	2.1011	
1898	1	24.92	24.92	2.5136	
1899	1	24.79	24.79	1.9459	
1900	1	24.72	24.72	1.8216	
1901	1	24.66	24.66	1.6444	
1902	1	24.7	24.7	1.53	
1903	1	24.73	24.73	1.5171	
1904	1	24.84	24.84	1.8344	
1905	1	24.89	24.89	1.8779	
1906	1	24.97	24.97	1.5491	
1907	1	25.01	25.01	1.7699	
1908	1	25.1	25.1	1.73	
1909	1	25.05	25.05	1.4875	
1910	1	25.16	25.16	1.7144	
1911	1	24.97	24.97	1.5091	
1912	1	25.01	25.01	1.5899	
1913	1	24.95	24.95	1.6075	
1914	1	25.12	25.12	1.8256	
1915	1	25.03	25.03	1.7891	
1916	1	25.17	25.17	1.7211	
1917	1	25.08	25.08	1.6336	
1918	1	25.03	25.03	1.4691	
1919	1	24.99	24.99	1.4699	
1920	1	24.96	24.96	1.6384	
1921	1	25.01	25.01	1.6099	
1922	1	24.99	24.99	1.7499	
1923	1	24.87	24.87	1.7131	
1924	1	24.94	24.94	1.5164	
1925	1	24.87	24.87	1.5331	
1926	1	24.72	24.72	1.4816	
1927	1	24.82	24.82	1.4076	
1928	1	24.93	24.93	1.4051	
1929	1	24.96	24.96	1.4384	
1930	1	24.93	24.93	1.4051	
1931	1	24.95	24.95	1.4275	
1932	1	25.08	25.08	2.2536	
1933	1	25.12	25.12	2.2656	
1934	1	25.14	25.14	2.5604	
1935	1	25.05	25.05	2.5475	
1936	1	24.99	24.99	2.7299	
1937	1	25.03	25.03	2.6691	
1938	1	25.06	25.06	2.7964	
1939	1	25.21	25.21	2.9059	
1940	1	25.2	25.2	2.7	
1941	1	25.28	25.28	2.8016	
1942	1	25.3	25.3	2.53	
1943	1	25.39	25.39	2.7379	
1944	1	25.24	25.24	2.1224	
1945	1	25.34	25.34	1.9244	
1946	1	25.34	25.34	1.6644	
1947	1	25.34	25.34	1.6844	
1948	1	25.42	25.42	1.5836	
1949	1	25.35	25.35	1.5875	
1950	1	25.36	25.36	1.6504	
1951	1	25.53	25.53	1.6491	
1952	1	25.62	25.62	1.6156	
1953	1	25.54	25.54	1.7284	
1954	1	25.58	25.58	1.8636	
1955	1	25.58	25.58	1.7036	
1956	1	25.55	25.55	1.7475	
1957	1	25.66	25.66	1.7044	
1958	1	25.6	25.6	1.72	
1959	1	25.51	25.51	1.8099	
1960	1	25.43	25.43	1.7051	
1961	1	25.45	25.45	1.6675	
1962	1	25.46	25.46	1.7684	
1963	1	25.5	25.5	1.71	
1964	1	25.49	25.49	1.7299	
1965	1	25.46	25.46	1.6084	
1966	1	25.49	25.49	1.5099	
1967	1	25.45	25.45	1.7275	
1968	1	25.53	25.53	1.5091	
1969	1	25.66	25.66	1.6044	
1970	1	25.67	25.67	1.6011	
1971	1	25.55	25.55	1.4675	
1972	1	25.56	25.56	1.5064	
1973	1	25.7	25.7	1.57	
1974	1	25.65	25.65	1.5875	
1975	1	25.55	25.55	1.5075	
1976	1	25.51	25.51	1.4899	
1977	1	25.38	25.38	1.4956	
1978	1	25.47	25.47	1.4291	
1979	1	25.39	25.39	1.4779	
1980	1	25.44	25.44	1.3064	
1981	1	25.43	25.43	1.3251	
1982	1	25.55	25.55	1.4675	
1983	1	25.52	25.52	1.5696	
1984	1	25.5	25.5	1.53	
1985	1	25.56	25.56	1.4864	
1986	1	25.42	25.42	1.5236	
1987	1	25.39	25.39	1.6379	
1988	1	25.26	25.26	1.6524	
1989	1	25.27	25.27	1.7371	
1990	1	25.37	25.37	1.8531	
1991	1	25.28	25.28	1.8616	
1992	1	25.45	25.45	1.8675	
1993	1	25.37	25.37	1.7331	
1994	1	25.41	25.41	1.8819	
1995	1	25.31	25.31	1.7539	
1996	1	25.4	25.4	1.92	
1997	1	25.32	25.32	1.9576	
1998	1	25.22	25.22	1.8116	
1999	1	25.34	25.34	1.8244	
2000	1	25.46	25.46	1.9084	
