# mu = 0.01, s = -1, trials requested = 1, runtime = 0:00:01
# "Time"	"Actual trials"	"Mean mutation"	"Average mean mutation"	"Average mutation variance"
0	1	0	0	0	
1	1	0.01	0.01	0.0099	
2	1	0.01	0.01	0.0099	
3	1	0.01	0.01	0.0099	
4	1	0.01	0.01	0.0099	
5	1	0.01	0.01	0.0099	
6	1	0.03	0.03	0.0291	
7	1	0.03	0.03	0.0291	
8	1	0.03	0.03	0.0291	
9	1	0.05	0.05	0.0475	
10	1	0.04	0.04	0.0384	
11	1	0.07	0.07	0.0651	
12	1	0.05	0.05	0.0475	
13	1	0.05	0.05	0.0475	
14	1	0.06	0.06	0.0564	
15	1	0.05	0.05	0.0475	
16	1	0.03	0.03	0.0291	
17	1	0.04	0.04	0.0384	
18	1	0.04	0.04	0.0384	
19	1	0.05	0.05	0.0475	
20	1	0.06	0.06	0.0564	
21	1	0.07	0.07	0.0651	
22	1	0.08	0.08	0.0736	
23	1	0.07	0.07	0.0651	
24	1	0.08	0.08	0.0736	
25	1	0.07	0.07	0.0651	
26	1	0.09	0.09	0.0819	
27	1	0.09	0.09	0.0819	
28	1	0.09	0.09	0.0819	
29	1	0.09	0.09	0.0819	
30	1	0.1	0.1	0.09	
31	1	0.09	0.09	0.0819	
32	1	0.1	0.1	0.09	
33	1	0.09	0.09	0.0819	
34	1	0.1	0.1	0.09	
35	1	0.07	0.07	0.0651	
36	1	0.08	0.08	0.0736	
37	1	0.06	0.06	0.0564	
38	1	0.08	0.08	0.0736	
39	1	0.09	0.09	0.0819	
40	1	0.08	0.08	0.0736	
41	1	0.1	0.1	0.09	
42	1	0.11	0.11	0.0979	
43	1	0.1	0.1	0.09	
44	1	0.09	0.09	0.0819	
45	1	0.1	0.1	0.09	
46	1	0.11	0.11	0.0979	
47	1	0.11	0.11	0.0979	
48	1	0.11	0.11	0.0979	
49	1	0.1	0.1	0.09	
50	1	0.09	0.09	0.0819	
51	1	0.09	0.09	0.0819	
52	1	0.1	0.1	0.09	
53	1	0.08	0.08	0.0736	
54	1	0.07	0.07	0.0651	
55	1	0.07	0.07	0.0651	
56	1	0.06	0.06	0.0564	
57	1	0.1	0.1	0.09	
58	1	0.11	0.11	0.0979	
59	1	0.1	0.1	0.09	
60	1	0.11	0.11	0.0979	
61	1	0.11	0.11	0.0979	
62	1	0.1	0.1	0.09	
63	1	0.11	0.11	0.0979	
64	1	0.1	0.1	0.09	
65	1	0.08	0.08	0.0736	
66	1	0.08	0.08	0.0736	
67	1	0.08	0.08	0.0736	
68	1	0.12	0.12	0.1056	
69	1	0.06	0.06	0.0564	
70	1	0.07	0.07	0.0651	
71	1	0.08	0.08	0.0736	
72	1	0.07	0.07	0.0651	
73	1	0.08	0.08	0.0736	
74	1	0.1	0.1	0.09	
75	1	0.11	0.11	0.0979	
76	1	0.1	0.1	0.09	
77	1	0.1	0.1	0.09	
78	1	0.12	0.12	0.1056	
79	1	0.11	0.11	0.0979	
80	1	0.12	0.12	0.1056	
81	1	0.12	0.12	0.1056	
82	1	0.11	0.11	0.0979	
83	1	0.12	0.12	0.1056	
84	1	0.09	0.09	0.0819	
85	1	0.07	0.07	0.0651	
86	1	0.05	0.05	0.0475	
87	1	0.08	0.08	0.0736	
88	1	0.07	0.07	0.0651	
89	1	0.07	0.07	0.0651	
90	1	0.08	0.08	0.0736	
91	1	0.09	0.09	0.0819	
92	1	0.1	0.1	0.09	
93	1	0.07	0.07	0.0651	
94	1	0.08	0.08	0.0736	
95	1	0.06	0.06	0.0564	
96	1	0.08	0.08	0.0736	
97	1	0.06	0.06	0.0564	
98	1	0.07	0.07	0.0651	
99	1	0.07	0.07	0.0651	
100	1	0.09	0.09	0.0819	
101	1	0.08	0.08	0.0736	
102	1	0.08	0.08	0.0736	
103	1	0.1	0.1	0.09	
104	1	0.09	0.09	0.0819	
105	1	0.09	0.09	0.0819	
106	1	0.08	0.08	0.0736	
107	1	0.06	0.06	0.0564	
108	1	0.07	0.07	0.0651	
109	1	0.06	0.06	0.0564	
110	1	0.06	0.06	0.0564	
111	1	0.06	0.06	0.0564	
112	1	0.05	0.05	0.0475	
113	1	0.08	0.08	0.0736	
114	1	0.07	0.07	0.0651	
115	1	0.08	0.08	0.0736	
116	1	0.08	0.08	0.0736	
117	1	0.08	0.08	0.0736	
118	1	0.07	0.07	0.0651	
119	1	0.06	0.06	0.0564	
120	1	0.05	0.05	0.0475	
121	1	0.04	0.04	0.0384	
122	1	0.04	0.04	0.0384	
123	1	0.05	0.05	0.0475	
124	1	0.04	0.04	0.0384	
125	1	0.04	0.04	0.0384	
126	1	0.04	0.04	0.0384	
127	1	0.05	0.05	0.0475	
128	1	0.07	0.07	0.0651	
129	1	0.06	0.06	0.0564	
130	1	0.07	0.07	0.0651	
131	1	0.08	0.08	0.0736	
132	1	0.08	0.08	0.0736	
133	1	0.07	0.07	0.0651	
134	1	0.07	0.07	0.0651	
135	1	0.05	0.05	0.0475	
136	1	0.06	0.06	0.0564	
137	1	0.05	0.05	0.0475	
138	1	0.06	0.06	0.0564	
139	1	0.06	0.06	0.0564	
140	1	0.06	0.06	0.0564	
141	1	0.06	0.06	0.0564	
142	1	0.04	0.04	0.0384	
143	1	0.03	0.03	0.0291	
144	1	0.05	0.05	0.0475	
145	1	0.05	0.05	0.0475	
146	1	0.04	0.04	0.0384	
147	1	0.04	0.04	0.0384	
148	1	0.05	0.05	0.0475	
149	1	0.06	0.06	0.0564	
150	1	0.07	0.07	0.0651	
151	1	0.07	0.07	0.0651	
152	1	0.06	0.06	0.0564	
153	1	0.05	0.05	0.0475	
154	1	0.06	0.06	0.0564	
155	1	0.07	0.07	0.0651	
156	1	0.08	0.08	0.0736	
157	1	0.08	0.08	0.0736	
158	1	0.07	0.07	0.0651	
159	1	0.08	0.08	0.0736	
160	1	0.09	0.09	0.0819	
161	1	0.08	0.08	0.0736	
162	1	0.06	0.06	0.0564	
163	1	0.06	0.06	0.0564	
164	1	0.06	0.06	0.0564	
165	1	0.06	0.06	0.0564	
166	1	0.07	0.07	0.0651	
167	1	0.05	0.05	0.0475	
168	1	0.05	0.05	0.0475	
169	1	0.08	0.08	0.0736	
170	1	0.07	0.07	0.0651	
171	1	0.06	0.06	0.0564	
172	1	0.05	0.05	0.0475	
173	1	0.06	0.06	0.0564	
174	1	0.05	0.05	0.0475	
175	1	0.05	0.05	0.0475	
176	1	0.04	0.04	0.0384	
177	1	0.04	0.04	0.0384	
178	1	0.04	0.04	0.0384	
179	1	0.03	0.03	0.0291	
180	1	0.04	0.04	0.0384	
181	1	0.03	0.03	0.0291	
182	1	0.03	0.03	0.0291	
183	1	0.05	0.05	0.0475	
184	1	0.06	0.06	0.0564	
185	1	0.06	0.06	0.0564	
186	1	0.05	0.05	0.0475	
187	1	0.07	0.07	0.0651	
188	1	0.1	0.1	0.09	
189	1	0.09	0.09	0.0819	
190	1	0.11	0.11	0.0979	
191	1	0.1	0.1	0.09	
192	1	0.1	0.1	0.09	
193	1	0.11	0.11	0.0979	
194	1	0.09	0.09	0.0819	
195	1	0.1	0.1	0.09	
196	1	0.11	0.11	0.0979	
197	1	0.11	0.11	0.0979	
198	1	0.12	0.12	0.1056	
199	1	0.12	0.12	0.1056	
200	1	0.12	0.12	0.1056	
201	1	0.14	0.14	0.1204	
202	1	0.13	0.13	0.1131	
203	1	0.13	0.13	0.1131	
204	1	0.13	0.13	0.1131	
205	1	0.14	0.14	0.1204	
206	1	0.13	0.13	0.1131	
207	1	0.12	0.12	0.1056	
208	1	0.12	0.12	0.1056	
209	1	0.13	0.13	0.1131	
210	1	0.13	0.13	0.1131	
211	1	0.11	0.11	0.0979	
212	1	0.13	0.13	0.1131	
213	1	0.1	0.1	0.09	
214	1	0.12	0.12	0.1056	
215	1	0.13	0.13	0.1131	
216	1	0.12	0.12	0.1056	
217	1	0.1	0.1	0.09	
218	1	0.1	0.1	0.09	
219	1	0.09	0.09	0.0819	
220	1	0.1	0.1	0.09	
221	1	0.1	0.1	0.09	
222	1	0.08	0.08	0.0736	
223	1	0.08	0.08	0.0736	
224	1	0.08	0.08	0.0736	
225	1	0.08	0.08	0.0736	
226	1	0.08	0.08	0.0736	
227	1	0.07	0.07	0.0651	
228	1	0.07	0.07	0.0651	
229	1	0.07	0.07	0.0651	
230	1	0.07	0.07	0.0651	
231	1	0.08	0.08	0.0736	
232	1	0.11	0.11	0.0979	
233	1	0.13	0.13	0.1131	
234	1	0.13	0.13	0.1131	
235	1	0.11	0.11	0.0979	
236	1	0.1	0.1	0.09	
237	1	0.11	0.11	0.0979	
238	1	0.09	0.09	0.0819	
239	1	0.1	0.1	0.09	
240	1	0.1	0.1	0.09	
241	1	0.09	0.09	0.0819	
242	1	0.08	0.08	0.0736	
243	1	0.07	0.07	0.0651	
244	1	0.07	0.07	0.0651	
245	1	0.07	0.07	0.0651	
246	1	0.08	0.08	0.0736	
247	1	0.08	0.08	0.0736	
248	1	0.08	0.08	0.0736	
249	1	0.11	0.11	0.0979	
250	1	0.12	0.12	0.1056	
251	1	0.11	0.11	0.0979	
252	1	0.12	0.12	0.1056	
253	1	0.1	0.1	0.09	
254	1	0.12	0.12	0.1056	
255	1	0.12	0.12	0.1056	
256	1	0.1	0.1	0.09	
257	1	0.11	0.11	0.0979	
258	1	0.11	0.11	0.0979	
259	1	0.12	0.12	0.1056	
260	1	0.12	0.12	0.1056	
261	1	0.1	0.1	0.09	
262	1	0.09	0.09	0.0819	
263	1	0.08	0.08	0.0736	
264	1	0.08	0.08	0.0736	
265	1	0.07	0.07	0.0651	
266	1	0.07	0.07	0.0651	
267	1	0.07	0.07	0.0651	
268	1	0.07	0.07	0.0651	
269	1	0.05	0.05	0.0475	
270	1	0.05	0.05	0.0475	
271	1	0.05	0.05	0.0475	
272	1	0.04	0.04	0.0384	
273	1	0.06	0.06	0.0564	
274	1	0.08	0.08	0.0736	
275	1	0.09	0.09	0.0819	
276	1	0.09	0.09	0.0819	
277	1	0.1	0.1	0.09	
278	1	0.09	0.09	0.0819	
279	1	0.1	0.1	0.09	
280	1	0.12	0.12	0.1056	
281	1	0.11	0.11	0.0979	
282	1	0.1	0.1	0.09	
283	1	0.12	0.12	0.1056	
284	1	0.1	0.1	0.09	
285	1	0.13	0.13	0.1131	
286	1	0.13	0.13	0.1131	
287	1	0.16	0.16	0.1344	
288	1	0.13	0.13	0.1131	
289	1	0.14	0.14	0.1204	
290	1	0.12	0.12	0.1056	
291	1	0.14	0.14	0.1204	
292	1	0.12	0.12	0.1056	
293	1	0.12	0.12	0.1056	
294	1	0.12	0.12	0.1056	
295	1	0.13	0.13	0.1131	
296	1	0.1	0.1	0.09	
297	1	0.13	0.13	0.1131	
298	1	0.12	0.12	0.1056	
299	1	0.12	0.12	0.1056	
300	1	0.13	0.13	0.1131	
301	1	0.11	0.11	0.0979	
302	1	0.11	0.11	0.0979	
303	1	0.13	0.13	0.1131	
304	1	0.11	0.11	0.0979	
305	1	0.12	0.12	0.1056	
306	1	0.13	0.13	0.1131	
307	1	0.14	0.14	0.1204	
308	1	0.1	0.1	0.09	
309	1	0.11	0.11	0.0979	
310	1	0.11	0.11	0.0979	
311	1	0.11	0.11	0.0979	
312	1	0.11	0.11	0.0979	
313	1	0.12	0.12	0.1056	
314	1	0.13	0.13	0.1131	
315	1	0.1	0.1	0.09	
316	1	0.12	0.12	0.1056	
317	1	0.11	0.11	0.0979	
318	1	0.11	0.11	0.0979	
319	1	0.14	0.14	0.1204	
320	1	0.15	0.15	0.1275	
321	1	0.15	0.15	0.1275	
322	1	0.14	0.14	0.1204	
323	1	0.12	0.12	0.1056	
324	1	0.12	0.12	0.1056	
325	1	0.12	0.12	0.1056	
326	1	0.14	0.14	0.1204	
327	1	0.13	0.13	0.1131	
328	1	0.12	0.12	0.1056	
329	1	0.11	0.11	0.0979	
330	1	0.14	0.14	0.1204	
331	1	0.12	0.12	0.1056	
332	1	0.12	0.12	0.1056	
333	1	0.09	0.09	0.0819	
334	1	0.09	0.09	0.0819	
335	1	0.1	0.1	0.09	
336	1	0.09	0.09	0.0819	
337	1	0.08	0.08	0.0736	
338	1	0.08	0.08	0.0736	
339	1	0.08	0.08	0.0736	
340	1	0.08	0.08	0.0736	
341	1	0.09	0.09	0.0819	
342	1	0.11	0.11	0.0979	
343	1	0.1	0.1	0.09	
344	1	0.1	0.1	0.09	
345	1	0.09	0.09	0.0819	
346	1	0.1	0.1	0.09	
347	1	0.09	0.09	0.0819	
348	1	0.09	0.09	0.0819	
349	1	0.07	0.07	0.0651	
350	1	0.08	0.08	0.0736	
351	1	0.06	0.06	0.0564	
352	1	0.08	0.08	0.0736	
353	1	0.08	0.08	0.0736	
354	1	0.09	0.09	0.0819	
355	1	0.07	0.07	0.0651	
356	1	0.06	0.06	0.0564	
357	1	0.05	0.05	0.0475	
358	1	0.05	0.05	0.0475	
359	1	0.04	0.04	0.0384	
360	1	0.05	0.05	0.0475	
361	1	0.03	0.03	0.0291	
362	1	0.03	0.03	0.0291	
363	1	0.05	0.05	0.0475	
364	1	0.05	0.05	0.0475	
365	1	0.07	0.07	0.0651	
366	1	0.07	0.07	0.0651	
367	1	0.06	0.06	0.0564	
368	1	0.05	0.05	0.0475	
369	1	0.05	0.05	0.0475	
370	1	0.05	0.05	0.0475	
371	1	0.05	0.05	0.0475	
372	1	0.05	0.05	0.0475	
373	1	0.06	0.06	0.0564	
374	1	0.07	0.07	0.0651	
375	1	0.1	0.1	0.09	
376	1	0.08	0.08	0.0736	
377	1	0.08	0.08	0.0736	
378	1	0.1	0.1	0.09	
379	1	0.12	0.12	0.1056	
380	1	0.13	0.13	0.1131	
381	1	0.09	0.09	0.0819	
382	1	0.1	0.1	0.09	
383	1	0.09	0.09	0.0819	
384	1	0.07	0.07	0.0651	
385	1	0.08	0.08	0.0736	
386	1	0.07	0.07	0.0651	
387	1	0.08	0.08	0.0736	
388	1	0.08	0.08	0.0736	
389	1	0.07	0.07	0.0651	
390	1	0.06	0.06	0.0564	
391	1	0.05	0.05	0.0475	
392	1	0.07	0.07	0.0651	
393	1	0.08	0.08	0.0736	
394	1	0.07	0.07	0.0651	
395	1	0.07	0.07	0.0651	
396	1	0.08	0.08	0.0736	
397	1	0.09	0.09	0.0819	
398	1	0.09	0.09	0.0819	
399	1	0.09	0.09	0.0819	
400	1	0.1	0.1	0.09	
401	1	0.11	0.11	0.0979	
402	1	0.1	0.1	0.09	
403	1	0.07	0.07	0.0651	
404	1	0.05	0.05	0.0475	
405	1	0.05	0.05	0.0475	
406	1	0.05	0.05	0.0475	
407	1	0.05	0.05	0.0475	
408	1	0.06	0.06	0.0564	
409	1	0.06	0.06	0.0564	
410	1	0.07	0.07	0.0651	
411	1	0.07	0.07	0.0651	
412	1	0.07	0.07	0.0651	
413	1	0.04	0.04	0.0384	
414	1	0.04	0.04	0.0384	
415	1	0.05	0.05	0.0475	
416	1	0.05	0.05	0.0475	
417	1	0.05	0.05	0.0475	
418	1	0.05	0.05	0.0475	
419	1	0.03	0.03	0.0291	
420	1	0.05	0.05	0.0475	
421	1	0.05	0.05	0.0475	
422	1	0.06	0.06	0.0564	
423	1	0.05	0.05	0.0475	
424	1	0.05	0.05	0.0475	
425	1	0.07	0.07	0.0651	
426	1	0.07	0.07	0.0651	
427	1	0.05	0.05	0.0475	
428	1	0.07	0.07	0.0651	
429	1	0.06	0.06	0.0564	
430	1	0.07	0.07	0.0651	
431	1	0.08	0.08	0.0736	
432	1	0.07	0.07	0.0651	
433	1	0.08	0.08	0.0736	
434	1	0.07	0.07	0.0651	
435	1	0.06	0.06	0.0564	
436	1	0.06	0.06	0.0564	
437	1	0.08	0.08	0.0736	
438	1	0.07	0.07	0.0651	
439	1	0.07	0.07	0.0651	
440	1	0.07	0.07	0.0651	
441	1	0.08	0.08	0.0736	
442	1	0.07	0.07	0.0651	
443	1	0.09	0.09	0.0819	
444	1	0.08	0.08	0.0736	
445	1	0.09	0.09	0.0819	
446	1	0.11	0.11	0.0979	
447	1	0.1	0.1	0.09	
448	1	0.08	0.08	0.0736	
449	1	0.08	0.08	0.0736	
450	1	0.08	0.08	0.0736	
451	1	0.07	0.07	0.0651	
452	1	0.07	0.07	0.0651	
453	1	0.05	0.05	0.0475	
454	1	0.06	0.06	0.0564	
455	1	0.06	0.06	0.0564	
456	1	0.06	0.06	0.0564	
457	1	0.07	0.07	0.0651	
458	1	0.04	0.04	0.0384	
459	1	0.04	0.04	0.0384	
460	1	0.03	0.03	0.0291	
461	1	0.03	0.03	0.0291	
462	1	0.05	0.05	0.0475	
463	1	0.05	0.05	0.0475	
464	1	0.05	0.05	0.0475	
465	1	0.05	0.05	0.0475	
466	1	0.05	0.05	0.0475	
467	1	0.06	0.06	0.0564	
468	1	0.07	0.07	0.0651	
469	1	0.06	0.06	0.0564	
470	1	0.07	0.07	0.0651	
471	1	0.06	0.06	0.0564	
472	1	0.06	0.06	0.0564	
473	1	0.09	0.09	0.0819	
474	1	0.09	0.09	0.0819	
475	1	0.06	0.06	0.0564	
476	1	0.05	0.05	0.0475	
477	1	0.05	0.05	0.0475	
478	1	0.04	0.04	0.0384	
479	1	0.04	0.04	0.0384	
480	1	0.05	0.05	0.0475	
481	1	0.05	0.05	0.0475	
482	1	0.06	0.06	0.0564	
483	1	0.09	0.09	0.0819	
484	1	0.09	0.09	0.0819	
485	1	0.08	0.08	0.0736	
486	1	0.05	0.05	0.0475	
487	1	0.04	0.04	0.0384	
488	1	0.04	0.04	0.0384	
489	1	0.05	0.05	0.0475	
490	1	0.06	0.06	0.0564	
491	1	0.05	0.05	0.0475	
492	1	0.04	0.04	0.0384	
493	1	0.05	0.05	0.0475	
494	1	0.05	0.05	0.0475	
495	1	0.06	0.06	0.0564	
496	1	0.07	0.07	0.0651	
497	1	0.08	0.08	0.0736	
498	1	0.09	0.09	0.0819	
499	1	0.09	0.09	0.0819	
500	1	0.09	0.09	0.0819	
501	1	0.09	0.09	0.0819	
502	1	0.07	0.07	0.0651	
503	1	0.08	0.08	0.0736	
504	1	0.07	0.07	0.0651	
505	1	0.09	0.09	0.0819	
506	1	0.09	0.09	0.0819	
507	1	0.11	0.11	0.0979	
508	1	0.1	0.1	0.09	
509	1	0.09	0.09	0.0819	
510	1	0.11	0.11	0.0979	
511	1	0.1	0.1	0.09	
512	1	0.08	0.08	0.0736	
513	1	0.08	0.08	0.0736	
514	1	0.09	0.09	0.0819	
515	1	0.09	0.09	0.0819	
516	1	0.09	0.09	0.0819	
517	1	0.07	0.07	0.0651	
518	1	0.08	0.08	0.0736	
519	1	0.08	0.08	0.0736	
520	1	0.08	0.08	0.0736	
521	1	0.08	0.08	0.0736	
522	1	0.08	0.08	0.0736	
523	1	0.09	0.09	0.0819	
524	1	0.1	0.1	0.09	
525	1	0.1	0.1	0.09	
526	1	0.12	0.12	0.1056	
527	1	0.1	0.1	0.09	
528	1	0.08	0.08	0.0736	
529	1	0.09	0.09	0.0819	
530	1	0.07	0.07	0.0651	
531	1	0.1	0.1	0.09	
532	1	0.09	0.09	0.0819	
533	1	0.1	0.1	0.09	
534	1	0.09	0.09	0.0819	
535	1	0.09	0.09	0.0819	
536	1	0.05	0.05	0.0475	
537	1	0.06	0.06	0.0564	
538	1	0.06	0.06	0.0564	
539	1	0.06	0.06	0.0564	
540	1	0.04	0.04	0.0384	
541	1	0.04	0.04	0.0384	
542	1	0.04	0.04	0.0384	
543	1	0.05	0.05	0.0475	
544	1	0.05	0.05	0.0475	
545	1	0.05	0.05	0.0475	
546	1	0.02	0.02	0.0196	
547	1	0.02	0.02	0.0196	
548	1	0.03	0.03	0.0291	
549	1	0.04	0.04	0.0384	
550	1	0.04	0.04	0.0384	
551	1	0.04	0.04	0.0384	
552	1	0.04	0.04	0.0384	
553	1	0.03	0.03	0.0291	
554	1	0.02	0.02	0.0196	
555	1	0.03	0.03	0.0291	
556	1	0.02	0.02	0.0196	
557	1	0.04	0.04	0.0384	
558	1	0.04	0.04	0.0384	
559	1	0.05	0.05	0.0475	
560	1	0.06	0.06	0.0564	
561	1	0.05	0.05	0.0475	
562	1	0.04	0.04	0.0384	
563	1	0.06	0.06	0.0564	
564	1	0.06	0.06	0.0564	
565	1	0.05	0.05	0.0475	
566	1	0.06	0.06	0.0564	
567	1	0.06	0.06	0.0564	
568	1	0.06	0.06	0.0564	
569	1	0.05	0.05	0.0475	
570	1	0.04	0.04	0.0384	
571	1	0.06	0.06	0.0564	
572	1	0.07	0.07	0.0651	
573	1	0.08	0.08	0.0736	
574	1	0.09	0.09	0.0819	
575	1	0.07	0.07	0.0651	
576	1	0.06	0.06	0.0564	
577	1	0.06	0.06	0.0564	
578	1	0.07	0.07	0.0651	
579	1	0.09	0.09	0.0819	
580	1	0.09	0.09	0.0819	
581	1	0.08	0.08	0.0736	
582	1	0.07	0.07	0.0651	
583	1	0.06	0.06	0.0564	
584	1	0.06	0.06	0.0564	
585	1	0.04	0.04	0.0384	
586	1	0.04	0.04	0.0384	
587	1	0.03	0.03	0.0291	
588	1	0.03	0.03	0.0291	
589	1	0.06	0.06	0.0564	
590	1	0.06	0.06	0.0564	
591	1	0.09	0.09	0.0819	
592	1	0.09	0.09	0.0819	
593	1	0.08	0.08	0.0736	
594	1	0.07	0.07	0.0651	
595	1	0.07	0.07	0.0651	
596	1	0.06	0.06	0.0564	
597	1	0.06	0.06	0.0564	
598	1	0.07	0.07	0.0651	
599	1	0.08	0.08	0.0736	
600	1	0.1	0.1	0.09	
601	1	0.11	0.11	0.0979	
602	1	0.1	0.1	0.09	
603	1	0.1	0.1	0.09	
604	1	0.08	0.08	0.0736	
605	1	0.08	0.08	0.0736	
606	1	0.08	0.08	0.0736	
607	1	0.09	0.09	0.0819	
608	1	0.1	0.1	0.09	
609	1	0.09	0.09	0.0819	
610	1	0.1	0.1	0.09	
611	1	0.11	0.11	0.0979	
612	1	0.11	0.11	0.0979	
613	1	0.11	0.11	0.0979	
614	1	0.1	0.1	0.09	
615	1	0.09	0.09	0.0819	
616	1	0.08	0.08	0.0736	
617	1	0.07	0.07	0.0651	
618	1	0.08	0.08	0.0736	
619	1	0.08	0.08	0.0736	
620	1	0.08	0.08	0.0736	
621	1	0.1	0.1	0.09	
622	1	0.11	0.11	0.0979	
623	1	0.1	0.1	0.09	
624	1	0.09	0.09	0.0819	
625	1	0.1	0.1	0.09	
626	1	0.1	0.1	0.09	
627	1	0.09	0.09	0.0819	
628	1	0.08	0.08	0.0736	
629	1	0.1	0.1	0.09	
630	1	0.1	0.1	0.09	
631	1	0.1	0.1	0.09	
632	1	0.1	0.1	0.09	
633	1	0.11	0.11	0.0979	
634	1	0.1	0.1	0.09	
635	1	0.09	0.09	0.0819	
636	1	0.08	0.08	0.0736	
637	1	0.06	0.06	0.0564	
638	1	0.05	0.05	0.0475	
639	1	0.05	0.05	0.0475	
640	1	0.05	0.05	0.0475	
641	1	0.03	0.03	0.0291	
642	1	0.02	0.02	0.0196	
643	1	0.03	0.03	0.0291	
644	1	0.05	0.05	0.0475	
645	1	0.05	0.05	0.0475	
646	1	0.05	0.05	0.0475	
647	1	0.05	0.05	0.0475	
648	1	0.03	0.03	0.0291	
649	1	0.03	0.03	0.0291	
650	1	0.04	0.04	0.0384	
651	1	0.03	0.03	0.0291	
652	1	0.04	0.04	0.0384	
653	1	0.03	0.03	0.0291	
654	1	0.04	0.04	0.0384	
655	1	0.03	0.03	0.0291	
656	1	0.02	0.02	0.0196	
657	1	0.02	0.02	0.0196	
658	1	0.02	0.02	0.0196	
659	1	0.03	0.03	0.0291	
660	1	0.03	0.03	0.0291	
661	1	0.04	0.04	0.0384	
662	1	0.05	0.05	0.0475	
663	1	0.05	0.05	0.0475	
664	1	0.05	0.05	0.0475	
665	1	0.05	0.05	0.0475	
666	1	0.04	0.04	0.0384	
667	1	0.06	0.06	0.0564	
668	1	0.06	0.06	0.0564	
669	1	0.06	0.06	0.0564	
670	1	0.06	0.06	0.0564	
671	1	0.05	0.05	0.0475	
672	1	0.08	0.08	0.0736	
673	1	0.08	0.08	0.0736	
674	1	0.09	0.09	0.0819	
675	1	0.09	0.09	0.0819	
676	1	0.1	0.1	0.09	
677	1	0.1	0.1	0.09	
678	1	0.08	0.08	0.0736	
679	1	0.07	0.07	0.0651	
680	1	0.08	0.08	0.0736	
681	1	0.09	0.09	0.0819	
682	1	0.07	0.07	0.0651	
683	1	0.07	0.07	0.0651	
684	1	0.05	0.05	0.0475	
685	1	0.05	0.05	0.0475	
686	1	0.05	0.05	0.0475	
687	1	0.06	0.06	0.0564	
688	1	0.06	0.06	0.0564	
689	1	0.08	0.08	0.0736	
690	1	0.08	0.08	0.0736	
691	1	0.08	0.08	0.0736	
692	1	0.07	0.07	0.0651	
693	1	0.07	0.07	0.0651	
694	1	0.06	0.06	0.0564	
695	1	0.07	0.07	0.0651	
696	1	0.06	0.06	0.0564	
697	1	0.06	0.06	0.0564	
698	1	0.05	0.05	0.0475	
699	1	0.04	0.04	0.0384	
700	1	0.05	0.05	0.0475	
701	1	0.06	0.06	0.0564	
702	1	0.05	0.05	0.0475	
703	1	0.05	0.05	0.0475	
704	1	0.06	0.06	0.0564	
705	1	0.07	0.07	0.0651	
706	1	0.08	0.08	0.0736	
707	1	0.07	0.07	0.0651	
708	1	0.05	0.05	0.0475	
709	1	0.04	0.04	0.0384	
710	1	0.04	0.04	0.0384	
711	1	0.03	0.03	0.0291	
712	1	0.05	0.05	0.0475	
713	1	0.06	0.06	0.0564	
714	1	0.08	0.08	0.0736	
715	1	0.09	0.09	0.0819	
716	1	0.09	0.09	0.0819	
717	1	0.08	0.08	0.0736	
718	1	0.08	0.08	0.0736	
719	1	0.04	0.04	0.0384	
720	1	0.05	0.05	0.0475	
721	1	0.04	0.04	0.0384	
722	1	0.05	0.05	0.0475	
723	1	0.07	0.07	0.0651	
724	1	0.05	0.05	0.0475	
725	1	0.08	0.08	0.0736	
726	1	0.08	0.08	0.0736	
727	1	0.08	0.08	0.0736	
728	1	0.07	0.07	0.0651	
729	1	0.07	0.07	0.0651	
730	1	0.06	0.06	0.0564	
731	1	0.05	0.05	0.0475	
732	1	0.06	0.06	0.0564	
733	1	0.05	0.05	0.0475	
734	1	0.07	0.07	0.0651	
735	1	0.05	0.05	0.0475	
736	1	0.08	0.08	0.0736	
737	1	0.08	0.08	0.0736	
738	1	0.11	0.11	0.0979	
739	1	0.11	0.11	0.0979	
740	1	0.11	0.11	0.0979	
741	1	0.13	0.13	0.1131	
742	1	0.11	0.11	0.0979	
743	1	0.09	0.09	0.0819	
744	1	0.1	0.1	0.09	
745	1	0.11	0.11	0.0979	
746	1	0.09	0.09	0.0819	
747	1	0.09	0.09	0.0819	
748	1	0.09	0.09	0.0819	
749	1	0.09	0.09	0.0819	
750	1	0.09	0.09	0.0819	
751	1	0.09	0.09	0.0819	
752	1	0.1	0.1	0.09	
753	1	0.1	0.1	0.09	
754	1	0.09	0.09	0.0819	
755	1	0.09	0.09	0.0819	
756	1	0.08	0.08	0.0736	
757	1	0.09	0.09	0.0819	
758	1	0.1	0.1	0.09	
759	1	0.08	0.08	0.0736	
760	1	0.06	0.06	0.0564	
761	1	0.08	0.08	0.0736	
762	1	0.09	0.09	0.0819	
763	1	0.1	0.1	0.09	
764	1	0.1	0.1	0.09	
765	1	0.09	0.09	0.0819	
766	1	0.09	0.09	0.0819	
767	1	0.07	0.07	0.0651	
768	1	0.08	0.08	0.0736	
769	1	0.1	0.1	0.09	
770	1	0.11	0.11	0.0979	
771	1	0.12	0.12	0.1056	
772	1	0.1	0.1	0.09	
773	1	0.1	0.1	0.09	
774	1	0.09	0.09	0.0819	
775	1	0.12	0.12	0.1056	
776	1	0.13	0.13	0.1131	
777	1	0.12	0.12	0.1056	
778	1	0.09	0.09	0.0819	
779	1	0.08	0.08	0.0736	
780	1	0.07	0.07	0.0651	
781	1	0.08	0.08	0.0736	
782	1	0.07	0.07	0.0651	
783	1	0.08	0.08	0.0736	
784	1	0.08	0.08	0.0736	
785	1	0.07	0.07	0.0651	
786	1	0.09	0.09	0.0819	
787	1	0.09	0.09	0.0819	
788	1	0.08	0.08	0.0736	
789	1	0.09	0.09	0.0819	
790	1	0.09	0.09	0.0819	
791	1	0.08	0.08	0.0736	
792	1	0.06	0.06	0.0564	
793	1	0.06	0.06	0.0564	
794	1	0.06	0.06	0.0564	
795	1	0.06	0.06	0.0564	
796	1	0.06	0.06	0.0564	
797	1	0.04	0.04	0.0384	
798	1	0.04	0.04	0.0384	
799	1	0.05	0.05	0.0475	
800	1	0.05	0.05	0.0475	
801	1	0.05	0.05	0.0475	
802	1	0.06	0.06	0.0564	
803	1	0.06	0.06	0.0564	
804	1	0.06	0.06	0.0564	
805	1	0.08	0.08	0.0736	
806	1	0.07	0.07	0.0651	
807	1	0.08	0.08	0.0736	
808	1	0.07	0.07	0.0651	
809	1	0.06	0.06	0.0564	
810	1	0.05	0.05	0.0475	
811	1	0.07	0.07	0.0651	
812	1	0.06	0.06	0.0564	
813	1	0.05	0.05	0.0475	
814	1	0.06	0.06	0.0564	
815	1	0.07	0.07	0.0651	
816	1	0.07	0.07	0.0651	
817	1	0.1	0.1	0.09	
818	1	0.09	0.09	0.0819	
819	1	0.07	0.07	0.0651	
820	1	0.05	0.05	0.0475	
821	1	0.05	0.05	0.0475	
822	1	0.05	0.05	0.0475	
823	1	0.05	0.05	0.0475	
824	1	0.05	0.05	0.0475	
825	1	0.06	0.06	0.0564	
826	1	0.05	0.05	0.0475	
827	1	0.06	0.06	0.0564	
828	1	0.07	0.07	0.0651	
829	1	0.05	0.05	0.0475	
830	1	0.06	0.06	0.0564	
831	1	0.05	0.05	0.0475	
832	1	0.06	0.06	0.0564	
833	1	0.05	0.05	0.0475	
834	1	0.05	0.05	0.0475	
835	1	0.06	0.06	0.0564	
836	1	0.06	0.06	0.0564	
837	1	0.06	0.06	0.0564	
838	1	0.07	0.07	0.0651	
839	1	0.06	0.06	0.0564	
840	1	0.07	0.07	0.0651	
841	1	0.04	0.04	0.0384	
842	1	0.03	0.03	0.0291	
843	1	0.07	0.07	0.0651	
844	1	0.08	0.08	0.0736	
845	1	0.11	0.11	0.0979	
846	1	0.11	0.11	0.0979	
847	1	0.1	0.1	0.09	
848	1	0.11	0.11	0.0979	
849	1	0.11	0.11	0.0979	
850	1	0.12	0.12	0.1056	
851	1	0.12	0.12	0.1056	
852	1	0.11	0.11	0.0979	
853	1	0.11	0.11	0.0979	
854	1	0.1	0.1	0.09	
855	1	0.1	0.1	0.09	
856	1	0.1	0.1	0.09	
857	1	0.1	0.1	0.09	
858	1	0.09	0.09	0.0819	
859	1	0.11	0.11	0.0979	
860	1	0.12	0.12	0.1056	
861	1	0.13	0.13	0.1131	
862	1	0.12	0.12	0.1056	
863	1	0.14	0.14	0.1204	
864	1	0.12	0.12	0.1056	
865	1	0.1	0.1	0.09	
866	1	0.08	0.08	0.0736	
867	1	0.08	0.08	0.0736	
868	1	0.09	0.09	0.0819	
869	1	0.09	0.09	0.0819	
870	1	0.07	0.07	0.0651	
871	1	0.08	0.08	0.0736	
872	1	0.07	0.07	0.0651	
873	1	0.09	0.09	0.0819	
874	1	0.12	0.12	0.1056	
875	1	0.11	0.11	0.0979	
876	1	0.09	0.09	0.0819	
877	1	0.09	0.09	0.0819	
878	1	0.09	0.09	0.0819	
879	1	0.09	0.09	0.0819	
880	1	0.09	0.09	0.0819	
881	1	0.07	0.07	0.0651	
882	1	0.06	0.06	0.0564	
883	1	0.06	0.06	0.0564	
884	1	0.06	0.06	0.0564	
885	1	0.06	0.06	0.0564	
886	1	0.06	0.06	0.0564	
887	1	0.07	0.07	0.0651	
888	1	0.09	0.09	0.0819	
889	1	0.08	0.08	0.0736	
890	1	0.07	0.07	0.0651	
891	1	0.07	0.07	0.0651	
892	1	0.07	0.07	0.0651	
893	1	0.06	0.06	0.0564	
894	1	0.06	0.06	0.0564	
895	1	0.06	0.06	0.0564	
896	1	0.06	0.06	0.0564	
897	1	0.06	0.06	0.0564	
898	1	0.09	0.09	0.0819	
899	1	0.09	0.09	0.0819	
900	1	0.08	0.08	0.0736	
901	1	0.09	0.09	0.0819	
902	1	0.1	0.1	0.09	
903	1	0.09	0.09	0.0819	
904	1	0.09	0.09	0.0819	
905	1	0.1	0.1	0.09	
906	1	0.12	0.12	0.1056	
907	1	0.13	0.13	0.1131	
908	1	0.11	0.11	0.0979	
909	1	0.12	0.12	0.1056	
910	1	0.12	0.12	0.1056	
911	1	0.11	0.11	0.0979	
912	1	0.11	0.11	0.0979	
913	1	0.09	0.09	0.0819	
914	1	0.08	0.08	0.0736	
915	1	0.08	0.08	0.0736	
916	1	0.11	0.11	0.0979	
917	1	0.08	0.08	0.0736	
918	1	0.09	0.09	0.0819	
919	1	0.09	0.09	0.0819	
920	1	0.09	0.09	0.0819	
921	1	0.11	0.11	0.0979	
922	1	0.1	0.1	0.09	
923	1	0.08	0.08	0.0736	
924	1	0.09	0.09	0.0819	
925	1	0.09	0.09	0.0819	
926	1	0.1	0.1	0.09	
927	1	0.1	0.1	0.09	
928	1	0.09	0.09	0.0819	
929	1	0.07	0.07	0.0651	
930	1	0.07	0.07	0.0651	
931	1	0.09	0.09	0.0819	
932	1	0.09	0.09	0.0819	
933	1	0.09	0.09	0.0819	
934	1	0.08	0.08	0.0736	
935	1	0.07	0.07	0.0651	
936	1	0.07	0.07	0.0651	
937	1	0.07	0.07	0.0651	
938	1	0.06	0.06	0.0564	
939	1	0.05	0.05	0.0475	
940	1	0.05	0.05	0.0475	
941	1	0.06	0.06	0.0564	
942	1	0.07	0.07	0.0651	
943	1	0.07	0.07	0.0651	
944	1	0.06	0.06	0.0564	
945	1	0.05	0.05	0.0475	
946	1	0.07	0.07	0.0651	
947	1	0.07	0.07	0.0651	
948	1	0.05	0.05	0.0475	
949	1	0.04	0.04	0.0384	
950	1	0.04	0.04	0.0384	
951	1	0.05	0.05	0.0475	
952	1	0.05	0.05	0.0475	
953	1	0.05	0.05	0.0475	
954	1	0.05	0.05	0.0475	
955	1	0.06	0.06	0.0564	
956	1	0.06	0.06	0.0564	
957	1	0.05	0.05	0.0475	
958	1	0.04	0.04	0.0384	
959	1	0.07	0.07	0.0651	
960	1	0.08	0.08	0.0736	
961	1	0.09	0.09	0.0819	
962	1	0.09	0.09	0.0819	
963	1	0.06	0.06	0.0564	
964	1	0.07	0.07	0.0651	
965	1	0.06	0.06	0.0564	
966	1	0.06	0.06	0.0564	
967	1	0.06	0.06	0.0564	
968	1	0.06	0.06	0.0564	
969	1	0.08	0.08	0.0736	
970	1	0.08	0.08	0.0736	
971	1	0.07	0.07	0.0651	
972	1	0.06	0.06	0.0564	
973	1	0.08	0.08	0.0736	
974	1	0.08	0.08	0.0736	
975	1	0.08	0.08	0.0736	
976	1	0.1	0.1	0.09	
977	1	0.1	0.1	0.09	
978	1	0.11	0.11	0.0979	
979	1	0.11	0.11	0.0979	
980	1	0.11	0.11	0.0979	
981	1	0.09	0.09	0.0819	
982	1	0.09	0.09	0.0819	
983	1	0.09	0.09	0.0819	
984	1	0.08	0.08	0.0736	
985	1	0.08	0.08	0.0736	
986	1	0.09	0.09	0.0819	
987	1	0.09	0.09	0.0819	
988	1	0.08	0.08	0.0736	
989	1	0.08	0.08	0.0736	
990	1	0.1	0.1	0.09	
991	1	0.08	0.08	0.0736	
992	1	0.1	0.1	0.09	
993	1	0.09	0.09	0.0819	
994	1	0.09	0.09	0.0819	
995	1	0.09	0.09	0.0819	
996	1	0.11	0.11	0.0979	
997	1	0.1	0.1	0.09	
998	1	0.13	0.13	0.1131	
999	1	0.14	0.14	0.1204	
1000	1	0.15	0.15	0.1275	
1001	1	0.16	0.16	0.1344	
1002	1	0.15	0.15	0.1275	
1003	1	0.14	0.14	0.1204	
1004	1	0.14	0.14	0.1204	
1005	1	0.12	0.12	0.1056	
1006	1	0.1	0.1	0.09	
1007	1	0.11	0.11	0.0979	
1008	1	0.11	0.11	0.0979	
1009	1	0.1	0.1	0.09	
1010	1	0.09	0.09	0.0819	
1011	1	0.08	0.08	0.0736	
1012	1	0.07	0.07	0.0651	
1013	1	0.07	0.07	0.0651	
1014	1	0.07	0.07	0.0651	
1015	1	0.09	0.09	0.0819	
1016	1	0.1	0.1	0.09	
1017	1	0.1	0.1	0.09	
1018	1	0.08	0.08	0.0736	
1019	1	0.08	0.08	0.0736	
1020	1	0.06	0.06	0.0564	
1021	1	0.07	0.07	0.0651	
1022	1	0.07	0.07	0.0651	
1023	1	0.1	0.1	0.09	
1024	1	0.12	0.12	0.1056	
1025	1	0.12	0.12	0.1056	
1026	1	0.1	0.1	0.09	
1027	1	0.1	0.1	0.09	
1028	1	0.11	0.11	0.0979	
1029	1	0.11	0.11	0.0979	
1030	1	0.13	0.13	0.1131	
1031	1	0.12	0.12	0.1056	
1032	1	0.11	0.11	0.0979	
1033	1	0.09	0.09	0.0819	
1034	1	0.1	0.1	0.09	
1035	1	0.08	0.08	0.0736	
1036	1	0.08	0.08	0.0736	
1037	1	0.08	0.08	0.0736	
1038	1	0.08	0.08	0.0736	
1039	1	0.1	0.1	0.09	
1040	1	0.1	0.1	0.09	
1041	1	0.1	0.1	0.09	
1042	1	0.08	0.08	0.0736	
1043	1	0.08	0.08	0.0736	
1044	1	0.09	0.09	0.0819	
1045	1	0.09	0.09	0.0819	
1046	1	0.07	0.07	0.0651	
1047	1	0.1	0.1	0.09	
1048	1	0.1	0.1	0.09	
1049	1	0.09	0.09	0.0819	
1050	1	0.09	0.09	0.0819	
1051	1	0.12	0.12	0.1056	
1052	1	0.11	0.11	0.0979	
1053	1	0.12	0.12	0.1056	
1054	1	0.12	0.12	0.1056	
1055	1	0.11	0.11	0.0979	
1056	1	0.09	0.09	0.0819	
1057	1	0.1	0.1	0.09	
1058	1	0.08	0.08	0.0736	
1059	1	0.09	0.09	0.0819	
1060	1	0.09	0.09	0.0819	
1061	1	0.09	0.09	0.0819	
1062	1	0.11	0.11	0.0979	
1063	1	0.07	0.07	0.0651	
1064	1	0.07	0.07	0.0651	
1065	1	0.06	0.06	0.0564	
1066	1	0.07	0.07	0.0651	
1067	1	0.08	0.08	0.0736	
1068	1	0.09	0.09	0.0819	
1069	1	0.08	0.08	0.0736	
1070	1	0.07	0.07	0.0651	
1071	1	0.08	0.08	0.0736	
1072	1	0.07	0.07	0.0651	
1073	1	0.07	0.07	0.0651	
1074	1	0.09	0.09	0.0819	
1075	1	0.07	0.07	0.0651	
1076	1	0.07	0.07	0.0651	
1077	1	0.08	0.08	0.0736	
1078	1	0.07	0.07	0.0651	
1079	1	0.07	0.07	0.0651	
1080	1	0.07	0.07	0.0651	
1081	1	0.08	0.08	0.0736	
1082	1	0.1	0.1	0.09	
1083	1	0.09	0.09	0.0819	
1084	1	0.07	0.07	0.0651	
1085	1	0.06	0.06	0.0564	
1086	1	0.07	0.07	0.0651	
1087	1	0.07	0.07	0.0651	
1088	1	0.08	0.08	0.0736	
1089	1	0.08	0.08	0.0736	
1090	1	0.06	0.06	0.0564	
1091	1	0.09	0.09	0.0819	
1092	1	0.06	0.06	0.0564	
1093	1	0.05	0.05	0.0475	
1094	1	0.04	0.04	0.0384	
1095	1	0.05	0.05	0.0475	
1096	1	0.05	0.05	0.0475	
1097	1	0.05	0.05	0.0475	
1098	1	0.06	0.06	0.0564	
1099	1	0.06	0.06	0.0564	
1100	1	0.09	0.09	0.0819	
1101	1	0.07	0.07	0.0651	
1102	1	0.06	0.06	0.0564	
1103	1	0.06	0.06	0.0564	
1104	1	0.06	0.06	0.0564	
1105	1	0.06	0.06	0.0564	
1106	1	0.08	0.08	0.0736	
1107	1	0.07	0.07	0.0651	
1108	1	0.06	0.06	0.0564	
1109	1	0.06	0.06	0.0564	
1110	1	0.06	0.06	0.0564	
1111	1	0.06	0.06	0.0564	
1112	1	0.06	0.06	0.0564	
1113	1	0.08	0.08	0.0736	
1114	1	0.09	0.09	0.0819	
1115	1	0.1	0.1	0.09	
1116	1	0.08	0.08	0.0736	
1117	1	0.09	0.09	0.0819	
1118	1	0.09	0.09	0.0819	
1119	1	0.08	0.08	0.0736	
1120	1	0.08	0.08	0.0736	
1121	1	0.07	0.07	0.0651	
1122	1	0.08	0.08	0.0736	
1123	1	0.08	0.08	0.0736	
1124	1	0.08	0.08	0.0736	
1125	1	0.08	0.08	0.0736	
1126	1	0.09	0.09	0.0819	
1127	1	0.09	0.09	0.0819	
1128	1	0.09	0.09	0.0819	
1129	1	0.07	0.07	0.0651	
1130	1	0.07	0.07	0.0651	
1131	1	0.04	0.04	0.0384	
1132	1	0.05	0.05	0.0475	
1133	1	0.04	0.04	0.0384	
1134	1	0.05	0.05	0.0475	
1135	1	0.05	0.05	0.0475	
1136	1	0.07	0.07	0.0651	
1137	1	0.11	0.11	0.0979	
1138	1	0.08	0.08	0.0736	
1139	1	0.09	0.09	0.0819	
1140	1	0.1	0.1	0.09	
1141	1	0.11	0.11	0.0979	
1142	1	0.14	0.14	0.1204	
1143	1	0.14	0.14	0.1204	
1144	1	0.12	0.12	0.1056	
1145	1	0.14	0.14	0.1204	
1146	1	0.13	0.13	0.1131	
1147	1	0.12	0.12	0.1056	
1148	1	0.12	0.12	0.1056	
1149	1	0.12	0.12	0.1056	
1150	1	0.12	0.12	0.1056	
1151	1	0.12	0.12	0.1056	
1152	1	0.12	0.12	0.1056	
1153	1	0.12	0.12	0.1056	
1154	1	0.1	0.1	0.09	
1155	1	0.1	0.1	0.09	
1156	1	0.1	0.1	0.09	
1157	1	0.11	0.11	0.0979	
1158	1	0.09	0.09	0.0819	
1159	1	0.08	0.08	0.0736	
1160	1	0.08	0.08	0.0736	
1161	1	0.07	0.07	0.0651	
1162	1	0.05	0.05	0.0475	
1163	1	0.05	0.05	0.0475	
1164	1	0.06	0.06	0.0564	
1165	1	0.06	0.06	0.0564	
1166	1	0.06	0.06	0.0564	
1167	1	0.06	0.06	0.0564	
1168	1	0.05	0.05	0.0475	
1169	1	0.06	0.06	0.0564	
1170	1	0.06	0.06	0.0564	
1171	1	0.08	0.08	0.0736	
1172	1	0.09	0.09	0.0819	
1173	1	0.06	0.06	0.0564	
1174	1	0.06	0.06	0.0564	
1175	1	0.07	0.07	0.0651	
1176	1	0.07	0.07	0.0651	
1177	1	0.1	0.1	0.09	
1178	1	0.1	0.1	0.09	
1179	1	0.11	0.11	0.0979	
1180	1	0.11	0.11	0.0979	
1181	1	0.12	0.12	0.1056	
1182	1	0.1	0.1	0.09	
1183	1	0.08	0.08	0.0736	
1184	1	0.09	0.09	0.0819	
1185	1	0.09	0.09	0.0819	
1186	1	0.08	0.08	0.0736	
1187	1	0.06	0.06	0.0564	
1188	1	0.06	0.06	0.0564	
1189	1	0.07	0.07	0.0651	
1190	1	0.07	0.07	0.0651	
1191	1	0.08	0.08	0.0736	
1192	1	0.08	0.08	0.0736	
1193	1	0.08	0.08	0.0736	
1194	1	0.1	0.1	0.09	
1195	1	0.08	0.08	0.0736	
1196	1	0.08	0.08	0.0736	
1197	1	0.1	0.1	0.09	
1198	1	0.1	0.1	0.09	
1199	1	0.09	0.09	0.0819	
1200	1	0.11	0.11	0.0979	
1201	1	0.13	0.13	0.1131	
1202	1	0.14	0.14	0.1204	
1203	1	0.14	0.14	0.1204	
1204	1	0.14	0.14	0.1204	
1205	1	0.14	0.14	0.1204	
1206	1	0.13	0.13	0.1131	
1207	1	0.13	0.13	0.1131	
1208	1	0.12	0.12	0.1056	
1209	1	0.11	0.11	0.0979	
1210	1	0.12	0.12	0.1056	
1211	1	0.12	0.12	0.1056	
1212	1	0.11	0.11	0.0979	
1213	1	0.12	0.12	0.1056	
1214	1	0.13	0.13	0.1131	
1215	1	0.13	0.13	0.1131	
1216	1	0.13	0.13	0.1131	
1217	1	0.15	0.15	0.1275	
1218	1	0.15	0.15	0.1275	
1219	1	0.13	0.13	0.1131	
1220	1	0.11	0.11	0.0979	
1221	1	0.11	0.11	0.0979	
1222	1	0.09	0.09	0.0819	
1223	1	0.07	0.07	0.0651	
1224	1	0.09	0.09	0.0819	
1225	1	0.08	0.08	0.0736	
1226	1	0.08	0.08	0.0736	
1227	1	0.08	0.08	0.0736	
1228	1	0.08	0.08	0.0736	
1229	1	0.09	0.09	0.0819	
1230	1	0.07	0.07	0.0651	
1231	1	0.07	0.07	0.0651	
1232	1	0.05	0.05	0.0475	
1233	1	0.04	0.04	0.0384	
1234	1	0.04	0.04	0.0384	
1235	1	0.06	0.06	0.0564	
1236	1	0.05	0.05	0.0475	
1237	1	0.06	0.06	0.0564	
1238	1	0.06	0.06	0.0564	
1239	1	0.06	0.06	0.0564	
1240	1	0.05	0.05	0.0475	
1241	1	0.05	0.05	0.0475	
1242	1	0.05	0.05	0.0475	
1243	1	0.08	0.08	0.0736	
1244	1	0.06	0.06	0.0564	
1245	1	0.06	0.06	0.0564	
1246	1	0.06	0.06	0.0564	
1247	1	0.06	0.06	0.0564	
1248	1	0.07	0.07	0.0651	
1249	1	0.07	0.07	0.0651	
1250	1	0.07	0.07	0.0651	
1251	1	0.09	0.09	0.0819	
1252	1	0.11	0.11	0.0979	
1253	1	0.09	0.09	0.0819	
1254	1	0.08	0.08	0.0736	
1255	1	0.06	0.06	0.0564	
1256	1	0.07	0.07	0.0651	
1257	1	0.08	0.08	0.0736	
1258	1	0.06	0.06	0.0564	
1259	1	0.06	0.06	0.0564	
1260	1	0.06	0.06	0.0564	
1261	1	0.05	0.05	0.0475	
1262	1	0.07	0.07	0.0651	
1263	1	0.07	0.07	0.0651	
1264	1	0.07	0.07	0.0651	
1265	1	0.07	0.07	0.0651	
1266	1	0.07	0.07	0.0651	
1267	1	0.08	0.08	0.0736	
1268	1	0.06	0.06	0.0564	
1269	1	0.07	0.07	0.0651	
1270	1	0.1	0.1	0.09	
1271	1	0.11	0.11	0.0979	
1272	1	0.11	0.11	0.0979	
1273	1	0.1	0.1	0.09	
1274	1	0.11	0.11	0.0979	
1275	1	0.12	0.12	0.1056	
1276	1	0.11	0.11	0.0979	
1277	1	0.1	0.1	0.09	
1278	1	0.1	0.1	0.09	
1279	1	0.1	0.1	0.09	
1280	1	0.11	0.11	0.0979	
1281	1	0.11	0.11	0.0979	
1282	1	0.11	0.11	0.0979	
1283	1	0.11	0.11	0.0979	
1284	1	0.1	0.1	0.09	
1285	1	0.09	0.09	0.0819	
1286	1	0.09	0.09	0.0819	
1287	1	0.1	0.1	0.09	
1288	1	0.09	0.09	0.0819	
1289	1	0.09	0.09	0.0819	
1290	1	0.09	0.09	0.0819	
1291	1	0.09	0.09	0.0819	
1292	1	0.09	0.09	0.0819	
1293	1	0.09	0.09	0.0819	
1294	1	0.08	0.08	0.0736	
1295	1	0.09	0.09	0.0819	
1296	1	0.08	0.08	0.0736	
1297	1	0.1	0.1	0.09	
1298	1	0.09	0.09	0.0819	
1299	1	0.09	0.09	0.0819	
1300	1	0.1	0.1	0.09	
1301	1	0.09	0.09	0.0819	
1302	1	0.1	0.1	0.09	
1303	1	0.1	0.1	0.09	
1304	1	0.1	0.1	0.09	
1305	1	0.1	0.1	0.09	
1306	1	0.08	0.08	0.0736	
1307	1	0.06	0.06	0.0564	
1308	1	0.09	0.09	0.0819	
1309	1	0.1	0.1	0.09	
1310	1	0.1	0.1	0.09	
1311	1	0.06	0.06	0.0564	
1312	1	0.05	0.05	0.0475	
1313	1	0.05	0.05	0.0475	
1314	1	0.06	0.06	0.0564	
1315	1	0.08	0.08	0.0736	
1316	1	0.07	0.07	0.0651	
1317	1	0.07	0.07	0.0651	
1318	1	0.06	0.06	0.0564	
1319	1	0.07	0.07	0.0651	
1320	1	0.05	0.05	0.0475	
1321	1	0.05	0.05	0.0475	
1322	1	0.09	0.09	0.0819	
1323	1	0.08	0.08	0.0736	
1324	1	0.09	0.09	0.0819	
1325	1	0.07	0.07	0.0651	
1326	1	0.07	0.07	0.0651	
1327	1	0.07	0.07	0.0651	
1328	1	0.09	0.09	0.0819	
1329	1	0.09	0.09	0.0819	
1330	1	0.08	0.08	0.0736	
1331	1	0.08	0.08	0.0736	
1332	1	0.09	0.09	0.0819	
1333	1	0.09	0.09	0.0819	
1334	1	0.1	0.1	0.09	
1335	1	0.1	0.1	0.09	
1336	1	0.1	0.1	0.09	
1337	1	0.08	0.08	0.0736	
1338	1	0.12	0.12	0.1056	
1339	1	0.12	0.12	0.1056	
1340	1	0.09	0.09	0.0819	
1341	1	0.06	0.06	0.0564	
1342	1	0.07	0.07	0.0651	
1343	1	0.07	0.07	0.0651	
1344	1	0.08	0.08	0.0736	
1345	1	0.09	0.09	0.0819	
1346	1	0.09	0.09	0.0819	
1347	1	0.12	0.12	0.1056	
1348	1	0.12	0.12	0.1056	
1349	1	0.12	0.12	0.1056	
1350	1	0.13	0.13	0.1131	
1351	1	0.11	0.11	0.0979	
1352	1	0.12	0.12	0.1056	
1353	1	0.11	0.11	0.0979	
1354	1	0.12	0.12	0.1056	
1355	1	0.1	0.1	0.09	
1356	1	0.09	0.09	0.0819	
1357	1	0.07	0.07	0.0651	
1358	1	0.06	0.06	0.0564	
1359	1	0.06	0.06	0.0564	
1360	1	0.06	0.06	0.0564	
1361	1	0.07	0.07	0.0651	
1362	1	0.07	0.07	0.0651	
1363	1	0.08	0.08	0.0736	
1364	1	0.08	0.08	0.0736	
1365	1	0.06	0.06	0.0564	
1366	1	0.07	0.07	0.0651	
1367	1	0.07	0.07	0.0651	
1368	1	0.07	0.07	0.0651	
1369	1	0.05	0.05	0.0475	
1370	1	0.05	0.05	0.0475	
1371	1	0.04	0.04	0.0384	
1372	1	0.02	0.02	0.0196	
1373	1	0.02	0.02	0.0196	
1374	1	0.03	0.03	0.0291	
1375	1	0.05	0.05	0.0475	
1376	1	0.06	0.06	0.0564	
1377	1	0.06	0.06	0.0564	
1378	1	0.08	0.08	0.0736	
1379	1	0.07	0.07	0.0651	
1380	1	0.08	0.08	0.0736	
1381	1	0.09	0.09	0.0819	
1382	1	0.1	0.1	0.09	
1383	1	0.1	0.1	0.09	
1384	1	0.09	0.09	0.0819	
1385	1	0.08	0.08	0.0736	
1386	1	0.08	0.08	0.0736	
1387	1	0.08	0.08	0.0736	
1388	1	0.08	0.08	0.0736	
1389	1	0.07	0.07	0.0651	
1390	1	0.08	0.08	0.0736	
1391	1	0.06	0.06	0.0564	
1392	1	0.09	0.09	0.0819	
1393	1	0.08	0.08	0.0736	
1394	1	0.08	0.08	0.0736	
1395	1	0.09	0.09	0.0819	
1396	1	0.08	0.08	0.0736	
1397	1	0.08	0.08	0.0736	
1398	1	0.09	0.09	0.0819	
1399	1	0.09	0.09	0.0819	
1400	1	0.09	0.09	0.0819	
1401	1	0.1	0.1	0.09	
1402	1	0.11	0.11	0.0979	
1403	1	0.11	0.11	0.0979	
1404	1	0.09	0.09	0.0819	
1405	1	0.09	0.09	0.0819	
1406	1	0.09	0.09	0.0819	
1407	1	0.08	0.08	0.0736	
1408	1	0.09	0.09	0.0819	
1409	1	0.08	0.08	0.0736	
1410	1	0.08	0.08	0.0736	
1411	1	0.07	0.07	0.0651	
1412	1	0.07	0.07	0.0651	
1413	1	0.06	0.06	0.0564	
1414	1	0.08	0.08	0.0736	
1415	1	0.07	0.07	0.0651	
1416	1	0.07	0.07	0.0651	
1417	1	0.07	0.07	0.0651	
1418	1	0.07	0.07	0.0651	
1419	1	0.07	0.07	0.0651	
1420	1	0.06	0.06	0.0564	
1421	1	0.07	0.07	0.0651	
1422	1	0.06	0.06	0.0564	
1423	1	0.05	0.05	0.0475	
1424	1	0.06	0.06	0.0564	
1425	1	0.05	0.05	0.0475	
1426	1	0.05	0.05	0.0475	
1427	1	0.06	0.06	0.0564	
1428	1	0.05	0.05	0.0475	
1429	1	0.07	0.07	0.0651	
1430	1	0.09	0.09	0.0819	
1431	1	0.11	0.11	0.0979	
1432	1	0.09	0.09	0.0819	
1433	1	0.08	0.08	0.0736	
1434	1	0.07	0.07	0.0651	
1435	1	0.1	0.1	0.09	
1436	1	0.09	0.09	0.0819	
1437	1	0.07	0.07	0.0651	
1438	1	0.08	0.08	0.0736	
1439	1	0.08	0.08	0.0736	
1440	1	0.07	0.07	0.0651	
1441	1	0.06	0.06	0.0564	
1442	1	0.06	0.06	0.0564	
1443	1	0.07	0.07	0.0651	
1444	1	0.09	0.09	0.0819	
1445	1	0.07	0.07	0.0651	
1446	1	0.08	0.08	0.0736	
1447	1	0.05	0.05	0.0475	
1448	1	0.09	0.09	0.0819	
1449	1	0.09	0.09	0.0819	
1450	1	0.09	0.09	0.0819	
1451	1	0.08	0.08	0.0736	
1452	1	0.06	0.06	0.0564	
1453	1	0.06	0.06	0.0564	
1454	1	0.08	0.08	0.0736	
1455	1	0.1	0.1	0.09	
1456	1	0.09	0.09	0.0819	
1457	1	0.09	0.09	0.0819	
1458	1	0.09	0.09	0.0819	
1459	1	0.08	0.08	0.0736	
1460	1	0.09	0.09	0.0819	
1461	1	0.07	0.07	0.0651	
1462	1	0.07	0.07	0.0651	
1463	1	0.08	0.08	0.0736	
1464	1	0.05	0.05	0.0475	
1465	1	0.05	0.05	0.0475	
1466	1	0.05	0.05	0.0475	
1467	1	0.07	0.07	0.0651	
1468	1	0.08	0.08	0.0736	
1469	1	0.08	0.08	0.0736	
1470	1	0.08	0.08	0.0736	
1471	1	0.08	0.08	0.0736	
1472	1	0.07	0.07	0.0651	
1473	1	0.09	0.09	0.0819	
1474	1	0.09	0.09	0.0819	
1475	1	0.09	0.09	0.0819	
1476	1	0.1	0.1	0.09	
1477	1	0.11	0.11	0.0979	
1478	1	0.11	0.11	0.0979	
1479	1	0.11	0.11	0.0979	
1480	1	0.09	0.09	0.0819	
1481	1	0.08	0.08	0.0736	
1482	1	0.12	0.12	0.1056	
1483	1	0.08	0.08	0.0736	
1484	1	0.08	0.08	0.0736	
1485	1	0.09	0.09	0.0819	
1486	1	0.1	0.1	0.09	
1487	1	0.09	0.09	0.0819	
1488	1	0.08	0.08	0.0736	
1489	1	0.07	0.07	0.0651	
1490	1	0.06	0.06	0.0564	
1491	1	0.07	0.07	0.0651	
1492	1	0.07	0.07	0.0651	
1493	1	0.07	0.07	0.0651	
1494	1	0.07	0.07	0.0651	
1495	1	0.08	0.08	0.0736	
1496	1	0.08	0.08	0.0736	
1497	1	0.06	0.06	0.0564	
1498	1	0.07	0.07	0.0651	
1499	1	0.05	0.05	0.0475	
1500	1	0.05	0.05	0.0475	
1501	1	0.04	0.04	0.0384	
1502	1	0.04	0.04	0.0384	
1503	1	0.05	0.05	0.0475	
1504	1	0.07	0.07	0.0651	
1505	1	0.05	0.05	0.0475	
1506	1	0.05	0.05	0.0475	
1507	1	0.06	0.06	0.0564	
1508	1	0.05	0.05	0.0475	
1509	1	0.05	0.05	0.0475	
1510	1	0.06	0.06	0.0564	
1511	1	0.07	0.07	0.0651	
1512	1	0.05	0.05	0.0475	
1513	1	0.05	0.05	0.0475	
1514	1	0.07	0.07	0.0651	
1515	1	0.06	0.06	0.0564	
1516	1	0.05	0.05	0.0475	
1517	1	0.05	0.05	0.0475	
1518	1	0.03	0.03	0.0291	
1519	1	0.04	0.04	0.0384	
1520	1	0.06	0.06	0.0564	
1521	1	0.07	0.07	0.0651	
1522	1	0.06	0.06	0.0564	
1523	1	0.06	0.06	0.0564	
1524	1	0.05	0.05	0.0475	
1525	1	0.06	0.06	0.0564	
1526	1	0.07	0.07	0.0651	
1527	1	0.1	0.1	0.09	
1528	1	0.07	0.07	0.0651	
1529	1	0.07	0.07	0.0651	
1530	1	0.07	0.07	0.0651	
1531	1	0.06	0.06	0.0564	
1532	1	0.06	0.06	0.0564	
1533	1	0.06	0.06	0.0564	
1534	1	0.05	0.05	0.0475	
1535	1	0.05	0.05	0.0475	
1536	1	0.05	0.05	0.0475	
1537	1	0.07	0.07	0.0651	
1538	1	0.07	0.07	0.0651	
1539	1	0.08	0.08	0.0736	
1540	1	0.08	0.08	0.0736	
1541	1	0.07	0.07	0.0651	
1542	1	0.06	0.06	0.0564	
1543	1	0.05	0.05	0.0475	
1544	1	0.06	0.06	0.0564	
1545	1	0.06	0.06	0.0564	
1546	1	0.04	0.04	0.0384	
1547	1	0.04	0.04	0.0384	
1548	1	0.02	0.02	0.0196	
1549	1	0.03	0.03	0.0291	
1550	1	0.02	0.02	0.0196	
1551	1	0.02	0.02	0.0196	
1552	1	0.02	0.02	0.0196	
1553	1	0.02	0.02	0.0196	
1554	1	0.01	0.01	0.0099	
1555	1	0.02	0.02	0.0196	
1556	1	0.04	0.04	0.0384	
1557	1	0.05	0.05	0.0475	
1558	1	0.03	0.03	0.0291	
1559	1	0.04	0.04	0.0384	
1560	1	0.05	0.05	0.0475	
1561	1	0.05	0.05	0.0475	
1562	1	0.05	0.05	0.0475	
1563	1	0.05	0.05	0.0475	
1564	1	0.06	0.06	0.0564	
1565	1	0.08	0.08	0.0736	
1566	1	0.07	0.07	0.0651	
1567	1	0.07	0.07	0.0651	
1568	1	0.06	0.06	0.0564	
1569	1	0.05	0.05	0.0475	
1570	1	0.05	0.05	0.0475	
1571	1	0.05	0.05	0.0475	
1572	1	0.05	0.05	0.0475	
1573	1	0.05	0.05	0.0475	
1574	1	0.05	0.05	0.0475	
1575	1	0.05	0.05	0.0475	
1576	1	0.05	0.05	0.0475	
1577	1	0.05	0.05	0.0475	
1578	1	0.05	0.05	0.0475	
1579	1	0.04	0.04	0.0384	
1580	1	0.06	0.06	0.0564	
1581	1	0.09	0.09	0.0819	
1582	1	0.09	0.09	0.0819	
1583	1	0.07	0.07	0.0651	
1584	1	0.08	0.08	0.0736	
1585	1	0.07	0.07	0.0651	
1586	1	0.07	0.07	0.0651	
1587	1	0.08	0.08	0.0736	
1588	1	0.07	0.07	0.0651	
1589	1	0.07	0.07	0.0651	
1590	1	0.09	0.09	0.0819	
1591	1	0.09	0.09	0.0819	
1592	1	0.08	0.08	0.0736	
1593	1	0.08	0.08	0.0736	
1594	1	0.07	0.07	0.0651	
1595	1	0.07	0.07	0.0651	
1596	1	0.1	0.1	0.09	
1597	1	0.11	0.11	0.0979	
1598	1	0.11	0.11	0.0979	
1599	1	0.12	0.12	0.1056	
1600	1	0.12	0.12	0.1056	
1601	1	0.12	0.12	0.1056	
1602	1	0.09	0.09	0.0819	
1603	1	0.08	0.08	0.0736	
1604	1	0.06	0.06	0.0564	
1605	1	0.09	0.09	0.0819	
1606	1	0.11	0.11	0.0979	
1607	1	0.08	0.08	0.0736	
1608	1	0.06	0.06	0.0564	
1609	1	0.06	0.06	0.0564	
1610	1	0.06	0.06	0.0564	
1611	1	0.09	0.09	0.0819	
1612	1	0.1	0.1	0.09	
1613	1	0.1	0.1	0.09	
1614	1	0.08	0.08	0.0736	
1615	1	0.08	0.08	0.0736	
1616	1	0.09	0.09	0.0819	
1617	1	0.1	0.1	0.09	
1618	1	0.08	0.08	0.0736	
1619	1	0.06	0.06	0.0564	
1620	1	0.08	0.08	0.0736	
1621	1	0.08	0.08	0.0736	
1622	1	0.1	0.1	0.09	
1623	1	0.12	0.12	0.1056	
1624	1	0.13	0.13	0.1131	
1625	1	0.12	0.12	0.1056	
1626	1	0.11	0.11	0.0979	
1627	1	0.1	0.1	0.09	
1628	1	0.1	0.1	0.09	
1629	1	0.08	0.08	0.0736	
1630	1	0.08	0.08	0.0736	
1631	1	0.09	0.09	0.0819	
1632	1	0.07	0.07	0.0651	
1633	1	0.08	0.08	0.0736	
1634	1	0.07	0.07	0.0651	
1635	1	0.1	0.1	0.09	
1636	1	0.11	0.11	0.0979	
1637	1	0.1	0.1	0.09	
1638	1	0.08	0.08	0.0736	
1639	1	0.08	0.08	0.0736	
1640	1	0.08	0.08	0.0736	
1641	1	0.07	0.07	0.0651	
1642	1	0.09	0.09	0.0819	
1643	1	0.08	0.08	0.0736	
1644	1	0.1	0.1	0.09	
1645	1	0.1	0.1	0.09	
1646	1	0.11	0.11	0.0979	
1647	1	0.09	0.09	0.0819	
1648	1	0.1	0.1	0.09	
1649	1	0.1	0.1	0.09	
1650	1	0.11	0.11	0.0979	
1651	1	0.08	0.08	0.0736	
1652	1	0.08	0.08	0.0736	
1653	1	0.11	0.11	0.0979	
1654	1	0.08	0.08	0.0736	
1655	1	0.08	0.08	0.0736	
1656	1	0.09	0.09	0.0819	
1657	1	0.1	0.1	0.09	
1658	1	0.1	0.1	0.09	
1659	1	0.11	0.11	0.0979	
1660	1	0.12	0.12	0.1056	
1661	1	0.1	0.1	0.09	
1662	1	0.09	0.09	0.0819	
1663	1	0.09	0.09	0.0819	
1664	1	0.07	0.07	0.0651	
1665	1	0.09	0.09	0.0819	
1666	1	0.08	0.08	0.0736	
1667	1	0.08	0.08	0.0736	
1668	1	0.07	0.07	0.0651	
1669	1	0.06	0.06	0.0564	
1670	1	0.07	0.07	0.0651	
1671	1	0.06	0.06	0.0564	
1672	1	0.06	0.06	0.0564	
1673	1	0.07	0.07	0.0651	
1674	1	0.07	0.07	0.0651	
1675	1	0.09	0.09	0.0819	
1676	1	0.11	0.11	0.0979	
1677	1	0.09	0.09	0.0819	
1678	1	0.09	0.09	0.0819	
1679	1	0.08	0.08	0.0736	
1680	1	0.09	0.09	0.0819	
1681	1	0.09	0.09	0.0819	
1682	1	0.09	0.09	0.0819	
1683	1	0.08	0.08	0.0736	
1684	1	0.11	0.11	0.0979	
1685	1	0.11	0.11	0.0979	
1686	1	0.09	0.09	0.0819	
1687	1	0.09	0.09	0.0819	
1688	1	0.09	0.09	0.0819	
1689	1	0.11	0.11	0.0979	
1690	1	0.09	0.09	0.0819	
1691	1	0.1	0.1	0.09	
1692	1	0.09	0.09	0.0819	
1693	1	0.1	0.1	0.09	
1694	1	0.1	0.1	0.09	
1695	1	0.1	0.1	0.09	
1696	1	0.06	0.06	0.0564	
1697	1	0.08	0.08	0.0736	
1698	1	0.09	0.09	0.0819	
1699	1	0.09	0.09	0.0819	
1700	1	0.09	0.09	0.0819	
1701	1	0.09	0.09	0.0819	
1702	1	0.09	0.09	0.0819	
1703	1	0.08	0.08	0.0736	
1704	1	0.08	0.08	0.0736	
1705	1	0.11	0.11	0.0979	
1706	1	0.12	0.12	0.1056	
1707	1	0.13	0.13	0.1131	
1708	1	0.12	0.12	0.1056	
1709	1	0.1	0.1	0.09	
1710	1	0.11	0.11	0.0979	
1711	1	0.11	0.11	0.0979	
1712	1	0.13	0.13	0.1131	
1713	1	0.14	0.14	0.1204	
1714	1	0.16	0.16	0.1344	
1715	1	0.11	0.11	0.0979	
1716	1	0.11	0.11	0.0979	
1717	1	0.11	0.11	0.0979	
1718	1	0.12	0.12	0.1056	
1719	1	0.1	0.1	0.09	
1720	1	0.1	0.1	0.09	
1721	1	0.1	0.1	0.09	
1722	1	0.09	0.09	0.0819	
1723	1	0.09	0.09	0.0819	
1724	1	0.07	0.07	0.0651	
1725	1	0.05	0.05	0.0475	
1726	1	0.05	0.05	0.0475	
1727	1	0.04	0.04	0.0384	
1728	1	0.04	0.04	0.0384	
1729	1	0.04	0.04	0.0384	
1730	1	0.05	0.05	0.0475	
1731	1	0.08	0.08	0.0736	
1732	1	0.08	0.08	0.0736	
1733	1	0.07	0.07	0.0651	
1734	1	0.08	0.08	0.0736	
1735	1	0.08	0.08	0.0736	
1736	1	0.08	0.08	0.0736	
1737	1	0.07	0.07	0.0651	
1738	1	0.08	0.08	0.0736	
1739	1	0.07	0.07	0.0651	
1740	1	0.08	0.08	0.0736	
1741	1	0.05	0.05	0.0475	
1742	1	0.08	0.08	0.0736	
1743	1	0.09	0.09	0.0819	
1744	1	0.07	0.07	0.0651	
1745	1	0.09	0.09	0.0819	
1746	1	0.09	0.09	0.0819	
1747	1	0.08	0.08	0.0736	
1748	1	0.08	0.08	0.0736	
1749	1	0.08	0.08	0.0736	
1750	1	0.07	0.07	0.0651	
1751	1	0.07	0.07	0.0651	
1752	1	0.06	0.06	0.0564	
1753	1	0.06	0.06	0.0564	
1754	1	0.06	0.06	0.0564	
1755	1	0.08	0.08	0.0736	
1756	1	0.06	0.06	0.0564	
1757	1	0.1	0.1	0.09	
1758	1	0.11	0.11	0.0979	
1759	1	0.12	0.12	0.1056	
1760	1	0.1	0.1	0.09	
1761	1	0.08	0.08	0.0736	
1762	1	0.08	0.08	0.0736	
1763	1	0.06	0.06	0.0564	
1764	1	0.06	0.06	0.0564	
1765	1	0.06	0.06	0.0564	
1766	1	0.06	0.06	0.0564	
1767	1	0.06	0.06	0.0564	
1768	1	0.04	0.04	0.0384	
1769	1	0.04	0.04	0.0384	
1770	1	0.04	0.04	0.0384	
1771	1	0.05	0.05	0.0475	
1772	1	0.02	0.02	0.0196	
1773	1	0.02	0.02	0.0196	
1774	1	0.01	0.01	0.0099	
1775	1	0.03	0.03	0.0291	
1776	1	0.04	0.04	0.0384	
1777	1	0.05	0.05	0.0475	
1778	1	0.06	0.06	0.0564	
1779	1	0.06	0.06	0.0564	
1780	1	0.04	0.04	0.0384	
1781	1	0.05	0.05	0.0475	
1782	1	0.07	0.07	0.0651	
1783	1	0.06	0.06	0.0564	
1784	1	0.05	0.05	0.0475	
1785	1	0.06	0.06	0.0564	
1786	1	0.05	0.05	0.0475	
1787	1	0.05	0.05	0.0475	
1788	1	0.06	0.06	0.0564	
1789	1	0.07	0.07	0.0651	
1790	1	0.06	0.06	0.0564	
1791	1	0.06	0.06	0.0564	
1792	1	0.08	0.08	0.0736	
1793	1	0.1	0.1	0.09	
1794	1	0.12	0.12	0.1056	
1795	1	0.08	0.08	0.0736	
1796	1	0.09	0.09	0.0819	
1797	1	0.07	0.07	0.0651	
1798	1	0.05	0.05	0.0475	
1799	1	0.06	0.06	0.0564	
1800	1	0.05	0.05	0.0475	
1801	1	0.04	0.04	0.0384	
1802	1	0.05	0.05	0.0475	
1803	1	0.05	0.05	0.0475	
1804	1	0.08	0.08	0.0736	
1805	1	0.04	0.04	0.0384	
1806	1	0.03	0.03	0.0291	
1807	1	0.02	0.02	0.0196	
1808	1	0.03	0.03	0.0291	
1809	1	0.03	0.03	0.0291	
1810	1	0.03	0.03	0.0291	
1811	1	0.04	0.04	0.0384	
1812	1	0.04	0.04	0.0384	
1813	1	0.03	0.03	0.0291	
1814	1	0.03	0.03	0.0291	
1815	1	0.04	0.04	0.0384	
1816	1	0.04	0.04	0.0384	
1817	1	0.05	0.05	0.0475	
1818	1	0.05	0.05	0.0475	
1819	1	0.06	0.06	0.0564	
1820	1	0.07	0.07	0.0651	
1821	1	0.08	0.08	0.0736	
1822	1	0.09	0.09	0.0819	
1823	1	0.07	0.07	0.0651	
1824	1	0.07	0.07	0.0651	
1825	1	0.06	0.06	0.0564	
1826	1	0.07	0.07	0.0651	
1827	1	0.07	0.07	0.0651	
1828	1	0.07	0.07	0.0651	
1829	1	0.07	0.07	0.0651	
1830	1	0.08	0.08	0.0736	
1831	1	0.09	0.09	0.0819	
1832	1	0.08	0.08	0.0736	
1833	1	0.09	0.09	0.0819	
1834	1	0.09	0.09	0.0819	
1835	1	0.06	0.06	0.0564	
1836	1	0.06	0.06	0.0564	
1837	1	0.06	0.06	0.0564	
1838	1	0.05	0.05	0.0475	
1839	1	0.05	0.05	0.0475	
1840	1	0.04	0.04	0.0384	
1841	1	0.04	0.04	0.0384	
1842	1	0.04	0.04	0.0384	
1843	1	0.03	0.03	0.0291	
1844	1	0.04	0.04	0.0384	
1845	1	0.05	0.05	0.0475	
1846	1	0.07	0.07	0.0651	
1847	1	0.06	0.06	0.0564	
1848	1	0.07	0.07	0.0651	
1849	1	0.08	0.08	0.0736	
1850	1	0.08	0.08	0.0736	
1851	1	0.09	0.09	0.0819	
1852	1	0.1	0.1	0.09	
1853	1	0.09	0.09	0.0819	
1854	1	0.09	0.09	0.0819	
1855	1	0.1	0.1	0.09	
1856	1	0.12	0.12	0.1056	
1857	1	0.13	0.13	0.1131	
1858	1	0.13	0.13	0.1131	
1859	1	0.11	0.11	0.0979	
1860	1	0.11	0.11	0.0979	
1861	1	0.13	0.13	0.1131	
1862	1	0.12	0.12	0.1056	
1863	1	0.11	0.11	0.0979	
1864	1	0.11	0.11	0.0979	
1865	1	0.11	0.11	0.0979	
1866	1	0.1	0.1	0.09	
1867	1	0.1	0.1	0.09	
1868	1	0.14	0.14	0.1204	
1869	1	0.15	0.15	0.1275	
1870	1	0.1	0.1	0.09	
1871	1	0.09	0.09	0.0819	
1872	1	0.07	0.07	0.0651	
1873	1	0.09	0.09	0.0819	
1874	1	0.06	0.06	0.0564	
1875	1	0.04	0.04	0.0384	
1876	1	0.04	0.04	0.0384	
1877	1	0.04	0.04	0.0384	
1878	1	0.06	0.06	0.0564	
1879	1	0.06	0.06	0.0564	
1880	1	0.09	0.09	0.0819	
1881	1	0.11	0.11	0.0979	
1882	1	0.11	0.11	0.0979	
1883	1	0.11	0.11	0.0979	
1884	1	0.09	0.09	0.0819	
1885	1	0.06	0.06	0.0564	
1886	1	0.07	0.07	0.0651	
1887	1	0.06	0.06	0.0564	
1888	1	0.06	0.06	0.0564	
1889	1	0.06	0.06	0.0564	
1890	1	0.06	0.06	0.0564	
1891	1	0.07	0.07	0.0651	
1892	1	0.06	0.06	0.0564	
1893	1	0.07	0.07	0.0651	
1894	1	0.07	0.07	0.0651	
1895	1	0.07	0.07	0.0651	
1896	1	0.07	0.07	0.0651	
1897	1	0.07	0.07	0.0651	
1898	1	0.06	0.06	0.0564	
1899	1	0.04	0.04	0.0384	
1900	1	0.04	0.04	0.0384	
1901	1	0.04	0.04	0.0384	
1902	1	0.05	0.05	0.0475	
1903	1	0.03	0.03	0.0291	
1904	1	0.04	0.04	0.0384	
1905	1	0.03	0.03	0.0291	
1906	1	0.04	0.04	0.0384	
1907	1	0.06	0.06	0.0564	
1908	1	0.06	0.06	0.0564	
1909	1	0.07	0.07	0.0651	
1910	1	0.08	0.08	0.0736	
1911	1	0.08	0.08	0.0736	
1912	1	0.08	0.08	0.0736	
1913	1	0.07	0.07	0.0651	
1914	1	0.07	0.07	0.0651	
1915	1	0.06	0.06	0.0564	
1916	1	0.06	0.06	0.0564	
1917	1	0.05	0.05	0.0475	
1918	1	0.04	0.04	0.0384	
1919	1	0.03	0.03	0.0291	
1920	1	0.04	0.04	0.0384	
1921	1	0.04	0.04	0.0384	
1922	1	0.03	0.03	0.0291	
1923	1	0.02	0.02	0.0196	
1924	1	0.03	0.03	0.0291	
1925	1	0.06	0.06	0.0564	
1926	1	0.07	0.07	0.0651	
1927	1	0.07	0.07	0.0651	
1928	1	0.08	0.08	0.0736	
1929	1	0.08	0.08	0.0736	
1930	1	0.08	0.08	0.0736	
1931	1	0.06	0.06	0.0564	
1932	1	0.04	0.04	0.0384	
1933	1	0.05	0.05	0.0475	
1934	1	0.05	0.05	0.0475	
1935	1	0.05	0.05	0.0475	
1936	1	0.05	0.05	0.0475	
1937	1	0.05	0.05	0.0475	
1938	1	0.07	0.07	0.0651	
1939	1	0.07	0.07	0.0651	
1940	1	0.08	0.08	0.0736	
1941	1	0.07	0.07	0.0651	
1942	1	0.09	0.09	0.0819	
1943	1	0.08	0.08	0.0736	
1944	1	0.08	0.08	0.0736	
1945	1	0.08	0.08	0.0736	
1946	1	0.07	0.07	0.0651	
1947	1	0.06	0.06	0.0564	
1948	1	0.06	0.06	0.0564	
1949	1	0.07	0.07	0.0651	
1950	1	0.05	0.05	0.0475	
1951	1	0.04	0.04	0.0384	
1952	1	0.05	0.05	0.0475	
1953	1	0.05	0.05	0.0475	
1954	1	0.04	0.04	0.0384	
1955	1	0.05	0.05	0.0475	
1956	1	0.04	0.04	0.0384	
1957	1	0.04	0.04	0.0384	
1958	1	0.06	0.06	0.0564	
1959	1	0.06	0.06	0.0564	
1960	1	0.07	0.07	0.0651	
1961	1	0.1	0.1	0.09	
1962	1	0.08	0.08	0.0736	
1963	1	0.08	0.08	0.0736	
1964	1	0.09	0.09	0.0819	
1965	1	0.09	0.09	0.0819	
1966	1	0.08	0.08	0.0736	
1967	1	0.08	0.08	0.0736	
1968	1	0.07	0.07	0.0651	
1969	1	0.06	0.06	0.0564	
1970	1	0.06	0.06	0.0564	
1971	1	0.06	0.06	0.0564	
1972	1	0.04	0.04	0.0384	
1973	1	0.04	0.04	0.0384	
1974	1	0.04	0.04	0.0384	
1975	1	0.04	0.04	0.0384	
1976	1	0.05	0.05	0.0475	
1977	1	0.05	0.05	0.0475	
1978	1	0.05	0.05	0.0475	
1979	1	0.04	0.04	0.0384	
1980	1	0.06	0.06	0.0564	
1981	1	0.06	0.06	0.0564	
1982	1	0.07	0.07	0.0651	
1983	1	0.07	0.07	0.0651	
1984	1	0.07	0.07	0.0651	
1985	1	0.08	0.08	0.0736	
1986	1	0.09	0.09	0.0819	
1987	1	0.09	0.09	0.0819	
1988	1	0.1	0.1	0.09	
1989	1	0.08	0.08	0.0736	
1990	1	0.07	0.07	0.0651	
1991	1	0.08	0.08	0.0736	
1992	1	0.08	0.08	0.0736	
1993	1	0.1	0.1	0.09	
1994	1	0.09	0.09	0.0819	
1995	1	0.09	0.09	0.0819	
1996	1	0.08	0.08	0.0736	
1997	1	0.09	0.09	0.0819	
1998	1	0.08	0.08	0.0736	
1999	1	0.08	0.08	0.0736	
2000	1	0.1	0.1	0.09	
