# mu = 0.1, s = 0.01, trials requested = 1, runtime = 0:00:03
# "Time"	"Actual trials"	"Mean mutation"	"Average mean mutation"	"Average mutation variance"
0	1	0	0	0	
1	1	0	0	0	
2	1	0.02	0.02	0.0396	
3	1	0.03	0.03	0.0491	
4	1	0.03	0.03	0.0491	
5	1	0.05	0.05	0.0675	
6	1	0.05	0.05	0.0675	
7	1	0.05	0.05	0.0675	
8	1	0.07	0.07	0.0851	
9	1	0.08	0.08	0.0936	
10	1	0.09	0.09	0.1019	
11	1	0.12	0.12	0.1456	
12	1	0.15	0.15	0.1675	
13	1	0.15	0.15	0.1675	
14	1	0.16	0.16	0.1744	
15	1	0.16	0.16	0.1744	
16	1	0.15	0.15	0.1675	
17	1	0.2	0.2	0.26	
18	1	0.2	0.2	0.28	
19	1	0.23	0.23	0.2971	
20	1	0.22	0.22	0.3116	
21	1	0.22	0.22	0.3316	
22	1	0.22	0.22	0.3116	
23	1	0.25	0.25	0.3275	
24	1	0.29	0.29	0.3059	
25	1	0.29	0.29	0.2859	
26	1	0.32	0.32	0.3176	
27	1	0.33	0.33	0.3211	
28	1	0.36	0.36	0.3704	
29	1	0.37	0.37	0.3931	
30	1	0.4	0.4	0.46	
31	1	0.42	0.42	0.4436	
32	1	0.44	0.44	0.4864	
33	1	0.45	0.45	0.5075	
34	1	0.45	0.45	0.5075	
35	1	0.47	0.47	0.5491	
36	1	0.52	0.52	0.5896	
37	1	0.5	0.5	0.55	
38	1	0.55	0.55	0.5875	
39	1	0.53	0.53	0.5691	
40	1	0.53	0.53	0.5691	
41	1	0.57	0.57	0.5651	
42	1	0.55	0.55	0.5475	
43	1	0.51	0.51	0.5099	
44	1	0.55	0.55	0.5675	
45	1	0.52	0.52	0.5496	
46	1	0.55	0.55	0.5875	
47	1	0.53	0.53	0.5491	
48	1	0.56	0.56	0.5864	
49	1	0.51	0.51	0.5499	
50	1	0.52	0.52	0.5496	
51	1	0.53	0.53	0.5491	
52	1	0.56	0.56	0.5664	
53	1	0.6	0.6	0.6	
54	1	0.6	0.6	0.6	
55	1	0.64	0.64	0.6104	
56	1	0.64	0.64	0.5904	
57	1	0.63	0.63	0.5931	
58	1	0.65	0.65	0.6075	
59	1	0.67	0.67	0.6611	
60	1	0.65	0.65	0.6275	
61	1	0.64	0.64	0.6304	
62	1	0.7	0.7	0.63	
63	1	0.72	0.72	0.6216	
64	1	0.75	0.75	0.6475	
65	1	0.74	0.74	0.6724	
66	1	0.72	0.72	0.6816	
67	1	0.73	0.73	0.6371	
68	1	0.75	0.75	0.6475	
69	1	0.79	0.79	0.6459	
70	1	0.81	0.81	0.7139	
71	1	0.8	0.8	0.68	
72	1	0.85	0.85	0.7275	
73	1	0.85	0.85	0.6875	
74	1	0.82	0.82	0.6876	
75	1	0.88	0.88	0.7656	
76	1	0.84	0.84	0.7344	
77	1	0.92	0.92	0.8336	
78	1	0.96	0.96	0.8984	
79	1	0.93	0.93	0.8451	
80	1	0.9	0.9	0.83	
81	1	0.89	0.89	0.8379	
82	1	0.9	0.9	0.83	
83	1	0.91	0.91	0.8819	
84	1	0.91	0.91	0.9619	
85	1	0.93	0.93	0.9051	
86	1	0.92	0.92	0.8336	
87	1	0.91	0.91	0.9019	
88	1	0.86	0.86	0.8404	
89	1	0.86	0.86	0.8604	
90	1	0.88	0.88	0.9256	
91	1	0.92	0.92	0.9136	
92	1	0.9	0.9	0.91	
93	1	0.9	0.9	0.91	
94	1	0.97	0.97	0.9291	
95	1	0.99	0.99	0.9099	
96	1	1.01	1.01	0.9899	
97	1	1.02	1.02	1.0396	
98	1	0.98	0.98	1.0196	
99	1	0.97	0.97	1.0091	
100	1	1	1	1.1	
101	1	1.04	1.04	1.1384	
102	1	1.09	1.09	1.0419	
103	1	1.1	1.1	1.09	
104	1	1.06	1.06	1.0964	
105	1	1.09	1.09	1.1219	
106	1	1.06	1.06	1.1564	
107	1	1.08	1.08	1.1536	
108	1	1.12	1.12	1.1656	
109	1	1.11	1.11	1.3179	
110	1	1.16	1.16	1.2944	
111	1	1.19	1.19	1.2939	
112	1	1.21	1.21	1.2859	
113	1	1.16	1.16	1.2944	
114	1	1.23	1.23	1.3571	
115	1	1.24	1.24	1.3824	
116	1	1.34	1.34	1.4044	
117	1	1.3	1.3	1.39	
118	1	1.33	1.33	1.4411	
119	1	1.3	1.3	1.41	
120	1	1.39	1.39	1.5179	
121	1	1.38	1.38	1.4756	
122	1	1.46	1.46	1.5684	
123	1	1.48	1.48	1.5696	
124	1	1.45	1.45	1.4675	
125	1	1.53	1.53	1.5691	
126	1	1.47	1.47	1.4891	
127	1	1.47	1.47	1.5291	
128	1	1.46	1.46	1.5284	
129	1	1.51	1.51	1.4699	
130	1	1.44	1.44	1.4264	
131	1	1.46	1.46	1.4684	
132	1	1.42	1.42	1.4236	
133	1	1.49	1.49	1.4699	
134	1	1.41	1.41	1.4019	
135	1	1.36	1.36	1.3504	
136	1	1.38	1.38	1.3756	
137	1	1.5	1.5	1.51	
138	1	1.48	1.48	1.4296	
139	1	1.48	1.48	1.4296	
140	1	1.47	1.47	1.4291	
141	1	1.44	1.44	1.4264	
142	1	1.46	1.46	1.4684	
143	1	1.56	1.56	1.4664	
144	1	1.51	1.51	1.4499	
145	1	1.5	1.5	1.49	
146	1	1.54	1.54	1.4484	
147	1	1.59	1.59	1.4819	
148	1	1.52	1.52	1.5296	
149	1	1.53	1.53	1.4291	
150	1	1.53	1.53	1.4891	
151	1	1.6	1.6	1.46	
152	1	1.6	1.6	1.44	
153	1	1.65	1.65	1.5475	
154	1	1.7	1.7	1.55	
155	1	1.69	1.69	1.5139	
156	1	1.7	1.7	1.49	
157	1	1.73	1.73	1.6771	
158	1	1.75	1.75	1.6875	
159	1	1.75	1.75	1.7675	
160	1	1.76	1.76	1.7824	
161	1	1.74	1.74	1.8124	
162	1	1.8	1.8	1.84	
163	1	1.71	1.71	1.8259	
164	1	1.71	1.71	1.9859	
165	1	1.66	1.66	1.9044	
166	1	1.72	1.72	1.8016	
167	1	1.66	1.66	1.8044	
168	1	1.76	1.76	1.8624	
169	1	1.71	1.71	1.8459	
170	1	1.72	1.72	1.8816	
171	1	1.67	1.67	1.8611	
172	1	1.62	1.62	1.9156	
173	1	1.77	1.77	1.9371	
174	1	1.79	1.79	1.9459	
175	1	1.86	1.86	1.9204	
176	1	1.77	1.77	1.8771	
177	1	1.76	1.76	1.9224	
178	1	1.75	1.75	1.9675	
179	1	1.82	1.82	2.0076	
180	1	1.94	1.94	2.0964	
181	1	1.98	1.98	2.0796	
182	1	1.93	1.93	2.0451	
183	1	1.95	1.95	2.0075	
184	1	2.02	2.02	2.0996	
185	1	1.99	1.99	2.1299	
186	1	2	2	2.06	
187	1	2.07	2.07	2.1851	
188	1	2.13	2.13	2.1531	
189	1	2.14	2.14	2.1004	
190	1	2.11	2.11	2.1779	
191	1	2.15	2.15	2.1475	
192	1	2.08	2.08	2.2336	
193	1	2.09	2.09	2.3419	
194	1	2.17	2.17	2.2811	
195	1	2.16	2.16	2.2944	
196	1	2.01	2.01	2.1499	
197	1	2.03	2.03	2.2691	
198	1	2.14	2.14	2.3204	
199	1	2.15	2.15	2.3075	
200	1	2.14	2.14	2.3604	
201	1	2.08	2.08	2.2336	
202	1	2.07	2.07	2.2251	
203	1	2.02	2.02	2.2396	
204	1	2.09	2.09	2.2219	
205	1	2.13	2.13	2.1931	
206	1	2.11	2.11	2.1779	
207	1	2.07	2.07	2.2651	
208	1	2.15	2.15	2.1475	
209	1	2.11	2.11	2.0579	
210	1	2.11	2.11	2.1379	
211	1	2.16	2.16	2.3144	
212	1	2.15	2.15	2.1675	
213	1	2.14	2.14	2.1204	
214	1	2.11	2.11	2.0179	
215	1	2.17	2.17	2.2211	
216	1	2.24	2.24	2.4824	
217	1	2.25	2.25	2.5875	
218	1	2.16	2.16	2.2544	
219	1	2.24	2.24	2.4424	
220	1	2.24	2.24	2.2824	
221	1	2.2	2.2	2.32	
222	1	2.28	2.28	2.4216	
223	1	2.24	2.24	2.6424	
224	1	2.31	2.31	2.4339	
225	1	2.29	2.29	2.4659	
226	1	2.2	2.2	2.3	
227	1	2.25	2.25	2.4275	
228	1	2.31	2.31	2.3939	
229	1	2.33	2.33	2.4211	
230	1	2.32	2.32	2.4176	
231	1	2.33	2.33	2.3011	
232	1	2.29	2.29	2.1859	
233	1	2.37	2.37	2.2531	
234	1	2.4	2.4	2.22	
235	1	2.41	2.41	2.1819	
236	1	2.39	2.39	2.1979	
237	1	2.41	2.41	2.2219	
238	1	2.43	2.43	2.1651	
239	1	2.43	2.43	2.1651	
240	1	2.42	2.42	2.1836	
241	1	2.41	2.41	2.2219	
242	1	2.32	2.32	2.1976	
243	1	2.43	2.43	2.2651	
244	1	2.42	2.42	2.2636	
245	1	2.47	2.47	2.2291	
246	1	2.5	2.5	2.45	
247	1	2.43	2.43	2.5051	
248	1	2.46	2.46	2.5084	
249	1	2.49	2.49	2.4899	
250	1	2.4	2.4	2.58	
251	1	2.42	2.42	2.5636	
252	1	2.46	2.46	2.7484	
253	1	2.41	2.41	2.7019	
254	1	2.5	2.5	2.81	
255	1	2.48	2.48	2.7496	
256	1	2.48	2.48	2.6896	
257	1	2.47	2.47	2.6891	
258	1	2.4	2.4	2.54	
259	1	2.42	2.42	2.6436	
260	1	2.5	2.5	2.75	
261	1	2.56	2.56	2.8064	
262	1	2.53	2.53	2.9291	
263	1	2.56	2.56	2.8464	
264	1	2.43	2.43	2.6251	
265	1	2.47	2.47	2.6091	
266	1	2.61	2.61	2.6179	
267	1	2.68	2.68	2.6776	
268	1	2.71	2.71	2.8459	
269	1	2.74	2.74	2.6924	
270	1	2.78	2.78	2.8516	
271	1	2.74	2.74	2.5924	
272	1	2.76	2.76	2.6224	
273	1	2.81	2.81	2.7139	
274	1	2.81	2.81	2.7739	
275	1	2.69	2.69	2.7739	
276	1	2.73	2.73	2.8171	
277	1	2.72	2.72	2.7616	
278	1	2.91	2.91	2.6819	
279	1	2.96	2.96	2.8784	
280	1	2.98	2.98	2.8196	
281	1	3.03	3.03	2.8291	
282	1	3.01	3.01	2.8099	
283	1	3.04	3.04	2.7584	
284	1	3.03	3.03	2.8091	
285	1	3.04	3.04	2.8584	
286	1	3.1	3.1	2.85	
287	1	3.15	3.15	2.9275	
288	1	3.16	3.16	3.0144	
289	1	3.13	3.13	3.0131	
290	1	3.18	3.18	3.0476	
291	1	3.12	3.12	2.9456	
292	1	3.14	3.14	2.9204	
293	1	3.09	3.09	2.9219	
294	1	3.26	3.26	3.0724	
295	1	3.21	3.21	2.9859	
296	1	3.19	3.19	2.9739	
297	1	3.12	3.12	2.9256	
298	1	3.19	3.19	3.1739	
299	1	3.26	3.26	3.3724	
300	1	3.23	3.23	3.3571	
301	1	3.29	3.29	3.2659	
302	1	3.31	3.31	3.1539	
303	1	3.31	3.31	3.1739	
304	1	3.28	3.28	3.3416	
305	1	3.29	3.29	3.4259	
306	1	3.36	3.36	3.3904	
307	1	3.37	3.37	3.2531	
308	1	3.39	3.39	3.0179	
309	1	3.31	3.31	3.0939	
310	1	3.34	3.34	3.1644	
311	1	3.36	3.36	3.3904	
312	1	3.41	3.41	3.3219	
313	1	3.39	3.39	3.2379	
314	1	3.38	3.38	3.5556	
315	1	3.45	3.45	3.4275	
316	1	3.55	3.55	3.5075	
317	1	3.55	3.55	3.4875	
318	1	3.63	3.63	3.6131	
319	1	3.58	3.58	3.5636	
320	1	3.58	3.58	3.4436	
321	1	3.48	3.48	3.3896	
322	1	3.51	3.51	3.6099	
323	1	3.5	3.5	3.59	
324	1	3.53	3.53	3.5691	
325	1	3.51	3.51	3.6499	
326	1	3.53	3.53	3.4691	
327	1	3.55	3.55	3.6875	
328	1	3.56	3.56	3.5664	
329	1	3.56	3.56	3.4264	
330	1	3.53	3.53	3.4491	
331	1	3.43	3.43	3.7451	
332	1	3.49	3.49	3.6299	
333	1	3.32	3.32	3.7576	
334	1	3.48	3.48	4.0496	
335	1	3.48	3.48	3.9296	
336	1	3.56	3.56	3.6864	
337	1	3.59	3.59	3.9019	
338	1	3.53	3.53	4.0491	
339	1	3.69	3.69	3.8539	
340	1	3.78	3.78	4.0516	
341	1	3.63	3.63	3.8931	
342	1	3.64	3.64	3.8704	
343	1	3.67	3.67	3.8211	
344	1	3.73	3.73	3.6971	
345	1	3.68	3.68	3.7176	
346	1	3.69	3.69	3.6739	
347	1	3.66	3.66	3.8644	
348	1	3.62	3.62	3.7756	
349	1	3.59	3.59	3.7019	
350	1	3.62	3.62	3.6156	
351	1	3.7	3.7	3.79	
352	1	3.85	3.85	3.7875	
353	1	3.78	3.78	4.0316	
354	1	3.64	3.64	3.9904	
355	1	3.75	3.75	3.7675	
356	1	3.86	3.86	3.9404	
357	1	3.85	3.85	3.9475	
358	1	3.93	3.93	4.2251	
359	1	3.93	3.93	3.9451	
360	1	3.92	3.92	3.9936	
361	1	4	4	4	
362	1	4.07	4.07	3.9651	
363	1	3.98	3.98	4.0796	
364	1	4.02	4.02	3.8796	
365	1	4.12	4.12	4.0456	
366	1	4.04	4.04	4.0784	
367	1	4.2	4.2	3.74	
368	1	4.22	4.22	3.9516	
369	1	4.29	4.29	3.7859	
370	1	4.21	4.21	3.7659	
371	1	4.31	4.31	3.8539	
372	1	4.34	4.34	3.8644	
373	1	4.42	4.42	3.9436	
374	1	4.33	4.33	4.0611	
375	1	4.35	4.35	3.7875	
376	1	4.45	4.45	3.8475	
377	1	4.44	4.44	3.8264	
378	1	4.53	4.53	4.0291	
379	1	4.49	4.49	3.9899	
380	1	4.42	4.42	3.6836	
381	1	4.57	4.57	3.7451	
382	1	4.55	4.55	3.7475	
383	1	4.52	4.52	3.5896	
384	1	4.44	4.44	3.8064	
385	1	4.49	4.49	3.6899	
386	1	4.54	4.54	3.7884	
387	1	4.55	4.55	3.5675	
388	1	4.44	4.44	3.8464	
389	1	4.55	4.55	3.7675	
390	1	4.54	4.54	3.8284	
391	1	4.55	4.55	3.9475	
392	1	4.48	4.48	4.0296	
393	1	4.6	4.6	3.76	
394	1	4.58	4.58	3.9436	
395	1	4.63	4.63	4.0931	
396	1	4.68	4.68	3.8976	
397	1	4.65	4.65	3.8675	
398	1	4.68	4.68	3.8176	
399	1	4.7	4.7	3.59	
400	1	4.72	4.72	3.7416	
401	1	4.71	4.71	3.7659	
402	1	4.76	4.76	3.6224	
403	1	4.83	4.83	3.4611	
404	1	4.86	4.86	3.7004	
405	1	4.8	4.8	3.5	
406	1	4.77	4.77	3.5971	
407	1	4.79	4.79	3.5659	
408	1	4.77	4.77	3.5771	
409	1	4.65	4.65	3.9675	
410	1	4.7	4.7	3.73	
411	1	4.69	4.69	3.5339	
412	1	4.77	4.77	3.5171	
413	1	4.72	4.72	3.6216	
414	1	4.68	4.68	3.5576	
415	1	4.75	4.75	3.4275	
416	1	4.69	4.69	3.3939	
417	1	4.64	4.64	3.5504	
418	1	4.77	4.77	3.6371	
419	1	4.74	4.74	3.5124	
420	1	4.75	4.75	3.6875	
421	1	4.86	4.86	3.4004	
422	1	4.94	4.94	3.4964	
423	1	4.94	4.94	3.4164	
424	1	4.79	4.79	3.5859	
425	1	4.85	4.85	3.5875	
426	1	4.88	4.88	3.7856	
427	1	4.95	4.95	3.6675	
428	1	4.88	4.88	3.6856	
429	1	4.86	4.86	3.6204	
430	1	4.84	4.84	3.7744	
431	1	4.83	4.83	3.8411	
432	1	4.72	4.72	3.9616	
433	1	4.85	4.85	4.2275	
434	1	4.81	4.81	4.3339	
435	1	4.82	4.82	4.3276	
436	1	4.9	4.9	4.03	
437	1	4.84	4.84	4.2544	
438	1	4.98	4.98	4.0596	
439	1	4.86	4.86	4.0604	
440	1	4.95	4.95	4.1075	
441	1	4.92	4.92	4.2336	
442	1	4.86	4.86	4.0804	
443	1	4.9	4.9	4.15	
444	1	4.91	4.91	4.1219	
445	1	4.91	4.91	4.1419	
446	1	4.86	4.86	4.4004	
447	1	4.75	4.75	4.5275	
448	1	4.81	4.81	4.3939	
449	1	4.82	4.82	4.4676	
450	1	4.93	4.93	4.5651	
451	1	4.85	4.85	4.5675	
452	1	4.72	4.72	4.7816	
453	1	4.82	4.82	4.7276	
454	1	4.93	4.93	4.5451	
455	1	5	5	4.54	
456	1	4.96	4.96	4.6784	
457	1	4.93	4.93	4.8651	
458	1	4.96	4.96	4.6584	
459	1	5.02	5.02	4.3596	
460	1	5.04	5.04	4.2184	
461	1	5.05	5.05	4.4675	
462	1	5.09	5.09	4.3819	
463	1	5.06	5.06	4.4964	
464	1	5.01	5.01	4.6699	
465	1	5.02	5.02	4.4196	
466	1	5.11	5.11	4.1979	
467	1	5.23	5.23	3.9771	
468	1	5.17	5.17	4.1011	
469	1	5.28	5.28	4.2016	
470	1	5.32	5.32	4.1976	
471	1	5.34	5.34	4.1844	
472	1	5.19	5.19	4.5339	
473	1	5.36	5.36	4.3904	
474	1	5.29	5.29	4.2059	
475	1	5.42	5.42	4.0836	
476	1	5.52	5.52	4.2696	
477	1	5.44	5.44	4.1864	
478	1	5.52	5.52	4.3096	
479	1	5.54	5.54	4.1684	
480	1	5.47	5.47	4.1691	
481	1	5.43	5.43	4.4651	
482	1	5.33	5.33	4.2411	
483	1	5.27	5.27	3.9771	
484	1	5.42	5.42	3.9436	
485	1	5.37	5.37	4.2931	
486	1	5.48	5.48	4.3696	
487	1	5.34	5.34	4.4844	
488	1	5.39	5.39	4.2379	
489	1	5.34	5.34	4.4444	
490	1	5.32	5.32	4.4976	
491	1	5.36	5.36	4.6304	
492	1	5.28	5.28	4.8616	
493	1	5.31	5.31	4.7739	
494	1	5.22	5.22	4.9516	
495	1	5.49	5.49	5.0499	
496	1	5.43	5.43	5.0051	
497	1	5.24	5.24	4.9224	
498	1	5.35	5.35	5.0475	
499	1	5.31	5.31	5.2739	
500	1	5.28	5.28	4.8016	
501	1	5.38	5.38	4.9156	
502	1	5.3	5.3	4.75	
503	1	5.28	5.28	4.6816	
504	1	5.44	5.44	4.8464	
505	1	5.44	5.44	4.9864	
506	1	5.46	5.46	5.0884	
507	1	5.39	5.39	5.0379	
508	1	5.35	5.35	4.7675	
509	1	5.4	5.4	4.58	
510	1	5.46	5.46	4.7684	
511	1	5.43	5.43	4.8851	
512	1	5.5	5.5	4.71	
513	1	5.53	5.53	4.4091	
514	1	5.54	5.54	4.5684	
515	1	5.64	5.64	4.7504	
516	1	5.67	5.67	4.6211	
517	1	5.67	5.67	4.7011	
518	1	5.77	5.77	4.7371	
519	1	5.76	5.76	4.8624	
520	1	5.74	5.74	4.5524	
521	1	5.7	5.7	4.79	
522	1	5.95	5.95	4.7675	
523	1	5.83	5.83	4.6811	
524	1	5.78	5.78	4.7516	
525	1	5.99	5.99	4.9899	
526	1	5.93	5.93	4.8251	
527	1	5.88	5.88	4.5656	
528	1	5.91	5.91	4.6019	
529	1	5.92	5.92	4.6936	
530	1	5.86	5.86	4.5204	
531	1	5.9	5.9	4.69	
532	1	5.89	5.89	4.5979	
533	1	6	6	4.36	
534	1	6.14	6.14	4.5404	
535	1	6.1	6.1	4.49	
536	1	6.2	6.2	4.66	
537	1	6.31	6.31	4.7539	
538	1	6.27	6.27	4.7771	
539	1	6.24	6.24	4.7624	
540	1	6.17	6.17	4.7811	
541	1	6.15	6.15	4.9875	
542	1	6.28	6.28	4.9216	
543	1	6.2	6.2	4.94	
544	1	6.25	6.25	4.6875	
545	1	6.24	6.24	4.8024	
546	1	6.08	6.08	5.0736	
547	1	6.11	6.11	4.7179	
548	1	6.21	6.21	4.6259	
549	1	6.26	6.26	4.9924	
550	1	6.38	6.38	5.0756	
551	1	6.33	6.33	4.8811	
552	1	6.43	6.43	4.9451	
553	1	6.51	6.51	4.7299	
554	1	6.58	6.58	5.2036	
555	1	6.53	6.53	5.0091	
556	1	6.5	6.5	4.91	
557	1	6.69	6.69	5.2339	
558	1	6.66	6.66	5.3444	
559	1	6.73	6.73	5.1371	
560	1	6.75	6.75	4.8075	
561	1	6.78	6.78	5.0716	
562	1	6.78	6.78	5.2316	
563	1	6.73	6.73	5.2571	
564	1	6.76	6.76	5.2224	
565	1	6.82	6.82	5.6076	
566	1	6.79	6.79	5.1659	
567	1	6.84	6.84	5.0544	
568	1	6.84	6.84	5.1144	
569	1	7.01	7.01	5.6499	
570	1	6.87	6.87	5.1731	
571	1	6.82	6.82	5.7476	
572	1	6.94	6.94	5.8964	
573	1	6.94	6.94	5.9964	
574	1	6.94	6.94	6.3964	
575	1	7.02	7.02	6.2796	
576	1	6.96	6.96	6.2184	
577	1	7.05	7.05	6.7075	
578	1	6.95	6.95	6.6075	
579	1	6.89	6.89	6.3379	
580	1	6.85	6.85	6.1075	
581	1	6.94	6.94	6.1564	
582	1	6.86	6.86	6.2804	
583	1	6.89	6.89	6.1379	
584	1	6.92	6.92	6.2136	
585	1	6.93	6.93	6.1251	
586	1	6.91	6.91	6.4419	
587	1	6.93	6.93	6.2851	
588	1	6.79	6.79	6.5259	
589	1	6.78	6.78	6.6516	
590	1	6.96	6.96	6.2784	
591	1	7.12	7.12	6.1056	
592	1	7.12	7.12	5.8256	
593	1	7.29	7.29	5.7659	
594	1	7.16	7.16	5.7544	
595	1	7.09	7.09	5.8419	
596	1	6.98	6.98	5.7196	
597	1	7.22	7.22	5.4516	
598	1	7.26	7.26	5.5124	
599	1	7.31	7.31	5.5739	
600	1	7.19	7.19	5.4939	
601	1	7.28	7.28	5.1416	
602	1	7.04	7.04	5.2384	
603	1	7.03	7.03	5.5491	
604	1	6.94	6.94	5.5364	
605	1	7.06	7.06	5.1164	
606	1	7.19	7.19	5.7139	
607	1	7.34	7.34	5.3644	
608	1	7.38	7.38	5.4156	
609	1	7.24	7.24	5.3424	
610	1	7.32	7.32	5.2376	
611	1	7.36	7.36	5.4504	
612	1	7.35	7.35	5.6275	
613	1	7.38	7.38	5.6556	
614	1	7.45	7.45	5.7075	
615	1	7.39	7.39	5.7779	
616	1	7.43	7.43	5.8851	
617	1	7.4	7.4	6.04	
618	1	7.53	7.53	5.5491	
619	1	7.54	7.54	6.0884	
620	1	7.39	7.39	5.9579	
621	1	7.47	7.47	5.3291	
622	1	7.52	7.52	5.3496	
623	1	7.45	7.45	5.8875	
624	1	7.52	7.52	5.5496	
625	1	7.64	7.64	5.7904	
626	1	7.6	7.6	6.06	
627	1	7.62	7.62	6.0356	
628	1	7.65	7.65	6.1075	
629	1	7.65	7.65	5.7475	
630	1	7.53	7.53	6.2491	
631	1	7.65	7.65	5.9275	
632	1	7.46	7.46	5.9884	
633	1	7.62	7.62	5.9956	
634	1	7.59	7.59	6.1419	
635	1	7.72	7.72	5.8616	
636	1	7.77	7.77	5.7371	
637	1	7.71	7.71	6.2059	
638	1	7.83	7.83	6.0811	
639	1	7.77	7.77	5.7371	
640	1	7.8	7.8	6.02	
641	1	7.73	7.73	5.8171	
642	1	7.8	7.8	5.94	
643	1	7.75	7.75	5.4875	
644	1	7.64	7.64	5.9304	
645	1	7.71	7.71	5.9059	
646	1	7.7	7.7	6.31	
647	1	7.71	7.71	6.1259	
648	1	7.79	7.79	5.5459	
649	1	7.84	7.84	5.4544	
650	1	7.96	7.96	5.6584	
651	1	7.96	7.96	5.9184	
652	1	7.74	7.74	6.3924	
653	1	7.7	7.7	6.67	
654	1	7.8	7.8	6.32	
655	1	7.86	7.86	5.8804	
656	1	7.96	7.96	5.1784	
657	1	8.12	8.12	5.3056	
658	1	8.12	8.12	5.2856	
659	1	8.13	8.13	5.1331	
660	1	8.05	8.05	4.9075	
661	1	8.06	8.06	5.4564	
662	1	8.16	8.16	5.4344	
663	1	8.11	8.11	5.7579	
664	1	8.13	8.13	5.4931	
665	1	8.11	8.11	5.7579	
666	1	8.07	8.07	6.0651	
667	1	8.11	8.11	5.6379	
668	1	8.24	8.24	5.6024	
669	1	8.21	8.21	5.7259	
670	1	8.17	8.17	5.5811	
671	1	8.1	8.1	6.37	
672	1	8.15	8.15	5.7875	
673	1	8.17	8.17	6.0811	
674	1	8.36	8.36	5.7704	
675	1	8.29	8.29	5.3059	
676	1	8.23	8.23	5.0171	
677	1	8.24	8.24	5.0224	
678	1	8.38	8.38	5.4756	
679	1	8.3	8.3	5.49	
680	1	8.29	8.29	5.9459	
681	1	8.24	8.24	5.9224	
682	1	8.19	8.19	5.6539	
683	1	7.95	7.95	5.2475	
684	1	8.08	8.08	4.7736	
685	1	8.04	8.04	4.7984	
686	1	8.04	8.04	5.0584	
687	1	8.15	8.15	5.0075	
688	1	8.04	8.04	5.3984	
689	1	7.96	7.96	5.0384	
690	1	8.02	8.02	4.6196	
691	1	7.95	7.95	4.7275	
692	1	8.06	8.06	4.3364	
693	1	8.01	8.01	4.3899	
694	1	7.78	7.78	4.5516	
695	1	7.9	7.9	4.27	
696	1	7.89	7.89	4.3979	
697	1	7.99	7.99	4.6299	
698	1	7.89	7.89	4.4979	
699	1	7.93	7.93	4.0451	
700	1	7.87	7.87	3.8131	
701	1	8.03	8.03	4.2091	
702	1	8.22	8.22	4.2916	
703	1	8.31	8.31	4.4339	
704	1	8.22	8.22	4.1116	
705	1	8.09	8.09	3.9019	
706	1	8.17	8.17	4.1411	
707	1	8.21	8.21	3.9859	
708	1	8.25	8.25	4.1675	
709	1	8.26	8.26	4.3724	
710	1	8.37	8.37	4.2731	
711	1	8.25	8.25	3.9075	
712	1	8.27	8.27	3.8771	
713	1	8.28	8.28	4.1616	
714	1	8.25	8.25	4.3475	
715	1	8.27	8.27	3.9771	
716	1	8.29	8.29	3.9259	
717	1	8.36	8.36	4.1704	
718	1	8.39	8.39	4.2379	
719	1	8.33	8.33	3.9011	
720	1	8.33	8.33	4.0811	
721	1	8.28	8.28	3.8216	
722	1	8.28	8.28	3.8016	
723	1	8.36	8.36	3.8104	
724	1	8.34	8.34	3.8244	
725	1	8.38	8.38	3.8956	
726	1	8.37	8.37	3.7731	
727	1	8.31	8.31	3.8739	
728	1	8.31	8.31	3.8939	
729	1	8.35	8.35	4.0075	
730	1	8.41	8.41	4.1219	
731	1	8.44	8.44	4.1664	
732	1	8.37	8.37	3.8531	
733	1	8.38	8.38	3.8756	
734	1	8.34	8.34	4.1444	
735	1	8.33	8.33	4.1411	
736	1	8.29	8.29	4.1859	
737	1	8.34	8.34	4.1244	
738	1	8.37	8.37	4.1531	
739	1	8.31	8.31	4.1539	
740	1	8.37	8.37	4.5531	
741	1	8.31	8.31	4.0539	
742	1	8.24	8.24	3.8624	
743	1	8.23	8.23	4.2771	
744	1	8.29	8.29	4.8059	
745	1	8.33	8.33	4.3811	
746	1	8.36	8.36	4.3904	
747	1	8.29	8.29	4.3259	
748	1	8.3	8.3	4.35	
749	1	8.29	8.29	4.6859	
750	1	8.3	8.3	4.85	
751	1	8.34	8.34	4.8044	
752	1	8.35	8.35	4.7875	
753	1	8.5	8.5	4.73	
754	1	8.56	8.56	5.1664	
755	1	8.42	8.42	4.7236	
756	1	8.59	8.59	5.0419	
757	1	8.42	8.42	4.9436	
758	1	8.49	8.49	5.0099	
759	1	8.48	8.48	4.9296	
760	1	8.46	8.46	4.9284	
761	1	8.59	8.59	5.2419	
762	1	8.68	8.68	5.1976	
763	1	8.67	8.67	5.0411	
764	1	8.64	8.64	4.8504	
765	1	8.65	8.65	4.9675	
766	1	8.44	8.44	4.8264	
767	1	8.58	8.58	4.3836	
768	1	8.58	8.58	4.2636	
769	1	8.64	8.64	4.1704	
770	1	8.71	8.71	4.1259	
771	1	8.52	8.52	3.9696	
772	1	8.64	8.64	4.2104	
773	1	8.87	8.87	4.5731	
774	1	8.83	8.83	4.5411	
775	1	8.85	8.85	4.3475	
776	1	8.84	8.84	4.0544	
777	1	8.9	8.9	4.43	
778	1	8.93	8.93	4.5051	
779	1	8.8	8.8	4.42	
780	1	8.82	8.82	4.7876	
781	1	8.81	8.81	4.1539	
782	1	8.88	8.88	4.2456	
783	1	8.9	8.9	4.61	
784	1	8.9	8.9	4.73	
785	1	9.05	9.05	4.9275	
786	1	9.06	9.06	5.2964	
787	1	8.93	8.93	4.9251	
788	1	8.93	8.93	4.9651	
789	1	8.94	8.94	4.8164	
790	1	8.94	8.94	5.0564	
791	1	9.04	9.04	5.1184	
792	1	9.11	9.11	5.0379	
793	1	9.2	9.2	5.52	
794	1	8.98	8.98	5.3196	
795	1	9.14	9.14	5.2204	
796	1	9.22	9.22	4.9716	
797	1	9.19	9.19	5.7139	
798	1	9.21	9.21	5.1859	
799	1	8.99	8.99	4.9099	
800	1	9.03	9.03	4.6691	
801	1	9.04	9.04	5.0184	
802	1	9.08	9.08	5.1536	
803	1	9.1	9.1	4.87	
804	1	9.06	9.06	5.2164	
805	1	9.17	9.17	5.5011	
806	1	9.2	9.2	5.16	
807	1	9.24	9.24	5.2424	
808	1	9.34	9.34	6.1844	
809	1	9.52	9.52	6.2496	
810	1	9.37	9.37	6.1731	
811	1	9.48	9.48	5.9696	
812	1	9.42	9.42	5.6836	
813	1	9.43	9.43	5.8251	
814	1	9.3	9.3	6.17	
815	1	9.39	9.39	6.8579	
816	1	9.42	9.42	6.5836	
817	1	9.53	9.53	6.7691	
818	1	9.37	9.37	6.3331	
819	1	9.44	9.44	6.4464	
820	1	9.34	9.34	6.1244	
821	1	9.33	9.33	6.1411	
822	1	9.33	9.33	6.6611	
823	1	9.34	9.34	6.4244	
824	1	9.26	9.26	6.4524	
825	1	9.37	9.37	6.7731	
826	1	9.35	9.35	6.4475	
827	1	9.42	9.42	7.0436	
828	1	9.55	9.55	6.9275	
829	1	9.5	9.5	6.35	
830	1	9.62	9.62	6.5956	
831	1	9.58	9.58	6.4436	
832	1	9.57	9.57	6.6051	
833	1	9.62	9.62	6.2556	
834	1	9.72	9.72	6.6216	
835	1	9.58	9.58	6.5236	
836	1	9.68	9.68	7.0376	
837	1	9.8	9.8	6.72	
838	1	9.71	9.71	6.3659	
839	1	9.67	9.67	6.6411	
840	1	9.67	9.67	6.6811	
841	1	9.81	9.81	7.0139	
842	1	9.77	9.77	6.7771	
843	1	9.78	9.78	6.9116	
844	1	9.84	9.84	7.1944	
845	1	9.9	9.9	7.15	
846	1	9.83	9.83	6.5811	
847	1	9.78	9.78	6.4516	
848	1	9.78	9.78	6.9116	
849	1	9.7	9.7	6.47	
850	1	9.85	9.85	7.5875	
851	1	9.82	9.82	7.2276	
852	1	9.99	9.99	7.5899	
853	1	10.06	10.06	7.4764	
854	1	10.02	10.02	6.9596	
855	1	10.15	10.15	7.5875	
856	1	10	10	7.1	
857	1	10	10	7.18	
858	1	10.09	10.09	6.8819	
859	1	10.14	10.14	6.7804	
860	1	10.03	10.03	6.5891	
861	1	10.01	10.01	7.3099	
862	1	10.16	10.16	7.2344	
863	1	10.06	10.06	7.5364	
864	1	10.05	10.05	7.2675	
865	1	10.08	10.08	7.4336	
866	1	10.05	10.05	8.1275	
867	1	10.04	10.04	8.6184	
868	1	10.16	10.16	8.7544	
869	1	10.17	10.17	9.0011	
870	1	10.24	10.24	8.9624	
871	1	10.26	10.26	8.6724	
872	1	10.26	10.26	9.2124	
873	1	10.4	10.4	9.28	
874	1	10.27	10.27	8.8371	
875	1	10.27	10.27	8.3371	
876	1	10.18	10.18	8.6476	
877	1	10.25	10.25	8.3275	
878	1	10.25	10.25	8.1875	
879	1	10.28	10.28	8.2616	
880	1	10.42	10.42	8.6236	
881	1	10.34	10.34	8.6644	
882	1	10.43	10.43	8.5251	
883	1	10.32	10.32	8.5776	
884	1	10.45	10.45	10.0275	
885	1	10.48	10.48	9.0696	
886	1	10.47	10.47	8.2891	
887	1	10.44	10.44	8.4464	
888	1	10.26	10.26	7.7324	
889	1	10.35	10.35	8.1875	
890	1	10.39	10.39	7.8779	
891	1	10.37	10.37	7.9131	
892	1	10.55	10.55	8.4275	
893	1	10.51	10.51	8.2299	
894	1	10.58	10.58	8.1836	
895	1	10.61	10.61	8.1979	
896	1	10.45	10.45	8.0275	
897	1	10.54	10.54	8.5484	
898	1	10.59	10.59	8.6619	
899	1	10.48	10.48	8.7496	
900	1	10.34	10.34	8.4244	
901	1	10.45	10.45	8.7075	
902	1	10.56	10.56	8.6264	
903	1	10.35	10.35	7.7875	
904	1	10.39	10.39	8.0179	
905	1	10.43	10.43	8.2451	
906	1	10.36	10.36	7.6904	
907	1	10.37	10.37	7.5531	
908	1	10.18	10.18	7.4276	
909	1	10.03	10.03	8.0691	
910	1	10.03	10.03	8.1291	
911	1	10.17	10.17	7.9411	
912	1	10.08	10.08	7.8736	
913	1	9.97	9.97	7.9291	
914	1	10.05	10.05	7.6275	
915	1	10.05	10.05	8.0475	
916	1	9.97	9.97	7.9491	
917	1	9.93	9.93	8.0851	
918	1	10.01	10.01	7.5499	
919	1	10.14	10.14	7.5604	
920	1	10.24	10.24	7.5624	
921	1	10.23	10.23	7.9371	
922	1	10.27	10.27	8.1971	
923	1	10.04	10.04	7.9384	
924	1	10.21	10.21	7.8859	
925	1	10.26	10.26	7.7924	
926	1	10.22	10.22	7.9316	
927	1	10.31	10.31	8.2939	
928	1	10.34	10.34	7.8844	
929	1	10.44	10.44	8.2864	
930	1	10.53	10.53	8.8691	
931	1	10.47	10.47	8.8291	
932	1	10.69	10.69	8.3739	
933	1	10.8	10.8	8.9	
934	1	10.72	10.72	8.4616	
935	1	10.59	10.59	7.8219	
936	1	10.44	10.44	7.6464	
937	1	10.77	10.77	7.8371	
938	1	10.65	10.65	8.6875	
939	1	10.69	10.69	8.9739	
940	1	10.8	10.8	8.2	
941	1	10.93	10.93	8.8651	
942	1	10.8	10.8	8.34	
943	1	10.59	10.59	7.4419	
944	1	10.85	10.85	7.1275	
945	1	10.84	10.84	7.4744	
946	1	10.99	10.99	7.5299	
947	1	10.94	10.94	7.4564	
948	1	10.88	10.88	7.7056	
949	1	11.01	11.01	7.3699	
950	1	10.94	10.94	7.6164	
951	1	10.92	10.92	7.3336	
952	1	10.92	10.92	7.4736	
953	1	11.08	11.08	7.3536	
954	1	11.2	11.2	7.26	
955	1	11.22	11.22	7.5916	
956	1	11.12	11.12	8.0456	
957	1	11.27	11.27	7.4571	
958	1	11.23	11.23	7.8171	
959	1	11.08	11.08	7.5336	
960	1	11.1	11.1	7.69	
961	1	11.06	11.06	7.8364	
962	1	11.1	11.1	7.65	
963	1	11.24	11.24	7.9224	
964	1	11.28	11.28	8.2016	
965	1	11.37	11.37	7.7731	
966	1	11.45	11.45	7.8075	
967	1	11.39	11.39	7.6979	
968	1	11.41	11.41	7.6819	
969	1	11.36	11.36	7.6304	
970	1	11.47	11.47	7.8291	
971	1	11.3	11.3	8.05	
972	1	11.41	11.41	7.9019	
973	1	11.5	11.5	7.89	
974	1	11.45	11.45	7.8275	
975	1	11.39	11.39	8.0779	
976	1	11.25	11.25	7.9275	
977	1	11.49	11.49	8.0699	
978	1	11.49	11.49	8.7099	
979	1	11.5	11.5	8.43	
980	1	11.54	11.54	7.5484	
981	1	11.4	11.4	7.82	
982	1	11.5	11.5	8.11	
983	1	11.52	11.52	8.0896	
984	1	11.49	11.49	7.8699	
985	1	11.48	11.48	7.8696	
986	1	11.45	11.45	7.5475	
987	1	11.4	11.4	7.58	
988	1	11.49	11.49	7.5499	
989	1	11.41	11.41	7.8619	
990	1	11.46	11.46	7.9484	
991	1	11.49	11.49	7.7899	
992	1	11.65	11.65	8.0475	
993	1	11.7	11.7	7.35	
994	1	11.7	11.7	6.83	
995	1	11.74	11.74	6.9324	
996	1	11.72	11.72	7.6816	
997	1	11.67	11.67	7.7211	
998	1	11.66	11.66	8.1644	
999	1	11.74	11.74	8.2324	
1000	1	11.62	11.62	8.4356	
1001	1	11.5	11.5	8.57	
1002	1	11.5	11.5	8.31	
1003	1	11.7	11.7	7.79	
1004	1	11.77	11.77	7.9171	
1005	1	11.9	11.9	7.59	
1006	1	11.79	11.79	8.4059	
1007	1	11.87	11.87	7.9331	
1008	1	11.65	11.65	8.1275	
1009	1	11.85	11.85	8.0475	
1010	1	11.91	11.91	7.8019	
1011	1	12.02	12.02	7.7596	
1012	1	12.08	12.08	7.9736	
1013	1	12.05	12.05	8.2675	
1014	1	12.07	12.07	7.9851	
1015	1	12.06	12.06	8.8964	
1016	1	12.23	12.23	9.0971	
1017	1	12.1	12.1	9.11	
1018	1	12.21	12.21	8.4459	
1019	1	12.23	12.23	7.9971	
1020	1	12.07	12.07	8.4651	
1021	1	12.28	12.28	8.7816	
1022	1	12.3	12.3	8.07	
1023	1	12.37	12.37	7.8931	
1024	1	12.44	12.44	8.3064	
1025	1	12.37	12.37	8.8131	
1026	1	12.33	12.33	9.2011	
1027	1	12.39	12.39	9.4179	
1028	1	12.46	12.46	9.4884	
1029	1	12.14	12.14	9.1804	
1030	1	12.15	12.15	9.1875	
1031	1	12.12	12.12	9.3456	
1032	1	12.14	12.14	8.6604	
1033	1	12.23	12.23	8.3771	
1034	1	12.26	12.26	8.2924	
1035	1	12.42	12.42	8.5036	
1036	1	12.46	12.46	8.7084	
1037	1	12.42	12.42	8.9236	
1038	1	12.42	12.42	8.6436	
1039	1	12.26	12.26	9.0924	
1040	1	12.43	12.43	9.4451	
1041	1	12.43	12.43	9.2451	
1042	1	12.32	12.32	8.9776	
1043	1	12.32	12.32	8.7776	
1044	1	12.25	12.25	9.1075	
1045	1	12.4	12.4	8.5	
1046	1	12.42	12.42	9.1636	
1047	1	12.63	12.63	9.6531	
1048	1	12.68	12.68	8.9976	
1049	1	12.72	12.72	8.2616	
1050	1	12.63	12.63	8.6931	
1051	1	12.72	12.72	8.7816	
1052	1	12.87	12.87	8.6931	
1053	1	12.86	12.86	8.7004	
1054	1	12.87	12.87	8.5731	
1055	1	12.95	12.95	9.0475	
1056	1	12.87	12.87	8.2531	
1057	1	12.92	12.92	8.1536	
1058	1	12.91	12.91	8.9819	
1059	1	12.86	12.86	8.7804	
1060	1	12.75	12.75	8.8075	
1061	1	12.94	12.94	8.8564	
1062	1	12.94	12.94	8.1964	
1063	1	12.94	12.94	8.4164	
1064	1	13.01	13.01	8.1899	
1065	1	12.88	12.88	9.2256	
1066	1	12.98	12.98	9.3596	
1067	1	13	13	8.6	
1068	1	12.99	12.99	8.2699	
1069	1	13.09	13.09	8.7819	
1070	1	13.18	13.18	8.6876	
1071	1	12.94	12.94	9.1964	
1072	1	13.06	13.06	8.4564	
1073	1	12.95	12.95	8.2275	
1074	1	13.02	13.02	8.0196	
1075	1	13.14	13.14	7.6804	
1076	1	13.21	13.21	7.6259	
1077	1	13.11	13.11	7.7779	
1078	1	13.34	13.34	7.4444	
1079	1	13.34	13.34	7.4444	
1080	1	13.24	13.24	8.1424	
1081	1	13.25	13.25	8.3075	
1082	1	13.09	13.09	8.1019	
1083	1	13.09	13.09	7.4019	
1084	1	13.18	13.18	7.3076	
1085	1	13.14	13.14	7.6204	
1086	1	13.27	13.27	7.4571	
1087	1	13.26	13.26	6.9124	
1088	1	13.38	13.38	7.0556	
1089	1	13.28	13.28	7.6016	
1090	1	13.33	13.33	7.6011	
1091	1	13.23	13.23	7.5771	
1092	1	13.33	13.33	8.0611	
1093	1	13.3	13.3	7.79	
1094	1	13.26	13.26	7.7124	
1095	1	13.24	13.24	7.7224	
1096	1	13.06	13.06	8.0964	
1097	1	13.03	13.03	8.3091	
1098	1	13	13	8.44	
1099	1	13.06	13.06	8.5364	
1100	1	13.01	13.01	8.2299	
1101	1	12.94	12.94	8.0964	
1102	1	12.99	12.99	8.4899	
1103	1	13.07	13.07	8.4651	
1104	1	13	13	8.38	
1105	1	13.02	13.02	8.0596	
1106	1	12.95	12.95	8.0675	
1107	1	13.03	13.03	8.0491	
1108	1	13.04	13.04	8.3184	
1109	1	13.31	13.31	8.6739	
1110	1	13.29	13.29	8.5859	
1111	1	13.34	13.34	8.8244	
1112	1	13.28	13.28	8.9616	
1113	1	13.29	13.29	8.7059	
1114	1	13.38	13.38	8.3156	
1115	1	13.32	13.32	8.6376	
1116	1	13.49	13.49	7.8099	
1117	1	13.49	13.49	7.8299	
1118	1	13.54	13.54	7.4884	
1119	1	13.58	13.58	7.4636	
1120	1	13.5	13.5	8.47	
1121	1	13.61	13.61	9.1779	
1122	1	13.76	13.76	8.3424	
1123	1	13.47	13.47	8.4091	
1124	1	13.6	13.6	8.14	
1125	1	13.56	13.56	8.4264	
1126	1	13.73	13.73	8.7171	
1127	1	13.68	13.68	8.8176	
1128	1	13.8	13.8	8.42	
1129	1	13.9	13.9	8.63	
1130	1	13.96	13.96	7.7784	
1131	1	13.95	13.95	7.8075	
1132	1	13.86	13.86	7.5604	
1133	1	13.8	13.8	7.78	
1134	1	13.82	13.82	7.7476	
1135	1	13.57	13.57	8.2651	
1136	1	13.81	13.81	8.1739	
1137	1	13.89	13.89	8.2979	
1138	1	13.98	13.98	8.1396	
1139	1	14.09	14.09	7.8019	
1140	1	13.95	13.95	7.5875	
1141	1	13.87	13.87	8.4331	
1142	1	13.93	13.93	8.2051	
1143	1	13.91	13.91	7.6619	
1144	1	14.1	14.1	7.13	
1145	1	14	14	7.36	
1146	1	14.1	14.1	7.17	
1147	1	14.15	14.15	7.3475	
1148	1	14.13	14.13	7.4931	
1149	1	14.11	14.11	7.6379	
1150	1	14.17	14.17	7.5811	
1151	1	14.06	14.06	7.7164	
1152	1	14.05	14.05	8.0275	
1153	1	14	14	7.6	
1154	1	14.16	14.16	7.2944	
1155	1	14.32	14.32	7.8176	
1156	1	14.28	14.28	7.4616	
1157	1	14.09	14.09	8.0219	
1158	1	14.32	14.32	7.6776	
1159	1	14.28	14.28	8.1616	
1160	1	14.38	14.38	8.0756	
1161	1	14.38	14.38	7.9156	
1162	1	14.39	14.39	7.6979	
1163	1	14.39	14.39	7.7979	
1164	1	14.42	14.42	7.7236	
1165	1	14.57	14.57	8.1851	
1166	1	14.47	14.47	8.3291	
1167	1	14.45	14.45	8.0675	
1168	1	14.39	14.39	7.9379	
1169	1	14.46	14.46	7.8884	
1170	1	14.45	14.45	7.4475	
1171	1	14.4	14.4	7.46	
1172	1	14.44	14.44	7.4264	
1173	1	14.43	14.43	7.5651	
1174	1	14.41	14.41	7.9419	
1175	1	14.48	14.48	7.4096	
1176	1	14.53	14.53	7.5691	
1177	1	14.48	14.48	7.4296	
1178	1	14.36	14.36	8.0504	
1179	1	14.66	14.66	8.0444	
1180	1	14.58	14.58	7.7036	
1181	1	14.64	14.64	8.1304	
1182	1	14.6	14.6	8.16	
1183	1	14.5	14.5	7.99	
1184	1	14.44	14.44	7.8464	
1185	1	14.58	14.58	7.8836	
1186	1	14.58	14.58	7.7036	
1187	1	14.66	14.66	7.7044	
1188	1	14.84	14.84	7.7144	
1189	1	14.74	14.74	7.9924	
1190	1	14.7	14.7	8.07	
1191	1	14.57	14.57	7.7651	
1192	1	14.58	14.58	7.4036	
1193	1	14.52	14.52	7.4696	
1194	1	14.65	14.65	7.6475	
1195	1	14.67	14.67	7.4611	
1196	1	14.75	14.75	7.6475	
1197	1	14.83	14.83	7.4611	
1198	1	14.67	14.67	7.5211	
1199	1	14.73	14.73	7.5571	
1200	1	14.62	14.62	8.1756	
1201	1	14.76	14.76	7.6224	
1202	1	14.8	14.8	7.52	
1203	1	14.77	14.77	6.8771	
1204	1	14.79	14.79	6.8859	
1205	1	14.88	14.88	6.8056	
1206	1	14.85	14.85	6.4275	
1207	1	14.87	14.87	6.1331	
1208	1	14.94	14.94	6.3364	
1209	1	14.95	14.95	6.3475	
1210	1	14.91	14.91	6.4819	
1211	1	14.81	14.81	6.5939	
1212	1	14.88	14.88	6.5856	
1213	1	15.02	15.02	6.4996	
1214	1	15.12	15.12	6.5456	
1215	1	15.03	15.03	6.2691	
1216	1	15.06	15.06	6.3564	
1217	1	15.16	15.16	6.4544	
1218	1	15.23	15.23	6.6371	
1219	1	15.17	15.17	7.6611	
1220	1	15.08	15.08	7.2936	
1221	1	15.29	15.29	6.6859	
1222	1	15.36	15.36	6.8304	
1223	1	15.26	15.26	6.4324	
1224	1	15.33	15.33	6.6411	
1225	1	15.22	15.22	6.8516	
1226	1	15.15	15.15	6.9675	
1227	1	15.18	15.18	7.3276	
1228	1	15.27	15.27	6.9771	
1229	1	15.39	15.39	6.8579	
1230	1	15.39	15.39	6.9979	
1231	1	15.35	15.35	6.7275	
1232	1	15.41	15.41	7.1419	
1233	1	15.44	15.44	7.5264	
1234	1	15.34	15.34	7.4044	
1235	1	15.59	15.59	7.0619	
1236	1	15.79	15.79	7.1659	
1237	1	15.62	15.62	7.6756	
1238	1	15.61	15.61	7.5979	
1239	1	15.71	15.71	7.9459	
1240	1	15.75	15.75	7.1875	
1241	1	15.67	15.67	7.1011	
1242	1	15.77	15.77	7.1771	
1243	1	15.67	15.67	7.2811	
1244	1	15.68	15.68	7.5976	
1245	1	15.75	15.75	7.3475	
1246	1	15.79	15.79	7.4259	
1247	1	15.74	15.74	8.0524	
1248	1	15.73	15.73	8.1371	
1249	1	15.77	15.77	8.4371	
1250	1	15.6	15.6	8.38	
1251	1	15.68	15.68	8.3376	
1252	1	15.92	15.92	7.9136	
1253	1	16.01	16.01	8.1699	
1254	1	16.03	16.03	8.5891	
1255	1	15.83	15.83	7.8011	
1256	1	15.89	15.89	8.1379	
1257	1	16.08	16.08	7.9336	
1258	1	16.14	16.14	7.5604	
1259	1	16.07	16.07	7.0851	
1260	1	15.92	15.92	7.4536	
1261	1	15.97	15.97	7.7491	
1262	1	16.01	16.01	8.1899	
1263	1	15.89	15.89	8.0179	
1264	1	15.93	15.93	7.7851	
1265	1	16.08	16.08	8.0136	
1266	1	15.97	15.97	8.2091	
1267	1	16.08	16.08	8.0536	
1268	1	16.1	16.1	7.85	
1269	1	15.86	15.86	8.3604	
1270	1	16.12	16.12	8.2256	
1271	1	15.99	15.99	8.2699	
1272	1	16	16	8.68	
1273	1	16.26	16.26	8.3924	
1274	1	16.35	16.35	7.9275	
1275	1	16.32	16.32	7.7576	
1276	1	16.19	16.19	8.5339	
1277	1	16.21	16.21	8.7659	
1278	1	16.12	16.12	8.7656	
1279	1	16.22	16.22	8.8916	
1280	1	16.28	16.28	8.5016	
1281	1	16.38	16.38	8.7356	
1282	1	16.33	16.33	8.8411	
1283	1	16.27	16.27	9.2971	
1284	1	16.18	16.18	8.6876	
1285	1	16.36	16.36	8.5304	
1286	1	16.39	16.39	8.7779	
1287	1	16.33	16.33	8.4611	
1288	1	16.43	16.43	8.6251	
1289	1	16.36	16.36	8.3704	
1290	1	16.56	16.56	8.6064	
1291	1	16.56	16.56	8.2864	
1292	1	16.41	16.41	8.4619	
1293	1	16.36	16.36	8.7704	
1294	1	16.49	16.49	8.7499	
1295	1	16.72	16.72	8.8416	
1296	1	16.54	16.54	8.8284	
1297	1	16.75	16.75	9.6675	
1298	1	16.68	16.68	8.8976	
1299	1	16.61	16.61	8.6379	
1300	1	16.6	16.6	8.92	
1301	1	16.74	16.74	9.2324	
1302	1	16.75	16.75	9.1675	
1303	1	16.8	16.8	8.86	
1304	1	17.02	17.02	8.6796	
1305	1	16.88	16.88	9.0056	
1306	1	16.86	16.86	8.8404	
1307	1	16.86	16.86	8.9804	
1308	1	16.99	16.99	9.1299	
1309	1	17	17	9.04	
1310	1	17	17	9.36	
1311	1	17.06	17.06	9.9364	
1312	1	16.92	16.92	10.0736	
1313	1	16.98	16.98	9.8796	
1314	1	16.8	16.8	10.08	
1315	1	16.9	16.9	9.91	
1316	1	17.2	17.2	9.66	
1317	1	17.17	17.17	9.5411	
1318	1	17.22	17.22	9.4516	
1319	1	17.12	17.12	9.6656	
1320	1	17.18	17.18	9.9876	
1321	1	17.05	17.05	9.5875	
1322	1	17.02	17.02	9.4796	
1323	1	17.1	17.1	8.95	
1324	1	17.05	17.05	9.1675	
1325	1	17.21	17.21	9.2059	
1326	1	17.23	17.23	9.3371	
1327	1	17.27	17.27	9.4771	
1328	1	17.26	17.26	9.8724	
1329	1	17.36	17.36	9.8704	
1330	1	17.15	17.15	9.2675	
1331	1	17.21	17.21	9.0259	
1332	1	17.23	17.23	9.0371	
1333	1	17.29	17.29	9.6859	
1334	1	17.33	17.33	9.6211	
1335	1	17.28	17.28	9.8616	
1336	1	17.43	17.43	9.4651	
1337	1	17.33	17.33	9.3211	
1338	1	17.41	17.41	9.7219	
1339	1	17.44	17.44	10.2064	
1340	1	17.52	17.52	9.7896	
1341	1	17.58	17.58	9.9836	
1342	1	17.72	17.72	10.6416	
1343	1	17.68	17.68	10.2376	
1344	1	17.59	17.59	10.3419	
1345	1	17.52	17.52	9.8496	
1346	1	17.61	17.61	10.1779	
1347	1	17.69	17.69	10.3139	
1348	1	17.58	17.58	10.5436	
1349	1	17.64	17.64	10.3704	
1350	1	17.76	17.76	10.4824	
1351	1	18.07	18.07	10.2451	
1352	1	17.91	17.91	10.0219	
1353	1	17.84	17.84	9.5944	
1354	1	17.95	17.95	9.6475	
1355	1	18.01	18.01	9.9699	
1356	1	17.94	17.94	9.8164	
1357	1	17.68	17.68	10.1776	
1358	1	17.74	17.74	10.4324	
1359	1	17.62	17.62	10.4156	
1360	1	17.83	17.83	10.7011	
1361	1	17.83	17.83	10.6211	
1362	1	17.93	17.93	10.1251	
1363	1	17.99	17.99	10.1699	
1364	1	18.05	18.05	9.7875	
1365	1	18.1	18.1	9.99	
1366	1	18.1	18.1	9.89	
1367	1	18.02	18.02	11.1196	
1368	1	18.04	18.04	11.2384	
1369	1	17.92	17.92	10.2336	
1370	1	17.73	17.73	10.9771	
1371	1	17.74	17.74	10.3924	
1372	1	17.75	17.75	10.5875	
1373	1	17.65	17.65	10.4475	
1374	1	17.75	17.75	10.1075	
1375	1	17.8	17.8	10.6	
1376	1	17.9	17.9	10.23	
1377	1	17.88	17.88	10.7456	
1378	1	18	18	10.08	
1379	1	18.07	18.07	9.9451	
1380	1	17.88	17.88	10.0656	
1381	1	18.02	18.02	10.4196	
1382	1	18.09	18.09	9.5219	
1383	1	18.3	18.3	9.67	
1384	1	18.16	18.16	9.8744	
1385	1	18.42	18.42	9.9836	
1386	1	18.63	18.63	10.3731	
1387	1	18.66	18.66	9.7644	
1388	1	18.62	18.62	9.8156	
1389	1	18.7	18.7	9.51	
1390	1	18.68	18.68	9.5576	
1391	1	18.57	18.57	9.5251	
1392	1	18.5	18.5	9.73	
1393	1	18.45	18.45	10.4475	
1394	1	18.57	18.57	9.9451	
1395	1	18.63	18.63	9.8131	
1396	1	18.72	18.72	9.4416	
1397	1	18.89	18.89	9.7379	
1398	1	18.98	18.98	10.0396	
1399	1	18.94	18.94	9.9964	
1400	1	19.05	19.05	10.1075	
1401	1	19.07	19.07	10.6851	
1402	1	18.88	18.88	10.5056	
1403	1	18.83	18.83	10.1811	
1404	1	19.02	19.02	10.0396	
1405	1	18.88	18.88	11.0256	
1406	1	18.95	18.95	11.2475	
1407	1	18.95	18.95	10.5075	
1408	1	18.86	18.86	10.4204	
1409	1	18.95	18.95	11.1075	
1410	1	19.03	19.03	10.3491	
1411	1	18.87	18.87	10.7131	
1412	1	18.86	18.86	10.4404	
1413	1	18.91	18.91	10.7619	
1414	1	19.03	19.03	10.1691	
1415	1	19.1	19.1	10.01	
1416	1	19.19	19.19	9.8539	
1417	1	19.11	19.11	9.6179	
1418	1	19.29	19.29	9.3659	
1419	1	19.31	19.31	9.8539	
1420	1	19.39	19.39	9.1579	
1421	1	19.22	19.22	9.3116	
1422	1	19.23	19.23	9.8971	
1423	1	19.37	19.37	10.0131	
1424	1	19.19	19.19	10.1539	
1425	1	19.33	19.33	9.8011	
1426	1	19.43	19.43	10.0051	
1427	1	19.29	19.29	10.2659	
1428	1	19.48	19.48	10.0496	
1429	1	19.53	19.53	10.4091	
1430	1	19.7	19.7	9.45	
1431	1	19.58	19.58	9.3636	
1432	1	19.86	19.86	9.1404	
1433	1	19.77	19.77	8.9971	
1434	1	19.77	19.77	9.2171	
1435	1	19.79	19.79	9.5859	
1436	1	19.75	19.75	9.7475	
1437	1	19.95	19.95	9.4475	
1438	1	19.82	19.82	9.4476	
1439	1	19.83	19.83	9.6011	
1440	1	19.82	19.82	9.4676	
1441	1	19.79	19.79	9.4259	
1442	1	19.66	19.66	9.6644	
1443	1	19.86	19.86	9.3804	
1444	1	19.83	19.83	9.5811	
1445	1	19.76	19.76	10.1024	
1446	1	19.68	19.68	9.4776	
1447	1	19.82	19.82	9.5276	
1448	1	19.74	19.74	9.3524	
1449	1	19.72	19.72	9.6416	
1450	1	19.95	19.95	9.3675	
1451	1	19.84	19.84	8.9944	
1452	1	20	20	10.48	
1453	1	19.86	19.86	10.2804	
1454	1	20.12	20.12	10.1056	
1455	1	20.09	20.09	10.2819	
1456	1	20.17	20.17	10.9811	
1457	1	20.15	20.15	10.7475	
1458	1	19.98	19.98	10.9996	
1459	1	20.08	20.08	10.6136	
1460	1	20.12	20.12	10.1056	
1461	1	20.07	20.07	9.8651	
1462	1	20.16	20.16	10.1144	
1463	1	20.06	20.06	10.3964	
1464	1	20.08	20.08	10.3136	
1465	1	20.14	20.14	10.7004	
1466	1	20.05	20.05	10.5075	
1467	1	20.15	20.15	10.2875	
1468	1	20.27	20.27	10.4971	
1469	1	20.38	20.38	11.6356	
1470	1	20.17	20.17	11.5811	
1471	1	20.28	20.28	11.7616	
1472	1	20.47	20.47	12.1291	
1473	1	20.27	20.27	12.0171	
1474	1	20.34	20.34	11.9444	
1475	1	20.37	20.37	11.5931	
1476	1	20.57	20.57	11.9251	
1477	1	20.31	20.31	12.3539	
1478	1	20.49	20.49	12.3699	
1479	1	20.61	20.61	12.1579	
1480	1	20.63	20.63	12.3331	
1481	1	20.72	20.72	12.7416	
1482	1	20.71	20.71	12.2459	
1483	1	20.68	20.68	11.8576	
1484	1	20.82	20.82	11.7276	
1485	1	20.71	20.71	12.2059	
1486	1	20.68	20.68	11.6976	
1487	1	20.96	20.96	11.8584	
1488	1	21	21	12.56	
1489	1	21.07	21.07	11.3051	
1490	1	21.06	21.06	11.9564	
1491	1	20.76	20.76	11.5424	
1492	1	20.63	20.63	11.6331	
1493	1	20.51	20.51	12.3499	
1494	1	20.48	20.48	11.8896	
1495	1	20.34	20.34	12.0044	
1496	1	20.42	20.42	12.4636	
1497	1	20.62	20.62	12.8756	
1498	1	20.44	20.44	12.7264	
1499	1	20.54	20.54	11.5884	
1500	1	20.87	20.87	11.4131	
1501	1	20.76	20.76	11.4024	
1502	1	20.77	20.77	11.7971	
1503	1	20.67	20.67	11.3611	
1504	1	20.58	20.58	11.1436	
1505	1	20.67	20.67	10.9211	
1506	1	20.84	20.84	11.1344	
1507	1	20.82	20.82	10.7876	
1508	1	20.87	20.87	11.2131	
1509	1	21.05	21.05	11.0275	
1510	1	20.88	20.88	10.4856	
1511	1	20.88	20.88	9.9456	
1512	1	20.97	20.97	10.4091	
1513	1	21.11	21.11	10.0979	
1514	1	20.95	20.95	10.4475	
1515	1	21.14	21.14	9.8404	
1516	1	21.03	21.03	10.6691	
1517	1	21.13	21.13	10.1131	
1518	1	21.16	21.16	10.1144	
1519	1	21.02	21.02	9.6596	
1520	1	21.2	21.2	9.28	
1521	1	21.16	21.16	9.4744	
1522	1	21.27	21.27	9.2771	
1523	1	21.13	21.13	9.0731	
1524	1	21.06	21.06	8.6364	
1525	1	20.93	20.93	8.8251	
1526	1	21.15	21.15	8.1275	
1527	1	21.31	21.31	8.6739	
1528	1	21.37	21.37	8.2531	
1529	1	21.31	21.31	8.3139	
1530	1	21.12	21.12	8.4456	
1531	1	21.1	21.1	8.01	
1532	1	21.21	21.21	7.9859	
1533	1	21.2	21.2	8.04	
1534	1	21.31	21.31	7.7939	
1535	1	21.3	21.3	8.21	
1536	1	21.34	21.34	7.7444	
1537	1	21.32	21.32	7.8976	
1538	1	21.23	21.23	8.6771	
1539	1	21.22	21.22	8.4316	
1540	1	21.56	21.56	8.8064	
1541	1	21.4	21.4	8.14	
1542	1	21.34	21.34	8.2444	
1543	1	21.48	21.48	9.0096	
1544	1	21.45	21.45	8.5475	
1545	1	21.36	21.36	8.4104	
1546	1	21.35	21.35	8.0075	
1547	1	21.43	21.43	7.8651	
1548	1	21.44	21.44	7.8064	
1549	1	21.45	21.45	8.2075	
1550	1	21.43	21.43	9.0251	
1551	1	21.39	21.39	9.1979	
1552	1	21.44	21.44	8.7264	
1553	1	21.4	21.4	8.14	
1554	1	21.39	21.39	8.8379	
1555	1	21.37	21.37	8.3131	
1556	1	21.34	21.34	8.5444	
1557	1	21.51	21.51	9.3299	
1558	1	21.52	21.52	9.2296	
1559	1	21.37	21.37	9.8331	
1560	1	21.28	21.28	8.9816	
1561	1	21.48	21.48	9.9696	
1562	1	21.41	21.41	9.1219	
1563	1	21.34	21.34	9.1244	
1564	1	21.35	21.35	8.7075	
1565	1	21.23	21.23	9.3771	
1566	1	21.3	21.3	8.77	
1567	1	21.38	21.38	8.5156	
1568	1	21.37	21.37	8.5731	
1569	1	21.46	21.46	9.0284	
1570	1	21.56	21.56	8.4664	
1571	1	21.56	21.56	8.3064	
1572	1	21.71	21.71	9.8859	
1573	1	21.59	21.59	8.9019	
1574	1	21.59	21.59	8.6419	
1575	1	21.65	21.65	8.7275	
1576	1	21.72	21.72	8.5816	
1577	1	21.64	21.64	8.8504	
1578	1	21.68	21.68	8.6576	
1579	1	21.61	21.61	8.7779	
1580	1	21.67	21.67	8.8411	
1581	1	21.65	21.65	9.2275	
1582	1	21.62	21.62	9.2556	
1583	1	21.63	21.63	8.9931	
1584	1	21.76	21.76	8.9224	
1585	1	21.68	21.68	9.1576	
1586	1	21.5	21.5	9.11	
1587	1	21.64	21.64	8.7704	
1588	1	21.7	21.7	9.01	
1589	1	21.66	21.66	9.0444	
1590	1	21.71	21.71	9.8659	
1591	1	21.78	21.78	9.8716	
1592	1	21.87	21.87	11.1331	
1593	1	21.91	21.91	10.3019	
1594	1	21.82	21.82	10.2276	
1595	1	21.66	21.66	10.1444	
1596	1	21.67	21.67	9.6811	
1597	1	21.78	21.78	9.5516	
1598	1	22	22	9.54	
1599	1	21.94	21.94	9.2364	
1600	1	21.86	21.86	9.2204	
1601	1	21.93	21.93	9.6251	
1602	1	21.96	21.96	9.2984	
1603	1	21.97	21.97	9.7491	
1604	1	22.14	22.14	9.6604	
1605	1	22.15	22.15	10.1275	
1606	1	22.15	22.15	9.2475	
1607	1	22.29	22.29	9.9459	
1608	1	22.09	22.09	10.0419	
1609	1	21.92	21.92	8.5336	
1610	1	21.97	21.97	8.4691	
1611	1	22.12	22.12	8.3056	
1612	1	21.91	21.91	8.2219	
1613	1	21.79	21.79	8.7059	
1614	1	21.84	21.84	8.7144	
1615	1	21.82	21.82	8.7476	
1616	1	21.95	21.95	8.2875	
1617	1	21.99	21.99	8.3899	
1618	1	21.95	21.95	9.0075	
1619	1	21.85	21.85	8.4475	
1620	1	21.93	21.93	8.4051	
1621	1	21.81	21.81	8.2139	
1622	1	21.82	21.82	8.4476	
1623	1	21.99	21.99	8.7899	
1624	1	21.93	21.93	8.6651	
1625	1	21.99	21.99	8.1699	
1626	1	22.11	22.11	8.6779	
1627	1	22.13	22.13	9.2931	
1628	1	22.26	22.26	9.7924	
1629	1	22.04	22.04	10.0984	
1630	1	22.34	22.34	8.6644	
1631	1	22.42	22.42	8.7436	
1632	1	22.6	22.6	8.9	
1633	1	22.65	22.65	9.6275	
1634	1	22.54	22.54	9.4884	
1635	1	22.44	22.44	9.7464	
1636	1	22.59	22.59	9.4019	
1637	1	22.6	22.6	9.82	
1638	1	22.61	22.61	10.4579	
1639	1	22.62	22.62	10.4356	
1640	1	22.69	22.69	10.2939	
1641	1	22.75	22.75	10.9075	
1642	1	22.62	22.62	11.5156	
1643	1	22.61	22.61	11.4779	
1644	1	22.43	22.43	11.5251	
1645	1	22.77	22.77	10.4571	
1646	1	22.74	22.74	10.9924	
1647	1	22.93	22.93	11.1451	
1648	1	22.76	22.76	10.4024	
1649	1	22.77	22.77	10.2971	
1650	1	22.76	22.76	10.5024	
1651	1	22.71	22.71	10.5459	
1652	1	22.92	22.92	11.9936	
1653	1	23.1	23.1	12.11	
1654	1	22.98	22.98	12.8796	
1655	1	22.98	22.98	12.6996	
1656	1	23.11	23.11	13.1379	
1657	1	23.31	23.31	12.2139	
1658	1	23.12	23.12	12.1256	
1659	1	23.09	23.09	11.9819	
1660	1	23.24	23.24	11.9224	
1661	1	23.3	23.3	11.51	
1662	1	23.19	23.19	11.2539	
1663	1	23.38	23.38	12.4156	
1664	1	23.33	23.33	12.2611	
1665	1	23.53	23.53	11.7691	
1666	1	23.47	23.47	11.4491	
1667	1	23.42	23.42	11.5436	
1668	1	23.5	23.5	12.23	
1669	1	23.4	23.4	12.56	
1670	1	23.26	23.26	12.5924	
1671	1	23.28	23.28	12.1016	
1672	1	23.14	23.14	13.0004	
1673	1	23.39	23.39	13.0579	
1674	1	23.55	23.55	12.0875	
1675	1	23.3	23.3	13.27	
1676	1	23.34	23.34	12.7644	
1677	1	23.33	23.33	11.8011	
1678	1	23.38	23.38	11.4556	
1679	1	23.34	23.34	11.0844	
1680	1	23.31	23.31	11.8539	
1681	1	23.38	23.38	11.6556	
1682	1	23.28	23.28	11.0216	
1683	1	23.27	23.27	10.9171	
1684	1	22.97	22.97	11.1891	
1685	1	22.96	22.96	11.0184	
1686	1	22.99	22.99	11.0699	
1687	1	23.12	23.12	10.4656	
1688	1	23.14	23.14	10.3804	
1689	1	23.27	23.27	10.7571	
1690	1	23.23	23.23	10.5971	
1691	1	23.27	23.27	10.9771	
1692	1	23.29	23.29	10.9059	
1693	1	23.36	23.36	11.4704	
1694	1	23.32	23.32	10.9976	
1695	1	23.36	23.36	10.7904	
1696	1	23.54	23.54	9.9284	
1697	1	23.62	23.62	10.2156	
1698	1	23.66	23.66	9.9244	
1699	1	23.66	23.66	10.2444	
1700	1	23.53	23.53	9.9491	
1701	1	23.63	23.63	11.2731	
1702	1	23.5	23.5	11.23	
1703	1	23.47	23.47	10.5891	
1704	1	23.21	23.21	9.9459	
1705	1	23.18	23.18	9.8276	
1706	1	23.25	23.25	10.1875	
1707	1	23.29	23.29	10.1259	
1708	1	23.29	23.29	10.0059	
1709	1	23.27	23.27	10.3771	
1710	1	23.56	23.56	10.4064	
1711	1	23.62	23.62	10.0956	
1712	1	23.48	23.48	10.1696	
1713	1	23.46	23.46	9.5284	
1714	1	23.45	23.45	9.7875	
1715	1	23.42	23.42	9.9036	
1716	1	23.54	23.54	9.4084	
1717	1	23.51	23.51	9.4499	
1718	1	23.49	23.49	9.7499	
1719	1	23.7	23.7	9.03	
1720	1	23.57	23.57	9.4251	
1721	1	23.44	23.44	10.0264	
1722	1	23.65	23.65	10.3875	
1723	1	23.39	23.39	10.0179	
1724	1	23.43	23.43	10.2251	
1725	1	23.45	23.45	9.8875	
1726	1	23.36	23.36	9.8704	
1727	1	23.57	23.57	9.2651	
1728	1	23.47	23.47	9.3691	
1729	1	23.53	23.53	9.1891	
1730	1	23.67	23.67	9.1011	
1731	1	23.74	23.74	8.7524	
1732	1	23.78	23.78	8.7516	
1733	1	23.71	23.71	9.2859	
1734	1	23.74	23.74	9.3924	
1735	1	23.85	23.85	9.4075	
1736	1	23.8	23.8	9.78	
1737	1	24.07	24.07	8.8451	
1738	1	23.97	23.97	9.0691	
1739	1	24	24	9.14	
1740	1	24.17	24.17	9.3411	
1741	1	24.18	24.18	9.8076	
1742	1	24.15	24.15	10.1675	
1743	1	24.26	24.26	9.3924	
1744	1	24.22	24.22	9.0916	
1745	1	24.23	24.23	9.9571	
1746	1	24.06	24.06	9.6964	
1747	1	24.19	24.19	10.6139	
1748	1	24.03	24.03	10.0291	
1749	1	23.94	23.94	9.7764	
1750	1	24.03	24.03	9.5891	
1751	1	23.91	23.91	9.9219	
1752	1	24.02	24.02	9.8596	
1753	1	23.99	23.99	9.6299	
1754	1	24.01	24.01	8.8099	
1755	1	23.96	23.96	8.9784	
1756	1	24.1	24.1	8.71	
1757	1	24.01	24.01	8.3699	
1758	1	24.09	24.09	8.7419	
1759	1	23.83	23.83	10.0411	
1760	1	23.98	23.98	8.9196	
1761	1	24.12	24.12	8.4456	
1762	1	24.06	24.06	8.4164	
1763	1	24.19	24.19	8.6139	
1764	1	24.26	24.26	8.5924	
1765	1	24.23	24.23	8.8171	
1766	1	24.27	24.27	8.7171	
1767	1	24.34	24.34	8.6444	
1768	1	24.37	24.37	9.0331	
1769	1	24.36	24.36	9.5904	
1770	1	24.61	24.61	11.3379	
1771	1	24.42	24.42	9.8036	
1772	1	24.41	24.41	9.8219	
1773	1	24.56	24.56	10.5464	
1774	1	24.64	24.64	9.9104	
1775	1	24.67	24.67	9.6811	
1776	1	24.61	24.61	10.3979	
1777	1	24.67	24.67	9.6611	
1778	1	24.96	24.96	11.9784	
1779	1	24.81	24.81	10.5939	
1780	1	24.8	24.8	10.7	
1781	1	24.79	24.79	11.3059	
1782	1	24.96	24.96	11.0384	
1783	1	25.08	25.08	10.9536	
1784	1	25.01	25.01	11.0899	
1785	1	24.87	24.87	11.5131	
1786	1	24.88	24.88	11.8256	
1787	1	25.02	25.02	11.7196	
1788	1	24.79	24.79	11.5059	
1789	1	24.87	24.87	11.1331	
1790	1	24.97	24.97	11.4691	
1791	1	25.06	25.06	11.0964	
1792	1	25.17	25.17	11.7411	
1793	1	25.27	25.27	12.1371	
1794	1	25.28	25.28	10.9616	
1795	1	25.29	25.29	10.7859	
1796	1	25.07	25.07	10.2051	
1797	1	25.18	25.18	11.2076	
1798	1	25.33	25.33	12.3411	
1799	1	25.24	25.24	11.2824	
1800	1	25.08	25.08	10.5336	
1801	1	25.02	25.02	11.2996	
1802	1	25.17	25.17	11.3411	
1803	1	25.29	25.29	11.0259	
1804	1	25.44	25.44	13.1064	
1805	1	25.48	25.48	12.1696	
1806	1	25.48	25.48	11.9696	
1807	1	25.44	25.44	11.6064	
1808	1	25.52	25.52	11.8096	
1809	1	25.27	25.27	12.1371	
1810	1	25.23	25.23	12.2971	
1811	1	25.15	25.15	12.7675	
1812	1	25.11	25.11	11.3379	
1813	1	25.24	25.24	11.5024	
1814	1	25.1	25.1	11.03	
1815	1	25.19	25.19	12.1939	
1816	1	25.22	25.22	11.0316	
1817	1	25.32	25.32	11.0576	
1818	1	25.25	25.25	11.0075	
1819	1	25.23	25.23	10.7371	
1820	1	25.07	25.07	10.6851	
1821	1	25.15	25.15	11.3675	
1822	1	25.13	25.13	10.6731	
1823	1	25.16	25.16	10.6544	
1824	1	25.3	25.3	11.05	
1825	1	25.22	25.22	11.4116	
1826	1	25.21	25.21	10.9259	
1827	1	25.35	25.35	10.8075	
1828	1	25.32	25.32	10.9376	
1829	1	25.31	25.31	11.9939	
1830	1	25.14	25.14	10.9604	
1831	1	25.22	25.22	11.5516	
1832	1	25.4	25.4	11.98	
1833	1	25.26	25.26	11.2324	
1834	1	25.32	25.32	10.8576	
1835	1	25.41	25.41	11.2419	
1836	1	25.38	25.38	11.9956	
1837	1	25.37	25.37	11.4331	
1838	1	25.48	25.48	12.3296	
1839	1	25.69	25.69	11.5139	
1840	1	25.65	25.65	11.1275	
1841	1	25.61	25.61	10.8579	
1842	1	25.69	25.69	10.7139	
1843	1	25.66	25.66	11.5244	
1844	1	26	26	12.3	
1845	1	25.82	25.82	11.1876	
1846	1	25.87	25.87	10.9331	
1847	1	25.85	25.85	10.6675	
1848	1	25.95	25.95	10.6075	
1849	1	25.88	25.88	10.6856	
1850	1	25.89	25.89	10.6379	
1851	1	26	26	11.2	
1852	1	26.15	26.15	11.1675	
1853	1	26.1	26.1	11.35	
1854	1	25.96	25.96	11.1184	
1855	1	25.88	25.88	10.9856	
1856	1	25.79	25.79	11.2259	
1857	1	26.1	26.1	11.43	
1858	1	26.15	26.15	11.3475	
1859	1	26.2	26.2	11.72	
1860	1	26.3	26.3	12.39	
1861	1	26.09	26.09	12.7219	
1862	1	26.35	26.35	11.8475	
1863	1	26.42	26.42	11.8636	
1864	1	26.29	26.29	12.4859	
1865	1	26.35	26.35	12.7475	
1866	1	26.44	26.44	11.7064	
1867	1	26.5	26.5	12.55	
1868	1	26.61	26.61	12.2979	
1869	1	26.57	26.57	13.1651	
1870	1	26.42	26.42	12.3236	
1871	1	26.58	26.58	11.6836	
1872	1	26.51	26.51	12.0299	
1873	1	26.68	26.68	13.3576	
1874	1	26.65	26.65	12.5075	
1875	1	26.78	26.78	11.7316	
1876	1	26.56	26.56	11.8264	
1877	1	26.65	26.65	12.5475	
1878	1	26.68	26.68	12.1976	
1879	1	26.72	26.72	11.9016	
1880	1	26.75	26.75	12.0875	
1881	1	26.68	26.68	12.0576	
1882	1	26.81	26.81	12.0539	
1883	1	26.69	26.69	12.0939	
1884	1	26.71	26.71	11.5459	
1885	1	26.71	26.71	11.4259	
1886	1	26.57	26.57	11.9451	
1887	1	26.63	26.63	11.8131	
1888	1	26.85	26.85	13.4075	
1889	1	26.91	26.91	12.5219	
1890	1	26.82	26.82	11.9276	
1891	1	26.92	26.92	13.5336	
1892	1	26.95	26.95	12.8275	
1893	1	27.04	27.04	13.5184	
1894	1	27.2	27.2	12.82	
1895	1	27.14	27.14	12.2604	
1896	1	27.11	27.11	12.7579	
1897	1	27.09	27.09	12.5419	
1898	1	27.08	27.08	12.0336	
1899	1	27.09	27.09	11.6619	
1900	1	26.98	26.98	11.6996	
1901	1	27.15	27.15	11.1475	
1902	1	27.1	27.1	12.23	
1903	1	27.06	27.06	11.9364	
1904	1	27.07	27.07	13.4851	
1905	1	27.23	27.23	12.9971	
1906	1	27.24	27.24	12.6024	
1907	1	27.41	27.41	12.3619	
1908	1	27.35	27.35	10.8875	
1909	1	27.17	27.17	10.6411	
1910	1	27.19	27.19	10.6139	
1911	1	27.19	27.19	10.9139	
1912	1	27.46	27.46	11.0084	
1913	1	27.36	27.36	11.5904	
1914	1	27.48	27.48	11.7096	
1915	1	27.52	27.52	11.6896	
1916	1	27.51	27.51	11.7499	
1917	1	27.36	27.36	11.6304	
1918	1	27.52	27.52	11.0096	
1919	1	27.66	27.66	11.5044	
1920	1	27.86	27.86	11.3604	
1921	1	27.97	27.97	11.7291	
1922	1	28	28	11.14	
1923	1	27.93	27.93	10.9451	
1924	1	27.98	27.98	11.4796	
1925	1	28.17	28.17	12.0411	
1926	1	27.98	27.98	11.1396	
1927	1	27.89	27.89	11.6979	
1928	1	27.78	27.78	11.8116	
1929	1	28.15	28.15	12.6075	
1930	1	28.07	28.07	11.8051	
1931	1	28.03	28.03	11.7091	
1932	1	27.95	27.95	11.7075	
1933	1	27.73	27.73	11.4571	
1934	1	27.5	27.5	11.29	
1935	1	27.57	27.57	11.1451	
1936	1	27.59	27.59	11.8619	
1937	1	27.86	27.86	12.0404	
1938	1	27.69	27.69	11.4739	
1939	1	27.74	27.74	11.9124	
1940	1	27.53	27.53	11.5891	
1941	1	27.78	27.78	12.6516	
1942	1	27.75	27.75	12.4075	
1943	1	27.83	27.83	12.1611	
1944	1	27.93	27.93	11.6451	
1945	1	27.98	27.98	12.1396	
1946	1	27.82	27.82	11.7276	
1947	1	27.83	27.83	12.0811	
1948	1	27.81	27.81	11.7139	
1949	1	27.78	27.78	11.8916	
1950	1	27.89	27.89	11.9979	
1951	1	27.88	27.88	12.5856	
1952	1	27.77	27.77	12.3771	
1953	1	27.62	27.62	11.6556	
1954	1	27.82	27.82	12.1476	
1955	1	27.86	27.86	12.1204	
1956	1	27.92	27.92	12.2536	
1957	1	27.79	27.79	12.9059	
1958	1	27.61	27.61	12.2779	
1959	1	27.82	27.82	12.6676	
1960	1	27.89	27.89	12.3979	
1961	1	27.91	27.91	12.3819	
1962	1	27.88	27.88	12.5656	
1963	1	27.9	27.9	12.37	
1964	1	27.91	27.91	12.2219	
1965	1	27.71	27.71	11.3459	
1966	1	27.59	27.59	11.4619	
1967	1	27.61	27.61	10.8579	
1968	1	27.56	27.56	10.4264	
1969	1	27.67	27.67	10.5011	
1970	1	27.61	27.61	10.2979	
1971	1	27.57	27.57	10.5051	
1972	1	27.49	27.49	9.5499	
1973	1	27.56	27.56	10.1664	
1974	1	27.77	27.77	10.3771	
1975	1	27.73	27.73	10.1971	
1976	1	27.82	27.82	9.5276	
1977	1	27.88	27.88	9.6256	
1978	1	27.89	27.89	9.8779	
1979	1	27.99	27.99	10.3499	
1980	1	27.95	27.95	9.7475	
1981	1	28.2	28.2	10.14	
1982	1	28.22	28.22	9.7116	
1983	1	28.18	28.18	10.2276	
1984	1	28.33	28.33	10.0611	
1985	1	28.12	28.12	10.3856	
1986	1	28.14	28.14	10.0204	
1987	1	28.3	28.3	9.83	
1988	1	28.04	28.04	9.9584	
1989	1	28.22	28.22	10.3716	
1990	1	28.24	28.24	10.1824	
1991	1	28.26	28.26	11.0124	
1992	1	28.24	28.24	10.7024	
1993	1	28.47	28.47	10.4491	
1994	1	28.34	28.34	10.2444	
1995	1	28.45	28.45	10.5675	
1996	1	28.62	28.62	10.6356	
1997	1	28.66	28.66	10.7244	
1998	1	28.59	28.59	10.4019	
1999	1	28.71	28.71	10.4859	
2000	1	28.87	28.87	11.0731	
