# mu = 0.001, s = -0.001, trials requested = 1, runtime = 0:00:42
# "Time"	"Actual trials"	"Mean mutation"	"Average mean mutation"	"Average mutation variance"
0	1	0	0	0	
1	1	0	0	0	
2	1	0.01	0.01	0.0099	
3	1	0.12	0.12	0.1056	
4	1	0.12	0.12	0.1056	
5	1	0.18	0.18	0.1476	
6	1	0.15	0.15	0.1275	
7	1	0.17	0.17	0.1411	
8	1	0.11	0.11	0.0979	
9	1	0.08	0.08	0.0736	
10	1	0.01	0.01	0.0099	
11	1	0.01	0.01	0.0099	
12	1	0.01	0.01	0.0099	
13	1	0.01	0.01	0.0099	
14	1	0.07	0.07	0.0651	
15	1	0.01	0.01	0.0099	
16	1	0.01	0.01	0.0099	
17	1	0.01	0.01	0.0099	
18	1	0.01	0.01	0.0099	
19	1	0.01	0.01	0.0099	
20	1	0.1	0.1	0.09	
21	1	0.01	0.01	0.0099	
22	1	0.01	0.01	0.0099	
23	1	0.13	0.13	0.1131	
24	1	0.19	0.19	0.1539	
25	1	0.17	0.17	0.1811	
26	1	0.2	0.2	0.16	
27	1	0.15	0.15	0.1275	
28	1	0.15	0.15	0.1275	
29	1	0.05	0.05	0.0475	
30	1	0.05	0.05	0.0475	
31	1	0.13	0.13	0.1131	
32	1	0.13	0.13	0.1131	
33	1	0.26	0.26	0.1924	
34	1	0.25	0.25	0.1875	
35	1	0.21	0.21	0.1659	
36	1	0.26	0.26	0.1924	
37	1	0.24	0.24	0.1824	
38	1	0.29	0.29	0.2059	
39	1	0.25	0.25	0.1875	
40	1	0.23	0.23	0.1771	
41	1	0.23	0.23	0.1771	
42	1	0.17	0.17	0.1411	
43	1	0.2	0.2	0.16	
44	1	0.28	0.28	0.2016	
45	1	0.24	0.24	0.1824	
46	1	0.26	0.26	0.1924	
47	1	0.36	0.36	0.2304	
48	1	0.36	0.36	0.2304	
49	1	0.4	0.4	0.24	
50	1	0.47	0.47	0.2491	
51	1	0.46	0.46	0.2484	
52	1	0.48	0.48	0.2496	
53	1	0.52	0.52	0.2496	
54	1	0.5	0.5	0.25	
55	1	0.47	0.47	0.2491	
56	1	0.51	0.51	0.2499	
57	1	0.51	0.51	0.2499	
58	1	0.59	0.59	0.3219	
59	1	0.55	0.55	0.2675	
60	1	0.59	0.59	0.2419	
61	1	0.58	0.58	0.2436	
62	1	0.48	0.48	0.2496	
63	1	0.61	0.61	0.3179	
64	1	0.54	0.54	0.2484	
65	1	0.55	0.55	0.2475	
66	1	0.57	0.57	0.2451	
67	1	0.52	0.52	0.2496	
68	1	0.58	0.58	0.2436	
69	1	0.51	0.51	0.3499	
70	1	0.45	0.45	0.3275	
71	1	0.6	0.6	0.52	
72	1	0.59	0.59	0.5419	
73	1	0.54	0.54	0.5684	
74	1	0.65	0.65	0.5275	
75	1	0.66	0.66	0.5444	
76	1	0.76	0.76	0.6224	
77	1	0.59	0.59	0.6219	
78	1	0.53	0.53	0.6291	
79	1	0.55	0.55	0.6875	
80	1	0.6	0.6	0.78	
81	1	0.67	0.67	0.7811	
82	1	0.63	0.63	0.7731	
83	1	0.7	0.7	0.79	
84	1	0.86	0.86	0.8204	
85	1	0.87	0.87	0.7731	
86	1	0.83	0.83	0.8411	
87	1	0.88	0.88	1.1656	
88	1	0.89	0.89	1.1579	
89	1	0.93	0.93	1.3851	
90	1	1.23	1.23	1.7171	
91	1	1.29	1.29	1.6459	
92	1	1.32	1.32	1.8376	
93	1	1.45	1.45	1.7675	
94	1	1.62	1.62	1.7756	
95	1	1.68	1.68	1.6176	
96	1	1.72	1.72	1.5816	
97	1	1.66	1.66	1.6844	
98	1	1.92	1.92	1.5136	
99	1	1.93	1.93	1.6051	
100	1	1.95	1.95	1.3275	
101	1	2.17	2.17	1.3211	
102	1	2.34	2.34	1.2844	
103	1	2.27	2.27	0.8571	
104	1	2.25	2.25	0.8075	
105	1	2.37	2.37	0.8131	
106	1	2.36	2.36	0.8704	
107	1	2.42	2.42	0.8236	
108	1	2.38	2.38	0.8556	
109	1	2.38	2.38	0.8556	
110	1	2.48	2.48	0.7696	
111	1	2.44	2.44	0.8064	
112	1	2.4	2.4	0.84	
113	1	2.65	2.65	0.7275	
114	1	2.52	2.52	0.7896	
115	1	2.6	2.6	0.64	
116	1	2.8	2.8	0.36	
117	1	2.85	2.85	0.2475	
118	1	2.98	2.98	0.0396	
119	1	3.01	3.01	0.0099	
120	1	3.01	3.01	0.0099	
121	1	3.01	3.01	0.0099	
122	1	3.01	3.01	0.0099	
123	1	3.01	3.01	0.0099	
124	1	3.01	3.01	0.0099	
125	1	3.01	3.01	0.0099	
126	1	3.01	3.01	0.0099	
127	1	3.01	3.01	0.0099	
128	1	3.06	3.06	0.0564	
129	1	3.08	3.08	0.0736	
130	1	3.24	3.24	0.1824	
131	1	3.41	3.41	0.2619	
132	1	3.44	3.44	0.2464	
133	1	3.46	3.46	0.2484	
134	1	3.61	3.61	0.2379	
135	1	3.7	3.7	0.21	
136	1	3.68	3.68	0.2176	
137	1	3.72	3.72	0.2016	
138	1	3.73	3.73	0.1971	
139	1	3.72	3.72	0.2016	
140	1	3.77	3.77	0.1771	
141	1	3.8	3.8	0.22	
142	1	3.83	3.83	0.1411	
143	1	3.86	3.86	0.1204	
144	1	3.87	3.87	0.1131	
145	1	3.8	3.8	0.16	
146	1	3.69	3.69	0.2339	
147	1	3.75	3.75	0.3275	
148	1	3.81	3.81	0.2339	
149	1	3.77	3.77	0.2771	
150	1	3.76	3.76	0.2424	
151	1	3.65	3.65	0.3475	
152	1	3.68	3.68	0.2176	
153	1	3.66	3.66	0.2244	
154	1	3.7	3.7	0.21	
155	1	3.64	3.64	0.2304	
156	1	3.59	3.59	0.2419	
157	1	3.65	3.65	0.2275	
158	1	3.54	3.54	0.2484	
159	1	3.55	3.55	0.2475	
160	1	3.51	3.51	0.3299	
161	1	3.54	3.54	0.3684	
162	1	3.46	3.46	0.3484	
163	1	3.32	3.32	0.2376	
164	1	3.3	3.3	0.21	
165	1	3.36	3.36	0.3304	
166	1	3.35	3.35	0.2275	
167	1	3.37	3.37	0.2331	
168	1	3.47	3.47	0.2491	
169	1	3.57	3.57	0.2451	
170	1	3.72	3.72	0.2016	
171	1	3.72	3.72	0.2016	
172	1	3.8	3.8	0.16	
173	1	3.69	3.69	0.2339	
174	1	3.71	3.71	0.2059	
175	1	3.71	3.71	0.2059	
176	1	3.69	3.69	0.2139	
177	1	3.67	3.67	0.2211	
178	1	3.7	3.7	0.21	
179	1	3.73	3.73	0.2171	
180	1	3.67	3.67	0.2211	
181	1	3.72	3.72	0.2216	
182	1	3.68	3.68	0.2176	
183	1	3.65	3.65	0.2275	
184	1	3.6	3.6	0.24	
185	1	3.61	3.61	0.2379	
186	1	3.61	3.61	0.2379	
187	1	3.53	3.53	0.2491	
188	1	3.54	3.54	0.2484	
189	1	3.7	3.7	0.21	
190	1	3.74	3.74	0.1924	
191	1	3.83	3.83	0.3411	
192	1	3.89	3.89	0.4179	
193	1	3.95	3.95	0.4675	
194	1	4.05	4.05	0.4075	
195	1	4.01	4.01	0.4899	
196	1	4.02	4.02	0.4996	
197	1	4	4	0.4	
198	1	4.05	4.05	0.2875	
199	1	4.04	4.04	0.2984	
200	1	4	4	0	
201	1	4.03	4.03	0.0291	
202	1	4.08	4.08	0.0736	
203	1	4.11	4.11	0.1179	
204	1	4.23	4.23	0.3971	
205	1	4.2	4.2	0.36	
206	1	4.22	4.22	0.3916	
207	1	4.26	4.26	0.4524	
208	1	4.22	4.22	0.3916	
209	1	4.3	4.3	0.51	
210	1	4.4	4.4	0.64	
211	1	4.46	4.46	0.7084	
212	1	4.46	4.46	0.7084	
213	1	4.46	4.46	0.6684	
214	1	4.47	4.47	0.6491	
215	1	4.43	4.43	0.6451	
216	1	4.25	4.25	0.4075	
217	1	4.39	4.39	0.5579	
218	1	4.5	4.5	0.59	
219	1	4.44	4.44	0.5664	
220	1	4.42	4.42	0.5636	
221	1	4.43	4.43	0.6851	
222	1	4.69	4.69	1.2139	
223	1	4.59	4.59	0.8419	
224	1	4.45	4.45	0.6875	
225	1	4.45	4.45	0.5875	
226	1	4.61	4.61	0.7179	
227	1	4.68	4.68	0.7376	
228	1	4.57	4.57	0.8451	
229	1	4.56	4.56	0.9264	
230	1	4.67	4.67	1.0211	
231	1	4.76	4.76	1.1224	
232	1	4.77	4.77	0.9971	
233	1	4.93	4.93	1.2251	
234	1	5	5	1.26	
235	1	5.14	5.14	1.6204	
236	1	5.23	5.23	1.4771	
237	1	5.3	5.3	1.53	
238	1	5.25	5.25	1.4475	
239	1	5.08	5.08	1.0936	
240	1	5.27	5.27	1.4571	
241	1	5.32	5.32	1.7576	
242	1	4.81	4.81	1.3339	
243	1	4.66	4.66	1.1244	
244	1	4.53	4.53	0.9891	
245	1	4.54	4.54	1.1084	
246	1	4.67	4.67	1.1811	
247	1	4.67	4.67	1.3411	
248	1	4.59	4.59	1.1019	
249	1	4.48	4.48	0.9696	
250	1	4.36	4.36	0.8304	
251	1	4.65	4.65	1.3875	
252	1	4.51	4.51	1.1499	
253	1	4.66	4.66	1.4844	
254	1	4.63	4.63	1.4931	
255	1	4.66	4.66	1.9044	
256	1	4.62	4.62	1.9156	
257	1	4.52	4.52	1.8096	
258	1	4.36	4.36	1.3104	
259	1	4.32	4.32	1.1776	
260	1	4	4	0	
261	1	4	4	0	
262	1	4	4	0	
263	1	4	4	0	
264	1	4	4	0	
265	1	4	4	0	
266	1	4	4	0	
267	1	4.01	4.01	0.0099	
268	1	4.01	4.01	0.0099	
269	1	4.04	4.04	0.0384	
270	1	4.02	4.02	0.0196	
271	1	4.01	4.01	0.0099	
272	1	4	4	0	
273	1	4	4	0	
274	1	4.01	4.01	0.0099	
275	1	4.01	4.01	0.0099	
276	1	4	4	0	
277	1	4	4	0	
278	1	4	4	0	
279	1	4	4	0	
280	1	4	4	0	
281	1	4	4	0	
282	1	4.03	4.03	0.0291	
283	1	4.1	4.1	0.09	
284	1	4.11	4.11	0.0979	
285	1	4.15	4.15	0.1275	
286	1	4.12	4.12	0.1056	
287	1	4.14	4.14	0.1204	
288	1	4.04	4.04	0.0384	
289	1	4.14	4.14	0.1204	
290	1	4.22	4.22	0.1716	
291	1	4.38	4.38	0.3156	
292	1	4.28	4.28	0.2016	
293	1	4.21	4.21	0.1659	
294	1	4.15	4.15	0.1275	
295	1	4.17	4.17	0.1411	
296	1	4.17	4.17	0.1411	
297	1	4.17	4.17	0.1411	
298	1	4.24	4.24	0.1824	
299	1	4.27	4.27	0.1971	
300	1	4.34	4.34	0.2244	
301	1	4.23	4.23	0.1771	
302	1	4.25	4.25	0.1875	
303	1	4.26	4.26	0.1924	
304	1	4.33	4.33	0.2211	
305	1	4.33	4.33	0.2211	
306	1	4.35	4.35	0.2275	
307	1	4.33	4.33	0.2211	
308	1	4.37	4.37	0.2731	
309	1	4.4	4.4	0.32	
310	1	4.4	4.4	0.24	
311	1	4.45	4.45	0.2475	
312	1	4.42	4.42	0.2436	
313	1	4.43	4.43	0.2451	
314	1	4.48	4.48	0.2896	
315	1	4.51	4.51	0.2499	
316	1	4.5	4.5	0.25	
317	1	4.54	4.54	0.2484	
318	1	4.44	4.44	0.2464	
319	1	4.52	4.52	0.4096	
320	1	4.56	4.56	0.5864	
321	1	4.6	4.6	0.46	
322	1	4.58	4.58	0.4636	
323	1	4.66	4.66	0.5244	
324	1	4.7	4.7	0.51	
325	1	4.57	4.57	0.2451	
326	1	4.59	4.59	0.2419	
327	1	4.59	4.59	0.2419	
328	1	4.56	4.56	0.2464	
329	1	4.55	4.55	0.2475	
330	1	4.66	4.66	0.2244	
331	1	4.55	4.55	0.2475	
332	1	4.57	4.57	0.2451	
333	1	4.59	4.59	0.2419	
334	1	4.65	4.65	0.2275	
335	1	4.62	4.62	0.2356	
336	1	4.63	4.63	0.2331	
337	1	4.67	4.67	0.2211	
338	1	4.69	4.69	0.2139	
339	1	4.73	4.73	0.2371	
340	1	4.8	4.8	0.16	
341	1	4.84	4.84	0.1344	
342	1	4.87	4.87	0.1931	
343	1	4.85	4.85	0.1275	
344	1	4.87	4.87	0.1131	
345	1	4.83	4.83	0.1411	
346	1	4.83	4.83	0.1411	
347	1	4.83	4.83	0.1411	
348	1	4.8	4.8	0.18	
349	1	4.77	4.77	0.1771	
350	1	4.75	4.75	0.1875	
351	1	4.74	4.74	0.2324	
352	1	4.82	4.82	0.1476	
353	1	4.79	4.79	0.1659	
354	1	4.86	4.86	0.1404	
355	1	4.87	4.87	0.1131	
356	1	4.93	4.93	0.0651	
357	1	5.01	5.01	0.0099	
358	1	5.01	5.01	0.0099	
359	1	5.01	5.01	0.0099	
360	1	5.01	5.01	0.0099	
361	1	5.01	5.01	0.0099	
362	1	5.01	5.01	0.0099	
363	1	5.01	5.01	0.0099	
364	1	5.01	5.01	0.0099	
365	1	5.01	5.01	0.0099	
366	1	5.03	5.03	0.0291	
367	1	5.07	5.07	0.0651	
368	1	5.07	5.07	0.0651	
369	1	5.03	5.03	0.0291	
370	1	5.01	5.01	0.0099	
371	1	5.01	5.01	0.0099	
372	1	5.01	5.01	0.0099	
373	1	5.02	5.02	0.0196	
374	1	5.14	5.14	0.1204	
375	1	5.16	5.16	0.1344	
376	1	5.13	5.13	0.1131	
377	1	5.27	5.27	0.1971	
378	1	5.27	5.27	0.1971	
379	1	5.3	5.3	0.21	
380	1	5.33	5.33	0.2211	
381	1	5.29	5.29	0.2059	
382	1	5.3	5.3	0.21	
383	1	5.39	5.39	0.2379	
384	1	5.35	5.35	0.2275	
385	1	5.44	5.44	0.3264	
386	1	5.45	5.45	0.3875	
387	1	5.53	5.53	0.5091	
388	1	5.68	5.68	0.6176	
389	1	5.63	5.63	0.5331	
390	1	5.63	5.63	0.6331	
391	1	5.54	5.54	0.6484	
392	1	5.63	5.63	0.7731	
393	1	5.54	5.54	0.6284	
394	1	5.47	5.47	0.5091	
395	1	5.71	5.71	0.8259	
396	1	5.74	5.74	0.8924	
397	1	5.82	5.82	0.9676	
398	1	5.74	5.74	0.9324	
399	1	5.72	5.72	0.9216	
400	1	5.57	5.57	0.9051	
401	1	5.35	5.35	0.6075	
402	1	5.28	5.28	0.4816	
403	1	5.22	5.22	0.3916	
404	1	5.32	5.32	0.5376	
405	1	5.34	5.34	0.5644	
406	1	5.54	5.54	0.7884	
407	1	5.28	5.28	0.4816	
408	1	5.4	5.4	0.64	
409	1	5.36	5.36	0.5904	
410	1	5.33	5.33	0.5411	
411	1	5.34	5.34	0.5044	
412	1	5.24	5.24	0.4224	
413	1	5.46	5.46	0.6884	
414	1	5.55	5.55	0.7675	
415	1	5.36	5.36	0.5904	
416	1	5.27	5.27	0.4171	
417	1	5.2	5.2	0.34	
418	1	5.36	5.36	0.4304	
419	1	5.54	5.54	0.6684	
420	1	5.55	5.55	0.7275	
421	1	5.46	5.46	0.5684	
422	1	5.4	5.4	0.5	
423	1	5.46	5.46	0.5884	
424	1	5.4	5.4	0.6	
425	1	5.44	5.44	0.6864	
426	1	5.46	5.46	0.7084	
427	1	5.6	5.6	0.84	
428	1	5.86	5.86	0.9804	
429	1	5.88	5.88	0.9856	
430	1	5.86	5.86	0.9804	
431	1	5.99	5.99	0.9099	
432	1	5.94	5.94	1.0164	
433	1	5.85	5.85	0.9675	
434	1	5.86	5.86	0.9804	
435	1	6	6	1	
436	1	6.12	6.12	0.9856	
437	1	6.26	6.26	0.9324	
438	1	6.24	6.24	1.1224	
439	1	6.14	6.14	1.1004	
440	1	6.17	6.17	1.1211	
441	1	6.31	6.31	1.2339	
442	1	6.28	6.28	1.1616	
443	1	6.22	6.22	1.1316	
444	1	6.1	6.1	0.99	
445	1	6.11	6.11	0.9779	
446	1	6.05	6.05	0.9675	
447	1	5.98	5.98	0.9996	
448	1	5.92	5.92	0.9936	
449	1	6.02	6.02	0.9996	
450	1	6.04	6.04	0.9984	
451	1	6.14	6.14	0.9804	
452	1	6.3	6.3	0.99	
453	1	6.38	6.38	0.9756	
454	1	6.24	6.24	0.9424	
455	1	6.22	6.22	0.9516	
456	1	6.26	6.26	0.9324	
457	1	6.26	6.26	0.9324	
458	1	6.34	6.34	0.8844	
459	1	6.34	6.34	1.0044	
460	1	6.16	6.16	1.0944	
461	1	6.27	6.27	1.3371	
462	1	6.2	6.2	1.38	
463	1	6.14	6.14	1.3404	
464	1	6.28	6.28	1.4616	
465	1	6.19	6.19	1.4139	
466	1	6.1	6.1	1.35	
467	1	6.1	6.1	1.47	
468	1	6.01	6.01	1.3899	
469	1	6	6	1.3	
470	1	5.77	5.77	0.9371	
471	1	5.78	5.78	0.9516	
472	1	5.88	5.88	0.9856	
473	1	5.92	5.92	1.1136	
474	1	6.19	6.19	1.0539	
475	1	6.03	6.03	1.0291	
476	1	5.84	5.84	0.9744	
477	1	5.98	5.98	0.9596	
478	1	6.1	6.1	0.97	
479	1	6.24	6.24	0.9424	
480	1	6.28	6.28	0.9216	
481	1	6.18	6.18	0.9676	
482	1	6.18	6.18	0.9676	
483	1	6.1	6.1	0.99	
484	1	6.08	6.08	1.1136	
485	1	6.2	6.2	0.96	
486	1	6.24	6.24	0.9424	
487	1	6.2	6.2	0.96	
488	1	6.2	6.2	0.96	
489	1	6.32	6.32	0.8976	
490	1	6.34	6.34	0.8844	
491	1	6.35	6.35	0.8675	
492	1	6.39	6.39	0.7379	
493	1	6.35	6.35	0.7675	
494	1	6.46	6.46	0.6484	
495	1	6.56	6.56	0.5064	
496	1	6.59	6.59	0.6419	
497	1	6.58	6.58	0.6636	
498	1	6.68	6.68	0.5176	
499	1	6.72	6.72	0.4616	
500	1	6.74	6.74	0.4124	
501	1	6.84	6.84	0.2944	
502	1	6.92	6.92	0.1536	
503	1	7.08	7.08	0.0736	
504	1	7.06	7.06	0.0564	
505	1	7.11	7.11	0.0979	
506	1	7.09	7.09	0.0819	
507	1	7.05	7.05	0.0475	
508	1	7.03	7.03	0.0291	
509	1	7.08	7.08	0.0736	
510	1	7.12	7.12	0.1056	
511	1	7.12	7.12	0.1056	
512	1	7.24	7.24	0.1824	
513	1	7.25	7.25	0.2075	
514	1	7.26	7.26	0.2324	
515	1	7.25	7.25	0.1875	
516	1	7.19	7.19	0.1539	
517	1	7.26	7.26	0.1924	
518	1	7.28	7.28	0.2016	
519	1	7.25	7.25	0.1875	
520	1	7.28	7.28	0.2016	
521	1	7.29	7.29	0.2059	
522	1	7.32	7.32	0.2176	
523	1	7.29	7.29	0.2059	
524	1	7.25	7.25	0.1875	
525	1	7.25	7.25	0.1875	
526	1	7.34	7.34	0.2244	
527	1	7.27	7.27	0.1971	
528	1	7.34	7.34	0.2244	
529	1	7.38	7.38	0.2356	
530	1	7.49	7.49	0.2699	
531	1	7.36	7.36	0.2304	
532	1	7.44	7.44	0.2464	
533	1	7.46	7.46	0.2484	
534	1	7.38	7.38	0.2356	
535	1	7.33	7.33	0.2211	
536	1	7.42	7.42	0.3236	
537	1	7.47	7.47	0.2891	
538	1	7.47	7.47	0.4291	
539	1	7.5	7.5	0.47	
540	1	7.64	7.64	0.7504	
541	1	7.85	7.85	0.8475	
542	1	7.84	7.84	0.8344	
543	1	7.87	7.87	0.8731	
544	1	7.77	7.77	0.7171	
545	1	7.78	7.78	0.6916	
546	1	7.72	7.72	0.6616	
547	1	7.66	7.66	0.6244	
548	1	7.72	7.72	0.7016	
549	1	7.8	7.8	0.82	
550	1	7.85	7.85	0.8075	
551	1	7.81	7.81	0.8339	
552	1	7.77	7.77	1.0171	
553	1	7.74	7.74	0.9724	
554	1	7.78	7.78	1.0516	
555	1	7.79	7.79	1.1859	
556	1	7.65	7.65	0.9475	
557	1	7.5	7.5	0.61	
558	1	7.48	7.48	0.6296	
559	1	7.54	7.54	0.6684	
560	1	7.52	7.52	0.6896	
561	1	7.61	7.61	0.7579	
562	1	7.62	7.62	0.8556	
563	1	7.62	7.62	0.8556	
564	1	7.55	7.55	0.9475	
565	1	7.4	7.4	0.7	
566	1	7.52	7.52	0.7696	
567	1	7.52	7.52	0.7696	
568	1	7.6	7.6	0.84	
569	1	7.63	7.63	0.8531	
570	1	7.61	7.61	0.7979	
571	1	7.64	7.64	0.8704	
572	1	7.64	7.64	0.8704	
573	1	7.64	7.64	0.8704	
574	1	7.66	7.66	0.8844	
575	1	7.62	7.62	0.8556	
576	1	7.56	7.56	0.8064	
577	1	7.56	7.56	0.8064	
578	1	7.52	7.52	0.7696	
579	1	7.64	7.64	0.8504	
580	1	7.64	7.64	0.8704	
581	1	7.72	7.72	0.9216	
582	1	7.7	7.7	0.91	
583	1	7.71	7.71	0.9059	
584	1	7.99	7.99	0.9899	
585	1	8	8	0.9	
586	1	8.05	8.05	0.7875	
587	1	8.04	8.04	0.8584	
588	1	8.12	8.12	0.8056	
589	1	8.07	8.07	0.8651	
590	1	7.98	7.98	0.9196	
591	1	8.02	8.02	0.9796	
592	1	8	8	1	
593	1	8.1	8.1	1.05	
594	1	7.76	7.76	0.9424	
595	1	7.86	7.86	0.9804	
596	1	7.86	7.86	0.9404	
597	1	7.91	7.91	1.1219	
598	1	7.92	7.92	1.1936	
599	1	7.91	7.91	1.2419	
600	1	7.86	7.86	1.4004	
601	1	7.82	7.82	1.2676	
602	1	7.92	7.92	1.5136	
603	1	7.87	7.87	1.8731	
604	1	7.67	7.67	1.2611	
605	1	7.53	7.53	0.9291	
606	1	7.37	7.37	0.5931	
607	1	7.18	7.18	0.3276	
608	1	7.18	7.18	0.3276	
609	1	7.28	7.28	0.4816	
610	1	7.28	7.28	0.4816	
611	1	7.24	7.24	0.4224	
612	1	7.4	7.4	0.64	
613	1	7.26	7.26	0.4524	
614	1	7.34	7.34	0.5644	
615	1	7.36	7.36	0.5904	
616	1	7.42	7.42	0.6636	
617	1	7.45	7.45	0.6675	
618	1	7.63	7.63	0.7331	
619	1	7.45	7.45	0.5675	
620	1	7.38	7.38	0.4356	
621	1	7.43	7.43	0.4851	
622	1	7.55	7.55	0.5675	
623	1	7.59	7.59	0.6419	
624	1	7.73	7.73	0.7571	
625	1	7.94	7.94	0.7564	
626	1	8.04	8.04	0.8184	
627	1	8.14	8.14	0.7604	
628	1	8.03	8.03	0.8691	
629	1	8.05	8.05	0.8475	
630	1	7.83	7.83	0.8811	
631	1	7.64	7.64	0.8704	
632	1	7.76	7.76	0.9424	
633	1	7.7	7.7	0.91	
634	1	7.74	7.74	0.9324	
635	1	7.7	7.7	0.91	
636	1	7.84	7.84	0.9744	
637	1	7.92	7.92	0.9936	
638	1	7.96	7.96	0.9984	
639	1	7.92	7.92	0.9936	
640	1	7.95	7.95	0.9875	
641	1	8.04	8.04	0.9984	
642	1	8.22	8.22	1.0716	
643	1	8.33	8.33	1.1011	
644	1	8.34	8.34	1.1844	
645	1	8.39	8.39	1.2379	
646	1	8.38	8.38	1.2156	
647	1	8.41	8.41	1.3419	
648	1	8.58	8.58	1.2636	
649	1	8.6	8.6	1.12	
650	1	8.54	8.54	1.0684	
651	1	8.44	8.44	0.9264	
652	1	8.57	8.57	1.0651	
653	1	8.52	8.52	1.1096	
654	1	8.49	8.49	1.0899	
655	1	8.68	8.68	0.9776	
656	1	8.74	8.74	1.1324	
657	1	8.63	8.63	1.2131	
658	1	8.7	8.7	1.37	
659	1	8.7	8.7	1.65	
660	1	8.71	8.71	1.6059	
661	1	8.77	8.77	1.6971	
662	1	8.79	8.79	1.7259	
663	1	8.72	8.72	1.8816	
664	1	8.79	8.79	1.9259	
665	1	8.66	8.66	1.8244	
666	1	8.8	8.8	2.18	
667	1	9	9	2.62	
668	1	8.85	8.85	2.4875	
669	1	8.86	8.86	2.1004	
670	1	8.97	8.97	2.2891	
671	1	8.86	8.86	2.3004	
672	1	8.64	8.64	2.6104	
673	1	8.71	8.71	2.9259	
674	1	8.8	8.8	2.82	
675	1	8.77	8.77	2.7771	
676	1	8.7	8.7	2.77	
677	1	8.73	8.73	2.7571	
678	1	8.79	8.79	2.4859	
679	1	8.68	8.68	2.6976	
680	1	8.64	8.64	1.8904	
681	1	8.66	8.66	1.7244	
682	1	8.53	8.53	1.8291	
683	1	8.65	8.65	1.8075	
684	1	8.77	8.77	1.6371	
685	1	8.85	8.85	1.4875	
686	1	8.8	8.8	1.62	
687	1	8.85	8.85	1.4875	
688	1	8.63	8.63	1.5531	
689	1	8.53	8.53	1.5291	
690	1	8.66	8.66	1.4844	
691	1	8.78	8.78	1.4316	
692	1	8.75	8.75	1.4475	
693	1	8.68	8.68	1.4776	
694	1	8.86	8.86	1.4604	
695	1	8.82	8.82	1.5676	
696	1	8.79	8.79	1.4459	
697	1	8.94	8.94	1.2364	
698	1	8.97	8.97	1.1491	
699	1	8.9	8.9	1.29	
700	1	8.79	8.79	1.3259	
701	1	8.66	8.66	1.4444	
702	1	8.82	8.82	1.3276	
703	1	8.84	8.84	1.3944	
704	1	8.68	8.68	1.4376	
705	1	8.7	8.7	1.39	
706	1	8.72	8.72	1.3816	
707	1	8.78	8.78	1.1316	
708	1	8.78	8.78	1.2516	
709	1	8.87	8.87	1.1331	
710	1	8.86	8.86	1.1604	
711	1	8.63	8.63	1.3131	
712	1	8.61	8.61	1.4179	
713	1	8.67	8.67	1.3811	
714	1	8.68	8.68	1.2576	
715	1	8.51	8.51	1.3499	
716	1	8.43	8.43	1.3051	
717	1	8.24	8.24	1.3824	
718	1	8.33	8.33	1.3611	
719	1	8.3	8.3	1.27	
720	1	8.27	8.27	1.2171	
721	1	8.03	8.03	1.1891	
722	1	8.25	8.25	1.6675	
723	1	8.12	8.12	1.6256	
724	1	7.78	7.78	0.8116	
725	1	7.73	7.73	0.7571	
726	1	7.76	7.76	0.7024	
727	1	7.67	7.67	0.5611	
728	1	7.71	7.71	0.5459	
729	1	7.7	7.7	0.57	
730	1	7.78	7.78	0.5716	
731	1	7.78	7.78	0.5916	
732	1	7.78	7.78	0.5916	
733	1	7.77	7.77	0.5771	
734	1	7.83	7.83	0.5611	
735	1	7.8	7.8	0.58	
736	1	7.79	7.79	0.6059	
737	1	7.8	7.8	0.66	
738	1	7.9	7.9	0.69	
739	1	7.9	7.9	0.75	
740	1	7.91	7.91	0.8219	
741	1	7.91	7.91	0.9819	
742	1	7.91	7.91	0.9219	
743	1	7.9	7.9	0.91	
744	1	7.89	7.89	0.9379	
745	1	7.82	7.82	0.9676	
746	1	7.77	7.77	1.0371	
747	1	7.74	7.74	0.9324	
748	1	7.82	7.82	0.9676	
749	1	7.74	7.74	0.9324	
750	1	7.76	7.76	0.9424	
751	1	7.88	7.88	0.9056	
752	1	7.83	7.83	0.9011	
753	1	7.9	7.9	0.83	
754	1	8.05	8.05	0.9275	
755	1	8.04	8.04	0.9384	
756	1	8.08	8.08	0.8336	
757	1	8.04	8.04	0.7784	
758	1	8.1	8.1	0.71	
759	1	8.14	8.14	0.7204	
760	1	8.21	8.21	0.6459	
761	1	8.19	8.19	0.7139	
762	1	8.18	8.18	0.6876	
763	1	8.05	8.05	0.8275	
764	1	8.01	8.01	0.8699	
765	1	8.13	8.13	0.9131	
766	1	8.06	8.06	0.9964	
767	1	8.1	8.1	0.97	
768	1	8.06	8.06	0.9964	
769	1	8.18	8.18	0.9676	
770	1	8.28	8.28	0.8616	
771	1	8.42	8.42	0.9636	
772	1	8.43	8.43	1.1851	
773	1	8.41	8.41	1.3619	
774	1	8.32	8.32	1.1376	
775	1	8.42	8.42	1.1236	
776	1	8.48	8.48	1.4496	
777	1	8.41	8.41	1.9419	
778	1	8.27	8.27	1.8571	
779	1	8.29	8.29	1.9659	
780	1	8.28	8.28	2.1416	
781	1	8.27	8.27	1.9171	
782	1	8.37	8.37	2.0531	
783	1	8.47	8.47	2.0091	
784	1	8.39	8.39	1.9579	
785	1	8.49	8.49	1.8099	
786	1	8.5	8.5	1.71	
787	1	8.41	8.41	1.7019	
788	1	8.42	8.42	1.8436	
789	1	8.32	8.32	1.7576	
790	1	8.42	8.42	2.1636	
791	1	8.59	8.59	2.2219	
792	1	8.49	8.49	2.0299	
793	1	8.48	8.48	2.6096	
794	1	8.44	8.44	2.6864	
795	1	8.49	8.49	2.6299	
796	1	8.53	8.53	2.8091	
797	1	8.47	8.47	2.6691	
798	1	8.47	8.47	2.6891	
799	1	8.35	8.35	2.4875	
800	1	8.35	8.35	2.8275	
801	1	8.67	8.67	3.2611	
802	1	8.85	8.85	3.2875	
803	1	8.9	8.9	3.21	
804	1	8.76	8.76	3.3424	
805	1	8.78	8.78	3.4116	
806	1	8.89	8.89	2.9979	
807	1	8.86	8.86	3.1404	
808	1	8.92	8.92	3.1536	
809	1	9.08	9.08	3.2136	
810	1	9.01	9.01	3.1299	
811	1	9.14	9.14	2.9004	
812	1	9.23	9.23	2.7171	
813	1	9.33	9.33	2.5411	
814	1	9.4	9.4	2.28	
815	1	9.55	9.55	2.1875	
816	1	9.5	9.5	2.29	
817	1	9.52	9.52	2.3896	
818	1	9.51	9.51	2.2099	
819	1	9.25	9.25	2.5275	
820	1	9.46	9.46	2.2284	
821	1	9.52	9.52	2.4696	
822	1	9.56	9.56	2.1264	
823	1	9.58	9.58	1.6236	
824	1	9.43	9.43	1.5651	
825	1	9.3	9.3	2.11	
826	1	9.22	9.22	1.8516	
827	1	9.16	9.16	1.6944	
828	1	9.23	9.23	1.1571	
829	1	9.12	9.12	1.1056	
830	1	9.06	9.06	0.9964	
831	1	9.08	9.08	0.9936	
832	1	9.24	9.24	0.9224	
833	1	9.16	9.16	0.9744	
834	1	9.24	9.24	1.0024	
835	1	9.28	9.28	0.9216	
836	1	9.33	9.33	0.8611	
837	1	9.32	9.32	0.8976	
838	1	9.22	9.22	0.9516	
839	1	9.34	9.34	0.8844	
840	1	9.3	9.3	0.97	
841	1	9.28	9.28	1.1016	
842	1	9.14	9.14	0.9804	
843	1	9.16	9.16	1.0344	
844	1	9.2	9.2	1.14	
845	1	9.23	9.23	1.2771	
846	1	8.97	8.97	1.0891	
847	1	9.19	9.19	1.2339	
848	1	9.26	9.26	1.2924	
849	1	9.23	9.23	1.4571	
850	1	9.33	9.33	1.4611	
851	1	9.17	9.17	1.2411	
852	1	9.1	9.1	1.11	
853	1	9.12	9.12	0.9856	
854	1	9.16	9.16	0.9744	
855	1	9.22	9.22	0.9516	
856	1	9.24	9.24	0.9424	
857	1	9.25	9.25	1.0275	
858	1	9.16	9.16	0.9744	
859	1	9.14	9.14	0.9804	
860	1	9.16	9.16	1.0944	
861	1	9.3	9.3	1.05	
862	1	9.29	9.29	1.2459	
863	1	9.24	9.24	1.2424	
864	1	9.38	9.38	1.2756	
865	1	9.48	9.48	1.3096	
866	1	9.51	9.51	1.2099	
867	1	9.42	9.42	1.3036	
868	1	9.34	9.34	1.2444	
869	1	9.39	9.39	1.1179	
870	1	9.38	9.38	1.0956	
871	1	9.62	9.62	1.8556	
872	1	9.38	9.38	1.8756	
873	1	9.28	9.28	1.9416	
874	1	9.08	9.08	1.3936	
875	1	8.85	8.85	0.9475	
876	1	8.8	8.8	0.96	
877	1	8.7	8.7	0.91	
878	1	8.74	8.74	0.9324	
879	1	8.72	8.72	0.9216	
880	1	8.77	8.77	1.0371	
881	1	8.73	8.73	0.9571	
882	1	8.75	8.75	0.9275	
883	1	8.64	8.64	0.8704	
884	1	8.72	8.72	0.9216	
885	1	8.67	8.67	0.8811	
886	1	8.73	8.73	0.8571	
887	1	8.74	8.74	0.8124	
888	1	8.64	8.64	0.7904	
889	1	8.85	8.85	0.8875	
890	1	8.77	8.77	0.8571	
891	1	8.92	8.92	0.7736	
892	1	8.89	8.89	0.8579	
893	1	8.85	8.85	0.9075	
894	1	8.87	8.87	0.8531	
895	1	8.83	8.83	0.8611	
896	1	8.78	8.78	0.7916	
897	1	8.83	8.83	0.8211	
898	1	8.93	8.93	0.8851	
899	1	8.82	8.82	0.9476	
900	1	8.77	8.77	0.8571	
901	1	8.72	8.72	0.8016	
902	1	8.78	8.78	0.7916	
903	1	8.75	8.75	0.7675	
904	1	8.84	8.84	0.8544	
905	1	9.12	9.12	0.9256	
906	1	9.3	9.3	0.85	
907	1	9.2	9.2	0.88	
908	1	9.18	9.18	0.9476	
909	1	9	9	0.96	
910	1	9.08	9.08	0.9936	
911	1	8.8	8.8	0.96	
912	1	8.92	8.92	0.9936	
913	1	8.98	8.98	0.9996	
914	1	9.02	9.02	0.9996	
915	1	9.1	9.1	0.99	
916	1	9.02	9.02	0.9996	
917	1	8.66	8.66	0.8844	
918	1	9.06	9.06	1.2164	
919	1	9.22	9.22	1.2516	
920	1	9.06	9.06	1.4164	
921	1	9.02	9.02	1.4796	
922	1	8.93	8.93	1.4451	
923	1	8.62	8.62	1.0356	
924	1	8.67	8.67	0.9811	
925	1	8.42	8.42	0.6636	
926	1	8.42	8.42	0.8436	
927	1	8.53	8.53	1.0491	
928	1	8.41	8.41	0.8619	
929	1	8.47	8.47	0.9291	
930	1	8.63	8.63	1.2531	
931	1	8.6	8.6	1.08	
932	1	8.72	8.72	1.4016	
933	1	8.7	8.7	1.39	
934	1	8.69	8.69	1.3539	
935	1	8.76	8.76	1.3624	
936	1	8.6	8.6	1.14	
937	1	8.53	8.53	1.0291	
938	1	8.68	8.68	1.1976	
939	1	8.65	8.65	0.9675	
940	1	8.86	8.86	0.9804	
941	1	8.9	8.9	0.99	
942	1	9.08	9.08	0.9936	
943	1	8.94	8.94	0.9964	
944	1	9.06	9.06	0.9964	
945	1	9.04	9.04	0.9984	
946	1	9.12	9.12	0.9856	
947	1	9.34	9.34	0.8844	
948	1	9.52	9.52	0.7296	
949	1	9.62	9.62	0.6156	
950	1	9.66	9.66	0.5644	
951	1	9.6	9.6	0.64	
952	1	9.54	9.54	0.7084	
953	1	9.58	9.58	0.6636	
954	1	9.74	9.74	0.4524	
955	1	9.7	9.7	0.57	
956	1	9.84	9.84	0.2944	
957	1	9.74	9.74	0.4524	
958	1	9.7	9.7	0.51	
959	1	9.77	9.77	0.4371	
960	1	9.67	9.67	0.5811	
961	1	9.65	9.65	0.6675	
962	1	9.81	9.81	0.6139	
963	1	9.87	9.87	0.3931	
964	1	9.69	9.69	0.6139	
965	1	9.75	9.75	0.6475	
966	1	9.68	9.68	0.8976	
967	1	9.76	9.76	0.9624	
968	1	9.81	9.81	1.0339	
969	1	9.78	9.78	0.9916	
970	1	9.78	9.78	0.9916	
971	1	9.9	9.9	1.03	
972	1	10.05	10.05	0.9275	
973	1	9.88	9.88	0.8256	
974	1	9.9	9.9	0.85	
975	1	10.1	10.1	0.93	
976	1	10.09	10.09	0.8619	
977	1	10.2	10.2	0.96	
978	1	10.05	10.05	0.8275	
979	1	9.84	9.84	0.7744	
980	1	9.76	9.76	0.6624	
981	1	9.71	9.71	0.6459	
982	1	9.72	9.72	0.6616	
983	1	9.7	9.7	0.63	
984	1	9.58	9.58	0.6636	
985	1	9.66	9.66	0.5644	
986	1	9.68	9.68	0.5376	
987	1	9.58	9.58	0.6636	
988	1	9.66	9.66	0.5644	
989	1	9.7	9.7	0.51	
990	1	9.58	9.58	0.6636	
991	1	9.5	9.5	0.75	
992	1	9.46	9.46	0.8884	
993	1	9.46	9.46	0.7884	
994	1	9.4	9.4	0.84	
995	1	9.52	9.52	0.7296	
996	1	9.58	9.58	0.6636	
997	1	9.5	9.5	0.75	
998	1	9.36	9.36	0.8704	
999	1	9.28	9.28	0.9216	
1000	1	9.4	9.4	0.84	
1001	1	9.32	9.32	0.8976	
1002	1	9.3	9.3	0.91	
1003	1	9.34	9.34	0.8844	
1004	1	9.36	9.36	0.8704	
1005	1	9.36	9.36	0.8704	
1006	1	9.48	9.48	0.7696	
1007	1	9.38	9.38	0.8556	
1008	1	9.32	9.32	0.8976	
1009	1	9.26	9.26	0.9324	
1010	1	9.28	9.28	0.9216	
1011	1	9.27	9.27	0.8371	
1012	1	9.43	9.43	0.7051	
1013	1	9.4	9.4	0.68	
1014	1	9.31	9.31	0.7739	
1015	1	9.31	9.31	0.7739	
1016	1	9.17	9.17	0.8211	
1017	1	9.23	9.23	0.9371	
1018	1	9.14	9.14	0.7804	
1019	1	9.13	9.13	0.8131	
1020	1	9.14	9.14	0.7004	
1021	1	9.14	9.14	0.6204	
1022	1	9.16	9.16	0.7344	
1023	1	9.07	9.07	0.7451	
1024	1	9.16	9.16	0.6944	
1025	1	9.24	9.24	0.4824	
1026	1	9.21	9.21	0.5259	
1027	1	9.14	9.14	0.5404	
1028	1	9.08	9.08	0.6136	
1029	1	9.04	9.04	0.5984	
1030	1	8.95	8.95	0.6475	
1031	1	8.69	8.69	0.5739	
1032	1	8.59	8.59	0.5019	
1033	1	8.8	8.8	0.6	
1034	1	9.04	9.04	0.5584	
1035	1	9.07	9.07	0.6251	
1036	1	9.08	9.08	0.5936	
1037	1	9.56	9.56	0.3264	
1038	1	9.47	9.47	0.4691	
1039	1	9.44	9.44	0.4864	
1040	1	9.49	9.49	0.3699	
1041	1	9.42	9.42	0.4236	
1042	1	9.27	9.27	0.5171	
1043	1	9.14	9.14	0.5604	
1044	1	9.12	9.12	0.5856	
1045	1	9.12	9.12	0.5056	
1046	1	9.24	9.24	0.4824	
1047	1	9.25	9.25	0.5675	
1048	1	9.27	9.27	0.3571	
1049	1	9.39	9.39	0.2779	
1050	1	9.45	9.45	0.2875	
1051	1	9.41	9.41	0.3619	
1052	1	9.5	9.5	0.35	
1053	1	9.49	9.49	0.2899	
1054	1	9.63	9.63	0.4731	
1055	1	9.72	9.72	0.4016	
1056	1	9.62	9.62	0.3956	
1057	1	9.52	9.52	0.4296	
1058	1	9.47	9.47	0.3291	
1059	1	9.4	9.4	0.24	
1060	1	9.4	9.4	0.24	
1061	1	9.34	9.34	0.2244	
1062	1	9.38	9.38	0.2356	
1063	1	9.35	9.35	0.2275	
1064	1	9.31	9.31	0.2139	
1065	1	9.23	9.23	0.1771	
1066	1	9.25	9.25	0.1875	
1067	1	9.42	9.42	0.2436	
1068	1	9.41	9.41	0.2819	
1069	1	9.42	9.42	0.4036	
1070	1	9.38	9.38	0.2956	
1071	1	9.51	9.51	0.4899	
1072	1	9.45	9.45	0.4475	
1073	1	9.57	9.57	0.6851	
1074	1	9.57	9.57	0.5051	
1075	1	9.6	9.6	0.56	
1076	1	9.56	9.56	0.4664	
1077	1	9.56	9.56	0.5064	
1078	1	9.53	9.53	0.5091	
1079	1	9.63	9.63	0.6131	
1080	1	9.63	9.63	0.6531	
1081	1	9.69	9.69	0.6539	
1082	1	9.64	9.64	0.5904	
1083	1	9.48	9.48	0.4296	
1084	1	9.52	9.52	0.4896	
1085	1	9.62	9.62	0.5156	
1086	1	9.63	9.63	0.5331	
1087	1	9.44	9.44	0.2464	
1088	1	9.48	9.48	0.4096	
1089	1	9.38	9.38	0.2956	
1090	1	9.32	9.32	0.2376	
1091	1	9.4	9.4	0.24	
1092	1	9.48	9.48	0.2496	
1093	1	9.37	9.37	0.2331	
1094	1	9.3	9.3	0.21	
1095	1	9.32	9.32	0.2176	
1096	1	9.39	9.39	0.2379	
1097	1	9.4	9.4	0.24	
1098	1	9.43	9.43	0.2451	
1099	1	9.46	9.46	0.2484	
1100	1	9.48	9.48	0.2496	
1101	1	9.55	9.55	0.2475	
1102	1	9.6	9.6	0.24	
1103	1	9.56	9.56	0.2464	
1104	1	9.56	9.56	0.2464	
1105	1	9.63	9.63	0.2331	
1106	1	9.72	9.72	0.2016	
1107	1	9.72	9.72	0.2016	
1108	1	9.73	9.73	0.1971	
1109	1	9.74	9.74	0.1924	
1110	1	9.76	9.76	0.1824	
1111	1	9.75	9.75	0.1875	
1112	1	9.79	9.79	0.1659	
1113	1	9.89	9.89	0.0979	
1114	1	9.95	9.95	0.0475	
1115	1	9.96	9.96	0.0384	
1116	1	9.88	9.88	0.1056	
1117	1	9.86	9.86	0.1404	
1118	1	9.94	9.94	0.1964	
1119	1	10.02	10.02	0.2996	
1120	1	9.96	9.96	0.2584	
1121	1	9.98	9.98	0.2796	
1122	1	10.06	10.06	0.3564	
1123	1	10.22	10.22	0.3316	
1124	1	10.17	10.17	0.4011	
1125	1	10.34	10.34	0.2244	
1126	1	10.3	10.3	0.27	
1127	1	10.22	10.22	0.1716	
1128	1	10.27	10.27	0.1971	
1129	1	10.28	10.28	0.2016	
1130	1	10.36	10.36	0.2304	
1131	1	10.36	10.36	0.2304	
1132	1	10.24	10.24	0.1824	
1133	1	10.3	10.3	0.21	
1134	1	10.27	10.27	0.1971	
1135	1	10.23	10.23	0.1771	
1136	1	10.29	10.29	0.2059	
1137	1	10.21	10.21	0.1659	
1138	1	10.18	10.18	0.1476	
1139	1	10.24	10.24	0.1824	
1140	1	10.35	10.35	0.2275	
1141	1	10.5	10.5	0.33	
1142	1	10.5	10.5	0.31	
1143	1	10.34	10.34	0.2244	
1144	1	10.47	10.47	0.3291	
1145	1	10.59	10.59	0.7219	
1146	1	10.42	10.42	0.2436	
1147	1	10.34	10.34	0.2244	
1148	1	10.33	10.33	0.2211	
1149	1	10.38	10.38	0.2356	
1150	1	10.5	10.5	0.35	
1151	1	10.42	10.42	0.3036	
1152	1	10.42	10.42	0.2836	
1153	1	10.41	10.41	0.2419	
1154	1	10.42	10.42	0.2436	
1155	1	10.46	10.46	0.2484	
1156	1	10.48	10.48	0.2496	
1157	1	10.47	10.47	0.2491	
1158	1	10.45	10.45	0.2475	
1159	1	10.48	10.48	0.2496	
1160	1	10.57	10.57	0.2451	
1161	1	10.65	10.65	0.2875	
1162	1	10.63	10.63	0.3331	
1163	1	10.8	10.8	0.24	
1164	1	10.87	10.87	0.1331	
1165	1	10.81	10.81	0.1539	
1166	1	10.82	10.82	0.1476	
1167	1	10.91	10.91	0.0819	
1168	1	10.91	10.91	0.0819	
1169	1	10.85	10.85	0.1275	
1170	1	10.76	10.76	0.1824	
1171	1	10.76	10.76	0.1824	
1172	1	10.75	10.75	0.2275	
1173	1	10.72	10.72	0.2016	
1174	1	10.58	10.58	0.2436	
1175	1	10.55	10.55	0.2475	
1176	1	10.52	10.52	0.2496	
1177	1	10.54	10.54	0.2484	
1178	1	10.44	10.44	0.2464	
1179	1	10.45	10.45	0.2475	
1180	1	10.47	10.47	0.2491	
1181	1	10.51	10.51	0.2499	
1182	1	10.64	10.64	0.2304	
1183	1	10.68	10.68	0.2976	
1184	1	10.6	10.6	0.24	
1185	1	10.62	10.62	0.3156	
1186	1	10.52	10.52	0.2496	
1187	1	10.52	10.52	0.2496	
1188	1	10.44	10.44	0.2464	
1189	1	10.44	10.44	0.3064	
1190	1	10.53	10.53	0.4091	
1191	1	10.46	10.46	0.3284	
1192	1	10.53	10.53	0.3891	
1193	1	10.54	10.54	0.3884	
1194	1	10.29	10.29	0.2059	
1195	1	10.33	10.33	0.2211	
1196	1	10.42	10.42	0.2436	
1197	1	10.47	10.47	0.3691	
1198	1	10.42	10.42	0.2436	
1199	1	10.44	10.44	0.2464	
1200	1	10.43	10.43	0.2651	
1201	1	10.39	10.39	0.2379	
1202	1	10.4	10.4	0.24	
1203	1	10.38	10.38	0.2356	
1204	1	10.36	10.36	0.2304	
1205	1	10.49	10.49	0.2499	
1206	1	10.59	10.59	0.2419	
1207	1	10.6	10.6	0.24	
1208	1	10.58	10.58	0.2436	
1209	1	10.56	10.56	0.2864	
1210	1	10.6	10.6	0.36	
1211	1	10.47	10.47	0.2491	
1212	1	10.45	10.45	0.2475	
1213	1	10.42	10.42	0.2436	
1214	1	10.47	10.47	0.2491	
1215	1	10.48	10.48	0.2496	
1216	1	10.54	10.54	0.2484	
1217	1	10.56	10.56	0.2464	
1218	1	10.55	10.55	0.2475	
1219	1	10.57	10.57	0.2451	
1220	1	10.57	10.57	0.2451	
1221	1	10.54	10.54	0.2484	
1222	1	10.59	10.59	0.3219	
1223	1	10.53	10.53	0.2491	
1224	1	10.5	10.5	0.25	
1225	1	10.52	10.52	0.2496	
1226	1	10.48	10.48	0.2496	
1227	1	10.48	10.48	0.2496	
1228	1	10.48	10.48	0.2496	
1229	1	10.52	10.52	0.2496	
1230	1	10.52	10.52	0.2496	
1231	1	10.52	10.52	0.3496	
1232	1	10.62	10.62	0.4756	
1233	1	10.7	10.7	0.67	
1234	1	10.64	10.64	0.5704	
1235	1	10.64	10.64	0.5704	
1236	1	10.59	10.59	0.4819	
1237	1	10.67	10.67	0.5611	
1238	1	10.76	10.76	0.7224	
1239	1	10.8	10.8	0.74	
1240	1	10.7	10.7	0.69	
1241	1	10.7	10.7	0.69	
1242	1	10.67	10.67	0.7211	
1243	1	10.71	10.71	0.7059	
1244	1	10.59	10.59	0.6419	
1245	1	10.57	10.57	0.6851	
1246	1	10.55	10.55	0.7475	
1247	1	10.68	10.68	0.8376	
1248	1	10.83	10.83	0.8611	
1249	1	10.8	10.8	0.84	
1250	1	11.02	11.02	0.7396	
1251	1	11.08	11.08	0.7736	
1252	1	11.04	11.04	0.8584	
1253	1	11.06	11.06	0.8764	
1254	1	10.99	10.99	0.8699	
1255	1	10.9	10.9	0.87	
1256	1	11.04	11.04	0.8984	
1257	1	10.92	10.92	0.8936	
1258	1	10.95	10.95	0.9875	
1259	1	10.98	10.98	0.9996	
1260	1	10.92	10.92	0.9936	
1261	1	10.74	10.74	0.9324	
1262	1	10.6	10.6	0.84	
1263	1	10.64	10.64	0.8704	
1264	1	10.62	10.62	0.8556	
1265	1	10.65	10.65	0.8475	
1266	1	10.48	10.48	0.7296	
1267	1	10.32	10.32	0.5376	
1268	1	10.28	10.28	0.4816	
1269	1	10.42	10.42	0.6636	
1270	1	10.48	10.48	0.7296	
1271	1	10.64	10.64	0.8704	
1272	1	10.72	10.72	0.9216	
1273	1	10.72	10.72	0.9216	
1274	1	10.8	10.8	0.96	
1275	1	10.94	10.94	1.0564	
1276	1	11.06	11.06	0.9564	
1277	1	11.14	11.14	0.8604	
1278	1	11.12	11.12	0.8056	
1279	1	11.08	11.08	0.8136	
1280	1	11.2	11.2	0.76	
1281	1	11.14	11.14	0.8604	
1282	1	11.04	11.04	0.9384	
1283	1	11.1	11.1	0.91	
1284	1	11.14	11.14	0.8604	
1285	1	11.23	11.23	0.9171	
1286	1	11.29	11.29	0.7859	
1287	1	11.31	11.31	0.8139	
1288	1	11.11	11.11	0.9579	
1289	1	11.11	11.11	0.9779	
1290	1	11.06	11.06	0.9964	
1291	1	11.1	11.1	0.99	
1292	1	11.11	11.11	1.0779	
1293	1	11.11	11.11	1.2579	
1294	1	11.15	11.15	1.4875	
1295	1	10.98	10.98	1.5396	
1296	1	11.09	11.09	1.5619	
1297	1	10.97	10.97	1.5691	
1298	1	10.87	10.87	1.2531	
1299	1	10.82	10.82	1.0876	
1300	1	10.97	10.97	1.2691	
1301	1	11.11	11.11	1.3779	
1302	1	11.29	11.29	1.8059	
1303	1	11.29	11.29	1.7459	
1304	1	11.36	11.36	1.9304	
1305	1	11.35	11.35	1.9275	
1306	1	11.46	11.46	2.3484	
1307	1	11.47	11.47	2.3091	
1308	1	11.12	11.12	1.3856	
1309	1	11.14	11.14	0.9804	
1310	1	11.18	11.18	0.9676	
1311	1	11.2	11.2	0.96	
1312	1	11.12	11.12	0.9856	
1313	1	11.26	11.26	0.9324	
1314	1	11.22	11.22	0.9516	
1315	1	11.26	11.26	0.9324	
1316	1	11.26	11.26	0.9324	
1317	1	11.34	11.34	0.8844	
1318	1	11.32	11.32	0.8976	
1319	1	11.34	11.34	0.8844	
1320	1	11.3	11.3	0.91	
1321	1	11.38	11.38	0.9156	
1322	1	11.3	11.3	1.03	
1323	1	11.33	11.33	1.1011	
1324	1	11.34	11.34	0.8844	
1325	1	11.52	11.52	0.7296	
1326	1	11.6	11.6	0.64	
1327	1	11.48	11.48	0.7696	
1328	1	11.4	11.4	0.84	
1329	1	11.32	11.32	0.8976	
1330	1	11.24	11.24	0.9424	
1331	1	11.26	11.26	0.9324	
1332	1	11.34	11.34	0.8844	
1333	1	11.36	11.36	0.8704	
1334	1	11.32	11.32	0.8976	
1335	1	11.28	11.28	0.9216	
1336	1	11.32	11.32	0.8976	
1337	1	11.34	11.34	0.8844	
1338	1	11.46	11.46	0.7884	
1339	1	11.42	11.42	0.8236	
1340	1	11.4	11.4	0.84	
1341	1	11.2	11.2	0.96	
1342	1	11.26	11.26	0.9324	
1343	1	11.26	11.26	0.9324	
1344	1	11.32	11.32	0.8976	
1345	1	11.34	11.34	0.8844	
1346	1	11.46	11.46	0.9084	
1347	1	11.44	11.44	0.8064	
1348	1	11.5	11.5	0.75	
1349	1	11.48	11.48	0.9496	
1350	1	11.47	11.47	1.1091	
1351	1	11.64	11.64	1.2704	
1352	1	11.62	11.62	1.4556	
1353	1	11.76	11.76	1.2024	
1354	1	11.73	11.73	1.2771	
1355	1	11.71	11.71	1.3659	
1356	1	11.74	11.74	1.4524	
1357	1	11.71	11.71	1.6659	
1358	1	11.86	11.86	1.5804	
1359	1	11.84	11.84	1.5544	
1360	1	11.71	11.71	1.7259	
1361	1	11.57	11.57	1.9651	
1362	1	11.55	11.55	1.8675	
1363	1	11.53	11.53	2.0091	
1364	1	11.62	11.62	2.1756	
1365	1	11.54	11.54	2.0884	
1366	1	11.57	11.57	1.8451	
1367	1	11.55	11.55	1.8475	
1368	1	11.45	11.45	1.5675	
1369	1	11.56	11.56	1.5864	
1370	1	11.78	11.78	1.5316	
1371	1	11.69	11.69	1.6339	
1372	1	11.84	11.84	1.5744	
1373	1	11.76	11.76	1.8024	
1374	1	11.86	11.86	1.6804	
1375	1	11.76	11.76	1.7624	
1376	1	11.67	11.67	1.7011	
1377	1	11.64	11.64	1.6304	
1378	1	11.65	11.65	1.4875	
1379	1	11.7	11.7	1.61	
1380	1	11.83	11.83	1.4011	
1381	1	11.97	11.97	1.1491	
1382	1	11.92	11.92	1.2936	
1383	1	12.01	12.01	1.1099	
1384	1	12.03	12.03	1.0291	
1385	1	12.05	12.05	0.9475	
1386	1	12.31	12.31	0.8939	
1387	1	12.31	12.31	0.6139	
1388	1	12.28	12.28	0.6016	
1389	1	12.27	12.27	0.5371	
1390	1	12.35	12.35	0.6475	
1391	1	12.27	12.27	0.5771	
1392	1	12.38	12.38	0.6156	
1393	1	12.29	12.29	0.6659	
1394	1	12.41	12.41	0.6619	
1395	1	12.41	12.41	0.7819	
1396	1	12.35	12.35	0.8475	
1397	1	12.38	12.38	0.9756	
1398	1	12.44	12.44	0.9864	
1399	1	12.46	12.46	1.0284	
1400	1	12.44	12.44	1.2264	
1401	1	12.22	12.22	1.0716	
1402	1	12.28	12.28	1.0416	
1403	1	12.26	12.26	0.9324	
1404	1	12.24	12.24	0.9424	
1405	1	12.33	12.33	0.8611	
1406	1	12.41	12.41	0.7819	
1407	1	12.65	12.65	0.7275	
1408	1	12.73	12.73	0.7171	
1409	1	12.72	12.72	0.7216	
1410	1	12.59	12.59	0.7819	
1411	1	12.55	12.55	0.7275	
1412	1	12.56	12.56	0.3864	
1413	1	12.55	12.55	0.5475	
1414	1	12.6	12.6	0.6	
1415	1	12.67	12.67	0.7611	
1416	1	12.59	12.59	0.7819	
1417	1	12.57	12.57	0.9451	
1418	1	12.48	12.48	1.0896	
1419	1	12.42	12.42	1.2436	
1420	1	12.33	12.33	1.1811	
1421	1	12.49	12.49	1.4499	
1422	1	12.38	12.38	1.0556	
1423	1	12.41	12.41	1.1219	
1424	1	12.48	12.48	1.0696	
1425	1	12.24	12.24	1.0424	
1426	1	12.31	12.31	1.1939	
1427	1	12.37	12.37	1.2331	
1428	1	12.29	12.29	1.3659	
1429	1	12.06	12.06	1.1964	
1430	1	12.25	12.25	1.2675	
1431	1	12.24	12.24	1.1224	
1432	1	12.21	12.21	1.0059	
1433	1	12.38	12.38	0.8556	
1434	1	12.38	12.38	0.7356	
1435	1	12.41	12.41	0.7619	
1436	1	12.39	12.39	0.8779	
1437	1	12.38	12.38	1.0156	
1438	1	12.37	12.37	1.0331	
1439	1	12.23	12.23	1.1371	
1440	1	12.45	12.45	1.2875	
1441	1	12.57	12.57	1.5051	
1442	1	12.63	12.63	1.4531	
1443	1	12.71	12.71	1.4859	
1444	1	12.79	12.79	1.4259	
1445	1	12.81	12.81	1.5139	
1446	1	12.91	12.91	1.2819	
1447	1	12.88	12.88	1.4256	
1448	1	13	13	1.26	
1449	1	13.03	13.03	1.1091	
1450	1	13.01	13.01	1.1499	
1451	1	12.95	12.95	1.5075	
1452	1	13.06	13.06	1.2564	
1453	1	12.98	12.98	1.2996	
1454	1	12.81	12.81	1.5139	
1455	1	13.03	13.03	1.4691	
1456	1	12.98	12.98	1.8196	
1457	1	13.04	13.04	2.0784	
1458	1	13.25	13.25	1.8075	
1459	1	13.39	13.39	1.7779	
1460	1	13.43	13.43	1.3851	
1461	1	13.36	13.36	1.5904	
1462	1	13.25	13.25	1.6875	
1463	1	13.13	13.13	1.8531	
1464	1	13.04	13.04	1.9584	
1465	1	13.07	13.07	2.1651	
1466	1	13.19	13.19	2.1339	
1467	1	13.14	13.14	1.8204	
1468	1	13.13	13.13	1.9131	
1469	1	13.17	13.17	2.0811	
1470	1	13.07	13.07	2.2851	
1471	1	13.16	13.16	2.2944	
1472	1	13.1	13.1	2.43	
1473	1	13.02	13.02	2.0796	
1474	1	13.09	13.09	1.9819	
1475	1	13.08	13.08	1.8336	
1476	1	13.04	13.04	1.4784	
1477	1	13.32	13.32	1.1376	
1478	1	13.61	13.61	1.0779	
1479	1	13.66	13.66	1.1044	
1480	1	13.67	13.67	1.1811	
1481	1	13.73	13.73	1.1571	
1482	1	13.69	13.69	1.2739	
1483	1	13.85	13.85	1.2675	
1484	1	13.81	13.81	1.5739	
1485	1	13.95	13.95	1.3875	
1486	1	13.98	13.98	1.3596	
1487	1	14.14	14.14	1.2004	
1488	1	14.17	14.17	1.5411	
1489	1	14.1	14.1	1.49	
1490	1	14.03	14.03	1.2891	
1491	1	14.02	14.02	1.1596	
1492	1	14.05	14.05	1.2475	
1493	1	14.14	14.14	0.9804	
1494	1	14.19	14.19	0.9339	
1495	1	14.17	14.17	1.0011	
1496	1	13.97	13.97	0.8291	
1497	1	14.1	14.1	0.67	
1498	1	14.03	14.03	0.7091	
1499	1	14.15	14.15	0.5275	
1500	1	14.08	14.08	0.5336	
1501	1	14.02	14.02	0.5796	
1502	1	14.1	14.1	0.61	
1503	1	14.12	14.12	0.6856	
1504	1	14.07	14.07	0.6851	
1505	1	14.08	14.08	0.6536	
1506	1	14.09	14.09	0.6419	
1507	1	14.22	14.22	0.5516	
1508	1	14.2	14.2	0.44	
1509	1	14.14	14.14	0.5404	
1510	1	14.07	14.07	0.5651	
1511	1	14.03	14.03	0.5291	
1512	1	14.02	14.02	0.5396	
1513	1	14.02	14.02	0.5196	
1514	1	13.91	13.91	0.5819	
1515	1	13.95	13.95	0.5675	
1516	1	14.11	14.11	0.6779	
1517	1	14.23	14.23	0.6971	
1518	1	14.22	14.22	0.7516	
1519	1	14.16	14.16	0.7544	
1520	1	14.19	14.19	0.7339	
1521	1	14.28	14.28	0.8416	
1522	1	14.41	14.41	0.7819	
1523	1	14.55	14.55	0.6475	
1524	1	14.58	14.58	0.6036	
1525	1	14.58	14.58	0.5836	
1526	1	14.52	14.52	0.7296	
1527	1	14.43	14.43	0.8451	
1528	1	14.42	14.42	0.8236	
1529	1	14.4	14.4	0.84	
1530	1	14.48	14.48	0.7696	
1531	1	14.38	14.38	0.8556	
1532	1	14.36	14.36	0.8704	
1533	1	14.38	14.38	0.8556	
1534	1	14.3	14.3	0.91	
1535	1	14.23	14.23	0.9371	
1536	1	14.26	14.26	1.0924	
1537	1	14.25	14.25	1.1075	
1538	1	14.36	14.36	1.1904	
1539	1	14.41	14.41	1.2819	
1540	1	14.45	14.45	1.4275	
1541	1	14.03	14.03	1.0891	
1542	1	13.98	13.98	0.9996	
1543	1	14.02	14.02	0.9996	
1544	1	13.96	13.96	0.9984	
1545	1	13.92	13.92	0.9936	
1546	1	14.02	14.02	0.9996	
1547	1	13.96	13.96	0.9984	
1548	1	14.1	14.1	0.99	
1549	1	14.23	14.23	1.0371	
1550	1	14.3	14.3	1.27	
1551	1	14.29	14.29	1.4259	
1552	1	14.24	14.24	1.4824	
1553	1	14.15	14.15	1.6675	
1554	1	14.34	14.34	1.5244	
1555	1	14.17	14.17	1.4011	
1556	1	14.12	14.12	1.4656	
1557	1	14.11	14.11	1.1979	
1558	1	13.98	13.98	1.1396	
1559	1	14.03	14.03	1.0291	
1560	1	13.96	13.96	1.0984	
1561	1	14.07	14.07	0.8651	
1562	1	14.14	14.14	0.7804	
1563	1	14.15	14.15	0.7875	
1564	1	14.19	14.19	0.7339	
1565	1	14.22	14.22	0.7516	
1566	1	14.3	14.3	0.73	
1567	1	14.13	14.13	0.8931	
1568	1	14.17	14.17	0.8411	
1569	1	14.13	14.13	0.9331	
1570	1	14.12	14.12	0.9256	
1571	1	14.05	14.05	0.9675	
1572	1	14.08	14.08	0.9536	
1573	1	14.02	14.02	0.9996	
1574	1	14.1	14.1	0.99	
1575	1	14.23	14.23	0.8971	
1576	1	14.28	14.28	1.0216	
1577	1	14.26	14.26	1.1324	
1578	1	14.25	14.25	1.0875	
1579	1	14.36	14.36	1.1104	
1580	1	14.28	14.28	0.9816	
1581	1	14.26	14.26	0.9324	
1582	1	14.4	14.4	0.84	
1583	1	14.51	14.51	0.9499	
1584	1	14.49	14.49	1.0299	
1585	1	14.43	14.43	0.9851	
1586	1	14.4	14.4	1.02	
1587	1	14.37	14.37	0.9531	
1588	1	14.34	14.34	0.8844	
1589	1	14.26	14.26	0.9324	
1590	1	14.3	14.3	1.03	
1591	1	14.26	14.26	0.9324	
1592	1	14.26	14.26	0.9324	
1593	1	14.24	14.24	0.9424	
1594	1	14.24	14.24	0.9424	
1595	1	14.25	14.25	0.9275	
1596	1	14.16	14.16	0.9344	
1597	1	14.1	14.1	0.99	
1598	1	14.16	14.16	0.9744	
1599	1	14.17	14.17	0.9411	
1600	1	14.21	14.21	1.0459	
1601	1	14.31	14.31	0.8139	
1602	1	14.31	14.31	0.8539	
1603	1	14.22	14.22	0.9716	
1604	1	14.16	14.16	0.9944	
1605	1	14.34	14.34	0.9244	
1606	1	14.53	14.53	0.7291	
1607	1	14.5	14.5	0.75	
1608	1	14.45	14.45	0.6275	
1609	1	14.51	14.51	0.5899	
1610	1	14.46	14.46	0.6684	
1611	1	14.42	14.42	0.7236	
1612	1	14.36	14.36	0.8704	
1613	1	14.34	14.34	0.8844	
1614	1	14.5	14.5	0.75	
1615	1	14.48	14.48	0.9696	
1616	1	14.43	14.43	0.8051	
1617	1	14.48	14.48	0.9496	
1618	1	14.48	14.48	0.8896	
1619	1	14.52	14.52	0.9696	
1620	1	14.39	14.39	1.2379	
1621	1	14.29	14.29	1.2459	
1622	1	14.32	14.32	1.4376	
1623	1	14.31	14.31	1.5939	
1624	1	14.52	14.52	1.6896	
1625	1	14.39	14.39	1.5379	
1626	1	14.51	14.51	1.5499	
1627	1	14.59	14.59	1.5819	
1628	1	14.58	14.58	1.4436	
1629	1	14.58	14.58	1.4436	
1630	1	14.76	14.76	1.4424	
1631	1	14.97	14.97	1.4891	
1632	1	14.91	14.91	1.4019	
1633	1	14.77	14.77	1.4571	
1634	1	14.87	14.87	1.3531	
1635	1	14.76	14.76	1.3224	
1636	1	14.82	14.82	1.2876	
1637	1	14.94	14.94	1.2564	
1638	1	14.96	14.96	1.1584	
1639	1	15.02	15.02	1.3996	
1640	1	15.22	15.22	1.3916	
1641	1	15.48	15.48	1.2696	
1642	1	15.52	15.52	1.1696	
1643	1	15.38	15.38	1.2356	
1644	1	15.24	15.24	1.3224	
1645	1	14.95	14.95	1.2675	
1646	1	14.71	14.71	1.3659	
1647	1	14.94	14.94	1.3764	
1648	1	14.93	14.93	1.3651	
1649	1	14.9	14.9	1.39	
1650	1	15.05	15.05	1.2475	
1651	1	14.96	14.96	1.4584	
1652	1	14.91	14.91	1.4619	
1653	1	14.93	14.93	1.4251	
1654	1	14.93	14.93	1.3651	
1655	1	14.9	14.9	1.39	
1656	1	15.02	15.02	1.2796	
1657	1	15.03	15.03	1.2891	
1658	1	15	15	1.26	
1659	1	14.86	14.86	1.2804	
1660	1	14.79	14.79	1.2459	
1661	1	14.78	14.78	1.3916	
1662	1	14.87	14.87	1.5331	
1663	1	14.92	14.92	1.4136	
1664	1	14.96	14.96	1.4384	
1665	1	15.04	15.04	1.3784	
1666	1	14.98	14.98	1.5596	
1667	1	15.14	15.14	1.2204	
1668	1	15.31	15.31	1.4339	
1669	1	15.29	15.29	1.4859	
1670	1	15.14	15.14	1.4404	
1671	1	15.14	15.14	1.4804	
1672	1	15.07	15.07	1.4051	
1673	1	15.06	15.06	1.1564	
1674	1	15.18	15.18	1.0876	
1675	1	15.06	15.06	1.2764	
1676	1	15.03	15.03	1.3291	
1677	1	15.03	15.03	1.2891	
1678	1	15.11	15.11	1.0979	
1679	1	15.24	15.24	1.1624	
1680	1	15.52	15.52	1.5896	
1681	1	15.56	15.56	1.6664	
1682	1	15.19	15.19	0.9939	
1683	1	15.4	15.4	1.4	
1684	1	15.37	15.37	1.2731	
1685	1	15.68	15.68	1.7976	
1686	1	15.65	15.65	1.7075	
1687	1	15.55	15.55	1.2875	
1688	1	15.43	15.43	1.1851	
1689	1	15.28	15.28	0.8016	
1690	1	15.26	15.26	0.8724	
1691	1	15.35	15.35	0.8675	
1692	1	15.19	15.19	0.9139	
1693	1	15.28	15.28	0.9616	
1694	1	15.13	15.13	0.7731	
1695	1	15.12	15.12	0.9256	
1696	1	15.25	15.25	0.7475	
1697	1	15.34	15.34	0.9044	
1698	1	15.24	15.24	1.2424	
1699	1	15.34	15.34	1.2444	
1700	1	15.38	15.38	1.4356	
1701	1	15.38	15.38	1.1756	
1702	1	15.52	15.52	0.9096	
1703	1	15.5	15.5	0.79	
1704	1	15.52	15.52	0.7096	
1705	1	15.51	15.51	0.6699	
1706	1	15.46	15.46	0.5684	
1707	1	15.55	15.55	0.6675	
1708	1	15.58	15.58	0.7436	
1709	1	15.47	15.47	0.5691	
1710	1	15.5	15.5	0.61	
1711	1	15.53	15.53	0.6891	
1712	1	15.31	15.31	0.4339	
1713	1	15.34	15.34	0.5644	
1714	1	15.4	15.4	0.64	
1715	1	15.42	15.42	0.6636	
1716	1	15.34	15.34	0.5644	
1717	1	15.28	15.28	0.4816	
1718	1	15.38	15.38	0.6156	
1719	1	15.24	15.24	0.4224	
1720	1	15.26	15.26	0.5724	
1721	1	15.03	15.03	0.0891	
1722	1	15	15	0	
1723	1	15.01	15.01	0.0099	
1724	1	15	15	0	
1725	1	15	15	0	
1726	1	15	15	0	
1727	1	15	15	0	
1728	1	15.03	15.03	0.0291	
1729	1	15.01	15.01	0.0099	
1730	1	15.01	15.01	0.0099	
1731	1	15.01	15.01	0.0099	
1732	1	15.01	15.01	0.0099	
1733	1	15.01	15.01	0.0099	
1734	1	15.01	15.01	0.0099	
1735	1	15.01	15.01	0.0099	
1736	1	15.01	15.01	0.0099	
1737	1	15.01	15.01	0.0099	
1738	1	15.01	15.01	0.0099	
1739	1	15.02	15.02	0.0196	
1740	1	15.01	15.01	0.0099	
1741	1	15.01	15.01	0.0099	
1742	1	15.01	15.01	0.0099	
1743	1	15.01	15.01	0.0099	
1744	1	15.01	15.01	0.0099	
1745	1	15.01	15.01	0.0099	
1746	1	15.03	15.03	0.0291	
1747	1	15.02	15.02	0.0196	
1748	1	15.02	15.02	0.0196	
1749	1	15.01	15.01	0.0099	
1750	1	15.01	15.01	0.0099	
1751	1	15.01	15.01	0.0099	
1752	1	15.01	15.01	0.0099	
1753	1	15.01	15.01	0.0099	
1754	1	15.09	15.09	0.0819	
1755	1	15.12	15.12	0.1056	
1756	1	15.07	15.07	0.0651	
1757	1	15.05	15.05	0.0475	
1758	1	15.09	15.09	0.0819	
1759	1	15.15	15.15	0.1275	
1760	1	15.07	15.07	0.0651	
1761	1	15.01	15.01	0.0099	
1762	1	15.02	15.02	0.0196	
1763	1	15.01	15.01	0.0099	
1764	1	15.01	15.01	0.0099	
1765	1	15.04	15.04	0.0384	
1766	1	15.01	15.01	0.0099	
1767	1	15.01	15.01	0.0099	
1768	1	15.01	15.01	0.0099	
1769	1	15.01	15.01	0.0099	
1770	1	15.02	15.02	0.0196	
1771	1	15.1	15.1	0.09	
1772	1	15.2	15.2	0.16	
1773	1	15.16	15.16	0.1344	
1774	1	15.18	15.18	0.1476	
1775	1	15.11	15.11	0.0979	
1776	1	15.1	15.1	0.09	
1777	1	15.12	15.12	0.1056	
1778	1	15.12	15.12	0.1056	
1779	1	15.12	15.12	0.1056	
1780	1	15.07	15.07	0.0651	
1781	1	15.15	15.15	0.1275	
1782	1	15.16	15.16	0.1344	
1783	1	15.26	15.26	0.1924	
1784	1	15.28	15.28	0.2016	
1785	1	15.23	15.23	0.1771	
1786	1	15.15	15.15	0.1275	
1787	1	15.16	15.16	0.1344	
1788	1	15.12	15.12	0.1056	
1789	1	15.2	15.2	0.16	
1790	1	15.21	15.21	0.1659	
1791	1	15.3	15.3	0.21	
1792	1	15.34	15.34	0.2244	
1793	1	15.34	15.34	0.2244	
1794	1	15.21	15.21	0.1659	
1795	1	15.16	15.16	0.1344	
1796	1	15.17	15.17	0.1411	
1797	1	15.23	15.23	0.1771	
1798	1	15.33	15.33	0.2211	
1799	1	15.27	15.27	0.1971	
1800	1	15.25	15.25	0.1875	
1801	1	15.25	15.25	0.1875	
1802	1	15.17	15.17	0.1411	
1803	1	15.29	15.29	0.2059	
1804	1	15.3	15.3	0.21	
1805	1	15.36	15.36	0.2304	
1806	1	15.51	15.51	0.2499	
1807	1	15.39	15.39	0.2379	
1808	1	15.46	15.46	0.2484	
1809	1	15.49	15.49	0.2499	
1810	1	15.53	15.53	0.3091	
1811	1	15.48	15.48	0.2496	
1812	1	15.65	15.65	0.2875	
1813	1	15.68	15.68	0.3376	
1814	1	15.98	15.98	0.2796	
1815	1	15.9	15.9	0.29	
1816	1	15.92	15.92	0.1736	
1817	1	15.73	15.73	0.1971	
1818	1	15.71	15.71	0.2259	
1819	1	15.72	15.72	0.2016	
1820	1	15.68	15.68	0.2176	
1821	1	15.71	15.71	0.2059	
1822	1	15.83	15.83	0.3411	
1823	1	15.8	15.8	0.42	
1824	1	15.81	15.81	0.5139	
1825	1	15.75	15.75	0.5275	
1826	1	15.93	15.93	0.6451	
1827	1	15.92	15.92	0.7936	
1828	1	16.05	16.05	0.8275	
1829	1	15.94	15.94	0.7564	
1830	1	15.93	15.93	1.0251	
1831	1	16.01	16.01	1.3899	
1832	1	16.07	16.07	1.5051	
1833	1	15.93	15.93	1.1451	
1834	1	15.89	15.89	1.0779	
1835	1	15.71	15.71	0.5459	
1836	1	15.76	15.76	0.6024	
1837	1	15.6	15.6	0.44	
1838	1	15.54	15.54	0.2684	
1839	1	15.52	15.52	0.4496	
1840	1	15.45	15.45	0.2675	
1841	1	15.51	15.51	0.2499	
1842	1	15.53	15.53	0.2491	
1843	1	15.52	15.52	0.2496	
1844	1	15.6	15.6	0.24	
1845	1	15.52	15.52	0.2496	
1846	1	15.43	15.43	0.2451	
1847	1	15.46	15.46	0.2484	
1848	1	15.61	15.61	0.4779	
1849	1	15.6	15.6	0.34	
1850	1	15.69	15.69	0.4539	
1851	1	15.79	15.79	0.4859	
1852	1	15.79	15.79	0.4459	
1853	1	15.71	15.71	0.3459	
1854	1	15.66	15.66	0.4044	
1855	1	15.63	15.63	0.3331	
1856	1	15.68	15.68	0.3776	
1857	1	15.79	15.79	0.4859	
1858	1	15.91	15.91	0.5419	
1859	1	15.92	15.92	0.5736	
1860	1	15.94	15.94	0.4964	
1861	1	15.9	15.9	0.39	
1862	1	15.99	15.99	0.4899	
1863	1	15.9	15.9	0.53	
1864	1	15.89	15.89	0.4579	
1865	1	15.94	15.94	0.4364	
1866	1	15.99	15.99	0.3299	
1867	1	16.01	16.01	0.2699	
1868	1	16.06	16.06	0.2764	
1869	1	16.05	16.05	0.3075	
1870	1	16.16	16.16	0.3944	
1871	1	16.23	16.23	0.3971	
1872	1	16.21	16.21	0.3859	
1873	1	16.23	16.23	0.4171	
1874	1	16.19	16.19	0.4139	
1875	1	16.26	16.26	0.4524	
1876	1	16.09	16.09	0.4219	
1877	1	16.07	16.07	0.4651	
1878	1	16.07	16.07	0.6051	
1879	1	16.04	16.04	0.5784	
1880	1	16.11	16.11	0.5979	
1881	1	16.13	16.13	0.6331	
1882	1	16.12	16.12	0.7056	
1883	1	16.01	16.01	0.6699	
1884	1	16	16	0.66	
1885	1	16.01	16.01	0.8699	
1886	1	16.15	16.15	1.0075	
1887	1	16.21	16.21	1.1059	
1888	1	16.22	16.22	0.9516	
1889	1	16.16	16.16	0.9344	
1890	1	16.07	16.07	0.8051	
1891	1	16.24	16.24	0.8024	
1892	1	16.29	16.29	0.7059	
1893	1	16.3	16.3	0.89	
1894	1	16.31	16.31	0.8339	
1895	1	16.43	16.43	0.9451	
1896	1	16.54	16.54	1.0884	
1897	1	16.41	16.41	0.7419	
1898	1	16.4	16.4	0.64	
1899	1	16.42	16.42	0.9636	
1900	1	16.37	16.37	0.8931	
1901	1	16.32	16.32	0.7376	
1902	1	16.29	16.29	0.7459	
1903	1	16.36	16.36	0.5704	
1904	1	16.27	16.27	0.4571	
1905	1	16.16	16.16	0.4144	
1906	1	16.14	16.14	0.4204	
1907	1	16.09	16.09	0.3419	
1908	1	16.14	16.14	0.2604	
1909	1	16.16	16.16	0.2344	
1910	1	16.13	16.13	0.2931	
1911	1	16.11	16.11	0.2179	
1912	1	16.11	16.11	0.1779	
1913	1	16.19	16.19	0.1539	
1914	1	16.13	16.13	0.1131	
1915	1	16.13	16.13	0.1131	
1916	1	16.16	16.16	0.1344	
1917	1	16.22	16.22	0.1716	
1918	1	16.26	16.26	0.1924	
1919	1	16.24	16.24	0.1824	
1920	1	16.15	16.15	0.1275	
1921	1	16.21	16.21	0.1659	
1922	1	16.22	16.22	0.1716	
1923	1	16.34	16.34	0.2244	
1924	1	16.33	16.33	0.2211	
1925	1	16.37	16.37	0.2331	
1926	1	16.37	16.37	0.2331	
1927	1	16.57	16.57	0.2451	
1928	1	16.64	16.64	0.3104	
1929	1	16.54	16.54	0.2684	
1930	1	16.55	16.55	0.2875	
1931	1	16.64	16.64	0.2304	
1932	1	16.63	16.63	0.2331	
1933	1	16.55	16.55	0.2475	
1934	1	16.59	16.59	0.2419	
1935	1	16.57	16.57	0.2451	
1936	1	16.53	16.53	0.2491	
1937	1	16.54	16.54	0.2484	
1938	1	16.48	16.48	0.2496	
1939	1	16.41	16.41	0.2419	
1940	1	16.4	16.4	0.24	
1941	1	16.42	16.42	0.2436	
1942	1	16.46	16.46	0.2484	
1943	1	16.45	16.45	0.2475	
1944	1	16.51	16.51	0.2499	
1945	1	16.45	16.45	0.2475	
1946	1	16.45	16.45	0.2475	
1947	1	16.5	16.5	0.25	
1948	1	16.5	16.5	0.25	
1949	1	16.49	16.49	0.2499	
1950	1	16.54	16.54	0.2484	
1951	1	16.53	16.53	0.2491	
1952	1	16.53	16.53	0.2491	
1953	1	16.52	16.52	0.3096	
1954	1	16.48	16.48	0.2496	
1955	1	16.49	16.49	0.2499	
1956	1	16.51	16.51	0.2499	
1957	1	16.55	16.55	0.2475	
1958	1	16.47	16.47	0.2491	
1959	1	16.48	16.48	0.2496	
1960	1	16.54	16.54	0.2484	
1961	1	16.57	16.57	0.2451	
1962	1	16.6	16.6	0.24	
1963	1	16.65	16.65	0.2275	
1964	1	16.68	16.68	0.2176	
1965	1	16.67	16.67	0.2211	
1966	1	16.68	16.68	0.2176	
1967	1	16.68	16.68	0.2176	
1968	1	16.63	16.63	0.2331	
1969	1	16.67	16.67	0.2211	
1970	1	16.71	16.71	0.2059	
1971	1	16.73	16.73	0.1971	
1972	1	16.81	16.81	0.3539	
1973	1	16.95	16.95	0.5075	
1974	1	16.98	16.98	0.3996	
1975	1	17.16	17.16	0.4544	
1976	1	17.16	17.16	0.4744	
1977	1	17.2	17.2	0.42	
1978	1	17.27	17.27	0.3771	
1979	1	17.37	17.37	0.3731	
1980	1	17.33	17.33	0.3211	
1981	1	17.37	17.37	0.2331	
1982	1	17.38	17.38	0.2356	
1983	1	17.27	17.27	0.1971	
1984	1	17.28	17.28	0.2016	
1985	1	17.35	17.35	0.2275	
1986	1	17.46	17.46	0.2484	
1987	1	17.48	17.48	0.2496	
1988	1	17.49	17.49	0.2499	
1989	1	17.54	17.54	0.2684	
1990	1	17.5	17.5	0.25	
1991	1	17.61	17.61	0.3379	
1992	1	17.51	17.51	0.2499	
1993	1	17.6	17.6	0.34	
1994	1	17.56	17.56	0.2464	
1995	1	17.56	17.56	0.3064	
1996	1	17.6	17.6	0.44	
1997	1	17.62	17.62	0.5156	
1998	1	17.68	17.68	0.4776	
1999	1	17.69	17.69	0.5139	
2000	1	17.67	17.67	0.5411	
