# mu = 1e-05, s = 1, trials requested = 1, runtime = 0:00:30
# "Time"	"Actual trials"	"Mean mutation"	"Average mean mutation"	"Average mutation variance"
0	1	0	0	0	
1	1	1.01	1.01	0.0099	
2	1	1.01	1.01	0.0099	
3	1	1.01	1.01	0.0099	
4	1	1.01	1.01	0.0099	
5	1	1.01	1.01	0.0099	
6	1	1.99	1.99	0.0099	
7	1	1.99	1.99	0.0099	
8	1	2.01	2.01	0.0099	
9	1	2.01	2.01	0.0099	
10	1	2.01	2.01	0.0099	
11	1	2.99	2.99	0.0099	
12	1	4.01	4.01	0.0099	
13	1	4.01	4.01	0.0099	
14	1	4.99	4.99	0.0099	
15	1	5.01	5.01	0.0099	
16	1	5.99	5.99	0.0099	
17	1	5.99	5.99	0.0099	
18	1	6.16	6.16	0.1344	
19	1	7.99	7.99	0.0099	
20	1	7.99	7.99	0.0099	
21	1	8.01	8.01	0.0099	
22	1	8.01	8.01	0.0099	
23	1	8.87	8.87	0.1131	
24	1	9.01	9.01	0.0099	
25	1	9.01	9.01	0.0099	
26	1	9.99	9.99	0.0099	
27	1	10.01	10.01	0.0099	
28	1	10.01	10.01	0.0099	
29	1	10.01	10.01	0.0099	
30	1	10.01	10.01	0.0099	
31	1	11.99	11.99	0.0099	
32	1	13.01	13.01	0.0099	
33	1	13.01	13.01	0.0099	
34	1	13.01	13.01	0.0099	
35	1	13.01	13.01	0.0099	
36	1	13.01	13.01	0.0099	
37	1	14.69	14.69	0.2139	
38	1	15.99	15.99	0.0099	
39	1	15.99	15.99	0.0099	
40	1	15.99	15.99	0.0099	
41	1	15.99	15.99	0.0099	
42	1	17.01	17.01	0.0099	
43	1	17.01	17.01	0.0099	
44	1	17.01	17.01	0.0099	
45	1	17.01	17.01	0.0099	
46	1	18.99	18.99	0.0099	
47	1	18.99	18.99	0.0099	
48	1	19.99	19.99	0.0099	
49	1	19.99	19.99	0.0099	
50	1	20.01	20.01	0.0099	
51	1	20.01	20.01	0.0099	
52	1	20.01	20.01	0.0099	
53	1	20.01	20.01	0.0099	
54	1	20.99	20.99	0.0099	
55	1	21.99	21.99	0.0099	
56	1	22.99	22.99	0.0099	
57	1	22.99	22.99	0.0099	
58	1	24.01	24.01	0.0099	
59	1	24.01	24.01	0.0099	
60	1	24.01	24.01	0.0099	
61	1	24.01	24.01	0.0099	
62	1	24.01	24.01	0.0099	
63	1	25.99	25.99	0.0099	
64	1	26.01	26.01	0.0099	
65	1	26.01	26.01	0.0099	
66	1	26.01	26.01	0.0099	
67	1	26.01	26.01	0.0099	
68	1	26.01	26.01	0.0099	
69	1	26.99	26.99	0.0099	
70	1	27.99	27.99	0.0099	
71	1	28.01	28.01	0.0099	
72	1	28.01	28.01	0.0099	
73	1	28.01	28.01	0.0099	
74	1	28.01	28.01	0.0099	
75	1	28.01	28.01	0.0099	
76	1	28.01	28.01	0.0099	
77	1	28.01	28.01	0.0099	
78	1	29.01	29.01	0.0099	
79	1	29.01	29.01	0.0099	
80	1	29.01	29.01	0.0099	
81	1	30.01	30.01	0.0099	
82	1	30.01	30.01	0.0099	
83	1	30.01	30.01	0.0099	
84	1	30.99	30.99	0.0099	
85	1	31.01	31.01	0.0099	
86	1	31.01	31.01	0.0099	
87	1	31.01	31.01	0.0099	
88	1	31.99	31.99	0.0099	
89	1	32.01	32.01	0.0099	
90	1	32.01	32.01	0.0099	
91	1	34.01	34.01	0.0099	
92	1	34.99	34.99	0.0099	
93	1	34.99	34.99	0.0099	
94	1	35.99	35.99	0.0099	
95	1	36.99	36.99	0.0099	
96	1	37.79	37.79	0.8259	
97	1	39.01	39.01	0.0099	
98	1	40.99	40.99	0.0099	
99	1	40.99	40.99	0.0099	
100	1	42.29	42.29	0.2059	
101	1	43.01	43.01	0.0099	
102	1	43.01	43.01	0.0099	
103	1	43.01	43.01	0.0099	
104	1	44.99	44.99	0.0099	
105	1	46	46	0	
106	1	46.99	46.99	0.0099	
107	1	47.01	47.01	0.0099	
108	1	47.01	47.01	0.0099	
109	1	47.01	47.01	0.0099	
110	1	47.01	47.01	0.0099	
111	1	47.99	47.99	0.0099	
112	1	48.01	48.01	0.0099	
113	1	48.99	48.99	0.0099	
114	1	49.83	49.83	0.1411	
115	1	50.64	50.64	0.2304	
116	1	51.49	51.49	0.2499	
117	1	52.01	52.01	0.0099	
118	1	52.99	52.99	0.0099	
119	1	52.99	52.99	0.0099	
120	1	52.99	52.99	0.0099	
121	1	54.99	54.99	0.0099	
122	1	55.99	55.99	0.0099	
123	1	56.99	56.99	0.0099	
124	1	57.99	57.99	0.0099	
125	1	58.93	58.93	0.0651	
126	1	58.99	58.99	0.0099	
127	1	60.99	60.99	0.0099	
128	1	61.01	61.01	0.0099	
129	1	61.01	61.01	0.0099	
130	1	61.01	61.01	0.0099	
131	1	61.01	61.01	0.0099	
132	1	61.01	61.01	0.0099	
133	1	61.01	61.01	0.0099	
134	1	61.01	61.01	0.0099	
135	1	61.01	61.01	0.0099	
136	1	61.99	61.99	0.0099	
137	1	63.99	63.99	0.0099	
138	1	63.99	63.99	0.0099	
139	1	64.01	64.01	0.0099	
140	1	64.01	64.01	0.0099	
141	1	64.01	64.01	0.0099	
142	1	64.01	64.01	0.0099	
143	1	64.99	64.99	0.0099	
144	1	65.99	65.99	0.0099	
145	1	66.99	66.99	0.0099	
146	1	66.99	66.99	0.0099	
147	1	67.01	67.01	0.0099	
148	1	67.99	67.99	0.0099	
149	1	68.01	68.01	0.0099	
150	1	68.99	68.99	0.0099	
151	1	68.99	68.99	0.0099	
152	1	69.99	69.99	0.0099	
153	1	69.99	69.99	0.0099	
154	1	70.99	70.99	0.0099	
155	1	71.01	71.01	0.0099	
156	1	71.01	71.01	0.0099	
157	1	71.01	71.01	0.0099	
158	1	71.01	71.01	0.0099	
159	1	71.99	71.99	0.0099	
160	1	72.01	72.01	0.0099	
161	1	72.01	72.01	0.0099	
162	1	72.01	72.01	0.0099	
163	1	72.01	72.01	0.0099	
164	1	73.57	73.57	0.2451	
165	1	75.01	75.01	0.0099	
166	1	75.01	75.01	0.0099	
167	1	75.33	75.33	0.2211	
168	1	76.99	76.99	0.0099	
169	1	76.99	76.99	0.0099	
170	1	77.01	77.01	0.0099	
171	1	78.99	78.99	0.0099	
172	1	79.99	79.99	0.0099	
173	1	80.85	80.85	0.1275	
174	1	80.99	80.99	0.0099	
175	1	80.99	80.99	0.0099	
176	1	80.99	80.99	0.0099	
177	1	81.99	81.99	0.0099	
178	1	81.99	81.99	0.0099	
179	1	81.99	81.99	0.0099	
180	1	83.01	83.01	0.0099	
181	1	83.01	83.01	0.0099	
182	1	84.79	84.79	0.3259	
183	1	86.93	86.93	0.0651	
184	1	87.99	87.99	0.0099	
185	1	89.98	89.98	0.0396	
186	1	90.01	90.01	0.0099	
187	1	91.01	91.01	0.0099	
188	1	91.01	91.01	0.0099	
189	1	91.99	91.99	0.0099	
190	1	93.99	93.99	0.0099	
191	1	95.67	95.67	0.2211	
192	1	95.99	95.99	0.0099	
193	1	97.01	97.01	0.0099	
194	1	97.01	97.01	0.0099	
195	1	97.01	97.01	0.0099	
196	1	97.99	97.99	0.0099	
197	1	98.01	98.01	0.0099	
198	1	99.99	99.99	0.0099	
199	1	100.01	100.01	0.0099	
200	1	100.01	100.01	0.0099	
201	1	100.01	100.01	0.0099	
202	1	100.01	100.01	0.0099	
203	1	100.01	100.01	0.0099	
204	1	101.01	101.01	0.0099	
205	1	101.99	101.99	0.0099	
206	1	101.99	101.99	0.0099	
207	1	102.01	102.01	0.0099	
208	1	102.01	102.01	0.0099	
209	1	102.01	102.01	0.0099	
210	1	103.99	103.99	0.0099	
211	1	103.99	103.99	0.0099	
212	1	105.99	105.99	0.0099	
213	1	106.99	106.99	0.0099	
214	1	107.99	107.99	0.0099	
215	1	108.99	108.99	0.0099	
216	1	109.99	109.99	0.0099	
217	1	110.99	110.99	0.0099	
218	1	111.01	111.01	0.0099	
219	1	111.01	111.01	0.0099	
220	1	111.99	111.99	0.0099	
221	1	112.99	112.99	0.0099	
222	1	112.99	112.99	0.0099	
223	1	112.99	112.99	0.0099	
224	1	113.01	113.01	0.0099	
225	1	113.01	113.01	0.0099	
226	1	113.01	113.01	0.0099	
227	1	113.99	113.99	0.0099	
228	1	113.99	113.99	0.0099	
229	1	113.99	113.99	0.0099	
230	1	114.01	114.01	0.0099	
231	1	115.39	115.39	0.2379	
232	1	116.98	116.98	0.0396	
233	1	116.98	116.98	0.0396	
234	1	117.01	117.01	0.0099	
235	1	117.38	117.38	0.2356	
236	1	118.99	118.99	0.0099	
237	1	118.99	118.99	0.0099	
238	1	118.99	118.99	0.0099	
239	1	118.99	118.99	0.0099	
240	1	118.99	118.99	0.0099	
241	1	120.01	120.01	0.0099	
242	1	120.01	120.01	0.0099	
243	1	120.01	120.01	0.0099	
244	1	120.01	120.01	0.0099	
245	1	120.01	120.01	0.0099	
246	1	120.99	120.99	0.0099	
247	1	121.01	121.01	0.0099	
248	1	122.01	122.01	0.0099	
249	1	122.01	122.01	0.0099	
250	1	123.01	123.01	0.0099	
251	1	123.01	123.01	0.0099	
252	1	123.99	123.99	0.0099	
253	1	124.01	124.01	0.0099	
254	1	125.01	125.01	0.0099	
255	1	125.71	125.71	0.2059	
256	1	125.99	125.99	0.0099	
257	1	126.99	126.99	0.0099	
258	1	127.01	127.01	0.0099	
259	1	127.01	127.01	0.0099	
260	1	127.01	127.01	0.0099	
261	1	127.01	127.01	0.0099	
262	1	127.01	127.01	0.0099	
263	1	127.01	127.01	0.0099	
264	1	127.01	127.01	0.0099	
265	1	127.99	127.99	0.0099	
266	1	128.99	128.99	0.0099	
267	1	128.99	128.99	0.0099	
268	1	129.99	129.99	0.0099	
269	1	129.99	129.99	0.0099	
270	1	130.01	130.01	0.0099	
271	1	130.01	130.01	0.0099	
272	1	130.01	130.01	0.0099	
273	1	130.99	130.99	0.0099	
274	1	131.69	131.69	0.2139	
275	1	131.99	131.99	0.0099	
276	1	132.01	132.01	0.0099	
277	1	132.62	132.62	0.2356	
278	1	133.99	133.99	0.0099	
279	1	136.98	136.98	0.0396	
280	1	136.98	136.98	0.0396	
281	1	136.98	136.98	0.0396	
282	1	136.98	136.98	0.0396	
283	1	136.98	136.98	0.0396	
284	1	136.98	136.98	0.0396	
285	1	136.98	136.98	0.0396	
286	1	138.99	138.99	0.0099	
287	1	140.99	140.99	0.0099	
288	1	141.99	141.99	0.0099	
289	1	142.99	142.99	0.0099	
290	1	142.99	142.99	0.0099	
291	1	142.99	142.99	0.0099	
292	1	143.99	143.99	0.0099	
293	1	144.99	144.99	0.0099	
294	1	145.99	145.99	0.0099	
295	1	145.99	145.99	0.0099	
296	1	146.01	146.01	0.0099	
297	1	147.99	147.99	0.0099	
298	1	148.99	148.99	0.0099	
299	1	149.01	149.01	0.0099	
300	1	149.01	149.01	0.0099	
301	1	149.01	149.01	0.0099	
302	1	149.01	149.01	0.0099	
303	1	149.01	149.01	0.0099	
304	1	150.38	150.38	0.2356	
305	1	150.99	150.99	0.0099	
306	1	150.99	150.99	0.0099	
307	1	151.01	151.01	0.0099	
308	1	152.99	152.99	0.0099	
309	1	153.99	153.99	0.0099	
310	1	153.99	153.99	0.0099	
311	1	154.01	154.01	0.0099	
312	1	154.01	154.01	0.0099	
313	1	154.99	154.99	0.0099	
314	1	155.9	155.9	0.09	
315	1	156.01	156.01	0.0099	
316	1	156.01	156.01	0.0099	
317	1	156.01	156.01	0.0099	
318	1	156.01	156.01	0.0099	
319	1	156.01	156.01	0.0099	
320	1	156.01	156.01	0.0099	
321	1	156.01	156.01	0.0099	
322	1	156.01	156.01	0.0099	
323	1	157.01	157.01	0.0099	
324	1	157.99	157.99	0.0099	
325	1	157.99	157.99	0.0099	
326	1	157.99	157.99	0.0099	
327	1	159.01	159.01	0.0099	
328	1	159.01	159.01	0.0099	
329	1	159.01	159.01	0.0099	
330	1	159.01	159.01	0.0099	
331	1	159.01	159.01	0.0099	
332	1	159.01	159.01	0.0099	
333	1	159.99	159.99	0.0099	
334	1	160.99	160.99	0.0099	
335	1	162.99	162.99	0.0099	
336	1	163.01	163.01	0.0099	
337	1	163.01	163.01	0.0099	
338	1	163.99	163.99	0.0099	
339	1	164.99	164.99	0.0099	
340	1	164.99	164.99	0.0099	
341	1	167.99	167.99	0.0099	
342	1	168.99	168.99	0.0099	
343	1	168.99	168.99	0.0099	
344	1	168.99	168.99	0.0099	
345	1	170.01	170.01	0.0099	
346	1	170.01	170.01	0.0099	
347	1	170.69	170.69	0.2139	
348	1	170.99	170.99	0.0099	
349	1	172.67	172.67	0.2211	
350	1	173.01	173.01	0.0099	
351	1	173.01	173.01	0.0099	
352	1	173.99	173.99	0.0099	
353	1	174.01	174.01	0.0099	
354	1	174.01	174.01	0.0099	
355	1	174.01	174.01	0.0099	
356	1	174.01	174.01	0.0099	
357	1	174.01	174.01	0.0099	
358	1	174.29	174.29	0.2059	
359	1	175.01	175.01	0.0099	
360	1	175.01	175.01	0.0099	
361	1	175.01	175.01	0.0099	
362	1	175.01	175.01	0.0099	
363	1	175.01	175.01	0.0099	
364	1	176.99	176.99	0.0099	
365	1	177.99	177.99	0.0099	
366	1	177.99	177.99	0.0099	
367	1	177.99	177.99	0.0099	
368	1	177.99	177.99	0.0099	
369	1	177.99	177.99	0.0099	
370	1	177.99	177.99	0.0099	
371	1	178.01	178.01	0.0099	
372	1	180.99	180.99	0.0099	
373	1	180.99	180.99	0.0099	
374	1	181.99	181.99	0.0099	
375	1	181.99	181.99	0.0099	
376	1	182.01	182.01	0.0099	
377	1	182.01	182.01	0.0099	
378	1	182.01	182.01	0.0099	
379	1	182.01	182.01	0.0099	
380	1	182.01	182.01	0.0099	
381	1	182.01	182.01	0.0099	
382	1	182.01	182.01	0.0099	
383	1	182.01	182.01	0.0099	
384	1	182.99	182.99	0.0099	
385	1	183.01	183.01	0.0099	
386	1	183.99	183.99	0.0099	
387	1	184.99	184.99	0.0099	
388	1	185.01	185.01	0.0099	
389	1	185.01	185.01	0.0099	
390	1	185.01	185.01	0.0099	
391	1	185.01	185.01	0.0099	
392	1	185.99	185.99	0.0099	
393	1	185.99	185.99	0.0099	
394	1	186.01	186.01	0.0099	
395	1	186.01	186.01	0.0099	
396	1	186.01	186.01	0.0099	
397	1	187.99	187.99	0.0099	
398	1	188.01	188.01	0.0099	
399	1	188.99	188.99	0.0099	
400	1	190.01	190.01	0.0099	
401	1	191.01	191.01	0.0099	
402	1	191.01	191.01	0.0099	
403	1	191.01	191.01	0.0099	
404	1	191.01	191.01	0.0099	
405	1	191.01	191.01	0.0099	
406	1	191.99	191.99	0.0099	
407	1	192.01	192.01	0.0099	
408	1	192.01	192.01	0.0099	
409	1	192.01	192.01	0.0099	
410	1	192.99	192.99	0.0099	
411	1	192.99	192.99	0.0099	
412	1	193.99	193.99	0.0099	
413	1	194.66	194.66	0.2244	
414	1	196.84	196.84	0.1344	
415	1	197.75	197.75	0.1875	
416	1	198.99	198.99	0.0099	
417	1	198.99	198.99	0.0099	
418	1	200	200	0	
419	1	200.01	200.01	0.0099	
420	1	200.01	200.01	0.0099	
421	1	200.01	200.01	0.0099	
422	1	200.01	200.01	0.0099	
423	1	200.99	200.99	0.0099	
424	1	201.01	201.01	0.0099	
425	1	201.99	201.99	0.0099	
426	1	202.01	202.01	0.0099	
427	1	203.99	203.99	0.0099	
428	1	203.99	203.99	0.0099	
429	1	205.11	205.11	0.0979	
430	1	205.99	205.99	0.0099	
431	1	206.99	206.99	0.0099	
432	1	206.99	206.99	0.0099	
433	1	206.99	206.99	0.0099	
434	1	206.99	206.99	0.0099	
435	1	206.99	206.99	0.0099	
436	1	207.99	207.99	0.0099	
437	1	209.99	209.99	0.0099	
438	1	210.99	210.99	0.0099	
439	1	212.21	212.21	0.1659	
440	1	215.01	215.01	0.0099	
441	1	215.01	215.01	0.0099	
442	1	215.01	215.01	0.0099	
443	1	215.01	215.01	0.0099	
444	1	215.01	215.01	0.0099	
445	1	215.01	215.01	0.0099	
446	1	215.01	215.01	0.0099	
447	1	215.69	215.69	0.2139	
448	1	216.99	216.99	0.0099	
449	1	217.99	217.99	0.0099	
450	1	217.99	217.99	0.0099	
451	1	217.99	217.99	0.0099	
452	1	217.99	217.99	0.0099	
453	1	218.01	218.01	0.0099	
454	1	218.01	218.01	0.0099	
455	1	218.01	218.01	0.0099	
456	1	218.01	218.01	0.0099	
457	1	218.01	218.01	0.0099	
458	1	218.01	218.01	0.0099	
459	1	218.35	218.35	0.2275	
460	1	220.99	220.99	0.0099	
461	1	222.01	222.01	0.0099	
462	1	222.01	222.01	0.0099	
463	1	224.17	224.17	0.1411	
464	1	226.99	226.99	0.0099	
465	1	226.99	226.99	0.0099	
466	1	226.99	226.99	0.0099	
467	1	226.99	226.99	0.0099	
468	1	227.99	227.99	0.0099	
469	1	228.99	228.99	0.0099	
470	1	228.99	228.99	0.0099	
471	1	229.01	229.01	0.0099	
472	1	229.01	229.01	0.0099	
473	1	229.54	229.54	0.2484	
474	1	229.99	229.99	0.0099	
475	1	229.99	229.99	0.0099	
476	1	229.99	229.99	0.0099	
477	1	230.01	230.01	0.0099	
478	1	230.99	230.99	0.0099	
479	1	230.99	230.99	0.0099	
480	1	230.99	230.99	0.0099	
481	1	231.01	231.01	0.0099	
482	1	232.99	232.99	0.0099	
483	1	232.99	232.99	0.0099	
484	1	232.99	232.99	0.0099	
485	1	233.01	233.01	0.0099	
486	1	233.01	233.01	0.0099	
487	1	234.99	234.99	0.0099	
488	1	235.99	235.99	0.0099	
489	1	237.99	237.99	0.0099	
490	1	237.99	237.99	0.0099	
491	1	238.99	238.99	0.0099	
492	1	239.01	239.01	0.0099	
493	1	240.01	240.01	0.0099	
494	1	240.99	240.99	0.0099	
495	1	240.99	240.99	0.0099	
496	1	242.42	242.42	0.2436	
497	1	243.01	243.01	0.0099	
498	1	243.01	243.01	0.0099	
499	1	243.01	243.01	0.0099	
500	1	243.01	243.01	0.0099	
501	1	243.99	243.99	0.0099	
502	1	244.01	244.01	0.0099	
503	1	245.99	245.99	0.0099	
504	1	246.99	246.99	0.0099	
505	1	247.99	247.99	0.0099	
506	1	247.99	247.99	0.0099	
507	1	247.99	247.99	0.0099	
508	1	247.99	247.99	0.0099	
509	1	249.99	249.99	0.0099	
510	1	251.99	251.99	0.0099	
511	1	252.01	252.01	0.0099	
512	1	252.01	252.01	0.0099	
513	1	252.01	252.01	0.0099	
514	1	252.01	252.01	0.0099	
515	1	252.01	252.01	0.0099	
516	1	252.01	252.01	0.0099	
517	1	252.01	252.01	0.0099	
518	1	252.01	252.01	0.0099	
519	1	252.01	252.01	0.0099	
520	1	252.01	252.01	0.0099	
521	1	252.01	252.01	0.0099	
522	1	252.01	252.01	0.0099	
523	1	253.06	253.06	0.0564	
524	1	253.99	253.99	0.0099	
525	1	254.99	254.99	0.0099	
526	1	256.99	256.99	0.0099	
527	1	257.01	257.01	0.0099	
528	1	257.01	257.01	0.0099	
529	1	257.01	257.01	0.0099	
530	1	257.01	257.01	0.0099	
531	1	257.01	257.01	0.0099	
532	1	257.99	257.99	0.0099	
533	1	257.99	257.99	0.0099	
534	1	257.99	257.99	0.0099	
535	1	259.01	259.01	0.0099	
536	1	259.01	259.01	0.0099	
537	1	259.01	259.01	0.0099	
538	1	259.01	259.01	0.0099	
539	1	259.01	259.01	0.0099	
540	1	259.01	259.01	0.0099	
541	1	259.01	259.01	0.0099	
542	1	259.01	259.01	0.0099	
543	1	259.01	259.01	0.0099	
544	1	259.62	259.62	0.2356	
545	1	260.01	260.01	0.0099	
546	1	260.01	260.01	0.0099	
547	1	260.01	260.01	0.0099	
548	1	260.87	260.87	0.1131	
549	1	260.99	260.99	0.0099	
550	1	262.01	262.01	0.0099	
551	1	262.01	262.01	0.0099	
552	1	263.01	263.01	0.0099	
553	1	263.01	263.01	0.0099	
554	1	264.01	264.01	0.0099	
555	1	264.01	264.01	0.0099	
556	1	264.01	264.01	0.0099	
557	1	264.99	264.99	0.0099	
558	1	264.99	264.99	0.0099	
559	1	265.99	265.99	0.0099	
560	1	268.79	268.79	0.1659	
561	1	269.01	269.01	0.0099	
562	1	269.01	269.01	0.0099	
563	1	269.01	269.01	0.0099	
564	1	269.01	269.01	0.0099	
565	1	269.01	269.01	0.0099	
566	1	269.99	269.99	0.0099	
567	1	269.99	269.99	0.0099	
568	1	270.01	270.01	0.0099	
569	1	270.99	270.99	0.0099	
570	1	271.99	271.99	0.0099	
571	1	273.99	273.99	0.0099	
572	1	274.01	274.01	0.0099	
573	1	274.01	274.01	0.0099	
574	1	274.01	274.01	0.0099	
575	1	274.01	274.01	0.0099	
576	1	274.01	274.01	0.0099	
577	1	274.01	274.01	0.0099	
578	1	274.99	274.99	0.0099	
579	1	275.99	275.99	0.0099	
580	1	276.01	276.01	0.0099	
581	1	276.99	276.99	0.0099	
582	1	276.99	276.99	0.0099	
583	1	277.01	277.01	0.0099	
584	1	278.01	278.01	0.0099	
585	1	279.01	279.01	0.0099	
586	1	279.99	279.99	0.0099	
587	1	280.01	280.01	0.0099	
588	1	280.01	280.01	0.0099	
589	1	280.99	280.99	0.0099	
590	1	283.99	283.99	0.0099	
591	1	284.99	284.99	0.0099	
592	1	285.01	285.01	0.0099	
593	1	286.99	286.99	0.0099	
594	1	286.99	286.99	0.0099	
595	1	287.01	287.01	0.0099	
596	1	287.01	287.01	0.0099	
597	1	287.01	287.01	0.0099	
598	1	287.01	287.01	0.0099	
599	1	287.01	287.01	0.0099	
600	1	287.01	287.01	0.0099	
601	1	287.01	287.01	0.0099	
602	1	287.99	287.99	0.0099	
603	1	288.99	288.99	0.0099	
604	1	288.99	288.99	0.0099	
605	1	288.99	288.99	0.0099	
606	1	288.99	288.99	0.0099	
607	1	288.99	288.99	0.0099	
608	1	288.99	288.99	0.0099	
609	1	290	290	0	
610	1	292.55	292.55	0.2475	
611	1	292.99	292.99	0.0099	
612	1	293.99	293.99	0.0099	
613	1	294.01	294.01	0.0099	
614	1	294.01	294.01	0.0099	
615	1	294.01	294.01	0.0099	
616	1	295.13	295.13	0.1131	
617	1	296.99	296.99	0.0099	
618	1	296.99	296.99	0.0099	
619	1	297.99	297.99	0.0099	
620	1	297.99	297.99	0.0099	
621	1	297.99	297.99	0.0099	
622	1	297.99	297.99	0.0099	
623	1	297.99	297.99	0.0099	
624	1	298.86	298.86	0.1204	
625	1	298.99	298.99	0.0099	
626	1	299.01	299.01	0.0099	
627	1	299.99	299.99	0.0099	
628	1	300.01	300.01	0.0099	
629	1	300.01	300.01	0.0099	
630	1	300.99	300.99	0.0099	
631	1	301.01	301.01	0.0099	
632	1	301.99	301.99	0.0099	
633	1	301.99	301.99	0.0099	
634	1	302.99	302.99	0.0099	
635	1	303.01	303.01	0.0099	
636	1	304.99	304.99	0.0099	
637	1	304.99	304.99	0.0099	
638	1	305.5	305.5	0.25	
639	1	307.99	307.99	0.0099	
640	1	309.01	309.01	0.0099	
641	1	309.01	309.01	0.0099	
642	1	309.99	309.99	0.0099	
643	1	310.99	310.99	0.0099	
644	1	310.99	310.99	0.0099	
645	1	311.99	311.99	0.0099	
646	1	311.99	311.99	0.0099	
647	1	311.99	311.99	0.0099	
648	1	312.01	312.01	0.0099	
649	1	312.01	312.01	0.0099	
650	1	312.01	312.01	0.0099	
651	1	312.01	312.01	0.0099	
652	1	312.01	312.01	0.0099	
653	1	312.01	312.01	0.0099	
654	1	312.01	312.01	0.0099	
655	1	312.01	312.01	0.0099	
656	1	312.99	312.99	0.0099	
657	1	313.68	313.68	0.2176	
658	1	313.99	313.99	0.0099	
659	1	315.99	315.99	0.0099	
660	1	315.99	315.99	0.0099	
661	1	315.99	315.99	0.0099	
662	1	316.01	316.01	0.0099	
663	1	316.01	316.01	0.0099	
664	1	316.01	316.01	0.0099	
665	1	316.01	316.01	0.0099	
666	1	316.01	316.01	0.0099	
667	1	316.01	316.01	0.0099	
668	1	316.01	316.01	0.0099	
669	1	317.99	317.99	0.0099	
670	1	317.99	317.99	0.0099	
671	1	318.99	318.99	0.0099	
672	1	319.99	319.99	0.0099	
673	1	319.99	319.99	0.0099	
674	1	320.99	320.99	0.0099	
675	1	320.99	320.99	0.0099	
676	1	321.01	321.01	0.0099	
677	1	321.01	321.01	0.0099	
678	1	321.99	321.99	0.0099	
679	1	322.01	322.01	0.0099	
680	1	322.99	322.99	0.0099	
681	1	324.01	324.01	0.0099	
682	1	324.08	324.08	0.0736	
683	1	325.01	325.01	0.0099	
684	1	325.01	325.01	0.0099	
685	1	325.01	325.01	0.0099	
686	1	325.01	325.01	0.0099	
687	1	326.01	326.01	0.0099	
688	1	326.01	326.01	0.0099	
689	1	327.01	327.01	0.0099	
690	1	327.01	327.01	0.0099	
691	1	327.01	327.01	0.0099	
692	1	328.01	328.01	0.0099	
693	1	328.01	328.01	0.0099	
694	1	328.01	328.01	0.0099	
695	1	328.99	328.99	0.0099	
696	1	329.01	329.01	0.0099	
697	1	329.99	329.99	0.0099	
698	1	330.01	330.01	0.0099	
699	1	330.99	330.99	0.0099	
700	1	331.01	331.01	0.0099	
701	1	331.01	331.01	0.0099	
702	1	331.01	331.01	0.0099	
703	1	331.01	331.01	0.0099	
704	1	331.01	331.01	0.0099	
705	1	331.01	331.01	0.0099	
706	1	332.01	332.01	0.0099	
707	1	332.99	332.99	0.0099	
708	1	333.01	333.01	0.0099	
709	1	333.01	333.01	0.0099	
710	1	333.01	333.01	0.0099	
711	1	333.01	333.01	0.0099	
712	1	334.99	334.99	0.0099	
713	1	334.99	334.99	0.0099	
714	1	336.99	336.99	0.0099	
715	1	338.99	338.99	0.0099	
716	1	340.01	340.01	0.0099	
717	1	340.01	340.01	0.0099	
718	1	340.99	340.99	0.0099	
719	1	340.99	340.99	0.0099	
720	1	342.99	342.99	0.0099	
721	1	342.99	342.99	0.0099	
722	1	343.01	343.01	0.0099	
723	1	343.01	343.01	0.0099	
724	1	343.99	343.99	0.0099	
725	1	343.99	343.99	0.0099	
726	1	343.99	343.99	0.0099	
727	1	343.99	343.99	0.0099	
728	1	344.01	344.01	0.0099	
729	1	344.99	344.99	0.0099	
730	1	345.87	345.87	0.1131	
731	1	347	347	0	
732	1	347.01	347.01	0.0099	
733	1	347.99	347.99	0.0099	
734	1	347.99	347.99	0.0099	
735	1	347.99	347.99	0.0099	
736	1	348.99	348.99	0.0099	
737	1	349.01	349.01	0.0099	
738	1	349.01	349.01	0.0099	
739	1	349.99	349.99	0.0099	
740	1	351.01	351.01	0.0099	
741	1	352.01	352.01	0.0099	
742	1	352.01	352.01	0.0099	
743	1	352.01	352.01	0.0099	
744	1	353.32	353.32	0.2176	
745	1	354.01	354.01	0.0099	
746	1	354.01	354.01	0.0099	
747	1	355.99	355.99	0.0099	
748	1	355.99	355.99	0.0099	
749	1	356.99	356.99	0.0099	
750	1	356.99	356.99	0.0099	
751	1	357.01	357.01	0.0099	
752	1	357.99	357.99	0.0099	
753	1	357.99	357.99	0.0099	
754	1	357.99	357.99	0.0099	
755	1	358.01	358.01	0.0099	
756	1	358.01	358.01	0.0099	
757	1	358.99	358.99	0.0099	
758	1	359.01	359.01	0.0099	
759	1	359.01	359.01	0.0099	
760	1	359.01	359.01	0.0099	
761	1	359.01	359.01	0.0099	
762	1	359.75	359.75	0.1875	
763	1	359.99	359.99	0.0099	
764	1	360.01	360.01	0.0099	
765	1	362.99	362.99	0.0099	
766	1	363.99	363.99	0.0099	
767	1	363.99	363.99	0.0099	
768	1	365.01	365.01	0.0099	
769	1	366.01	366.01	0.0099	
770	1	366.68	366.68	0.2176	
771	1	367.01	367.01	0.0099	
772	1	367.01	367.01	0.0099	
773	1	367.01	367.01	0.0099	
774	1	367.01	367.01	0.0099	
775	1	369.15	369.15	0.1275	
776	1	369.99	369.99	0.0099	
777	1	369.99	369.99	0.0099	
778	1	370.01	370.01	0.0099	
779	1	370.99	370.99	0.0099	
780	1	370.99	370.99	0.0099	
781	1	371.01	371.01	0.0099	
782	1	371.01	371.01	0.0099	
783	1	372.43	372.43	0.2451	
784	1	373.01	373.01	0.0099	
785	1	373.99	373.99	0.0099	
786	1	374.01	374.01	0.0099	
787	1	374.01	374.01	0.0099	
788	1	374.01	374.01	0.0099	
789	1	374.01	374.01	0.0099	
790	1	374.01	374.01	0.0099	
791	1	374.01	374.01	0.0099	
792	1	374.99	374.99	0.0099	
793	1	375.01	375.01	0.0099	
794	1	375.01	375.01	0.0099	
795	1	376.01	376.01	0.0099	
796	1	376.99	376.99	0.0099	
797	1	376.99	376.99	0.0099	
798	1	377.01	377.01	0.0099	
799	1	377.99	377.99	0.0099	
800	1	379.01	379.01	0.0099	
801	1	379.01	379.01	0.0099	
802	1	379.01	379.01	0.0099	
803	1	379.01	379.01	0.0099	
804	1	379.01	379.01	0.0099	
805	1	379.01	379.01	0.0099	
806	1	379.01	379.01	0.0099	
807	1	379.01	379.01	0.0099	
808	1	379.01	379.01	0.0099	
809	1	379.99	379.99	0.0099	
810	1	380.99	380.99	0.0099	
811	1	381.99	381.99	0.0099	
812	1	382.99	382.99	0.0099	
813	1	382.99	382.99	0.0099	
814	1	382.99	382.99	0.0099	
815	1	383.88	383.88	0.1056	
816	1	384.01	384.01	0.0099	
817	1	385.99	385.99	0.0099	
818	1	385.99	385.99	0.0099	
819	1	385.99	385.99	0.0099	
820	1	387	387	0	
821	1	388.26	388.26	0.1924	
822	1	389.01	389.01	0.0099	
823	1	389.01	389.01	0.0099	
824	1	389.01	389.01	0.0099	
825	1	391	391	0	
826	1	391	391	0	
827	1	391	391	0	
828	1	391.01	391.01	0.0099	
829	1	391.99	391.99	0.0099	
830	1	391.99	391.99	0.0099	
831	1	392.01	392.01	0.0099	
832	1	392.01	392.01	0.0099	
833	1	392.01	392.01	0.0099	
834	1	392.99	392.99	0.0099	
835	1	392.99	392.99	0.0099	
836	1	393.01	393.01	0.0099	
837	1	393.01	393.01	0.0099	
838	1	394.01	394.01	0.0099	
839	1	394.01	394.01	0.0099	
840	1	396.99	396.99	0.0099	
841	1	397.99	397.99	0.0099	
842	1	398.01	398.01	0.0099	
843	1	398.99	398.99	0.0099	
844	1	399.01	399.01	0.0099	
845	1	399.01	399.01	0.0099	
846	1	399.99	399.99	0.0099	
847	1	399.99	399.99	0.0099	
848	1	401.01	401.01	0.0099	
849	1	401.01	401.01	0.0099	
850	1	401.01	401.01	0.0099	
851	1	401.01	401.01	0.0099	
852	1	401.99	401.99	0.0099	
853	1	401.99	401.99	0.0099	
854	1	401.99	401.99	0.0099	
855	1	402.01	402.01	0.0099	
856	1	402.01	402.01	0.0099	
857	1	402.99	402.99	0.0099	
858	1	402.99	402.99	0.0099	
859	1	402.99	402.99	0.0099	
860	1	402.99	402.99	0.0099	
861	1	402.99	402.99	0.0099	
862	1	402.99	402.99	0.0099	
863	1	402.99	402.99	0.0099	
864	1	403.99	403.99	0.0099	
865	1	404.99	404.99	0.0099	
866	1	405.38	405.38	0.2356	
867	1	406.99	406.99	0.0099	
868	1	407.01	407.01	0.0099	
869	1	407.01	407.01	0.0099	
870	1	407.01	407.01	0.0099	
871	1	407.01	407.01	0.0099	
872	1	407.01	407.01	0.0099	
873	1	407.99	407.99	0.0099	
874	1	408.96	408.96	0.0384	
875	1	408.99	408.99	0.0099	
876	1	409.99	409.99	0.0099	
877	1	410.01	410.01	0.0099	
878	1	411.01	411.01	0.0099	
879	1	411.99	411.99	0.0099	
880	1	412.99	412.99	0.0099	
881	1	412.99	412.99	0.0099	
882	1	413.01	413.01	0.0099	
883	1	413.01	413.01	0.0099	
884	1	413.99	413.99	0.0099	
885	1	413.99	413.99	0.0099	
886	1	416.99	416.99	0.0099	
887	1	417.01	417.01	0.0099	
888	1	417.01	417.01	0.0099	
889	1	417.99	417.99	0.0099	
890	1	418.01	418.01	0.0099	
891	1	418.01	418.01	0.0099	
892	1	418.01	418.01	0.0099	
893	1	420.65	420.65	0.2275	
894	1	420.99	420.99	0.0099	
895	1	421.99	421.99	0.0099	
896	1	422.99	422.99	0.0099	
897	1	423.01	423.01	0.0099	
898	1	423.01	423.01	0.0099	
899	1	423.99	423.99	0.0099	
900	1	424.01	424.01	0.0099	
901	1	424.01	424.01	0.0099	
902	1	424.01	424.01	0.0099	
903	1	424.01	424.01	0.0099	
904	1	424.01	424.01	0.0099	
905	1	424.98	424.98	0.0196	
906	1	424.99	424.99	0.0099	
907	1	427.99	427.99	0.0099	
908	1	428.01	428.01	0.0099	
909	1	428.99	428.99	0.0099	
910	1	429.01	429.01	0.0099	
911	1	429.99	429.99	0.0099	
912	1	430.01	430.01	0.0099	
913	1	430.99	430.99	0.0099	
914	1	430.99	430.99	0.0099	
915	1	430.99	430.99	0.0099	
916	1	430.99	430.99	0.0099	
917	1	431.99	431.99	0.0099	
918	1	433.99	433.99	0.0099	
919	1	433.99	433.99	0.0099	
920	1	434.99	434.99	0.0099	
921	1	434.99	434.99	0.0099	
922	1	434.99	434.99	0.0099	
923	1	436.99	436.99	0.0099	
924	1	437.99	437.99	0.0099	
925	1	438.01	438.01	0.0099	
926	1	438.99	438.99	0.0099	
927	1	439.01	439.01	0.0099	
928	1	439.01	439.01	0.0099	
929	1	439.01	439.01	0.0099	
930	1	439.01	439.01	0.0099	
931	1	439.99	439.99	0.0099	
932	1	440.62	440.62	0.2356	
933	1	441.01	441.01	0.0099	
934	1	441.33	441.33	0.2211	
935	1	441.99	441.99	0.0099	
936	1	441.99	441.99	0.0099	
937	1	441.99	441.99	0.0099	
938	1	441.99	441.99	0.0099	
939	1	442.01	442.01	0.0099	
940	1	442.01	442.01	0.0099	
941	1	442.01	442.01	0.0099	
942	1	442.01	442.01	0.0099	
943	1	442.01	442.01	0.0099	
944	1	442.01	442.01	0.0099	
945	1	442.01	442.01	0.0099	
946	1	442.01	442.01	0.0099	
947	1	442.01	442.01	0.0099	
948	1	442.99	442.99	0.0099	
949	1	442.99	442.99	0.0099	
950	1	442.99	442.99	0.0099	
951	1	444.01	444.01	0.0099	
952	1	444.99	444.99	0.0099	
953	1	444.99	444.99	0.0099	
954	1	445.99	445.99	0.0099	
955	1	446.01	446.01	0.0099	
956	1	446.99	446.99	0.0099	
957	1	446.99	446.99	0.0099	
958	1	446.99	446.99	0.0099	
959	1	447.01	447.01	0.0099	
960	1	447.99	447.99	0.0099	
961	1	448.01	448.01	0.0099	
962	1	448.01	448.01	0.0099	
963	1	448.99	448.99	0.0099	
964	1	448.99	448.99	0.0099	
965	1	448.99	448.99	0.0099	
966	1	448.99	448.99	0.0099	
967	1	448.99	448.99	0.0099	
968	1	450.01	450.01	0.0099	
969	1	451.01	451.01	0.0099	
970	1	451.99	451.99	0.0099	
971	1	453.01	453.01	0.0099	
972	1	453.01	453.01	0.0099	
973	1	453.99	453.99	0.0099	
974	1	455.99	455.99	0.0099	
975	1	456.99	456.99	0.0099	
976	1	457.7	457.7	0.21	
977	1	459.99	459.99	0.0099	
978	1	460.99	460.99	0.0099	
979	1	461.01	461.01	0.0099	
980	1	461.01	461.01	0.0099	
981	1	461.01	461.01	0.0099	
982	1	461.01	461.01	0.0099	
983	1	461.01	461.01	0.0099	
984	1	461.01	461.01	0.0099	
985	1	461.99	461.99	0.0099	
986	1	462.99	462.99	0.0099	
987	1	463.01	463.01	0.0099	
988	1	463.01	463.01	0.0099	
989	1	463.99	463.99	0.0099	
990	1	464.01	464.01	0.0099	
991	1	464.01	464.01	0.0099	
992	1	464.01	464.01	0.0099	
993	1	464.99	464.99	0.0099	
994	1	464.99	464.99	0.0099	
995	1	465.99	465.99	0.0099	
996	1	468.99	468.99	0.0099	
997	1	468.99	468.99	0.0099	
998	1	468.99	468.99	0.0099	
999	1	469.01	469.01	0.0099	
1000	1	469.01	469.01	0.0099	
1001	1	469.01	469.01	0.0099	
1002	1	469.01	469.01	0.0099	
1003	1	469.01	469.01	0.0099	
1004	1	469.01	469.01	0.0099	
1005	1	469.01	469.01	0.0099	
1006	1	469.33	469.33	0.2211	
1007	1	469.99	469.99	0.0099	
1008	1	470.99	470.99	0.0099	
1009	1	470.99	470.99	0.0099	
1010	1	470.99	470.99	0.0099	
1011	1	471.01	471.01	0.0099	
1012	1	471.99	471.99	0.0099	
1013	1	472.99	472.99	0.0099	
1014	1	473.01	473.01	0.0099	
1015	1	473.01	473.01	0.0099	
1016	1	474.59	474.59	0.2419	
1017	1	474.99	474.99	0.0099	
1018	1	474.99	474.99	0.0099	
1019	1	475.99	475.99	0.0099	
1020	1	476.99	476.99	0.0099	
1021	1	477.01	477.01	0.0099	
1022	1	477.99	477.99	0.0099	
1023	1	477.99	477.99	0.0099	
1024	1	478.01	478.01	0.0099	
1025	1	478.99	478.99	0.0099	
1026	1	479.99	479.99	0.0099	
1027	1	479.99	479.99	0.0099	
1028	1	479.99	479.99	0.0099	
1029	1	479.99	479.99	0.0099	
1030	1	480.01	480.01	0.0099	
1031	1	480.01	480.01	0.0099	
1032	1	480.01	480.01	0.0099	
1033	1	480.01	480.01	0.0099	
1034	1	480.01	480.01	0.0099	
1035	1	480.01	480.01	0.0099	
1036	1	480.99	480.99	0.0099	
1037	1	481.99	481.99	0.0099	
1038	1	482.01	482.01	0.0099	
1039	1	482.99	482.99	0.0099	
1040	1	483.01	483.01	0.0099	
1041	1	483.01	483.01	0.0099	
1042	1	483.98	483.98	0.0196	
1043	1	483.99	483.99	0.0099	
1044	1	483.99	483.99	0.0099	
1045	1	483.99	483.99	0.0099	
1046	1	486.34	486.34	0.2244	
1047	1	487.27	487.27	0.1971	
1048	1	489.99	489.99	0.0099	
1049	1	490.01	490.01	0.0099	
1050	1	490.01	490.01	0.0099	
1051	1	490.01	490.01	0.0099	
1052	1	490.01	490.01	0.0099	
1053	1	490.01	490.01	0.0099	
1054	1	491	491	0	
1055	1	493.16	493.16	0.1344	
1056	1	494.99	494.99	0.0099	
1057	1	495.99	495.99	0.0099	
1058	1	496.01	496.01	0.0099	
1059	1	497.01	497.01	0.0099	
1060	1	497.01	497.01	0.0099	
1061	1	497.99	497.99	0.0099	
1062	1	497.99	497.99	0.0099	
1063	1	497.99	497.99	0.0099	
1064	1	499.99	499.99	0.0099	
1065	1	500.99	500.99	0.0099	
1066	1	503.01	503.01	0.0099	
1067	1	503.01	503.01	0.0099	
1068	1	503.99	503.99	0.0099	
1069	1	504.01	504.01	0.0099	
1070	1	504.01	504.01	0.0099	
1071	1	504.01	504.01	0.0099	
1072	1	504.01	504.01	0.0099	
1073	1	504.01	504.01	0.0099	
1074	1	504.01	504.01	0.0099	
1075	1	506.01	506.01	0.0099	
1076	1	506.99	506.99	0.0099	
1077	1	506.99	506.99	0.0099	
1078	1	506.99	506.99	0.0099	
1079	1	508.99	508.99	0.0099	
1080	1	509.99	509.99	0.0099	
1081	1	510.99	510.99	0.0099	
1082	1	511.99	511.99	0.0099	
1083	1	512.01	512.01	0.0099	
1084	1	513.01	513.01	0.0099	
1085	1	513.01	513.01	0.0099	
1086	1	513.01	513.01	0.0099	
1087	1	513.01	513.01	0.0099	
1088	1	513.01	513.01	0.0099	
1089	1	513.01	513.01	0.0099	
1090	1	513.01	513.01	0.0099	
1091	1	513.01	513.01	0.0099	
1092	1	513.01	513.01	0.0099	
1093	1	513.99	513.99	0.0099	
1094	1	513.99	513.99	0.0099	
1095	1	513.99	513.99	0.0099	
1096	1	515.99	515.99	0.0099	
1097	1	516.01	516.01	0.0099	
1098	1	516.01	516.01	0.0099	
1099	1	516.01	516.01	0.0099	
1100	1	516.01	516.01	0.0099	
1101	1	516.01	516.01	0.0099	
1102	1	516.01	516.01	0.0099	
1103	1	516.01	516.01	0.0099	
1104	1	516.01	516.01	0.0099	
1105	1	516.01	516.01	0.0099	
1106	1	516.01	516.01	0.0099	
1107	1	516.99	516.99	0.0099	
1108	1	517.99	517.99	0.0099	
1109	1	518.01	518.01	0.0099	
1110	1	518.01	518.01	0.0099	
1111	1	518.01	518.01	0.0099	
1112	1	518.01	518.01	0.0099	
1113	1	518.01	518.01	0.0099	
1114	1	518.01	518.01	0.0099	
1115	1	518.99	518.99	0.0099	
1116	1	519.01	519.01	0.0099	
1117	1	519.01	519.01	0.0099	
1118	1	519.49	519.49	0.2499	
1119	1	519.99	519.99	0.0099	
1120	1	520.01	520.01	0.0099	
1121	1	520.01	520.01	0.0099	
1122	1	520.53	520.53	0.2491	
1123	1	521.01	521.01	0.0099	
1124	1	521.99	521.99	0.0099	
1125	1	521.99	521.99	0.0099	
1126	1	521.99	521.99	0.0099	
1127	1	521.99	521.99	0.0099	
1128	1	522.01	522.01	0.0099	
1129	1	522.01	522.01	0.0099	
1130	1	522.99	522.99	0.0099	
1131	1	522.99	522.99	0.0099	
1132	1	523.99	523.99	0.0099	
1133	1	524.99	524.99	0.0099	
1134	1	525.01	525.01	0.0099	
1135	1	525.01	525.01	0.0099	
1136	1	525.99	525.99	0.0099	
1137	1	526.01	526.01	0.0099	
1138	1	526.01	526.01	0.0099	
1139	1	526.01	526.01	0.0099	
1140	1	526.99	526.99	0.0099	
1141	1	526.99	526.99	0.0099	
1142	1	526.99	526.99	0.0099	
1143	1	527.01	527.01	0.0099	
1144	1	527.01	527.01	0.0099	
1145	1	527.01	527.01	0.0099	
1146	1	527.01	527.01	0.0099	
1147	1	528.01	528.01	0.0099	
1148	1	528.01	528.01	0.0099	
1149	1	530.01	530.01	0.0099	
1150	1	530.01	530.01	0.0099	
1151	1	530.99	530.99	0.0099	
1152	1	530.99	530.99	0.0099	
1153	1	530.99	530.99	0.0099	
1154	1	531.01	531.01	0.0099	
1155	1	531.99	531.99	0.0099	
1156	1	532.01	532.01	0.0099	
1157	1	532.01	532.01	0.0099	
1158	1	532.99	532.99	0.0099	
1159	1	532.99	532.99	0.0099	
1160	1	535.01	535.01	0.0099	
1161	1	535.01	535.01	0.0099	
1162	1	535.99	535.99	0.0099	
1163	1	535.99	535.99	0.0099	
1164	1	537.99	537.99	0.0099	
1165	1	538.99	538.99	0.0099	
1166	1	538.99	538.99	0.0099	
1167	1	539.01	539.01	0.0099	
1168	1	539.01	539.01	0.0099	
1169	1	539.99	539.99	0.0099	
1170	1	540.72	540.72	0.2016	
1171	1	541.99	541.99	0.0099	
1172	1	542.99	542.99	0.0099	
1173	1	542.99	542.99	0.0099	
1174	1	542.99	542.99	0.0099	
1175	1	543.99	543.99	0.0099	
1176	1	543.99	543.99	0.0099	
1177	1	544.99	544.99	0.0099	
1178	1	544.99	544.99	0.0099	
1179	1	546.7	546.7	0.21	
1180	1	547.01	547.01	0.0099	
1181	1	547.46	547.46	0.2484	
1182	1	548.01	548.01	0.0099	
1183	1	548.99	548.99	0.0099	
1184	1	549.99	549.99	0.0099	
1185	1	550.01	550.01	0.0099	
1186	1	550.01	550.01	0.0099	
1187	1	550.99	550.99	0.0099	
1188	1	551.01	551.01	0.0099	
1189	1	551.01	551.01	0.0099	
1190	1	551.01	551.01	0.0099	
1191	1	551.99	551.99	0.0099	
1192	1	551.99	551.99	0.0099	
1193	1	552.01	552.01	0.0099	
1194	1	552.01	552.01	0.0099	
1195	1	552.01	552.01	0.0099	
1196	1	553.01	553.01	0.0099	
1197	1	553.01	553.01	0.0099	
1198	1	553.99	553.99	0.0099	
1199	1	554.94	554.94	0.0564	
1200	1	555.99	555.99	0.0099	
1201	1	555.99	555.99	0.0099	
1202	1	556.99	556.99	0.0099	
1203	1	556.99	556.99	0.0099	
1204	1	558.01	558.01	0.0099	
1205	1	559.01	559.01	0.0099	
1206	1	559.99	559.99	0.0099	
1207	1	560.99	560.99	0.0099	
1208	1	560.99	560.99	0.0099	
1209	1	560.99	560.99	0.0099	
1210	1	560.99	560.99	0.0099	
1211	1	561.01	561.01	0.0099	
1212	1	561.01	561.01	0.0099	
1213	1	561.99	561.99	0.0099	
1214	1	561.99	561.99	0.0099	
1215	1	561.99	561.99	0.0099	
1216	1	562.99	562.99	0.0099	
1217	1	562.99	562.99	0.0099	
1218	1	563.01	563.01	0.0099	
1219	1	563.01	563.01	0.0099	
1220	1	563.01	563.01	0.0099	
1221	1	564.01	564.01	0.0099	
1222	1	564.01	564.01	0.0099	
1223	1	564.01	564.01	0.0099	
1224	1	564.01	564.01	0.0099	
1225	1	564.68	564.68	0.2176	
1226	1	565.99	565.99	0.0099	
1227	1	565.99	565.99	0.0099	
1228	1	565.99	565.99	0.0099	
1229	1	565.99	565.99	0.0099	
1230	1	566.01	566.01	0.0099	
1231	1	566.01	566.01	0.0099	
1232	1	566.01	566.01	0.0099	
1233	1	566.99	566.99	0.0099	
1234	1	567.01	567.01	0.0099	
1235	1	567.01	567.01	0.0099	
1236	1	568.01	568.01	0.0099	
1237	1	568.01	568.01	0.0099	
1238	1	568.99	568.99	0.0099	
1239	1	568.99	568.99	0.0099	
1240	1	569.99	569.99	0.0099	
1241	1	570.01	570.01	0.0099	
1242	1	570.01	570.01	0.0099	
1243	1	570.99	570.99	0.0099	
1244	1	570.99	570.99	0.0099	
1245	1	572.63	572.63	0.2331	
1246	1	572.99	572.99	0.0099	
1247	1	574.98	574.98	0.0396	
1248	1	575.01	575.01	0.0099	
1249	1	575.01	575.01	0.0099	
1250	1	576.01	576.01	0.0099	
1251	1	576.01	576.01	0.0099	
1252	1	576.99	576.99	0.0099	
1253	1	577.01	577.01	0.0099	
1254	1	577.01	577.01	0.0099	
1255	1	577.99	577.99	0.0099	
1256	1	578.01	578.01	0.0099	
1257	1	578.01	578.01	0.0099	
1258	1	578.87	578.87	0.1131	
1259	1	579.99	579.99	0.0099	
1260	1	579.99	579.99	0.0099	
1261	1	580.01	580.01	0.0099	
1262	1	581.99	581.99	0.0099	
1263	1	581.99	581.99	0.0099	
1264	1	582.01	582.01	0.0099	
1265	1	582.01	582.01	0.0099	
1266	1	583.01	583.01	0.0099	
1267	1	583.01	583.01	0.0099	
1268	1	583.01	583.01	0.0099	
1269	1	583.01	583.01	0.0099	
1270	1	583.83	583.83	0.1411	
1271	1	584.99	584.99	0.0099	
1272	1	585.01	585.01	0.0099	
1273	1	585.01	585.01	0.0099	
1274	1	585.01	585.01	0.0099	
1275	1	585.01	585.01	0.0099	
1276	1	585.53	585.53	0.2491	
1277	1	587.99	587.99	0.0099	
1278	1	587.99	587.99	0.0099	
1279	1	588.99	588.99	0.0099	
1280	1	589.01	589.01	0.0099	
1281	1	589.01	589.01	0.0099	
1282	1	589.99	589.99	0.0099	
1283	1	589.99	589.99	0.0099	
1284	1	590.99	590.99	0.0099	
1285	1	590.99	590.99	0.0099	
1286	1	591.01	591.01	0.0099	
1287	1	591.01	591.01	0.0099	
1288	1	592.01	592.01	0.0099	
1289	1	592.01	592.01	0.0099	
1290	1	592.01	592.01	0.0099	
1291	1	593.01	593.01	0.0099	
1292	1	593.01	593.01	0.0099	
1293	1	593.8	593.8	0.16	
1294	1	593.99	593.99	0.0099	
1295	1	593.99	593.99	0.0099	
1296	1	594.86	594.86	0.1204	
1297	1	595.01	595.01	0.0099	
1298	1	595.99	595.99	0.0099	
1299	1	595.99	595.99	0.0099	
1300	1	597.42	597.42	0.3436	
1301	1	598.01	598.01	0.0099	
1302	1	598.01	598.01	0.0099	
1303	1	598.99	598.99	0.0099	
1304	1	599.99	599.99	0.0099	
1305	1	600.99	600.99	0.0099	
1306	1	600.99	600.99	0.0099	
1307	1	600.99	600.99	0.0099	
1308	1	600.99	600.99	0.0099	
1309	1	601.99	601.99	0.0099	
1310	1	602.99	602.99	0.0099	
1311	1	604.01	604.01	0.0099	
1312	1	604.99	604.99	0.0099	
1313	1	605.01	605.01	0.0099	
1314	1	605.99	605.99	0.0099	
1315	1	605.99	605.99	0.0099	
1316	1	605.99	605.99	0.0099	
1317	1	605.99	605.99	0.0099	
1318	1	606.01	606.01	0.0099	
1319	1	606.01	606.01	0.0099	
1320	1	606.01	606.01	0.0099	
1321	1	606.99	606.99	0.0099	
1322	1	606.99	606.99	0.0099	
1323	1	606.99	606.99	0.0099	
1324	1	607.01	607.01	0.0099	
1325	1	607.01	607.01	0.0099	
1326	1	607.01	607.01	0.0099	
1327	1	609.99	609.99	0.0099	
1328	1	611.99	611.99	0.0099	
1329	1	612.01	612.01	0.0099	
1330	1	612.01	612.01	0.0099	
1331	1	612.01	612.01	0.0099	
1332	1	612.01	612.01	0.0099	
1333	1	612.99	612.99	0.0099	
1334	1	613.99	613.99	0.0099	
1335	1	615.34	615.34	0.2244	
1336	1	617.99	617.99	0.0099	
1337	1	617.99	617.99	0.0099	
1338	1	619.01	619.01	0.0099	
1339	1	619.01	619.01	0.0099	
1340	1	619.01	619.01	0.0099	
1341	1	619.01	619.01	0.0099	
1342	1	619.01	619.01	0.0099	
1343	1	620.01	620.01	0.0099	
1344	1	620.99	620.99	0.0099	
1345	1	621.99	621.99	0.0099	
1346	1	621.99	621.99	0.0099	
1347	1	621.99	621.99	0.0099	
1348	1	621.99	621.99	0.0099	
1349	1	623.99	623.99	0.0099	
1350	1	624.99	624.99	0.0099	
1351	1	625.99	625.99	0.0099	
1352	1	626.99	626.99	0.0099	
1353	1	626.99	626.99	0.0099	
1354	1	628.01	628.01	0.0099	
1355	1	628.01	628.01	0.0099	
1356	1	628.01	628.01	0.0099	
1357	1	628.01	628.01	0.0099	
1358	1	628.01	628.01	0.0099	
1359	1	628.99	628.99	0.0099	
1360	1	629.01	629.01	0.0099	
1361	1	630.01	630.01	0.0099	
1362	1	631.01	631.01	0.0099	
1363	1	631.01	631.01	0.0099	
1364	1	631.01	631.01	0.0099	
1365	1	631.01	631.01	0.0099	
1366	1	631.01	631.01	0.0099	
1367	1	631.99	631.99	0.0099	
1368	1	631.99	631.99	0.0099	
1369	1	631.99	631.99	0.0099	
1370	1	631.99	631.99	0.0099	
1371	1	632.99	632.99	0.0099	
1372	1	633.99	633.99	0.0099	
1373	1	634.99	634.99	0.0099	
1374	1	635.01	635.01	0.0099	
1375	1	635.01	635.01	0.0099	
1376	1	635.01	635.01	0.0099	
1377	1	635.01	635.01	0.0099	
1378	1	636.01	636.01	0.0099	
1379	1	636.01	636.01	0.0099	
1380	1	636.01	636.01	0.0099	
1381	1	636.01	636.01	0.0099	
1382	1	636.01	636.01	0.0099	
1383	1	636.01	636.01	0.0099	
1384	1	636.01	636.01	0.0099	
1385	1	636.01	636.01	0.0099	
1386	1	636.01	636.01	0.0099	
1387	1	636.01	636.01	0.0099	
1388	1	637.99	637.99	0.0099	
1389	1	638.99	638.99	0.0099	
1390	1	640.01	640.01	0.0099	
1391	1	640.01	640.01	0.0099	
1392	1	640.01	640.01	0.0099	
1393	1	640.01	640.01	0.0099	
1394	1	640.01	640.01	0.0099	
1395	1	640.01	640.01	0.0099	
1396	1	640.01	640.01	0.0099	
1397	1	640.99	640.99	0.0099	
1398	1	640.99	640.99	0.0099	
1399	1	641.01	641.01	0.0099	
1400	1	641.01	641.01	0.0099	
1401	1	641.01	641.01	0.0099	
1402	1	641.01	641.01	0.0099	
1403	1	641.01	641.01	0.0099	
1404	1	641.01	641.01	0.0099	
1405	1	641.99	641.99	0.0099	
1406	1	641.99	641.99	0.0099	
1407	1	643.98	643.98	0.0396	
1408	1	645.71	645.71	0.2059	
1409	1	646.99	646.99	0.0099	
1410	1	647.01	647.01	0.0099	
1411	1	647.01	647.01	0.0099	
1412	1	647.01	647.01	0.0099	
1413	1	648.98	648.98	0.0396	
1414	1	649.01	649.01	0.0099	
1415	1	649.99	649.99	0.0099	
1416	1	650.01	650.01	0.0099	
1417	1	650.01	650.01	0.0099	
1418	1	650.99	650.99	0.0099	
1419	1	650.99	650.99	0.0099	
1420	1	650.99	650.99	0.0099	
1421	1	651.01	651.01	0.0099	
1422	1	651.01	651.01	0.0099	
1423	1	651.01	651.01	0.0099	
1424	1	651.01	651.01	0.0099	
1425	1	651.01	651.01	0.0099	
1426	1	651.01	651.01	0.0099	
1427	1	651.01	651.01	0.0099	
1428	1	651.99	651.99	0.0099	
1429	1	653.99	653.99	0.0099	
1430	1	654.99	654.99	0.0099	
1431	1	654.99	654.99	0.0099	
1432	1	654.99	654.99	0.0099	
1433	1	656.99	656.99	0.0099	
1434	1	658.37	658.37	0.2331	
1435	1	659.99	659.99	0.0099	
1436	1	660.65	660.65	0.2275	
1437	1	660.99	660.99	0.0099	
1438	1	660.99	660.99	0.0099	
1439	1	661.01	661.01	0.0099	
1440	1	661.01	661.01	0.0099	
1441	1	661.01	661.01	0.0099	
1442	1	661.01	661.01	0.0099	
1443	1	661.01	661.01	0.0099	
1444	1	661.99	661.99	0.0099	
1445	1	661.99	661.99	0.0099	
1446	1	662.98	662.98	0.0196	
1447	1	663.99	663.99	0.0099	
1448	1	664.99	664.99	0.0099	
1449	1	665.99	665.99	0.0099	
1450	1	665.99	665.99	0.0099	
1451	1	666.99	666.99	0.0099	
1452	1	667.01	667.01	0.0099	
1453	1	667.01	667.01	0.0099	
1454	1	667.99	667.99	0.0099	
1455	1	668.01	668.01	0.0099	
1456	1	668.01	668.01	0.0099	
1457	1	668.01	668.01	0.0099	
1458	1	668.01	668.01	0.0099	
1459	1	668.01	668.01	0.0099	
1460	1	668.01	668.01	0.0099	
1461	1	669.99	669.99	0.0099	
1462	1	671.99	671.99	0.0099	
1463	1	672.01	672.01	0.0099	
1464	1	673.01	673.01	0.0099	
1465	1	674.43	674.43	0.2451	
1466	1	675.01	675.01	0.0099	
1467	1	677.7	677.7	0.21	
1468	1	679.86	679.86	0.1204	
1469	1	680.17	680.17	0.1411	
1470	1	682.01	682.01	0.0099	
1471	1	682.01	682.01	0.0099	
1472	1	684.01	684.01	0.0099	
1473	1	684.01	684.01	0.0099	
1474	1	684.01	684.01	0.0099	
1475	1	684.01	684.01	0.0099	
1476	1	684.01	684.01	0.0099	
1477	1	684.99	684.99	0.0099	
1478	1	685.01	685.01	0.0099	
1479	1	686.99	686.99	0.0099	
1480	1	687.99	687.99	0.0099	
1481	1	687.99	687.99	0.0099	
1482	1	687.99	687.99	0.0099	
1483	1	688.01	688.01	0.0099	
1484	1	688.01	688.01	0.0099	
1485	1	688.99	688.99	0.0099	
1486	1	689.99	689.99	0.0099	
1487	1	691.99	691.99	0.0099	
1488	1	692.01	692.01	0.0099	
1489	1	693.01	693.01	0.0099	
1490	1	693.35	693.35	0.2275	
1491	1	696.49	696.49	0.2499	
1492	1	698.78	698.78	0.1716	
1493	1	698.99	698.99	0.0099	
1494	1	698.99	698.99	0.0099	
1495	1	698.99	698.99	0.0099	
1496	1	699.01	699.01	0.0099	
1497	1	699.01	699.01	0.0099	
1498	1	701.6	701.6	0.24	
1499	1	702.8	702.8	0.16	
1500	1	703	703	0	
1501	1	703.99	703.99	0.0099	
1502	1	704.01	704.01	0.0099	
1503	1	705.99	705.99	0.0099	
1504	1	706.01	706.01	0.0099	
1505	1	706.01	706.01	0.0099	
1506	1	706.66	706.66	0.2244	
1507	1	707.01	707.01	0.0099	
1508	1	707.01	707.01	0.0099	
1509	1	708.99	708.99	0.0099	
1510	1	708.99	708.99	0.0099	
1511	1	710.99	710.99	0.0099	
1512	1	712.01	712.01	0.0099	
1513	1	712.01	712.01	0.0099	
1514	1	712.01	712.01	0.0099	
1515	1	713.01	713.01	0.0099	
1516	1	714.01	714.01	0.0099	
1517	1	714.01	714.01	0.0099	
1518	1	715.19	715.19	0.1539	
1519	1	716.01	716.01	0.0099	
1520	1	716.01	716.01	0.0099	
1521	1	716.99	716.99	0.0099	
1522	1	716.99	716.99	0.0099	
1523	1	716.99	716.99	0.0099	
1524	1	718.01	718.01	0.0099	
1525	1	718.01	718.01	0.0099	
1526	1	718.99	718.99	0.0099	
1527	1	720.69	720.69	0.2139	
1528	1	721.8	721.8	0.16	
1529	1	723.99	723.99	0.0099	
1530	1	724.67	724.67	0.2211	
1531	1	724.99	724.99	0.0099	
1532	1	724.99	724.99	0.0099	
1533	1	725.01	725.01	0.0099	
1534	1	725.01	725.01	0.0099	
1535	1	725.99	725.99	0.0099	
1536	1	725.99	725.99	0.0099	
1537	1	726.87	726.87	0.1131	
1538	1	726.99	726.99	0.0099	
1539	1	726.99	726.99	0.0099	
1540	1	727.99	727.99	0.0099	
1541	1	728.99	728.99	0.0099	
1542	1	728.99	728.99	0.0099	
1543	1	730	730	0	
1544	1	730.01	730.01	0.0099	
1545	1	730.01	730.01	0.0099	
1546	1	730.01	730.01	0.0099	
1547	1	731.99	731.99	0.0099	
1548	1	732.01	732.01	0.0099	
1549	1	732.01	732.01	0.0099	
1550	1	732.01	732.01	0.0099	
1551	1	732.01	732.01	0.0099	
1552	1	732.01	732.01	0.0099	
1553	1	732.99	732.99	0.0099	
1554	1	733.01	733.01	0.0099	
1555	1	733.99	733.99	0.0099	
1556	1	734.01	734.01	0.0099	
1557	1	734.01	734.01	0.0099	
1558	1	734.01	734.01	0.0099	
1559	1	734.99	734.99	0.0099	
1560	1	736.01	736.01	0.0099	
1561	1	736.01	736.01	0.0099	
1562	1	736.01	736.01	0.0099	
1563	1	736.01	736.01	0.0099	
1564	1	736.71	736.71	0.5059	
1565	1	738.99	738.99	0.0099	
1566	1	739.01	739.01	0.0099	
1567	1	740.04	740.04	0.3784	
1568	1	742.99	742.99	0.0099	
1569	1	743.01	743.01	0.0099	
1570	1	743.01	743.01	0.0099	
1571	1	743.99	743.99	0.0099	
1572	1	745.01	745.01	0.0099	
1573	1	745.01	745.01	0.0099	
1574	1	745.99	745.99	0.0099	
1575	1	745.99	745.99	0.0099	
1576	1	746.99	746.99	0.0099	
1577	1	747.01	747.01	0.0099	
1578	1	747.01	747.01	0.0099	
1579	1	748.99	748.99	0.0099	
1580	1	749.99	749.99	0.0099	
1581	1	750.01	750.01	0.0099	
1582	1	750.01	750.01	0.0099	
1583	1	750.01	750.01	0.0099	
1584	1	751.01	751.01	0.0099	
1585	1	751.01	751.01	0.0099	
1586	1	751.01	751.01	0.0099	
1587	1	751.01	751.01	0.0099	
1588	1	751.01	751.01	0.0099	
1589	1	751.99	751.99	0.0099	
1590	1	751.99	751.99	0.0099	
1591	1	751.99	751.99	0.0099	
1592	1	752.01	752.01	0.0099	
1593	1	752.01	752.01	0.0099	
1594	1	752.01	752.01	0.0099	
1595	1	753.37	753.37	0.2331	
1596	1	755.99	755.99	0.0099	
1597	1	757.99	757.99	0.0099	
1598	1	758.01	758.01	0.0099	
1599	1	758.83	758.83	0.1411	
1600	1	758.99	758.99	0.0099	
1601	1	759.99	759.99	0.0099	
1602	1	759.99	759.99	0.0099	
1603	1	759.99	759.99	0.0099	
1604	1	760.01	760.01	0.0099	
1605	1	760.99	760.99	0.0099	
1606	1	760.99	760.99	0.0099	
1607	1	761.99	761.99	0.0099	
1608	1	762.01	762.01	0.0099	
1609	1	763.99	763.99	0.0099	
1610	1	764.01	764.01	0.0099	
1611	1	764.01	764.01	0.0099	
1612	1	764.01	764.01	0.0099	
1613	1	764.99	764.99	0.0099	
1614	1	764.99	764.99	0.0099	
1615	1	765.51	765.51	0.2499	
1616	1	765.99	765.99	0.0099	
1617	1	766.99	766.99	0.0099	
1618	1	766.99	766.99	0.0099	
1619	1	766.99	766.99	0.0099	
1620	1	766.99	766.99	0.0099	
1621	1	767.25	767.25	0.1875	
1622	1	767.99	767.99	0.0099	
1623	1	768.99	768.99	0.0099	
1624	1	768.99	768.99	0.0099	
1625	1	769.99	769.99	0.0099	
1626	1	769.99	769.99	0.0099	
1627	1	770.01	770.01	0.0099	
1628	1	771.99	771.99	0.0099	
1629	1	771.99	771.99	0.0099	
1630	1	771.99	771.99	0.0099	
1631	1	772.01	772.01	0.0099	
1632	1	772.99	772.99	0.0099	
1633	1	772.99	772.99	0.0099	
1634	1	773.99	773.99	0.0099	
1635	1	773.99	773.99	0.0099	
1636	1	773.99	773.99	0.0099	
1637	1	773.99	773.99	0.0099	
1638	1	773.99	773.99	0.0099	
1639	1	773.99	773.99	0.0099	
1640	1	774.01	774.01	0.0099	
1641	1	774.99	774.99	0.0099	
1642	1	774.99	774.99	0.0099	
1643	1	774.99	774.99	0.0099	
1644	1	775.01	775.01	0.0099	
1645	1	776.99	776.99	0.0099	
1646	1	777.99	777.99	0.0099	
1647	1	779.01	779.01	0.0099	
1648	1	780.01	780.01	0.0099	
1649	1	780.99	780.99	0.0099	
1650	1	781.01	781.01	0.0099	
1651	1	781.01	781.01	0.0099	
1652	1	781.01	781.01	0.0099	
1653	1	781.99	781.99	0.0099	
1654	1	781.99	781.99	0.0099	
1655	1	781.99	781.99	0.0099	
1656	1	782.01	782.01	0.0099	
1657	1	783.01	783.01	0.0099	
1658	1	783.99	783.99	0.0099	
1659	1	783.99	783.99	0.0099	
1660	1	784.99	784.99	0.0099	
1661	1	784.99	784.99	0.0099	
1662	1	787.76	787.76	0.1824	
1663	1	787.99	787.99	0.0099	
1664	1	788.01	788.01	0.0099	
1665	1	788.99	788.99	0.0099	
1666	1	788.99	788.99	0.0099	
1667	1	789.99	789.99	0.0099	
1668	1	789.99	789.99	0.0099	
1669	1	790.01	790.01	0.0099	
1670	1	790.99	790.99	0.0099	
1671	1	790.99	790.99	0.0099	
1672	1	792.99	792.99	0.0099	
1673	1	792.99	792.99	0.0099	
1674	1	793.01	793.01	0.0099	
1675	1	793.01	793.01	0.0099	
1676	1	793.01	793.01	0.0099	
1677	1	793.01	793.01	0.0099	
1678	1	793.01	793.01	0.0099	
1679	1	793.01	793.01	0.0099	
1680	1	793.01	793.01	0.0099	
1681	1	793.01	793.01	0.0099	
1682	1	793.01	793.01	0.0099	
1683	1	793.01	793.01	0.0099	
1684	1	794.01	794.01	0.0099	
1685	1	794.01	794.01	0.0099	
1686	1	795.99	795.99	0.0099	
1687	1	796.99	796.99	0.0099	
1688	1	796.99	796.99	0.0099	
1689	1	797.99	797.99	0.0099	
1690	1	798.99	798.99	0.0099	
1691	1	799.99	799.99	0.0099	
1692	1	799.99	799.99	0.0099	
1693	1	800.99	800.99	0.0099	
1694	1	800.99	800.99	0.0099	
1695	1	801.01	801.01	0.0099	
1696	1	801.01	801.01	0.0099	
1697	1	802.01	802.01	0.0099	
1698	1	802.87	802.87	0.1131	
1699	1	804.99	804.99	0.0099	
1700	1	805.99	805.99	0.0099	
1701	1	807.01	807.01	0.0099	
1702	1	807.01	807.01	0.0099	
1703	1	807.99	807.99	0.0099	
1704	1	808.01	808.01	0.0099	
1705	1	808.99	808.99	0.0099	
1706	1	808.99	808.99	0.0099	
1707	1	809.99	809.99	0.0099	
1708	1	810.99	810.99	0.0099	
1709	1	811.99	811.99	0.0099	
1710	1	811.99	811.99	0.0099	
1711	1	812.01	812.01	0.0099	
1712	1	812.99	812.99	0.0099	
1713	1	812.99	812.99	0.0099	
1714	1	814.01	814.01	0.0099	
1715	1	814.01	814.01	0.0099	
1716	1	814.01	814.01	0.0099	
1717	1	814.01	814.01	0.0099	
1718	1	814.01	814.01	0.0099	
1719	1	814.01	814.01	0.0099	
1720	1	814.01	814.01	0.0099	
1721	1	814.99	814.99	0.0099	
1722	1	815.01	815.01	0.0099	
1723	1	815.99	815.99	0.0099	
1724	1	816.99	816.99	0.0099	
1725	1	817.01	817.01	0.0099	
1726	1	817.01	817.01	0.0099	
1727	1	817.01	817.01	0.0099	
1728	1	817.01	817.01	0.0099	
1729	1	817.01	817.01	0.0099	
1730	1	818.01	818.01	0.0099	
1731	1	818.01	818.01	0.0099	
1732	1	818.01	818.01	0.0099	
1733	1	818.01	818.01	0.0099	
1734	1	818.01	818.01	0.0099	
1735	1	818.01	818.01	0.0099	
1736	1	818.01	818.01	0.0099	
1737	1	818.01	818.01	0.0099	
1738	1	818.01	818.01	0.0099	
1739	1	818.01	818.01	0.0099	
1740	1	819.99	819.99	0.0099	
1741	1	820.01	820.01	0.0099	
1742	1	820.99	820.99	0.0099	
1743	1	822	822	0	
1744	1	822	822	0	
1745	1	822	822	0	
1746	1	822	822	0	
1747	1	823.99	823.99	0.0099	
1748	1	823.99	823.99	0.0099	
1749	1	824.99	824.99	0.0099	
1750	1	826.99	826.99	0.0099	
1751	1	827.01	827.01	0.0099	
1752	1	827.49	827.49	0.2499	
1753	1	828.99	828.99	0.0099	
1754	1	829.99	829.99	0.0099	
1755	1	829.99	829.99	0.0099	
1756	1	830.99	830.99	0.0099	
1757	1	832	832	0	
1758	1	832	832	0	
1759	1	832	832	0	
1760	1	832	832	0	
1761	1	832.01	832.01	0.0099	
1762	1	832.01	832.01	0.0099	
1763	1	832.01	832.01	0.0099	
1764	1	833.35	833.35	0.2275	
1765	1	833.99	833.99	0.0099	
1766	1	833.99	833.99	0.0099	
1767	1	834.99	834.99	0.0099	
1768	1	834.99	834.99	0.0099	
1769	1	834.99	834.99	0.0099	
1770	1	835.01	835.01	0.0099	
1771	1	835.52	835.52	0.2496	
1772	1	835.99	835.99	0.0099	
1773	1	835.99	835.99	0.0099	
1774	1	835.99	835.99	0.0099	
1775	1	836.99	836.99	0.0099	
1776	1	837.55	837.55	0.2475	
1777	1	837.99	837.99	0.0099	
1778	1	837.99	837.99	0.0099	
1779	1	838.99	838.99	0.0099	
1780	1	838.99	838.99	0.0099	
1781	1	839.01	839.01	0.0099	
1782	1	839.01	839.01	0.0099	
1783	1	839.99	839.99	0.0099	
1784	1	841.99	841.99	0.0099	
1785	1	842.99	842.99	0.0099	
1786	1	843.01	843.01	0.0099	
1787	1	843.01	843.01	0.0099	
1788	1	843.99	843.99	0.0099	
1789	1	844.01	844.01	0.0099	
1790	1	844.01	844.01	0.0099	
1791	1	846.97	846.97	0.0291	
1792	1	846.99	846.99	0.0099	
1793	1	848.01	848.01	0.0099	
1794	1	848.01	848.01	0.0099	
1795	1	849.99	849.99	0.0099	
1796	1	850.01	850.01	0.0099	
1797	1	850.01	850.01	0.0099	
1798	1	850.01	850.01	0.0099	
1799	1	851.99	851.99	0.0099	
1800	1	852.99	852.99	0.0099	
1801	1	853.99	853.99	0.0099	
1802	1	853.99	853.99	0.0099	
1803	1	853.99	853.99	0.0099	
1804	1	855.01	855.01	0.0099	
1805	1	855.45	855.45	0.2475	
1806	1	855.99	855.99	0.0099	
1807	1	857.01	857.01	0.0099	
1808	1	857.01	857.01	0.0099	
1809	1	857.01	857.01	0.0099	
1810	1	857.01	857.01	0.0099	
1811	1	857.01	857.01	0.0099	
1812	1	857.01	857.01	0.0099	
1813	1	857.01	857.01	0.0099	
1814	1	857.01	857.01	0.0099	
1815	1	857.01	857.01	0.0099	
1816	1	857.01	857.01	0.0099	
1817	1	857.99	857.99	0.0099	
1818	1	857.99	857.99	0.0099	
1819	1	857.99	857.99	0.0099	
1820	1	858.99	858.99	0.0099	
1821	1	860	860	0	
1822	1	860	860	0	
1823	1	860	860	0	
1824	1	861.72	861.72	0.2016	
1825	1	862.01	862.01	0.0099	
1826	1	862.99	862.99	0.0099	
1827	1	862.99	862.99	0.0099	
1828	1	862.99	862.99	0.0099	
1829	1	862.99	862.99	0.0099	
1830	1	863.99	863.99	0.0099	
1831	1	863.99	863.99	0.0099	
1832	1	863.99	863.99	0.0099	
1833	1	864.01	864.01	0.0099	
1834	1	866.99	866.99	0.0099	
1835	1	867.01	867.01	0.0099	
1836	1	868.99	868.99	0.0099	
1837	1	869.01	869.01	0.0099	
1838	1	869.51	869.51	0.2499	
1839	1	870.01	870.01	0.0099	
1840	1	870.01	870.01	0.0099	
1841	1	870.99	870.99	0.0099	
1842	1	871.01	871.01	0.0099	
1843	1	871.01	871.01	0.0099	
1844	1	871.01	871.01	0.0099	
1845	1	871.01	871.01	0.0099	
1846	1	871.01	871.01	0.0099	
1847	1	871.01	871.01	0.0099	
1848	1	871.99	871.99	0.0099	
1849	1	871.99	871.99	0.0099	
1850	1	872.01	872.01	0.0099	
1851	1	872.01	872.01	0.0099	
1852	1	872.99	872.99	0.0099	
1853	1	873.01	873.01	0.0099	
1854	1	873.04	873.04	0.0384	
1855	1	874.99	874.99	0.0099	
1856	1	876.01	876.01	0.0099	
1857	1	876.01	876.01	0.0099	
1858	1	876.01	876.01	0.0099	
1859	1	876.01	876.01	0.0099	
1860	1	876.99	876.99	0.0099	
1861	1	877.99	877.99	0.0099	
1862	1	877.99	877.99	0.0099	
1863	1	878.99	878.99	0.0099	
1864	1	879.99	879.99	0.0099	
1865	1	880.01	880.01	0.0099	
1866	1	880.7	880.7	0.21	
1867	1	880.99	880.99	0.0099	
1868	1	881.99	881.99	0.0099	
1869	1	882.99	882.99	0.0099	
1870	1	883.99	883.99	0.0099	
1871	1	884.01	884.01	0.0099	
1872	1	884.99	884.99	0.0099	
1873	1	885.01	885.01	0.0099	
1874	1	886.01	886.01	0.0099	
1875	1	886.01	886.01	0.0099	
1876	1	886.01	886.01	0.0099	
1877	1	886.01	886.01	0.0099	
1878	1	886.01	886.01	0.0099	
1879	1	887.01	887.01	0.0099	
1880	1	887.01	887.01	0.0099	
1881	1	888.99	888.99	0.0099	
1882	1	888.99	888.99	0.0099	
1883	1	890.01	890.01	0.0099	
1884	1	890.01	890.01	0.0099	
1885	1	890.01	890.01	0.0099	
1886	1	890.99	890.99	0.0099	
1887	1	891.63	891.63	0.2331	
1888	1	892.01	892.01	0.0099	
1889	1	892.01	892.01	0.0099	
1890	1	892.01	892.01	0.0099	
1891	1	892.01	892.01	0.0099	
1892	1	892.01	892.01	0.0099	
1893	1	892.01	892.01	0.0099	
1894	1	892.01	892.01	0.0099	
1895	1	892.01	892.01	0.0099	
1896	1	892.01	892.01	0.0099	
1897	1	892.99	892.99	0.0099	
1898	1	894.01	894.01	0.0099	
1899	1	894.99	894.99	0.0099	
1900	1	895.99	895.99	0.0099	
1901	1	895.99	895.99	0.0099	
1902	1	896.01	896.01	0.0099	
1903	1	896.01	896.01	0.0099	
1904	1	896.99	896.99	0.0099	
1905	1	896.99	896.99	0.0099	
1906	1	897.99	897.99	0.0099	
1907	1	898.01	898.01	0.0099	
1908	1	898.01	898.01	0.0099	
1909	1	898.01	898.01	0.0099	
1910	1	898.01	898.01	0.0099	
1911	1	898.01	898.01	0.0099	
1912	1	898.01	898.01	0.0099	
1913	1	898.01	898.01	0.0099	
1914	1	898.01	898.01	0.0099	
1915	1	898.99	898.99	0.0099	
1916	1	898.99	898.99	0.0099	
1917	1	899.01	899.01	0.0099	
1918	1	899.01	899.01	0.0099	
1919	1	900.7	900.7	0.21	
1920	1	902.01	902.01	0.0099	
1921	1	902.01	902.01	0.0099	
1922	1	902.01	902.01	0.0099	
1923	1	903	903	0	
1924	1	903.01	903.01	0.0099	
1925	1	903.01	903.01	0.0099	
1926	1	903.78	903.78	0.1716	
1927	1	904.01	904.01	0.0099	
1928	1	904.01	904.01	0.0099	
1929	1	904.01	904.01	0.0099	
1930	1	904.01	904.01	0.0099	
1931	1	904.01	904.01	0.0099	
1932	1	904.01	904.01	0.0099	
1933	1	904.01	904.01	0.0099	
1934	1	904.01	904.01	0.0099	
1935	1	904.99	904.99	0.0099	
1936	1	906.29	906.29	0.2059	
1937	1	906.99	906.99	0.0099	
1938	1	907.69	907.69	0.2139	
1939	1	908	908	0	
1940	1	908.99	908.99	0.0099	
1941	1	909.01	909.01	0.0099	
1942	1	909.01	909.01	0.0099	
1943	1	909.01	909.01	0.0099	
1944	1	909.01	909.01	0.0099	
1945	1	910.01	910.01	0.0099	
1946	1	910.01	910.01	0.0099	
1947	1	910.01	910.01	0.0099	
1948	1	910.01	910.01	0.0099	
1949	1	911.99	911.99	0.0099	
1950	1	912.01	912.01	0.0099	
1951	1	912.01	912.01	0.0099	
1952	1	912.01	912.01	0.0099	
1953	1	912.01	912.01	0.0099	
1954	1	912.01	912.01	0.0099	
1955	1	912.01	912.01	0.0099	
1956	1	912.01	912.01	0.0099	
1957	1	912.99	912.99	0.0099	
1958	1	913.99	913.99	0.0099	
1959	1	913.99	913.99	0.0099	
1960	1	913.99	913.99	0.0099	
1961	1	914.65	914.65	0.2275	
1962	1	914.99	914.99	0.0099	
1963	1	914.99	914.99	0.0099	
1964	1	914.99	914.99	0.0099	
1965	1	915.99	915.99	0.0099	
1966	1	916.99	916.99	0.0099	
1967	1	917.01	917.01	0.0099	
1968	1	917.01	917.01	0.0099	
1969	1	917.01	917.01	0.0099	
1970	1	917.99	917.99	0.0099	
1971	1	918.99	918.99	0.0099	
1972	1	919.99	919.99	0.0099	
1973	1	920.99	920.99	0.0099	
1974	1	922.99	922.99	0.0099	
1975	1	923.99	923.99	0.0099	
1976	1	923.99	923.99	0.0099	
1977	1	923.99	923.99	0.0099	
1978	1	923.99	923.99	0.0099	
1979	1	923.99	923.99	0.0099	
1980	1	924.01	924.01	0.0099	
1981	1	924.99	924.99	0.0099	
1982	1	924.99	924.99	0.0099	
1983	1	927.01	927.01	0.0099	
1984	1	927.01	927.01	0.0099	
1985	1	927.01	927.01	0.0099	
1986	1	927.01	927.01	0.0099	
1987	1	927.01	927.01	0.0099	
1988	1	927.01	927.01	0.0099	
1989	1	927.99	927.99	0.0099	
1990	1	928.99	928.99	0.0099	
1991	1	930.99	930.99	0.0099	
1992	1	932.99	932.99	0.0099	
1993	1	933.99	933.99	0.0099	
1994	1	934.99	934.99	0.0099	
1995	1	935.99	935.99	0.0099	
1996	1	936.01	936.01	0.0099	
1997	1	936.13	936.13	0.1131	
1998	1	936.99	936.99	0.0099	
1999	1	938.01	938.01	0.0099	
2000	1	938.99	938.99	0.0099	
