# mu = 0.1, s = 0.1, trials requested = 1, runtime = 0:00:01
# "Time"	"Actual trials"	"Mean mutation"	"Average mean mutation"	"Average mutation variance"
0	1	0	0	0	
1	1	0	0	0	
2	1	0.01	0.01	0.0099	
3	1	0.02	0.02	0.0196	
4	1	0.03	0.03	0.0291	
5	1	0.04	0.04	0.0384	
6	1	0.04	0.04	0.0384	
7	1	0.05	0.05	0.0475	
8	1	0.1	0.1	0.09	
9	1	0.1	0.1	0.09	
10	1	0.11	0.11	0.0979	
11	1	0.11	0.11	0.0979	
12	1	0.13	0.13	0.1131	
13	1	0.13	0.13	0.1131	
14	1	0.12	0.12	0.1056	
15	1	0.16	0.16	0.1544	
16	1	0.16	0.16	0.1544	
17	1	0.14	0.14	0.1404	
18	1	0.16	0.16	0.1544	
19	1	0.17	0.17	0.1611	
20	1	0.23	0.23	0.1971	
21	1	0.23	0.23	0.1971	
22	1	0.24	0.24	0.2024	
23	1	0.22	0.22	0.1916	
24	1	0.24	0.24	0.2024	
25	1	0.29	0.29	0.2459	
26	1	0.36	0.36	0.3304	
27	1	0.36	0.36	0.3104	
28	1	0.37	0.37	0.3131	
29	1	0.36	0.36	0.3104	
30	1	0.34	0.34	0.2844	
31	1	0.32	0.32	0.2576	
32	1	0.35	0.35	0.2875	
33	1	0.34	0.34	0.2844	
34	1	0.34	0.34	0.2844	
35	1	0.36	0.36	0.3104	
36	1	0.38	0.38	0.3156	
37	1	0.41	0.41	0.3819	
38	1	0.41	0.41	0.3819	
39	1	0.41	0.41	0.3619	
40	1	0.42	0.42	0.3636	
41	1	0.43	0.43	0.3851	
42	1	0.46	0.46	0.4284	
43	1	0.46	0.46	0.4284	
44	1	0.51	0.51	0.4299	
45	1	0.54	0.54	0.4284	
46	1	0.56	0.56	0.4264	
47	1	0.6	0.6	0.44	
48	1	0.66	0.66	0.5044	
49	1	0.68	0.68	0.4976	
50	1	0.7	0.7	0.55	
51	1	0.73	0.73	0.5571	
52	1	0.75	0.75	0.5675	
53	1	0.76	0.76	0.5424	
54	1	0.77	0.77	0.5571	
55	1	0.82	0.82	0.5476	
56	1	0.84	0.84	0.5144	
57	1	0.89	0.89	0.5579	
58	1	0.92	0.92	0.5936	
59	1	0.9	0.9	0.57	
60	1	0.91	0.91	0.5819	
61	1	0.92	0.92	0.5736	
62	1	0.91	0.91	0.6019	
63	1	0.9	0.9	0.63	
64	1	0.92	0.92	0.6536	
65	1	0.93	0.93	0.6651	
66	1	0.96	0.96	0.6584	
67	1	0.97	0.97	0.6891	
68	1	0.95	0.95	0.6875	
69	1	0.96	0.96	0.7184	
70	1	0.98	0.98	0.7196	
71	1	1	1	0.8	
72	1	1.02	1.02	0.7196	
73	1	1.08	1.08	0.7136	
74	1	1.09	1.09	0.7019	
75	1	1.09	1.09	0.6819	
76	1	1.1	1.1	0.71	
77	1	1.08	1.08	0.7136	
78	1	1.09	1.09	0.7219	
79	1	1.09	1.09	0.7619	
80	1	1.1	1.1	0.75	
81	1	1.1	1.1	0.77	
82	1	1.07	1.07	0.7451	
83	1	1.06	1.06	0.7364	
84	1	1.07	1.07	0.7451	
85	1	1.05	1.05	0.7075	
86	1	1.03	1.03	0.6891	
87	1	1.06	1.06	0.7764	
88	1	1.06	1.06	0.7364	
89	1	1.1	1.1	0.73	
90	1	1.11	1.11	0.7579	
91	1	1.14	1.14	0.7604	
92	1	1.15	1.15	0.7275	
93	1	1.19	1.19	0.7339	
94	1	1.25	1.25	0.7675	
95	1	1.26	1.26	0.8124	
96	1	1.28	1.28	0.8416	
97	1	1.29	1.29	0.8259	
98	1	1.37	1.37	0.8731	
99	1	1.37	1.37	0.8931	
100	1	1.34	1.34	0.8644	
101	1	1.35	1.35	0.9075	
102	1	1.44	1.44	1.0064	
103	1	1.34	1.34	1.0044	
104	1	1.42	1.42	1.0636	
105	1	1.42	1.42	1.0236	
106	1	1.43	1.43	0.9451	
107	1	1.42	1.42	0.9036	
108	1	1.4	1.4	0.96	
109	1	1.38	1.38	0.8956	
110	1	1.42	1.42	0.8636	
111	1	1.44	1.44	0.8464	
112	1	1.41	1.41	0.9219	
113	1	1.4	1.4	0.88	
114	1	1.41	1.41	0.9019	
115	1	1.44	1.44	0.9664	
116	1	1.48	1.48	1.0096	
117	1	1.54	1.54	0.9884	
118	1	1.62	1.62	1.0156	
119	1	1.62	1.62	1.0756	
120	1	1.58	1.58	1.0436	
121	1	1.55	1.55	0.9875	
122	1	1.54	1.54	1.0084	
123	1	1.5	1.5	0.97	
124	1	1.55	1.55	0.9675	
125	1	1.51	1.51	0.9499	
126	1	1.5	1.5	0.91	
127	1	1.52	1.52	0.8896	
128	1	1.52	1.52	0.9096	
129	1	1.55	1.55	0.9475	
130	1	1.58	1.58	0.9636	
131	1	1.53	1.53	0.9691	
132	1	1.51	1.51	0.9699	
133	1	1.48	1.48	0.9896	
134	1	1.47	1.47	1.0091	
135	1	1.47	1.47	1.0691	
136	1	1.47	1.47	1.0291	
137	1	1.45	1.45	1.0675	
138	1	1.58	1.58	1.0836	
139	1	1.6	1.6	1.1	
140	1	1.6	1.6	1.16	
141	1	1.64	1.64	1.1504	
142	1	1.65	1.65	1.1475	
143	1	1.69	1.69	1.1939	
144	1	1.72	1.72	1.2616	
145	1	1.75	1.75	1.2675	
146	1	1.77	1.77	1.2971	
147	1	1.79	1.79	1.3259	
148	1	1.77	1.77	1.3171	
149	1	1.82	1.82	1.3276	
150	1	1.82	1.82	1.3076	
151	1	1.91	1.91	1.2419	
152	1	1.95	1.95	1.3275	
153	1	2.05	2.05	1.3675	
154	1	2.08	2.08	1.4136	
155	1	2.07	2.07	1.4251	
156	1	2.11	2.11	1.4579	
157	1	2.13	2.13	1.4531	
158	1	2.09	2.09	1.4219	
159	1	2.1	2.1	1.37	
160	1	2.14	2.14	1.4004	
161	1	2.19	2.19	1.4339	
162	1	2.23	2.23	1.4771	
163	1	2.29	2.29	1.5059	
164	1	2.29	2.29	1.4659	
165	1	2.35	2.35	1.5275	
166	1	2.33	2.33	1.5411	
167	1	2.36	2.36	1.4904	
168	1	2.4	2.4	1.52	
169	1	2.42	2.42	1.6636	
170	1	2.39	2.39	1.7379	
171	1	2.39	2.39	1.6979	
172	1	2.39	2.39	1.6179	
173	1	2.44	2.44	1.6464	
174	1	2.41	2.41	1.6219	
175	1	2.41	2.41	1.7419	
176	1	2.42	2.42	1.7836	
177	1	2.46	2.46	1.7884	
178	1	2.46	2.46	1.9084	
179	1	2.43	2.43	1.8451	
180	1	2.45	2.45	1.8675	
181	1	2.46	2.46	1.9284	
182	1	2.51	2.51	2.0699	
183	1	2.52	2.52	2.1096	
184	1	2.57	2.57	2.1651	
185	1	2.56	2.56	2.1864	
186	1	2.57	2.57	2.0651	
187	1	2.62	2.62	2.0156	
188	1	2.6	2.6	2.02	
189	1	2.61	2.61	2.0179	
190	1	2.64	2.64	2.1704	
191	1	2.6	2.6	2.18	
192	1	2.63	2.63	2.2331	
193	1	2.69	2.69	2.3139	
194	1	2.72	2.72	2.3216	
195	1	2.73	2.73	2.2571	
196	1	2.83	2.83	2.3811	
197	1	2.8	2.8	2.48	
198	1	2.79	2.79	2.5059	
199	1	2.91	2.91	2.7019	
200	1	2.97	2.97	2.7291	
201	1	2.99	2.99	2.7699	
202	1	3.04	3.04	2.7984	
203	1	3.09	3.09	2.9219	
204	1	3.08	3.08	3.0536	
205	1	3.02	3.02	3.0596	
206	1	3.09	3.09	3.0219	
207	1	3.08	3.08	3.1536	
208	1	3.2	3.2	3.2	
209	1	3.23	3.23	3.3371	
210	1	3.18	3.18	3.2276	
211	1	3.21	3.21	3.2659	
212	1	3.18	3.18	3.2876	
213	1	3.17	3.17	3.3211	
214	1	3.18	3.18	3.4476	
215	1	3.28	3.28	3.5816	
216	1	3.2	3.2	3.6	
217	1	3.23	3.23	3.5371	
218	1	3.27	3.27	3.5371	
219	1	3.36	3.36	3.6104	
220	1	3.34	3.34	3.6444	
221	1	3.39	3.39	3.7179	
222	1	3.37	3.37	3.6931	
223	1	3.37	3.37	3.6931	
224	1	3.44	3.44	3.7264	
225	1	3.53	3.53	3.6491	
226	1	3.54	3.54	3.6884	
227	1	3.62	3.62	3.7156	
228	1	3.63	3.63	3.4931	
229	1	3.67	3.67	3.3811	
230	1	3.7	3.7	3.33	
231	1	3.77	3.77	3.4171	
232	1	3.79	3.79	3.5059	
233	1	3.8	3.8	3.46	
234	1	3.89	3.89	3.3179	
235	1	3.87	3.87	3.3531	
236	1	3.88	3.88	3.3656	
237	1	3.85	3.85	3.3075	
238	1	3.81	3.81	3.3339	
239	1	3.83	3.83	3.2411	
240	1	3.89	3.89	3.2779	
241	1	3.88	3.88	3.2856	
242	1	3.89	3.89	3.2579	
243	1	3.91	3.91	3.1619	
244	1	3.93	3.93	2.9651	
245	1	3.95	3.95	2.9475	
246	1	3.95	3.95	3.0275	
247	1	4	4	3.12	
248	1	4.03	4.03	2.9491	
249	1	4.04	4.04	3.5584	
250	1	4.09	4.09	3.7619	
251	1	4.13	4.13	3.8731	
252	1	4.09	4.09	3.9419	
253	1	4.14	4.14	4.0804	
254	1	4.17	4.17	4.2611	
255	1	4.15	4.15	4.1675	
256	1	4.17	4.17	4.3411	
257	1	4.28	4.28	4.4616	
258	1	4.38	4.38	4.6956	
259	1	4.38	4.38	4.7956	
260	1	4.32	4.32	5.0376	
261	1	4.32	4.32	5.0376	
262	1	4.32	4.32	4.9976	
263	1	4.41	4.41	5.1019	
264	1	4.43	4.43	5.0851	
265	1	4.43	4.43	5.1651	
266	1	4.43	4.43	4.8651	
267	1	4.48	4.48	5.0096	
268	1	4.58	4.58	5.2636	
269	1	4.58	4.58	5.2636	
270	1	4.62	4.62	5.3956	
271	1	4.66	4.66	5.5644	
272	1	4.69	4.69	5.5739	
273	1	4.7	4.7	5.49	
274	1	4.73	4.73	5.3771	
275	1	4.74	4.74	5.4524	
276	1	4.71	4.71	5.4459	
277	1	4.69	4.69	5.4339	
278	1	4.72	4.72	5.6616	
279	1	4.65	4.65	5.7475	
280	1	4.66	4.66	5.7644	
281	1	4.66	4.66	5.7644	
282	1	4.77	4.77	5.8371	
283	1	4.77	4.77	5.8371	
284	1	4.8	4.8	5.88	
285	1	4.82	4.82	5.8876	
286	1	4.86	4.86	6.1804	
287	1	4.89	4.89	6.1979	
288	1	4.88	4.88	6.3656	
289	1	4.89	4.89	6.9579	
290	1	4.9	4.9	6.91	
291	1	4.95	4.95	6.6475	
292	1	4.98	4.98	6.7196	
293	1	4.94	4.94	7.0764	
294	1	4.92	4.92	7.0336	
295	1	4.93	4.93	7.1451	
296	1	4.98	4.98	7.3596	
297	1	5.02	5.02	7.2996	
298	1	5.16	5.16	7.1344	
299	1	5.17	5.17	7.2811	
300	1	5.28	5.28	7.4416	
301	1	5.31	5.31	7.4139	
302	1	5.34	5.34	7.4244	
303	1	5.32	5.32	7.4976	
304	1	5.32	5.32	7.3976	
305	1	5.37	5.37	7.6531	
306	1	5.3	5.3	7.47	
307	1	5.3	5.3	7.39	
308	1	5.31	5.31	7.4539	
309	1	5.26	5.26	7.2324	
310	1	5.39	5.39	7.7379	
311	1	5.43	5.43	7.9451	
312	1	5.45	5.45	7.9875	
313	1	5.43	5.43	7.9051	
314	1	5.49	5.49	8.2699	
315	1	5.47	5.47	8.4491	
316	1	5.47	5.47	8.6091	
317	1	5.48	5.48	8.5696	
318	1	5.51	5.51	8.6899	
319	1	5.5	5.5	8.87	
320	1	5.4	5.4	8.58	
321	1	5.35	5.35	8.7475	
322	1	5.38	5.38	8.9956	
323	1	5.46	5.46	9.0284	
324	1	5.5	5.5	9.21	
325	1	5.56	5.56	9.8264	
326	1	5.59	5.59	9.8619	
327	1	5.55	5.55	9.8475	
328	1	5.64	5.64	10.1504	
329	1	5.8	5.8	10.22	
330	1	5.96	5.96	10.6184	
331	1	5.99	5.99	10.6899	
332	1	6.03	6.03	10.7891	
333	1	6.04	6.04	10.9784	
334	1	6.04	6.04	10.6784	
335	1	6.08	6.08	10.5936	
336	1	6.2	6.2	10.88	
337	1	6.34	6.34	10.6244	
338	1	6.34	6.34	10.7244	
339	1	6.37	6.37	10.2931	
340	1	6.36	6.36	10.1504	
341	1	6.36	6.36	10.1304	
342	1	6.33	6.33	9.9211	
343	1	6.39	6.39	10.1179	
344	1	6.36	6.36	9.6904	
345	1	6.41	6.41	9.9219	
346	1	6.65	6.65	9.7875	
347	1	6.7	6.7	9.67	
348	1	6.75	6.75	9.3075	
349	1	6.92	6.92	9.0136	
350	1	7.05	7.05	8.4075	
351	1	7.13	7.13	8.2331	
352	1	7.13	7.13	8.3131	
353	1	7.12	7.12	8.1656	
354	1	7.13	7.13	8.1731	
355	1	7.27	7.27	8.1971	
356	1	7.33	7.33	8.2211	
357	1	7.27	7.27	8.5971	
358	1	7.32	7.32	8.5976	
359	1	7.31	7.31	8.3139	
360	1	7.32	7.32	8.2176	
361	1	7.27	7.27	8.2171	
362	1	7.32	7.32	7.9776	
363	1	7.45	7.45	8.1475	
364	1	7.44	7.44	7.9664	
365	1	7.42	7.42	8.1036	
366	1	7.44	7.44	8.1264	
367	1	7.46	7.46	8.1284	
368	1	7.48	7.48	8.3496	
369	1	7.51	7.51	8.3699	
370	1	7.48	7.48	8.0496	
371	1	7.54	7.54	8.3684	
372	1	7.58	7.58	8.5436	
373	1	7.64	7.64	8.6904	
374	1	7.62	7.62	8.8356	
375	1	7.57	7.57	9.1051	
376	1	7.64	7.64	8.7904	
377	1	7.68	7.68	8.2376	
378	1	7.67	7.67	8.1411	
379	1	7.71	7.71	7.9659	
380	1	7.78	7.78	8.2116	
381	1	7.76	7.76	8.0824	
382	1	7.8	7.8	8.26	
383	1	7.8	7.8	8.38	
384	1	7.84	7.84	8.2144	
385	1	7.91	7.91	8.3419	
386	1	7.95	7.95	8.2275	
387	1	8.03	8.03	8.4091	
388	1	8.05	8.05	8.6075	
389	1	8.02	8.02	8.1996	
390	1	8.04	8.04	8.0584	
391	1	8.04	8.04	7.6384	
392	1	8.03	8.03	7.8491	
393	1	8.03	8.03	7.7091	
394	1	8.05	8.05	7.9075	
395	1	8.07	8.07	7.9051	
396	1	8.07	8.07	7.9051	
397	1	8.06	8.06	7.9964	
398	1	8.08	8.08	7.9136	
399	1	8.16	8.16	8.0144	
400	1	8.13	8.13	7.8531	
401	1	8.16	8.16	7.8744	
402	1	8.14	8.14	8.0004	
403	1	8.16	8.16	8.1344	
404	1	8.18	8.18	8.3076	
405	1	8.22	8.22	8.2916	
406	1	8.19	8.19	8.4139	
407	1	8.3	8.3	8.33	
408	1	8.37	8.37	8.7731	
409	1	8.41	8.41	9.0019	
410	1	8.48	8.48	9.4896	
411	1	8.51	8.51	9.4899	
412	1	8.58	8.58	9.3836	
413	1	8.61	8.61	9.0779	
414	1	8.56	8.56	8.9464	
415	1	8.55	8.55	8.9475	
416	1	8.62	8.62	8.7556	
417	1	8.61	8.61	8.8179	
418	1	8.64	8.64	9.0304	
419	1	8.71	8.71	8.9059	
420	1	8.67	8.67	9.0611	
421	1	8.71	8.71	9.1659	
422	1	8.71	8.71	9.2859	
423	1	8.76	8.76	9.7624	
424	1	8.87	8.87	9.8731	
425	1	8.88	8.88	10.0856	
426	1	8.86	8.86	10.2204	
427	1	8.86	8.86	10.2404	
428	1	8.84	8.84	10.0344	
429	1	8.82	8.82	10.2476	
430	1	8.83	8.83	10.0011	
431	1	8.79	8.79	10.1659	
432	1	8.75	8.75	10.2675	
433	1	8.74	8.74	10.0324	
434	1	8.76	8.76	10.1424	
435	1	8.86	8.86	9.9804	
436	1	8.86	8.86	9.8204	
437	1	9.01	9.01	10.2699	
438	1	9.04	9.04	10.8184	
439	1	9.05	9.05	11.1875	
440	1	9.1	9.1	11.21	
441	1	9.09	9.09	11.0619	
442	1	9.13	9.13	11.3131	
443	1	9.15	9.15	11.2075	
444	1	9.13	9.13	11.0531	
445	1	9.09	9.09	10.9219	
446	1	9.04	9.04	10.9784	
447	1	9.06	9.06	11.0764	
448	1	9	9	10.66	
449	1	9.06	9.06	10.7964	
450	1	9.13	9.13	10.6931	
451	1	9.14	9.14	10.7404	
452	1	9.24	9.24	11.0224	
453	1	9.27	9.27	11.0771	
454	1	9.32	9.32	11.1376	
455	1	9.43	9.43	11.5251	
456	1	9.46	9.46	11.5684	
457	1	9.48	9.48	11.8696	
458	1	9.53	9.53	12.1291	
459	1	9.56	9.56	11.9264	
460	1	9.51	9.51	12.1499	
461	1	9.54	9.54	12.1284	
462	1	9.56	9.56	12.5464	
463	1	9.56	9.56	12.6064	
464	1	9.64	9.64	12.6304	
465	1	9.67	9.67	12.7011	
466	1	9.74	9.74	12.5124	
467	1	9.66	9.66	12.1644	
468	1	9.71	9.71	12.6059	
469	1	9.72	9.72	12.6416	
470	1	9.68	9.68	12.7576	
471	1	9.7	9.7	13.63	
472	1	9.69	9.69	13.7339	
473	1	9.65	9.65	14.2275	
474	1	9.66	9.66	14.5244	
475	1	9.68	9.68	15.0176	
476	1	9.77	9.77	14.9571	
477	1	9.76	9.76	15.0424	
478	1	9.75	9.75	14.6275	
479	1	9.8	9.8	14.2	
480	1	9.86	9.86	14.0204	
481	1	9.92	9.92	13.8536	
482	1	10	10	14.64	
483	1	10.13	10.13	14.2131	
484	1	10.07	10.07	14.2651	
485	1	10.04	10.04	14.9184	
486	1	10.13	10.13	14.6331	
487	1	10.03	10.03	14.7891	
488	1	10.01	10.01	14.7299	
489	1	9.9	9.9	14.37	
490	1	9.88	9.88	14.3456	
491	1	9.91	9.91	14.5419	
492	1	9.91	9.91	14.4419	
493	1	9.91	9.91	14.4019	
494	1	9.96	9.96	14.4784	
495	1	10.03	10.03	14.9691	
496	1	10	10	14.64	
497	1	10.05	10.05	15.0875	
498	1	10.06	10.06	15.1164	
499	1	10.13	10.13	14.8331	
500	1	10.19	10.19	14.8539	
501	1	10.25	10.25	15.1475	
502	1	10.34	10.34	15.1044	
503	1	10.36	10.36	15.2304	
504	1	10.33	10.33	14.9811	
505	1	10.32	10.32	15.0976	
506	1	10.31	10.31	15.6339	
507	1	10.48	10.48	15.7096	
508	1	10.47	10.47	15.9091	
509	1	10.42	10.42	15.8236	
510	1	10.53	10.53	16.0691	
511	1	10.61	10.61	16.7779	
512	1	10.61	10.61	17.3179	
513	1	10.67	10.67	17.6611	
514	1	10.71	10.71	17.9059	
515	1	10.77	10.77	18.1371	
516	1	10.81	10.81	18.2539	
517	1	10.79	10.79	18.0859	
518	1	10.78	10.78	17.9516	
519	1	10.76	10.76	17.7224	
520	1	10.77	10.77	17.8971	
521	1	10.78	10.78	17.9116	
522	1	10.84	10.84	17.5944	
523	1	10.96	10.96	17.0184	
524	1	11	11	17.32	
525	1	11.09	11.09	17.1019	
526	1	11.11	11.11	16.9379	
527	1	11.01	11.01	17.2299	
528	1	11.19	11.19	16.4739	
529	1	11.21	11.21	16.3059	
530	1	11.2	11.2	16.1	
531	1	11.21	11.21	16.3459	
532	1	11.31	11.31	16.6939	
533	1	11.2	11.2	17.46	
534	1	11.32	11.32	16.6376	
535	1	11.32	11.32	16.8176	
536	1	11.32	11.32	16.7576	
537	1	11.34	11.34	16.8444	
538	1	11.33	11.33	16.5011	
539	1	11.34	11.34	16.6044	
540	1	11.37	11.37	16.4731	
541	1	11.33	11.33	16.1211	
542	1	11.32	11.32	15.9576	
543	1	11.23	11.23	16.2171	
544	1	11.27	11.27	16.4571	
545	1	11.35	11.35	16.3275	
546	1	11.37	11.37	16.4731	
547	1	11.28	11.28	16.8016	
548	1	11.31	11.31	16.6939	
549	1	11.34	11.34	16.6844	
550	1	11.37	11.37	16.2531	
551	1	11.31	11.31	16.2539	
552	1	11.28	11.28	16.4816	
553	1	11.31	11.31	15.9939	
554	1	11.49	11.49	16.0899	
555	1	11.6	11.6	15.7	
556	1	11.61	11.61	15.7379	
557	1	11.57	11.57	16.0451	
558	1	11.57	11.57	16.4051	
559	1	11.66	11.66	16.3244	
560	1	11.56	11.56	16.4264	
561	1	11.46	11.46	16.4284	
562	1	11.43	11.43	16.5051	
563	1	11.48	11.48	16.0696	
564	1	11.58	11.58	16.2236	
565	1	11.62	11.62	16.3156	
566	1	11.61	11.61	16.2179	
567	1	11.65	11.65	16.1075	
568	1	11.69	11.69	15.9939	
569	1	11.67	11.67	15.9011	
570	1	11.67	11.67	15.9011	
571	1	11.68	11.68	15.9976	
572	1	11.6	11.6	16.38	
573	1	11.54	11.54	16.5884	
574	1	11.55	11.55	16.4075	
575	1	11.58	11.58	16.4436	
576	1	11.6	11.6	16.62	
577	1	11.56	11.56	17.6864	
578	1	11.54	11.54	17.6484	
579	1	11.45	11.45	17.2675	
580	1	11.55	11.55	17.2075	
581	1	11.62	11.62	17.6756	
582	1	11.74	11.74	17.8524	
583	1	11.76	11.76	18.1424	
584	1	11.83	11.83	17.6011	
585	1	11.83	11.83	17.6211	
586	1	11.9	11.9	17.09	
587	1	11.9	11.9	17.13	
588	1	11.95	11.95	16.7475	
589	1	11.88	11.88	16.3056	
590	1	11.97	11.97	16.6091	
591	1	11.99	11.99	16.7299	
592	1	11.99	11.99	16.7899	
593	1	12.09	12.09	16.6219	
594	1	12.13	12.13	16.7531	
595	1	12.12	12.12	16.6856	
596	1	12.14	12.14	16.7604	
597	1	12.27	12.27	16.3771	
598	1	12.51	12.51	16.8099	
599	1	12.64	12.64	17.2504	
600	1	12.72	12.72	16.7616	
601	1	12.73	12.73	16.8171	
602	1	12.75	12.75	16.7875	
603	1	12.73	12.73	16.8371	
604	1	12.72	12.72	16.5816	
605	1	12.76	12.76	16.8224	
606	1	12.82	12.82	16.3276	
607	1	12.86	12.86	16.0404	
608	1	12.9	12.9	16.11	
609	1	13.1	13.1	16.07	
610	1	13.27	13.27	16.0971	
611	1	13.31	13.31	16.4339	
612	1	13.42	13.42	15.9636	
613	1	13.34	13.34	16.2244	
614	1	13.33	13.33	16.1811	
615	1	13.48	13.48	16.2496	
616	1	13.51	13.51	16.4299	
617	1	13.5	13.5	16.39	
618	1	13.54	13.54	16.0884	
619	1	13.56	13.56	16.0264	
620	1	13.49	13.49	16.6299	
621	1	13.41	13.41	16.6419	
622	1	13.38	13.38	16.2956	
623	1	13.47	13.47	16.1291	
624	1	13.47	13.47	16.0491	
625	1	13.31	13.31	17.3139	
626	1	13.45	13.45	17.2475	
627	1	13.54	13.54	16.9884	
628	1	13.6	13.6	17.5	
629	1	13.61	13.61	17.4979	
630	1	13.63	13.63	17.4931	
631	1	13.82	13.82	17.4876	
632	1	13.8	13.8	17.58	
633	1	13.82	13.82	16.7476	
634	1	13.83	13.83	17.1011	
635	1	13.9	13.9	17.29	
636	1	13.86	13.86	17.1604	
637	1	13.9	13.9	16.43	
638	1	13.91	13.91	16.6419	
639	1	14.08	14.08	16.9536	
640	1	14.32	14.32	16.3176	
641	1	14.35	14.35	16.3875	
642	1	14.29	14.29	16.0859	
643	1	14.41	14.41	14.9419	
644	1	14.4	14.4	15.02	
645	1	14.47	14.47	15.4891	
646	1	14.49	14.49	15.3699	
647	1	14.58	14.58	15.4636	
648	1	14.69	14.69	14.2939	
649	1	14.91	14.91	13.4419	
650	1	14.97	14.97	14.0291	
651	1	15	15	14.1	
652	1	15.02	15.02	14.2796	
653	1	15.01	15.01	14.2699	
654	1	15.03	15.03	14.1091	
655	1	15.05	15.05	14.2675	
656	1	15	15	14.1	
657	1	15	15	14	
658	1	15.2	15.2	13.18	
659	1	15.22	15.22	13.2516	
660	1	15.39	15.39	12.3179	
661	1	15.37	15.37	12.3931	
662	1	15.5	15.5	12.19	
663	1	15.62	15.62	12.7956	
664	1	15.78	15.78	12.8316	
665	1	15.86	15.86	13.0004	
666	1	15.86	15.86	13.1804	
667	1	15.9	15.9	13.57	
668	1	15.91	15.91	13.9619	
669	1	15.84	15.84	13.8344	
670	1	15.82	15.82	13.9076	
671	1	15.86	15.86	14.3204	
672	1	15.92	15.92	13.7936	
673	1	15.91	15.91	13.8219	
674	1	15.91	15.91	13.9219	
675	1	15.88	15.88	13.7856	
676	1	15.92	15.92	14.3136	
677	1	15.92	15.92	14.2936	
678	1	15.96	15.96	14.6384	
679	1	16.14	16.14	15.3204	
680	1	16.1	16.1	14.93	
681	1	16.03	16.03	14.3891	
682	1	15.91	15.91	13.8219	
683	1	15.85	15.85	13.7675	
684	1	15.84	15.84	13.4544	
685	1	16.03	16.03	14.3691	
686	1	15.84	15.84	13.2544	
687	1	15.86	15.86	13.3204	
688	1	15.88	15.88	13.4256	
689	1	15.87	15.87	13.3131	
690	1	16.02	16.02	13.3996	
691	1	16.05	16.05	13.6675	
692	1	16.05	16.05	14.3675	
693	1	16.07	16.07	14.2051	
694	1	16.05	16.05	14.4675	
695	1	16.16	16.16	15.0944	
696	1	16.13	16.13	14.8731	
697	1	16.19	16.19	15.2139	
698	1	16.34	16.34	14.6844	
699	1	16.4	16.4	14.7	
700	1	16.55	16.55	15.7475	
701	1	16.56	16.56	15.7864	
702	1	16.57	16.57	15.4051	
703	1	16.65	16.65	15.3675	
704	1	16.65	16.65	15.1275	
705	1	16.64	16.64	15.1304	
706	1	16.72	16.72	15.0616	
707	1	16.71	16.71	15.8859	
708	1	16.74	16.74	15.9524	
709	1	16.74	16.74	15.8924	
710	1	16.84	16.84	15.8944	
711	1	16.82	16.82	15.8276	
712	1	16.81	16.81	16.2339	
713	1	16.94	16.94	16.3764	
714	1	16.99	16.99	16.7899	
715	1	16.96	16.96	16.8384	
716	1	17	17	17.02	
717	1	17.01	17.01	16.6699	
718	1	17.15	17.15	16.9875	
719	1	17.29	17.29	16.9859	
720	1	17.49	17.49	17.4299	
721	1	17.53	17.53	17.3691	
722	1	17.52	17.52	17.2296	
723	1	17.62	17.62	17.1156	
724	1	17.6	17.6	17.14	
725	1	17.69	17.69	17.2539	
726	1	17.68	17.68	17.1976	
727	1	17.82	17.82	16.9076	
728	1	17.83	17.83	16.3811	
729	1	17.9	17.9	16.91	
730	1	17.94	17.94	17.0364	
731	1	17.94	17.94	16.9964	
732	1	17.99	17.99	17.5099	
733	1	18	18	17.66	
734	1	17.92	17.92	17.8136	
735	1	17.94	17.94	17.8164	
736	1	17.96	17.96	17.8584	
737	1	18.05	18.05	17.8675	
738	1	17.96	17.96	17.8784	
739	1	17.98	17.98	18.1396	
740	1	17.93	17.93	18.2851	
741	1	17.99	17.99	18.4699	
742	1	18.05	18.05	19.0275	
743	1	18.05	18.05	19.0075	
744	1	18.08	18.08	19.0136	
745	1	18.09	18.09	19.4219	
746	1	18.1	18.1	18.89	
747	1	18.04	18.04	18.3784	
748	1	18.18	18.18	18.9076	
749	1	18.19	18.19	18.4539	
750	1	18.3	18.3	17.93	
751	1	18.3	18.3	18.53	
752	1	18.3	18.3	18.53	
753	1	18.26	18.26	18.5724	
754	1	18.45	18.45	18.8475	
755	1	18.48	18.48	18.8496	
756	1	18.5	18.5	19.05	
757	1	18.7	18.7	18.73	
758	1	18.69	18.69	18.7939	
759	1	18.88	18.88	19.1056	
760	1	19.03	19.03	19.0491	
761	1	19.23	19.23	18.0971	
762	1	19.21	19.21	18.2259	
763	1	19.29	19.29	17.5459	
764	1	19.38	19.38	17.6156	
765	1	19.36	19.36	18.0304	
766	1	19.3	19.3	17.65	
767	1	19.3	19.3	17.85	
768	1	19.4	19.4	17.92	
769	1	19.35	19.35	17.8475	
770	1	19.29	19.29	18.1059	
771	1	19.26	19.26	17.8724	
772	1	19.41	19.41	18.2219	
773	1	19.48	19.48	18.0696	
774	1	19.45	19.45	17.9475	
775	1	19.36	19.36	18.5304	
776	1	19.41	19.41	19.0219	
777	1	19.56	19.56	19.4264	
778	1	19.71	19.71	19.6459	
779	1	19.76	19.76	19.7424	
780	1	19.87	19.87	19.7731	
781	1	19.89	19.89	19.7779	
782	1	19.95	19.95	20.0475	
783	1	20.1	20.1	19.09	
784	1	20.21	20.21	19.7859	
785	1	20.19	20.19	20.1539	
786	1	20.25	20.25	20.4275	
787	1	20.3	20.3	19.59	
788	1	20.32	20.32	19.0776	
789	1	20.35	20.35	18.0275	
790	1	20.36	20.36	18.0704	
791	1	20.38	20.38	17.5556	
792	1	20.42	20.42	17.8036	
793	1	20.44	20.44	18.2864	
794	1	20.45	20.45	18.4275	
795	1	20.63	20.63	18.1931	
796	1	20.67	20.67	18.3211	
797	1	20.59	20.59	18.0619	
798	1	20.6	20.6	17.82	
799	1	20.67	20.67	18.0811	
800	1	20.67	20.67	18.0011	
801	1	20.79	20.79	17.7259	
802	1	20.8	20.8	17.9	
803	1	20.85	20.85	18.1675	
804	1	20.85	20.85	18.2675	
805	1	20.86	20.86	18.4404	
806	1	20.88	20.88	18.4856	
807	1	20.95	20.95	18.8475	
808	1	20.97	20.97	18.9291	
809	1	21.01	21.01	19.1299	
810	1	20.97	20.97	18.9491	
811	1	20.96	20.96	18.6984	
812	1	20.98	20.98	18.8196	
813	1	21.11	21.11	17.9579	
814	1	21.17	21.17	18.2211	
815	1	21.15	21.15	18.5075	
816	1	21.19	21.19	18.3139	
817	1	21.17	21.17	18.0811	
818	1	21.31	21.31	17.5139	
819	1	21.34	21.34	17.2444	
820	1	21.32	21.32	17.1176	
821	1	21.41	21.41	17.4019	
822	1	21.42	21.42	17.6436	
823	1	21.43	21.43	17.6451	
824	1	21.41	21.41	17.5419	
825	1	21.42	21.42	17.7036	
826	1	21.37	21.37	17.6531	
827	1	21.39	21.39	17.6979	
828	1	21.46	21.46	17.5884	
829	1	21.43	21.43	17.5251	
830	1	21.44	21.44	17.3864	
831	1	21.49	21.49	17.5499	
832	1	21.54	21.54	16.5484	
833	1	21.5	21.5	16.45	
834	1	21.53	21.53	16.5291	
835	1	21.49	21.49	16.4699	
836	1	21.45	21.45	16.7075	
837	1	21.51	21.51	16.7699	
838	1	21.57	21.57	16.8051	
839	1	21.59	21.59	17.6219	
840	1	21.59	21.59	17.5019	
841	1	21.61	21.61	17.6579	
842	1	21.64	21.64	17.6504	
843	1	21.67	21.67	17.8011	
844	1	21.74	21.74	16.5724	
845	1	21.74	21.74	16.5724	
846	1	21.69	21.69	16.2739	
847	1	21.6	21.6	17.34	
848	1	21.6	21.6	17.34	
849	1	21.67	21.67	17.4611	
850	1	21.66	21.66	17.3644	
851	1	21.73	21.73	17.6371	
852	1	21.84	21.84	17.9144	
853	1	21.8	21.8	17.72	
854	1	21.86	21.86	17.7604	
855	1	21.87	21.87	17.7931	
856	1	21.92	21.92	17.8536	
857	1	21.96	21.96	17.8984	
858	1	22.01	22.01	18.0299	
859	1	21.98	21.98	18.9196	
860	1	21.97	21.97	18.9891	
861	1	21.83	21.83	19.7411	
862	1	21.92	21.92	20.0336	
863	1	21.94	21.94	20.2364	
864	1	21.87	21.87	19.7331	
865	1	21.88	21.88	19.9256	
866	1	21.91	21.91	19.6219	
867	1	21.86	21.86	19.6604	
868	1	21.84	21.84	19.5744	
869	1	21.87	21.87	19.7131	
870	1	21.93	21.93	20.2251	
871	1	21.97	21.97	20.4891	
872	1	21.96	21.96	20.4384	
873	1	22.1	22.1	21.25	
874	1	22.13	22.13	21.4131	
875	1	22.12	22.12	21.4456	
876	1	22.17	22.17	21.1811	
877	1	22.23	22.23	20.8171	
878	1	22.16	22.16	20.8344	
879	1	22.29	22.29	21.3059	
880	1	22.28	22.28	21.5216	
881	1	22.36	22.36	20.9904	
882	1	22.44	22.44	21.4664	
883	1	22.42	22.42	21.3236	
884	1	22.41	22.41	21.2619	
885	1	22.52	22.52	19.8096	
886	1	22.62	22.62	18.5556	
887	1	22.63	22.63	18.5931	
888	1	22.47	22.47	19.9891	
889	1	22.46	22.46	20.2084	
890	1	22.44	22.44	20.0264	
891	1	22.44	22.44	20.3264	
892	1	22.41	22.41	20.1019	
893	1	22.52	22.52	20.4696	
894	1	22.54	22.54	20.4884	
895	1	22.52	22.52	20.4696	
896	1	22.55	22.55	20.6875	
897	1	22.51	22.51	21.1899	
898	1	22.52	22.52	21.0496	
899	1	22.57	22.57	20.7651	
900	1	22.49	22.49	20.5299	
901	1	22.45	22.45	20.5075	
902	1	22.45	22.45	20.7275	
903	1	22.41	22.41	20.0219	
904	1	22.52	22.52	20.3696	
905	1	22.56	22.56	20.7264	
906	1	22.6	22.6	20.9	
907	1	22.6	22.6	21.16	
908	1	22.58	22.58	20.8836	
909	1	22.55	22.55	20.5875	
910	1	22.51	22.51	20.4699	
911	1	22.58	22.58	20.9436	
912	1	22.58	22.58	20.9036	
913	1	22.53	22.53	20.7291	
914	1	22.51	22.51	21.0899	
915	1	22.57	22.57	20.9051	
916	1	22.53	22.53	20.7691	
917	1	22.45	22.45	20.3475	
918	1	22.42	22.42	20.0036	
919	1	22.36	22.36	20.1104	
920	1	22.57	22.57	20.6651	
921	1	22.5	22.5	20.27	
922	1	22.52	22.52	20.3296	
923	1	22.52	22.52	20.7296	
924	1	22.53	22.53	20.9691	
925	1	22.52	22.52	20.8496	
926	1	22.53	22.53	21.3691	
927	1	22.49	22.49	21.1299	
928	1	22.56	22.56	20.4864	
929	1	22.6	22.6	20.76	
930	1	22.71	22.71	21.0459	
931	1	22.75	22.75	21.5275	
932	1	22.79	22.79	21.6859	
933	1	22.75	22.75	21.6275	
934	1	22.78	22.78	21.6116	
935	1	22.9	22.9	21.71	
936	1	22.87	22.87	21.0531	
937	1	22.95	22.95	21.5875	
938	1	23.01	23.01	21.7299	
939	1	22.96	22.96	21.5984	
940	1	22.97	22.97	21.7691	
941	1	23.05	23.05	22.1875	
942	1	23.11	23.11	21.6579	
943	1	23.25	23.25	22.4675	
944	1	23.27	23.27	22.4371	
945	1	23.33	23.33	22.7011	
946	1	23.3	23.3	22.39	
947	1	23.27	23.27	22.2971	
948	1	23.32	23.32	22.6176	
949	1	23.24	23.24	22.7624	
950	1	23.29	23.29	23.3859	
951	1	23.27	23.27	23.2571	
952	1	23.28	23.28	23.4616	
953	1	23.39	23.39	24.5579	
954	1	23.36	23.36	24.2304	
955	1	23.32	23.32	23.7976	
956	1	23.25	23.25	22.9275	
957	1	23.28	23.28	23.4016	
958	1	23.44	23.44	24.2264	
959	1	23.45	23.45	24.6675	
960	1	23.67	23.67	23.2811	
961	1	23.73	23.73	23.2571	
962	1	23.75	23.75	23.1875	
963	1	23.76	23.76	23.3424	
964	1	23.7	23.7	24.03	
965	1	23.78	23.78	24.4316	
966	1	23.82	23.82	24.7876	
967	1	23.85	23.85	24.6675	
968	1	23.95	23.95	25.5075	
969	1	23.91	23.91	25.5019	
970	1	23.92	23.92	25.3736	
971	1	23.97	23.97	24.3891	
972	1	23.92	23.92	23.9536	
973	1	23.92	23.92	23.6736	
974	1	23.99	23.99	23.9299	
975	1	23.91	23.91	23.7819	
976	1	23.91	23.91	23.7219	
977	1	23.95	23.95	24.0875	
978	1	23.93	23.93	23.9851	
979	1	23.91	23.91	23.5219	
980	1	23.91	23.91	23.4819	
981	1	23.98	23.98	23.6996	
982	1	23.99	23.99	23.2499	
983	1	24.08	24.08	23.2936	
984	1	24.16	24.16	23.5944	
985	1	24.25	24.25	23.7875	
986	1	24.27	24.27	23.9171	
987	1	24.21	24.21	24.3859	
988	1	24.18	24.18	25.0876	
989	1	24.09	24.09	24.4019	
990	1	24.12	24.12	24.1456	
991	1	24.18	24.18	24.7276	
992	1	24.21	24.21	25.0259	
993	1	24.19	24.19	25.0539	
994	1	24.17	24.17	25.0811	
995	1	24.24	24.24	24.3824	
996	1	24.26	24.26	24.4924	
997	1	24.25	24.25	24.1875	
998	1	24.24	24.24	24.1024	
999	1	24.26	24.26	24.3124	
1000	1	24.33	24.33	24.2611	
1001	1	24.41	24.41	24.8019	
1002	1	24.49	24.49	24.0099	
1003	1	24.42	24.42	23.8636	
1004	1	24.48	24.48	24.3496	
1005	1	24.53	24.53	24.9691	
1006	1	24.54	24.54	25.0284	
1007	1	24.54	24.54	25.1884	
1008	1	24.63	24.63	24.2131	
1009	1	24.7	24.7	24.57	
1010	1	24.71	24.71	24.5059	
1011	1	24.67	24.67	24.1411	
1012	1	24.68	24.68	24.1976	
1013	1	24.69	24.69	24.4139	
1014	1	24.82	24.82	25.3276	
1015	1	24.83	24.83	25.0811	
1016	1	24.76	24.76	24.6824	
1017	1	24.79	24.79	24.5459	
1018	1	24.85	24.85	24.1675	
1019	1	24.87	24.87	24.3331	
1020	1	25	25	23.86	
1021	1	25.01	25.01	24.2899	
1022	1	25.09	25.09	24.7019	
1023	1	25.07	25.07	25.0651	
1024	1	25.11	25.11	25.1779	
1025	1	25.16	25.16	25.6344	
1026	1	25.17	25.17	25.8611	
1027	1	25.2	25.2	26.18	
1028	1	25.25	25.25	26.5275	
1029	1	25.32	25.32	26.7976	
1030	1	25.31	25.31	26.7139	
1031	1	25.27	25.27	26.4971	
1032	1	25.21	25.21	26.4259	
1033	1	25.29	25.29	26.4459	
1034	1	25.26	25.26	26.6924	
1035	1	25.26	25.26	27.0524	
1036	1	25.32	25.32	26.5776	
1037	1	25.35	25.35	26.6475	
1038	1	25.42	25.42	27.1836	
1039	1	25.31	25.31	26.4139	
1040	1	25.29	25.29	26.1659	
1041	1	25.4	25.4	26.62	
1042	1	25.37	25.37	26.3131	
1043	1	25.34	25.34	26.1244	
1044	1	25.33	25.33	26.1011	
1045	1	25.35	25.35	26.2875	
1046	1	25.33	25.33	26.3811	
1047	1	25.33	25.33	26.2811	
1048	1	25.37	25.37	25.8731	
1049	1	25.37	25.37	25.7731	
1050	1	25.41	25.41	26.2419	
1051	1	25.32	25.32	26.4176	
1052	1	25.32	25.32	27.4176	
1053	1	25.41	25.41	27.0419	
1054	1	25.41	25.41	27.3619	
1055	1	25.38	25.38	27.2756	
1056	1	25.45	25.45	27.3075	
1057	1	25.45	25.45	27.5275	
1058	1	25.47	25.47	27.5291	
1059	1	25.58	25.58	27.4636	
1060	1	25.53	25.53	27.9491	
1061	1	25.49	25.49	28.1299	
1062	1	25.48	25.48	27.9696	
1063	1	25.54	25.54	28.5884	
1064	1	25.73	25.73	29.2571	
1065	1	25.73	25.73	29.7171	
1066	1	25.86	25.86	30.7004	
1067	1	25.98	25.98	31.4996	
1068	1	26.04	26.04	32.0184	
1069	1	26.14	26.14	32.7804	
1070	1	26.17	26.17	33.0011	
1071	1	26.23	26.23	33.1171	
1072	1	26.21	26.21	32.9659	
1073	1	26.23	26.23	33.3171	
1074	1	26.25	26.25	33.5275	
1075	1	26.25	26.25	33.9075	
1076	1	26.33	26.33	34.8611	
1077	1	26.37	26.37	34.9131	
1078	1	26.44	26.44	34.4264	
1079	1	26.51	26.51	34.4899	
1080	1	26.57	26.57	34.9051	
1081	1	26.64	26.64	35.0304	
1082	1	26.63	26.63	34.9331	
1083	1	26.7	26.7	35.39	
1084	1	26.73	26.73	35.7971	
1085	1	26.77	26.77	36.4171	
1086	1	26.75	26.75	36.2475	
1087	1	26.74	26.74	36.1524	
1088	1	26.78	26.78	36.8316	
1089	1	26.74	26.74	36.2124	
1090	1	26.72	26.72	36.9416	
1091	1	26.63	26.63	36.2931	
1092	1	26.69	26.69	36.7539	
1093	1	26.73	26.73	37.4371	
1094	1	26.7	26.7	37.35	
1095	1	26.69	26.69	37.1339	
1096	1	26.72	26.72	37.3816	
1097	1	26.64	26.64	36.8304	
1098	1	26.73	26.73	36.9571	
1099	1	26.71	26.71	36.7059	
1100	1	26.79	26.79	36.5459	
1101	1	26.64	26.64	34.9304	
1102	1	26.67	26.67	35.2211	
1103	1	26.59	26.59	34.5619	
1104	1	26.67	26.67	34.6211	
1105	1	26.67	26.67	34.7611	
1106	1	26.82	26.82	35.4676	
1107	1	26.84	26.84	35.7144	
1108	1	26.95	26.95	35.6675	
1109	1	26.96	26.96	33.9984	
1110	1	27	27	34.26	
1111	1	27.06	27.06	34.3564	
1112	1	27.02	27.02	35.6196	
1113	1	27.02	27.02	35.4396	
1114	1	26.99	26.99	35.2899	
1115	1	27.12	27.12	36.0256	
1116	1	27.14	27.14	36.4204	
1117	1	27.17	27.17	35.8611	
1118	1	27.17	27.17	36.0211	
1119	1	27.14	27.14	36.3804	
1120	1	27.18	27.18	35.8876	
1121	1	27.22	27.22	36.3316	
1122	1	27.26	27.26	35.2724	
1123	1	27.4	27.4	35.46	
1124	1	27.46	27.46	34.4284	
1125	1	27.43	27.43	34.9251	
1126	1	27.45	27.45	34.8475	
1127	1	27.52	27.52	35.4496	
1128	1	27.53	27.53	35.5091	
1129	1	27.51	27.51	34.9099	
1130	1	27.43	27.43	34.5451	
1131	1	27.43	27.43	35.3051	
1132	1	27.42	27.42	35.1636	
1133	1	27.36	27.36	35.2504	
1134	1	27.33	27.33	34.0211	
1135	1	27.36	27.36	34.1904	
1136	1	27.44	27.44	34.1064	
1137	1	27.53	27.53	34.0491	
1138	1	27.62	27.62	34.0156	
1139	1	27.63	27.63	34.3731	
1140	1	27.61	27.61	34.3979	
1141	1	27.62	27.62	34.3356	
1142	1	27.6	27.6	34.36	
1143	1	27.72	27.72	34.4416	
1144	1	27.89	27.89	34.5379	
1145	1	27.93	27.93	34.4451	
1146	1	27.95	27.95	34.5075	
1147	1	27.9	27.9	34.41	
1148	1	27.89	27.89	34.2379	
1149	1	27.85	27.85	33.9675	
1150	1	27.9	27.9	34.35	
1151	1	27.93	27.93	34.6051	
1152	1	27.93	27.93	33.7451	
1153	1	27.98	27.98	34.2596	
1154	1	28.03	28.03	34.5891	
1155	1	28.05	28.05	34.9275	
1156	1	28.02	28.02	34.7396	
1157	1	28.01	28.01	34.4099	
1158	1	28	28	34.42	
1159	1	27.95	27.95	35.6875	
1160	1	28	28	35.94	
1161	1	28.08	28.08	36.4736	
1162	1	28.29	28.29	35.2459	
1163	1	28.29	28.29	35.2459	
1164	1	28.3	28.3	35.25	
1165	1	28.29	28.29	36.4259	
1166	1	28.29	28.29	36.5059	
1167	1	28.29	28.29	36.4459	
1168	1	28.45	28.45	36.5075	
1169	1	28.48	28.48	35.3496	
1170	1	28.51	28.51	35.4299	
1171	1	28.53	28.53	35.5691	
1172	1	28.63	28.63	36.1531	
1173	1	28.69	28.69	36.0139	
1174	1	28.68	28.68	35.9176	
1175	1	28.68	28.68	35.1976	
1176	1	28.7	28.7	35.29	
1177	1	28.66	28.66	35.1444	
1178	1	28.64	28.64	35.1704	
1179	1	28.64	28.64	35.1704	
1180	1	28.69	28.69	35.5539	
1181	1	28.9	28.9	34.21	
1182	1	28.98	28.98	34.6196	
1183	1	29.09	29.09	33.4419	
1184	1	29.1	29.1	33.63	
1185	1	29.04	29.04	33.4584	
1186	1	29.1	29.1	33.93	
1187	1	29.1	29.1	33.93	
1188	1	29.08	29.08	33.4736	
1189	1	29.12	29.12	33.8256	
1190	1	29.22	29.22	34.0916	
1191	1	29.29	29.29	34.2459	
1192	1	29.36	29.36	34.1504	
1193	1	29.59	29.59	32.8819	
1194	1	29.51	29.51	35.1299	
1195	1	29.52	29.52	34.3296	
1196	1	29.56	29.56	34.1464	
1197	1	29.58	29.58	34.3636	
1198	1	29.64	29.64	34.3704	
1199	1	29.63	29.63	34.2531	
1200	1	29.58	29.58	34.1036	
1201	1	29.55	29.55	33.6675	
1202	1	29.59	29.59	34.0819	
1203	1	29.62	29.62	34.2156	
1204	1	29.69	29.69	33.3539	
1205	1	29.74	29.74	33.1124	
1206	1	29.74	29.74	33.1124	
1207	1	29.79	29.79	33.6259	
1208	1	29.76	29.76	33.6224	
1209	1	29.77	29.77	33.8371	
1210	1	29.75	29.75	33.9475	
1211	1	29.81	29.81	34.3339	
1212	1	29.83	29.83	34.4011	
1213	1	29.84	29.84	34.7544	
1214	1	29.82	29.82	34.3476	
1215	1	29.86	29.86	34.7204	
1216	1	29.9	29.9	34.49	
1217	1	29.94	29.94	34.7364	
1218	1	29.95	29.95	34.7475	
1219	1	30.09	30.09	32.5819	
1220	1	30.13	30.13	33.0131	
1221	1	30.17	30.17	33.0811	
1222	1	30.2	30.2	33.34	
1223	1	30.23	30.23	33.5971	
1224	1	30.29	30.29	33.9859	
1225	1	30.28	30.28	34.0016	
1226	1	30.25	30.25	33.6675	
1227	1	30.3	30.3	34.15	
1228	1	30.32	30.32	34.0176	
1229	1	30.31	30.31	33.8739	
1230	1	30.33	30.33	34.1811	
1231	1	30.3	30.3	34.43	
1232	1	30.51	30.51	32.7099	
1233	1	30.55	30.55	32.8475	
1234	1	30.58	30.58	33.4436	
1235	1	30.82	30.82	31.9876	
1236	1	30.81	30.81	31.9139	
1237	1	30.77	30.77	31.3771	
1238	1	30.76	30.76	32.2424	
1239	1	30.82	30.82	32.8476	
1240	1	30.82	30.82	32.8476	
1241	1	30.89	30.89	33.2379	
1242	1	30.89	30.89	33.2379	
1243	1	30.89	30.89	33.1779	
1244	1	30.94	30.94	33.4364	
1245	1	31.06	31.06	33.6564	
1246	1	31.22	31.22	33.2916	
1247	1	31.28	31.28	33.1616	
1248	1	31.39	31.39	33.1179	
1249	1	31.41	31.41	32.9019	
1250	1	31.42	31.42	33.1836	
1251	1	31.35	31.35	32.8075	
1252	1	31.34	31.34	32.7644	
1253	1	31.31	31.31	32.5139	
1254	1	31.32	31.32	32.7576	
1255	1	31.55	31.55	30.8875	
1256	1	31.53	31.53	30.8691	
1257	1	31.51	31.51	30.2299	
1258	1	31.56	31.56	29.9464	
1259	1	31.53	31.53	29.7091	
1260	1	31.55	31.55	29.6675	
1261	1	31.62	31.62	30.1556	
1262	1	31.66	31.66	30.3644	
1263	1	31.64	31.64	30.2704	
1264	1	31.62	31.62	30.0956	
1265	1	31.65	31.65	29.2475	
1266	1	31.69	31.69	29.0939	
1267	1	31.72	31.72	29.2216	
1268	1	31.71	31.71	29.3059	
1269	1	31.7	31.7	29.11	
1270	1	31.73	31.73	29.3771	
1271	1	31.69	31.69	29.0339	
1272	1	31.66	31.66	28.8244	
1273	1	31.6	31.6	29.6	
1274	1	31.55	31.55	29.2275	
1275	1	31.6	31.6	29.44	
1276	1	31.64	31.64	29.7104	
1277	1	31.63	31.63	29.6531	
1278	1	31.61	31.61	29.4379	
1279	1	31.61	31.61	30.1779	
1280	1	31.6	31.6	30.32	
1281	1	31.66	31.66	29.7444	
1282	1	31.64	31.64	29.6104	
1283	1	31.58	31.58	29.5636	
1284	1	31.64	31.64	29.8904	
1285	1	31.58	31.58	29.4036	
1286	1	31.61	31.61	29.4579	
1287	1	31.71	31.71	29.9259	
1288	1	31.72	31.72	29.7016	
1289	1	31.84	31.84	29.8344	
1290	1	31.83	31.83	29.8011	
1291	1	32.13	32.13	28.0331	
1292	1	32.14	32.14	27.8204	
1293	1	32.18	32.18	28.0276	
1294	1	32.21	32.21	28.1259	
1295	1	32.17	32.17	28.0011	
1296	1	32.18	32.18	27.9476	
1297	1	32.19	32.19	27.9539	
1298	1	32.22	32.22	27.8916	
1299	1	32.29	32.29	27.4659	
1300	1	32.23	32.23	28.1771	
1301	1	32.23	32.23	28.2971	
1302	1	32.21	32.21	28.3659	
1303	1	32.19	32.19	29.3139	
1304	1	32.24	32.24	29.8424	
1305	1	32.24	32.24	29.8624	
1306	1	32.31	32.31	30.1539	
1307	1	32.32	32.32	30.3176	
1308	1	32.35	32.35	30.5475	
1309	1	32.47	32.47	30.4491	
1310	1	32.46	32.46	30.1284	
1311	1	32.5	32.5	30.35	
1312	1	32.67	32.67	27.6011	
1313	1	32.63	32.63	28.0331	
1314	1	32.68	32.68	28.2376	
1315	1	32.95	32.95	25.0075	
1316	1	32.94	32.94	24.9764	
1317	1	32.93	32.93	25.1451	
1318	1	32.79	32.79	28.4059	
1319	1	32.77	32.77	28.3771	
1320	1	32.85	32.85	28.6275	
1321	1	32.94	32.94	28.3964	
1322	1	32.96	32.96	28.5384	
1323	1	32.84	32.84	28.8744	
1324	1	32.89	32.89	28.8179	
1325	1	33.16	33.16	25.0944	
1326	1	33.21	33.21	25.0659	
1327	1	33.19	33.19	25.0739	
1328	1	33.23	33.23	25.1771	
1329	1	33.28	33.28	25.4216	
1330	1	33.34	33.34	25.7444	
1331	1	33.37	33.37	25.9731	
1332	1	33.31	33.31	25.8739	
1333	1	33.3	33.3	25.37	
1334	1	33.27	33.27	25.2971	
1335	1	33.05	33.05	28.7875	
1336	1	33.18	33.18	28.8076	
1337	1	33.27	33.27	29.0771	
1338	1	33.31	33.31	29.0139	
1339	1	33.36	33.36	28.1904	
1340	1	33.42	33.42	28.5236	
1341	1	33.42	33.42	29.7436	
1342	1	33.5	33.5	30.37	
1343	1	33.28	33.28	34.0816	
1344	1	33.52	33.52	30.4696	
1345	1	33.57	33.57	30.8651	
1346	1	33.63	33.63	31.1931	
1347	1	33.61	33.61	31.0179	
1348	1	33.56	33.56	31.1664	
1349	1	33.57	33.57	31.1251	
1350	1	33.83	33.83	27.6011	
1351	1	33.87	33.87	27.8131	
1352	1	34.12	34.12	24.1856	
1353	1	34.08	34.08	23.8336	
1354	1	34.08	34.08	22.6936	
1355	1	34.17	34.17	21.2811	
1356	1	34.18	34.18	21.3476	
1357	1	34.21	34.21	21.1859	
1358	1	34.28	34.28	21.7016	
1359	1	34.15	34.15	21.8075	
1360	1	34.13	34.13	21.5731	
1361	1	34.15	34.15	21.3675	
1362	1	34.18	34.18	21.4676	
1363	1	34.1	34.1	21.43	
1364	1	34.19	34.19	20.6739	
1365	1	34.16	34.16	20.5544	
1366	1	34.22	34.22	20.8116	
1367	1	34.24	34.24	20.9824	
1368	1	34.32	34.32	20.6776	
1369	1	34.36	34.36	20.2104	
1370	1	34.43	34.43	19.2051	
1371	1	34.41	34.41	19.3619	
1372	1	34.56	34.56	19.7464	
1373	1	34.55	34.55	19.7475	
1374	1	34.52	34.52	19.7496	
1375	1	34.5	34.5	20.07	
1376	1	34.64	34.64	19.9304	
1377	1	34.82	34.82	19.8676	
1378	1	34.82	34.82	19.3476	
1379	1	34.87	34.87	19.7131	
1380	1	35.01	35.01	20.1499	
1381	1	35.07	35.07	20.5451	
1382	1	35.2	35.2	21.14	
1383	1	35.25	35.25	21.1475	
1384	1	35.29	35.29	21.5459	
1385	1	35.39	35.39	22.1179	
1386	1	35.36	35.36	22.0504	
1387	1	35.26	35.26	21.7524	
1388	1	35.31	35.31	21.6739	
1389	1	35.37	35.37	21.8331	
1390	1	35.39	35.39	21.9979	
1391	1	35.47	35.47	22.3291	
1392	1	35.38	35.38	21.7756	
1393	1	35.39	35.39	21.7779	
1394	1	35.34	35.34	21.4444	
1395	1	35.35	35.35	21.1075	
1396	1	35.49	35.49	21.9299	
1397	1	35.5	35.5	21.89	
1398	1	35.56	35.56	22.2464	
1399	1	35.57	35.57	22.5451	
1400	1	35.54	35.54	22.2484	
1401	1	35.48	35.48	22.8896	
1402	1	35.53	35.53	23.0891	
1403	1	35.59	35.59	23.5219	
1404	1	35.63	35.63	24.1331	
1405	1	35.75	35.75	24.8875	
1406	1	35.89	35.89	26.1579	
1407	1	35.84	35.84	25.8944	
1408	1	35.83	35.83	25.9811	
1409	1	35.88	35.88	26.3456	
1410	1	35.87	35.87	26.4931	
1411	1	36.12	36.12	26.6856	
1412	1	36.09	36.09	26.4619	
1413	1	36.28	36.28	25.9016	
1414	1	36.29	36.29	26.2659	
1415	1	36.36	36.36	26.6704	
1416	1	36.55	36.55	27.7475	
1417	1	36.57	36.57	27.6851	
1418	1	36.54	36.54	27.2484	
1419	1	36.54	36.54	27.1884	
1420	1	36.74	36.74	25.6324	
1421	1	36.76	36.76	25.8824	
1422	1	36.75	36.75	25.8275	
1423	1	36.8	36.8	25.18	
1424	1	36.83	36.83	25.2811	
1425	1	36.85	36.85	25.3275	
1426	1	36.89	36.89	25.0979	
1427	1	36.85	36.85	24.8475	
1428	1	36.83	36.83	25.0411	
1429	1	36.83	36.83	24.7811	
1430	1	36.91	36.91	25.1819	
1431	1	36.93	36.93	25.4051	
1432	1	37.03	37.03	26.2891	
1433	1	37	37	26.36	
1434	1	37	37	26.58	
1435	1	37.06	37.06	26.9964	
1436	1	37.23	37.23	25.1571	
1437	1	37.45	37.45	25.8275	
1438	1	37.43	37.43	25.8251	
1439	1	37.46	37.46	26.1284	
1440	1	37.45	37.45	26.3075	
1441	1	37.54	37.54	23.5684	
1442	1	37.54	37.54	23.5684	
1443	1	37.56	37.56	23.9064	
1444	1	37.57	37.57	24.0451	
1445	1	37.56	37.56	23.9464	
1446	1	37.61	37.61	24.1379	
1447	1	37.65	37.65	23.5475	
1448	1	37.81	37.81	22.9739	
1449	1	37.81	37.81	22.8539	
1450	1	37.88	37.88	23.4656	
1451	1	37.91	37.91	23.7219	
1452	1	38.03	38.03	24.2491	
1453	1	38.11	38.11	24.9979	
1454	1	38.18	38.18	23.9876	
1455	1	38.28	38.28	24.6216	
1456	1	38.36	38.36	24.8104	
1457	1	38.37	38.37	24.8531	
1458	1	38.65	38.65	21.1475	
1459	1	38.5	38.5	20.79	
1460	1	38.49	38.49	20.6899	
1461	1	38.53	38.53	21.0091	
1462	1	38.71	38.71	20.6259	
1463	1	38.68	38.68	20.6576	
1464	1	38.74	38.74	21.3324	
1465	1	38.72	38.72	21.3016	
1466	1	38.71	38.71	21.4059	
1467	1	38.79	38.79	19.4659	
1468	1	38.84	38.84	19.9344	
1469	1	38.67	38.67	20.1011	
1470	1	38.74	38.74	20.8124	
1471	1	38.84	38.84	20.5344	
1472	1	38.89	38.89	20.6779	
1473	1	38.87	38.87	20.5731	
1474	1	38.78	38.78	20.9516	
1475	1	38.84	38.84	20.9744	
1476	1	38.94	38.94	21.5364	
1477	1	38.85	38.85	21.0275	
1478	1	38.97	38.97	21.8691	
1479	1	39.01	39.01	22.1899	
1480	1	39	39	22.16	
1481	1	39.21	39.21	22.9659	
1482	1	39.31	39.31	23.7739	
1483	1	39.37	39.37	24.3731	
1484	1	39.48	39.48	24.2496	
1485	1	39.51	39.51	24.3299	
1486	1	39.55	39.55	24.2475	
1487	1	39.63	39.63	23.7931	
1488	1	39.66	39.66	23.8444	
1489	1	39.77	39.77	23.8371	
1490	1	39.74	39.74	24.2124	
1491	1	39.82	39.82	24.3276	
1492	1	39.92	39.92	24.5536	
1493	1	39.98	39.98	24.4596	
1494	1	39.97	39.97	24.3091	
1495	1	40.09	40.09	25.3619	
1496	1	40.21	40.21	26.0259	
1497	1	40.22	40.22	26.1716	
1498	1	40.23	40.23	26.1771	
1499	1	40.21	40.21	25.7659	
1500	1	40.22	40.22	25.9116	
1501	1	40.26	40.26	25.4924	
1502	1	40.22	40.22	25.4516	
1503	1	40.19	40.19	25.6139	
1504	1	40.23	40.23	25.6771	
1505	1	40.18	40.18	25.6876	
1506	1	40.24	40.24	26.2024	
1507	1	40.39	40.39	26.8779	
1508	1	40.4	40.4	26.82	
1509	1	40.41	40.41	27.2019	
1510	1	40.49	40.49	27.1899	
1511	1	40.56	40.56	27.2664	
1512	1	40.53	40.53	27.4491	
1513	1	40.55	40.55	27.2675	
1514	1	40.61	40.61	27.4979	
1515	1	40.61	40.61	27.3379	
1516	1	40.57	40.57	27.5851	
1517	1	40.71	40.71	28.0059	
1518	1	40.74	40.74	27.9724	
1519	1	40.77	40.77	28.1971	
1520	1	40.82	40.82	28.0676	
1521	1	40.85	40.85	27.9075	
1522	1	40.89	40.89	28.3379	
1523	1	40.88	40.88	28.7656	
1524	1	40.96	40.96	29.3184	
1525	1	40.96	40.96	29.5384	
1526	1	40.92	40.92	28.9736	
1527	1	40.87	40.87	28.2731	
1528	1	40.86	40.86	28.5004	
1529	1	40.97	40.97	28.9091	
1530	1	41.04	41.04	28.8184	
1531	1	41.08	41.08	29.3136	
1532	1	41.2	41.2	28	
1533	1	41.2	41.2	27.9	
1534	1	41.16	41.16	28.0944	
1535	1	41.2	41.2	28.54	
1536	1	41.22	41.22	28.6116	
1537	1	41.23	41.23	28.7971	
1538	1	41.26	41.26	28.4124	
1539	1	41.31	41.31	28.7939	
1540	1	41.32	41.32	28.9376	
1541	1	41.39	41.39	29.1579	
1542	1	41.37	41.37	29.4531	
1543	1	41.36	41.36	29.6104	
1544	1	41.4	41.4	30.2	
1545	1	41.52	41.52	28.1896	
1546	1	41.57	41.57	28.9451	
1547	1	41.78	41.78	28.7116	
1548	1	41.76	41.76	28.5824	
1549	1	41.76	41.76	28.7224	
1550	1	41.79	41.79	29.0459	
1551	1	41.81	41.81	28.7939	
1552	1	41.82	41.82	28.6076	
1553	1	41.72	41.72	28.3616	
1554	1	41.73	41.73	28.4971	
1555	1	41.68	41.68	28.5176	
1556	1	41.68	41.68	28.6576	
1557	1	41.82	41.82	29.0876	
1558	1	41.83	41.83	28.8811	
1559	1	41.8	41.8	28.38	
1560	1	41.82	41.82	28.5076	
1561	1	41.84	41.84	28.2544	
1562	1	42.01	42.01	28.1099	
1563	1	42.01	42.01	28.0499	
1564	1	41.99	41.99	28.5499	
1565	1	42.1	42.1	26.77	
1566	1	42.18	42.18	26.9676	
1567	1	42.26	42.26	27.3724	
1568	1	42.26	42.26	27.5124	
1569	1	42.27	42.27	27.4571	
1570	1	42.28	42.28	27.5216	
1571	1	42.3	42.3	27.99	
1572	1	42.48	42.48	28.9496	
1573	1	42.55	42.55	29.4075	
1574	1	42.62	42.62	28.6956	
1575	1	42.8	42.8	26.12	
1576	1	42.96	42.96	26.4584	
1577	1	42.98	42.98	26.4396	
1578	1	42.89	42.89	23.7979	
1579	1	42.83	42.83	23.2611	
1580	1	42.96	42.96	23.4784	
1581	1	42.93	42.93	23.1051	
1582	1	43.06	43.06	24.7764	
1583	1	43.17	43.17	24.9811	
1584	1	43.27	43.27	25.0171	
1585	1	43.19	43.19	25.0139	
1586	1	43.39	43.39	24.7379	
1587	1	43.44	43.44	24.4264	
1588	1	43.49	43.49	24.5299	
1589	1	43.55	43.55	24.3075	
1590	1	43.55	43.55	24.5275	
1591	1	43.71	43.71	24.5059	
1592	1	43.74	43.74	24.7724	
1593	1	43.75	43.75	24.7275	
1594	1	43.84	43.84	24.9944	
1595	1	43.84	43.84	24.9144	
1596	1	43.87	43.87	25.3531	
1597	1	43.97	43.97	26.3691	
1598	1	43.84	43.84	26.0944	
1599	1	43.93	43.93	25.8051	
1600	1	44.13	44.13	24.8331	
1601	1	44.14	44.14	24.8204	
1602	1	44.14	44.14	25.0404	
1603	1	44.27	44.27	25.6771	
1604	1	44.31	44.31	26.1739	
1605	1	44.2	44.2	25.5	
1606	1	44.22	44.22	25.6916	
1607	1	44.23	44.23	25.8371	
1608	1	44.2	44.2	25.48	
1609	1	44.3	44.3	26.07	
1610	1	44.26	44.26	25.7524	
1611	1	44.32	44.32	26.8976	
1612	1	44.37	44.37	27.4931	
1613	1	44.42	44.42	27.7436	
1614	1	44.53	44.53	27.0491	
1615	1	44.55	44.55	27.3675	
1616	1	44.5	44.5	27.01	
1617	1	44.58	44.58	26.6236	
1618	1	44.66	44.66	26.0644	
1619	1	44.59	44.59	25.7819	
1620	1	44.68	44.68	26.9576	
1621	1	44.68	44.68	27.0976	
1622	1	44.71	44.71	27.3859	
1623	1	44.67	44.67	27.0211	
1624	1	44.7	44.7	26.43	
1625	1	44.67	44.67	27.0411	
1626	1	44.78	44.78	28.4116	
1627	1	44.84	44.84	28.9344	
1628	1	44.86	44.86	28.0804	
1629	1	44.91	44.91	28.1619	
1630	1	44.88	44.88	27.1456	
1631	1	44.9	44.9	26.61	
1632	1	44.97	44.97	26.4291	
1633	1	44.96	44.96	26.2584	
1634	1	45.01	45.01	26.5499	
1635	1	45.1	45.1	26.17	
1636	1	45.18	45.18	27.4676	
1637	1	45.17	45.17	27.3211	
1638	1	45.17	45.17	27.4411	
1639	1	45.15	45.15	27.6075	
1640	1	45.22	45.22	29.2116	
1641	1	45.2	45.2	27.9	
1642	1	45.27	45.27	28.1371	
1643	1	45.27	45.27	28.1371	
1644	1	45.28	45.28	28.2016	
1645	1	45.27	45.27	28.1771	
1646	1	45.3	45.3	28.05	
1647	1	45.39	45.39	29.3979	
1648	1	45.41	45.41	29.0819	
1649	1	45.42	45.42	29.4036	
1650	1	45.47	45.47	29.6891	
1651	1	45.53	45.53	30.0691	
1652	1	45.54	45.54	30.2484	
1653	1	45.57	45.57	30.6051	
1654	1	45.61	45.61	31.9579	
1655	1	45.63	45.63	32.6331	
1656	1	45.65	45.65	33.1875	
1657	1	45.63	45.63	32.7531	
1658	1	45.72	45.72	33.2816	
1659	1	45.75	45.75	32.6875	
1660	1	45.8	45.8	32.94	
1661	1	45.75	45.75	33.1675	
1662	1	45.83	45.83	33.1411	
1663	1	45.91	45.91	33.6219	
1664	1	45.94	45.94	33.5164	
1665	1	45.94	45.94	33.6364	
1666	1	46.06	46.06	34.3164	
1667	1	46.13	46.13	35.0531	
1668	1	46.07	46.07	34.5851	
1669	1	46.2	46.2	35.82	
1670	1	46.28	46.28	36.3016	
1671	1	46.23	46.23	35.2771	
1672	1	46.25	46.25	35.3275	
1673	1	46.24	46.24	35.1624	
1674	1	46.31	46.31	36.2339	
1675	1	46.18	46.18	35.9876	
1676	1	46.19	46.19	35.5739	
1677	1	46.26	46.26	36.2724	
1678	1	46.32	46.32	36.3176	
1679	1	46.38	46.38	36.6156	
1680	1	46.36	46.36	37.1504	
1681	1	46.39	46.39	37.6979	
1682	1	46.48	46.48	38.7096	
1683	1	46.53	46.53	39.2891	
1684	1	46.52	46.52	38.6096	
1685	1	46.63	46.63	39.5731	
1686	1	46.74	46.74	40.2124	
1687	1	46.74	46.74	40.3324	
1688	1	46.95	46.95	40.4075	
1689	1	47.01	47.01	40.6499	
1690	1	47.06	47.06	40.8564	
1691	1	47.11	47.11	41.6979	
1692	1	47.09	47.09	41.6619	
1693	1	47.32	47.32	40.9176	
1694	1	47.33	47.33	41.0211	
1695	1	47.38	47.38	41.6956	
1696	1	47.33	47.33	41.7011	
1697	1	47.36	47.36	41.6104	
1698	1	47.37	47.37	41.7731	
1699	1	47.42	47.42	41.4836	
1700	1	47.52	47.52	40.4496	
1701	1	47.47	47.47	40.2091	
1702	1	47.39	47.39	39.8979	
1703	1	47.42	47.42	39.7436	
1704	1	47.48	47.48	40.1296	
1705	1	47.62	47.62	42.6156	
1706	1	47.68	47.68	42.0376	
1707	1	47.74	47.74	42.9124	
1708	1	47.81	47.81	43.3539	
1709	1	47.9	47.9	43.95	
1710	1	47.88	47.88	43.1056	
1711	1	47.91	47.91	42.5219	
1712	1	47.83	47.83	41.8811	
1713	1	47.82	47.82	42.2076	
1714	1	47.92	47.92	43.2136	
1715	1	47.99	47.99	43.2899	
1716	1	48.05	48.05	44.4675	
1717	1	48.01	48.01	44.0699	
1718	1	47.96	47.96	43.2784	
1719	1	47.87	47.87	41.8931	
1720	1	47.86	47.86	41.9004	
1721	1	47.91	47.91	41.6419	
1722	1	47.94	47.94	41.6964	
1723	1	48.01	48.01	42.6699	
1724	1	48.01	48.01	42.5299	
1725	1	48.11	48.11	44.0779	
1726	1	48.05	48.05	43.1275	
1727	1	48.06	48.06	43.1364	
1728	1	48.07	48.07	43.4051	
1729	1	48.08	48.08	44.2736	
1730	1	48.13	48.13	44.9331	
1731	1	48.1	48.1	44.59	
1732	1	48.05	48.05	44.0475	
1733	1	48.04	48.04	43.8984	
1734	1	48.1	48.1	44.03	
1735	1	48.16	48.16	45.9144	
1736	1	48.14	48.14	45.9004	
1737	1	48.14	48.14	46.1804	
1738	1	48.17	48.17	46.7011	
1739	1	48.16	48.16	46.5144	
1740	1	48.23	48.23	47.5571	
1741	1	48.23	48.23	47.7571	
1742	1	48.31	48.31	48.3139	
1743	1	48.28	48.28	48.1416	
1744	1	48.31	48.31	48.4339	
1745	1	48.3	48.3	48.63	
1746	1	48.32	48.32	48.7376	
1747	1	48.28	48.28	48.6016	
1748	1	48.3	48.3	48.61	
1749	1	48.51	48.51	46.9299	
1750	1	48.63	48.63	47.7731	
1751	1	48.71	48.71	48.1259	
1752	1	48.76	48.76	48.2624	
1753	1	48.82	48.82	46.9876	
1754	1	48.86	48.86	47.5204	
1755	1	48.9	48.9	47.71	
1756	1	48.95	48.95	48.4475	
1757	1	48.88	48.88	47.9256	
1758	1	48.89	48.89	47.9779	
1759	1	48.94	48.94	48.5564	
1760	1	49.04	49.04	50.1184	
1761	1	49	49	51.66	
1762	1	49.09	49.09	52.8019	
1763	1	49.12	49.12	53.2656	
1764	1	49.12	49.12	53.1256	
1765	1	49.25	49.25	52.8275	
1766	1	49.27	49.27	52.6771	
1767	1	49.25	49.25	52.6875	
1768	1	49.39	49.39	53.7979	
1769	1	49.53	49.53	53.3091	
1770	1	49.62	49.62	53.6756	
1771	1	49.61	49.61	53.7779	
1772	1	49.61	49.61	53.9779	
1773	1	49.63	49.63	53.9731	
1774	1	49.73	49.73	55.2971	
1775	1	49.84	49.84	56.4344	
1776	1	49.97	49.97	57.5691	
1777	1	49.95	49.95	56.9275	
1778	1	49.98	49.98	57.4396	
1779	1	50.06	50.06	58.3164	
1780	1	49.99	49.99	57.6099	
1781	1	49.98	49.98	58.0996	
1782	1	50.15	50.15	58.5075	
1783	1	50.14	50.14	58.3604	
1784	1	50.18	50.18	58.9676	
1785	1	50.25	50.25	59.7275	
1786	1	50.32	50.32	60.6176	
1787	1	50.4	50.4	60.34	
1788	1	50.52	50.52	61.1496	
1789	1	50.48	50.48	60.5296	
1790	1	50.6	50.6	61.94	
1791	1	50.65	50.65	62.4475	
1792	1	50.7	50.7	63.13	
1793	1	50.71	50.71	63.3259	
1794	1	50.76	50.76	64.1624	
1795	1	50.77	50.77	64.8171	
1796	1	50.88	50.88	65.8456	
1797	1	50.91	50.91	65.8619	
1798	1	51.08	51.08	67.3736	
1799	1	51.12	51.12	67.8656	
1800	1	51.25	51.25	68.3675	
1801	1	51.24	51.24	68.2624	
1802	1	51.33	51.33	69.0811	
1803	1	51.45	51.45	70.1475	
1804	1	51.39	51.39	69.0779	
1805	1	51.43	51.43	69.8051	
1806	1	51.53	51.53	70.6491	
1807	1	51.55	51.55	70.5675	
1808	1	51.54	51.54	70.5284	
1809	1	51.53	51.53	69.7491	
1810	1	51.64	51.64	71.1904	
1811	1	51.65	51.65	71.7075	
1812	1	51.67	51.67	72.0411	
1813	1	51.78	51.78	74.5516	
1814	1	52.03	52.03	75.5691	
1815	1	52.14	52.14	76.5004	
1816	1	52.17	52.17	76.6211	
1817	1	52.14	52.14	75.9604	
1818	1	52.22	52.22	77.1516	
1819	1	52.26	52.26	77.8324	
1820	1	52.34	52.34	77.1244	
1821	1	52.33	52.33	76.9611	
1822	1	52.44	52.44	75.8464	
1823	1	52.42	52.42	75.5636	
1824	1	52.47	52.47	76.0091	
1825	1	52.53	52.53	76.6891	
1826	1	52.58	52.58	75.7036	
1827	1	52.71	52.71	77.1259	
1828	1	52.72	52.72	77.3016	
1829	1	52.79	52.79	77.7059	
1830	1	52.83	52.83	78.4011	
1831	1	52.83	52.83	78.5811	
1832	1	52.77	52.77	80.3371	
1833	1	52.83	52.83	81.2211	
1834	1	52.8	52.8	80.78	
1835	1	52.75	52.75	81.5275	
1836	1	52.76	52.76	81.6424	
1837	1	52.95	52.95	81.4675	
1838	1	52.93	52.93	83.0251	
1839	1	52.92	52.92	85.9736	
1840	1	52.84	52.84	86.7744	
1841	1	52.93	52.93	88.8051	
1842	1	53.14	53.14	89.5804	
1843	1	53.14	53.14	89.5404	
1844	1	53.16	53.16	89.0544	
1845	1	53.19	53.19	90.4339	
1846	1	53.2	53.2	90.7	
1847	1	53.03	53.03	89.2091	
1848	1	53.11	53.11	90.3179	
1849	1	53.17	53.17	91.2011	
1850	1	53.27	53.27	89.8571	
1851	1	53.27	53.27	89.8171	
1852	1	53.45	53.45	90.8875	
1853	1	53.5	53.5	91.79	
1854	1	53.54	53.54	89.7284	
1855	1	53.46	53.46	90.6484	
1856	1	53.61	53.61	91.4779	
1857	1	53.62	53.62	91.5556	
1858	1	53.68	53.68	91.1776	
1859	1	53.68	53.68	91.1976	
1860	1	53.73	53.73	91.1971	
1861	1	53.79	53.79	91.1859	
1862	1	53.84	53.84	92.2344	
1863	1	53.8	53.8	91.62	
1864	1	53.8	53.8	91.62	
1865	1	53.85	53.85	92.4675	
1866	1	53.97	53.97	91.9491	
1867	1	54.05	54.05	92.8475	
1868	1	54.04	54.04	92.6984	
1869	1	54.08	54.08	93.4936	
1870	1	54.12	54.12	93.8456	
1871	1	54.07	54.07	92.9851	
1872	1	54.11	54.11	93.7179	
1873	1	54.13	54.13	92.8531	
1874	1	54.26	54.26	92.2324	
1875	1	54.31	54.31	92.9739	
1876	1	54.33	54.33	93.3611	
1877	1	54.56	54.56	93.3264	
1878	1	54.55	54.55	93.2275	
1879	1	54.6	54.6	93.86	
1880	1	54.56	54.56	93.3064	
1881	1	54.54	54.54	92.8884	
1882	1	54.48	54.48	91.8896	
1883	1	54.56	54.56	93.0464	
1884	1	54.54	54.54	92.6884	
1885	1	54.55	54.55	92.8075	
1886	1	55.1	55.1	91.49	
1887	1	55.13	55.13	92.0531	
1888	1	55.18	55.18	92.4276	
1889	1	55.17	55.17	92.2811	
1890	1	55.14	55.14	91.6804	
1891	1	55.08	55.08	90.8736	
1892	1	55.01	55.01	92.1299	
1893	1	54.98	54.98	91.3996	
1894	1	55.02	55.02	91.9196	
1895	1	55.04	55.04	92.2184	
1896	1	55.06	55.06	92.5164	
1897	1	55.09	55.09	92.9619	
1898	1	55.16	55.16	93.4744	
1899	1	55.19	55.19	93.5539	
1900	1	55.21	55.21	93.8459	
1901	1	55.21	55.21	91.1059	
1902	1	55.27	55.27	92.1571	
1903	1	55.06	55.06	92.4964	
1904	1	55.06	55.06	92.5564	
1905	1	55.07	55.07	92.7051	
1906	1	55.05	55.05	92.1075	
1907	1	55.28	55.28	92.3216	
1908	1	55.4	55.4	90.22	
1909	1	55.36	55.36	89.6904	
1910	1	55.44	55.44	88.3264	
1911	1	55.54	55.54	89.6684	
1912	1	55.62	55.62	90.6956	
1913	1	55.65	55.65	91.0675	
1914	1	55.7	55.7	91.97	
1915	1	55.74	55.74	92.4324	
1916	1	55.74	55.74	92.5724	
1917	1	55.8	55.8	91.08	
1918	1	55.85	55.85	91.9875	
1919	1	55.91	55.91	92.9819	
1920	1	55.97	55.97	93.7691	
1921	1	55.92	55.92	96.7336	
1922	1	55.99	55.99	97.4899	
1923	1	56.09	56.09	99.1419	
1924	1	56.09	56.09	98.9819	
1925	1	56.01	56.01	97.8099	
1926	1	56.03	56.03	98.0691	
1927	1	56	56	97.66	
1928	1	55.95	55.95	96.8075	
1929	1	55.76	55.76	96.6424	
1930	1	55.75	55.75	96.5275	
1931	1	55.7	55.7	95.51	
1932	1	55.71	55.71	95.6859	
1933	1	55.67	55.67	94.8411	
1934	1	56.01	56.01	94.6699	
1935	1	56.09	56.09	96.1019	
1936	1	56.22	56.22	98.3116	
1937	1	56.18	56.18	97.7676	
1938	1	56.14	56.14	97.1204	
1939	1	56.16	56.16	97.3944	
1940	1	56.18	56.18	97.8676	
1941	1	56.08	56.08	95.7536	
1942	1	56.13	56.13	96.4931	
1943	1	56.21	56.21	97.3059	
1944	1	56.17	56.17	96.4011	
1945	1	56.23	56.23	97.5971	
1946	1	56.24	56.24	97.8024	
1947	1	56.27	56.27	98.1571	
1948	1	56.38	56.38	95.1156	
1949	1	56.37	56.37	94.9731	
1950	1	56.3	56.3	93.83	
1951	1	56.31	56.31	93.9939	
1952	1	56.31	56.31	93.9939	
1953	1	56.4	56.4	95.46	
1954	1	56.44	56.44	96.0664	
1955	1	56.47	56.47	96.7491	
1956	1	56.55	56.55	97.9275	
1957	1	56.58	56.58	98.3436	
1958	1	56.63	56.63	99.3131	
1959	1	56.65	56.65	99.6275	
1960	1	56.69	56.69	100.374	
1961	1	56.91	56.91	100.262	
1962	1	56.91	56.91	100.322	
1963	1	56.97	56.97	101.269	
1964	1	57.02	57.02	102.02	
1965	1	57.03	57.03	102.349	
1966	1	56.99	56.99	101.63	
1967	1	57.05	57.05	98.0275	
1968	1	57.18	57.18	95.5876	
1969	1	57.22	57.22	96.0916	
1970	1	57.49	57.49	96.2299	
1971	1	57.5	57.5	95.95	
1972	1	57.47	57.47	95.6491	
1973	1	57.44	57.44	95.8464	
1974	1	57.46	57.46	96.4084	
1975	1	57.5	57.5	97.05	
1976	1	57.5	57.5	96.97	
1977	1	57.59	57.59	98.5419	
1978	1	57.69	57.69	99.8339	
1979	1	57.85	57.85	97.7675	
1980	1	57.87	57.87	98.1131	
1981	1	57.9	57.9	97.97	
1982	1	57.91	57.91	99.7419	
1983	1	57.99	57.99	100.57	
1984	1	58.13	58.13	102.613	
1985	1	58.16	58.16	103.034	
1986	1	58.19	58.19	103.494	
1987	1	58.2	58.2	103.86	
1988	1	58.25	58.25	104.648	
1989	1	58.35	58.35	106.427	
1990	1	58.46	58.46	108.208	
1991	1	58.49	58.49	107.71	
1992	1	58.48	58.48	107.65	
1993	1	58.48	58.48	107.55	
1994	1	58.69	58.69	107.554	
1995	1	58.66	58.66	107.084	
1996	1	58.67	58.67	107.861	
1997	1	58.65	58.65	107.568	
1998	1	58.59	58.59	106.162	
1999	1	58.64	58.64	106.69	
2000	1	58.88	58.88	110.006	
