# mu = 0.0001, s = 0.001, trials requested = 1, runtime = 0:00:15
# "Time"	"Actual trials"	"Mean mutation"	"Average mean mutation"	"Average mutation variance"
0	1	0	0	0	
1	1	0.01	0.01	0.0099	
2	1	0.01	0.01	0.0099	
3	1	0.01	0.01	0.0099	
4	1	0.01	0.01	0.0099	
5	1	0.01	0.01	0.0099	
6	1	0.01	0.01	0.0099	
7	1	0.01	0.01	0.0099	
8	1	0.01	0.01	0.0099	
9	1	0.01	0.01	0.0099	
10	1	0.01	0.01	0.0099	
11	1	0.01	0.01	0.0099	
12	1	0.01	0.01	0.0099	
13	1	0.01	0.01	0.0099	
14	1	0.01	0.01	0.0099	
15	1	0.01	0.01	0.0099	
16	1	0.01	0.01	0.0099	
17	1	0.01	0.01	0.0099	
18	1	0.01	0.01	0.0099	
19	1	0.01	0.01	0.0099	
20	1	0.01	0.01	0.0099	
21	1	0.01	0.01	0.0099	
22	1	0.23	0.23	0.1771	
23	1	0.18	0.18	0.1476	
24	1	0.11	0.11	0.1979	
25	1	0.02	0.02	0.0396	
26	1	0.01	0.01	0.0099	
27	1	0.01	0.01	0.0099	
28	1	0.01	0.01	0.0099	
29	1	0.01	0.01	0.0099	
30	1	0.01	0.01	0.0099	
31	1	0.01	0.01	0.0099	
32	1	0.01	0.01	0.0099	
33	1	0.09	0.09	0.0819	
34	1	0.11	0.11	0.0979	
35	1	0.33	0.33	0.2211	
36	1	0.33	0.33	0.2211	
37	1	0.56	0.56	0.2464	
38	1	0.43	0.43	0.2451	
39	1	0.46	0.46	0.2484	
40	1	0.32	0.32	0.2176	
41	1	0.47	0.47	0.2491	
42	1	0.63	0.63	0.4931	
43	1	0.43	0.43	0.2451	
44	1	0.43	0.43	0.2451	
45	1	0.68	0.68	0.2176	
46	1	0.69	0.69	0.2139	
47	1	0.87	0.87	0.2131	
48	1	0.92	0.92	0.3136	
49	1	1	1	0.26	
50	1	1.1	1.1	0.51	
51	1	0.82	0.82	0.5876	
52	1	0.61	0.61	0.2379	
53	1	0.4	0.4	0.24	
54	1	0.55	0.55	0.2475	
55	1	0.54	0.54	0.2484	
56	1	0.55	0.55	0.2475	
57	1	0.49	0.49	0.2499	
58	1	0.39	0.39	0.2379	
59	1	0.5	0.5	0.51	
60	1	0.51	0.51	0.2499	
61	1	0.37	0.37	0.2331	
62	1	0.23	0.23	0.1771	
63	1	0.4	0.4	0.24	
64	1	0.45	0.45	0.2475	
65	1	0.4	0.4	0.24	
66	1	0.23	0.23	0.1771	
67	1	0.17	0.17	0.1411	
68	1	0.35	0.35	0.2275	
69	1	0.45	0.45	0.2475	
70	1	0.55	0.55	0.2475	
71	1	0.32	0.32	0.2176	
72	1	0.01	0.01	0.0099	
73	1	0.01	0.01	0.0099	
74	1	0.01	0.01	0.0099	
75	1	0.01	0.01	0.0099	
76	1	0.01	0.01	0.0099	
77	1	0.01	0.01	0.0099	
78	1	0.01	0.01	0.0099	
79	1	0.01	0.01	0.0099	
80	1	0.01	0.01	0.0099	
81	1	0.01	0.01	0.0099	
82	1	0.01	0.01	0.0099	
83	1	0.04	0.04	0.0384	
84	1	0.01	0.01	0.0099	
85	1	0.01	0.01	0.0099	
86	1	0.01	0.01	0.0099	
87	1	0.01	0.01	0.0099	
88	1	0.01	0.01	0.0099	
89	1	0.01	0.01	0.0099	
90	1	0.01	0.01	0.0099	
91	1	0.01	0.01	0.0099	
92	1	0.01	0.01	0.0099	
93	1	0.01	0.01	0.0099	
94	1	0.01	0.01	0.0099	
95	1	0.01	0.01	0.0099	
96	1	0.01	0.01	0.0099	
97	1	0.01	0.01	0.0099	
98	1	0.01	0.01	0.0099	
99	1	0.01	0.01	0.0099	
100	1	0.01	0.01	0.0099	
101	1	0.01	0.01	0.0099	
102	1	0.01	0.01	0.0099	
103	1	0.09	0.09	0.0819	
104	1	0.01	0.01	0.0099	
105	1	0.01	0.01	0.0099	
106	1	0.01	0.01	0.0099	
107	1	0.01	0.01	0.0099	
108	1	0.01	0.01	0.0099	
109	1	0.01	0.01	0.0099	
110	1	0.01	0.01	0.0099	
111	1	0.01	0.01	0.0099	
112	1	0.01	0.01	0.0099	
113	1	0.01	0.01	0.0099	
114	1	0.01	0.01	0.0099	
115	1	0.01	0.01	0.0099	
116	1	0.01	0.01	0.0099	
117	1	0.01	0.01	0.0099	
118	1	0.01	0.01	0.0099	
119	1	0.01	0.01	0.0099	
120	1	0.01	0.01	0.0099	
121	1	0.01	0.01	0.0099	
122	1	0.01	0.01	0.0099	
123	1	0.01	0.01	0.0099	
124	1	0.01	0.01	0.0099	
125	1	0.01	0.01	0.0099	
126	1	0.01	0.01	0.0099	
127	1	0.01	0.01	0.0099	
128	1	0.01	0.01	0.0099	
129	1	0.01	0.01	0.0099	
130	1	0.01	0.01	0.0099	
131	1	0.34	0.34	0.2244	
132	1	0.37	0.37	0.2331	
133	1	0.3	0.3	0.21	
134	1	0.3	0.3	0.21	
135	1	0.23	0.23	0.1771	
136	1	0.01	0.01	0.0099	
137	1	0.01	0.01	0.0099	
138	1	0.01	0.01	0.0099	
139	1	0.01	0.01	0.0099	
140	1	0.01	0.01	0.0099	
141	1	0.01	0.01	0.0099	
142	1	0.17	0.17	0.1411	
143	1	0.3	0.3	0.21	
144	1	0.58	0.58	0.2436	
145	1	0.41	0.41	0.2419	
146	1	0.01	0.01	0.0099	
147	1	0.01	0.01	0.0099	
148	1	0.01	0.01	0.0099	
149	1	0.01	0.01	0.0099	
150	1	0.11	0.11	0.0979	
151	1	0.06	0.06	0.0564	
152	1	0.01	0.01	0.0099	
153	1	0.01	0.01	0.0099	
154	1	0.01	0.01	0.0099	
155	1	0.01	0.01	0.0099	
156	1	0.01	0.01	0.0099	
157	1	0.01	0.01	0.0099	
158	1	0.01	0.01	0.0099	
159	1	0.01	0.01	0.0099	
160	1	0.01	0.01	0.0099	
161	1	0.01	0.01	0.0099	
162	1	0.01	0.01	0.0099	
163	1	0.01	0.01	0.0099	
164	1	0.01	0.01	0.0099	
165	1	0.06	0.06	0.0564	
166	1	0.11	0.11	0.0979	
167	1	0.01	0.01	0.0099	
168	1	0.01	0.01	0.0099	
169	1	0.01	0.01	0.0099	
170	1	0.01	0.01	0.0099	
171	1	0.01	0.01	0.0099	
172	1	0.01	0.01	0.0099	
173	1	0.01	0.01	0.0099	
174	1	0.01	0.01	0.0099	
175	1	0.01	0.01	0.0099	
176	1	0.01	0.01	0.0099	
177	1	0.01	0.01	0.0099	
178	1	0.01	0.01	0.0099	
179	1	0.01	0.01	0.0099	
180	1	0.04	0.04	0.0384	
181	1	0.01	0.01	0.0099	
182	1	0.01	0.01	0.0099	
183	1	0.01	0.01	0.0099	
184	1	0.09	0.09	0.0819	
185	1	0.12	0.12	0.1056	
186	1	0.01	0.01	0.0099	
187	1	0.01	0.01	0.0099	
188	1	0.01	0.01	0.0099	
189	1	0.01	0.01	0.0099	
190	1	0.01	0.01	0.0099	
191	1	0.01	0.01	0.0099	
192	1	0.01	0.01	0.0099	
193	1	0.01	0.01	0.0099	
194	1	0.01	0.01	0.0099	
195	1	0.01	0.01	0.0099	
196	1	0.01	0.01	0.0099	
197	1	0.01	0.01	0.0099	
198	1	0.17	0.17	0.1411	
199	1	0.01	0.01	0.0099	
200	1	0.02	0.02	0.0196	
201	1	0.01	0.01	0.0099	
202	1	0.01	0.01	0.0099	
203	1	0.01	0.01	0.0099	
204	1	0.01	0.01	0.0099	
205	1	0.01	0.01	0.0099	
206	1	0.01	0.01	0.0099	
207	1	0.01	0.01	0.0099	
208	1	0.01	0.01	0.0099	
209	1	0.01	0.01	0.0099	
210	1	0.01	0.01	0.0099	
211	1	0.01	0.01	0.0099	
212	1	0.01	0.01	0.0099	
213	1	0.14	0.14	0.1204	
214	1	0.25	0.25	0.1875	
215	1	0.4	0.4	0.24	
216	1	0.62	0.62	0.2356	
217	1	0.35	0.35	0.2275	
218	1	0.27	0.27	0.1971	
219	1	0.47	0.47	0.3291	
220	1	0.93	0.93	0.8651	
221	1	0.72	0.72	0.9216	
222	1	1.04	1.04	0.9984	
223	1	1.3	1.3	0.91	
224	1	0.8	0.8	0.96	
225	1	0.48	0.48	0.7296	
226	1	0.68	0.68	0.8976	
227	1	0.54	0.54	0.7884	
228	1	0.38	0.38	0.6156	
229	1	0.02	0.02	0.0396	
230	1	0.12	0.12	0.1056	
231	1	0.16	0.16	0.1344	
232	1	0.29	0.29	0.2059	
233	1	0.29	0.29	0.2059	
234	1	0.19	0.19	0.1539	
235	1	0.23	0.23	0.1771	
236	1	0.27	0.27	0.1971	
237	1	0.01	0.01	0.0099	
238	1	0.01	0.01	0.0099	
239	1	0.01	0.01	0.0099	
240	1	0.01	0.01	0.0099	
241	1	0.01	0.01	0.0099	
242	1	0.01	0.01	0.0099	
243	1	0.01	0.01	0.0099	
244	1	0.01	0.01	0.0099	
245	1	0.01	0.01	0.0099	
246	1	0.01	0.01	0.0099	
247	1	0.01	0.01	0.0099	
248	1	0.01	0.01	0.0099	
249	1	0.01	0.01	0.0099	
250	1	0.01	0.01	0.0099	
251	1	0.01	0.01	0.0099	
252	1	0.01	0.01	0.0099	
253	1	0.01	0.01	0.0099	
254	1	0.01	0.01	0.0099	
255	1	0.01	0.01	0.0099	
256	1	0.01	0.01	0.0099	
257	1	0.01	0.01	0.0099	
258	1	0.01	0.01	0.0099	
259	1	0.01	0.01	0.0099	
260	1	0.01	0.01	0.0099	
261	1	0.01	0.01	0.0099	
262	1	0.01	0.01	0.0099	
263	1	0.01	0.01	0.0099	
264	1	0.01	0.01	0.0099	
265	1	0.01	0.01	0.0099	
266	1	0.01	0.01	0.0099	
267	1	0.01	0.01	0.0099	
268	1	0.01	0.01	0.0099	
269	1	0.01	0.01	0.0099	
270	1	0.08	0.08	0.0736	
271	1	0.01	0.01	0.0099	
272	1	0.01	0.01	0.0099	
273	1	0.01	0.01	0.0099	
274	1	0.01	0.01	0.0099	
275	1	0.01	0.01	0.0099	
276	1	0.01	0.01	0.0099	
277	1	0.01	0.01	0.0099	
278	1	0.01	0.01	0.0099	
279	1	0.01	0.01	0.0099	
280	1	0.01	0.01	0.0099	
281	1	0.01	0.01	0.0099	
282	1	0.01	0.01	0.0099	
283	1	0.02	0.02	0.0196	
284	1	0.01	0.01	0.0099	
285	1	0.01	0.01	0.0099	
286	1	0.01	0.01	0.0099	
287	1	0.01	0.01	0.0099	
288	1	0.01	0.01	0.0099	
289	1	0.01	0.01	0.0099	
290	1	0.01	0.01	0.0099	
291	1	0.01	0.01	0.0099	
292	1	0.01	0.01	0.0099	
293	1	0.01	0.01	0.0099	
294	1	0.01	0.01	0.0099	
295	1	0.01	0.01	0.0099	
296	1	0.01	0.01	0.0099	
297	1	0.01	0.01	0.0099	
298	1	0.01	0.01	0.0099	
299	1	0.01	0.01	0.0099	
300	1	0.11	0.11	0.0979	
301	1	0.11	0.11	0.0979	
302	1	0.11	0.11	0.0979	
303	1	0.01	0.01	0.0099	
304	1	0.01	0.01	0.0099	
305	1	0.01	0.01	0.0099	
306	1	0.01	0.01	0.0099	
307	1	0.01	0.01	0.0099	
308	1	0.01	0.01	0.0099	
309	1	0.01	0.01	0.0099	
310	1	0.01	0.01	0.0099	
311	1	0.01	0.01	0.0099	
312	1	0.05	0.05	0.0475	
313	1	0.01	0.01	0.0099	
314	1	0.01	0.01	0.0099	
315	1	0.01	0.01	0.0099	
316	1	0.01	0.01	0.0099	
317	1	0.01	0.01	0.0099	
318	1	0.01	0.01	0.0099	
319	1	0.01	0.01	0.0099	
320	1	0.01	0.01	0.0099	
321	1	0.01	0.01	0.0099	
322	1	0.01	0.01	0.0099	
323	1	0.01	0.01	0.0099	
324	1	0.01	0.01	0.0099	
325	1	0.01	0.01	0.0099	
326	1	0.01	0.01	0.0099	
327	1	0.01	0.01	0.0099	
328	1	0.01	0.01	0.0099	
329	1	0.01	0.01	0.0099	
330	1	0.01	0.01	0.0099	
331	1	0.01	0.01	0.0099	
332	1	0.13	0.13	0.1131	
333	1	0.18	0.18	0.2876	
334	1	0.02	0.02	0.0396	
335	1	0.01	0.01	0.0099	
336	1	0.01	0.01	0.0099	
337	1	0.01	0.01	0.0099	
338	1	0.01	0.01	0.0099	
339	1	0.01	0.01	0.0099	
340	1	0.01	0.01	0.0099	
341	1	0.01	0.01	0.0099	
342	1	0.01	0.01	0.0099	
343	1	0.01	0.01	0.0099	
344	1	0.01	0.01	0.0099	
345	1	0.01	0.01	0.0099	
346	1	0.01	0.01	0.0099	
347	1	0.1	0.1	0.09	
348	1	0.01	0.01	0.0099	
349	1	0.01	0.01	0.0099	
350	1	0.01	0.01	0.0099	
351	1	0.01	0.01	0.0099	
352	1	0.01	0.01	0.0099	
353	1	0.01	0.01	0.0099	
354	1	0.01	0.01	0.0099	
355	1	0.01	0.01	0.0099	
356	1	0.01	0.01	0.0099	
357	1	0.01	0.01	0.0099	
358	1	0.01	0.01	0.0099	
359	1	0.01	0.01	0.0099	
360	1	0.01	0.01	0.0099	
361	1	0.01	0.01	0.0099	
362	1	0.01	0.01	0.0099	
363	1	0.01	0.01	0.0099	
364	1	0.01	0.01	0.0099	
365	1	0.01	0.01	0.0099	
366	1	0.01	0.01	0.0099	
367	1	0.01	0.01	0.0099	
368	1	0.01	0.01	0.0099	
369	1	0.01	0.01	0.0099	
370	1	0.01	0.01	0.0099	
371	1	0.01	0.01	0.0099	
372	1	0.01	0.01	0.0099	
373	1	0.12	0.12	0.1056	
374	1	0.24	0.24	0.1824	
375	1	0.4	0.4	0.24	
376	1	0.4	0.4	0.24	
377	1	0.29	0.29	0.2059	
378	1	0.36	0.36	0.2304	
379	1	0.55	0.55	0.2475	
380	1	0.47	0.47	0.2491	
381	1	0.54	0.54	0.2484	
382	1	0.66	0.66	0.4644	
383	1	0.6	0.6	0.72	
384	1	0.42	0.42	0.2636	
385	1	0.5	0.5	0.25	
386	1	0.53	0.53	0.2491	
387	1	0.5	0.5	0.25	
388	1	0.85	0.85	0.1275	
389	1	0.58	0.58	0.2436	
390	1	0.39	0.39	0.2379	
391	1	0.27	0.27	0.1971	
392	1	0.52	0.52	0.2496	
393	1	0.6	0.6	0.24	
394	1	0.68	0.68	0.2176	
395	1	0.62	0.62	0.2356	
396	1	0.54	0.54	0.2484	
397	1	0.68	0.68	0.2176	
398	1	0.43	0.43	0.2451	
399	1	0.5	0.5	0.35	
400	1	0.58	0.58	0.2436	
401	1	0.49	0.49	0.2499	
402	1	0.76	0.76	0.1824	
403	1	0.86	0.86	0.1204	
404	1	0.95	0.95	0.0475	
405	1	1.01	1.01	0.0099	
406	1	1.01	1.01	0.0099	
407	1	1.15	1.15	0.1275	
408	1	1.01	1.01	0.0099	
409	1	1.01	1.01	0.0099	
410	1	1.01	1.01	0.0099	
411	1	1.01	1.01	0.0099	
412	1	1.04	1.04	0.0384	
413	1	1.29	1.29	0.2059	
414	1	1.37	1.37	0.2331	
415	1	1.26	1.26	0.1924	
416	1	1.26	1.26	0.1924	
417	1	1.4	1.4	0.24	
418	1	1.39	1.39	0.2379	
419	1	1.44	1.44	0.2464	
420	1	1.37	1.37	0.2331	
421	1	1.37	1.37	0.2331	
422	1	1.23	1.23	0.1771	
423	1	1.33	1.33	0.2211	
424	1	1.2	1.2	0.16	
425	1	1.06	1.06	0.0564	
426	1	1.19	1.19	0.1539	
427	1	1.25	1.25	0.3275	
428	1	1.3	1.3	0.43	
429	1	1.5	1.5	0.71	
430	1	1.6	1.6	0.84	
431	1	1.34	1.34	0.5644	
432	1	1.01	1.01	0.0099	
433	1	1.01	1.01	0.0099	
434	1	1.01	1.01	0.0099	
435	1	1.01	1.01	0.0099	
436	1	1.01	1.01	0.0099	
437	1	1.1	1.1	0.09	
438	1	1.14	1.14	0.1204	
439	1	1.32	1.32	0.2176	
440	1	1.47	1.47	0.2491	
441	1	1.42	1.42	0.2436	
442	1	1.54	1.54	0.2484	
443	1	1.51	1.51	0.2499	
444	1	1.67	1.67	0.2211	
445	1	1.55	1.55	0.2475	
446	1	1.51	1.51	0.2499	
447	1	1.49	1.49	0.2499	
448	1	1.5	1.5	0.25	
449	1	1.37	1.37	0.2331	
450	1	1.1	1.1	0.09	
451	1	1.01	1.01	0.0099	
452	1	1.01	1.01	0.0099	
453	1	1.01	1.01	0.0099	
454	1	1.01	1.01	0.0099	
455	1	1.01	1.01	0.0099	
456	1	1.01	1.01	0.0099	
457	1	1.01	1.01	0.0099	
458	1	1.01	1.01	0.0099	
459	1	1.01	1.01	0.0099	
460	1	1.01	1.01	0.0099	
461	1	1.01	1.01	0.0099	
462	1	1.01	1.01	0.0099	
463	1	1.01	1.01	0.0099	
464	1	1.01	1.01	0.0099	
465	1	1.01	1.01	0.0099	
466	1	1.01	1.01	0.0099	
467	1	1.01	1.01	0.0099	
468	1	1.01	1.01	0.0099	
469	1	1.01	1.01	0.0099	
470	1	1.01	1.01	0.0099	
471	1	1.01	1.01	0.0099	
472	1	1.01	1.01	0.0099	
473	1	1.01	1.01	0.0099	
474	1	1.01	1.01	0.0099	
475	1	1.01	1.01	0.0099	
476	1	1.01	1.01	0.0099	
477	1	1.01	1.01	0.0099	
478	1	1.01	1.01	0.0099	
479	1	1.01	1.01	0.0099	
480	1	1.01	1.01	0.0099	
481	1	1.01	1.01	0.0099	
482	1	1.01	1.01	0.0099	
483	1	1.01	1.01	0.0099	
484	1	1.01	1.01	0.0099	
485	1	1.01	1.01	0.0099	
486	1	1.01	1.01	0.0099	
487	1	1.09	1.09	0.0819	
488	1	1.01	1.01	0.0099	
489	1	1.01	1.01	0.0099	
490	1	1.01	1.01	0.0099	
491	1	1.01	1.01	0.0099	
492	1	1.01	1.01	0.0099	
493	1	1.01	1.01	0.0099	
494	1	1.01	1.01	0.0099	
495	1	1.01	1.01	0.0099	
496	1	1.01	1.01	0.0099	
497	1	1.01	1.01	0.0099	
498	1	1.01	1.01	0.0099	
499	1	1.01	1.01	0.0099	
500	1	1.01	1.01	0.0099	
501	1	1.01	1.01	0.0099	
502	1	1.01	1.01	0.0099	
503	1	1.18	1.18	0.1476	
504	1	1.65	1.65	0.2275	
505	1	1.56	1.56	0.2464	
506	1	1.64	1.64	0.2304	
507	1	1.72	1.72	0.2016	
508	1	1.57	1.57	0.3251	
509	1	1.63	1.63	0.2331	
510	1	1.67	1.67	0.2211	
511	1	1.77	1.77	0.1771	
512	1	1.9	1.9	0.09	
513	1	1.99	1.99	0.0099	
514	1	2.01	2.01	0.0099	
515	1	2.01	2.01	0.0099	
516	1	2.01	2.01	0.0099	
517	1	2.01	2.01	0.0099	
518	1	2.01	2.01	0.0099	
519	1	2.01	2.01	0.0099	
520	1	2.01	2.01	0.0099	
521	1	2.01	2.01	0.0099	
522	1	2.01	2.01	0.0099	
523	1	2.02	2.02	0.0196	
524	1	2.01	2.01	0.0099	
525	1	2.01	2.01	0.0099	
526	1	2.01	2.01	0.0099	
527	1	2.01	2.01	0.0099	
528	1	2.01	2.01	0.0099	
529	1	2.01	2.01	0.0099	
530	1	2.01	2.01	0.0099	
531	1	2.01	2.01	0.0099	
532	1	2.01	2.01	0.0099	
533	1	2.01	2.01	0.0099	
534	1	2.01	2.01	0.0099	
535	1	2.01	2.01	0.0099	
536	1	2.01	2.01	0.0099	
537	1	2.01	2.01	0.0099	
538	1	2.02	2.02	0.0196	
539	1	2.01	2.01	0.0099	
540	1	2.01	2.01	0.0099	
541	1	2.01	2.01	0.0099	
542	1	2.01	2.01	0.0099	
543	1	2.01	2.01	0.0099	
544	1	2.01	2.01	0.0099	
545	1	2.01	2.01	0.0099	
546	1	2.01	2.01	0.0099	
547	1	2.01	2.01	0.0099	
548	1	2.01	2.01	0.0099	
549	1	2.01	2.01	0.0099	
550	1	2.01	2.01	0.0099	
551	1	2.01	2.01	0.0099	
552	1	2.01	2.01	0.0099	
553	1	2.01	2.01	0.0099	
554	1	2.01	2.01	0.0099	
555	1	2.01	2.01	0.0099	
556	1	2.01	2.01	0.0099	
557	1	2.01	2.01	0.0099	
558	1	2.01	2.01	0.0099	
559	1	2.01	2.01	0.0099	
560	1	2.01	2.01	0.0099	
561	1	2.01	2.01	0.0099	
562	1	2.01	2.01	0.0099	
563	1	2.01	2.01	0.0099	
564	1	2.01	2.01	0.0099	
565	1	2.01	2.01	0.0099	
566	1	2.01	2.01	0.0099	
567	1	2.01	2.01	0.0099	
568	1	2.04	2.04	0.0384	
569	1	2.01	2.01	0.0099	
570	1	2.01	2.01	0.0099	
571	1	2.01	2.01	0.0099	
572	1	2.01	2.01	0.0099	
573	1	2.01	2.01	0.0099	
574	1	2.01	2.01	0.0099	
575	1	2.01	2.01	0.0099	
576	1	2.08	2.08	0.0736	
577	1	2.32	2.32	0.2176	
578	1	2.23	2.23	0.1771	
579	1	2.51	2.51	0.2499	
580	1	2.39	2.39	0.2379	
581	1	2.57	2.57	0.2451	
582	1	2.33	2.33	0.2211	
583	1	2.27	2.27	0.1971	
584	1	2.4	2.4	0.24	
585	1	2.67	2.67	0.2211	
586	1	2.51	2.51	0.2499	
587	1	2.55	2.55	0.2475	
588	1	2.7	2.7	0.21	
589	1	2.76	2.76	0.1824	
590	1	2.99	2.99	0.0099	
591	1	2.99	2.99	0.0099	
592	1	2.99	2.99	0.0099	
593	1	3.01	3.01	0.0099	
594	1	3.01	3.01	0.0099	
595	1	3.04	3.04	0.0384	
596	1	3.13	3.13	0.1131	
597	1	3.05	3.05	0.0475	
598	1	3.3	3.3	0.21	
599	1	3.32	3.32	0.2176	
600	1	3.48	3.48	0.2496	
601	1	3.59	3.59	0.2419	
602	1	3.82	3.82	0.1476	
603	1	4.01	4.01	0.0099	
604	1	4.01	4.01	0.0099	
605	1	4.01	4.01	0.0099	
606	1	4.01	4.01	0.0099	
607	1	4.01	4.01	0.0099	
608	1	4.01	4.01	0.0099	
609	1	4.01	4.01	0.0099	
610	1	4.01	4.01	0.0099	
611	1	4.23	4.23	0.1771	
612	1	4.58	4.58	0.2436	
613	1	4.58	4.58	0.2436	
614	1	4.53	4.53	0.2491	
615	1	4.4	4.4	0.24	
616	1	4.35	4.35	0.2275	
617	1	4.48	4.48	0.2496	
618	1	4.31	4.31	0.2139	
619	1	4.02	4.02	0.0196	
620	1	4.01	4.01	0.0099	
621	1	4.01	4.01	0.0099	
622	1	4.01	4.01	0.0099	
623	1	4.01	4.01	0.0099	
624	1	4.01	4.01	0.0099	
625	1	4.01	4.01	0.0099	
626	1	4.01	4.01	0.0099	
627	1	4.01	4.01	0.0099	
628	1	4.01	4.01	0.0099	
629	1	4.01	4.01	0.0099	
630	1	4.01	4.01	0.0099	
631	1	4.01	4.01	0.0099	
632	1	4.01	4.01	0.0099	
633	1	4.16	4.16	0.1344	
634	1	4.29	4.29	0.2059	
635	1	4.37	4.37	0.2331	
636	1	4.13	4.13	0.1131	
637	1	4.06	4.06	0.0564	
638	1	4.11	4.11	0.0979	
639	1	4.11	4.11	0.0979	
640	1	4.01	4.01	0.0099	
641	1	4.01	4.01	0.0099	
642	1	4.01	4.01	0.0099	
643	1	4.01	4.01	0.0099	
644	1	4.01	4.01	0.0099	
645	1	4.01	4.01	0.0099	
646	1	4.01	4.01	0.0099	
647	1	4.01	4.01	0.0099	
648	1	4.01	4.01	0.0099	
649	1	4.01	4.01	0.0099	
650	1	4.01	4.01	0.0099	
651	1	4.01	4.01	0.0099	
652	1	4.01	4.01	0.0099	
653	1	4.01	4.01	0.0099	
654	1	4.01	4.01	0.0099	
655	1	4.01	4.01	0.0099	
656	1	4.01	4.01	0.0099	
657	1	4.01	4.01	0.0099	
658	1	4.03	4.03	0.0291	
659	1	4.01	4.01	0.0099	
660	1	4.01	4.01	0.0099	
661	1	4.01	4.01	0.0099	
662	1	4.01	4.01	0.0099	
663	1	4.01	4.01	0.0099	
664	1	4.01	4.01	0.0099	
665	1	4.01	4.01	0.0099	
666	1	4.01	4.01	0.0099	
667	1	4.01	4.01	0.0099	
668	1	4.01	4.01	0.0099	
669	1	4.01	4.01	0.0099	
670	1	4.01	4.01	0.0099	
671	1	4.01	4.01	0.0099	
672	1	4.01	4.01	0.0099	
673	1	4.01	4.01	0.0099	
674	1	4.01	4.01	0.0099	
675	1	4.01	4.01	0.0099	
676	1	4.01	4.01	0.0099	
677	1	4.01	4.01	0.0099	
678	1	4.01	4.01	0.0099	
679	1	4.22	4.22	0.1716	
680	1	4.35	4.35	0.2275	
681	1	4.45	4.45	0.2475	
682	1	4.34	4.34	0.2244	
683	1	4.39	4.39	0.2379	
684	1	4.51	4.51	0.2499	
685	1	4.27	4.27	0.1971	
686	1	4.33	4.33	0.2211	
687	1	4.38	4.38	0.2356	
688	1	4.3	4.3	0.33	
689	1	4.51	4.51	0.4299	
690	1	4.52	4.52	0.7696	
691	1	4.76	4.76	0.9424	
692	1	4.66	4.66	0.8844	
693	1	4.58	4.58	0.8236	
694	1	4.96	4.96	0.9984	
695	1	4.86	4.86	0.9804	
696	1	4.88	4.88	0.9856	
697	1	4.66	4.66	0.8644	
698	1	4.42	4.42	0.6636	
699	1	4.54	4.54	0.7884	
700	1	4.96	4.96	0.9984	
701	1	4.5	4.5	0.75	
702	1	4.1	4.1	0.19	
703	1	4.1	4.1	0.19	
704	1	4.01	4.01	0.0099	
705	1	4.01	4.01	0.0099	
706	1	4.01	4.01	0.0099	
707	1	4.01	4.01	0.0099	
708	1	4.01	4.01	0.0099	
709	1	4.13	4.13	0.1131	
710	1	4.1	4.1	0.09	
711	1	4.05	4.05	0.0475	
712	1	4.08	4.08	0.0736	
713	1	4.23	4.23	0.1771	
714	1	4.21	4.21	0.1659	
715	1	4.01	4.01	0.0099	
716	1	4.01	4.01	0.0099	
717	1	4.01	4.01	0.0099	
718	1	4.01	4.01	0.0099	
719	1	4.01	4.01	0.0099	
720	1	4.01	4.01	0.0099	
721	1	4.01	4.01	0.0099	
722	1	4.01	4.01	0.0099	
723	1	4.01	4.01	0.0099	
724	1	4.01	4.01	0.0099	
725	1	4.01	4.01	0.0099	
726	1	4.01	4.01	0.0099	
727	1	4.01	4.01	0.0099	
728	1	4.01	4.01	0.0099	
729	1	4.01	4.01	0.0099	
730	1	4.16	4.16	0.1344	
731	1	4.23	4.23	0.1771	
732	1	4.2	4.2	0.16	
733	1	4.44	4.44	0.2464	
734	1	4.19	4.19	0.1539	
735	1	4.34	4.34	0.2244	
736	1	4.34	4.34	0.2444	
737	1	4.3	4.3	0.21	
738	1	4.15	4.15	0.1275	
739	1	4.31	4.31	0.2139	
740	1	4.21	4.21	0.1659	
741	1	4.14	4.14	0.1204	
742	1	4.01	4.01	0.0099	
743	1	4.01	4.01	0.0099	
744	1	4.01	4.01	0.0099	
745	1	4.01	4.01	0.0099	
746	1	4.23	4.23	0.1771	
747	1	4.34	4.34	0.2244	
748	1	4.38	4.38	0.2356	
749	1	4.07	4.07	0.0651	
750	1	4.01	4.01	0.0099	
751	1	4.01	4.01	0.0099	
752	1	4.04	4.04	0.0384	
753	1	4.16	4.16	0.1344	
754	1	4.01	4.01	0.0099	
755	1	4.01	4.01	0.0099	
756	1	4.01	4.01	0.0099	
757	1	4.05	4.05	0.0475	
758	1	4.01	4.01	0.0099	
759	1	4.01	4.01	0.0099	
760	1	4.01	4.01	0.0099	
761	1	4.01	4.01	0.0099	
762	1	4.01	4.01	0.0099	
763	1	4.01	4.01	0.0099	
764	1	4.01	4.01	0.0099	
765	1	4.01	4.01	0.0099	
766	1	4.12	4.12	0.1056	
767	1	4.06	4.06	0.0564	
768	1	4.1	4.1	0.09	
769	1	4.01	4.01	0.0099	
770	1	4.01	4.01	0.0099	
771	1	4.01	4.01	0.0099	
772	1	4.01	4.01	0.0099	
773	1	4.01	4.01	0.0099	
774	1	4.01	4.01	0.0099	
775	1	4.01	4.01	0.0099	
776	1	4.01	4.01	0.0099	
777	1	4.01	4.01	0.0099	
778	1	4.01	4.01	0.0099	
779	1	4.01	4.01	0.0099	
780	1	4.01	4.01	0.0099	
781	1	4.01	4.01	0.0099	
782	1	4.01	4.01	0.0099	
783	1	4.01	4.01	0.0099	
784	1	4.01	4.01	0.0099	
785	1	4.01	4.01	0.0099	
786	1	4.01	4.01	0.0099	
787	1	4.01	4.01	0.0099	
788	1	4.01	4.01	0.0099	
789	1	4.01	4.01	0.0099	
790	1	4.17	4.17	0.1411	
791	1	4.11	4.11	0.0979	
792	1	4.01	4.01	0.0099	
793	1	4.01	4.01	0.0099	
794	1	4.01	4.01	0.0099	
795	1	4.01	4.01	0.0099	
796	1	4.01	4.01	0.0099	
797	1	4.01	4.01	0.0099	
798	1	4.01	4.01	0.0099	
799	1	4.01	4.01	0.0099	
800	1	4.01	4.01	0.0099	
801	1	4.01	4.01	0.0099	
802	1	4.01	4.01	0.0099	
803	1	4.01	4.01	0.0099	
804	1	4.03	4.03	0.0291	
805	1	4.01	4.01	0.0099	
806	1	4.01	4.01	0.0099	
807	1	4.01	4.01	0.0099	
808	1	4.01	4.01	0.0099	
809	1	4.01	4.01	0.0099	
810	1	4.01	4.01	0.0099	
811	1	4.01	4.01	0.0099	
812	1	4.01	4.01	0.0099	
813	1	4.01	4.01	0.0099	
814	1	4.01	4.01	0.0099	
815	1	4.01	4.01	0.0099	
816	1	4.01	4.01	0.0099	
817	1	4.01	4.01	0.0099	
818	1	4	4	0	
819	1	4.01	4.01	0.0099	
820	1	4.01	4.01	0.0099	
821	1	4.01	4.01	0.0099	
822	1	4.01	4.01	0.0099	
823	1	4.01	4.01	0.0099	
824	1	4.04	4.04	0.0384	
825	1	4.2	4.2	0.16	
826	1	4.01	4.01	0.0099	
827	1	4.01	4.01	0.0099	
828	1	4.01	4.01	0.0099	
829	1	4.01	4.01	0.0099	
830	1	4.01	4.01	0.0099	
831	1	4.01	4.01	0.0099	
832	1	4.01	4.01	0.0099	
833	1	4.01	4.01	0.0099	
834	1	4.01	4.01	0.0099	
835	1	4.01	4.01	0.0099	
836	1	4.01	4.01	0.0099	
837	1	4.01	4.01	0.0099	
838	1	4.01	4.01	0.0099	
839	1	4.28	4.28	0.2016	
840	1	4.52	4.52	0.2496	
841	1	4.6	4.6	0.24	
842	1	4.87	4.87	0.1131	
843	1	4.99	4.99	0.0099	
844	1	5.01	5.01	0.0099	
845	1	5.01	5.01	0.0099	
846	1	5.01	5.01	0.0099	
847	1	5.01	5.01	0.0099	
848	1	5.01	5.01	0.0099	
849	1	5.01	5.01	0.0099	
850	1	5.01	5.01	0.0099	
851	1	5.01	5.01	0.0099	
852	1	5.01	5.01	0.0099	
853	1	5.01	5.01	0.0099	
854	1	5.01	5.01	0.0099	
855	1	5.01	5.01	0.0099	
856	1	5.01	5.01	0.0099	
857	1	5.01	5.01	0.0099	
858	1	5.01	5.01	0.0099	
859	1	5.01	5.01	0.0099	
860	1	5.01	5.01	0.0099	
861	1	5.01	5.01	0.0099	
862	1	5.01	5.01	0.0099	
863	1	5.01	5.01	0.0099	
864	1	5.01	5.01	0.0099	
865	1	5.01	5.01	0.0099	
866	1	5.01	5.01	0.0099	
867	1	5.01	5.01	0.0099	
868	1	5.01	5.01	0.0099	
869	1	5.01	5.01	0.0099	
870	1	5.01	5.01	0.0099	
871	1	5.01	5.01	0.0099	
872	1	5.01	5.01	0.0099	
873	1	5.01	5.01	0.0099	
874	1	5.01	5.01	0.0099	
875	1	5.1	5.1	0.09	
876	1	5.1	5.1	0.09	
877	1	5.15	5.15	0.1275	
878	1	5.08	5.08	0.0736	
879	1	5.15	5.15	0.1275	
880	1	5.17	5.17	0.1411	
881	1	5.25	5.25	0.1875	
882	1	5.33	5.33	0.2211	
883	1	5.14	5.14	0.1204	
884	1	5.46	5.46	0.2484	
885	1	5.73	5.73	0.1971	
886	1	5.84	5.84	0.1344	
887	1	5.6	5.6	0.24	
888	1	5.76	5.76	0.1824	
889	1	5.99	5.99	0.0099	
890	1	6.01	6.01	0.0099	
891	1	6.01	6.01	0.0099	
892	1	6.01	6.01	0.0099	
893	1	6.01	6.01	0.0099	
894	1	6.01	6.01	0.0099	
895	1	6.01	6.01	0.0099	
896	1	6.01	6.01	0.0099	
897	1	6.01	6.01	0.0099	
898	1	6.01	6.01	0.0099	
899	1	6.01	6.01	0.0099	
900	1	6.01	6.01	0.0099	
901	1	6.01	6.01	0.0099	
902	1	6.01	6.01	0.0099	
903	1	6.12	6.12	0.1056	
904	1	6.01	6.01	0.0099	
905	1	6.01	6.01	0.0099	
906	1	6.01	6.01	0.0099	
907	1	6.01	6.01	0.0099	
908	1	6.01	6.01	0.0099	
909	1	6.01	6.01	0.0099	
910	1	6.01	6.01	0.0099	
911	1	6.01	6.01	0.0099	
912	1	6.06	6.06	0.0564	
913	1	6.01	6.01	0.0099	
914	1	6.01	6.01	0.0099	
915	1	6.01	6.01	0.0099	
916	1	6.01	6.01	0.0099	
917	1	6.01	6.01	0.0099	
918	1	6.09	6.09	0.0819	
919	1	6.01	6.01	0.0099	
920	1	6.01	6.01	0.0099	
921	1	6.01	6.01	0.0099	
922	1	6.01	6.01	0.0099	
923	1	6.01	6.01	0.0099	
924	1	6.01	6.01	0.0099	
925	1	6.01	6.01	0.0099	
926	1	6.01	6.01	0.0099	
927	1	6.01	6.01	0.0099	
928	1	6.01	6.01	0.0099	
929	1	6.01	6.01	0.0099	
930	1	6.01	6.01	0.0099	
931	1	6.01	6.01	0.0099	
932	1	6.01	6.01	0.0099	
933	1	6.01	6.01	0.0099	
934	1	6.01	6.01	0.0099	
935	1	6.01	6.01	0.0099	
936	1	6.01	6.01	0.0099	
937	1	6.01	6.01	0.0099	
938	1	6.01	6.01	0.0099	
939	1	6.01	6.01	0.0099	
940	1	6.01	6.01	0.0099	
941	1	6.01	6.01	0.0099	
942	1	6.01	6.01	0.0099	
943	1	6.01	6.01	0.0099	
944	1	6.01	6.01	0.0099	
945	1	6.01	6.01	0.0099	
946	1	6.01	6.01	0.0099	
947	1	6.01	6.01	0.0099	
948	1	6.08	6.08	0.0736	
949	1	6.26	6.26	0.1924	
950	1	6.14	6.14	0.1204	
951	1	6.32	6.32	0.2176	
952	1	6.25	6.25	0.1875	
953	1	6.38	6.38	0.2356	
954	1	6.59	6.59	0.2419	
955	1	6.37	6.37	0.2331	
956	1	6.58	6.58	0.2436	
957	1	6.89	6.89	0.0979	
958	1	6.63	6.63	0.2331	
959	1	6.74	6.74	0.1924	
960	1	6.7	6.7	0.21	
961	1	6.62	6.62	0.2356	
962	1	6.83	6.83	0.1411	
963	1	6.89	6.89	0.0979	
964	1	6.82	6.82	0.3276	
965	1	6.8	6.8	0.16	
966	1	6.99	6.99	0.0099	
967	1	6.99	6.99	0.0099	
968	1	6.99	6.99	0.0099	
969	1	7.01	7.01	0.0099	
970	1	7.01	7.01	0.0099	
971	1	7.01	7.01	0.0099	
972	1	7.01	7.01	0.0099	
973	1	7.05	7.05	0.0475	
974	1	7.01	7.01	0.0099	
975	1	7.01	7.01	0.0099	
976	1	7.01	7.01	0.0099	
977	1	7.01	7.01	0.0099	
978	1	7.01	7.01	0.0099	
979	1	7.01	7.01	0.0099	
980	1	7.01	7.01	0.0099	
981	1	7.01	7.01	0.0099	
982	1	7.01	7.01	0.0099	
983	1	7.01	7.01	0.0099	
984	1	7.01	7.01	0.0099	
985	1	7.01	7.01	0.0099	
986	1	7.01	7.01	0.0099	
987	1	7.01	7.01	0.0099	
988	1	7.01	7.01	0.0099	
989	1	7.01	7.01	0.0099	
990	1	7.01	7.01	0.0099	
991	1	7.01	7.01	0.0099	
992	1	7.01	7.01	0.0099	
993	1	7.01	7.01	0.0099	
994	1	7.01	7.01	0.0099	
995	1	7.01	7.01	0.0099	
996	1	7.03	7.03	0.0291	
997	1	7.01	7.01	0.0099	
998	1	7.01	7.01	0.0099	
999	1	7.01	7.01	0.0099	
1000	1	7.01	7.01	0.0099	
1001	1	7.01	7.01	0.0099	
1002	1	7.07	7.07	0.0651	
1003	1	7.35	7.35	0.2275	
1004	1	7.37	7.37	0.2331	
1005	1	7.4	7.4	0.24	
1006	1	7.25	7.25	0.1875	
1007	1	7.15	7.15	0.1275	
1008	1	7.01	7.01	0.0099	
1009	1	7.01	7.01	0.0099	
1010	1	7.01	7.01	0.0099	
1011	1	7.01	7.01	0.0099	
1012	1	7.01	7.01	0.0099	
1013	1	7.01	7.01	0.0099	
1014	1	7.01	7.01	0.0099	
1015	1	7.01	7.01	0.0099	
1016	1	7.16	7.16	0.1344	
1017	1	7.01	7.01	0.0099	
1018	1	7.01	7.01	0.0099	
1019	1	7.01	7.01	0.0099	
1020	1	7.04	7.04	0.0384	
1021	1	7.15	7.15	0.1275	
1022	1	7.22	7.22	0.1716	
1023	1	7.01	7.01	0.0099	
1024	1	7.01	7.01	0.0099	
1025	1	7.01	7.01	0.0099	
1026	1	7.01	7.01	0.0099	
1027	1	7.01	7.01	0.0099	
1028	1	7.01	7.01	0.0099	
1029	1	7.01	7.01	0.0099	
1030	1	7.01	7.01	0.0099	
1031	1	7.06	7.06	0.0564	
1032	1	7.01	7.01	0.0099	
1033	1	7.01	7.01	0.0099	
1034	1	7.01	7.01	0.0099	
1035	1	7.01	7.01	0.0099	
1036	1	7.01	7.01	0.0099	
1037	1	7.01	7.01	0.0099	
1038	1	7.01	7.01	0.0099	
1039	1	7.01	7.01	0.0099	
1040	1	7.01	7.01	0.0099	
1041	1	7.01	7.01	0.0099	
1042	1	7.01	7.01	0.0099	
1043	1	7.17	7.17	0.1411	
1044	1	7.22	7.22	0.1716	
1045	1	7.28	7.28	0.2016	
1046	1	7.22	7.22	0.1716	
1047	1	7.3	7.3	0.21	
1048	1	7.16	7.16	0.1344	
1049	1	7.22	7.22	0.1716	
1050	1	7.2	7.2	0.16	
1051	1	7.01	7.01	0.0099	
1052	1	7.01	7.01	0.0099	
1053	1	7.01	7.01	0.0099	
1054	1	7.01	7.01	0.0099	
1055	1	7.01	7.01	0.0099	
1056	1	7.01	7.01	0.0099	
1057	1	7.01	7.01	0.0099	
1058	1	7.01	7.01	0.0099	
1059	1	7.01	7.01	0.0099	
1060	1	7.01	7.01	0.0099	
1061	1	7.01	7.01	0.0099	
1062	1	7.01	7.01	0.0099	
1063	1	7.01	7.01	0.0099	
1064	1	7.01	7.01	0.0099	
1065	1	7.01	7.01	0.0099	
1066	1	7.01	7.01	0.0099	
1067	1	7.01	7.01	0.0099	
1068	1	7.13	7.13	0.1131	
1069	1	7.01	7.01	0.0099	
1070	1	7.01	7.01	0.0099	
1071	1	7.01	7.01	0.0099	
1072	1	7.01	7.01	0.0099	
1073	1	7.01	7.01	0.0099	
1074	1	7.01	7.01	0.0099	
1075	1	7.01	7.01	0.0099	
1076	1	7.01	7.01	0.0099	
1077	1	7.01	7.01	0.0099	
1078	1	7.01	7.01	0.0099	
1079	1	7.01	7.01	0.0099	
1080	1	7.01	7.01	0.0099	
1081	1	7.01	7.01	0.0099	
1082	1	7.01	7.01	0.0099	
1083	1	7.01	7.01	0.0099	
1084	1	7.01	7.01	0.0099	
1085	1	7.11	7.11	0.0979	
1086	1	7.23	7.23	0.1771	
1087	1	7.27	7.27	0.1971	
1088	1	7.16	7.16	0.1344	
1089	1	7.01	7.01	0.0099	
1090	1	7.04	7.04	0.0384	
1091	1	7.01	7.01	0.0099	
1092	1	7.01	7.01	0.0099	
1093	1	7.01	7.01	0.0099	
1094	1	7.01	7.01	0.0099	
1095	1	7.01	7.01	0.0099	
1096	1	7.01	7.01	0.0099	
1097	1	7.01	7.01	0.0099	
1098	1	7.01	7.01	0.0099	
1099	1	7.01	7.01	0.0099	
1100	1	7.01	7.01	0.0099	
1101	1	7.01	7.01	0.0099	
1102	1	7.01	7.01	0.0099	
1103	1	7.01	7.01	0.0099	
1104	1	7.01	7.01	0.0099	
1105	1	7.01	7.01	0.0099	
1106	1	7.01	7.01	0.0099	
1107	1	7.01	7.01	0.0099	
1108	1	7.01	7.01	0.0099	
1109	1	7.01	7.01	0.0099	
1110	1	7.01	7.01	0.0099	
1111	1	7.01	7.01	0.0099	
1112	1	7.01	7.01	0.0099	
1113	1	7.01	7.01	0.0099	
1114	1	7.01	7.01	0.0099	
1115	1	7.01	7.01	0.0099	
1116	1	7.01	7.01	0.0099	
1117	1	7.01	7.01	0.0099	
1118	1	7.01	7.01	0.0099	
1119	1	7.01	7.01	0.0099	
1120	1	7.01	7.01	0.0099	
1121	1	7.01	7.01	0.0099	
1122	1	7.01	7.01	0.0099	
1123	1	7.01	7.01	0.0099	
1124	1	7.01	7.01	0.0099	
1125	1	7.01	7.01	0.0099	
1126	1	7.01	7.01	0.0099	
1127	1	7.01	7.01	0.0099	
1128	1	7.01	7.01	0.0099	
1129	1	7.01	7.01	0.0099	
1130	1	7.27	7.27	0.1971	
1131	1	7.15	7.15	0.1275	
1132	1	7.35	7.35	0.2275	
1133	1	7.35	7.35	0.2275	
1134	1	7.4	7.4	0.24	
1135	1	7.21	7.21	0.1659	
1136	1	7.14	7.14	0.1204	
1137	1	7.28	7.28	0.2016	
1138	1	7.17	7.17	0.1411	
1139	1	7.01	7.01	0.0099	
1140	1	7.01	7.01	0.0099	
1141	1	7.01	7.01	0.0099	
1142	1	7.01	7.01	0.0099	
1143	1	7.01	7.01	0.0099	
1144	1	7.01	7.01	0.0099	
1145	1	7.01	7.01	0.0099	
1146	1	7.01	7.01	0.0099	
1147	1	7.01	7.01	0.0099	
1148	1	7.1	7.1	0.09	
1149	1	7.2	7.2	0.16	
1150	1	7.01	7.01	0.0099	
1151	1	7.01	7.01	0.0099	
1152	1	7.01	7.01	0.0099	
1153	1	7.01	7.01	0.0099	
1154	1	7.01	7.01	0.0099	
1155	1	7.01	7.01	0.0099	
1156	1	7.01	7.01	0.0099	
1157	1	7.01	7.01	0.0099	
1158	1	7.01	7.01	0.0099	
1159	1	7.01	7.01	0.0099	
1160	1	7.22	7.22	0.1716	
1161	1	7.22	7.22	0.1716	
1162	1	7.42	7.42	0.2436	
1163	1	7.41	7.41	0.2419	
1164	1	7.44	7.44	0.2464	
1165	1	7.31	7.31	0.2139	
1166	1	7.33	7.33	0.2211	
1167	1	7.02	7.02	0.0196	
1168	1	7.01	7.01	0.0099	
1169	1	7.01	7.01	0.0099	
1170	1	7.01	7.01	0.0099	
1171	1	7.01	7.01	0.0099	
1172	1	7.01	7.01	0.0099	
1173	1	7.01	7.01	0.0099	
1174	1	7.01	7.01	0.0099	
1175	1	7.01	7.01	0.0099	
1176	1	7.01	7.01	0.0099	
1177	1	7.01	7.01	0.0099	
1178	1	7.01	7.01	0.0099	
1179	1	7.01	7.01	0.0099	
1180	1	7.01	7.01	0.0099	
1181	1	7.01	7.01	0.0099	
1182	1	7.01	7.01	0.0099	
1183	1	7.01	7.01	0.0099	
1184	1	7.01	7.01	0.0099	
1185	1	7.01	7.01	0.0099	
1186	1	7.01	7.01	0.0099	
1187	1	7.01	7.01	0.0099	
1188	1	7.01	7.01	0.0099	
1189	1	7.01	7.01	0.0099	
1190	1	7.01	7.01	0.0099	
1191	1	7.01	7.01	0.0099	
1192	1	7.01	7.01	0.0099	
1193	1	7.03	7.03	0.0291	
1194	1	7.01	7.01	0.0099	
1195	1	7.01	7.01	0.0099	
1196	1	7.09	7.09	0.0819	
1197	1	7.01	7.01	0.0099	
1198	1	7.01	7.01	0.0099	
1199	1	7.01	7.01	0.0099	
1200	1	7.01	7.01	0.0099	
1201	1	7.01	7.01	0.0099	
1202	1	7.01	7.01	0.0099	
1203	1	7.18	7.18	0.1476	
1204	1	7.4	7.4	0.24	
1205	1	7.22	7.22	0.1716	
1206	1	7.09	7.09	0.0819	
1207	1	7.17	7.17	0.1411	
1208	1	7.22	7.22	0.1716	
1209	1	7.39	7.39	0.2379	
1210	1	7.26	7.26	0.1924	
1211	1	7.12	7.12	0.1056	
1212	1	7.34	7.34	0.2244	
1213	1	7.17	7.17	0.1411	
1214	1	7.2	7.2	0.16	
1215	1	7.25	7.25	0.1875	
1216	1	7.16	7.16	0.1344	
1217	1	7.3	7.3	0.21	
1218	1	7.32	7.32	0.2176	
1219	1	7.36	7.36	0.2304	
1220	1	7.3	7.3	0.21	
1221	1	7.2	7.2	0.16	
1222	1	7.01	7.01	0.0099	
1223	1	7.01	7.01	0.0099	
1224	1	7.01	7.01	0.0099	
1225	1	7.01	7.01	0.0099	
1226	1	7.01	7.01	0.0099	
1227	1	7.01	7.01	0.0099	
1228	1	7.01	7.01	0.0099	
1229	1	7.01	7.01	0.0099	
1230	1	7.01	7.01	0.0099	
1231	1	7.01	7.01	0.0099	
1232	1	7.01	7.01	0.0099	
1233	1	7.01	7.01	0.0099	
1234	1	7.01	7.01	0.0099	
1235	1	7.01	7.01	0.0099	
1236	1	7.01	7.01	0.0099	
1237	1	7.14	7.14	0.1204	
1238	1	7.23	7.23	0.1771	
1239	1	7.55	7.55	0.5275	
1240	1	7.41	7.41	0.2419	
1241	1	7.37	7.37	0.2331	
1242	1	7.45	7.45	0.2475	
1243	1	7.42	7.42	0.2436	
1244	1	7.34	7.34	0.2244	
1245	1	7.37	7.37	0.2331	
1246	1	7.29	7.29	0.2059	
1247	1	7.46	7.46	0.2484	
1248	1	7.51	7.51	0.2499	
1249	1	7.59	7.59	0.2419	
1250	1	7.53	7.53	0.2491	
1251	1	7.92	7.92	0.0736	
1252	1	8.14	8.14	0.1204	
1253	1	8.38	8.38	0.4556	
1254	1	8.61	8.61	0.7779	
1255	1	8.52	8.52	0.7696	
1256	1	8.24	8.24	0.4224	
1257	1	8.24	8.24	0.4224	
1258	1	8.82	8.82	0.9676	
1259	1	8.7	8.7	0.91	
1260	1	8.6	8.6	0.84	
1261	1	8.44	8.44	0.6864	
1262	1	8.82	8.82	0.9676	
1263	1	8.68	8.68	0.8976	
1264	1	8.96	8.96	0.9984	
1265	1	8.8	8.8	0.96	
1266	1	8.65	8.65	0.8675	
1267	1	8.84	8.84	0.9744	
1268	1	8.92	8.92	0.9936	
1269	1	9.1	9.1	0.99	
1270	1	8.64	8.64	0.8704	
1271	1	8.38	8.38	0.6156	
1272	1	8.7	8.7	0.91	
1273	1	8.87	8.87	0.9531	
1274	1	8.54	8.54	0.7884	
1275	1	8.6	8.6	0.84	
1276	1	8.72	8.72	0.9016	
1277	1	8.64	8.64	0.8704	
1278	1	8.4	8.4	0.64	
1279	1	8.18	8.18	0.3276	
1280	1	8.12	8.12	0.2256	
1281	1	8.84	8.84	0.9744	
1282	1	8.92	8.92	0.9936	
1283	1	8.74	8.74	0.9324	
1284	1	8.52	8.52	0.7696	
1285	1	8.68	8.68	0.8976	
1286	1	8.46	8.46	0.7084	
1287	1	8.74	8.74	0.9324	
1288	1	8.86	8.86	0.9804	
1289	1	9.74	9.74	1.5924	
1290	1	9.59	9.59	1.2219	
1291	1	9.77	9.77	1.3371	
1292	1	9.41	9.41	1.3419	
1293	1	8.98	8.98	1.2996	
1294	1	9.58	9.58	0.6636	
1295	1	9.24	9.24	1.3024	
1296	1	9.59	9.59	1.1019	
1297	1	10.24	10.24	0.5424	
1298	1	10.27	10.27	0.1971	
1299	1	10.22	10.22	0.1716	
1300	1	10.05	10.05	0.0475	
1301	1	10.01	10.01	0.0099	
1302	1	10.01	10.01	0.0099	
1303	1	10.01	10.01	0.0099	
1304	1	10.01	10.01	0.0099	
1305	1	10.01	10.01	0.0099	
1306	1	10.01	10.01	0.0099	
1307	1	10.01	10.01	0.0099	
1308	1	10.01	10.01	0.0099	
1309	1	10.03	10.03	0.0291	
1310	1	10.01	10.01	0.0099	
1311	1	10.01	10.01	0.0099	
1312	1	10.01	10.01	0.0099	
1313	1	10.01	10.01	0.0099	
1314	1	10.01	10.01	0.0099	
1315	1	10.01	10.01	0.0099	
1316	1	10.01	10.01	0.0099	
1317	1	10.01	10.01	0.0099	
1318	1	10.01	10.01	0.0099	
1319	1	10.01	10.01	0.0099	
1320	1	10.01	10.01	0.0099	
1321	1	10.01	10.01	0.0099	
1322	1	10.01	10.01	0.0099	
1323	1	10.01	10.01	0.0099	
1324	1	10.01	10.01	0.0099	
1325	1	10.01	10.01	0.0099	
1326	1	10.01	10.01	0.0099	
1327	1	10.01	10.01	0.0099	
1328	1	10.01	10.01	0.0099	
1329	1	10.01	10.01	0.0099	
1330	1	10.01	10.01	0.0099	
1331	1	10.01	10.01	0.0099	
1332	1	10.01	10.01	0.0099	
1333	1	10.01	10.01	0.0099	
1334	1	10.01	10.01	0.0099	
1335	1	10.01	10.01	0.0099	
1336	1	10.01	10.01	0.0099	
1337	1	10.05	10.05	0.0475	
1338	1	10.01	10.01	0.0099	
1339	1	10.01	10.01	0.0099	
1340	1	10.01	10.01	0.0099	
1341	1	10.06	10.06	0.0564	
1342	1	10.16	10.16	0.1344	
1343	1	10.01	10.01	0.0099	
1344	1	10.01	10.01	0.0099	
1345	1	10.01	10.01	0.0099	
1346	1	10.01	10.01	0.0099	
1347	1	10.01	10.01	0.0099	
1348	1	10.01	10.01	0.0099	
1349	1	10.01	10.01	0.0099	
1350	1	10.01	10.01	0.0099	
1351	1	10.01	10.01	0.0099	
1352	1	10.01	10.01	0.0099	
1353	1	10.01	10.01	0.0099	
1354	1	10.01	10.01	0.0099	
1355	1	10.01	10.01	0.0099	
1356	1	10.01	10.01	0.0099	
1357	1	10.01	10.01	0.0099	
1358	1	10.01	10.01	0.0099	
1359	1	10.01	10.01	0.0099	
1360	1	10.01	10.01	0.0099	
1361	1	10.01	10.01	0.0099	
1362	1	10.01	10.01	0.0099	
1363	1	10.01	10.01	0.0099	
1364	1	10.01	10.01	0.0099	
1365	1	10.01	10.01	0.0099	
1366	1	10.01	10.01	0.0099	
1367	1	10.01	10.01	0.0099	
1368	1	10.01	10.01	0.0099	
1369	1	10.01	10.01	0.0099	
1370	1	10.01	10.01	0.0099	
1371	1	10.01	10.01	0.0099	
1372	1	10.01	10.01	0.0099	
1373	1	10.11	10.11	0.0979	
1374	1	10.27	10.27	0.1971	
1375	1	10.27	10.27	0.1971	
1376	1	10.24	10.24	0.1824	
1377	1	10.3	10.3	0.21	
1378	1	10.26	10.26	0.4524	
1379	1	10.02	10.02	0.0396	
1380	1	10.01	10.01	0.0099	
1381	1	10.01	10.01	0.0099	
1382	1	10.01	10.01	0.0099	
1383	1	10.01	10.01	0.0099	
1384	1	10.01	10.01	0.0099	
1385	1	10.01	10.01	0.0099	
1386	1	10.01	10.01	0.0099	
1387	1	10.01	10.01	0.0099	
1388	1	10.01	10.01	0.0099	
1389	1	10.01	10.01	0.0099	
1390	1	10.01	10.01	0.0099	
1391	1	10.01	10.01	0.0099	
1392	1	10.01	10.01	0.0099	
1393	1	10.01	10.01	0.0099	
1394	1	10.01	10.01	0.0099	
1395	1	10.01	10.01	0.0099	
1396	1	10.01	10.01	0.0099	
1397	1	10.01	10.01	0.0099	
1398	1	10.01	10.01	0.0099	
1399	1	10.01	10.01	0.0099	
1400	1	10.11	10.11	0.0979	
1401	1	10.02	10.02	0.0196	
1402	1	10.01	10.01	0.0099	
1403	1	10.01	10.01	0.0099	
1404	1	10.06	10.06	0.0564	
1405	1	10.01	10.01	0.0099	
1406	1	10.01	10.01	0.0099	
1407	1	10.01	10.01	0.0099	
1408	1	10.01	10.01	0.0099	
1409	1	10.01	10.01	0.0099	
1410	1	10.01	10.01	0.0099	
1411	1	10.01	10.01	0.0099	
1412	1	10.01	10.01	0.0099	
1413	1	10.01	10.01	0.0099	
1414	1	10.01	10.01	0.0099	
1415	1	10.01	10.01	0.0099	
1416	1	10.01	10.01	0.0099	
1417	1	10.01	10.01	0.0099	
1418	1	10.01	10.01	0.0099	
1419	1	10.01	10.01	0.0099	
1420	1	10.21	10.21	0.1659	
1421	1	10.57	10.57	0.2451	
1422	1	10.59	10.59	0.2419	
1423	1	10.63	10.63	0.2331	
1424	1	10.64	10.64	0.2304	
1425	1	10.61	10.61	0.2379	
1426	1	11.06	11.06	0.4564	
1427	1	10.98	10.98	0.6196	
1428	1	10.42	10.42	0.4836	
1429	1	10.37	10.37	0.2331	
1430	1	10.4	10.4	0.24	
1431	1	10.43	10.43	0.2451	
1432	1	10.17	10.17	0.1411	
1433	1	10.43	10.43	0.2451	
1434	1	10.41	10.41	0.2419	
1435	1	10.54	10.54	0.2484	
1436	1	10.42	10.42	0.2436	
1437	1	10.54	10.54	0.2484	
1438	1	10.75	10.75	0.1875	
1439	1	10.7	10.7	0.21	
1440	1	10.68	10.68	0.2176	
1441	1	10.75	10.75	0.2675	
1442	1	10.88	10.88	0.2256	
1443	1	10.92	10.92	0.4736	
1444	1	10.86	10.86	0.7604	
1445	1	10.74	10.74	0.5924	
1446	1	10.72	10.72	0.9016	
1447	1	10.58	10.58	0.8236	
1448	1	10.28	10.28	0.4816	
1449	1	10.38	10.38	0.6156	
1450	1	10.02	10.02	0.0396	
1451	1	10.01	10.01	0.0099	
1452	1	10.01	10.01	0.0099	
1453	1	10.05	10.05	0.0475	
1454	1	10.01	10.01	0.0099	
1455	1	10.01	10.01	0.0099	
1456	1	10.01	10.01	0.0099	
1457	1	10.01	10.01	0.0099	
1458	1	10.01	10.01	0.0099	
1459	1	10.01	10.01	0.0099	
1460	1	10.01	10.01	0.0099	
1461	1	10.01	10.01	0.0099	
1462	1	10.01	10.01	0.0099	
1463	1	10.01	10.01	0.0099	
1464	1	10.01	10.01	0.0099	
1465	1	10.01	10.01	0.0099	
1466	1	10.01	10.01	0.0099	
1467	1	10.05	10.05	0.0475	
1468	1	10.2	10.2	0.16	
1469	1	10.22	10.22	0.1716	
1470	1	10.29	10.29	0.2059	
1471	1	10.35	10.35	0.2275	
1472	1	10.37	10.37	0.2331	
1473	1	10.29	10.29	0.2059	
1474	1	10.27	10.27	0.1971	
1475	1	10.43	10.43	0.2451	
1476	1	10.18	10.18	0.1476	
1477	1	10.09	10.09	0.0819	
1478	1	10.01	10.01	0.0099	
1479	1	10.01	10.01	0.0099	
1480	1	10.01	10.01	0.0099	
1481	1	10.01	10.01	0.0099	
1482	1	10.01	10.01	0.0099	
1483	1	10.01	10.01	0.0099	
1484	1	10.01	10.01	0.0099	
1485	1	10.01	10.01	0.0099	
1486	1	10.01	10.01	0.0099	
1487	1	10.01	10.01	0.0099	
1488	1	10.01	10.01	0.0099	
1489	1	10.01	10.01	0.0099	
1490	1	10.01	10.01	0.0099	
1491	1	10.01	10.01	0.0099	
1492	1	10.01	10.01	0.0099	
1493	1	10.01	10.01	0.0099	
1494	1	10.01	10.01	0.0099	
1495	1	10.01	10.01	0.0099	
1496	1	10.18	10.18	0.1476	
1497	1	10.01	10.01	0.0099	
1498	1	10.01	10.01	0.0099	
1499	1	10.01	10.01	0.0099	
1500	1	10.01	10.01	0.0099	
1501	1	10.04	10.04	0.0384	
1502	1	10.17	10.17	0.1411	
1503	1	10.48	10.48	0.2496	
1504	1	10.49	10.49	0.2499	
1505	1	10.69	10.69	0.2139	
1506	1	10.59	10.59	0.2419	
1507	1	10.53	10.53	0.2491	
1508	1	10.54	10.54	0.2484	
1509	1	10.46	10.46	0.2484	
1510	1	10.33	10.33	0.2211	
1511	1	10.26	10.26	0.1924	
1512	1	10.39	10.39	0.2379	
1513	1	10.69	10.69	0.2139	
1514	1	10.73	10.73	0.1971	
1515	1	10.78	10.78	0.1716	
1516	1	10.78	10.78	0.1716	
1517	1	10.8	10.8	0.16	
1518	1	10.53	10.53	0.2491	
1519	1	10.43	10.43	0.2451	
1520	1	10.52	10.52	0.2696	
1521	1	10.31	10.31	0.2139	
1522	1	10.01	10.01	0.0099	
1523	1	10.01	10.01	0.0099	
1524	1	10.01	10.01	0.0099	
1525	1	10.01	10.01	0.0099	
1526	1	10.01	10.01	0.0099	
1527	1	10.01	10.01	0.0099	
1528	1	10.01	10.01	0.0099	
1529	1	10.07	10.07	0.0651	
1530	1	10.01	10.01	0.0099	
1531	1	10.01	10.01	0.0099	
1532	1	10.01	10.01	0.0099	
1533	1	10.01	10.01	0.0099	
1534	1	10.01	10.01	0.0099	
1535	1	10.01	10.01	0.0099	
1536	1	10.01	10.01	0.0099	
1537	1	10.01	10.01	0.0099	
1538	1	10.01	10.01	0.0099	
1539	1	10.01	10.01	0.0099	
1540	1	10.01	10.01	0.0099	
1541	1	10.01	10.01	0.0099	
1542	1	10.01	10.01	0.0099	
1543	1	10.01	10.01	0.0099	
1544	1	10.01	10.01	0.0099	
1545	1	10.01	10.01	0.0099	
1546	1	10.01	10.01	0.0099	
1547	1	10.01	10.01	0.0099	
1548	1	10.01	10.01	0.0099	
1549	1	10.01	10.01	0.0099	
1550	1	10.02	10.02	0.0196	
1551	1	10.01	10.01	0.0099	
1552	1	10.01	10.01	0.0099	
1553	1	10.01	10.01	0.0099	
1554	1	10.01	10.01	0.0099	
1555	1	10.01	10.01	0.0099	
1556	1	10.06	10.06	0.0564	
1557	1	10.01	10.01	0.0099	
1558	1	10.01	10.01	0.0099	
1559	1	10.01	10.01	0.0099	
1560	1	10.06	10.06	0.0564	
1561	1	10.01	10.01	0.0099	
1562	1	10.01	10.01	0.0099	
1563	1	10.01	10.01	0.0099	
1564	1	10.01	10.01	0.0099	
1565	1	10.01	10.01	0.0099	
1566	1	10.01	10.01	0.0099	
1567	1	10.01	10.01	0.0099	
1568	1	10.01	10.01	0.0099	
1569	1	10.01	10.01	0.0099	
1570	1	10.01	10.01	0.0099	
1571	1	10.01	10.01	0.0099	
1572	1	10.03	10.03	0.0291	
1573	1	10.05	10.05	0.0475	
1574	1	10.01	10.01	0.0099	
1575	1	10.01	10.01	0.0099	
1576	1	10.01	10.01	0.0099	
1577	1	10.01	10.01	0.0099	
1578	1	10.01	10.01	0.0099	
1579	1	10.01	10.01	0.0099	
1580	1	10.01	10.01	0.0099	
1581	1	10.01	10.01	0.0099	
1582	1	10.01	10.01	0.0099	
1583	1	10.01	10.01	0.0099	
1584	1	10.01	10.01	0.0099	
1585	1	10.01	10.01	0.0099	
1586	1	10.01	10.01	0.0099	
1587	1	10.01	10.01	0.0099	
1588	1	10.01	10.01	0.0099	
1589	1	10.01	10.01	0.0099	
1590	1	10.32	10.32	0.4176	
1591	1	10.34	10.34	0.4844	
1592	1	10.66	10.66	0.8844	
1593	1	11.71	11.71	1.1859	
1594	1	11.59	11.59	1.1619	
1595	1	11.61	11.61	1.2579	
1596	1	11.91	11.91	1.1619	
1597	1	11.63	11.63	1.2331	
1598	1	11.8	11.8	1.2	
1599	1	11.65	11.65	1.4475	
1600	1	12.15	12.15	0.7875	
1601	1	12.28	12.28	0.2016	
1602	1	12.34	12.34	0.2244	
1603	1	12.34	12.34	0.2244	
1604	1	12.35	12.35	0.2275	
1605	1	12.35	12.35	0.2275	
1606	1	12.01	12.01	0.0099	
1607	1	12.01	12.01	0.0099	
1608	1	12.01	12.01	0.0099	
1609	1	12.01	12.01	0.0099	
1610	1	12.01	12.01	0.0099	
1611	1	12.05	12.05	0.0475	
1612	1	12.01	12.01	0.0099	
1613	1	12.01	12.01	0.0099	
1614	1	12.01	12.01	0.0099	
1615	1	12.01	12.01	0.0099	
1616	1	12.01	12.01	0.0099	
1617	1	12.01	12.01	0.0099	
1618	1	12.01	12.01	0.0099	
1619	1	12.02	12.02	0.0196	
1620	1	12.01	12.01	0.0099	
1621	1	12.01	12.01	0.0099	
1622	1	12.01	12.01	0.0099	
1623	1	12.01	12.01	0.0099	
1624	1	12.01	12.01	0.0099	
1625	1	12.01	12.01	0.0099	
1626	1	12.01	12.01	0.0099	
1627	1	12.01	12.01	0.0099	
1628	1	12.01	12.01	0.0099	
1629	1	12.01	12.01	0.0099	
1630	1	12.01	12.01	0.0099	
1631	1	12.01	12.01	0.0099	
1632	1	12.01	12.01	0.0099	
1633	1	12.01	12.01	0.0099	
1634	1	12.01	12.01	0.0099	
1635	1	12.14	12.14	0.1204	
1636	1	12.56	12.56	0.2464	
1637	1	12.32	12.32	0.2176	
1638	1	12.12	12.12	0.1056	
1639	1	12.01	12.01	0.0099	
1640	1	12.01	12.01	0.0099	
1641	1	12.01	12.01	0.0099	
1642	1	12.01	12.01	0.0099	
1643	1	12.01	12.01	0.0099	
1644	1	12.29	12.29	0.2059	
1645	1	12.37	12.37	0.2331	
1646	1	12.73	12.73	0.1971	
1647	1	12.79	12.79	0.1659	
1648	1	12.95	12.95	0.0475	
1649	1	12.9	12.9	0.09	
1650	1	12.95	12.95	0.0475	
1651	1	12.99	12.99	0.0099	
1652	1	13.01	13.01	0.0099	
1653	1	13.01	13.01	0.0099	
1654	1	13.01	13.01	0.0099	
1655	1	13.01	13.01	0.0099	
1656	1	13.01	13.01	0.0099	
1657	1	13.01	13.01	0.0099	
1658	1	13.01	13.01	0.0099	
1659	1	13.12	13.12	0.1056	
1660	1	13.01	13.01	0.0099	
1661	1	13.01	13.01	0.0099	
1662	1	13.01	13.01	0.0099	
1663	1	13.01	13.01	0.0099	
1664	1	13.01	13.01	0.0099	
1665	1	13.01	13.01	0.0099	
1666	1	13.01	13.01	0.0099	
1667	1	13.12	13.12	0.1056	
1668	1	13.12	13.12	0.1056	
1669	1	13.22	13.22	0.1716	
1670	1	13.3	13.3	0.21	
1671	1	13.42	13.42	0.2436	
1672	1	13.45	13.45	0.2475	
1673	1	13.39	13.39	0.2379	
1674	1	13.77	13.77	0.1771	
1675	1	13.86	13.86	0.3204	
1676	1	13.69	13.69	0.2139	
1677	1	13.63	13.63	0.2331	
1678	1	13.64	13.64	0.2304	
1679	1	13.49	13.49	0.2499	
1680	1	13.58	13.58	0.2436	
1681	1	13.49	13.49	0.2499	
1682	1	13.65	13.65	0.2275	
1683	1	13.98	13.98	0.0196	
1684	1	13.92	13.92	0.0736	
1685	1	13.78	13.78	0.1716	
1686	1	13.7	13.7	0.21	
1687	1	13.72	13.72	0.2016	
1688	1	13.85	13.85	0.1275	
1689	1	13.79	13.79	0.1659	
1690	1	13.99	13.99	0.0099	
1691	1	14.01	14.01	0.0099	
1692	1	14.01	14.01	0.0099	
1693	1	14.01	14.01	0.0099	
1694	1	14.01	14.01	0.0099	
1695	1	14.01	14.01	0.0099	
1696	1	14.01	14.01	0.0099	
1697	1	14.01	14.01	0.0099	
1698	1	14.01	14.01	0.0099	
1699	1	14.01	14.01	0.0099	
1700	1	14.01	14.01	0.0099	
1701	1	14.01	14.01	0.0099	
1702	1	14.01	14.01	0.0099	
1703	1	14.01	14.01	0.0099	
1704	1	14.01	14.01	0.0099	
1705	1	14.01	14.01	0.0099	
1706	1	14.01	14.01	0.0099	
1707	1	14.01	14.01	0.0099	
1708	1	14.01	14.01	0.0099	
1709	1	14.01	14.01	0.0099	
1710	1	14.01	14.01	0.0099	
1711	1	14.01	14.01	0.0099	
1712	1	14.01	14.01	0.0099	
1713	1	14.01	14.01	0.0099	
1714	1	14.01	14.01	0.0099	
1715	1	14.01	14.01	0.0099	
1716	1	14.01	14.01	0.0099	
1717	1	14.01	14.01	0.0099	
1718	1	14.01	14.01	0.0099	
1719	1	14.05	14.05	0.0475	
1720	1	14.01	14.01	0.0099	
1721	1	14.01	14.01	0.0099	
1722	1	14.01	14.01	0.0099	
1723	1	14.01	14.01	0.0099	
1724	1	14.23	14.23	0.1771	
1725	1	14.23	14.23	0.1771	
1726	1	14.19	14.19	0.1539	
1727	1	14.01	14.01	0.0099	
1728	1	14.01	14.01	0.0099	
1729	1	14.01	14.01	0.0099	
1730	1	14.01	14.01	0.0099	
1731	1	14.01	14.01	0.0099	
1732	1	14.01	14.01	0.0099	
1733	1	14.01	14.01	0.0099	
1734	1	14.01	14.01	0.0099	
1735	1	14.01	14.01	0.0099	
1736	1	14.01	14.01	0.0099	
1737	1	14.01	14.01	0.0099	
1738	1	14.01	14.01	0.0099	
1739	1	14.01	14.01	0.0099	
1740	1	14.01	14.01	0.0099	
1741	1	14.07	14.07	0.0651	
1742	1	14.01	14.01	0.0099	
1743	1	14.01	14.01	0.0099	
1744	1	14.01	14.01	0.0099	
1745	1	14.27	14.27	0.1971	
1746	1	14.24	14.24	0.1824	
1747	1	14.21	14.21	0.1659	
1748	1	14.45	14.45	0.2475	
1749	1	14.19	14.19	0.1539	
1750	1	14.01	14.01	0.0099	
1751	1	14.01	14.01	0.0099	
1752	1	14.01	14.01	0.0099	
1753	1	14.15	14.15	0.1275	
1754	1	14.01	14.01	0.0099	
1755	1	14.01	14.01	0.0099	
1756	1	14.01	14.01	0.0099	
1757	1	14.01	14.01	0.0099	
1758	1	14.01	14.01	0.0099	
1759	1	14.13	14.13	0.1131	
1760	1	14.12	14.12	0.1056	
1761	1	14.13	14.13	0.1131	
1762	1	14.17	14.17	0.1411	
1763	1	14.19	14.19	0.1539	
1764	1	14.14	14.14	0.1204	
1765	1	14.02	14.02	0.0196	
1766	1	14.01	14.01	0.0099	
1767	1	14.01	14.01	0.0099	
1768	1	14.07	14.07	0.0651	
1769	1	14.24	14.24	0.1824	
1770	1	14.27	14.27	0.1971	
1771	1	14.15	14.15	0.1275	
1772	1	14.19	14.19	0.1539	
1773	1	14.19	14.19	0.1539	
1774	1	14.45	14.45	0.2475	
1775	1	14.54	14.54	0.2484	
1776	1	14.47	14.47	0.2491	
1777	1	14.15	14.15	0.1275	
1778	1	14.43	14.43	0.3051	
1779	1	14.38	14.38	0.2356	
1780	1	14.23	14.23	0.1771	
1781	1	14.26	14.26	0.1924	
1782	1	14.26	14.26	0.1924	
1783	1	14.01	14.01	0.0099	
1784	1	14.01	14.01	0.0099	
1785	1	14.01	14.01	0.0099	
1786	1	14.01	14.01	0.0099	
1787	1	14.01	14.01	0.0099	
1788	1	14.01	14.01	0.0099	
1789	1	14.01	14.01	0.0099	
1790	1	14.01	14.01	0.0099	
1791	1	14.01	14.01	0.0099	
1792	1	14.01	14.01	0.0099	
1793	1	14.01	14.01	0.0099	
1794	1	14.01	14.01	0.0099	
1795	1	14.01	14.01	0.0099	
1796	1	14.01	14.01	0.0099	
1797	1	14.01	14.01	0.0099	
1798	1	14.01	14.01	0.0099	
1799	1	14.01	14.01	0.0099	
1800	1	14.01	14.01	0.0099	
1801	1	14.01	14.01	0.0099	
1802	1	14.01	14.01	0.0099	
1803	1	14.01	14.01	0.0099	
1804	1	14.01	14.01	0.0099	
1805	1	14.01	14.01	0.0099	
1806	1	14.01	14.01	0.0099	
1807	1	14.01	14.01	0.0099	
1808	1	14.01	14.01	0.0099	
1809	1	14.01	14.01	0.0099	
1810	1	14.01	14.01	0.0099	
1811	1	14.01	14.01	0.0099	
1812	1	14.01	14.01	0.0099	
1813	1	14.01	14.01	0.0099	
1814	1	14.01	14.01	0.0099	
1815	1	14.01	14.01	0.0099	
1816	1	14.01	14.01	0.0099	
1817	1	14.01	14.01	0.0099	
1818	1	14.01	14.01	0.0099	
1819	1	14.01	14.01	0.0099	
1820	1	14.01	14.01	0.0099	
1821	1	14.01	14.01	0.0099	
1822	1	14.01	14.01	0.0099	
1823	1	14.01	14.01	0.0099	
1824	1	14.01	14.01	0.0099	
1825	1	14.01	14.01	0.0099	
1826	1	14.01	14.01	0.0099	
1827	1	14.01	14.01	0.0099	
1828	1	14.01	14.01	0.0099	
1829	1	14.01	14.01	0.0099	
1830	1	14.01	14.01	0.0099	
1831	1	14.01	14.01	0.0099	
1832	1	14.01	14.01	0.0099	
1833	1	14.01	14.01	0.0099	
1834	1	14.01	14.01	0.0099	
1835	1	14.01	14.01	0.0099	
1836	1	14.01	14.01	0.0099	
1837	1	14.01	14.01	0.0099	
1838	1	14.01	14.01	0.0099	
1839	1	14.01	14.01	0.0099	
1840	1	14.01	14.01	0.0099	
1841	1	14.01	14.01	0.0099	
1842	1	14.01	14.01	0.0099	
1843	1	14.11	14.11	0.0979	
1844	1	14.14	14.14	0.1204	
1845	1	14.15	14.15	0.1275	
1846	1	14.01	14.01	0.0099	
1847	1	14.01	14.01	0.0099	
1848	1	14.01	14.01	0.0099	
1849	1	14.01	14.01	0.0099	
1850	1	14.01	14.01	0.0099	
1851	1	14.01	14.01	0.0099	
1852	1	14.01	14.01	0.0099	
1853	1	14.01	14.01	0.0099	
1854	1	14.01	14.01	0.0099	
1855	1	14.01	14.01	0.0099	
1856	1	14.01	14.01	0.0099	
1857	1	14.01	14.01	0.0099	
1858	1	14.01	14.01	0.0099	
1859	1	14.01	14.01	0.0099	
1860	1	14.01	14.01	0.0099	
1861	1	14.01	14.01	0.0099	
1862	1	14.01	14.01	0.0099	
1863	1	14.01	14.01	0.0099	
1864	1	14.01	14.01	0.0099	
1865	1	14.01	14.01	0.0099	
1866	1	14.01	14.01	0.0099	
1867	1	14.01	14.01	0.0099	
1868	1	14.01	14.01	0.0099	
1869	1	14.01	14.01	0.0099	
1870	1	14.01	14.01	0.0099	
1871	1	14.01	14.01	0.0099	
1872	1	14.01	14.01	0.0099	
1873	1	14.01	14.01	0.0099	
1874	1	14.01	14.01	0.0099	
1875	1	14.01	14.01	0.0099	
1876	1	14.02	14.02	0.0196	
1877	1	14.01	14.01	0.0099	
1878	1	14.01	14.01	0.0099	
1879	1	14.01	14.01	0.0099	
1880	1	14.01	14.01	0.0099	
1881	1	14.16	14.16	0.1344	
1882	1	14.08	14.08	0.0736	
1883	1	14.12	14.12	0.1056	
1884	1	14.43	14.43	0.2451	
1885	1	14.12	14.12	0.1056	
1886	1	14.01	14.01	0.0099	
1887	1	14.27	14.27	0.1971	
1888	1	14.29	14.29	0.2059	
1889	1	14.36	14.36	0.2304	
1890	1	14.25	14.25	0.1875	
1891	1	14.43	14.43	0.3651	
1892	1	14.27	14.27	0.1971	
1893	1	14.24	14.24	0.1824	
1894	1	14.19	14.19	0.1539	
1895	1	14.32	14.32	0.2176	
1896	1	14.35	14.35	0.2275	
1897	1	14.48	14.48	0.2496	
1898	1	14.71	14.71	0.2059	
1899	1	14.79	14.79	0.1659	
1900	1	15.01	15.01	0.0099	
1901	1	15.01	15.01	0.0099	
1902	1	15.01	15.01	0.0099	
1903	1	15.07	15.07	0.0651	
1904	1	15.01	15.01	0.0099	
1905	1	15.01	15.01	0.0099	
1906	1	15.16	15.16	0.1344	
1907	1	15.09	15.09	0.0819	
1908	1	15.41	15.41	0.2419	
1909	1	15.46	15.46	0.2484	
1910	1	15.39	15.39	0.2379	
1911	1	15.39	15.39	0.2379	
1912	1	15.68	15.68	0.2176	
1913	1	15.71	15.71	0.2059	
1914	1	15.93	15.93	0.0651	
1915	1	15.84	15.84	0.1344	
1916	1	15.99	15.99	0.0099	
1917	1	16.1	16.1	0.09	
1918	1	16.01	16.01	0.0099	
1919	1	16.01	16.01	0.0099	
1920	1	16.01	16.01	0.0099	
1921	1	16.01	16.01	0.0099	
1922	1	16.01	16.01	0.0099	
1923	1	16.01	16.01	0.0099	
1924	1	16.01	16.01	0.0099	
1925	1	16.01	16.01	0.0099	
1926	1	16.01	16.01	0.0099	
1927	1	16.01	16.01	0.0099	
1928	1	16.01	16.01	0.0099	
1929	1	16.01	16.01	0.0099	
1930	1	16.01	16.01	0.0099	
1931	1	16.01	16.01	0.0099	
1932	1	16.01	16.01	0.0099	
1933	1	16.01	16.01	0.0099	
1934	1	16.01	16.01	0.0099	
1935	1	16.01	16.01	0.0099	
1936	1	16.01	16.01	0.0099	
1937	1	16.01	16.01	0.0099	
1938	1	16.01	16.01	0.0099	
1939	1	16.01	16.01	0.0099	
1940	1	16.01	16.01	0.0099	
1941	1	16.01	16.01	0.0099	
1942	1	16.21	16.21	0.1659	
1943	1	16.07	16.07	0.0651	
1944	1	16.01	16.01	0.0099	
1945	1	16.01	16.01	0.0099	
1946	1	16.01	16.01	0.0099	
1947	1	16.01	16.01	0.0099	
1948	1	16.01	16.01	0.0099	
1949	1	16.22	16.22	0.1716	
1950	1	16.36	16.36	0.2304	
1951	1	16.62	16.62	0.2356	
1952	1	17.01	17.01	0.0099	
1953	1	17.02	17.02	0.0196	
1954	1	17.01	17.01	0.0099	
1955	1	17.01	17.01	0.0099	
1956	1	17.01	17.01	0.0099	
1957	1	17.01	17.01	0.0099	
1958	1	17.02	17.02	0.0196	
1959	1	17.01	17.01	0.0099	
1960	1	17.01	17.01	0.0099	
1961	1	17.01	17.01	0.0099	
1962	1	17.01	17.01	0.0099	
1963	1	17.01	17.01	0.0099	
1964	1	17.01	17.01	0.0099	
1965	1	17.01	17.01	0.0099	
1966	1	17.01	17.01	0.0099	
1967	1	17.01	17.01	0.0099	
1968	1	17.01	17.01	0.0099	
1969	1	17.07	17.07	0.0651	
1970	1	17.19	17.19	0.1539	
1971	1	17.01	17.01	0.0099	
1972	1	17.01	17.01	0.0099	
1973	1	17.01	17.01	0.0099	
1974	1	17.01	17.01	0.0099	
1975	1	17.01	17.01	0.0099	
1976	1	17.01	17.01	0.0099	
1977	1	17.01	17.01	0.0099	
1978	1	17.01	17.01	0.0099	
1979	1	17.01	17.01	0.0099	
1980	1	17.01	17.01	0.0099	
1981	1	17.09	17.09	0.0819	
1982	1	17.2	17.2	0.16	
1983	1	17.32	17.32	0.2176	
1984	1	17.52	17.52	0.2496	
1985	1	17.24	17.24	0.1824	
1986	1	17.35	17.35	0.2275	
1987	1	17.26	17.26	0.1924	
1988	1	17.3	17.3	0.21	
1989	1	17.07	17.07	0.0651	
1990	1	17.18	17.18	0.1476	
1991	1	17.24	17.24	0.1824	
1992	1	17.12	17.12	0.1056	
1993	1	17.19	17.19	0.1539	
1994	1	17.23	17.23	0.1771	
1995	1	17.01	17.01	0.0099	
1996	1	17.01	17.01	0.0099	
1997	1	17.01	17.01	0.0099	
1998	1	17.01	17.01	0.0099	
1999	1	17.01	17.01	0.0099	
2000	1	17.01	17.01	0.0099	
