# mu = 0.01, s = 0, trials requested = 1, runtime = 0:00:01
# "Time"	"Actual trials"	"Mean mutation"	"Average mean mutation"	"Average mutation variance"
0	1	0	0	0	
1	1	0.01	0.01	0.0099	
2	1	0.01	0.01	0.0099	
3	1	0.04	0.04	0.0384	
4	1	0.05	0.05	0.0475	
5	1	0.07	0.07	0.0651	
6	1	0.11	0.11	0.0979	
7	1	0.09	0.09	0.0819	
8	1	0.08	0.08	0.0736	
9	1	0.09	0.09	0.0819	
10	1	0.12	0.12	0.1056	
11	1	0.1	0.1	0.09	
12	1	0.14	0.14	0.1804	
13	1	0.19	0.19	0.2739	
14	1	0.18	0.18	0.2476	
15	1	0.23	0.23	0.3171	
16	1	0.27	0.27	0.3571	
17	1	0.32	0.32	0.3976	
18	1	0.36	0.36	0.3904	
19	1	0.36	0.36	0.3704	
20	1	0.42	0.42	0.4636	
21	1	0.34	0.34	0.3644	
22	1	0.39	0.39	0.4179	
23	1	0.43	0.43	0.4251	
24	1	0.46	0.46	0.4484	
25	1	0.39	0.39	0.3979	
26	1	0.5	0.5	0.43	
27	1	0.48	0.48	0.4096	
28	1	0.42	0.42	0.3836	
29	1	0.5	0.5	0.41	
30	1	0.53	0.53	0.4691	
31	1	0.55	0.55	0.5075	
32	1	0.6	0.6	0.48	
33	1	0.59	0.59	0.4819	
34	1	0.5	0.5	0.45	
35	1	0.47	0.47	0.4091	
36	1	0.5	0.5	0.47	
37	1	0.52	0.52	0.4696	
38	1	0.52	0.52	0.4296	
39	1	0.52	0.52	0.4896	
40	1	0.52	0.52	0.4696	
41	1	0.55	0.55	0.4875	
42	1	0.52	0.52	0.4496	
43	1	0.57	0.57	0.5251	
44	1	0.53	0.53	0.4491	
45	1	0.51	0.51	0.4499	
46	1	0.48	0.48	0.4296	
47	1	0.45	0.45	0.4075	
48	1	0.47	0.47	0.4491	
49	1	0.48	0.48	0.4496	
50	1	0.47	0.47	0.4491	
51	1	0.41	0.41	0.4019	
52	1	0.43	0.43	0.4051	
53	1	0.41	0.41	0.4019	
54	1	0.44	0.44	0.4264	
55	1	0.47	0.47	0.4491	
56	1	0.39	0.39	0.3779	
57	1	0.47	0.47	0.4491	
58	1	0.48	0.48	0.4496	
59	1	0.41	0.41	0.4019	
60	1	0.43	0.43	0.4451	
61	1	0.41	0.41	0.4019	
62	1	0.39	0.39	0.3979	
63	1	0.37	0.37	0.3731	
64	1	0.35	0.35	0.3475	
65	1	0.32	0.32	0.3176	
66	1	0.37	0.37	0.4331	
67	1	0.35	0.35	0.4075	
68	1	0.37	0.37	0.3331	
69	1	0.38	0.38	0.3756	
70	1	0.29	0.29	0.2459	
71	1	0.32	0.32	0.2576	
72	1	0.26	0.26	0.1924	
73	1	0.25	0.25	0.1875	
74	1	0.28	0.28	0.2816	
75	1	0.27	0.27	0.2971	
76	1	0.23	0.23	0.2571	
77	1	0.25	0.25	0.3075	
78	1	0.21	0.21	0.2859	
79	1	0.22	0.22	0.3116	
80	1	0.2	0.2	0.28	
81	1	0.2	0.2	0.26	
82	1	0.23	0.23	0.2971	
83	1	0.23	0.23	0.2971	
84	1	0.31	0.31	0.3339	
85	1	0.38	0.38	0.3756	
86	1	0.38	0.38	0.3956	
87	1	0.46	0.46	0.4484	
88	1	0.52	0.52	0.4896	
89	1	0.43	0.43	0.4651	
90	1	0.44	0.44	0.4464	
91	1	0.46	0.46	0.4684	
92	1	0.47	0.47	0.4691	
93	1	0.46	0.46	0.4484	
94	1	0.46	0.46	0.5084	
95	1	0.45	0.45	0.5275	
96	1	0.42	0.42	0.4636	
97	1	0.42	0.42	0.4236	
98	1	0.51	0.51	0.5099	
99	1	0.41	0.41	0.4019	
100	1	0.44	0.44	0.4664	
101	1	0.42	0.42	0.4236	
102	1	0.38	0.38	0.3756	
103	1	0.36	0.36	0.3504	
104	1	0.33	0.33	0.3211	
105	1	0.37	0.37	0.3731	
106	1	0.4	0.4	0.36	
107	1	0.46	0.46	0.4484	
108	1	0.38	0.38	0.3756	
109	1	0.36	0.36	0.3704	
110	1	0.4	0.4	0.48	
111	1	0.42	0.42	0.4236	
112	1	0.44	0.44	0.4464	
113	1	0.44	0.44	0.4464	
114	1	0.46	0.46	0.4884	
115	1	0.49	0.49	0.5099	
116	1	0.53	0.53	0.5291	
117	1	0.56	0.56	0.5664	
118	1	0.59	0.59	0.6419	
119	1	0.58	0.58	0.6436	
120	1	0.55	0.55	0.5275	
121	1	0.58	0.58	0.5436	
122	1	0.55	0.55	0.5075	
123	1	0.59	0.59	0.5419	
124	1	0.63	0.63	0.5731	
125	1	0.65	0.65	0.5675	
126	1	0.63	0.63	0.5131	
127	1	0.65	0.65	0.5275	
128	1	0.65	0.65	0.6075	
129	1	0.68	0.68	0.5576	
130	1	0.71	0.71	0.5859	
131	1	0.71	0.71	0.6459	
132	1	0.71	0.71	0.6059	
133	1	0.8	0.8	0.8	
134	1	0.79	0.79	0.8059	
135	1	0.83	0.83	0.8011	
136	1	0.85	0.85	0.8475	
137	1	0.85	0.85	0.8675	
138	1	0.89	0.89	1.0179	
139	1	0.97	0.97	1.1691	
140	1	0.95	0.95	1.1875	
141	1	0.95	0.95	1.0675	
142	1	0.97	0.97	1.0891	
143	1	0.95	0.95	1.1275	
144	1	1.02	1.02	1.1396	
145	1	1.06	1.06	1.2964	
146	1	1.15	1.15	1.4675	
147	1	1.13	1.13	1.4331	
148	1	1.17	1.17	1.4011	
149	1	1.17	1.17	1.4811	
150	1	1.26	1.26	1.7724	
151	1	1.31	1.31	1.6539	
152	1	1.33	1.33	1.5611	
153	1	1.33	1.33	1.6011	
154	1	1.29	1.29	1.7859	
155	1	1.25	1.25	1.5475	
156	1	1.24	1.24	1.6224	
157	1	1.21	1.21	1.6259	
158	1	1.15	1.15	1.4875	
159	1	1.17	1.17	1.3411	
160	1	1.15	1.15	1.3475	
161	1	1.14	1.14	1.3204	
162	1	1.15	1.15	1.3275	
163	1	1.07	1.07	1.1451	
164	1	1.18	1.18	1.1076	
165	1	1.08	1.08	1.1336	
166	1	1.08	1.08	1.1936	
167	1	1.07	1.07	1.0851	
168	1	1.1	1.1	1.25	
169	1	1.11	1.11	1.2379	
170	1	1.12	1.12	1.1856	
171	1	1.12	1.12	1.1056	
172	1	0.98	0.98	0.9996	
173	1	0.89	0.89	0.9179	
174	1	0.82	0.82	0.6276	
175	1	0.76	0.76	0.5824	
176	1	0.74	0.74	0.5324	
177	1	0.77	0.77	0.5371	
178	1	0.83	0.83	0.6011	
179	1	0.9	0.9	0.59	
180	1	0.98	0.98	0.6396	
181	1	1.03	1.03	0.7291	
182	1	1.14	1.14	0.7404	
183	1	1.12	1.12	0.7456	
184	1	1.2	1.2	0.8	
185	1	1.19	1.19	0.8339	
186	1	1.14	1.14	0.7204	
187	1	1.19	1.19	0.7939	
188	1	1.22	1.22	0.8316	
189	1	1.23	1.23	0.8571	
190	1	1.29	1.29	0.8859	
191	1	1.25	1.25	0.8875	
192	1	1.3	1.3	0.89	
193	1	1.3	1.3	0.93	
194	1	1.35	1.35	0.9475	
195	1	1.3	1.3	1.01	
196	1	1.31	1.31	1.0939	
197	1	1.33	1.33	1.1211	
198	1	1.33	1.33	1.0811	
199	1	1.38	1.38	1.1956	
200	1	1.39	1.39	1.1779	
201	1	1.44	1.44	1.1864	
202	1	1.46	1.46	1.2484	
203	1	1.45	1.45	1.1675	
204	1	1.46	1.46	1.1884	
205	1	1.49	1.49	1.3299	
206	1	1.46	1.46	1.3484	
207	1	1.48	1.48	1.4096	
208	1	1.54	1.54	1.4684	
209	1	1.58	1.58	1.5036	
210	1	1.54	1.54	1.5284	
211	1	1.57	1.57	1.5451	
212	1	1.58	1.58	1.5036	
213	1	1.66	1.66	1.5644	
214	1	1.71	1.71	1.6459	
215	1	1.78	1.78	1.8316	
216	1	1.76	1.76	1.7424	
217	1	1.73	1.73	1.6171	
218	1	1.78	1.78	1.6516	
219	1	1.79	1.79	1.6459	
220	1	1.89	1.89	1.6979	
221	1	1.86	1.86	1.7804	
222	1	1.86	1.86	1.8004	
223	1	1.88	1.88	1.7456	
224	1	1.89	1.89	1.6379	
225	1	1.95	1.95	1.9475	
226	1	1.89	1.89	2.0379	
227	1	1.93	1.93	2.3051	
228	1	1.91	1.91	2.1619	
229	1	1.96	1.96	2.1584	
230	1	1.97	1.97	2.0691	
231	1	2.02	2.02	2.0596	
232	1	2.06	2.06	1.9364	
233	1	2.11	2.11	2.0579	
234	1	2.13	2.13	2.2531	
235	1	2.11	2.11	2.1779	
236	1	2.07	2.07	2.2051	
237	1	2.02	2.02	2.3396	
238	1	2	2	2.3	
239	1	1.94	1.94	2.1364	
240	1	1.89	1.89	1.9179	
241	1	1.95	1.95	2.1075	
242	1	1.97	1.97	2.1691	
243	1	1.98	1.98	2.1396	
244	1	1.98	1.98	2.1196	
245	1	1.96	1.96	1.9784	
246	1	2.06	2.06	1.9964	
247	1	2.02	2.02	1.9796	
248	1	2.05	2.05	2.0275	
249	1	2.01	2.01	1.9899	
250	1	2	2	1.86	
251	1	2.01	2.01	1.9699	
252	1	1.99	1.99	1.9699	
253	1	2	2	1.96	
254	1	1.99	1.99	1.9499	
255	1	2.02	2.02	2.0796	
256	1	2.06	2.06	2.0364	
257	1	2.07	2.07	2.1051	
258	1	2.07	2.07	2.3451	
259	1	2.1	2.1	2.57	
260	1	2.12	2.12	2.7056	
261	1	2.1	2.1	2.59	
262	1	2.13	2.13	2.6731	
263	1	2.19	2.19	2.7339	
264	1	2.15	2.15	2.7075	
265	1	2.13	2.13	2.6531	
266	1	2.08	2.08	2.7736	
267	1	2.13	2.13	2.9331	
268	1	2.07	2.07	2.7651	
269	1	2.03	2.03	2.6091	
270	1	2.04	2.04	2.6984	
271	1	1.96	1.96	2.9584	
272	1	1.91	1.91	2.7219	
273	1	1.89	1.89	2.6379	
274	1	1.87	1.87	2.7131	
275	1	1.84	1.84	2.5744	
276	1	1.84	1.84	2.4344	
277	1	1.83	1.83	2.5211	
278	1	1.84	1.84	2.7544	
279	1	1.85	1.85	2.9275	
280	1	1.91	1.91	3.0619	
281	1	1.93	1.93	3.2051	
282	1	1.98	1.98	3.0996	
283	1	2.01	2.01	2.9299	
284	1	1.96	1.96	2.8984	
285	1	1.97	1.97	2.8691	
286	1	2.04	2.04	2.7784	
287	1	2.1	2.1	2.99	
288	1	2.08	2.08	3.1136	
289	1	2.03	2.03	3.3091	
290	1	2.1	2.1	3.47	
291	1	2.1	2.1	3.51	
292	1	2.17	2.17	3.8611	
293	1	2.26	2.26	3.9324	
294	1	2.26	2.26	3.9724	
295	1	2.2	2.2	4.14	
296	1	2.29	2.29	4.3059	
297	1	2.29	2.29	4.0659	
298	1	2.4	2.4	3.9	
299	1	2.47	2.47	4.1691	
300	1	2.5	2.5	4.11	
301	1	2.5	2.5	4.27	
302	1	2.39	2.39	3.7779	
303	1	2.36	2.36	3.6504	
304	1	2.41	2.41	3.9219	
305	1	2.48	2.48	3.9896	
306	1	2.48	2.48	4.0096	
307	1	2.4	2.4	4.18	
308	1	2.46	2.46	4.7684	
309	1	2.47	2.47	4.9291	
310	1	2.44	2.44	4.9464	
311	1	2.51	2.51	4.9299	
312	1	2.51	2.51	4.9099	
313	1	2.49	2.49	4.6099	
314	1	2.62	2.62	4.5756	
315	1	2.66	2.66	4.4044	
316	1	2.65	2.65	4.4875	
317	1	2.72	2.72	4.3416	
318	1	2.73	2.73	4.2371	
319	1	2.66	2.66	4.1844	
320	1	2.7	2.7	4.01	
321	1	2.68	2.68	3.9176	
322	1	2.73	2.73	3.7371	
323	1	2.79	2.79	3.6459	
324	1	2.91	2.91	3.8619	
325	1	2.78	2.78	4.0116	
326	1	2.85	2.85	4.0275	
327	1	2.91	2.91	3.7819	
328	1	3	3	3.82	
329	1	3.04	3.04	4.2184	
330	1	3.15	3.15	4.4275	
331	1	3.13	3.13	4.6531	
332	1	3.09	3.09	4.9019	
333	1	3.22	3.22	5.0716	
334	1	3.28	3.28	5.1416	
335	1	3.29	3.29	4.9659	
336	1	3.31	3.31	5.0739	
337	1	3.38	3.38	4.9156	
338	1	3.31	3.31	5.3139	
339	1	3.33	3.33	5.4411	
340	1	3.28	3.28	5.2416	
341	1	3.44	3.44	4.8664	
342	1	3.49	3.49	4.5699	
343	1	3.45	3.45	4.2675	
344	1	3.47	3.47	4.2691	
345	1	3.4	3.4	4.2	
346	1	3.39	3.39	4.2179	
347	1	3.46	3.46	4.1084	
348	1	3.45	3.45	4.0875	
349	1	3.45	3.45	3.8675	
350	1	3.31	3.31	3.5339	
351	1	3.24	3.24	3.2024	
352	1	3.25	3.25	3.3275	
353	1	3.4	3.4	3.64	
354	1	3.39	3.39	3.4779	
355	1	3.38	3.38	3.3956	
356	1	3.34	3.34	3.2644	
357	1	3.33	3.33	3.0411	
358	1	3.32	3.32	3.2176	
359	1	3.22	3.22	3.3516	
360	1	3.17	3.17	3.2611	
361	1	3.1	3.1	3.21	
362	1	2.98	2.98	3.3396	
363	1	3.03	3.03	3.6491	
364	1	2.97	2.97	3.5491	
365	1	3.05	3.05	3.3675	
366	1	3.08	3.08	3.3736	
367	1	3.09	3.09	3.2419	
368	1	3.2	3.2	2.88	
369	1	3.27	3.27	2.5971	
370	1	3.28	3.28	2.4216	
371	1	3.34	3.34	2.4844	
372	1	3.37	3.37	2.1731	
373	1	3.42	3.42	2.0636	
374	1	3.54	3.54	2.3284	
375	1	3.51	3.51	2.2499	
376	1	3.6	3.6	2.3	
377	1	3.52	3.52	2.2496	
378	1	3.53	3.53	2.6691	
379	1	3.63	3.63	2.8731	
380	1	3.67	3.67	2.9811	
381	1	3.72	3.72	3.4216	
382	1	3.74	3.74	3.3124	
383	1	3.77	3.77	2.9971	
384	1	3.84	3.84	3.1944	
385	1	3.97	3.97	3.1291	
386	1	3.94	3.94	3.1564	
387	1	4.01	4.01	3.5299	
388	1	4.05	4.05	3.7475	
389	1	4.21	4.21	3.9259	
390	1	4.18	4.18	4.2276	
391	1	4.11	4.11	4.3779	
392	1	4.1	4.1	4.17	
393	1	4.22	4.22	4.3316	
394	1	4.28	4.28	3.9816	
395	1	4.29	4.29	4.9459	
396	1	4.28	4.28	4.7016	
397	1	4.25	4.25	4.6275	
398	1	4.19	4.19	3.8139	
399	1	4.31	4.31	3.5939	
400	1	4.37	4.37	3.6931	
401	1	4.46	4.46	3.7484	
402	1	4.42	4.42	3.5436	
403	1	4.47	4.47	3.2291	
404	1	4.32	4.32	2.9976	
405	1	4.35	4.35	2.7875	
406	1	4.38	4.38	2.7756	
407	1	4.41	4.41	2.7819	
408	1	4.51	4.51	2.7899	
409	1	4.47	4.47	2.6291	
410	1	4.48	4.48	2.9696	
411	1	4.4	4.4	2.82	
412	1	4.29	4.29	2.7059	
413	1	4.27	4.27	2.6571	
414	1	4.25	4.25	2.5875	
415	1	4.35	4.35	2.9475	
416	1	4.27	4.27	3.0771	
417	1	4.26	4.26	3.0124	
418	1	4.32	4.32	3.3176	
419	1	4.26	4.26	3.1924	
420	1	4.24	4.24	3.1424	
421	1	4.27	4.27	3.2171	
422	1	4.16	4.16	2.7944	
423	1	4.22	4.22	3.0516	
424	1	4.09	4.09	2.6019	
425	1	4.48	4.48	3.7496	
426	1	4.54	4.54	3.9084	
427	1	4.54	4.54	3.9884	
428	1	4.59	4.59	3.9019	
429	1	4.66	4.66	4.2444	
430	1	4.65	4.65	4.1475	
431	1	4.67	4.67	4.3811	
432	1	4.6	4.6	4.14	
433	1	4.58	4.58	3.8636	
434	1	4.65	4.65	4.3675	
435	1	4.66	4.66	4.5044	
436	1	4.66	4.66	4.5844	
437	1	4.69	4.69	4.6739	
438	1	4.65	4.65	4.6275	
439	1	4.72	4.72	5.2816	
440	1	4.65	4.65	4.9275	
441	1	4.67	4.67	5.0411	
442	1	4.68	4.68	4.9176	
443	1	4.71	4.71	4.9659	
444	1	4.71	4.71	5.2459	
445	1	4.77	4.77	5.2371	
446	1	4.64	4.64	5.1104	
447	1	4.54	4.54	4.4284	
448	1	4.53	4.53	4.8691	
449	1	4.62	4.62	5.3156	
450	1	4.58	4.58	5.5636	
451	1	4.52	4.52	5.4496	
452	1	4.57	4.57	5.7851	
453	1	4.69	4.69	5.5739	
454	1	4.64	4.64	5.4104	
455	1	4.78	4.78	5.5716	
456	1	4.8	4.8	6.02	
457	1	4.71	4.71	5.4059	
458	1	4.78	4.78	5.1116	
459	1	4.82	4.82	5.4276	
460	1	5.1	5.1	6.21	
461	1	5.12	5.12	6.2856	
462	1	5.14	5.14	7.0004	
463	1	5.15	5.15	6.9275	
464	1	5.23	5.23	6.7371	
465	1	5.29	5.29	6.9059	
466	1	5.27	5.27	7.0371	
467	1	5.15	5.15	6.1675	
468	1	5.19	5.19	6.5339	
469	1	5.21	5.21	6.4659	
470	1	5.23	5.23	6.2371	
471	1	5.08	5.08	6.1136	
472	1	4.93	4.93	5.7651	
473	1	4.8	4.8	5.5	
474	1	4.89	4.89	5.6979	
475	1	5.01	5.01	6.3499	
476	1	5.23	5.23	7.0771	
477	1	5.33	5.33	7.8811	
478	1	5.39	5.39	7.8179	
479	1	5.39	5.39	7.5579	
480	1	5.5	5.5	8.45	
481	1	5.52	5.52	8.4096	
482	1	5.36	5.36	8.0304	
483	1	5.09	5.09	7.3619	
484	1	5.23	5.23	7.8571	
485	1	5.37	5.37	7.8731	
486	1	5.29	5.29	7.6659	
487	1	5.24	5.24	7.7824	
488	1	5.24	5.24	7.7424	
489	1	5.35	5.35	7.7075	
490	1	5.29	5.29	7.5859	
491	1	5.31	5.31	7.5339	
492	1	5.31	5.31	7.1539	
493	1	5.16	5.16	6.8744	
494	1	5.12	5.12	6.6056	
495	1	5.22	5.22	6.9316	
496	1	4.95	4.95	6.1475	
497	1	4.91	4.91	6.1019	
498	1	4.79	4.79	5.7859	
499	1	4.75	4.75	5.7075	
500	1	4.78	4.78	5.8316	
501	1	4.8	4.8	5.88	
502	1	4.84	4.84	5.9944	
503	1	4.78	4.78	5.4116	
504	1	4.99	4.99	6.2899	
505	1	5.01	5.01	6.2699	
506	1	5.08	5.08	6.6136	
507	1	5.17	5.17	6.8811	
508	1	5.08	5.08	6.5736	
509	1	5.1	5.1	6.55	
510	1	5.07	5.07	6.5051	
511	1	5.02	5.02	6.2396	
512	1	4.98	4.98	6.2796	
513	1	5.08	5.08	6.4336	
514	1	5	5	6.36	
515	1	5	5	6.8	
516	1	4.99	4.99	6.4099	
517	1	4.9	4.9	6.03	
518	1	4.84	4.84	5.8144	
519	1	5.03	5.03	6.3091	
520	1	5.05	5.05	6.2275	
521	1	5.07	5.07	6.1651	
522	1	5.09	5.09	5.8219	
523	1	5.11	5.11	5.6579	
524	1	5.1	5.1	6.01	
525	1	5.11	5.11	5.6579	
526	1	5.1	5.1	5.89	
527	1	5.12	5.12	5.6656	
528	1	5.15	5.15	5.6475	
529	1	5.16	5.16	6.2144	
530	1	5.12	5.12	6.2856	
531	1	5.01	5.01	6.4499	
532	1	5.07	5.07	6.3451	
533	1	5.05	5.05	5.7075	
534	1	4.87	4.87	4.8531	
535	1	4.83	4.83	4.8211	
536	1	4.9	4.9	5.23	
537	1	4.91	4.91	5.2219	
538	1	4.98	4.98	5.4796	
539	1	5	5	5.66	
540	1	4.98	4.98	5.7196	
541	1	4.96	4.96	5.5784	
542	1	4.94	4.94	5.3164	
543	1	5.13	5.13	5.9931	
544	1	5.19	5.19	5.9139	
545	1	5.22	5.22	6.3516	
546	1	5.05	5.05	5.7475	
547	1	5.02	5.02	5.5396	
548	1	4.77	4.77	4.3371	
549	1	4.61	4.61	3.6179	
550	1	4.63	4.63	3.6131	
551	1	4.63	4.63	3.5931	
552	1	4.71	4.71	4.0259	
553	1	4.77	4.77	3.8971	
554	1	4.99	4.99	4.9699	
555	1	4.94	4.94	4.5564	
556	1	5.14	5.14	5.1804	
557	1	5.1	5.1	5.33	
558	1	5.11	5.11	5.3379	
559	1	4.94	4.94	4.4364	
560	1	4.79	4.79	3.8059	
561	1	4.89	4.89	4.0179	
562	1	5.04	5.04	4.7184	
563	1	4.95	4.95	4.4475	
564	1	4.93	4.93	4.0451	
565	1	4.91	4.91	4.0419	
566	1	4.86	4.86	3.6004	
567	1	4.88	4.88	3.6256	
568	1	4.89	4.89	3.6579	
569	1	4.88	4.88	3.6456	
570	1	4.85	4.85	4.1075	
571	1	4.89	4.89	4.1379	
572	1	4.9	4.9	4.19	
573	1	4.96	4.96	4.3384	
574	1	4.87	4.87	3.5331	
575	1	4.82	4.82	3.2076	
576	1	4.8	4.8	3.24	
577	1	4.75	4.75	2.9675	
578	1	4.63	4.63	2.1331	
579	1	4.61	4.61	1.7379	
580	1	4.56	4.56	1.6664	
581	1	4.59	4.59	1.7819	
582	1	4.58	4.58	1.8836	
583	1	4.52	4.52	1.8096	
584	1	4.59	4.59	1.8019	
585	1	4.54	4.54	1.6084	
586	1	4.5	4.5	1.57	
587	1	4.38	4.38	1.4156	
588	1	4.34	4.34	1.4044	
589	1	4.37	4.37	1.3331	
590	1	4.41	4.41	1.3219	
591	1	4.45	4.45	1.2875	
592	1	4.49	4.49	1.2499	
593	1	4.57	4.57	1.3051	
594	1	4.57	4.57	1.2051	
595	1	4.58	4.58	1.3436	
596	1	4.6	4.6	1.3	
597	1	4.59	4.59	1.1819	
598	1	4.66	4.66	1.1044	
599	1	4.65	4.65	1.1275	
600	1	4.77	4.77	1.1571	
601	1	4.75	4.75	1.1275	
602	1	4.76	4.76	1.2024	
603	1	4.74	4.74	1.1724	
604	1	4.69	4.69	1.0539	
605	1	4.6	4.6	1.02	
606	1	4.61	4.61	0.9979	
607	1	4.64	4.64	0.9904	
608	1	4.62	4.62	0.8956	
609	1	4.64	4.64	0.9104	
610	1	4.65	4.65	0.9275	
611	1	4.49	4.49	0.9299	
612	1	4.37	4.37	0.8531	
613	1	4.42	4.42	0.9036	
614	1	4.47	4.47	1.0491	
615	1	4.49	4.49	1.0899	
616	1	4.48	4.48	1.0296	
617	1	4.49	4.49	1.0499	
618	1	4.63	4.63	1.4931	
619	1	4.61	4.61	1.3779	
620	1	4.65	4.65	1.1475	
621	1	4.68	4.68	1.1576	
622	1	4.63	4.63	1.1931	
623	1	4.54	4.54	0.9084	
624	1	4.53	4.53	0.7891	
625	1	4.6	4.6	0.74	
626	1	4.58	4.58	0.8036	
627	1	4.58	4.58	0.8036	
628	1	4.65	4.65	0.8075	
629	1	4.6	4.6	0.82	
630	1	4.53	4.53	0.8691	
631	1	4.53	4.53	0.8891	
632	1	4.56	4.56	0.9264	
633	1	4.58	4.58	1.0036	
634	1	4.56	4.56	0.9864	
635	1	4.65	4.65	1.1075	
636	1	4.68	4.68	1.4976	
637	1	4.75	4.75	1.6675	
638	1	4.74	4.74	1.6924	
639	1	4.79	4.79	1.8859	
640	1	4.79	4.79	1.9859	
641	1	4.75	4.75	1.8075	
642	1	4.67	4.67	1.5411	
643	1	4.68	4.68	1.2776	
644	1	4.7	4.7	1.27	
645	1	4.65	4.65	1.1675	
646	1	4.66	4.66	1.1644	
647	1	4.68	4.68	1.1376	
648	1	4.68	4.68	1.1176	
649	1	4.67	4.67	1.0811	
650	1	4.69	4.69	1.0739	
651	1	4.66	4.66	1.0444	
652	1	4.67	4.67	1.0211	
653	1	4.52	4.52	0.8696	
654	1	4.44	4.44	0.8464	
655	1	4.52	4.52	0.8496	
656	1	4.49	4.49	0.8499	
657	1	4.47	4.47	0.7891	
658	1	4.52	4.52	0.9096	
659	1	4.57	4.57	1.0451	
660	1	4.48	4.48	0.9496	
661	1	4.65	4.65	1.0475	
662	1	4.66	4.66	1.0844	
663	1	4.57	4.57	0.8851	
664	1	4.55	4.55	0.9475	
665	1	4.67	4.67	1.0811	
666	1	4.66	4.66	1.2044	
667	1	4.61	4.61	1.0979	
668	1	4.65	4.65	1.1475	
669	1	4.74	4.74	1.1724	
670	1	4.76	4.76	1.1424	
671	1	4.81	4.81	1.2339	
672	1	4.84	4.84	1.0944	
673	1	4.8	4.8	1	
674	1	4.78	4.78	0.9116	
675	1	4.79	4.79	0.9659	
676	1	4.76	4.76	0.9624	
677	1	4.84	4.84	0.9944	
678	1	4.8	4.8	1.1	
679	1	4.87	4.87	1.0731	
680	1	4.91	4.91	1.1619	
681	1	4.88	4.88	1.1656	
682	1	4.95	4.95	1.2275	
683	1	5.01	5.01	1.4299	
684	1	5.12	5.12	1.3856	
685	1	5.12	5.12	1.4056	
686	1	5.07	5.07	1.4251	
687	1	5.05	5.05	1.4875	
688	1	5.12	5.12	1.6256	
689	1	5.2	5.2	1.64	
690	1	5.27	5.27	1.6171	
691	1	5.26	5.26	1.7124	
692	1	5.23	5.23	1.5571	
693	1	5.28	5.28	1.4416	
694	1	5.34	5.34	1.4044	
695	1	5.34	5.34	1.4844	
696	1	5.51	5.51	1.5299	
697	1	5.49	5.49	1.4699	
698	1	5.46	5.46	1.6684	
699	1	5.55	5.55	1.6875	
700	1	5.56	5.56	1.7864	
701	1	5.46	5.46	1.7884	
702	1	5.47	5.47	1.7291	
703	1	5.46	5.46	1.5484	
704	1	5.55	5.55	1.5875	
705	1	5.59	5.59	1.6219	
706	1	5.58	5.58	1.6036	
707	1	5.59	5.59	1.8819	
708	1	5.62	5.62	2.0556	
709	1	5.59	5.59	2.0419	
710	1	5.54	5.54	1.9484	
711	1	5.65	5.65	2.0675	
712	1	5.56	5.56	1.8864	
713	1	5.59	5.59	1.9419	
714	1	5.59	5.59	2.0019	
715	1	5.68	5.68	2.2576	
716	1	5.63	5.63	2.3731	
717	1	5.64	5.64	2.4104	
718	1	5.66	5.66	2.4444	
719	1	5.57	5.57	2.5451	
720	1	5.45	5.45	2.4075	
721	1	5.59	5.59	2.4419	
722	1	5.48	5.48	2.3096	
723	1	5.53	5.53	2.4291	
724	1	5.58	5.58	2.5636	
725	1	5.53	5.53	2.5091	
726	1	5.49	5.49	2.6899	
727	1	5.46	5.46	2.8284	
728	1	5.44	5.44	2.7264	
729	1	5.34	5.34	2.9044	
730	1	5.19	5.19	2.6539	
731	1	5.04	5.04	2.3984	
732	1	5.22	5.22	2.4116	
733	1	5.21	5.21	2.2659	
734	1	5.24	5.24	2.2024	
735	1	5.2	5.2	2	
736	1	5.15	5.15	2.2075	
737	1	5.21	5.21	1.9659	
738	1	5.29	5.29	2.0459	
739	1	5.29	5.29	2.1059	
740	1	5.23	5.23	1.8771	
741	1	5.26	5.26	1.8924	
742	1	5.26	5.26	1.7924	
743	1	5.19	5.19	1.6739	
744	1	5.11	5.11	1.7579	
745	1	5.05	5.05	1.6475	
746	1	4.92	4.92	1.5936	
747	1	4.91	4.91	1.6219	
748	1	4.94	4.94	1.7164	
749	1	4.9	4.9	1.65	
750	1	4.95	4.95	1.6675	
751	1	4.83	4.83	1.6411	
752	1	4.87	4.87	1.6131	
753	1	4.91	4.91	1.6619	
754	1	4.99	4.99	1.6299	
755	1	5.05	5.05	1.6275	
756	1	5.01	5.01	1.6899	
757	1	4.97	4.97	1.8491	
758	1	5	5	1.78	
759	1	4.96	4.96	1.8584	
760	1	4.93	4.93	1.8051	
761	1	4.99	4.99	1.6499	
762	1	4.93	4.93	1.5651	
763	1	5.01	5.01	1.5699	
764	1	5	5	1.5	
765	1	5.13	5.13	1.6331	
766	1	5.16	5.16	1.6144	
767	1	5.11	5.11	1.6779	
768	1	5.06	5.06	1.6364	
769	1	5.14	5.14	1.9604	
770	1	5.28	5.28	1.8216	
771	1	5.24	5.24	1.6224	
772	1	5.37	5.37	1.7931	
773	1	5.41	5.41	1.9219	
774	1	5.39	5.39	1.9779	
775	1	5.56	5.56	2.1264	
776	1	5.48	5.48	2.0696	
777	1	5.49	5.49	1.9899	
778	1	5.4	5.4	1.9	
779	1	5.42	5.42	1.6836	
780	1	5.39	5.39	1.6579	
781	1	5.38	5.38	1.7956	
782	1	5.36	5.36	1.8104	
783	1	5.33	5.33	1.7611	
784	1	5.28	5.28	1.8016	
785	1	5.29	5.29	1.9059	
786	1	5.36	5.36	1.8504	
787	1	5.46	5.46	1.7284	
788	1	5.48	5.48	1.6896	
789	1	5.48	5.48	1.7496	
790	1	5.56	5.56	1.6464	
791	1	5.64	5.64	1.6704	
792	1	5.56	5.56	1.8864	
793	1	5.6	5.6	1.78	
794	1	5.62	5.62	1.7956	
795	1	5.59	5.59	1.8419	
796	1	5.76	5.76	1.5624	
797	1	5.78	5.78	1.4316	
798	1	5.76	5.76	1.4424	
799	1	5.85	5.85	1.4075	
800	1	5.79	5.79	1.4259	
801	1	5.75	5.75	1.5075	
802	1	5.73	5.73	1.6771	
803	1	5.79	5.79	1.4659	
804	1	5.84	5.84	1.5344	
805	1	5.82	5.82	1.5676	
806	1	5.91	5.91	1.5619	
807	1	5.94	5.94	1.6764	
808	1	5.97	5.97	1.6491	
809	1	5.98	5.98	1.5396	
810	1	5.92	5.92	1.7336	
811	1	5.9	5.9	1.75	
812	1	5.88	5.88	1.6456	
813	1	5.91	5.91	1.6419	
814	1	5.96	5.96	1.5784	
815	1	5.88	5.88	1.5456	
816	1	5.9	5.9	1.55	
817	1	5.92	5.92	1.4736	
818	1	6	6	1.4	
819	1	6.09	6.09	1.3619	
820	1	6.06	6.06	1.3964	
821	1	6.1	6.1	1.31	
822	1	6.04	6.04	1.3184	
823	1	6.1	6.1	1.39	
824	1	6.1	6.1	1.41	
825	1	6.16	6.16	1.4944	
826	1	6.21	6.21	1.5659	
827	1	6.12	6.12	1.5056	
828	1	6.21	6.21	1.4459	
829	1	6.18	6.18	1.4876	
830	1	6.19	6.19	1.5139	
831	1	6.24	6.24	1.5224	
832	1	6.27	6.27	1.4771	
833	1	6.28	6.28	1.5416	
834	1	6.33	6.33	1.6611	
835	1	6.36	6.36	1.5504	
836	1	6.47	6.47	1.6891	
837	1	6.44	6.44	1.6664	
838	1	6.43	6.43	1.6451	
839	1	6.41	6.41	1.5619	
840	1	6.46	6.46	1.6284	
841	1	6.41	6.41	1.6819	
842	1	6.44	6.44	1.5264	
843	1	6.46	6.46	1.5484	
844	1	6.5	6.5	1.61	
845	1	6.5	6.5	1.63	
846	1	6.46	6.46	1.4684	
847	1	6.5	6.5	1.37	
848	1	6.46	6.46	1.6284	
849	1	6.41	6.41	1.6819	
850	1	6.4	6.4	1.7	
851	1	6.36	6.36	1.6904	
852	1	6.31	6.31	1.7139	
853	1	6.37	6.37	1.6931	
854	1	6.38	6.38	1.8356	
855	1	6.36	6.36	1.8304	
856	1	6.34	6.34	1.7844	
857	1	6.35	6.35	1.8075	
858	1	6.34	6.34	1.8444	
859	1	6.32	6.32	1.8576	
860	1	6.34	6.34	1.9244	
861	1	6.37	6.37	1.8531	
862	1	6.38	6.38	1.7756	
863	1	6.35	6.35	1.7675	
864	1	6.38	6.38	1.7356	
865	1	6.32	6.32	1.7176	
866	1	6.34	6.34	1.7044	
867	1	6.35	6.35	1.5475	
868	1	6.48	6.48	1.5296	
869	1	6.52	6.52	1.5696	
870	1	6.56	6.56	1.4864	
871	1	6.71	6.71	1.2859	
872	1	6.69	6.69	1.3539	
873	1	6.59	6.59	1.4019	
874	1	6.46	6.46	1.3484	
875	1	6.51	6.51	1.4299	
876	1	6.52	6.52	1.3696	
877	1	6.53	6.53	1.3691	
878	1	6.47	6.47	1.3291	
879	1	6.44	6.44	1.2864	
880	1	6.46	6.46	1.3484	
881	1	6.52	6.52	1.4696	
882	1	6.6	6.6	1.54	
883	1	6.58	6.58	1.5236	
884	1	6.6	6.6	1.48	
885	1	6.46	6.46	1.5084	
886	1	6.37	6.37	1.4131	
887	1	6.36	6.36	1.4304	
888	1	6.39	6.39	1.4779	
889	1	6.42	6.42	1.6436	
890	1	6.51	6.51	1.6099	
891	1	6.58	6.58	1.7236	
892	1	6.62	6.62	1.7556	
893	1	6.7	6.7	1.89	
894	1	6.7	6.7	1.99	
895	1	6.68	6.68	1.9576	
896	1	6.69	6.69	1.9939	
897	1	6.71	6.71	1.9859	
898	1	6.76	6.76	2.1224	
899	1	6.74	6.74	2.0724	
900	1	6.75	6.75	1.9675	
901	1	6.78	6.78	1.9916	
902	1	6.74	6.74	1.9324	
903	1	6.67	6.67	2.0411	
904	1	6.68	6.68	2.0576	
905	1	6.63	6.63	1.9131	
906	1	6.67	6.67	1.9211	
907	1	6.65	6.65	1.8875	
908	1	6.74	6.74	1.9524	
909	1	6.71	6.71	1.8659	
910	1	6.72	6.72	1.8616	
911	1	6.75	6.75	1.8275	
912	1	6.75	6.75	1.8275	
913	1	6.86	6.86	1.7804	
914	1	6.86	6.86	1.7604	
915	1	6.91	6.91	1.7819	
916	1	6.81	6.81	1.8739	
917	1	6.86	6.86	1.8204	
918	1	6.88	6.88	1.8456	
919	1	6.94	6.94	2.0764	
920	1	7.03	7.03	2.0291	
921	1	7.11	7.11	1.9979	
922	1	7.17	7.17	1.8811	
923	1	7.18	7.18	2.0676	
924	1	7.25	7.25	2.1675	
925	1	7.33	7.33	2.0411	
926	1	7.27	7.27	2.1971	
927	1	7.19	7.19	2.3539	
928	1	7.22	7.22	2.4916	
929	1	7.18	7.18	2.6076	
930	1	7.12	7.12	2.6256	
931	1	7.15	7.15	2.5875	
932	1	7.14	7.14	2.6404	
933	1	7.06	7.06	2.6764	
934	1	7.13	7.13	2.5131	
935	1	7.02	7.02	2.4596	
936	1	7.06	7.06	2.5764	
937	1	7.15	7.15	2.5075	
938	1	7.13	7.13	2.4931	
939	1	7.09	7.09	2.5419	
940	1	7.1	7.1	2.63	
941	1	7.16	7.16	2.5344	
942	1	7.31	7.31	2.2739	
943	1	7.48	7.48	2.1296	
944	1	7.49	7.49	2.1499	
945	1	7.51	7.51	2.0699	
946	1	7.55	7.55	2.3475	
947	1	7.55	7.55	2.4275	
948	1	7.59	7.59	2.4619	
949	1	7.56	7.56	2.6264	
950	1	7.56	7.56	2.6064	
951	1	7.56	7.56	2.8464	
952	1	7.42	7.42	2.3036	
953	1	7.44	7.44	2.0664	
954	1	7.53	7.53	1.9091	
955	1	7.59	7.59	1.8219	
956	1	7.68	7.68	1.9776	
957	1	7.76	7.76	2.0824	
958	1	7.9	7.9	2.15	
959	1	7.92	7.92	2.0936	
960	1	7.97	7.97	1.8691	
961	1	7.97	7.97	1.8691	
962	1	7.96	7.96	1.7584	
963	1	7.96	7.96	1.8384	
964	1	8.02	8.02	1.9796	
965	1	8.04	8.04	1.8984	
966	1	8.04	8.04	2.1384	
967	1	8.02	8.02	2.0596	
968	1	8.11	8.11	2.5579	
969	1	8.19	8.19	2.3539	
970	1	8.24	8.24	2.4224	
971	1	8.21	8.21	2.5059	
972	1	8.28	8.28	2.5616	
973	1	8.42	8.42	2.6436	
974	1	8.47	8.47	2.4691	
975	1	8.49	8.49	2.3299	
976	1	8.54	8.54	2.2884	
977	1	8.56	8.56	2.4464	
978	1	8.58	8.58	2.4036	
979	1	8.59	8.59	2.4819	
980	1	8.58	8.58	2.6436	
981	1	8.55	8.55	2.5875	
982	1	8.53	8.53	2.7491	
983	1	8.52	8.52	2.5496	
984	1	8.45	8.45	2.2675	
985	1	8.42	8.42	2.2836	
986	1	8.46	8.46	2.3484	
987	1	8.57	8.57	2.3051	
988	1	8.5	8.5	2.45	
989	1	8.47	8.47	2.4291	
990	1	8.52	8.52	2.7896	
991	1	8.51	8.51	2.6299	
992	1	8.52	8.52	2.6296	
993	1	8.53	8.53	2.6091	
994	1	8.5	8.5	2.23	
995	1	8.54	8.54	2.2684	
996	1	8.53	8.53	2.1491	
997	1	8.48	8.48	2.1896	
998	1	8.47	8.47	2.1291	
999	1	8.46	8.46	2.1484	
1000	1	8.31	8.31	2.0739	
1001	1	8.34	8.34	2.2044	
1002	1	8.29	8.29	2.4659	
1003	1	8.44	8.44	2.5064	
1004	1	8.32	8.32	2.2776	
1005	1	8.2	8.2	2.04	
1006	1	8.16	8.16	2.0144	
1007	1	8.15	8.15	2.0475	
1008	1	8.17	8.17	2.1811	
1009	1	8.2	8.2	2.42	
1010	1	8.24	8.24	2.4624	
1011	1	8.22	8.22	2.4316	
1012	1	8.23	8.23	2.5371	
1013	1	8.24	8.24	2.5024	
1014	1	8.41	8.41	2.7619	
1015	1	8.38	8.38	2.8756	
1016	1	8.47	8.47	2.7291	
1017	1	8.45	8.45	2.6275	
1018	1	8.44	8.44	2.3864	
1019	1	8.38	8.38	2.2156	
1020	1	8.38	8.38	2.2156	
1021	1	8.6	8.6	2.54	
1022	1	8.62	8.62	2.7756	
1023	1	8.68	8.68	3.0576	
1024	1	8.72	8.72	2.7016	
1025	1	8.69	8.69	2.5539	
1026	1	8.62	8.62	2.7356	
1027	1	8.77	8.77	2.5371	
1028	1	8.7	8.7	2.57	
1029	1	8.67	8.67	2.8011	
1030	1	8.67	8.67	2.7811	
1031	1	8.53	8.53	2.7891	
1032	1	8.48	8.48	2.8296	
1033	1	8.52	8.52	2.8296	
1034	1	8.6	8.6	2.72	
1035	1	8.6	8.6	2.54	
1036	1	8.75	8.75	2.7675	
1037	1	8.69	8.69	2.7139	
1038	1	8.76	8.76	2.6824	
1039	1	8.78	8.78	2.7316	
1040	1	8.91	8.91	2.8019	
1041	1	8.92	8.92	3.1136	
1042	1	9	9	2.88	
1043	1	8.92	8.92	2.7736	
1044	1	8.92	8.92	2.9136	
1045	1	8.85	8.85	3.2275	
1046	1	8.9	8.9	2.93	
1047	1	9.06	9.06	3.2764	
1048	1	9.08	9.08	3.5336	
1049	1	9.06	9.06	2.8564	
1050	1	8.99	8.99	2.5899	
1051	1	8.94	8.94	2.5364	
1052	1	8.87	8.87	2.4931	
1053	1	8.95	8.95	2.5075	
1054	1	8.94	8.94	2.5964	
1055	1	8.91	8.91	2.5219	
1056	1	8.83	8.83	2.5611	
1057	1	8.91	8.91	2.5819	
1058	1	8.98	8.98	2.5796	
1059	1	8.93	8.93	2.7651	
1060	1	8.91	8.91	2.7619	
1061	1	9.02	9.02	2.7796	
1062	1	9.03	9.03	2.7291	
1063	1	8.96	8.96	2.5384	
1064	1	8.95	8.95	2.7475	
1065	1	9.01	9.01	2.8499	
1066	1	9.04	9.04	2.8384	
1067	1	8.96	8.96	2.8584	
1068	1	9.05	9.05	3.0275	
1069	1	9	9	2.96	
1070	1	8.93	8.93	3.0251	
1071	1	9.02	9.02	2.9596	
1072	1	9.01	9.01	2.7899	
1073	1	8.99	8.99	2.5099	
1074	1	9.11	9.11	2.4579	
1075	1	9.05	9.05	2.3075	
1076	1	9.04	9.04	2.2184	
1077	1	9.09	9.09	2.3219	
1078	1	9.01	9.01	2.4299	
1079	1	9.08	9.08	2.2536	
1080	1	9.15	9.15	2.0675	
1081	1	9.3	9.3	2.09	
1082	1	9.31	9.31	2.1339	
1083	1	9.35	9.35	2.1075	
1084	1	9.33	9.33	2.0811	
1085	1	9.24	9.24	2.3824	
1086	1	9.36	9.36	2.3104	
1087	1	9.36	9.36	2.2104	
1088	1	9.52	9.52	1.9496	
1089	1	9.52	9.52	1.9296	
1090	1	9.55	9.55	1.8875	
1091	1	9.47	9.47	2.0091	
1092	1	9.49	9.49	1.7699	
1093	1	9.52	9.52	1.7096	
1094	1	9.38	9.38	2.1156	
1095	1	9.36	9.36	2.1304	
1096	1	9.36	9.36	2.1704	
1097	1	9.27	9.27	2.3371	
1098	1	9.45	9.45	2.2675	
1099	1	9.51	9.51	2.5299	
1100	1	9.57	9.57	2.4451	
1101	1	9.6	9.6	2.46	
1102	1	9.55	9.55	2.3875	
1103	1	9.61	9.61	2.2979	
1104	1	9.64	9.64	2.2304	
1105	1	9.63	9.63	2.1731	
1106	1	9.64	9.64	2.2304	
1107	1	9.7	9.7	2.07	
1108	1	9.77	9.77	1.6571	
1109	1	9.7	9.7	1.79	
1110	1	9.64	9.64	2.0504	
1111	1	9.77	9.77	1.7171	
1112	1	9.81	9.81	1.5339	
1113	1	9.95	9.95	1.3675	
1114	1	9.96	9.96	1.4584	
1115	1	9.95	9.95	1.4675	
1116	1	10.11	10.11	1.3979	
1117	1	10.12	10.12	1.4656	
1118	1	10.2	10.2	1.52	
1119	1	10.12	10.12	1.6256	
1120	1	10.1	10.1	1.51	
1121	1	10.06	10.06	1.5964	
1122	1	10.05	10.05	1.7675	
1123	1	10	10	1.8	
1124	1	10.07	10.07	1.8451	
1125	1	10.15	10.15	2.0675	
1126	1	10.12	10.12	2.0256	
1127	1	10.08	10.08	2.0136	
1128	1	10.01	10.01	2.0499	
1129	1	10.03	10.03	2.0491	
1130	1	10.02	10.02	2.0796	
1131	1	10.04	10.04	2.0584	
1132	1	10.04	10.04	2.0584	
1133	1	10.07	10.07	2.0651	
1134	1	10.01	10.01	2.0899	
1135	1	10.02	10.02	1.9196	
1136	1	10.03	10.03	1.9891	
1137	1	10.13	10.13	2.1331	
1138	1	10.12	10.12	2.1856	
1139	1	10.16	10.16	2.1144	
1140	1	10.27	10.27	2.1171	
1141	1	10.38	10.38	2.2156	
1142	1	10.4	10.4	2.12	
1143	1	10.54	10.54	2.0884	
1144	1	10.52	10.52	2.1296	
1145	1	10.46	10.46	2.0284	
1146	1	10.52	10.52	1.9296	
1147	1	10.54	10.54	1.8084	
1148	1	10.51	10.51	1.8699	
1149	1	10.44	10.44	1.8864	
1150	1	10.43	10.43	1.8251	
1151	1	10.37	10.37	1.7731	
1152	1	10.43	10.43	1.9251	
1153	1	10.4	10.4	2.04	
1154	1	10.39	10.39	2.0579	
1155	1	10.4	10.4	1.96	
1156	1	10.45	10.45	2.0075	
1157	1	10.53	10.53	1.8691	
1158	1	10.52	10.52	2.0496	
1159	1	10.59	10.59	2.3419	
1160	1	10.57	10.57	2.1851	
1161	1	10.51	10.51	2.2099	
1162	1	10.47	10.47	2.0891	
1163	1	10.48	10.48	2.1496	
1164	1	10.55	10.55	2.0075	
1165	1	10.61	10.61	1.7779	
1166	1	10.69	10.69	1.7339	
1167	1	10.69	10.69	1.7139	
1168	1	10.69	10.69	2.0539	
1169	1	10.7	10.7	2.11	
1170	1	10.8	10.8	2.04	
1171	1	10.75	10.75	2.1275	
1172	1	10.76	10.76	2.0224	
1173	1	10.85	10.85	2.0875	
1174	1	10.93	10.93	1.9651	
1175	1	10.93	10.93	2.2051	
1176	1	10.86	10.86	2.4204	
1177	1	10.92	10.92	2.5736	
1178	1	10.91	10.91	2.5619	
1179	1	10.99	10.99	2.3299	
1180	1	11.02	11.02	1.9796	
1181	1	11	11	1.88	
1182	1	10.99	10.99	1.7699	
1183	1	11.1	11.1	2.23	
1184	1	11.09	11.09	2.0819	
1185	1	11.11	11.11	1.9379	
1186	1	11.16	11.16	1.9344	
1187	1	11.16	11.16	1.8944	
1188	1	11.09	11.09	1.8019	
1189	1	10.97	10.97	2.0691	
1190	1	11.11	11.11	2.2379	
1191	1	11.19	11.19	2.1539	
1192	1	11.26	11.26	2.0324	
1193	1	11.23	11.23	1.8971	
1194	1	11.18	11.18	1.8476	
1195	1	11.26	11.26	1.9924	
1196	1	11.2	11.2	1.98	
1197	1	11.18	11.18	1.9876	
1198	1	11.24	11.24	1.9624	
1199	1	11.15	11.15	1.8275	
1200	1	11.02	11.02	1.8996	
1201	1	11.01	11.01	2.0099	
1202	1	11.08	11.08	2.1136	
1203	1	11.09	11.09	2.1819	
1204	1	11.06	11.06	2.2564	
1205	1	11.12	11.12	2.3056	
1206	1	11.17	11.17	2.4411	
1207	1	11.09	11.09	2.4019	
1208	1	11.19	11.19	2.2539	
1209	1	11.29	11.29	2.1259	
1210	1	11.27	11.27	2.1171	
1211	1	11.29	11.29	2.1059	
1212	1	11.25	11.25	2.0475	
1213	1	11.24	11.24	2.1424	
1214	1	11.26	11.26	2.1524	
1215	1	11.27	11.27	2.0971	
1216	1	11.29	11.29	2.1459	
1217	1	11.33	11.33	2.1011	
1218	1	11.23	11.23	2.2571	
1219	1	11.24	11.24	2.2424	
1220	1	11.3	11.3	2.37	
1221	1	11.35	11.35	2.3475	
1222	1	11.35	11.35	2.3275	
1223	1	11.29	11.29	2.2659	
1224	1	11.29	11.29	2.2659	
1225	1	11.19	11.19	2.3739	
1226	1	11.24	11.24	2.4824	
1227	1	11.28	11.28	2.5216	
1228	1	11.21	11.21	2.5459	
1229	1	11.23	11.23	2.4971	
1230	1	11.17	11.17	2.4811	
1231	1	11.35	11.35	2.5075	
1232	1	11.41	11.41	2.5219	
1233	1	11.3	11.3	2.45	
1234	1	11.26	11.26	2.4924	
1235	1	11.32	11.32	2.4576	
1236	1	11.27	11.27	2.5171	
1237	1	11.14	11.14	2.4204	
1238	1	11.12	11.12	2.4456	
1239	1	11.22	11.22	2.3516	
1240	1	11.19	11.19	2.2739	
1241	1	11.15	11.15	2.4075	
1242	1	11.09	11.09	2.3619	
1243	1	11.11	11.11	2.3379	
1244	1	11.01	11.01	2.4099	
1245	1	10.94	10.94	2.3564	
1246	1	10.94	10.94	2.3364	
1247	1	10.91	10.91	2.2819	
1248	1	10.92	10.92	2.1936	
1249	1	10.96	10.96	2.2584	
1250	1	10.98	10.98	2.2596	
1251	1	11.04	11.04	2.1984	
1252	1	11.12	11.12	2.1056	
1253	1	11.08	11.08	2.1136	
1254	1	11.09	11.09	2.1619	
1255	1	11.09	11.09	2.1819	
1256	1	11.05	11.05	2.1475	
1257	1	11.23	11.23	2.0971	
1258	1	11.21	11.21	2.2259	
1259	1	11.16	11.16	2.2144	
1260	1	11.16	11.16	2.2544	
1261	1	11.08	11.08	2.2536	
1262	1	11.06	11.06	2.2964	
1263	1	11.01	11.01	2.2699	
1264	1	11	11	2.18	
1265	1	11.05	11.05	2.1475	
1266	1	10.99	10.99	2.0899	
1267	1	10.98	10.98	1.9996	
1268	1	11	11	2.02	
1269	1	11.02	11.02	2.0396	
1270	1	11.02	11.02	1.9796	
1271	1	11.1	11.1	1.99	
1272	1	11.21	11.21	1.9459	
1273	1	11.11	11.11	2.0379	
1274	1	11.16	11.16	1.9944	
1275	1	11.15	11.15	1.8475	
1276	1	11.15	11.15	1.8275	
1277	1	11.16	11.16	1.7944	
1278	1	11.08	11.08	1.7336	
1279	1	11.12	11.12	1.8256	
1280	1	11.19	11.19	1.6939	
1281	1	11.2	11.2	1.52	
1282	1	11.19	11.19	1.7339	
1283	1	11.09	11.09	1.6419	
1284	1	11.08	11.08	1.5336	
1285	1	11.06	11.06	1.4764	
1286	1	10.9	10.9	1.39	
1287	1	10.8	10.8	1.4	
1288	1	10.84	10.84	1.3144	
1289	1	10.86	10.86	1.2004	
1290	1	10.85	10.85	1.1475	
1291	1	10.89	10.89	1.1979	
1292	1	10.89	10.89	1.2979	
1293	1	10.83	10.83	1.3211	
1294	1	10.88	10.88	1.2856	
1295	1	10.87	10.87	1.3531	
1296	1	10.96	10.96	1.4184	
1297	1	11.04	11.04	1.4384	
1298	1	11.05	11.05	1.4275	
1299	1	11.06	11.06	1.4964	
1300	1	11.09	11.09	1.5019	
1301	1	11.17	11.17	1.4611	
1302	1	11.15	11.15	1.4475	
1303	1	11.24	11.24	1.5424	
1304	1	11.26	11.26	1.7124	
1305	1	11.4	11.4	1.88	
1306	1	11.45	11.45	1.8875	
1307	1	11.42	11.42	1.9236	
1308	1	11.35	11.35	1.9075	
1309	1	11.37	11.37	2.0731	
1310	1	11.44	11.44	1.9464	
1311	1	11.4	11.4	1.98	
1312	1	11.51	11.51	1.9499	
1313	1	11.46	11.46	1.9484	
1314	1	11.45	11.45	2.0075	
1315	1	11.39	11.39	2.1979	
1316	1	11.36	11.36	2.0304	
1317	1	11.43	11.43	2.2051	
1318	1	11.47	11.47	2.1491	
1319	1	11.52	11.52	2.1096	
1320	1	11.44	11.44	2.1264	
1321	1	11.44	11.44	2.3264	
1322	1	11.47	11.47	2.5491	
1323	1	11.48	11.48	2.4896	
1324	1	11.43	11.43	2.4651	
1325	1	11.6	11.6	2.56	
1326	1	11.7	11.7	2.69	
1327	1	11.75	11.75	2.9875	
1328	1	11.73	11.73	2.7571	
1329	1	11.69	11.69	2.6739	
1330	1	11.64	11.64	2.5504	
1331	1	11.73	11.73	2.5771	
1332	1	11.68	11.68	2.6576	
1333	1	11.81	11.81	2.6539	
1334	1	11.85	11.85	2.6475	
1335	1	11.91	11.91	2.8419	
1336	1	11.88	11.88	2.8456	
1337	1	11.88	11.88	2.5456	
1338	1	11.86	11.86	2.7204	
1339	1	12	12	2.58	
1340	1	11.84	11.84	2.2744	
1341	1	11.85	11.85	2.1875	
1342	1	11.96	11.96	2.1584	
1343	1	12.05	12.05	2.0075	
1344	1	12.13	12.13	1.9131	
1345	1	12.03	12.03	1.8691	
1346	1	12.01	12.01	1.9299	
1347	1	11.91	11.91	1.8019	
1348	1	11.83	11.83	2.0011	
1349	1	11.8	11.8	1.92	
1350	1	11.86	11.86	1.8604	
1351	1	11.89	11.89	1.8379	
1352	1	11.87	11.87	1.5931	
1353	1	11.76	11.76	1.7424	
1354	1	11.71	11.71	1.9859	
1355	1	11.76	11.76	1.6624	
1356	1	11.73	11.73	1.8571	
1357	1	11.72	11.72	1.8816	
1358	1	11.74	11.74	2.0724	
1359	1	11.81	11.81	2.0339	
1360	1	11.93	11.93	2.1851	
1361	1	11.83	11.83	2.3811	
1362	1	11.9	11.9	2.51	
1363	1	11.88	11.88	2.3456	
1364	1	11.98	11.98	2.1996	
1365	1	11.96	11.96	2.2384	
1366	1	12.07	12.07	2.4051	
1367	1	11.97	11.97	2.4691	
1368	1	11.96	11.96	2.3984	
1369	1	11.98	11.98	2.2796	
1370	1	11.96	11.96	2.1784	
1371	1	12.01	12.01	1.9499	
1372	1	12.07	12.07	2.0051	
1373	1	12	12	1.78	
1374	1	11.92	11.92	1.8736	
1375	1	12.08	12.08	1.9536	
1376	1	12.17	12.17	1.8811	
1377	1	12.22	12.22	1.8116	
1378	1	12.3	12.3	1.85	
1379	1	12.35	12.35	1.8875	
1380	1	12.36	12.36	1.8904	
1381	1	12.45	12.45	2.0275	
1382	1	12.55	12.55	2.1875	
1383	1	12.55	12.55	2.0675	
1384	1	12.56	12.56	2.0664	
1385	1	12.54	12.54	2.2084	
1386	1	12.5	12.5	2.13	
1387	1	12.53	12.53	2.1291	
1388	1	12.56	12.56	2.2464	
1389	1	12.54	12.54	2.3884	
1390	1	12.56	12.56	2.4664	
1391	1	12.64	12.64	2.5304	
1392	1	12.62	12.62	2.6956	
1393	1	12.74	12.74	2.7324	
1394	1	12.74	12.74	2.7724	
1395	1	12.75	12.75	2.8875	
1396	1	12.77	12.77	2.5371	
1397	1	12.64	12.64	2.4704	
1398	1	12.65	12.65	2.4475	
1399	1	12.71	12.71	2.4659	
1400	1	12.7	12.7	2.51	
1401	1	12.63	12.63	2.5131	
1402	1	12.72	12.72	2.6416	
1403	1	12.7	12.7	2.59	
1404	1	12.7	12.7	2.59	
1405	1	12.59	12.59	2.3419	
1406	1	12.67	12.67	2.3611	
1407	1	12.68	12.68	2.4176	
1408	1	12.67	12.67	2.3411	
1409	1	12.73	12.73	2.4771	
1410	1	12.71	12.71	2.6659	
1411	1	12.67	12.67	2.6611	
1412	1	12.66	12.66	2.6044	
1413	1	12.58	12.58	2.4236	
1414	1	12.64	12.64	2.4304	
1415	1	12.63	12.63	2.4331	
1416	1	12.69	12.69	2.4539	
1417	1	12.74	12.74	2.5724	
1418	1	12.7	12.7	2.53	
1419	1	12.72	12.72	2.5616	
1420	1	12.75	12.75	2.6075	
1421	1	12.77	12.77	2.7171	
1422	1	12.61	12.61	2.6979	
1423	1	12.5	12.5	2.53	
1424	1	12.6	12.6	2.5	
1425	1	12.62	12.62	2.5556	
1426	1	12.73	12.73	2.5971	
1427	1	12.66	12.66	2.5444	
1428	1	12.66	12.66	2.6644	
1429	1	12.68	12.68	2.6576	
1430	1	12.6	12.6	2.6	
1431	1	12.61	12.61	2.6979	
1432	1	12.51	12.51	2.7099	
1433	1	12.57	12.57	2.6251	
1434	1	12.55	12.55	2.6675	
1435	1	12.46	12.46	2.7084	
1436	1	12.47	12.47	2.6691	
1437	1	12.56	12.56	2.7264	
1438	1	12.54	12.54	2.8484	
1439	1	12.5	12.5	2.93	
1440	1	12.6	12.6	3.02	
1441	1	12.6	12.6	2.94	
1442	1	12.58	12.58	2.8836	
1443	1	12.62	12.62	2.7956	
1444	1	12.49	12.49	2.6299	
1445	1	12.52	12.52	2.7896	
1446	1	12.48	12.48	2.5896	
1447	1	12.5	12.5	2.59	
1448	1	12.52	12.52	2.5696	
1449	1	12.46	12.46	2.5684	
1450	1	12.39	12.39	2.4379	
1451	1	12.45	12.45	2.5875	
1452	1	12.51	12.51	2.6699	
1453	1	12.52	12.52	2.6496	
1454	1	12.55	12.55	2.7075	
1455	1	12.55	12.55	2.7275	
1456	1	12.56	12.56	2.7664	
1457	1	12.55	12.55	2.7675	
1458	1	12.61	12.61	2.7379	
1459	1	12.69	12.69	2.6339	
1460	1	12.81	12.81	2.7339	
1461	1	12.77	12.77	2.6571	
1462	1	12.9	12.9	2.59	
1463	1	12.81	12.81	2.5739	
1464	1	12.82	12.82	2.5476	
1465	1	12.76	12.76	2.5424	
1466	1	12.81	12.81	2.4339	
1467	1	12.81	12.81	2.4139	
1468	1	12.7	12.7	2.45	
1469	1	12.7	12.7	2.55	
1470	1	12.65	12.65	2.4475	
1471	1	12.69	12.69	2.2539	
1472	1	12.71	12.71	2.1859	
1473	1	12.73	12.73	2.3171	
1474	1	12.6	12.6	2.4	
1475	1	12.53	12.53	2.2491	
1476	1	12.63	12.63	2.3531	
1477	1	12.54	12.54	2.3884	
1478	1	12.59	12.59	2.3019	
1479	1	12.7	12.7	2.17	
1480	1	12.72	12.72	2.2216	
1481	1	12.58	12.58	2.0036	
1482	1	12.75	12.75	2.2275	
1483	1	12.74	12.74	2.2124	
1484	1	12.76	12.76	2.0824	
1485	1	12.85	12.85	2.1075	
1486	1	12.94	12.94	1.9964	
1487	1	12.82	12.82	1.9676	
1488	1	12.88	12.88	1.8856	
1489	1	12.91	12.91	1.9819	
1490	1	12.86	12.86	1.9004	
1491	1	12.84	12.84	1.9544	
1492	1	12.9	12.9	1.79	
1493	1	12.92	12.92	1.9336	
1494	1	12.92	12.92	2.0536	
1495	1	12.88	12.88	1.9656	
1496	1	12.94	12.94	2.2164	
1497	1	13.08	13.08	2.1936	
1498	1	13.03	13.03	2.0691	
1499	1	13.09	13.09	2.2019	
1500	1	13.05	13.05	2.3875	
1501	1	13.11	13.11	2.5579	
1502	1	13.22	13.22	2.8316	
1503	1	13.09	13.09	2.7419	
1504	1	13.2	13.2	2.72	
1505	1	13.19	13.19	2.7139	
1506	1	13.25	13.25	2.8875	
1507	1	13.14	13.14	2.9204	
1508	1	13.25	13.25	3.0475	
1509	1	13.22	13.22	3.1316	
1510	1	13.33	13.33	3.1211	
1511	1	13.31	13.31	3.2139	
1512	1	13.35	13.35	3.0475	
1513	1	13.28	13.28	2.8616	
1514	1	13.35	13.35	2.8675	
1515	1	13.44	13.44	2.5864	
1516	1	13.36	13.36	2.6104	
1517	1	13.34	13.34	2.6244	
1518	1	13.39	13.39	2.7579	
1519	1	13.32	13.32	2.4576	
1520	1	13.22	13.22	2.4916	
1521	1	13.19	13.19	2.4139	
1522	1	13.24	13.24	2.3424	
1523	1	13.18	13.18	2.4876	
1524	1	13.13	13.13	2.3931	
1525	1	13.14	13.14	2.3404	
1526	1	13.2	13.2	2.32	
1527	1	13.31	13.31	2.2739	
1528	1	13.3	13.3	2.25	
1529	1	13.24	13.24	2.2024	
1530	1	13.25	13.25	2.0275	
1531	1	13.33	13.33	1.9011	
1532	1	13.16	13.16	1.9744	
1533	1	13.15	13.15	1.8075	
1534	1	13.03	13.03	1.7691	
1535	1	13.1	13.1	1.73	
1536	1	13.17	13.17	1.6811	
1537	1	13.19	13.19	1.7339	
1538	1	13.25	13.25	1.7475	
1539	1	13.16	13.16	1.7744	
1540	1	13.22	13.22	1.8116	
1541	1	13.25	13.25	1.7275	
1542	1	13.2	13.2	1.66	
1543	1	13.32	13.32	1.7176	
1544	1	13.34	13.34	1.7644	
1545	1	13.43	13.43	1.7851	
1546	1	13.42	13.42	1.7036	
1547	1	13.45	13.45	1.6875	
1548	1	13.52	13.52	1.6096	
1549	1	13.58	13.58	1.5236	
1550	1	13.57	13.57	1.4851	
1551	1	13.45	13.45	1.4275	
1552	1	13.4	13.4	1.5	
1553	1	13.36	13.36	1.5504	
1554	1	13.41	13.41	1.4619	
1555	1	13.39	13.39	1.4379	
1556	1	13.35	13.35	1.5275	
1557	1	13.36	13.36	1.5704	
1558	1	13.36	13.36	1.5704	
1559	1	13.3	13.3	1.49	
1560	1	13.3	13.3	1.47	
1561	1	13.35	13.35	1.5075	
1562	1	13.33	13.33	1.5411	
1563	1	13.3	13.3	1.53	
1564	1	13.27	13.27	1.5771	
1565	1	13.23	13.23	1.5171	
1566	1	13.23	13.23	1.5171	
1567	1	13.24	13.24	1.4424	
1568	1	13.19	13.19	1.4739	
1569	1	13.21	13.21	1.4459	
1570	1	13.25	13.25	1.3875	
1571	1	13.26	13.26	1.4324	
1572	1	13.27	13.27	1.4571	
1573	1	13.24	13.24	1.3624	
1574	1	13.29	13.29	1.5659	
1575	1	13.29	13.29	1.6259	
1576	1	13.43	13.43	1.8851	
1577	1	13.47	13.47	1.9291	
1578	1	13.49	13.49	1.7899	
1579	1	13.53	13.53	1.9091	
1580	1	13.51	13.51	1.9499	
1581	1	13.54	13.54	1.9684	
1582	1	13.57	13.57	1.8851	
1583	1	13.58	13.58	1.8636	
1584	1	13.67	13.67	1.8811	
1585	1	13.64	13.64	1.9304	
1586	1	13.63	13.63	2.0331	
1587	1	13.66	13.66	2.0444	
1588	1	13.74	13.74	2.1724	
1589	1	13.78	13.78	2.1916	
1590	1	13.85	13.85	2.2275	
1591	1	13.83	13.83	2.1811	
1592	1	13.85	13.85	2.1275	
1593	1	13.84	13.84	2.0744	
1594	1	13.9	13.9	2.25	
1595	1	13.85	13.85	2.1475	
1596	1	13.87	13.87	2.2531	
1597	1	13.9	13.9	2.27	
1598	1	13.93	13.93	2.2651	
1599	1	13.93	13.93	2.3051	
1600	1	13.94	13.94	2.3764	
1601	1	13.85	13.85	2.2275	
1602	1	13.88	13.88	2.2656	
1603	1	13.92	13.92	2.3936	
1604	1	13.93	13.93	2.5051	
1605	1	13.94	13.94	2.7764	
1606	1	13.96	13.96	2.6184	
1607	1	13.93	13.93	2.5451	
1608	1	14.04	14.04	2.7184	
1609	1	14.17	14.17	2.7411	
1610	1	14.15	14.15	2.5875	
1611	1	14.23	14.23	2.6771	
1612	1	14.24	14.24	2.8824	
1613	1	14.29	14.29	2.9459	
1614	1	14.34	14.34	3.1244	
1615	1	14.42	14.42	3.2436	
1616	1	14.57	14.57	3.8051	
1617	1	14.53	14.53	3.6091	
1618	1	14.51	14.51	3.5099	
1619	1	14.62	14.62	3.3756	
1620	1	14.52	14.52	3.2296	
1621	1	14.46	14.46	3.1484	
1622	1	14.48	14.48	3.0496	
1623	1	14.47	14.47	3.3691	
1624	1	14.46	14.46	3.3884	
1625	1	14.51	14.51	3.4499	
1626	1	14.49	14.49	3.5299	
1627	1	14.5	14.5	3.65	
1628	1	14.45	14.45	3.2075	
1629	1	14.59	14.59	3.2219	
1630	1	14.57	14.57	3.3651	
1631	1	14.71	14.71	3.6059	
1632	1	14.65	14.65	3.4275	
1633	1	14.76	14.76	3.7624	
1634	1	14.7	14.7	3.69	
1635	1	14.76	14.76	3.7224	
1636	1	14.72	14.72	3.4616	
1637	1	14.73	14.73	3.3971	
1638	1	14.73	14.73	3.4571	
1639	1	14.74	14.74	3.4924	
1640	1	14.79	14.79	3.4459	
1641	1	14.93	14.93	3.3451	
1642	1	14.98	14.98	3.6796	
1643	1	15.07	15.07	3.8851	
1644	1	15.01	15.01	4.2099	
1645	1	14.92	14.92	4.1536	
1646	1	14.82	14.82	4.0476	
1647	1	14.91	14.91	4.3219	
1648	1	14.92	14.92	4.4336	
1649	1	14.98	14.98	4.3796	
1650	1	14.99	14.99	4.5499	
1651	1	15.04	15.04	4.3984	
1652	1	15.09	15.09	4.6819	
1653	1	15.02	15.02	4.5796	
1654	1	15.14	15.14	4.5404	
1655	1	15.18	15.18	4.5476	
1656	1	15.24	15.24	4.4224	
1657	1	15.3	15.3	4.71	
1658	1	15.26	15.26	4.6924	
1659	1	15.22	15.22	4.5516	
1660	1	15.16	15.16	4.5344	
1661	1	15.05	15.05	3.8875	
1662	1	15.05	15.05	3.9275	
1663	1	15.08	15.08	4.0736	
1664	1	15.31	15.31	4.4739	
1665	1	15.2	15.2	4.22	
1666	1	15.14	15.14	3.9404	
1667	1	15.17	15.17	3.8611	
1668	1	15.04	15.04	3.8584	
1669	1	15.06	15.06	3.9364	
1670	1	14.95	14.95	3.9875	
1671	1	14.78	14.78	3.6716	
1672	1	14.79	14.79	3.9059	
1673	1	14.77	14.77	3.8771	
1674	1	14.74	14.74	3.9124	
1675	1	14.68	14.68	3.3776	
1676	1	14.79	14.79	3.6259	
1677	1	14.87	14.87	3.5331	
1678	1	14.92	14.92	3.6536	
1679	1	14.96	14.96	3.4184	
1680	1	14.97	14.97	3.5691	
1681	1	14.96	14.96	3.4584	
1682	1	14.98	14.98	3.1196	
1683	1	15.05	15.05	3.3275	
1684	1	15.13	15.13	3.4931	
1685	1	15.08	15.08	3.7336	
1686	1	15.11	15.11	3.7779	
1687	1	15.18	15.18	4.4476	
1688	1	15.17	15.17	4.3611	
1689	1	15.22	15.22	4.4316	
1690	1	15.26	15.26	4.6324	
1691	1	15.18	15.18	4.6476	
1692	1	15.15	15.15	4.3075	
1693	1	15.26	15.26	4.4724	
1694	1	15.3	15.3	4.45	
1695	1	15.19	15.19	4.0539	
1696	1	15.07	15.07	3.7851	
1697	1	15.22	15.22	4.0916	
1698	1	15.33	15.33	4.0611	
1699	1	15.27	15.27	4.4171	
1700	1	15.31	15.31	4.3739	
1701	1	15.41	15.41	4.4819	
1702	1	15.55	15.55	4.8075	
1703	1	15.52	15.52	4.6096	
1704	1	15.65	15.65	5.0275	
1705	1	15.72	15.72	5.1416	
1706	1	15.54	15.54	5.0284	
1707	1	15.49	15.49	4.7499	
1708	1	15.6	15.6	5.24	
1709	1	15.57	15.57	4.7451	
1710	1	15.69	15.69	4.6339	
1711	1	15.7	15.7	4.77	
1712	1	15.68	15.68	4.6776	
1713	1	15.69	15.69	4.6539	
1714	1	15.74	15.74	4.6524	
1715	1	15.56	15.56	4.6664	
1716	1	15.52	15.52	4.5896	
1717	1	15.57	15.57	4.4051	
1718	1	15.79	15.79	4.2259	
1719	1	15.73	15.73	3.8371	
1720	1	15.72	15.72	3.7816	
1721	1	15.71	15.71	3.8259	
1722	1	15.61	15.61	3.4779	
1723	1	15.6	15.6	3.42	
1724	1	15.62	15.62	3.7156	
1725	1	15.67	15.67	3.7411	
1726	1	15.59	15.59	3.7619	
1727	1	15.73	15.73	3.8771	
1728	1	15.72	15.72	3.8216	
1729	1	15.75	15.75	3.7875	
1730	1	15.83	15.83	3.6811	
1731	1	15.88	15.88	3.7056	
1732	1	15.92	15.92	3.8136	
1733	1	15.84	15.84	3.6144	
1734	1	15.8	15.8	3.32	
1735	1	15.86	15.86	3.4804	
1736	1	15.92	15.92	3.3336	
1737	1	15.92	15.92	3.4136	
1738	1	16.01	16.01	3.1099	
1739	1	15.94	15.94	3.0764	
1740	1	15.9	15.9	2.93	
1741	1	15.77	15.77	2.5971	
1742	1	15.75	15.75	2.5875	
1743	1	15.83	15.83	3.1411	
1744	1	15.84	15.84	3.2344	
1745	1	15.92	15.92	3.6136	
1746	1	16.08	16.08	4.0136	
1747	1	16.13	16.13	4.0331	
1748	1	16.13	16.13	4.0931	
1749	1	16.21	16.21	4.6059	
1750	1	16.3	16.3	4.79	
1751	1	16.27	16.27	4.5171	
1752	1	16.48	16.48	4.7896	
1753	1	16.45	16.45	4.6075	
1754	1	16.48	16.48	5.1096	
1755	1	16.6	16.6	5.5	
1756	1	16.58	16.58	5.5036	
1757	1	16.55	16.55	5.5875	
1758	1	16.59	16.59	5.5819	
1759	1	16.66	16.66	5.4244	
1760	1	16.69	16.69	5.3139	
1761	1	16.8	16.8	5.52	
1762	1	16.85	16.85	5.3875	
1763	1	16.78	16.78	5.4516	
1764	1	16.85	16.85	5.8675	
1765	1	16.91	16.91	6.4219	
1766	1	17.06	17.06	6.4964	
1767	1	16.93	16.93	6.0251	
1768	1	17.01	17.01	6.2299	
1769	1	17.04	17.04	6.0984	
1770	1	17.01	17.01	6.2099	
1771	1	16.89	16.89	6.0579	
1772	1	16.97	16.97	6.0291	
1773	1	17	17	5.96	
1774	1	17.07	17.07	6.2651	
1775	1	17.08	17.08	6.0936	
1776	1	17.07	17.07	6.4251	
1777	1	17.05	17.05	6.4275	
1778	1	17.15	17.15	6.3275	
1779	1	17.15	17.15	6.5475	
1780	1	17.11	17.11	6.4579	
1781	1	17.25	17.25	6.7475	
1782	1	17.2	17.2	6.38	
1783	1	17.18	17.18	6.0676	
1784	1	17.1	17.1	5.97	
1785	1	17.17	17.17	6.6611	
1786	1	17.29	17.29	6.8259	
1787	1	17.68	17.68	7.4976	
1788	1	17.64	17.64	7.2904	
1789	1	17.54	17.54	7.2684	
1790	1	17.28	17.28	7.0416	
1791	1	17.16	17.16	6.5744	
1792	1	17.34	17.34	7.2044	
1793	1	17.51	17.51	7.7099	
1794	1	17.77	17.77	8.0171	
1795	1	17.8	17.8	8.08	
1796	1	17.9	17.9	8.19	
1797	1	17.92	17.92	8.2136	
1798	1	17.95	17.95	8.3275	
1799	1	17.87	17.87	8.1931	
1800	1	18.02	18.02	8.1996	
1801	1	18.1	18.1	8.57	
1802	1	17.99	17.99	8.1699	
1803	1	18.03	18.03	7.9291	
1804	1	18.06	18.06	8.4164	
1805	1	18.09	18.09	8.2819	
1806	1	18.13	18.13	8.1131	
1807	1	18.13	18.13	8.2531	
1808	1	18.19	18.19	7.9139	
1809	1	18.12	18.12	8.2456	
1810	1	17.92	17.92	7.4736	
1811	1	17.93	17.93	7.1051	
1812	1	18.18	18.18	6.9476	
1813	1	18.3	18.3	6.87	
1814	1	18.34	18.34	6.7444	
1815	1	18.39	18.39	6.0179	
1816	1	18.44	18.44	6.1264	
1817	1	18.38	18.38	6.0356	
1818	1	18.41	18.41	5.7419	
1819	1	18.37	18.37	5.9931	
1820	1	18.45	18.45	5.8875	
1821	1	18.54	18.54	5.9284	
1822	1	18.55	18.55	5.7075	
1823	1	18.46	18.46	5.1684	
1824	1	18.6	18.6	5.76	
1825	1	18.36	18.36	5.1304	
1826	1	18.53	18.53	5.3891	
1827	1	18.53	18.53	5.3291	
1828	1	18.55	18.55	5.4275	
1829	1	18.63	18.63	5.8931	
1830	1	18.7	18.7	6.17	
1831	1	18.66	18.66	6.3444	
1832	1	18.6	18.6	6.8	
1833	1	18.45	18.45	6.2475	
1834	1	18.59	18.59	6.2819	
1835	1	18.66	18.66	6.7044	
1836	1	18.63	18.63	6.3731	
1837	1	18.55	18.55	6.3075	
1838	1	18.5	18.5	6.03	
1839	1	18.45	18.45	6.3675	
1840	1	18.41	18.41	6.2219	
1841	1	18.27	18.27	6.0571	
1842	1	18.49	18.49	7.0499	
1843	1	18.5	18.5	7.29	
1844	1	18.55	18.55	6.9475	
1845	1	18.49	18.49	6.4699	
1846	1	18.43	18.43	5.8851	
1847	1	18.62	18.62	6.1556	
1848	1	18.52	18.52	5.9096	
1849	1	18.76	18.76	6.4024	
1850	1	18.82	18.82	6.3276	
1851	1	18.85	18.85	6.4875	
1852	1	18.81	18.81	6.3539	
1853	1	18.85	18.85	6.4275	
1854	1	18.79	18.79	6.2259	
1855	1	18.85	18.85	6.0275	
1856	1	18.83	18.83	5.9211	
1857	1	18.82	18.82	5.8276	
1858	1	18.81	18.81	5.7339	
1859	1	18.7	18.7	5.39	
1860	1	18.78	18.78	5.6916	
1861	1	18.21	18.21	4.3859	
1862	1	18.17	18.17	4.2811	
1863	1	18.19	18.19	4.2539	
1864	1	18.22	18.22	4.2116	
1865	1	18.35	18.35	5.3675	
1866	1	18.1	18.1	4.19	
1867	1	18.11	18.11	4.1379	
1868	1	18.39	18.39	5.4979	
1869	1	18.43	18.43	5.8251	
1870	1	18.57	18.57	6.0051	
1871	1	18.51	18.51	5.6899	
1872	1	18.59	18.59	5.8619	
1873	1	18.69	18.69	5.9739	
1874	1	18.69	18.69	5.8539	
1875	1	18.62	18.62	5.4756	
1876	1	18.64	18.64	5.3304	
1877	1	18.63	18.63	5.4131	
1878	1	18.61	18.61	5.6979	
1879	1	18.6	18.6	5.6	
1880	1	18.63	18.63	5.6731	
1881	1	18.56	18.56	5.2864	
1882	1	18.64	18.64	5.3104	
1883	1	18.64	18.64	5.1104	
1884	1	18.66	18.66	5.1644	
1885	1	18.66	18.66	5.0644	
1886	1	18.54	18.54	5.1884	
1887	1	18.45	18.45	4.5475	
1888	1	18.58	18.58	4.6636	
1889	1	18.58	18.58	4.2236	
1890	1	18.54	18.54	3.9484	
1891	1	18.62	18.62	4.1356	
1892	1	18.65	18.65	3.8875	
1893	1	18.61	18.61	3.5779	
1894	1	18.74	18.74	3.9324	
1895	1	18.73	18.73	3.8971	
1896	1	18.77	18.77	3.7171	
1897	1	18.89	18.89	3.4979	
1898	1	18.87	18.87	3.8731	
1899	1	18.66	18.66	3.7844	
1900	1	18.66	18.66	3.7044	
1901	1	18.56	18.56	3.4864	
1902	1	18.62	18.62	3.4956	
1903	1	18.54	18.54	3.4284	
1904	1	18.58	18.58	3.0836	
1905	1	18.62	18.62	2.7556	
1906	1	18.68	18.68	2.7176	
1907	1	18.71	18.71	2.7259	
1908	1	18.73	18.73	3.0971	
1909	1	18.74	18.74	3.1924	
1910	1	18.78	18.78	3.0116	
1911	1	18.86	18.86	2.9404	
1912	1	18.82	18.82	2.7876	
1913	1	18.85	18.85	3.0275	
1914	1	18.81	18.81	3.2539	
1915	1	18.85	18.85	3.0675	
1916	1	18.77	18.77	3.1771	
1917	1	18.77	18.77	3.2971	
1918	1	18.87	18.87	3.4131	
1919	1	18.95	18.95	3.2675	
1920	1	19.05	19.05	3.0075	
1921	1	19.01	19.01	2.9499	
1922	1	18.97	18.97	3.0091	
1923	1	18.94	18.94	3.0164	
1924	1	18.91	18.91	3.1019	
1925	1	18.87	18.87	3.0331	
1926	1	18.89	18.89	2.9379	
1927	1	18.9	18.9	2.99	
1928	1	18.93	18.93	2.8651	
1929	1	18.93	18.93	2.8451	
1930	1	18.83	18.83	3.0611	
1931	1	18.85	18.85	3.0675	
1932	1	18.89	18.89	3.2179	
1933	1	18.92	18.92	3.2336	
1934	1	18.9	18.9	3.07	
1935	1	18.88	18.88	3.1256	
1936	1	18.87	18.87	3.1531	
1937	1	18.89	18.89	3.0779	
1938	1	18.86	18.86	2.9604	
1939	1	18.89	18.89	2.8579	
1940	1	18.91	18.91	2.8219	
1941	1	18.93	18.93	2.4851	
1942	1	19.04	19.04	2.3984	
1943	1	19.13	19.13	2.1331	
1944	1	19.08	19.08	2.3136	
1945	1	19.09	19.09	2.2619	
1946	1	19	19	2.34	
1947	1	19.04	19.04	2.5184	
1948	1	19.12	19.12	2.3056	
1949	1	19.04	19.04	2.6184	
1950	1	19.03	19.03	2.3691	
1951	1	19.03	19.03	2.3491	
1952	1	19	19	2.48	
1953	1	19.07	19.07	2.4051	
1954	1	19.04	19.04	2.5384	
1955	1	19.04	19.04	2.5584	
1956	1	18.88	18.88	2.6456	
1957	1	18.81	18.81	2.7539	
1958	1	18.8	18.8	2.56	
1959	1	18.79	18.79	2.5659	
1960	1	18.76	18.76	2.7024	
1961	1	18.82	18.82	2.7476	
1962	1	18.81	18.81	2.8739	
1963	1	18.67	18.67	3.4611	
1964	1	18.67	18.67	3.3811	
1965	1	18.54	18.54	3.4284	
1966	1	18.59	18.59	3.1819	
1967	1	18.7	18.7	3.07	
1968	1	18.75	18.75	2.8275	
1969	1	18.78	18.78	2.8516	
1970	1	18.88	18.88	2.6256	
1971	1	18.89	18.89	2.6979	
1972	1	18.93	18.93	2.6051	
1973	1	19.02	19.02	2.8596	
1974	1	18.86	18.86	3.0204	
1975	1	18.81	18.81	2.9939	
1976	1	18.86	18.86	2.7604	
1977	1	18.91	18.91	2.6819	
1978	1	18.86	18.86	2.7004	
1979	1	18.85	18.85	2.7675	
1980	1	18.83	18.83	2.8411	
1981	1	18.84	18.84	2.7544	
1982	1	18.86	18.86	2.6404	
1983	1	18.82	18.82	2.6276	
1984	1	18.82	18.82	2.5676	
1985	1	18.74	18.74	2.5924	
1986	1	18.71	18.71	2.6459	
1987	1	18.81	18.81	2.5739	
1988	1	18.85	18.85	2.5875	
1989	1	18.75	18.75	2.5675	
1990	1	18.73	18.73	2.5971	
1991	1	18.73	18.73	2.4371	
1992	1	18.73	18.73	2.4371	
1993	1	18.69	18.69	2.4539	
1994	1	18.64	18.64	2.5304	
1995	1	18.66	18.66	2.4244	
1996	1	18.74	18.74	2.2324	
1997	1	18.78	18.78	2.2316	
1998	1	18.82	18.82	2.2476	
1999	1	18.78	18.78	2.3316	
2000	1	18.75	18.75	2.4475	
