# mu = 0.01, s = -0.1, trials requested = 1, runtime = 0:00:02
# "Time"	"Actual trials"	"Mean mutation"	"Average mean mutation"	"Average mutation variance"
0	1	0	0	0	
1	1	0.02	0.02	0.0196	
2	1	0.03	0.03	0.0291	
3	1	0.04	0.04	0.0384	
4	1	0.06	0.06	0.0564	
5	1	0.04	0.04	0.0384	
6	1	0.03	0.03	0.0291	
7	1	0.04	0.04	0.0384	
8	1	0.06	0.06	0.0564	
9	1	0.1	0.1	0.11	
10	1	0.08	0.08	0.0936	
11	1	0.11	0.11	0.1379	
12	1	0.19	0.19	0.2339	
13	1	0.16	0.16	0.1944	
14	1	0.19	0.19	0.2139	
15	1	0.21	0.21	0.1859	
16	1	0.19	0.19	0.1539	
17	1	0.21	0.21	0.1659	
18	1	0.21	0.21	0.1659	
19	1	0.19	0.19	0.1539	
20	1	0.2	0.2	0.16	
21	1	0.15	0.15	0.1275	
22	1	0.15	0.15	0.1275	
23	1	0.15	0.15	0.1275	
24	1	0.14	0.14	0.1204	
25	1	0.11	0.11	0.0979	
26	1	0.12	0.12	0.1056	
27	1	0.09	0.09	0.0819	
28	1	0.09	0.09	0.0819	
29	1	0.18	0.18	0.1476	
30	1	0.19	0.19	0.1539	
31	1	0.18	0.18	0.1476	
32	1	0.18	0.18	0.1476	
33	1	0.17	0.17	0.1411	
34	1	0.18	0.18	0.1676	
35	1	0.19	0.19	0.2139	
36	1	0.17	0.17	0.1411	
37	1	0.15	0.15	0.1275	
38	1	0.15	0.15	0.1275	
39	1	0.17	0.17	0.1411	
40	1	0.2	0.2	0.18	
41	1	0.23	0.23	0.2171	
42	1	0.24	0.24	0.2424	
43	1	0.25	0.25	0.2075	
44	1	0.24	0.24	0.1824	
45	1	0.27	0.27	0.2171	
46	1	0.22	0.22	0.1716	
47	1	0.26	0.26	0.1924	
48	1	0.23	0.23	0.2171	
49	1	0.25	0.25	0.2075	
50	1	0.29	0.29	0.2659	
51	1	0.3	0.3	0.27	
52	1	0.35	0.35	0.3075	
53	1	0.35	0.35	0.3275	
54	1	0.34	0.34	0.3444	
55	1	0.35	0.35	0.3275	
56	1	0.44	0.44	0.3864	
57	1	0.42	0.42	0.3836	
58	1	0.44	0.44	0.4064	
59	1	0.49	0.49	0.5099	
60	1	0.58	0.58	0.6636	
61	1	0.62	0.62	0.7356	
62	1	0.66	0.66	0.9244	
63	1	0.7	0.7	0.95	
64	1	0.6	0.6	0.98	
65	1	0.57	0.57	0.9651	
66	1	0.6	0.6	1.08	
67	1	0.57	0.57	1.1051	
68	1	0.54	0.54	0.9484	
69	1	0.53	0.53	1.1291	
70	1	0.51	0.51	1.1299	
71	1	0.48	0.48	1.0296	
72	1	0.51	0.51	0.8699	
73	1	0.47	0.47	0.5691	
74	1	0.44	0.44	0.5264	
75	1	0.49	0.49	0.5499	
76	1	0.44	0.44	0.5064	
77	1	0.51	0.51	0.5299	
78	1	0.58	0.58	0.5636	
79	1	0.58	0.58	0.5636	
80	1	0.66	0.66	0.5644	
81	1	0.74	0.74	0.6124	
82	1	0.72	0.72	0.6416	
83	1	0.69	0.69	0.6339	
84	1	0.66	0.66	0.6244	
85	1	0.65	0.65	0.6275	
86	1	0.64	0.64	0.6704	
87	1	0.62	0.62	0.7356	
88	1	0.59	0.59	0.6819	
89	1	0.58	0.58	0.6836	
90	1	0.47	0.47	0.5291	
91	1	0.48	0.48	0.5096	
92	1	0.44	0.44	0.4864	
93	1	0.42	0.42	0.4636	
94	1	0.44	0.44	0.5064	
95	1	0.43	0.43	0.4851	
96	1	0.43	0.43	0.4651	
97	1	0.41	0.41	0.4419	
98	1	0.41	0.41	0.4419	
99	1	0.41	0.41	0.4619	
100	1	0.42	0.42	0.4636	
101	1	0.44	0.44	0.5064	
102	1	0.4	0.4	0.48	
103	1	0.35	0.35	0.4475	
104	1	0.36	0.36	0.4704	
105	1	0.38	0.38	0.4756	
106	1	0.37	0.37	0.4331	
107	1	0.39	0.39	0.4979	
108	1	0.5	0.5	0.57	
109	1	0.44	0.44	0.5264	
110	1	0.4	0.4	0.46	
111	1	0.37	0.37	0.3931	
112	1	0.41	0.41	0.4219	
113	1	0.49	0.49	0.4699	
114	1	0.53	0.53	0.4491	
115	1	0.51	0.51	0.4299	
116	1	0.48	0.48	0.4096	
117	1	0.48	0.48	0.3496	
118	1	0.52	0.52	0.3896	
119	1	0.54	0.54	0.3484	
120	1	0.6	0.6	0.42	
121	1	0.65	0.65	0.4275	
122	1	0.64	0.64	0.4704	
123	1	0.66	0.66	0.4644	
124	1	0.69	0.69	0.5139	
125	1	0.78	0.78	0.5916	
126	1	0.77	0.77	0.5771	
127	1	0.76	0.76	0.6024	
128	1	0.77	0.77	0.5771	
129	1	0.81	0.81	0.6339	
130	1	0.81	0.81	0.6139	
131	1	0.78	0.78	0.7116	
132	1	0.83	0.83	0.7211	
133	1	0.87	0.87	0.7531	
134	1	0.95	0.95	0.7875	
135	1	0.89	0.89	0.7379	
136	1	0.91	0.91	0.7419	
137	1	0.95	0.95	0.8275	
138	1	1.02	1.02	0.8196	
139	1	1	1	0.78	
140	1	1.01	1.01	0.7899	
141	1	1.04	1.04	0.7584	
142	1	1.06	1.06	0.8364	
143	1	0.96	0.96	0.7584	
144	1	0.95	0.95	0.7275	
145	1	0.97	0.97	0.7291	
146	1	0.99	0.99	0.6699	
147	1	0.89	0.89	0.5979	
148	1	0.88	0.88	0.6456	
149	1	0.91	0.91	0.6819	
150	1	0.9	0.9	0.65	
151	1	0.94	0.94	0.7764	
152	1	0.9	0.9	0.77	
153	1	0.9	0.9	0.71	
154	1	0.86	0.86	0.6604	
155	1	0.82	0.82	0.6276	
156	1	0.78	0.78	0.6116	
157	1	0.78	0.78	0.6716	
158	1	0.85	0.85	0.7875	
159	1	0.82	0.82	0.7476	
160	1	0.76	0.76	0.7424	
161	1	0.74	0.74	0.7724	
162	1	0.71	0.71	0.6859	
163	1	0.74	0.74	0.7124	
164	1	0.73	0.73	0.6571	
165	1	0.71	0.71	0.6859	
166	1	0.77	0.77	0.7571	
167	1	0.78	0.78	0.6916	
168	1	0.78	0.78	0.7516	
169	1	0.73	0.73	0.6371	
170	1	0.69	0.69	0.6139	
171	1	0.65	0.65	0.6075	
172	1	0.61	0.61	0.6179	
173	1	0.56	0.56	0.5864	
174	1	0.55	0.55	0.5675	
175	1	0.62	0.62	0.6356	
176	1	0.65	0.65	0.6475	
177	1	0.59	0.59	0.5419	
178	1	0.61	0.61	0.5179	
179	1	0.64	0.64	0.4704	
180	1	0.55	0.55	0.4075	
181	1	0.54	0.54	0.3884	
182	1	0.52	0.52	0.3696	
183	1	0.49	0.49	0.3699	
184	1	0.51	0.51	0.3499	
185	1	0.5	0.5	0.31	
186	1	0.47	0.47	0.2891	
187	1	0.49	0.49	0.2699	
188	1	0.44	0.44	0.2464	
189	1	0.43	0.43	0.2451	
190	1	0.42	0.42	0.2436	
191	1	0.43	0.43	0.2851	
192	1	0.4	0.4	0.28	
193	1	0.4	0.4	0.24	
194	1	0.36	0.36	0.2304	
195	1	0.33	0.33	0.2211	
196	1	0.34	0.34	0.2244	
197	1	0.29	0.29	0.2059	
198	1	0.27	0.27	0.1971	
199	1	0.23	0.23	0.1771	
200	1	0.28	0.28	0.2016	
201	1	0.28	0.28	0.2016	
202	1	0.31	0.31	0.2139	
203	1	0.34	0.34	0.2244	
204	1	0.35	0.35	0.2475	
205	1	0.35	0.35	0.2475	
206	1	0.38	0.38	0.2756	
207	1	0.39	0.39	0.2779	
208	1	0.37	0.37	0.2731	
209	1	0.34	0.34	0.2444	
210	1	0.34	0.34	0.2844	
211	1	0.31	0.31	0.2339	
212	1	0.33	0.33	0.2411	
213	1	0.29	0.29	0.2059	
214	1	0.3	0.3	0.21	
215	1	0.36	0.36	0.2704	
216	1	0.36	0.36	0.3504	
217	1	0.33	0.33	0.2811	
218	1	0.32	0.32	0.2576	
219	1	0.38	0.38	0.2956	
220	1	0.38	0.38	0.2556	
221	1	0.38	0.38	0.2356	
222	1	0.37	0.37	0.2331	
223	1	0.34	0.34	0.2244	
224	1	0.29	0.29	0.2059	
225	1	0.28	0.28	0.2216	
226	1	0.26	0.26	0.2324	
227	1	0.28	0.28	0.2016	
228	1	0.34	0.34	0.2244	
229	1	0.28	0.28	0.2016	
230	1	0.26	0.26	0.1924	
231	1	0.28	0.28	0.2016	
232	1	0.3	0.3	0.21	
233	1	0.28	0.28	0.2016	
234	1	0.27	0.27	0.1971	
235	1	0.23	0.23	0.1771	
236	1	0.23	0.23	0.1771	
237	1	0.15	0.15	0.1275	
238	1	0.16	0.16	0.1944	
239	1	0.11	0.11	0.1379	
240	1	0.1	0.1	0.13	
241	1	0.06	0.06	0.0564	
242	1	0.05	0.05	0.0475	
243	1	0.05	0.05	0.0475	
244	1	0.08	0.08	0.0736	
245	1	0.14	0.14	0.1204	
246	1	0.18	0.18	0.1476	
247	1	0.2	0.2	0.16	
248	1	0.14	0.14	0.1204	
249	1	0.09	0.09	0.0819	
250	1	0.08	0.08	0.0736	
251	1	0.07	0.07	0.0651	
252	1	0.1	0.1	0.09	
253	1	0.16	0.16	0.1344	
254	1	0.19	0.19	0.1539	
255	1	0.15	0.15	0.1275	
256	1	0.11	0.11	0.0979	
257	1	0.14	0.14	0.1204	
258	1	0.24	0.24	0.1824	
259	1	0.21	0.21	0.1659	
260	1	0.18	0.18	0.1476	
261	1	0.16	0.16	0.1344	
262	1	0.18	0.18	0.1476	
263	1	0.13	0.13	0.1131	
264	1	0.13	0.13	0.1131	
265	1	0.1	0.1	0.09	
266	1	0.1	0.1	0.09	
267	1	0.11	0.11	0.0979	
268	1	0.14	0.14	0.1204	
269	1	0.2	0.2	0.16	
270	1	0.23	0.23	0.1771	
271	1	0.27	0.27	0.1971	
272	1	0.24	0.24	0.1824	
273	1	0.33	0.33	0.2211	
274	1	0.27	0.27	0.2171	
275	1	0.26	0.26	0.2324	
276	1	0.22	0.22	0.2116	
277	1	0.25	0.25	0.2475	
278	1	0.25	0.25	0.2275	
279	1	0.24	0.24	0.2024	
280	1	0.19	0.19	0.1739	
281	1	0.17	0.17	0.1611	
282	1	0.21	0.21	0.2059	
283	1	0.25	0.25	0.2475	
284	1	0.27	0.27	0.2971	
285	1	0.23	0.23	0.2971	
286	1	0.24	0.24	0.3024	
287	1	0.24	0.24	0.3024	
288	1	0.22	0.22	0.2716	
289	1	0.21	0.21	0.2859	
290	1	0.18	0.18	0.2276	
291	1	0.17	0.17	0.2011	
292	1	0.16	0.16	0.1944	
293	1	0.15	0.15	0.2075	
294	1	0.18	0.18	0.2476	
295	1	0.21	0.21	0.2859	
296	1	0.19	0.19	0.2739	
297	1	0.18	0.18	0.2876	
298	1	0.19	0.19	0.2739	
299	1	0.23	0.23	0.3171	
300	1	0.24	0.24	0.3024	
301	1	0.29	0.29	0.3459	
302	1	0.31	0.31	0.3739	
303	1	0.3	0.3	0.35	
304	1	0.26	0.26	0.3124	
305	1	0.21	0.21	0.2659	
306	1	0.23	0.23	0.2971	
307	1	0.17	0.17	0.2211	
308	1	0.2	0.2	0.24	
309	1	0.22	0.22	0.2516	
310	1	0.24	0.24	0.2824	
311	1	0.27	0.27	0.3171	
312	1	0.28	0.28	0.3216	
313	1	0.31	0.31	0.3139	
314	1	0.29	0.29	0.3059	
315	1	0.26	0.26	0.2724	
316	1	0.3	0.3	0.31	
317	1	0.36	0.36	0.3504	
318	1	0.34	0.34	0.3244	
319	1	0.32	0.32	0.3176	
320	1	0.27	0.27	0.2771	
321	1	0.3	0.3	0.29	
322	1	0.3	0.3	0.31	
323	1	0.33	0.33	0.3611	
324	1	0.33	0.33	0.4011	
325	1	0.32	0.32	0.3976	
326	1	0.37	0.37	0.4531	
327	1	0.35	0.35	0.4475	
328	1	0.39	0.39	0.4579	
329	1	0.39	0.39	0.4579	
330	1	0.37	0.37	0.4531	
331	1	0.4	0.4	0.48	
332	1	0.41	0.41	0.5219	
333	1	0.44	0.44	0.5664	
334	1	0.42	0.42	0.5436	
335	1	0.44	0.44	0.5664	
336	1	0.42	0.42	0.5436	
337	1	0.39	0.39	0.4979	
338	1	0.36	0.36	0.4304	
339	1	0.46	0.46	0.4884	
340	1	0.51	0.51	0.4899	
341	1	0.5	0.5	0.49	
342	1	0.62	0.62	0.5156	
343	1	0.62	0.62	0.5156	
344	1	0.58	0.58	0.4036	
345	1	0.6	0.6	0.4	
346	1	0.58	0.58	0.4236	
347	1	0.52	0.52	0.4096	
348	1	0.52	0.52	0.4096	
349	1	0.51	0.51	0.4299	
350	1	0.56	0.56	0.4664	
351	1	0.53	0.53	0.4091	
352	1	0.61	0.61	0.4379	
353	1	0.57	0.57	0.3651	
354	1	0.56	0.56	0.3064	
355	1	0.51	0.51	0.2899	
356	1	0.51	0.51	0.3099	
357	1	0.5	0.5	0.31	
358	1	0.55	0.55	0.3875	
359	1	0.56	0.56	0.3864	
360	1	0.54	0.54	0.4084	
361	1	0.47	0.47	0.3691	
362	1	0.53	0.53	0.4491	
363	1	0.57	0.57	0.4851	
364	1	0.53	0.53	0.4691	
365	1	0.53	0.53	0.4691	
366	1	0.5	0.5	0.41	
367	1	0.53	0.53	0.4091	
368	1	0.52	0.52	0.4096	
369	1	0.53	0.53	0.3691	
370	1	0.57	0.57	0.4251	
371	1	0.57	0.57	0.4851	
372	1	0.56	0.56	0.5064	
373	1	0.52	0.52	0.5096	
374	1	0.5	0.5	0.53	
375	1	0.55	0.55	0.5475	
376	1	0.6	0.6	0.64	
377	1	0.54	0.54	0.5684	
378	1	0.55	0.55	0.6275	
379	1	0.49	0.49	0.5499	
380	1	0.53	0.53	0.6091	
381	1	0.54	0.54	0.6284	
382	1	0.5	0.5	0.57	
383	1	0.5	0.5	0.63	
384	1	0.51	0.51	0.7099	
385	1	0.52	0.52	0.6896	
386	1	0.47	0.47	0.6891	
387	1	0.45	0.45	0.6675	
388	1	0.46	0.46	0.6084	
389	1	0.49	0.49	0.6899	
390	1	0.45	0.45	0.6275	
391	1	0.43	0.43	0.6451	
392	1	0.45	0.45	0.6675	
393	1	0.43	0.43	0.6251	
394	1	0.48	0.48	0.6096	
395	1	0.46	0.46	0.6284	
396	1	0.43	0.43	0.6251	
397	1	0.49	0.49	0.7299	
398	1	0.54	0.54	0.7284	
399	1	0.57	0.57	0.8251	
400	1	0.56	0.56	0.9264	
401	1	0.6	0.6	0.92	
402	1	0.62	0.62	0.9956	
403	1	0.62	0.62	1.0156	
404	1	0.65	0.65	1.1475	
405	1	0.69	0.69	1.2739	
406	1	0.72	0.72	1.4416	
407	1	0.77	0.77	1.5771	
408	1	0.76	0.76	1.6624	
409	1	0.51	0.51	0.9699	
410	1	0.48	0.48	0.8896	
411	1	0.52	0.52	0.9096	
412	1	0.52	0.52	0.7296	
413	1	0.51	0.51	0.7699	
414	1	0.5	0.5	0.77	
415	1	0.52	0.52	0.8496	
416	1	0.51	0.51	0.8899	
417	1	0.49	0.49	0.8099	
418	1	0.45	0.45	0.6875	
419	1	0.47	0.47	0.7091	
420	1	0.51	0.51	0.8499	
421	1	0.47	0.47	0.7291	
422	1	0.46	0.46	0.7284	
423	1	0.37	0.37	0.5931	
424	1	0.37	0.37	0.5931	
425	1	0.32	0.32	0.4576	
426	1	0.31	0.31	0.4539	
427	1	0.23	0.23	0.2971	
428	1	0.21	0.21	0.2259	
429	1	0.21	0.21	0.2259	
430	1	0.21	0.21	0.1659	
431	1	0.17	0.17	0.1611	
432	1	0.18	0.18	0.1676	
433	1	0.17	0.17	0.1611	
434	1	0.2	0.2	0.18	
435	1	0.23	0.23	0.2371	
436	1	0.15	0.15	0.1275	
437	1	0.11	0.11	0.0979	
438	1	0.13	0.13	0.1131	
439	1	0.15	0.15	0.1275	
440	1	0.16	0.16	0.1344	
441	1	0.16	0.16	0.1544	
442	1	0.17	0.17	0.1811	
443	1	0.18	0.18	0.1876	
444	1	0.16	0.16	0.1544	
445	1	0.13	0.13	0.1131	
446	1	0.18	0.18	0.1476	
447	1	0.18	0.18	0.1476	
448	1	0.18	0.18	0.1476	
449	1	0.2	0.2	0.16	
450	1	0.24	0.24	0.1824	
451	1	0.25	0.25	0.2075	
452	1	0.22	0.22	0.1716	
453	1	0.26	0.26	0.1924	
454	1	0.23	0.23	0.1771	
455	1	0.23	0.23	0.1771	
456	1	0.19	0.19	0.1539	
457	1	0.21	0.21	0.1859	
458	1	0.25	0.25	0.1875	
459	1	0.28	0.28	0.2416	
460	1	0.3	0.3	0.25	
461	1	0.39	0.39	0.3379	
462	1	0.4	0.4	0.32	
463	1	0.39	0.39	0.3379	
464	1	0.46	0.46	0.3684	
465	1	0.49	0.49	0.3699	
466	1	0.51	0.51	0.3699	
467	1	0.55	0.55	0.3675	
468	1	0.55	0.55	0.3675	
469	1	0.56	0.56	0.3664	
470	1	0.58	0.58	0.3436	
471	1	0.63	0.63	0.3731	
472	1	0.6	0.6	0.38	
473	1	0.6	0.6	0.38	
474	1	0.6	0.6	0.36	
475	1	0.61	0.61	0.3579	
476	1	0.6	0.6	0.36	
477	1	0.57	0.57	0.3651	
478	1	0.51	0.51	0.3299	
479	1	0.46	0.46	0.3084	
480	1	0.52	0.52	0.3896	
481	1	0.57	0.57	0.3851	
482	1	0.53	0.53	0.3491	
483	1	0.58	0.58	0.3436	
484	1	0.51	0.51	0.3099	
485	1	0.46	0.46	0.2684	
486	1	0.44	0.44	0.2464	
487	1	0.47	0.47	0.2491	
488	1	0.45	0.45	0.2475	
489	1	0.48	0.48	0.2896	
490	1	0.43	0.43	0.2451	
491	1	0.47	0.47	0.2491	
492	1	0.48	0.48	0.2496	
493	1	0.49	0.49	0.2499	
494	1	0.52	0.52	0.2496	
495	1	0.52	0.52	0.2496	
496	1	0.55	0.55	0.2675	
497	1	0.52	0.52	0.2496	
498	1	0.54	0.54	0.2484	
499	1	0.51	0.51	0.2499	
500	1	0.5	0.5	0.27	
501	1	0.57	0.57	0.3651	
502	1	0.49	0.49	0.3499	
503	1	0.47	0.47	0.3691	
504	1	0.47	0.47	0.3491	
505	1	0.49	0.49	0.4099	
506	1	0.48	0.48	0.4296	
507	1	0.47	0.47	0.4691	
508	1	0.42	0.42	0.4036	
509	1	0.43	0.43	0.4651	
510	1	0.48	0.48	0.4896	
511	1	0.47	0.47	0.4291	
512	1	0.52	0.52	0.4296	
513	1	0.52	0.52	0.4496	
514	1	0.52	0.52	0.4296	
515	1	0.51	0.51	0.4099	
516	1	0.53	0.53	0.4091	
517	1	0.56	0.56	0.3864	
518	1	0.56	0.56	0.3864	
519	1	0.61	0.61	0.3579	
520	1	0.6	0.6	0.38	
521	1	0.62	0.62	0.4156	
522	1	0.62	0.62	0.4756	
523	1	0.59	0.59	0.4419	
524	1	0.54	0.54	0.3484	
525	1	0.55	0.55	0.3475	
526	1	0.6	0.6	0.4	
527	1	0.64	0.64	0.4304	
528	1	0.65	0.65	0.4875	
529	1	0.54	0.54	0.4484	
530	1	0.53	0.53	0.4491	
531	1	0.5	0.5	0.41	
532	1	0.46	0.46	0.4084	
533	1	0.49	0.49	0.3899	
534	1	0.53	0.53	0.4091	
535	1	0.59	0.59	0.4219	
536	1	0.57	0.57	0.4451	
537	1	0.6	0.6	0.48	
538	1	0.63	0.63	0.4331	
539	1	0.61	0.61	0.4379	
540	1	0.64	0.64	0.6504	
541	1	0.73	0.73	0.7171	
542	1	0.79	0.79	0.8059	
543	1	0.78	0.78	0.8716	
544	1	0.71	0.71	0.7459	
545	1	0.72	0.72	0.7416	
546	1	0.67	0.67	0.6811	
547	1	0.66	0.66	0.6044	
548	1	0.65	0.65	0.6075	
549	1	0.6	0.6	0.56	
550	1	0.67	0.67	0.6011	
551	1	0.72	0.72	0.6616	
552	1	0.67	0.67	0.5611	
553	1	0.59	0.59	0.4419	
554	1	0.59	0.59	0.4819	
555	1	0.55	0.55	0.3675	
556	1	0.53	0.53	0.3291	
557	1	0.55	0.55	0.3475	
558	1	0.53	0.53	0.3491	
559	1	0.56	0.56	0.3664	
560	1	0.54	0.54	0.3484	
561	1	0.55	0.55	0.3475	
562	1	0.57	0.57	0.4051	
563	1	0.6	0.6	0.4	
564	1	0.61	0.61	0.3779	
565	1	0.59	0.59	0.3419	
566	1	0.54	0.54	0.2684	
567	1	0.58	0.58	0.3636	
568	1	0.62	0.62	0.4156	
569	1	0.63	0.63	0.4131	
570	1	0.58	0.58	0.3836	
571	1	0.55	0.55	0.3675	
572	1	0.53	0.53	0.3891	
573	1	0.54	0.54	0.4484	
574	1	0.58	0.58	0.4236	
575	1	0.6	0.6	0.46	
576	1	0.54	0.54	0.3684	
577	1	0.52	0.52	0.3496	
578	1	0.55	0.55	0.3275	
579	1	0.5	0.5	0.39	
580	1	0.53	0.53	0.4091	
581	1	0.53	0.53	0.3891	
582	1	0.48	0.48	0.3496	
583	1	0.49	0.49	0.3499	
584	1	0.48	0.48	0.3496	
585	1	0.46	0.46	0.3284	
586	1	0.39	0.39	0.2579	
587	1	0.37	0.37	0.2331	
588	1	0.41	0.41	0.2419	
589	1	0.4	0.4	0.24	
590	1	0.41	0.41	0.2419	
591	1	0.43	0.43	0.2451	
592	1	0.36	0.36	0.2304	
593	1	0.38	0.38	0.2356	
594	1	0.38	0.38	0.2356	
595	1	0.37	0.37	0.2331	
596	1	0.36	0.36	0.2304	
597	1	0.38	0.38	0.2356	
598	1	0.38	0.38	0.2356	
599	1	0.4	0.4	0.24	
600	1	0.43	0.43	0.2451	
601	1	0.45	0.45	0.2675	
602	1	0.46	0.46	0.2884	
603	1	0.56	0.56	0.3664	
604	1	0.41	0.41	0.2819	
605	1	0.43	0.43	0.2651	
606	1	0.38	0.38	0.2356	
607	1	0.38	0.38	0.2356	
608	1	0.4	0.4	0.24	
609	1	0.4	0.4	0.26	
610	1	0.39	0.39	0.2379	
611	1	0.36	0.36	0.2304	
612	1	0.38	0.38	0.2356	
613	1	0.36	0.36	0.2304	
614	1	0.41	0.41	0.2419	
615	1	0.45	0.45	0.2475	
616	1	0.4	0.4	0.24	
617	1	0.41	0.41	0.2619	
618	1	0.39	0.39	0.2379	
619	1	0.39	0.39	0.2379	
620	1	0.37	0.37	0.2331	
621	1	0.38	0.38	0.2356	
622	1	0.39	0.39	0.2579	
623	1	0.39	0.39	0.2979	
624	1	0.42	0.42	0.3036	
625	1	0.43	0.43	0.3051	
626	1	0.41	0.41	0.3019	
627	1	0.39	0.39	0.2979	
628	1	0.41	0.41	0.3019	
629	1	0.44	0.44	0.3464	
630	1	0.43	0.43	0.3451	
631	1	0.44	0.44	0.3464	
632	1	0.46	0.46	0.3684	
633	1	0.49	0.49	0.3899	
634	1	0.51	0.51	0.4099	
635	1	0.6	0.6	0.44	
636	1	0.61	0.61	0.3979	
637	1	0.65	0.65	0.4075	
638	1	0.7	0.7	0.41	
639	1	0.73	0.73	0.4171	
640	1	0.72	0.72	0.4416	
641	1	0.67	0.67	0.4011	
642	1	0.67	0.67	0.4211	
643	1	0.6	0.6	0.4	
644	1	0.62	0.62	0.4756	
645	1	0.61	0.61	0.5179	
646	1	0.65	0.65	0.5475	
647	1	0.68	0.68	0.5376	
648	1	0.68	0.68	0.4376	
649	1	0.64	0.64	0.4104	
650	1	0.61	0.61	0.3779	
651	1	0.59	0.59	0.3619	
652	1	0.51	0.51	0.3499	
653	1	0.5	0.5	0.37	
654	1	0.54	0.54	0.3684	
655	1	0.54	0.54	0.3884	
656	1	0.48	0.48	0.3696	
657	1	0.5	0.5	0.37	
658	1	0.43	0.43	0.3651	
659	1	0.39	0.39	0.3379	
660	1	0.43	0.43	0.3651	
661	1	0.43	0.43	0.3651	
662	1	0.41	0.41	0.3219	
663	1	0.44	0.44	0.3464	
664	1	0.46	0.46	0.3484	
665	1	0.45	0.45	0.3675	
666	1	0.44	0.44	0.3464	
667	1	0.44	0.44	0.3664	
668	1	0.43	0.43	0.3451	
669	1	0.46	0.46	0.4084	
670	1	0.46	0.46	0.4084	
671	1	0.4	0.4	0.38	
672	1	0.48	0.48	0.4496	
673	1	0.46	0.46	0.4084	
674	1	0.45	0.45	0.4075	
675	1	0.46	0.46	0.4484	
676	1	0.42	0.42	0.4236	
677	1	0.41	0.41	0.4219	
678	1	0.43	0.43	0.4251	
679	1	0.42	0.42	0.4236	
680	1	0.41	0.41	0.3819	
681	1	0.41	0.41	0.3819	
682	1	0.43	0.43	0.3451	
683	1	0.42	0.42	0.3436	
684	1	0.4	0.4	0.32	
685	1	0.39	0.39	0.3179	
686	1	0.41	0.41	0.3219	
687	1	0.4	0.4	0.3	
688	1	0.39	0.39	0.2779	
689	1	0.4	0.4	0.32	
690	1	0.43	0.43	0.3451	
691	1	0.46	0.46	0.3884	
692	1	0.48	0.48	0.4096	
693	1	0.54	0.54	0.4484	
694	1	0.54	0.54	0.4084	
695	1	0.63	0.63	0.4331	
696	1	0.67	0.67	0.4411	
697	1	0.64	0.64	0.4504	
698	1	0.64	0.64	0.4904	
699	1	0.68	0.68	0.4376	
700	1	0.71	0.71	0.4459	
701	1	0.64	0.64	0.4504	
702	1	0.64	0.64	0.4504	
703	1	0.65	0.65	0.4475	
704	1	0.67	0.67	0.4011	
705	1	0.64	0.64	0.3904	
706	1	0.69	0.69	0.4539	
707	1	0.66	0.66	0.4244	
708	1	0.63	0.63	0.4531	
709	1	0.61	0.61	0.4179	
710	1	0.69	0.69	0.4539	
711	1	0.69	0.69	0.4539	
712	1	0.77	0.77	0.4771	
713	1	0.77	0.77	0.4571	
714	1	0.78	0.78	0.4716	
715	1	0.85	0.85	0.4475	
716	1	0.88	0.88	0.5056	
717	1	0.95	0.95	0.5075	
718	1	1.02	1.02	0.5196	
719	1	1.06	1.06	0.5364	
720	1	1.07	1.07	0.4851	
721	1	1.04	1.04	0.4784	
722	1	1.04	1.04	0.5584	
723	1	1.03	1.03	0.5691	
724	1	0.93	0.93	0.5251	
725	1	0.92	0.92	0.5536	
726	1	0.91	0.91	0.5219	
727	1	0.87	0.87	0.4731	
728	1	0.84	0.84	0.4944	
729	1	0.85	0.85	0.4675	
730	1	0.83	0.83	0.5211	
731	1	0.85	0.85	0.5075	
732	1	0.8	0.8	0.52	
733	1	0.86	0.86	0.6204	
734	1	0.86	0.86	0.6204	
735	1	0.82	0.82	0.5676	
736	1	0.83	0.83	0.5811	
737	1	0.86	0.86	0.6604	
738	1	0.95	0.95	0.7275	
739	1	0.93	0.93	0.7051	
740	1	1.02	1.02	0.7996	
741	1	1.12	1.12	0.7856	
742	1	1.11	1.11	0.6979	
743	1	1.12	1.12	0.7656	
744	1	1.17	1.17	0.6611	
745	1	1.11	1.11	0.7379	
746	1	1.16	1.16	0.8344	
747	1	1.21	1.21	0.7859	
748	1	1.23	1.23	0.8771	
749	1	1.24	1.24	0.8824	
750	1	1.28	1.28	0.8416	
751	1	1.37	1.37	0.8131	
752	1	1.48	1.48	0.8096	
753	1	1.49	1.49	0.8299	
754	1	1.48	1.48	0.8696	
755	1	1.41	1.41	0.9019	
756	1	1.44	1.44	1.1264	
757	1	1.52	1.52	1.1696	
758	1	1.55	1.55	1.0875	
759	1	1.55	1.55	1.1275	
760	1	1.52	1.52	1.1296	
761	1	1.46	1.46	1.0884	
762	1	1.36	1.36	1.0304	
763	1	1.39	1.39	1.0179	
764	1	1.37	1.37	0.9531	
765	1	1.28	1.28	0.9616	
766	1	1.21	1.21	0.8659	
767	1	1.19	1.19	0.8939	
768	1	1.17	1.17	0.7811	
769	1	1.12	1.12	0.7856	
770	1	1.12	1.12	0.8656	
771	1	1.15	1.15	0.7875	
772	1	1.14	1.14	0.7604	
773	1	1.15	1.15	0.7475	
774	1	1.1	1.1	0.75	
775	1	1.11	1.11	0.7979	
776	1	1.09	1.09	0.8419	
777	1	1.1	1.1	0.79	
778	1	1.14	1.14	0.8204	
779	1	1.15	1.15	0.8075	
780	1	1.17	1.17	0.8011	
781	1	1.19	1.19	0.8739	
782	1	1.16	1.16	0.8344	
783	1	1.22	1.22	0.9916	
784	1	1.22	1.22	0.9516	
785	1	1.22	1.22	0.8716	
786	1	1.24	1.24	0.9224	
787	1	1.27	1.27	0.9371	
788	1	1.25	1.25	0.9875	
789	1	1.28	1.28	1.1016	
790	1	1.22	1.22	1.1516	
791	1	1.22	1.22	1.1116	
792	1	1.26	1.26	1.1924	
793	1	1.22	1.22	1.2116	
794	1	1.19	1.19	1.2339	
795	1	1.23	1.23	1.2171	
796	1	1.26	1.26	1.2124	
797	1	1.32	1.32	1.2576	
798	1	1.36	1.36	1.2104	
799	1	1.43	1.43	1.2251	
800	1	1.37	1.37	1.2931	
801	1	1.36	1.36	1.2304	
802	1	1.24	1.24	1.4424	
803	1	1.2	1.2	1.54	
804	1	1.28	1.28	1.6016	
805	1	1.19	1.19	1.4539	
806	1	1.16	1.16	1.4344	
807	1	1.18	1.18	1.3476	
808	1	1.24	1.24	1.4024	
809	1	1.18	1.18	1.3476	
810	1	1.22	1.22	1.4716	
811	1	1.24	1.24	1.5224	
812	1	1.19	1.19	1.5139	
813	1	1.25	1.25	1.5475	
814	1	1.08	1.08	1.5936	
815	1	1.09	1.09	1.5619	
816	1	1.15	1.15	1.6275	
817	1	1.12	1.12	1.6056	
818	1	1.19	1.19	1.7539	
819	1	1.18	1.18	1.5876	
820	1	1.16	1.16	1.5344	
821	1	1.1	1.1	1.43	
822	1	1.09	1.09	1.5219	
823	1	1.07	1.07	1.5251	
824	1	1.02	1.02	1.4196	
825	1	1.04	1.04	1.4184	
826	1	1.12	1.12	1.6256	
827	1	1.1	1.1	1.49	
828	1	1.12	1.12	1.5856	
829	1	1.11	1.11	1.4979	
830	1	1.05	1.05	1.2475	
831	1	1.04	1.04	1.1784	
832	1	0.99	0.99	1.2499	
833	1	1.01	1.01	1.2699	
834	1	1	1	1.38	
835	1	1.04	1.04	1.5584	
836	1	1.04	1.04	1.3984	
837	1	1.03	1.03	1.3891	
838	1	1.01	1.01	1.4699	
839	1	1.01	1.01	1.4499	
840	1	0.95	0.95	1.2075	
841	1	0.96	0.96	1.1984	
842	1	0.95	0.95	1.2875	
843	1	0.89	0.89	1.0179	
844	1	0.87	0.87	0.9331	
845	1	0.85	0.85	0.8475	
846	1	0.89	0.89	0.9179	
847	1	0.84	0.84	0.8744	
848	1	0.86	0.86	0.8804	
849	1	0.93	0.93	0.9251	
850	1	1.03	1.03	1.0691	
851	1	1.06	1.06	1.1364	
852	1	1.06	1.06	1.1164	
853	1	1.08	1.08	1.1136	
854	1	1.01	1.01	1.0699	
855	1	0.88	0.88	0.8256	
856	1	0.85	0.85	0.8475	
857	1	0.82	0.82	0.7476	
858	1	0.78	0.78	0.5716	
859	1	0.71	0.71	0.6059	
860	1	0.69	0.69	0.6139	
861	1	0.65	0.65	0.6275	
862	1	0.7	0.7	0.65	
863	1	0.66	0.66	0.6044	
864	1	0.65	0.65	0.5875	
865	1	0.7	0.7	0.63	
866	1	0.72	0.72	0.6616	
867	1	0.8	0.8	0.68	
868	1	0.8	0.8	0.66	
869	1	0.84	0.84	0.6944	
870	1	0.77	0.77	0.6971	
871	1	0.73	0.73	0.6571	
872	1	0.72	0.72	0.6616	
873	1	0.72	0.72	0.6416	
874	1	0.74	0.74	0.6524	
875	1	0.75	0.75	0.6475	
876	1	0.81	0.81	0.7339	
877	1	0.82	0.82	0.7076	
878	1	0.72	0.72	0.6416	
879	1	0.67	0.67	0.6011	
880	1	0.67	0.67	0.6011	
881	1	0.67	0.67	0.5811	
882	1	0.72	0.72	0.6616	
883	1	0.69	0.69	0.6939	
884	1	0.59	0.59	0.6419	
885	1	0.63	0.63	0.6931	
886	1	0.64	0.64	0.7304	
887	1	0.65	0.65	0.7675	
888	1	0.65	0.65	0.7675	
889	1	0.75	0.75	0.9475	
890	1	0.78	0.78	0.9716	
891	1	0.76	0.76	1.0024	
892	1	0.78	0.78	1.0916	
893	1	0.78	0.78	1.0716	
894	1	0.81	0.81	1.1539	
895	1	0.77	0.77	1.0571	
896	1	0.78	0.78	1.1116	
897	1	0.78	0.78	1.0316	
898	1	0.71	0.71	0.9459	
899	1	0.75	0.75	0.9675	
900	1	0.83	0.83	1.0811	
901	1	0.8	0.8	1	
902	1	0.68	0.68	0.8976	
903	1	0.81	0.81	0.9139	
904	1	0.72	0.72	0.9216	
905	1	0.73	0.73	0.8971	
906	1	0.71	0.71	0.8659	
907	1	0.58	0.58	0.7636	
908	1	0.67	0.67	0.9411	
909	1	0.57	0.57	0.7651	
910	1	0.63	0.63	0.7731	
911	1	0.56	0.56	0.7464	
912	1	0.56	0.56	0.7264	
913	1	0.6	0.6	0.8	
914	1	0.61	0.61	0.7579	
915	1	0.63	0.63	0.7731	
916	1	0.74	0.74	0.9324	
917	1	0.78	0.78	0.9316	
918	1	0.77	0.77	0.9171	
919	1	0.84	0.84	0.9544	
920	1	0.8	0.8	0.92	
921	1	0.8	0.8	0.9	
922	1	0.8	0.8	0.88	
923	1	0.89	0.89	0.9779	
924	1	0.85	0.85	0.9675	
925	1	0.8	0.8	0.9	
926	1	0.77	0.77	0.8771	
927	1	0.69	0.69	0.8139	
928	1	0.7	0.7	0.83	
929	1	0.65	0.65	0.7675	
930	1	0.72	0.72	0.8416	
931	1	0.75	0.75	0.8475	
932	1	0.81	0.81	0.8939	
933	1	0.76	0.76	0.8824	
934	1	0.79	0.79	0.9259	
935	1	0.71	0.71	0.8259	
936	1	0.81	0.81	1.1739	
937	1	0.6	0.6	0.72	
938	1	0.6	0.6	0.66	
939	1	0.56	0.56	0.6064	
940	1	0.58	0.58	0.7236	
941	1	0.51	0.51	0.6699	
942	1	0.47	0.47	0.5491	
943	1	0.45	0.45	0.4875	
944	1	0.38	0.38	0.2956	
945	1	0.4	0.4	0.24	
946	1	0.47	0.47	0.2491	
947	1	0.45	0.45	0.2475	
948	1	0.42	0.42	0.2436	
949	1	0.44	0.44	0.3064	
950	1	0.37	0.37	0.2731	
951	1	0.46	0.46	0.3884	
952	1	0.55	0.55	0.4675	
953	1	0.5	0.5	0.43	
954	1	0.6	0.6	0.5	
955	1	0.59	0.59	0.5019	
956	1	0.66	0.66	0.5444	
957	1	0.66	0.66	0.5244	
958	1	0.66	0.66	0.5444	
959	1	0.64	0.64	0.5704	
960	1	0.68	0.68	0.5776	
961	1	0.63	0.63	0.5931	
962	1	0.62	0.62	0.5956	
963	1	0.64	0.64	0.6104	
964	1	0.69	0.69	0.5739	
965	1	0.7	0.7	0.61	
966	1	0.68	0.68	0.6576	
967	1	0.65	0.65	0.6675	
968	1	0.58	0.58	0.6236	
969	1	0.6	0.6	0.58	
970	1	0.7	0.7	0.67	
971	1	0.76	0.76	0.7224	
972	1	0.76	0.76	0.6424	
973	1	0.82	0.82	0.6676	
974	1	0.83	0.83	0.6811	
975	1	0.76	0.76	0.6624	
976	1	0.7	0.7	0.71	
977	1	0.79	0.79	0.6459	
978	1	0.77	0.77	0.6371	
979	1	0.79	0.79	0.6659	
980	1	0.86	0.86	0.6404	
981	1	0.86	0.86	0.6004	
982	1	0.83	0.83	0.6211	
983	1	0.73	0.73	0.5771	
984	1	0.74	0.74	0.6124	
985	1	0.83	0.83	0.6011	
986	1	0.84	0.84	0.6744	
987	1	0.85	0.85	0.6875	
988	1	0.85	0.85	0.7475	
989	1	0.9	0.9	0.79	
990	1	0.94	0.94	0.7564	
991	1	0.9	0.9	0.77	
992	1	0.96	0.96	0.9184	
993	1	0.87	0.87	0.8731	
994	1	0.77	0.77	0.7971	
995	1	0.75	0.75	0.7275	
996	1	0.75	0.75	0.8275	
997	1	0.75	0.75	0.8075	
998	1	0.73	0.73	0.7171	
999	1	0.81	0.81	0.8339	
1000	1	0.78	0.78	0.7916	
1001	1	0.76	0.76	0.7824	
1002	1	0.73	0.73	0.7371	
1003	1	0.67	0.67	0.6211	
1004	1	0.67	0.67	0.5811	
1005	1	0.74	0.74	0.7124	
1006	1	0.75	0.75	0.6875	
1007	1	0.76	0.76	0.6824	
1008	1	0.71	0.71	0.6259	
1009	1	0.73	0.73	0.6371	
1010	1	0.75	0.75	0.6475	
1011	1	0.76	0.76	0.6624	
1012	1	0.77	0.77	0.6571	
1013	1	0.82	0.82	0.6476	
1014	1	0.9	0.9	0.69	
1015	1	0.87	0.87	0.6731	
1016	1	0.89	0.89	0.7179	
1017	1	0.88	0.88	0.7256	
1018	1	0.87	0.87	0.6731	
1019	1	0.85	0.85	0.6675	
1020	1	0.92	0.92	0.7336	
1021	1	0.91	0.91	0.6619	
1022	1	0.93	0.93	0.6051	
1023	1	0.94	0.94	0.6564	
1024	1	0.89	0.89	0.6579	
1025	1	0.86	0.86	0.6604	
1026	1	0.89	0.89	0.6579	
1027	1	0.92	0.92	0.7136	
1028	1	0.98	0.98	0.6996	
1029	1	0.97	0.97	0.6891	
1030	1	0.98	0.98	0.6796	
1031	1	0.93	0.93	0.6051	
1032	1	0.95	0.95	0.5675	
1033	1	0.97	0.97	0.5891	
1034	1	0.94	0.94	0.6164	
1035	1	0.94	0.94	0.5964	
1036	1	0.94	0.94	0.6364	
1037	1	0.92	0.92	0.6936	
1038	1	0.97	0.97	0.7691	
1039	1	1.05	1.05	0.7075	
1040	1	1.12	1.12	0.7256	
1041	1	1.09	1.09	0.7219	
1042	1	1.06	1.06	0.7364	
1043	1	1.08	1.08	0.7536	
1044	1	1.08	1.08	0.8136	
1045	1	1.1	1.1	0.85	
1046	1	1.07	1.07	0.8451	
1047	1	1.1	1.1	0.85	
1048	1	1.14	1.14	0.8804	
1049	1	1.17	1.17	0.8811	
1050	1	1.24	1.24	1.0024	
1051	1	1.21	1.21	1.0259	
1052	1	1.22	1.22	1.0116	
1053	1	1.22	1.22	1.0116	
1054	1	1.25	1.25	0.9875	
1055	1	1.27	1.27	0.9371	
1056	1	1.24	1.24	0.9424	
1057	1	1.2	1.2	0.88	
1058	1	1.29	1.29	0.9659	
1059	1	1.32	1.32	0.9576	
1060	1	1.36	1.36	0.8904	
1061	1	1.34	1.34	0.8644	
1062	1	1.36	1.36	0.9104	
1063	1	1.33	1.33	0.9011	
1064	1	1.29	1.29	0.8859	
1065	1	1.21	1.21	0.8659	
1066	1	1.15	1.15	0.8675	
1067	1	1.11	1.11	0.8179	
1068	1	1.1	1.1	0.87	
1069	1	1.1	1.1	0.87	
1070	1	1.1	1.1	0.85	
1071	1	1.1	1.1	0.89	
1072	1	1.17	1.17	0.9611	
1073	1	1.18	1.18	0.9876	
1074	1	1.16	1.16	0.9944	
1075	1	1.14	1.14	0.9204	
1076	1	1.23	1.23	0.9971	
1077	1	1.23	1.23	0.9571	
1078	1	1.23	1.23	0.8571	
1079	1	1.27	1.27	0.8171	
1080	1	1.19	1.19	0.8539	
1081	1	1.18	1.18	0.9076	
1082	1	1.22	1.22	0.9516	
1083	1	1.19	1.19	0.8939	
1084	1	1.14	1.14	0.9804	
1085	1	1.19	1.19	0.9539	
1086	1	1.12	1.12	0.9256	
1087	1	1.17	1.17	0.9011	
1088	1	1.17	1.17	0.8211	
1089	1	1.19	1.19	0.8139	
1090	1	1.2	1.2	0.84	
1091	1	1.17	1.17	0.8211	
1092	1	1.17	1.17	0.7811	
1093	1	1.23	1.23	0.7971	
1094	1	1.21	1.21	0.8259	
1095	1	1.19	1.19	0.8139	
1096	1	1.25	1.25	0.8075	
1097	1	1.26	1.26	0.8924	
1098	1	1.22	1.22	0.9916	
1099	1	1.25	1.25	1.0275	
1100	1	1.27	1.27	1.1371	
1101	1	1.24	1.24	1.1224	
1102	1	1.25	1.25	1.1275	
1103	1	1.29	1.29	1.0059	
1104	1	1.24	1.24	1.0024	
1105	1	1.25	1.25	0.9475	
1106	1	1.21	1.21	0.8659	
1107	1	1.26	1.26	0.8924	
1108	1	1.16	1.16	0.8544	
1109	1	1.24	1.24	0.9024	
1110	1	1.25	1.25	0.9075	
1111	1	1.31	1.31	0.8739	
1112	1	1.35	1.35	0.7875	
1113	1	1.33	1.33	0.8211	
1114	1	1.25	1.25	0.7675	
1115	1	1.21	1.21	0.7259	
1116	1	1.18	1.18	0.8076	
1117	1	1.14	1.14	0.7804	
1118	1	1.11	1.11	0.7579	
1119	1	1.07	1.07	0.7251	
1120	1	1.13	1.13	0.7131	
1121	1	1.07	1.07	0.6851	
1122	1	1.04	1.04	0.6784	
1123	1	1.04	1.04	0.6584	
1124	1	0.95	0.95	0.5675	
1125	1	0.95	0.95	0.5675	
1126	1	0.96	0.96	0.5784	
1127	1	0.97	0.97	0.5691	
1128	1	1.02	1.02	0.5596	
1129	1	0.99	0.99	0.5499	
1130	1	1.03	1.03	0.5691	
1131	1	1.05	1.05	0.5475	
1132	1	0.97	0.97	0.5291	
1133	1	0.97	0.97	0.5691	
1134	1	1.04	1.04	0.5984	
1135	1	1.08	1.08	0.5736	
1136	1	1.11	1.11	0.6179	
1137	1	1.22	1.22	0.6716	
1138	1	1.1	1.1	0.65	
1139	1	1.05	1.05	0.6075	
1140	1	1.02	1.02	0.5796	
1141	1	1.02	1.02	0.6796	
1142	1	1.02	1.02	0.6196	
1143	1	1.04	1.04	0.7184	
1144	1	1.06	1.06	0.7164	
1145	1	1.03	1.03	0.6691	
1146	1	1	1	0.62	
1147	1	1.04	1.04	0.5584	
1148	1	1.03	1.03	0.5491	
1149	1	1.08	1.08	0.5736	
1150	1	1.05	1.05	0.5675	
1151	1	1.08	1.08	0.6936	
1152	1	1.07	1.07	0.5851	
1153	1	1.04	1.04	0.5984	
1154	1	1.03	1.03	0.6291	
1155	1	1.02	1.02	0.6196	
1156	1	0.99	0.99	0.5499	
1157	1	1.01	1.01	0.5499	
1158	1	1.02	1.02	0.5396	
1159	1	1.01	1.01	0.5299	
1160	1	1.06	1.06	0.5164	
1161	1	1.12	1.12	0.5456	
1162	1	1.17	1.17	0.5411	
1163	1	1.15	1.15	0.5075	
1164	1	1.14	1.14	0.4804	
1165	1	1.16	1.16	0.4744	
1166	1	1.16	1.16	0.4744	
1167	1	1.13	1.13	0.4331	
1168	1	1.13	1.13	0.4531	
1169	1	1.13	1.13	0.4131	
1170	1	1.13	1.13	0.3931	
1171	1	1.12	1.12	0.4056	
1172	1	1.15	1.15	0.4075	
1173	1	1.16	1.16	0.4344	
1174	1	1.18	1.18	0.4276	
1175	1	1.23	1.23	0.4571	
1176	1	1.19	1.19	0.4739	
1177	1	1.16	1.16	0.4544	
1178	1	1.17	1.17	0.4611	
1179	1	1.11	1.11	0.4379	
1180	1	1.02	1.02	0.4596	
1181	1	1.08	1.08	0.4536	
1182	1	1.08	1.08	0.4736	
1183	1	1.07	1.07	0.4451	
1184	1	1.09	1.09	0.4219	
1185	1	1.08	1.08	0.4536	
1186	1	1.09	1.09	0.5019	
1187	1	1.11	1.11	0.3979	
1188	1	1.12	1.12	0.3656	
1189	1	1.12	1.12	0.3656	
1190	1	1.08	1.08	0.3936	
1191	1	1.08	1.08	0.3736	
1192	1	1.02	1.02	0.3796	
1193	1	1	1	0.38	
1194	1	1.07	1.07	0.4451	
1195	1	1.03	1.03	0.4691	
1196	1	1.05	1.05	0.4475	
1197	1	1.1	1.1	0.49	
1198	1	1.16	1.16	0.4744	
1199	1	1.1	1.1	0.49	
1200	1	1.13	1.13	0.4531	
1201	1	1.19	1.19	0.5139	
1202	1	1.2	1.2	0.54	
1203	1	1.23	1.23	0.5971	
1204	1	1.26	1.26	0.6524	
1205	1	1.27	1.27	0.6371	
1206	1	1.26	1.26	0.5924	
1207	1	1.26	1.26	0.6124	
1208	1	1.29	1.29	0.6259	
1209	1	1.4	1.4	0.62	
1210	1	1.35	1.35	0.5675	
1211	1	1.38	1.38	0.4756	
1212	1	1.34	1.34	0.4644	
1213	1	1.35	1.35	0.4875	
1214	1	1.36	1.36	0.4304	
1215	1	1.39	1.39	0.4579	
1216	1	1.36	1.36	0.4504	
1217	1	1.37	1.37	0.5331	
1218	1	1.37	1.37	0.5931	
1219	1	1.35	1.35	0.6275	
1220	1	1.35	1.35	0.5475	
1221	1	1.31	1.31	0.4939	
1222	1	1.24	1.24	0.4024	
1223	1	1.21	1.21	0.3859	
1224	1	1.22	1.22	0.3916	
1225	1	1.23	1.23	0.3771	
1226	1	1.28	1.28	0.4616	
1227	1	1.35	1.35	0.4475	
1228	1	1.32	1.32	0.4576	
1229	1	1.32	1.32	0.4376	
1230	1	1.35	1.35	0.4075	
1231	1	1.39	1.39	0.4379	
1232	1	1.5	1.5	0.45	
1233	1	1.51	1.51	0.4899	
1234	1	1.44	1.44	0.5464	
1235	1	1.36	1.36	0.6304	
1236	1	1.24	1.24	0.4824	
1237	1	1.29	1.29	0.5659	
1238	1	1.22	1.22	0.5316	
1239	1	1.18	1.18	0.6076	
1240	1	1.19	1.19	0.6139	
1241	1	1.16	1.16	0.5744	
1242	1	1.2	1.2	0.66	
1243	1	1.25	1.25	0.6275	
1244	1	1.33	1.33	0.5411	
1245	1	1.31	1.31	0.4739	
1246	1	1.27	1.27	0.4571	
1247	1	1.28	1.28	0.4416	
1248	1	1.27	1.27	0.4371	
1249	1	1.26	1.26	0.4524	
1250	1	1.36	1.36	0.4904	
1251	1	1.38	1.38	0.4956	
1252	1	1.31	1.31	0.4939	
1253	1	1.26	1.26	0.4924	
1254	1	1.26	1.26	0.5924	
1255	1	1.28	1.28	0.5816	
1256	1	1.34	1.34	0.6044	
1257	1	1.45	1.45	0.5875	
1258	1	1.39	1.39	0.5179	
1259	1	1.44	1.44	0.5264	
1260	1	1.47	1.47	0.5291	
1261	1	1.41	1.41	0.5419	
1262	1	1.33	1.33	0.5811	
1263	1	1.24	1.24	0.5424	
1264	1	1.19	1.19	0.5739	
1265	1	1.17	1.17	0.5011	
1266	1	1.04	1.04	0.4784	
1267	1	1.11	1.11	0.5579	
1268	1	1.19	1.19	0.5339	
1269	1	1.2	1.2	0.52	
1270	1	1.2	1.2	0.56	
1271	1	1.18	1.18	0.5476	
1272	1	1.17	1.17	0.5411	
1273	1	1.17	1.17	0.5211	
1274	1	1.17	1.17	0.4811	
1275	1	1.18	1.18	0.4476	
1276	1	1.17	1.17	0.4611	
1277	1	1.16	1.16	0.4944	
1278	1	1.17	1.17	0.5811	
1279	1	1.16	1.16	0.5944	
1280	1	1.24	1.24	0.7424	
1281	1	1.23	1.23	0.7771	
1282	1	1.26	1.26	0.7324	
1283	1	1.27	1.27	0.8771	
1284	1	1.28	1.28	0.8816	
1285	1	1.26	1.26	0.7724	
1286	1	1.26	1.26	0.8124	
1287	1	1.28	1.28	0.7016	
1288	1	1.22	1.22	0.5716	
1289	1	1.16	1.16	0.5944	
1290	1	1.19	1.19	0.6139	
1291	1	1.19	1.19	0.5339	
1292	1	1.16	1.16	0.6144	
1293	1	1.16	1.16	0.6144	
1294	1	1.19	1.19	0.6939	
1295	1	1.15	1.15	0.6875	
1296	1	1.14	1.14	0.6604	
1297	1	1.19	1.19	0.7139	
1298	1	1.2	1.2	0.72	
1299	1	1.14	1.14	0.6404	
1300	1	1.09	1.09	0.5019	
1301	1	1.11	1.11	0.5179	
1302	1	1.1	1.1	0.55	
1303	1	1.11	1.11	0.5979	
1304	1	1.16	1.16	0.6544	
1305	1	1.16	1.16	0.5544	
1306	1	1.18	1.18	0.5876	
1307	1	1.23	1.23	0.5971	
1308	1	1.26	1.26	0.5924	
1309	1	1.28	1.28	0.5616	
1310	1	1.38	1.38	0.5956	
1311	1	1.36	1.36	0.6504	
1312	1	1.37	1.37	0.6531	
1313	1	1.37	1.37	0.6531	
1314	1	1.33	1.33	0.6411	
1315	1	1.31	1.31	0.6339	
1316	1	1.32	1.32	0.6376	
1317	1	1.37	1.37	0.7731	
1318	1	1.3	1.3	0.65	
1319	1	1.24	1.24	0.5624	
1320	1	1.4	1.4	0.68	
1321	1	1.46	1.46	0.6684	
1322	1	1.41	1.41	0.7019	
1323	1	1.43	1.43	0.7251	
1324	1	1.36	1.36	0.7104	
1325	1	1.42	1.42	0.7836	
1326	1	1.32	1.32	0.6776	
1327	1	1.2	1.2	0.56	
1328	1	1.15	1.15	0.4675	
1329	1	1.12	1.12	0.4456	
1330	1	1.19	1.19	0.4939	
1331	1	1.25	1.25	0.4875	
1332	1	1.27	1.27	0.4971	
1333	1	1.28	1.28	0.4816	
1334	1	1.26	1.26	0.4324	
1335	1	1.16	1.16	0.3944	
1336	1	1.15	1.15	0.4075	
1337	1	1.05	1.05	0.2075	
1338	1	1.16	1.16	0.5344	
1339	1	1.22	1.22	0.8116	
1340	1	1.18	1.18	0.6876	
1341	1	1.19	1.19	0.5339	
1342	1	1.24	1.24	0.6624	
1343	1	1.29	1.29	0.8059	
1344	1	1.14	1.14	0.1404	
1345	1	1.16	1.16	0.1544	
1346	1	1.23	1.23	0.2371	
1347	1	1.28	1.28	0.3016	
1348	1	1.28	1.28	0.2616	
1349	1	1.28	1.28	0.2016	
1350	1	1.34	1.34	0.2244	
1351	1	1.38	1.38	0.2356	
1352	1	1.39	1.39	0.2379	
1353	1	1.31	1.31	0.2139	
1354	1	1.38	1.38	0.2956	
1355	1	1.42	1.42	0.3236	
1356	1	1.45	1.45	0.3475	
1357	1	1.48	1.48	0.3896	
1358	1	1.5	1.5	0.37	
1359	1	1.58	1.58	0.4036	
1360	1	1.63	1.63	0.4731	
1361	1	1.66	1.66	0.5044	
1362	1	1.71	1.71	0.5059	
1363	1	1.69	1.69	0.4939	
1364	1	1.68	1.68	0.5176	
1365	1	1.73	1.73	0.5171	
1366	1	1.73	1.73	0.5171	
1367	1	1.76	1.76	0.5824	
1368	1	1.75	1.75	0.5675	
1369	1	1.71	1.71	0.5459	
1370	1	1.74	1.74	0.5324	
1371	1	1.79	1.79	0.6259	
1372	1	1.77	1.77	0.6171	
1373	1	1.74	1.74	0.6724	
1374	1	1.73	1.73	0.6171	
1375	1	1.73	1.73	0.4571	
1376	1	1.65	1.65	0.4075	
1377	1	1.69	1.69	0.4939	
1378	1	1.77	1.77	0.5371	
1379	1	1.77	1.77	0.4771	
1380	1	1.74	1.74	0.5124	
1381	1	1.78	1.78	0.5716	
1382	1	1.74	1.74	0.5124	
1383	1	1.79	1.79	0.5259	
1384	1	1.77	1.77	0.5771	
1385	1	1.74	1.74	0.5324	
1386	1	1.77	1.77	0.5771	
1387	1	1.77	1.77	0.5571	
1388	1	1.76	1.76	0.5224	
1389	1	1.78	1.78	0.5316	
1390	1	1.82	1.82	0.5876	
1391	1	1.83	1.83	0.6211	
1392	1	1.83	1.83	0.5611	
1393	1	1.8	1.8	0.52	
1394	1	1.81	1.81	0.5539	
1395	1	1.72	1.72	0.5416	
1396	1	1.74	1.74	0.5524	
1397	1	1.73	1.73	0.5571	
1398	1	1.71	1.71	0.5059	
1399	1	1.62	1.62	0.3956	
1400	1	1.61	1.61	0.3779	
1401	1	1.58	1.58	0.3436	
1402	1	1.51	1.51	0.3499	
1403	1	1.49	1.49	0.3299	
1404	1	1.47	1.47	0.3091	
1405	1	1.47	1.47	0.2891	
1406	1	1.46	1.46	0.2684	
1407	1	1.48	1.48	0.3296	
1408	1	1.5	1.5	0.33	
1409	1	1.58	1.58	0.4436	
1410	1	1.56	1.56	0.3664	
1411	1	1.58	1.58	0.4036	
1412	1	1.57	1.57	0.4651	
1413	1	1.59	1.59	0.4219	
1414	1	1.57	1.57	0.4051	
1415	1	1.62	1.62	0.4156	
1416	1	1.57	1.57	0.3251	
1417	1	1.61	1.61	0.3579	
1418	1	1.6	1.6	0.34	
1419	1	1.6	1.6	0.36	
1420	1	1.6	1.6	0.36	
1421	1	1.57	1.57	0.3251	
1422	1	1.6	1.6	0.36	
1423	1	1.64	1.64	0.3904	
1424	1	1.63	1.63	0.3931	
1425	1	1.62	1.62	0.4156	
1426	1	1.67	1.67	0.4411	
1427	1	1.66	1.66	0.4444	
1428	1	1.75	1.75	0.4675	
1429	1	1.73	1.73	0.4571	
1430	1	1.76	1.76	0.4824	
1431	1	1.77	1.77	0.4771	
1432	1	1.72	1.72	0.4616	
1433	1	1.81	1.81	0.4739	
1434	1	1.88	1.88	0.5056	
1435	1	1.93	1.93	0.5051	
1436	1	1.93	1.93	0.4851	
1437	1	1.98	1.98	0.4796	
1438	1	1.94	1.94	0.4564	
1439	1	1.9	1.9	0.49	
1440	1	1.87	1.87	0.4931	
1441	1	1.91	1.91	0.5419	
1442	1	1.88	1.88	0.6456	
1443	1	1.9	1.9	0.63	
1444	1	1.9	1.9	0.65	
1445	1	1.94	1.94	0.7964	
1446	1	1.96	1.96	0.8184	
1447	1	1.98	1.98	0.8596	
1448	1	1.97	1.97	0.8691	
1449	1	1.99	1.99	0.8299	
1450	1	1.99	1.99	0.8699	
1451	1	1.96	1.96	0.8184	
1452	1	1.98	1.98	0.8796	
1453	1	1.97	1.97	0.8291	
1454	1	1.92	1.92	0.7936	
1455	1	1.89	1.89	0.8379	
1456	1	1.94	1.94	0.8564	
1457	1	1.97	1.97	0.9491	
1458	1	2.01	2.01	0.9499	
1459	1	2.03	2.03	1.0091	
1460	1	1.94	1.94	0.9364	
1461	1	1.95	1.95	0.9275	
1462	1	1.96	1.96	0.9384	
1463	1	1.92	1.92	0.8536	
1464	1	1.97	1.97	0.9091	
1465	1	2.01	2.01	0.9499	
1466	1	2.03	2.03	0.9691	
1467	1	2.04	2.04	0.9984	
1468	1	1.96	1.96	0.9184	
1469	1	1.98	1.98	0.8596	
1470	1	1.92	1.92	0.8336	
1471	1	1.88	1.88	0.8456	
1472	1	1.91	1.91	0.8819	
1473	1	1.96	1.96	0.9384	
1474	1	2.04	2.04	0.9984	
1475	1	1.96	1.96	0.8984	
1476	1	1.94	1.94	0.8964	
1477	1	1.91	1.91	0.8419	
1478	1	1.97	1.97	0.9491	
1479	1	1.97	1.97	0.9491	
1480	1	2	2	1	
1481	1	2	2	1	
1482	1	2.05	2.05	1.0075	
1483	1	2	2	0.98	
1484	1	1.98	1.98	0.9396	
1485	1	1.99	1.99	0.9899	
1486	1	1.97	1.97	0.9691	
1487	1	1.96	1.96	0.9384	
1488	1	1.94	1.94	0.8564	
1489	1	2.02	2.02	0.9996	
1490	1	2	2	1.02	
1491	1	1.98	1.98	0.9396	
1492	1	2.02	2.02	1.0196	
1493	1	2.01	2.01	1.0299	
1494	1	2.01	2.01	1.1099	
1495	1	2.05	2.05	1.1875	
1496	1	2.09	2.09	1.2219	
1497	1	2.14	2.14	1.1604	
1498	1	2.01	2.01	1.1099	
1499	1	1.93	1.93	1.0851	
1500	1	2	2	1.2	
1501	1	1.98	1.98	1.1196	
1502	1	2	2	1.14	
1503	1	1.94	1.94	1.0564	
1504	1	1.86	1.86	1.0204	
1505	1	1.92	1.92	1.0936	
1506	1	1.96	1.96	1.0984	
1507	1	1.96	1.96	1.1584	
1508	1	1.99	1.99	1.1899	
1509	1	1.96	1.96	1.1584	
1510	1	2.03	2.03	1.3291	
1511	1	2.03	2.03	1.3691	
1512	1	2.06	2.06	1.4964	
1513	1	1.94	1.94	1.1564	
1514	1	1.96	1.96	1.2384	
1515	1	1.91	1.91	1.0419	
1516	1	1.92	1.92	1.0336	
1517	1	1.89	1.89	0.9579	
1518	1	1.88	1.88	0.9656	
1519	1	1.8	1.8	0.86	
1520	1	1.69	1.69	0.6539	
1521	1	1.69	1.69	0.7339	
1522	1	1.75	1.75	0.8875	
1523	1	1.75	1.75	0.8475	
1524	1	1.72	1.72	0.7616	
1525	1	1.72	1.72	0.7416	
1526	1	1.74	1.74	0.6724	
1527	1	1.82	1.82	0.9076	
1528	1	1.79	1.79	0.8259	
1529	1	1.74	1.74	0.7524	
1530	1	1.78	1.78	0.8316	
1531	1	1.87	1.87	1.0131	
1532	1	1.82	1.82	0.9476	
1533	1	1.73	1.73	0.7771	
1534	1	1.78	1.78	0.7516	
1535	1	1.81	1.81	0.7539	
1536	1	1.75	1.75	0.6475	
1537	1	1.87	1.87	1.0331	
1538	1	1.92	1.92	1.2736	
1539	1	1.8	1.8	1.08	
1540	1	1.79	1.79	0.9459	
1541	1	1.83	1.83	0.9811	
1542	1	1.84	1.84	0.9544	
1543	1	1.76	1.76	0.7224	
1544	1	1.69	1.69	0.4739	
1545	1	1.69	1.69	0.4539	
1546	1	1.67	1.67	0.4611	
1547	1	1.66	1.66	0.4244	
1548	1	1.69	1.69	0.4139	
1549	1	1.69	1.69	0.3939	
1550	1	1.67	1.67	0.4211	
1551	1	1.68	1.68	0.4376	
1552	1	1.75	1.75	0.4275	
1553	1	1.76	1.76	0.4224	
1554	1	1.74	1.74	0.4124	
1555	1	1.73	1.73	0.3971	
1556	1	1.71	1.71	0.3659	
1557	1	1.71	1.71	0.3659	
1558	1	1.72	1.72	0.3616	
1559	1	1.73	1.73	0.3971	
1560	1	1.75	1.75	0.4275	
1561	1	1.7	1.7	0.41	
1562	1	1.7	1.7	0.43	
1563	1	1.68	1.68	0.4176	
1564	1	1.69	1.69	0.4139	
1565	1	1.66	1.66	0.3444	
1566	1	1.68	1.68	0.3576	
1567	1	1.7	1.7	0.39	
1568	1	1.7	1.7	0.39	
1569	1	1.74	1.74	0.4124	
1570	1	1.77	1.77	0.3971	
1571	1	1.77	1.77	0.4171	
1572	1	1.8	1.8	0.48	
1573	1	1.76	1.76	0.5024	
1574	1	1.73	1.73	0.4971	
1575	1	1.77	1.77	0.5371	
1576	1	1.77	1.77	0.5371	
1577	1	1.84	1.84	0.5544	
1578	1	1.86	1.86	0.5604	
1579	1	1.96	1.96	0.6184	
1580	1	2.05	2.05	0.6675	
1581	1	2.07	2.07	0.7051	
1582	1	2.07	2.07	0.7451	
1583	1	2.11	2.11	0.7379	
1584	1	2.07	2.07	0.6651	
1585	1	2.07	2.07	0.6651	
1586	1	2.14	2.14	0.6004	
1587	1	2.23	2.23	0.6571	
1588	1	2.26	2.26	0.6124	
1589	1	2.23	2.23	0.6171	
1590	1	2.24	2.24	0.6224	
1591	1	2.26	2.26	0.6724	
1592	1	2.27	2.27	0.6571	
1593	1	2.29	2.29	0.6659	
1594	1	2.24	2.24	0.6624	
1595	1	2.25	2.25	0.6875	
1596	1	2.22	2.22	0.6716	
1597	1	2.24	2.24	0.7024	
1598	1	2.22	2.22	0.7116	
1599	1	2.24	2.24	0.7024	
1600	1	2.2	2.2	0.72	
1601	1	2.16	2.16	0.7744	
1602	1	2.16	2.16	0.8144	
1603	1	2.17	2.17	0.8411	
1604	1	2.19	2.19	0.8339	
1605	1	2.15	2.15	0.8675	
1606	1	2.13	2.13	0.8731	
1607	1	2.13	2.13	0.8731	
1608	1	2.21	2.21	0.8659	
1609	1	2.13	2.13	0.8931	
1610	1	2.1	2.1	0.83	
1611	1	2.19	2.19	0.8739	
1612	1	2.28	2.28	0.8216	
1613	1	2.22	2.22	0.7916	
1614	1	2.21	2.21	0.8859	
1615	1	2.21	2.21	0.8859	
1616	1	2.22	2.22	1.0116	
1617	1	2.23	2.23	0.9771	
1618	1	2.26	2.26	1.0324	
1619	1	2.16	2.16	1.0544	
1620	1	2.12	2.12	1.1256	
1621	1	2.09	2.09	1.1819	
1622	1	2.06	2.06	1.0564	
1623	1	2.1	2.1	1.07	
1624	1	2.11	2.11	1.0179	
1625	1	2.08	2.08	0.9336	
1626	1	2.09	2.09	0.9219	
1627	1	2.11	2.11	0.9779	
1628	1	2.11	2.11	0.9379	
1629	1	1.98	1.98	0.7796	
1630	1	1.98	1.98	0.7796	
1631	1	1.97	1.97	0.7691	
1632	1	1.98	1.98	0.8596	
1633	1	1.95	1.95	0.7875	
1634	1	1.89	1.89	0.7379	
1635	1	1.88	1.88	0.7856	
1636	1	1.87	1.87	0.6731	
1637	1	1.9	1.9	0.75	
1638	1	1.88	1.88	0.7256	
1639	1	1.87	1.87	0.5931	
1640	1	1.85	1.85	0.5275	
1641	1	1.87	1.87	0.5931	
1642	1	1.82	1.82	0.6276	
1643	1	1.9	1.9	0.61	
1644	1	1.89	1.89	0.6579	
1645	1	1.88	1.88	0.6256	
1646	1	1.87	1.87	0.6131	
1647	1	1.89	1.89	0.6179	
1648	1	1.91	1.91	0.6619	
1649	1	1.88	1.88	0.6656	
1650	1	1.93	1.93	0.7251	
1651	1	1.88	1.88	0.6256	
1652	1	1.91	1.91	0.6619	
1653	1	1.89	1.89	0.6379	
1654	1	1.91	1.91	0.6019	
1655	1	1.98	1.98	0.6396	
1656	1	1.86	1.86	0.4804	
1657	1	1.91	1.91	0.5219	
1658	1	1.88	1.88	0.4656	
1659	1	1.86	1.86	0.5204	
1660	1	1.84	1.84	0.4944	
1661	1	1.83	1.83	0.4611	
1662	1	1.86	1.86	0.5404	
1663	1	1.88	1.88	0.6056	
1664	1	1.86	1.86	0.5804	
1665	1	1.89	1.89	0.6179	
1666	1	1.87	1.87	0.6131	
1667	1	1.89	1.89	0.6779	
1668	1	1.89	1.89	0.6779	
1669	1	1.92	1.92	0.8136	
1670	1	1.97	1.97	0.8691	
1671	1	1.97	1.97	0.9091	
1672	1	1.96	1.96	0.8984	
1673	1	2	2	0.88	
1674	1	1.93	1.93	0.8251	
1675	1	1.87	1.87	0.7731	
1676	1	1.86	1.86	0.7204	
1677	1	1.88	1.88	0.7256	
1678	1	1.96	1.96	0.8984	
1679	1	2.04	2.04	0.9784	
1680	1	2.05	2.05	0.9675	
1681	1	2.09	2.09	1.0619	
1682	1	2	2	0.86	
1683	1	2.02	2.02	0.7596	
1684	1	2.01	2.01	0.6899	
1685	1	1.98	1.98	0.6796	
1686	1	1.95	1.95	0.6675	
1687	1	1.9	1.9	0.61	
1688	1	1.96	1.96	0.6784	
1689	1	1.93	1.93	0.7051	
1690	1	1.98	1.98	0.7196	
1691	1	2.02	2.02	0.7396	
1692	1	2.04	2.04	0.6984	
1693	1	2	2	0.68	
1694	1	1.97	1.97	0.6491	
1695	1	1.93	1.93	0.7051	
1696	1	2	2	0.8	
1697	1	2.04	2.04	0.8184	
1698	1	2.03	2.03	0.8091	
1699	1	1.98	1.98	0.8396	
1700	1	1.96	1.96	0.7584	
1701	1	1.96	1.96	0.7984	
1702	1	1.94	1.94	0.7964	
1703	1	1.89	1.89	0.7579	
1704	1	1.9	1.9	0.79	
1705	1	1.88	1.88	0.7456	
1706	1	1.88	1.88	0.7456	
1707	1	1.92	1.92	0.7736	
1708	1	1.9	1.9	0.81	
1709	1	1.91	1.91	0.8619	
1710	1	1.9	1.9	0.83	
1711	1	1.94	1.94	0.8564	
1712	1	1.91	1.91	0.8219	
1713	1	1.91	1.91	0.8019	
1714	1	1.95	1.95	0.8675	
1715	1	1.96	1.96	0.9184	
1716	1	2.01	2.01	0.9099	
1717	1	2.09	2.09	0.9819	
1718	1	2.12	2.12	1.0256	
1719	1	2.22	2.22	1.1516	
1720	1	2.27	2.27	1.1971	
1721	1	2.31	2.31	1.0939	
1722	1	2.46	2.46	1.3084	
1723	1	2.4	2.4	1.24	
1724	1	2.3	2.3	1.35	
1725	1	2.31	2.31	1.2339	
1726	1	2.3	2.3	1.31	
1727	1	2.36	2.36	1.3504	
1728	1	2.32	2.32	1.2976	
1729	1	2.29	2.29	1.2859	
1730	1	2.24	2.24	1.2824	
1731	1	2.18	2.18	1.2476	
1732	1	2.22	2.22	1.1916	
1733	1	2.28	2.28	1.2016	
1734	1	2.21	2.21	1.1459	
1735	1	2.18	2.18	1.1676	
1736	1	2.19	2.19	1.1539	
1737	1	2.19	2.19	1.1139	
1738	1	2.2	2.2	1.14	
1739	1	2.21	2.21	1.1859	
1740	1	2.18	2.18	1.0876	
1741	1	2.14	2.14	1.0604	
1742	1	2.22	2.22	1.0916	
1743	1	2.21	2.21	1.0459	
1744	1	2.21	2.21	1.0659	
1745	1	2.25	2.25	1.1875	
1746	1	2.4	2.4	1.26	
1747	1	2.37	2.37	1.2131	
1748	1	2.35	2.35	1.2475	
1749	1	2.39	2.39	1.1979	
1750	1	2.4	2.4	1.16	
1751	1	2.36	2.36	1.0904	
1752	1	2.33	2.33	1.0411	
1753	1	2.33	2.33	1.0211	
1754	1	2.39	2.39	1.0579	
1755	1	2.4	2.4	1.04	
1756	1	2.4	2.4	0.96	
1757	1	2.38	2.38	0.9356	
1758	1	2.44	2.44	0.9464	
1759	1	2.41	2.41	0.9819	
1760	1	2.4	2.4	0.92	
1761	1	2.54	2.54	1.0284	
1762	1	2.57	2.57	0.9651	
1763	1	2.59	2.59	1.1019	
1764	1	2.5	2.5	1.09	
1765	1	2.3	2.3	1.17	
1766	1	2.29	2.29	1.2459	
1767	1	2.38	2.38	1.4156	
1768	1	2.36	2.36	1.3704	
1769	1	2.37	2.37	1.4131	
1770	1	2.32	2.32	1.3176	
1771	1	2.28	2.28	1.3616	
1772	1	2.32	2.32	1.2776	
1773	1	2.36	2.36	1.4504	
1774	1	2.22	2.22	1.1716	
1775	1	2.17	2.17	1.1011	
1776	1	2.23	2.23	1.1371	
1777	1	2.23	2.23	1.0171	
1778	1	2.24	2.24	1.1424	
1779	1	2.24	2.24	1.2024	
1780	1	2.25	2.25	1.1475	
1781	1	2.18	2.18	0.9676	
1782	1	2.18	2.18	0.9876	
1783	1	2.19	2.19	1.1139	
1784	1	2.18	2.18	1.2076	
1785	1	2.19	2.19	1.2739	
1786	1	2.29	2.29	1.3059	
1787	1	2.28	2.28	1.2816	
1788	1	2.26	2.26	1.1924	
1789	1	2.23	2.23	1.1971	
1790	1	2.26	2.26	1.1724	
1791	1	2.23	2.23	1.0771	
1792	1	2.15	2.15	1.0275	
1793	1	2.12	2.12	1.0856	
1794	1	2.04	2.04	0.9384	
1795	1	2.04	2.04	0.9184	
1796	1	1.92	1.92	0.7936	
1797	1	1.93	1.93	0.7651	
1798	1	1.9	1.9	0.77	
1799	1	1.86	1.86	0.7804	
1800	1	1.83	1.83	0.7811	
1801	1	1.8	1.8	0.78	
1802	1	1.8	1.8	0.78	
1803	1	1.8	1.8	0.7	
1804	1	1.8	1.8	0.7	
1805	1	1.84	1.84	0.6744	
1806	1	1.86	1.86	0.7604	
1807	1	1.94	1.94	0.7564	
1808	1	1.94	1.94	0.7564	
1809	1	1.93	1.93	0.7451	
1810	1	1.96	1.96	0.6984	
1811	1	1.92	1.92	0.6736	
1812	1	1.9	1.9	0.71	
1813	1	1.87	1.87	0.7331	
1814	1	1.86	1.86	0.6404	
1815	1	1.85	1.85	0.6675	
1816	1	1.85	1.85	0.6675	
1817	1	1.84	1.84	0.6544	
1818	1	1.87	1.87	0.7931	
1819	1	1.92	1.92	0.9136	
1820	1	1.95	1.95	0.9875	
1821	1	2	2	1.06	
1822	1	2	2	1.04	
1823	1	1.92	1.92	0.9936	
1824	1	1.87	1.87	0.9131	
1825	1	1.85	1.85	0.9275	
1826	1	1.87	1.87	0.9531	
1827	1	1.86	1.86	0.9804	
1828	1	1.77	1.77	0.8571	
1829	1	1.76	1.76	0.8624	
1830	1	1.76	1.76	0.9424	
1831	1	1.78	1.78	0.8316	
1832	1	1.81	1.81	0.8739	
1833	1	1.8	1.8	0.82	
1834	1	1.8	1.8	0.94	
1835	1	1.78	1.78	0.8916	
1836	1	1.77	1.77	0.9371	
1837	1	1.78	1.78	1.0316	
1838	1	1.82	1.82	1.1476	
1839	1	1.75	1.75	1.1075	
1840	1	1.7	1.7	1.07	
1841	1	1.71	1.71	1.1059	
1842	1	1.8	1.8	1.24	
1843	1	1.8	1.8	1.16	
1844	1	1.78	1.78	1.2316	
1845	1	1.81	1.81	1.2739	
1846	1	1.75	1.75	1.1875	
1847	1	1.64	1.64	0.9104	
1848	1	1.62	1.62	0.9156	
1849	1	1.57	1.57	0.7651	
1850	1	1.57	1.57	0.7251	
1851	1	1.59	1.59	0.7419	
1852	1	1.55	1.55	0.6875	
1853	1	1.59	1.59	0.7219	
1854	1	1.61	1.61	0.7379	
1855	1	1.6	1.6	0.7	
1856	1	1.62	1.62	0.6956	
1857	1	1.67	1.67	0.6611	
1858	1	1.67	1.67	0.6011	
1859	1	1.68	1.68	0.5576	
1860	1	1.69	1.69	0.5939	
1861	1	1.71	1.71	0.5859	
1862	1	1.69	1.69	0.6139	
1863	1	1.65	1.65	0.5675	
1864	1	1.65	1.65	0.5875	
1865	1	1.61	1.61	0.5579	
1866	1	1.58	1.58	0.5636	
1867	1	1.6	1.6	0.56	
1868	1	1.57	1.57	0.5051	
1869	1	1.64	1.64	0.5304	
1870	1	1.69	1.69	0.5939	
1871	1	1.6	1.6	0.52	
1872	1	1.63	1.63	0.4731	
1873	1	1.61	1.61	0.4779	
1874	1	1.57	1.57	0.4651	
1875	1	1.57	1.57	0.4851	
1876	1	1.57	1.57	0.5251	
1877	1	1.64	1.64	0.6704	
1878	1	1.63	1.63	0.5731	
1879	1	1.68	1.68	0.7376	
1880	1	1.69	1.69	0.8739	
1881	1	1.64	1.64	0.7104	
1882	1	1.71	1.71	0.7059	
1883	1	1.72	1.72	0.6816	
1884	1	1.78	1.78	0.8516	
1885	1	1.75	1.75	0.8475	
1886	1	1.82	1.82	0.8676	
1887	1	1.82	1.82	0.9676	
1888	1	1.8	1.8	1.14	
1889	1	1.83	1.83	1.3411	
1890	1	1.79	1.79	1.1859	
1891	1	1.82	1.82	1.1676	
1892	1	1.95	1.95	1.3875	
1893	1	1.96	1.96	1.5584	
1894	1	1.98	1.98	1.5396	
1895	1	2.15	2.15	1.8275	
1896	1	2.09	2.09	1.6819	
1897	1	2	2	1.62	
1898	1	1.96	1.96	1.4784	
1899	1	1.98	1.98	1.6196	
1900	1	2.01	2.01	1.4699	
1901	1	1.98	1.98	1.3996	
1902	1	2.03	2.03	1.4291	
1903	1	1.96	1.96	1.3984	
1904	1	1.99	1.99	1.5699	
1905	1	2.08	2.08	1.5936	
1906	1	2.1	2.1	1.47	
1907	1	2.1	2.1	1.41	
1908	1	2.07	2.07	1.2251	
1909	1	2.04	2.04	1.1384	
1910	1	1.88	1.88	0.6656	
1911	1	1.85	1.85	0.5875	
1912	1	1.86	1.86	0.5604	
1913	1	1.82	1.82	0.4476	
1914	1	1.81	1.81	0.4139	
1915	1	1.79	1.79	0.5659	
1916	1	1.8	1.8	0.6	
1917	1	1.76	1.76	0.5424	
1918	1	1.72	1.72	0.5416	
1919	1	1.71	1.71	0.5659	
1920	1	1.67	1.67	0.5611	
1921	1	1.72	1.72	0.5616	
1922	1	1.74	1.74	0.6124	
1923	1	1.79	1.79	0.6659	
1924	1	1.8	1.8	0.64	
1925	1	1.75	1.75	0.6075	
1926	1	1.85	1.85	0.6475	
1927	1	1.88	1.88	0.6056	
1928	1	1.86	1.86	0.5204	
1929	1	1.79	1.79	0.4659	
1930	1	1.88	1.88	0.4856	
1931	1	1.89	1.89	0.5379	
1932	1	1.92	1.92	0.6736	
1933	1	1.95	1.95	0.7475	
1934	1	1.87	1.87	0.6131	
1935	1	1.79	1.79	0.4859	
1936	1	1.89	1.89	0.4779	
1937	1	1.94	1.94	0.5164	
1938	1	1.96	1.96	0.5584	
1939	1	1.92	1.92	0.5736	
1940	1	1.89	1.89	0.5979	
1941	1	1.84	1.84	0.6544	
1942	1	1.86	1.86	0.7604	
1943	1	1.86	1.86	0.8604	
1944	1	1.9	1.9	1.03	
1945	1	1.83	1.83	0.9411	
1946	1	1.92	1.92	1.0536	
1947	1	1.9	1.9	0.97	
1948	1	1.87	1.87	0.8931	
1949	1	1.92	1.92	0.9736	
1950	1	1.9	1.9	1.03	
1951	1	1.92	1.92	1.0736	
1952	1	1.88	1.88	1.0256	
1953	1	1.98	1.98	1.0996	
1954	1	1.92	1.92	0.9936	
1955	1	2.08	2.08	1.1936	
1956	1	1.99	1.99	1.0699	
1957	1	1.96	1.96	1.0984	
1958	1	1.9	1.9	1.05	
1959	1	1.82	1.82	0.9276	
1960	1	1.78	1.78	0.9316	
1961	1	1.8	1.8	0.98	
1962	1	1.8	1.8	1.04	
1963	1	1.81	1.81	1.0539	
1964	1	1.86	1.86	1.1604	
1965	1	1.78	1.78	1.0716	
1966	1	1.77	1.77	1.1171	
1967	1	1.73	1.73	0.9371	
1968	1	1.72	1.72	0.9416	
1969	1	1.68	1.68	0.8376	
1970	1	1.66	1.66	0.7844	
1971	1	1.64	1.64	0.7104	
1972	1	1.68	1.68	0.7776	
1973	1	1.56	1.56	0.6464	
1974	1	1.47	1.47	0.4091	
1975	1	1.44	1.44	0.3464	
1976	1	1.47	1.47	0.3291	
1977	1	1.42	1.42	0.2836	
1978	1	1.4	1.4	0.3	
1979	1	1.39	1.39	0.2779	
1980	1	1.37	1.37	0.2731	
1981	1	1.4	1.4	0.3	
1982	1	1.41	1.41	0.2819	
1983	1	1.46	1.46	0.3084	
1984	1	1.51	1.51	0.3499	
1985	1	1.54	1.54	0.3884	
1986	1	1.61	1.61	0.4379	
1987	1	1.65	1.65	0.4475	
1988	1	1.68	1.68	0.4376	
1989	1	1.63	1.63	0.3931	
1990	1	1.68	1.68	0.3576	
1991	1	1.63	1.63	0.3931	
1992	1	1.66	1.66	0.3444	
1993	1	1.66	1.66	0.3844	
1994	1	1.62	1.62	0.3956	
1995	1	1.66	1.66	0.3644	
1996	1	1.7	1.7	0.41	
1997	1	1.69	1.69	0.3939	
1998	1	1.67	1.67	0.3611	
1999	1	1.68	1.68	0.3776	
2000	1	1.72	1.72	0.3816	
