# mu = 0.01, s = 0.001, trials requested = 1, runtime = 0:00:08
# "Time"	"Actual trials"	"Mean mutation"	"Average mean mutation"	"Average mutation variance"
0	1	0	0	0	
1	1	0.02	0.02	0.0196	
2	1	0.02	0.02	0.0196	
3	1	0.03	0.03	0.0291	
4	1	0.08	0.08	0.0736	
5	1	0.07	0.07	0.0651	
6	1	0.1	0.1	0.09	
7	1	0.09	0.09	0.0819	
8	1	0.11	0.11	0.0979	
9	1	0.12	0.12	0.1056	
10	1	0.1	0.1	0.09	
11	1	0.1	0.1	0.09	
12	1	0.15	0.15	0.1275	
13	1	0.23	0.23	0.1771	
14	1	0.29	0.29	0.2059	
15	1	0.41	0.41	0.2419	
16	1	0.38	0.38	0.2756	
17	1	0.4	0.4	0.28	
18	1	0.38	0.38	0.2756	
19	1	0.43	0.43	0.2851	
20	1	0.48	0.48	0.3696	
21	1	0.55	0.55	0.4275	
22	1	0.53	0.53	0.4291	
23	1	0.54	0.54	0.4684	
24	1	0.58	0.58	0.5436	
25	1	0.65	0.65	0.5675	
26	1	0.62	0.62	0.6156	
27	1	0.61	0.61	0.6379	
28	1	0.66	0.66	0.6444	
29	1	0.72	0.72	0.6616	
30	1	0.73	0.73	0.6371	
31	1	0.73	0.73	0.6571	
32	1	0.76	0.76	0.7024	
33	1	0.7	0.7	0.69	
34	1	0.72	0.72	0.6816	
35	1	0.8	0.8	0.78	
36	1	0.71	0.71	0.7459	
37	1	0.75	0.75	0.7275	
38	1	0.78	0.78	0.7516	
39	1	0.69	0.69	0.7139	
40	1	0.68	0.68	0.7176	
41	1	0.7	0.7	0.75	
42	1	0.7	0.7	0.71	
43	1	0.75	0.75	0.7475	
44	1	0.77	0.77	0.7171	
45	1	0.78	0.78	0.7116	
46	1	0.84	0.84	0.7344	
47	1	0.94	0.94	0.7564	
48	1	0.88	0.88	0.7656	
49	1	0.84	0.84	0.7344	
50	1	0.88	0.88	0.7256	
51	1	0.93	0.93	0.7251	
52	1	0.97	0.97	0.8091	
53	1	0.92	0.92	0.7936	
54	1	0.95	0.95	0.8275	
55	1	0.93	0.93	0.8451	
56	1	0.89	0.89	0.8379	
57	1	0.98	0.98	0.9396	
58	1	1.03	1.03	1.0291	
59	1	1.04	1.04	1.0184	
60	1	1.05	1.05	1.1875	
61	1	1.1	1.1	1.35	
62	1	1.15	1.15	1.4875	
63	1	1.15	1.15	1.5475	
64	1	1.03	1.03	1.4291	
65	1	1.02	1.02	1.3796	
66	1	0.92	0.92	1.2736	
67	1	0.92	0.92	1.3336	
68	1	0.88	0.88	1.2456	
69	1	0.94	0.94	1.3364	
70	1	0.94	0.94	1.4564	
71	1	1.03	1.03	1.5091	
72	1	1	1	1.3	
73	1	1	1	1.3	
74	1	1.07	1.07	1.4251	
75	1	1.04	1.04	1.6384	
76	1	0.94	0.94	1.4164	
77	1	0.78	0.78	1.1516	
78	1	0.87	0.87	1.1731	
79	1	0.81	0.81	1.1339	
80	1	0.91	0.91	1.2619	
81	1	0.87	0.87	1.2531	
82	1	0.84	0.84	1.1144	
83	1	0.92	0.92	1.1536	
84	1	0.92	0.92	1.0336	
85	1	0.92	0.92	0.9936	
86	1	0.98	0.98	1.1996	
87	1	0.88	0.88	0.9256	
88	1	0.83	0.83	0.8211	
89	1	0.94	0.94	0.9164	
90	1	0.95	0.95	0.8675	
91	1	1.02	1.02	0.9196	
92	1	1.02	1.02	0.8596	
93	1	1.06	1.06	0.9164	
94	1	1.11	1.11	0.9179	
95	1	1.11	1.11	0.8979	
96	1	1.1	1.1	0.93	
97	1	1.11	1.11	1.1179	
98	1	1.09	1.09	1.0819	
99	1	1.12	1.12	0.9656	
100	1	1.08	1.08	0.8736	
101	1	1.07	1.07	0.8851	
102	1	1.12	1.12	1.0056	
103	1	1.2	1.2	1.1	
104	1	1.15	1.15	1.0675	
105	1	1.2	1.2	1.04	
106	1	1.18	1.18	0.9676	
107	1	1.25	1.25	1.2075	
108	1	1.26	1.26	1.2324	
109	1	1.2	1.2	0.96	
110	1	1.17	1.17	0.8011	
111	1	1.28	1.28	0.8616	
112	1	1.19	1.19	0.6939	
113	1	1.19	1.19	0.6939	
114	1	1.19	1.19	0.7139	
115	1	1.14	1.14	0.7804	
116	1	1.17	1.17	0.9011	
117	1	1.21	1.21	1.0459	
118	1	1.26	1.26	0.9724	
119	1	1.18	1.18	1.0476	
120	1	1.13	1.13	0.7531	
121	1	1.12	1.12	0.6256	
122	1	1.14	1.14	0.7604	
123	1	1.13	1.13	0.7331	
124	1	1.13	1.13	0.8131	
125	1	1.15	1.15	0.8475	
126	1	1.19	1.19	0.9339	
127	1	1.22	1.22	0.9916	
128	1	1.15	1.15	0.9875	
129	1	1.13	1.13	0.9331	
130	1	1.1	1.1	1.05	
131	1	1.13	1.13	1.0531	
132	1	1.18	1.18	1.0076	
133	1	1.23	1.23	1.0771	
134	1	1.24	1.24	1.0224	
135	1	1.28	1.28	1.0016	
136	1	1.29	1.29	1.0859	
137	1	1.2	1.2	1.06	
138	1	1.17	1.17	1.0011	
139	1	1.14	1.14	1.0604	
140	1	1.19	1.19	1.0339	
141	1	1.17	1.17	1.1011	
142	1	1.18	1.18	1.0876	
143	1	1.19	1.19	1.0739	
144	1	1.18	1.18	1.0676	
145	1	1.17	1.17	1.0811	
146	1	1.16	1.16	1.0944	
147	1	1.19	1.19	1.0739	
148	1	1.21	1.21	1.0659	
149	1	1.22	1.22	1.1916	
150	1	1.2	1.2	1.22	
151	1	1.28	1.28	1.3416	
152	1	1.32	1.32	1.5176	
153	1	1.37	1.37	1.5531	
154	1	1.4	1.4	1.6	
155	1	1.37	1.37	1.4931	
156	1	1.4	1.4	1.52	
157	1	1.45	1.45	1.6675	
158	1	1.46	1.46	1.6884	
159	1	1.51	1.51	1.6499	
160	1	1.52	1.52	1.7496	
161	1	1.52	1.52	1.8296	
162	1	1.54	1.54	2.0284	
163	1	1.56	1.56	2.0464	
164	1	1.66	1.66	2.1444	
165	1	1.65	1.65	2.1475	
166	1	1.67	1.67	2.1011	
167	1	1.84	1.84	2.3344	
168	1	1.84	1.84	2.4544	
169	1	1.76	1.76	2.2824	
170	1	1.81	1.81	2.3139	
171	1	1.79	1.79	2.4259	
172	1	1.79	1.79	2.4259	
173	1	1.73	1.73	2.4371	
174	1	1.63	1.63	2.4931	
175	1	1.58	1.58	2.4036	
176	1	1.71	1.71	2.4259	
177	1	1.77	1.77	2.3971	
178	1	1.74	1.74	2.4724	
179	1	1.79	1.79	2.5659	
180	1	1.78	1.78	2.5516	
181	1	1.83	1.83	2.6011	
182	1	1.82	1.82	2.5676	
183	1	1.79	1.79	2.7059	
184	1	1.85	1.85	2.7875	
185	1	1.8	1.8	2.74	
186	1	1.8	1.8	2.72	
187	1	1.74	1.74	2.6724	
188	1	1.79	1.79	2.6459	
189	1	1.8	1.8	2.7	
190	1	1.84	1.84	2.7744	
191	1	1.82	1.82	2.8276	
192	1	1.79	1.79	2.7659	
193	1	1.68	1.68	2.6776	
194	1	1.68	1.68	2.6776	
195	1	1.63	1.63	2.6331	
196	1	1.62	1.62	2.5756	
197	1	1.69	1.69	2.5139	
198	1	1.76	1.76	2.6624	
199	1	1.8	1.8	2.68	
200	1	1.75	1.75	2.7475	
201	1	1.71	1.71	2.7459	
202	1	1.72	1.72	2.8016	
203	1	1.67	1.67	2.7411	
204	1	1.66	1.66	2.8644	
205	1	1.74	1.74	3.2124	
206	1	1.67	1.67	2.8211	
207	1	1.62	1.62	2.7356	
208	1	1.61	1.61	2.6379	
209	1	1.73	1.73	2.5971	
210	1	1.71	1.71	2.6459	
211	1	1.67	1.67	2.6211	
212	1	1.65	1.65	2.5475	
213	1	1.63	1.63	2.5531	
214	1	1.66	1.66	2.7044	
215	1	1.69	1.69	2.8939	
216	1	1.63	1.63	2.9931	
217	1	1.63	1.63	3.0931	
218	1	1.63	1.63	3.1131	
219	1	1.73	1.73	3.2171	
220	1	1.76	1.76	3.2024	
221	1	1.73	1.73	3.2971	
222	1	1.72	1.72	3.3216	
223	1	1.64	1.64	3.1504	
224	1	1.69	1.69	3.3339	
225	1	1.8	1.8	3.4	
226	1	1.77	1.77	3.2571	
227	1	1.85	1.85	3.3675	
228	1	1.87	1.87	3.4531	
229	1	1.82	1.82	3.5876	
230	1	1.77	1.77	3.3771	
231	1	1.88	1.88	3.3256	
232	1	1.93	1.93	3.5851	
233	1	1.97	1.97	3.8291	
234	1	1.99	1.99	4.0299	
235	1	2.07	2.07	4.2051	
236	1	2.04	2.04	4.2784	
237	1	2.09	2.09	4.3819	
238	1	2.17	2.17	4.5411	
239	1	2.29	2.29	4.7059	
240	1	2.34	2.34	4.6644	
241	1	2.37	2.37	4.6931	
242	1	2.43	2.43	4.7251	
243	1	2.38	2.38	4.5556	
244	1	2.4	2.4	4.46	
245	1	2.29	2.29	4.6659	
246	1	2.31	2.31	4.6539	
247	1	2.25	2.25	4.6675	
248	1	2.26	2.26	4.7324	
249	1	2.17	2.17	4.7211	
250	1	2.15	2.15	4.8075	
251	1	2.1	2.1	5.01	
252	1	2.04	2.04	4.7984	
253	1	2.2	2.2	4.96	
254	1	2.24	2.24	5.0624	
255	1	2.28	2.28	4.9616	
256	1	2.19	2.19	4.7939	
257	1	2.27	2.27	4.8371	
258	1	2.24	2.24	4.7424	
259	1	2.37	2.37	4.7931	
260	1	2.39	2.39	4.7579	
261	1	2.47	2.47	4.7291	
262	1	2.32	2.32	4.6976	
263	1	2.52	2.52	4.8896	
264	1	2.52	2.52	4.7896	
265	1	2.44	2.44	4.7064	
266	1	2.47	2.47	4.7691	
267	1	2.46	2.46	4.8084	
268	1	2.5	2.5	4.85	
269	1	2.51	2.51	4.8699	
270	1	2.56	2.56	4.9464	
271	1	2.62	2.62	4.9356	
272	1	2.65	2.65	4.9075	
273	1	2.77	2.77	5.0771	
274	1	2.75	2.75	4.8675	
275	1	2.7	2.7	4.91	
276	1	2.59	2.59	4.7819	
277	1	2.57	2.57	4.6851	
278	1	2.6	2.6	4.72	
279	1	2.63	2.63	4.6531	
280	1	2.61	2.61	4.7379	
281	1	2.68	2.68	4.8376	
282	1	2.62	2.62	4.6156	
283	1	2.54	2.54	4.6684	
284	1	2.6	2.6	4.66	
285	1	2.56	2.56	4.5064	
286	1	2.6	2.6	4.56	
287	1	2.74	2.74	4.6124	
288	1	2.77	2.77	4.6171	
289	1	2.69	2.69	4.5139	
290	1	2.76	2.76	4.4824	
291	1	2.73	2.73	4.5971	
292	1	2.86	2.86	4.8404	
293	1	2.86	2.86	4.7404	
294	1	3.04	3.04	4.9184	
295	1	2.97	2.97	4.8891	
296	1	2.99	2.99	5.3299	
297	1	2.95	2.95	5.4875	
298	1	2.91	2.91	5.5419	
299	1	2.94	2.94	5.2564	
300	1	2.95	2.95	5.3875	
301	1	3.04	3.04	5.4184	
302	1	2.97	2.97	5.5091	
303	1	3.06	3.06	5.5564	
304	1	3.02	3.02	5.6596	
305	1	3.04	3.04	5.7384	
306	1	3.1	3.1	5.61	
307	1	3.1	3.1	5.59	
308	1	3.13	3.13	5.5531	
309	1	3.14	3.14	5.4804	
310	1	3.02	3.02	5.6396	
311	1	3.21	3.21	5.5059	
312	1	3.12	3.12	5.6656	
313	1	3.12	3.12	5.8056	
314	1	3	3	5.86	
315	1	3.02	3.02	5.7596	
316	1	3.02	3.02	5.7796	
317	1	3.07	3.07	5.7051	
318	1	3.06	3.06	5.6364	
319	1	3.1	3.1	5.63	
320	1	3.13	3.13	5.4131	
321	1	3.08	3.08	5.4736	
322	1	3.1	3.1	5.51	
323	1	3.07	3.07	5.3251	
324	1	3.13	3.13	5.3531	
325	1	3.14	3.14	5.2004	
326	1	3.11	3.11	5.1979	
327	1	3.07	3.07	5.2851	
328	1	3.17	3.17	5.2811	
329	1	3.25	3.25	5.4875	
330	1	3.32	3.32	5.2376	
331	1	3.32	3.32	5.4576	
332	1	3.24	3.24	5.4224	
333	1	3.49	3.49	5.1099	
334	1	3.62	3.62	4.9156	
335	1	3.73	3.73	4.6771	
336	1	3.77	3.77	4.7371	
337	1	3.77	3.77	4.6571	
338	1	3.65	3.65	4.8275	
339	1	3.63	3.63	4.9531	
340	1	3.54	3.54	5.3884	
341	1	3.61	3.61	5.1579	
342	1	3.67	3.67	4.9211	
343	1	3.62	3.62	4.9156	
344	1	3.62	3.62	4.9156	
345	1	3.56	3.56	5.0464	
346	1	3.57	3.57	4.9251	
347	1	3.45	3.45	5.0675	
348	1	3.54	3.54	4.9084	
349	1	3.55	3.55	4.8075	
350	1	3.48	3.48	4.7896	
351	1	3.55	3.55	4.7075	
352	1	3.69	3.69	4.4139	
353	1	3.78	3.78	4.3116	
354	1	3.9	3.9	3.97	
355	1	3.93	3.93	3.8451	
356	1	3.82	3.82	4.2076	
357	1	3.88	3.88	4.1056	
358	1	3.84	3.84	4.2944	
359	1	3.78	3.78	4.6516	
360	1	3.82	3.82	4.5876	
361	1	3.86	3.86	4.5604	
362	1	3.83	3.83	4.8211	
363	1	3.71	3.71	4.7059	
364	1	3.67	3.67	4.7611	
365	1	3.69	3.69	4.7139	
366	1	3.7	3.7	4.79	
367	1	3.57	3.57	5.1451	
368	1	3.6	3.6	5.12	
369	1	3.6	3.6	5.06	
370	1	3.67	3.67	4.6611	
371	1	3.6	3.6	4.72	
372	1	3.59	3.59	4.9419	
373	1	3.52	3.52	5.2696	
374	1	3.74	3.74	4.9324	
375	1	3.64	3.64	5.1304	
376	1	3.61	3.61	4.8379	
377	1	3.59	3.59	4.7819	
378	1	3.66	3.66	4.5444	
379	1	3.57	3.57	4.6851	
380	1	3.55	3.55	4.9075	
381	1	3.54	3.54	5.0684	
382	1	3.63	3.63	5.0331	
383	1	3.62	3.62	5.1956	
384	1	3.62	3.62	5.3156	
385	1	3.63	3.63	5.2131	
386	1	3.63	3.63	5.4531	
387	1	3.89	3.89	5.0379	
388	1	4.04	4.04	5.1384	
389	1	4.04	4.04	5.7784	
390	1	3.98	3.98	5.3996	
391	1	3.9	3.9	5.39	
392	1	3.97	3.97	5.2491	
393	1	3.83	3.83	4.9611	
394	1	4	4	4.94	
395	1	4.13	4.13	4.9531	
396	1	4.14	4.14	4.9604	
397	1	4.17	4.17	5.6011	
398	1	4.37	4.37	5.2531	
399	1	4.31	4.31	5.5139	
400	1	4.2	4.2	5.18	
401	1	4.14	4.14	5.4604	
402	1	4.05	4.05	5.5875	
403	1	4.01	4.01	5.6499	
404	1	3.99	3.99	5.6299	
405	1	4.04	4.04	5.6184	
406	1	4.08	4.08	5.5736	
407	1	4.1	4.1	5.71	
408	1	4.17	4.17	5.7611	
409	1	4.13	4.13	5.7531	
410	1	4.24	4.24	5.2424	
411	1	4.33	4.33	5.1211	
412	1	4.31	4.31	5.1739	
413	1	4.25	4.25	5.2075	
414	1	4.34	4.34	5.1444	
415	1	4.39	4.39	5.2179	
416	1	4.33	4.33	5.2411	
417	1	4.28	4.28	5.1616	
418	1	4.31	4.31	4.9939	
419	1	4.5	4.5	5.01	
420	1	4.6	4.6	4.76	
421	1	4.54	4.54	5.0084	
422	1	4.58	4.58	5.0636	
423	1	4.58	4.58	4.8036	
424	1	4.55	4.55	5.0275	
425	1	4.45	4.45	4.9075	
426	1	4.45	4.45	5.1075	
427	1	4.42	4.42	5.3836	
428	1	4.48	4.48	5.3696	
429	1	4.36	4.36	5.4104	
430	1	4.6	4.6	4.84	
431	1	4.45	4.45	4.6675	
432	1	4.4	4.4	4.62	
433	1	4.41	4.41	4.8819	
434	1	4.53	4.53	4.9691	
435	1	4.55	4.55	4.9475	
436	1	4.56	4.56	4.9664	
437	1	4.48	4.48	4.3296	
438	1	4.51	4.51	4.5299	
439	1	4.42	4.42	4.5436	
440	1	4.35	4.35	4.5275	
441	1	4.45	4.45	4.2875	
442	1	4.44	4.44	4.1464	
443	1	4.46	4.46	4.3484	
444	1	4.35	4.35	4.4075	
445	1	4.47	4.47	4.3291	
446	1	4.43	4.43	4.3251	
447	1	4.32	4.32	4.9976	
448	1	4.36	4.36	5.1704	
449	1	4.28	4.28	5.1616	
450	1	4.38	4.38	4.8956	
451	1	4.47	4.47	4.8891	
452	1	4.68	4.68	4.4976	
453	1	4.58	4.58	4.9436	
454	1	4.61	4.61	4.9779	
455	1	4.62	4.62	5.0756	
456	1	4.61	4.61	5.3779	
457	1	4.63	4.63	4.9131	
458	1	4.7	4.7	4.79	
459	1	4.67	4.67	4.5411	
460	1	4.91	4.91	3.8219	
461	1	4.82	4.82	3.9476	
462	1	4.72	4.72	3.8016	
463	1	4.76	4.76	3.4024	
464	1	4.91	4.91	2.7619	
465	1	4.78	4.78	3.0116	
466	1	4.73	4.73	3.3371	
467	1	4.82	4.82	3.2276	
468	1	4.82	4.82	3.3276	
469	1	4.81	4.81	3.4139	
470	1	4.88	4.88	3.3656	
471	1	4.91	4.91	3.8219	
472	1	4.78	4.78	4.6116	
473	1	4.96	4.96	3.7184	
474	1	5	5	3.7	
475	1	5.06	5.06	3.0364	
476	1	5.03	5.03	2.6491	
477	1	4.89	4.89	2.8779	
478	1	4.83	4.83	3.3411	
479	1	4.81	4.81	3.5739	
480	1	4.74	4.74	3.9324	
481	1	4.85	4.85	3.6475	
482	1	4.57	4.57	3.6051	
483	1	4.4	4.4	4.16	
484	1	4.42	4.42	4.6836	
485	1	4.52	4.52	4.5496	
486	1	4.64	4.64	4.4104	
487	1	4.82	4.82	3.4076	
488	1	4.68	4.68	3.4576	
489	1	4.66	4.66	4.1044	
490	1	4.64	4.64	3.8104	
491	1	4.63	4.63	4.4931	
492	1	4.54	4.54	4.7284	
493	1	4.55	4.55	4.8675	
494	1	4.55	4.55	4.7275	
495	1	4.6	4.6	5.12	
496	1	4.83	4.83	4.7011	
497	1	4.79	4.79	4.6259	
498	1	4.86	4.86	4.7804	
499	1	4.9	4.9	5.25	
500	1	5.05	5.05	4.9875	
501	1	5.18	5.18	4.7476	
502	1	5.19	5.19	4.3739	
503	1	5.24	5.24	4.1424	
504	1	5.17	5.17	5.2411	
505	1	5.23	5.23	5.7771	
506	1	5.31	5.31	5.1539	
507	1	5.13	5.13	5.9731	
508	1	5.19	5.19	6.4539	
509	1	5.15	5.15	7.0475	
510	1	5.4	5.4	6.4	
511	1	5.43	5.43	6.9451	
512	1	5.47	5.47	6.8691	
513	1	5.37	5.37	7.0931	
514	1	5.22	5.22	6.8716	
515	1	5.23	5.23	7.2171	
516	1	5.16	5.16	7.8944	
517	1	5.34	5.34	7.9044	
518	1	5.38	5.38	7.6556	
519	1	5.3	5.3	7.73	
520	1	5.45	5.45	7.9475	
521	1	5.08	5.08	9.5536	
522	1	5.02	5.02	10.2996	
523	1	5.09	5.09	10.3019	
524	1	5.2	5.2	9.78	
525	1	5.33	5.33	9.2211	
526	1	5.45	5.45	9.0875	
527	1	5.3	5.3	9.47	
528	1	5.45	5.45	10.5075	
529	1	5.4	5.4	11.42	
530	1	5.37	5.37	11.6131	
531	1	5.34	5.34	11.5044	
532	1	5.46	5.46	11.8284	
533	1	5.59	5.59	12.1619	
534	1	5.54	5.54	12.0084	
535	1	5.49	5.49	11.8499	
536	1	5.54	5.54	11.8084	
537	1	5.6	5.6	11.88	
538	1	5.64	5.64	12.1704	
539	1	5.57	5.57	11.6651	
540	1	5.59	5.59	13.1419	
541	1	5.7	5.7	13.13	
542	1	5.71	5.71	13.4859	
543	1	5.72	5.72	12.5416	
544	1	5.75	5.75	11.8675	
545	1	5.72	5.72	12.1816	
546	1	5.59	5.59	12.2019	
547	1	5.64	5.64	11.5704	
548	1	5.71	5.71	11.8059	
549	1	5.76	5.76	11.0424	
550	1	5.78	5.78	11.4516	
551	1	5.7	5.7	11.09	
552	1	5.5	5.5	10.21	
553	1	5.29	5.29	9.4659	
554	1	5.2	5.2	8.96	
555	1	5.21	5.21	8.5859	
556	1	5.19	5.19	8.8139	
557	1	5.15	5.15	8.6475	
558	1	5.43	5.43	8.2051	
559	1	5.42	5.42	8.6236	
560	1	5.2	5.2	9.26	
561	1	5.18	5.18	9.3676	
562	1	5.15	5.15	9.0875	
563	1	5.08	5.08	8.9136	
564	1	5.06	5.06	8.0964	
565	1	5.22	5.22	8.5916	
566	1	5.47	5.47	7.6491	
567	1	5.6	5.6	8.04	
568	1	5.65	5.65	7.3075	
569	1	5.68	5.68	8.0976	
570	1	5.75	5.75	7.0475	
571	1	5.33	5.33	7.1011	
572	1	5.2	5.2	5.66	
573	1	5.28	5.28	5.9816	
574	1	5.44	5.44	6.4664	
575	1	5.36	5.36	5.5104	
576	1	5.39	5.39	4.2379	
577	1	5.38	5.38	4.4156	
578	1	5.33	5.33	4.6411	
579	1	5.4	5.4	5.12	
580	1	5.22	5.22	5.7916	
581	1	5.22	5.22	6.0316	
582	1	5.31	5.31	5.8139	
583	1	5.35	5.35	6.5675	
584	1	5.48	5.48	5.6296	
585	1	5.49	5.49	5.8299	
586	1	5.42	5.42	6.1836	
587	1	5.45	5.45	4.6075	
588	1	5.29	5.29	3.1459	
589	1	5.35	5.35	3.6675	
590	1	5.13	5.13	2.8931	
591	1	5.25	5.25	4.3075	
592	1	5.35	5.35	4.0275	
593	1	5.28	5.28	4.2816	
594	1	5.53	5.53	4.9691	
595	1	5.65	5.65	4.2675	
596	1	5.56	5.56	2.8864	
597	1	5.46	5.46	2.3884	
598	1	5.45	5.45	1.8675	
599	1	5.34	5.34	2.0444	
600	1	5.28	5.28	2.2416	
601	1	5.28	5.28	2.3016	
602	1	5.2	5.2	2.32	
603	1	5.13	5.13	2.4531	
604	1	5.13	5.13	2.5131	
605	1	5.14	5.14	2.5804	
606	1	5.15	5.15	2.4875	
607	1	5.22	5.22	2.5316	
608	1	5.27	5.27	2.6171	
609	1	5.29	5.29	2.5659	
610	1	5.42	5.42	2.4636	
611	1	5.43	5.43	2.4851	
612	1	5.42	5.42	2.6236	
613	1	5.5	5.5	2.75	
614	1	5.51	5.51	2.8299	
615	1	5.46	5.46	2.8484	
616	1	5.46	5.46	2.7684	
617	1	5.35	5.35	2.8475	
618	1	5.4	5.4	2.64	
619	1	5.45	5.45	2.5675	
620	1	5.42	5.42	2.3836	
621	1	5.43	5.43	2.3051	
622	1	5.46	5.46	2.1684	
623	1	5.47	5.47	2.0291	
624	1	5.39	5.39	2.0579	
625	1	5.39	5.39	2.0979	
626	1	5.46	5.46	2.1284	
627	1	5.41	5.41	2.3619	
628	1	5.44	5.44	2.2064	
629	1	5.37	5.37	2.2931	
630	1	5.5	5.5	2.11	
631	1	5.46	5.46	2.0684	
632	1	5.47	5.47	2.1491	
633	1	5.49	5.49	2.0899	
634	1	5.59	5.59	2.1819	
635	1	5.59	5.59	2.3819	
636	1	5.58	5.58	2.3036	
637	1	5.6	5.6	2.64	
638	1	5.7	5.7	2.91	
639	1	5.55	5.55	2.7475	
640	1	5.59	5.59	2.6219	
641	1	5.55	5.55	2.5875	
642	1	5.54	5.54	2.3284	
643	1	5.68	5.68	2.3376	
644	1	5.66	5.66	2.5644	
645	1	5.61	5.61	2.6179	
646	1	5.49	5.49	2.6099	
647	1	5.48	5.48	2.6896	
648	1	5.55	5.55	2.8475	
649	1	5.52	5.52	2.7496	
650	1	5.54	5.54	2.7684	
651	1	5.6	5.6	2.82	
652	1	5.51	5.51	2.8099	
653	1	5.5	5.5	2.67	
654	1	5.41	5.41	2.5219	
655	1	5.41	5.41	2.2219	
656	1	5.26	5.26	2.0924	
657	1	5.2	5.2	2.16	
658	1	5.2	5.2	2.22	
659	1	5.32	5.32	2.1176	
660	1	5.25	5.25	2.1675	
661	1	5.41	5.41	1.9019	
662	1	5.52	5.52	1.5696	
663	1	5.51	5.51	1.3899	
664	1	5.46	5.46	1.5284	
665	1	5.46	5.46	1.4284	
666	1	5.42	5.42	1.6236	
667	1	5.44	5.44	1.5864	
668	1	5.4	5.4	1.62	
669	1	5.52	5.52	1.7296	
670	1	5.57	5.57	1.9451	
671	1	5.48	5.48	1.9296	
672	1	5.48	5.48	1.9896	
673	1	5.52	5.52	1.8496	
674	1	5.64	5.64	1.8704	
675	1	5.57	5.57	1.7251	
676	1	5.64	5.64	1.6104	
677	1	5.59	5.59	1.7219	
678	1	5.61	5.61	1.6779	
679	1	5.53	5.53	1.6691	
680	1	5.52	5.52	1.5496	
681	1	5.51	5.51	1.7699	
682	1	5.47	5.47	1.8891	
683	1	5.39	5.39	1.7979	
684	1	5.33	5.33	1.7811	
685	1	5.37	5.37	1.7731	
686	1	5.31	5.31	1.7139	
687	1	5.26	5.26	1.8324	
688	1	5.23	5.23	1.8371	
689	1	5.18	5.18	1.8676	
690	1	5.22	5.22	1.8116	
691	1	5.32	5.32	1.8976	
692	1	5.29	5.29	2.0259	
693	1	5.22	5.22	1.9716	
694	1	5.09	5.09	1.7619	
695	1	5.02	5.02	1.7396	
696	1	4.98	4.98	1.5996	
697	1	5.07	5.07	1.5251	
698	1	5.16	5.16	1.8144	
699	1	5.13	5.13	2.2331	
700	1	5.09	5.09	2.1619	
701	1	5.11	5.11	2.2979	
702	1	5.23	5.23	2.4771	
703	1	5.22	5.22	2.3716	
704	1	5.25	5.25	2.2275	
705	1	5.31	5.31	2.2339	
706	1	5.19	5.19	2.0539	
707	1	5.1	5.1	1.93	
708	1	5.16	5.16	2.2544	
709	1	5.14	5.14	2.1604	
710	1	5.16	5.16	2.0544	
711	1	5.24	5.24	2.2024	
712	1	5.35	5.35	2.3075	
713	1	5.31	5.31	2.1939	
714	1	5.27	5.27	2.2171	
715	1	5.18	5.18	2.1676	
716	1	5.21	5.21	2.1259	
717	1	5.25	5.25	2.2275	
718	1	5.37	5.37	2.0931	
719	1	5.26	5.26	1.9324	
720	1	5.3	5.3	2.11	
721	1	5.33	5.33	2.0011	
722	1	5.32	5.32	1.8376	
723	1	5.37	5.37	1.7731	
724	1	5.33	5.33	1.8811	
725	1	5.5	5.5	2.03	
726	1	5.4	5.4	1.94	
727	1	5.44	5.44	2.1264	
728	1	5.54	5.54	2.2484	
729	1	5.5	5.5	2.29	
730	1	5.35	5.35	2.2475	
731	1	5.36	5.36	2.2704	
732	1	5.36	5.36	2.2904	
733	1	5.34	5.34	2.4444	
734	1	5.44	5.44	2.6064	
735	1	5.39	5.39	2.7779	
736	1	5.37	5.37	2.6531	
737	1	5.47	5.47	2.5291	
738	1	5.3	5.3	2.69	
739	1	5.42	5.42	2.5436	
740	1	5.5	5.5	2.39	
741	1	5.46	5.46	2.4884	
742	1	5.32	5.32	2.3576	
743	1	5.34	5.34	2.2644	
744	1	5.46	5.46	2.2284	
745	1	5.38	5.38	2.2156	
746	1	5.33	5.33	2.1811	
747	1	5.4	5.4	2.16	
748	1	5.43	5.43	2.1251	
749	1	5.5	5.5	2.29	
750	1	5.52	5.52	2.2696	
751	1	5.65	5.65	2.3075	
752	1	5.63	5.63	2.5131	
753	1	5.65	5.65	2.4675	
754	1	5.82	5.82	2.1876	
755	1	5.86	5.86	2.0204	
756	1	5.82	5.82	1.9476	
757	1	5.84	5.84	1.9944	
758	1	5.83	5.83	1.9811	
759	1	5.94	5.94	2.1764	
760	1	5.95	5.95	2.2075	
761	1	6.07	6.07	2.3851	
762	1	6.01	6.01	2.7299	
763	1	6.09	6.09	2.9419	
764	1	6.16	6.16	2.9744	
765	1	6.31	6.31	3.0139	
766	1	6.19	6.19	2.9139	
767	1	6.26	6.26	3.1524	
768	1	6.21	6.21	3.5259	
769	1	6.2	6.2	3.34	
770	1	6.19	6.19	3.3139	
771	1	6.13	6.13	3.3731	
772	1	6.09	6.09	3.2019	
773	1	6.06	6.06	3.4764	
774	1	6.06	6.06	3.1764	
775	1	6.07	6.07	3.0251	
776	1	6	6	2.88	
777	1	6.04	6.04	2.9984	
778	1	6.17	6.17	3.4011	
779	1	6.19	6.19	3.6539	
780	1	6.25	6.25	3.8675	
781	1	6.44	6.44	3.8864	
782	1	6.3	6.3	3.79	
783	1	6.21	6.21	4.0459	
784	1	6.14	6.14	4.2004	
785	1	6.1	6.1	4.21	
786	1	6.1	6.1	4.05	
787	1	6.08	6.08	4.0936	
788	1	6.16	6.16	4.3744	
789	1	6.18	6.18	4.1076	
790	1	6.14	6.14	3.7804	
791	1	6.07	6.07	3.7851	
792	1	6.13	6.13	4.2931	
793	1	6.16	6.16	4.1744	
794	1	6.09	6.09	3.9619	
795	1	6.15	6.15	4.5875	
796	1	6.11	6.11	4.0579	
797	1	6.12	6.12	4.1856	
798	1	6.21	6.21	4.4659	
799	1	6.22	6.22	5.1316	
800	1	6.17	6.17	4.9611	
801	1	6.09	6.09	4.9819	
802	1	6.12	6.12	5.0056	
803	1	6.13	6.13	4.5931	
804	1	6.13	6.13	5.2531	
805	1	6.22	6.22	5.3316	
806	1	6.2	6.2	5.72	
807	1	6.15	6.15	5.7675	
808	1	6.23	6.23	5.7371	
809	1	6.28	6.28	5.7616	
810	1	6.35	6.35	6.5075	
811	1	6.26	6.26	6.2524	
812	1	6.32	6.32	6.4776	
813	1	6.41	6.41	6.3419	
814	1	6.41	6.41	6.4019	
815	1	6.46	6.46	6.3484	
816	1	6.36	6.36	6.2104	
817	1	6.32	6.32	6.6776	
818	1	6.31	6.31	6.8539	
819	1	6.21	6.21	6.4459	
820	1	6.19	6.19	6.2339	
821	1	6.16	6.16	5.8744	
822	1	6.16	6.16	5.9744	
823	1	6.09	6.09	5.7419	
824	1	6.15	6.15	5.8675	
825	1	6.15	6.15	5.3275	
826	1	6.27	6.27	5.6571	
827	1	6.25	6.25	5.4875	
828	1	6.23	6.23	5.4971	
829	1	6.29	6.29	5.7859	
830	1	6.32	6.32	5.7576	
831	1	6.26	6.26	5.7524	
832	1	6.33	6.33	6.0011	
833	1	6.24	6.24	5.6624	
834	1	6.35	6.35	6.9075	
835	1	6.28	6.28	6.0416	
836	1	6.41	6.41	6.2619	
837	1	6.59	6.59	7.4219	
838	1	6.49	6.49	7.8899	
839	1	6.54	6.54	8.1884	
840	1	6.58	6.58	8.1836	
841	1	6.66	6.66	8.7444	
842	1	6.73	6.73	8.8771	
843	1	6.84	6.84	9.2944	
844	1	6.83	6.83	9.6011	
845	1	6.83	6.83	10.5211	
846	1	6.82	6.82	10.5676	
847	1	6.92	6.92	11.0536	
848	1	6.9	6.9	11.03	
849	1	6.94	6.94	11.1164	
850	1	7.03	7.03	11.2491	
851	1	7.17	7.17	11.8211	
852	1	7.29	7.29	12.3459	
853	1	7.25	7.25	12.3875	
854	1	7.34	7.34	12.5244	
855	1	7.43	7.43	12.4451	
856	1	7.46	7.46	12.4884	
857	1	7.4	7.4	12.62	
858	1	7.42	7.42	13.0236	
859	1	7.34	7.34	13.0444	
860	1	7.38	7.38	13.4556	
861	1	7.34	7.34	13.4844	
862	1	7.41	7.41	13.9219	
863	1	7.42	7.42	13.9836	
864	1	7.42	7.42	14.1036	
865	1	7.44	7.44	13.9264	
866	1	7.46	7.46	13.5084	
867	1	7.65	7.65	13.7875	
868	1	7.72	7.72	13.6216	
869	1	7.78	7.78	13.9916	
870	1	7.8	7.8	13.66	
871	1	7.89	7.89	13.6579	
872	1	7.89	7.89	13.4979	
873	1	7.85	7.85	13.4275	
874	1	7.72	7.72	13.6816	
875	1	7.78	7.78	13.7516	
876	1	7.98	7.98	14.1196	
877	1	7.89	7.89	14.1979	
878	1	8.07	8.07	13.9451	
879	1	8.21	8.21	13.5859	
880	1	8.22	8.22	14.4116	
881	1	8.17	8.17	13.6211	
882	1	8.17	8.17	13.3411	
883	1	8.18	8.18	13.2876	
884	1	8.01	8.01	13.1499	
885	1	8.02	8.02	12.9796	
886	1	8.03	8.03	11.9491	
887	1	8.04	8.04	11.9184	
888	1	7.99	7.99	12.1499	
889	1	7.98	7.98	12.0396	
890	1	8.08	8.08	11.5136	
891	1	8.04	8.04	11.7784	
892	1	7.94	7.94	11.9564	
893	1	7.89	7.89	11.4179	
894	1	7.89	7.89	10.9779	
895	1	7.79	7.79	11.1459	
896	1	7.81	7.81	11.0939	
897	1	7.72	7.72	11.1216	
898	1	7.64	7.64	10.8104	
899	1	7.66	7.66	11.5044	
900	1	7.63	7.63	11.1531	
901	1	7.56	7.56	11.6464	
902	1	7.45	7.45	11.0675	
903	1	7.36	7.36	11.5904	
904	1	7.53	7.53	12.3691	
905	1	7.66	7.66	12.0644	
906	1	7.81	7.81	12.7939	
907	1	7.62	7.62	12.8756	
908	1	7.69	7.69	13.3739	
909	1	8.1	8.1	13.81	
910	1	8.07	8.07	13.3851	
911	1	8.29	8.29	13.1059	
912	1	8.3	8.3	13.79	
913	1	8.38	8.38	13.7756	
914	1	8.43	8.43	13.6251	
915	1	8.52	8.52	12.8696	
916	1	8.75	8.75	12.3075	
917	1	8.63	8.63	12.8731	
918	1	8.7	8.7	13.01	
919	1	8.89	8.89	13.2179	
920	1	8.87	8.87	12.8531	
921	1	8.94	8.94	12.8964	
922	1	8.74	8.74	13.1124	
923	1	8.73	8.73	13.0571	
924	1	8.77	8.77	13.2371	
925	1	8.65	8.65	13.4475	
926	1	8.9	8.9	13.89	
927	1	9.11	9.11	13.6579	
928	1	9.18	9.18	14.2276	
929	1	9.06	9.06	14.1564	
930	1	9.11	9.11	14.2579	
931	1	9.3	9.3	14.29	
932	1	9.43	9.43	14.1851	
933	1	9.47	9.47	14.6091	
934	1	9.36	9.36	14.8704	
935	1	9.42	9.42	14.0636	
936	1	9.36	9.36	14.1704	
937	1	9.4	9.4	14.18	
938	1	9.23	9.23	14.1771	
939	1	9.37	9.37	14.4331	
940	1	9.42	9.42	14.5836	
941	1	9.44	9.44	14.3064	
942	1	9.45	9.45	14.9275	
943	1	9.51	9.51	14.8899	
944	1	9.7	9.7	14.65	
945	1	9.79	9.79	14.5659	
946	1	9.87	9.87	14.8131	
947	1	9.84	9.84	14.6544	
948	1	9.87	9.87	14.2531	
949	1	10.03	10.03	14.2491	
950	1	10.17	10.17	13.8011	
951	1	10.09	10.09	13.2819	
952	1	10.1	10.1	12.71	
953	1	10.04	10.04	13.1184	
954	1	9.96	9.96	13.4584	
955	1	9.78	9.78	13.4316	
956	1	9.87	9.87	13.0931	
957	1	9.87	9.87	12.5731	
958	1	10.05	10.05	12.6875	
959	1	10.12	10.12	12.2856	
960	1	9.94	9.94	12.3964	
961	1	9.99	9.99	12.2699	
962	1	9.94	9.94	12.0564	
963	1	10.09	10.09	11.8419	
964	1	10.06	10.06	11.3364	
965	1	9.94	9.94	11.3964	
966	1	9.91	9.91	11.5419	
967	1	9.88	9.88	11.6056	
968	1	10.06	10.06	11.5564	
969	1	9.98	9.98	11.7396	
970	1	9.94	9.94	11.7964	
971	1	9.78	9.78	11.7716	
972	1	9.73	9.73	11.8971	
973	1	9.73	9.73	11.8971	
974	1	9.82	9.82	12.0876	
975	1	9.76	9.76	11.9824	
976	1	9.83	9.83	12.0011	
977	1	9.83	9.83	12.0011	
978	1	9.89	9.89	12.0179	
979	1	9.73	9.73	11.6571	
980	1	9.72	9.72	11.5016	
981	1	9.89	9.89	11.6979	
982	1	9.87	9.87	11.2731	
983	1	9.95	9.95	11.5275	
984	1	9.87	9.87	11.3131	
985	1	9.75	9.75	10.6475	
986	1	9.79	9.79	10.9059	
987	1	9.76	9.76	10.7424	
988	1	9.77	9.77	10.5371	
989	1	9.81	9.81	10.9539	
990	1	9.67	9.67	10.2611	
991	1	9.7	9.7	10.57	
992	1	9.74	9.74	10.5124	
993	1	9.74	9.74	10.3724	
994	1	9.81	9.81	10.9139	
995	1	9.88	9.88	11.2256	
996	1	9.81	9.81	11.0139	
997	1	9.81	9.81	10.9539	
998	1	9.86	9.86	10.6804	
999	1	9.91	9.91	11.4419	
1000	1	10.03	10.03	11.9691	
1001	1	10.05	10.05	12.0075	
1002	1	10	10	12.14	
1003	1	9.93	9.93	11.7651	
1004	1	9.81	9.81	11.3539	
1005	1	9.66	9.66	10.7444	
1006	1	9.63	9.63	10.6331	
1007	1	9.51	9.51	10.0299	
1008	1	9.56	9.56	10.0864	
1009	1	9.62	9.62	10.2956	
1010	1	9.37	9.37	9.1131	
1011	1	9.43	9.43	9.2651	
1012	1	9.46	9.46	9.1084	
1013	1	9.37	9.37	9.3531	
1014	1	9.36	9.36	8.7304	
1015	1	9.15	9.15	8.2075	
1016	1	9.27	9.27	8.7571	
1017	1	9.28	9.28	9.0016	
1018	1	9.31	9.31	9.0339	
1019	1	9.28	9.28	9.2016	
1020	1	9.37	9.37	9.2731	
1021	1	9.41	9.41	9.2819	
1022	1	9.53	9.53	9.5891	
1023	1	9.55	9.55	9.7075	
1024	1	9.54	9.54	9.4284	
1025	1	9.68	9.68	9.8576	
1026	1	9.85	9.85	10.1875	
1027	1	9.91	9.91	10.1019	
1028	1	9.83	9.83	10.1211	
1029	1	9.82	9.82	9.5476	
1030	1	9.82	9.82	8.8276	
1031	1	9.75	9.75	9.2475	
1032	1	9.71	9.71	9.3059	
1033	1	9.72	9.72	9.3416	
1034	1	9.83	9.83	9.9811	
1035	1	9.86	9.86	10.0204	
1036	1	9.82	9.82	10.3276	
1037	1	9.93	9.93	10.5851	
1038	1	9.93	9.93	10.4251	
1039	1	9.86	9.86	11.0004	
1040	1	9.86	9.86	11.2204	
1041	1	9.96	9.96	11.6184	
1042	1	10	10	11.6	
1043	1	9.95	9.95	11.7275	
1044	1	9.97	9.97	11.4291	
1045	1	10.04	10.04	11.4984	
1046	1	9.86	9.86	11.4604	
1047	1	9.83	9.83	11.4611	
1048	1	9.91	9.91	10.9819	
1049	1	9.84	9.84	11.4344	
1050	1	10.01	10.01	11.2299	
1051	1	10.04	10.04	11.1784	
1052	1	10.11	10.11	10.9179	
1053	1	9.96	9.96	10.8784	
1054	1	9.93	9.93	10.7451	
1055	1	9.87	9.87	10.9131	
1056	1	9.88	9.88	11.0656	
1057	1	9.91	9.91	11.1019	
1058	1	9.95	9.95	11.2075	
1059	1	9.8	9.8	11.54	
1060	1	9.86	9.86	12.0604	
1061	1	9.78	9.78	12.1916	
1062	1	9.79	9.79	11.7259	
1063	1	9.68	9.68	11.3776	
1064	1	9.68	9.68	11.6576	
1065	1	9.85	9.85	12.0475	
1066	1	9.96	9.96	12.2184	
1067	1	10.19	10.19	12.1339	
1068	1	10.17	10.17	11.3411	
1069	1	10.17	10.17	11.3411	
1070	1	10.26	10.26	11.5724	
1071	1	10.28	10.28	11.9016	
1072	1	10.25	10.25	11.9475	
1073	1	10.34	10.34	12.1444	
1074	1	10.56	10.56	12.3864	
1075	1	10.58	10.58	12.5636	
1076	1	10.64	10.64	12.6904	
1077	1	10.61	10.61	13.3179	
1078	1	10.63	10.63	12.7131	
1079	1	10.65	10.65	12.7075	
1080	1	10.43	10.43	12.6451	
1081	1	10.35	10.35	12.4275	
1082	1	10.33	10.33	12.7011	
1083	1	10.56	10.56	12.6064	
1084	1	10.61	10.61	13.2179	
1085	1	10.73	10.73	12.8971	
1086	1	10.74	10.74	12.7524	
1087	1	10.66	10.66	12.9444	
1088	1	10.54	10.54	12.4084	
1089	1	10.47	10.47	12.2491	
1090	1	10.48	10.48	11.8096	
1091	1	10.47	10.47	12.0291	
1092	1	10.48	10.48	11.1496	
1093	1	10.55	10.55	11.1075	
1094	1	10.49	10.49	11.2299	
1095	1	10.39	10.39	11.3579	
1096	1	10.39	10.39	11.5379	
1097	1	10.34	10.34	11.5044	
1098	1	10.56	10.56	11.2864	
1099	1	10.55	10.55	11.6275	
1100	1	10.58	10.58	11.4636	
1101	1	10.62	10.62	11.0156	
1102	1	10.55	10.55	10.7875	
1103	1	10.65	10.65	10.9075	
1104	1	10.49	10.49	10.7699	
1105	1	10.36	10.36	11.0104	
1106	1	10.38	10.38	11.0556	
1107	1	10.31	10.31	10.5739	
1108	1	10.09	10.09	10.8219	
1109	1	9.94	9.94	11.1364	
1110	1	9.75	9.75	10.2675	
1111	1	9.76	9.76	10.2024	
1112	1	9.71	9.71	9.7259	
1113	1	9.47	9.47	9.6891	
1114	1	9.42	9.42	9.3836	
1115	1	9.51	9.51	9.5699	
1116	1	9.72	9.72	10.5416	
1117	1	9.77	9.77	10.1971	
1118	1	9.55	9.55	10.0875	
1119	1	9.57	9.57	10.0451	
1120	1	9.69	9.69	10.2339	
1121	1	9.6	9.6	10.06	
1122	1	9.5	9.5	8.83	
1123	1	9.52	9.52	8.7096	
1124	1	9.71	9.71	10.0259	
1125	1	9.74	9.74	10.6124	
1126	1	9.69	9.69	10.7339	
1127	1	9.8	9.8	11.26	
1128	1	9.86	9.86	12.4804	
1129	1	9.85	9.85	12.3675	
1130	1	9.94	9.94	12.5564	
1131	1	9.96	9.96	12.1784	
1132	1	10.05	10.05	12.1475	
1133	1	10.05	10.05	12.0275	
1134	1	10.08	10.08	12.5736	
1135	1	10.11	10.11	12.5779	
1136	1	10.15	10.15	12.7475	
1137	1	10.14	10.14	13.3804	
1138	1	10.02	10.02	12.7796	
1139	1	9.95	9.95	12.3275	
1140	1	9.85	9.85	12.3075	
1141	1	9.86	9.86	11.8804	
1142	1	9.76	9.76	11.4024	
1143	1	9.65	9.65	11.5675	
1144	1	9.58	9.58	11.4236	
1145	1	9.67	9.67	11.5411	
1146	1	9.6	9.6	10.98	
1147	1	9.66	9.66	10.6644	
1148	1	9.78	9.78	11.3316	
1149	1	9.85	9.85	11.7075	
1150	1	9.81	9.81	11.7739	
1151	1	9.83	9.83	11.6811	
1152	1	9.82	9.82	11.4076	
1153	1	9.9	9.9	11.45	
1154	1	10.01	10.01	11.8299	
1155	1	10.15	10.15	12.7275	
1156	1	10.04	10.04	12.3184	
1157	1	10.08	10.08	12.1736	
1158	1	10.06	10.06	12.3364	
1159	1	10.04	10.04	11.8784	
1160	1	10.08	10.08	11.9736	
1161	1	10.13	10.13	11.6531	
1162	1	10.15	10.15	11.8275	
1163	1	10.16	10.16	11.8944	
1164	1	10.11	10.11	12.1379	
1165	1	10.14	10.14	12.4804	
1166	1	10.05	10.05	11.7075	
1167	1	10.02	10.02	11.5596	
1168	1	10.01	10.01	11.1099	
1169	1	10.07	10.07	11.7251	
1170	1	9.92	9.92	10.9936	
1171	1	9.9	9.9	10.07	
1172	1	9.91	9.91	9.7219	
1173	1	10.09	10.09	11.3619	
1174	1	10.21	10.21	12.2259	
1175	1	10.24	10.24	12.4824	
1176	1	10.31	10.31	12.5339	
1177	1	10.34	10.34	12.7444	
1178	1	10.41	10.41	13.5419	
1179	1	10.65	10.65	14.4275	
1180	1	10.66	10.66	13.8844	
1181	1	10.72	10.72	13.9816	
1182	1	10.83	10.83	14.4411	
1183	1	10.86	10.86	16.2204	
1184	1	10.89	10.89	16.7979	
1185	1	10.83	10.83	17.0211	
1186	1	10.94	10.94	17.2564	
1187	1	10.65	10.65	16.9275	
1188	1	10.61	10.61	16.2979	
1189	1	10.76	10.76	17.0424	
1190	1	10.71	10.71	16.4459	
1191	1	10.64	10.64	17.0104	
1192	1	10.5	10.5	17.29	
1193	1	10.6	10.6	17.64	
1194	1	10.57	10.57	17.5051	
1195	1	10.82	10.82	18.6076	
1196	1	10.72	10.72	17.6816	
1197	1	10.81	10.81	16.8339	
1198	1	10.9	10.9	16.93	
1199	1	10.79	10.79	16.0659	
1200	1	10.84	10.84	15.5744	
1201	1	10.78	10.78	15.7516	
1202	1	10.71	10.71	15.0859	
1203	1	10.79	10.79	15.1659	
1204	1	10.76	10.76	15.1424	
1205	1	10.79	10.79	15.7259	
1206	1	10.91	10.91	16.4219	
1207	1	10.74	10.74	14.7924	
1208	1	10.77	10.77	15.3371	
1209	1	10.76	10.76	15.4624	
1210	1	10.73	10.73	15.4771	
1211	1	10.8	10.8	15.54	
1212	1	10.75	10.75	15.5475	
1213	1	10.8	10.8	15.56	
1214	1	10.8	10.8	15.54	
1215	1	10.87	10.87	15.6731	
1216	1	10.94	10.94	16.1164	
1217	1	11.09	11.09	16.5019	
1218	1	10.85	10.85	15.6675	
1219	1	10.87	10.87	16.2331	
1220	1	11.12	11.12	17.5656	
1221	1	11.03	11.03	17.1291	
1222	1	11.04	11.04	17.5584	
1223	1	10.79	10.79	15.9859	
1224	1	10.75	10.75	16.0475	
1225	1	10.79	10.79	15.9859	
1226	1	10.74	10.74	15.8924	
1227	1	10.83	10.83	16.3811	
1228	1	10.71	10.71	15.8259	
1229	1	10.46	10.46	14.2884	
1230	1	10.51	10.51	15.1499	
1231	1	10.57	10.57	15.9651	
1232	1	10.57	10.57	15.9651	
1233	1	10.36	10.36	15.4504	
1234	1	10.27	10.27	14.8771	
1235	1	10.21	10.21	13.8259	
1236	1	10.36	10.36	14.4704	
1237	1	10.38	10.38	14.4756	
1238	1	10.4	10.4	14.52	
1239	1	10.44	10.44	14.8864	
1240	1	10.3	10.3	14.39	
1241	1	10.3	10.3	14.35	
1242	1	10.5	10.5	15.23	
1243	1	10.56	10.56	15.5064	
1244	1	10.57	10.57	15.5651	
1245	1	10.65	10.65	15.5075	
1246	1	10.42	10.42	14.1036	
1247	1	10.49	10.49	14.1699	
1248	1	10.44	10.44	13.5664	
1249	1	10.37	10.37	13.0131	
1250	1	10.3	10.3	12.13	
1251	1	10.34	10.34	12.1044	
1252	1	10.47	10.47	13.2091	
1253	1	10.47	10.47	12.6891	
1254	1	10.58	10.58	13.1436	
1255	1	10.48	10.48	12.6496	
1256	1	10.59	10.59	13.3019	
1257	1	10.76	10.76	13.3824	
1258	1	10.74	10.74	12.8124	
1259	1	10.56	10.56	11.7664	
1260	1	10.62	10.62	12.4156	
1261	1	10.52	10.52	12.5096	
1262	1	10.73	10.73	12.9771	
1263	1	10.82	10.82	13.1876	
1264	1	10.56	10.56	12.5264	
1265	1	10.53	10.53	11.3291	
1266	1	10.47	10.47	10.8891	
1267	1	10.35	10.35	9.4275	
1268	1	10.4	10.4	9.44	
1269	1	10.44	10.44	10.0664	
1270	1	10.34	10.34	9.6044	
1271	1	10.38	10.38	9.4956	
1272	1	10.31	10.31	10.0339	
1273	1	10.36	10.36	10.5504	
1274	1	10.31	10.31	10.2139	
1275	1	10.19	10.19	9.2939	
1276	1	10.31	10.31	9.8739	
1277	1	10.39	10.39	10.3779	
1278	1	10.37	10.37	10.3531	
1279	1	10.41	10.41	10.7019	
1280	1	10.58	10.58	11.5236	
1281	1	10.75	10.75	12.5875	
1282	1	10.69	10.69	12.1939	
1283	1	10.81	10.81	12.8539	
1284	1	10.77	10.77	13.0171	
1285	1	10.73	10.73	12.9971	
1286	1	10.55	10.55	11.6475	
1287	1	10.67	10.67	12.5411	
1288	1	10.73	10.73	12.8771	
1289	1	10.8	10.8	13.06	
1290	1	10.7	10.7	13.01	
1291	1	10.87	10.87	13.6331	
1292	1	10.86	10.86	13.6804	
1293	1	10.82	10.82	13.3876	
1294	1	10.98	10.98	14.9196	
1295	1	11.09	11.09	15.6019	
1296	1	10.9	10.9	14.73	
1297	1	11.2	11.2	16.1	
1298	1	11.17	11.17	15.7211	
1299	1	11.1	11.1	15.09	
1300	1	11.09	11.09	14.3419	
1301	1	10.95	10.95	13.3475	
1302	1	10.71	10.71	12.2659	
1303	1	10.73	10.73	11.6771	
1304	1	10.67	10.67	11.5611	
1305	1	10.55	10.55	10.8075	
1306	1	10.6	10.6	10.78	
1307	1	10.61	10.61	10.4979	
1308	1	10.7	10.7	11.15	
1309	1	10.78	10.78	10.8516	
1310	1	10.76	10.76	10.9024	
1311	1	10.79	10.79	11.4259	
1312	1	10.68	10.68	11.8976	
1313	1	10.5	10.5	10.73	
1314	1	10.53	10.53	10.5691	
1315	1	10.81	10.81	11.6139	
1316	1	10.87	10.87	11.6731	
1317	1	10.96	10.96	12.0384	
1318	1	11.11	11.11	12.3979	
1319	1	11.23	11.23	12.1571	
1320	1	11.12	11.12	12.3456	
1321	1	11.11	11.11	11.5179	
1322	1	10.93	10.93	10.7451	
1323	1	10.85	10.85	9.8475	
1324	1	11.07	11.07	10.1651	
1325	1	10.96	10.96	10.4584	
1326	1	10.96	10.96	9.9184	
1327	1	10.93	10.93	9.9651	
1328	1	10.87	10.87	9.9331	
1329	1	10.78	10.78	9.3116	
1330	1	10.93	10.93	9.7851	
1331	1	10.66	10.66	8.8244	
1332	1	10.9	10.9	10.11	
1333	1	10.92	10.92	10.5136	
1334	1	10.91	10.91	10.5219	
1335	1	10.83	10.83	10.5411	
1336	1	10.91	10.91	10.8219	
1337	1	10.99	10.99	10.7499	
1338	1	10.83	10.83	10.4811	
1339	1	10.65	10.65	9.7875	
1340	1	10.64	10.64	9.9304	
1341	1	10.73	10.73	9.8371	
1342	1	10.58	10.58	9.5236	
1343	1	10.69	10.69	10.2539	
1344	1	10.81	10.81	10.2539	
1345	1	10.89	10.89	10.2779	
1346	1	11.02	11.02	10.6196	
1347	1	10.99	10.99	11.2299	
1348	1	11.14	11.14	12.2004	
1349	1	11.41	11.41	12.6819	
1350	1	11.58	11.58	12.1836	
1351	1	11.49	11.49	11.3499	
1352	1	11.43	11.43	11.6051	
1353	1	11.46	11.46	12.0684	
1354	1	11.54	11.54	11.8084	
1355	1	11.7	11.7	11.81	
1356	1	11.59	11.59	11.5619	
1357	1	11.6	11.6	11.4	
1358	1	11.71	11.71	11.4059	
1359	1	11.77	11.77	11.1771	
1360	1	11.72	11.72	12.1416	
1361	1	11.73	11.73	12.0971	
1362	1	11.59	11.59	11.6819	
1363	1	11.63	11.63	12.0931	
1364	1	11.6	11.6	12.22	
1365	1	11.79	11.79	12.6659	
1366	1	11.88	11.88	13.0856	
1367	1	11.84	11.84	14.0944	
1368	1	11.82	11.82	14.9476	
1369	1	11.78	11.78	13.3116	
1370	1	11.62	11.62	13.2156	
1371	1	11.65	11.65	13.0475	
1372	1	11.57	11.57	13.4051	
1373	1	11.65	11.65	13.3275	
1374	1	11.58	11.58	13.4436	
1375	1	11.52	11.52	13.4296	
1376	1	11.24	11.24	12.1024	
1377	1	11.26	11.26	12.5124	
1378	1	11.26	11.26	12.6924	
1379	1	11.16	11.16	12.4944	
1380	1	10.94	10.94	11.2764	
1381	1	11	11	11.42	
1382	1	10.95	10.95	10.7475	
1383	1	10.91	10.91	10.3019	
1384	1	10.99	10.99	10.6099	
1385	1	10.95	10.95	10.4275	
1386	1	11.08	11.08	11.3736	
1387	1	11.09	11.09	11.2619	
1388	1	11	11	11.56	
1389	1	11.04	11.04	11.7384	
1390	1	10.94	10.94	10.8164	
1391	1	10.98	10.98	10.6996	
1392	1	11.09	11.09	10.7819	
1393	1	11.06	11.06	10.8564	
1394	1	11.09	11.09	10.6419	
1395	1	11.12	11.12	10.5656	
1396	1	10.96	10.96	9.4784	
1397	1	11.06	11.06	9.9364	
1398	1	11.01	11.01	10.3699	
1399	1	11.04	11.04	9.9584	
1400	1	10.95	10.95	10.0875	
1401	1	10.87	10.87	10.6931	
1402	1	10.71	10.71	10.2459	
1403	1	10.83	10.83	11.1411	
1404	1	10.76	10.76	11.2224	
1405	1	10.77	10.77	11.2371	
1406	1	10.62	10.62	10.1756	
1407	1	10.89	10.89	10.4579	
1408	1	10.82	10.82	10.5876	
1409	1	10.84	10.84	11.2344	
1410	1	10.73	10.73	11.4771	
1411	1	10.94	10.94	12.6364	
1412	1	10.92	10.92	12.9736	
1413	1	10.77	10.77	12.5771	
1414	1	10.73	10.73	12.6171	
1415	1	10.61	10.61	12.4979	
1416	1	10.68	10.68	13.0176	
1417	1	10.49	10.49	11.3099	
1418	1	10.54	10.54	10.7084	
1419	1	10.63	10.63	10.7131	
1420	1	10.6	10.6	9.94	
1421	1	10.73	10.73	9.8971	
1422	1	10.55	10.55	8.8475	
1423	1	10.59	10.59	9.0219	
1424	1	10.56	10.56	9.0864	
1425	1	10.51	10.51	8.5099	
1426	1	10.5	10.5	8.09	
1427	1	10.52	10.52	7.4896	
1428	1	10.77	10.77	9.0171	
1429	1	10.9	10.9	9.41	
1430	1	11.07	11.07	10.1851	
1431	1	11.08	11.08	10.3336	
1432	1	11.2	11.2	10.9	
1433	1	11.22	11.22	10.8916	
1434	1	11.36	11.36	11.4904	
1435	1	11.19	11.19	11.7539	
1436	1	11.22	11.22	11.1316	
1437	1	11.13	11.13	10.7131	
1438	1	11.23	11.23	11.5171	
1439	1	11.03	11.03	11.9891	
1440	1	11.03	11.03	12.1091	
1441	1	11.14	11.14	11.8204	
1442	1	11.16	11.16	10.8544	
1443	1	10.88	10.88	9.1856	
1444	1	10.86	10.86	9.1004	
1445	1	10.84	10.84	8.5144	
1446	1	10.89	10.89	8.9379	
1447	1	10.98	10.98	9.4796	
1448	1	10.94	10.94	9.2764	
1449	1	10.75	10.75	9.1075	
1450	1	10.8	10.8	10	
1451	1	10.81	10.81	10.0139	
1452	1	10.99	10.99	10.0499	
1453	1	11.11	11.11	10.7179	
1454	1	10.89	10.89	10.4979	
1455	1	10.93	10.93	10.4251	
1456	1	11.07	11.07	11.1851	
1457	1	11.07	11.07	10.8051	
1458	1	10.91	10.91	9.0619	
1459	1	10.95	10.95	8.9875	
1460	1	10.95	10.95	8.9075	
1461	1	11.02	11.02	9.3596	
1462	1	11	11	9.42	
1463	1	11.32	11.32	10.6176	
1464	1	11.25	11.25	10.7075	
1465	1	11.34	11.34	11.0644	
1466	1	11.42	11.42	11.5236	
1467	1	11.61	11.61	12.5379	
1468	1	11.64	11.64	13.3904	
1469	1	11.45	11.45	12.9275	
1470	1	11.39	11.39	13.2779	
1471	1	11.32	11.32	12.7376	
1472	1	11.47	11.47	12.3491	
1473	1	11.65	11.65	13.0275	
1474	1	11.83	11.83	13.9211	
1475	1	12.07	12.07	14.2851	
1476	1	11.97	11.97	13.9491	
1477	1	12.14	12.14	13.9204	
1478	1	11.87	11.87	13.0531	
1479	1	11.87	11.87	14.0331	
1480	1	12.09	12.09	14.7419	
1481	1	12.18	12.18	14.8676	
1482	1	12.17	12.17	14.0611	
1483	1	12.22	12.22	14.2316	
1484	1	12.36	12.36	14.5104	
1485	1	12.41	12.41	15.2819	
1486	1	12.74	12.74	16.1124	
1487	1	12.45	12.45	16.1075	
1488	1	12.29	12.29	16.2859	
1489	1	12.49	12.49	17.0299	
1490	1	12.64	12.64	18.3104	
1491	1	12.81	12.81	17.9539	
1492	1	12.97	12.97	18.2691	
1493	1	13.05	13.05	17.8075	
1494	1	13.09	13.09	17.6419	
1495	1	13.04	13.04	17.7984	
1496	1	12.86	12.86	17.6204	
1497	1	12.93	12.93	17.6051	
1498	1	12.87	12.87	17.2531	
1499	1	12.91	12.91	16.4819	
1500	1	12.97	12.97	16.2091	
1501	1	13.03	13.03	16.1691	
1502	1	13.26	13.26	16.4324	
1503	1	13.16	13.16	16.5344	
1504	1	13.11	13.11	16.9179	
1505	1	13.14	13.14	17.1804	
1506	1	13.19	13.19	17.7139	
1507	1	13.35	13.35	17.8075	
1508	1	13.27	13.27	17.2971	
1509	1	13.28	13.28	16.4216	
1510	1	13.18	13.18	16.3676	
1511	1	13.25	13.25	16.7475	
1512	1	13.22	13.22	17.0916	
1513	1	13.3	13.3	16.99	
1514	1	13.5	13.5	16.77	
1515	1	13.51	13.51	17.9899	
1516	1	13.69	13.69	18.0739	
1517	1	13.92	13.92	17.4336	
1518	1	13.9	13.9	18.53	
1519	1	13.81	13.81	17.9539	
1520	1	13.87	13.87	18.0531	
1521	1	13.78	13.78	18.0316	
1522	1	13.79	13.79	17.8859	
1523	1	13.5	13.5	17.91	
1524	1	13.61	13.61	18.0379	
1525	1	13.66	13.66	18.2444	
1526	1	13.63	13.63	18.1131	
1527	1	13.57	13.57	18.4051	
1528	1	13.73	13.73	16.7371	
1529	1	13.88	13.88	16.6456	
1530	1	13.93	13.93	16.9451	
1531	1	14.08	14.08	17.8936	
1532	1	13.94	13.94	17.7964	
1533	1	14.04	14.04	17.5984	
1534	1	13.88	13.88	18.1656	
1535	1	13.81	13.81	18.3139	
1536	1	13.7	13.7	18.69	
1537	1	13.82	13.82	17.9476	
1538	1	13.9	13.9	17.35	
1539	1	13.78	13.78	17.6716	
1540	1	13.92	13.92	16.5536	
1541	1	14.03	14.03	15.6691	
1542	1	14	14	16.36	
1543	1	13.97	13.97	15.9291	
1544	1	14.18	14.18	15.2276	
1545	1	14.2	14.2	15.14	
1546	1	13.9	13.9	16.43	
1547	1	14.1	14.1	15.85	
1548	1	14.08	14.08	16.2736	
1549	1	13.98	13.98	15.9596	
1550	1	13.8	13.8	16.42	
1551	1	13.73	13.73	16.5971	
1552	1	13.58	13.58	16.5636	
1553	1	13.53	13.53	16.3491	
1554	1	13.59	13.59	15.6419	
1555	1	13.63	13.63	15.3731	
1556	1	13.28	13.28	16.4616	
1557	1	13.51	13.51	16.1499	
1558	1	13.51	13.51	15.7499	
1559	1	13.35	13.35	15.1475	
1560	1	13.34	13.34	15.3044	
1561	1	13.47	13.47	15.6691	
1562	1	13.46	13.46	16.1684	
1563	1	13.45	13.45	15.5675	
1564	1	13.51	13.51	15.7499	
1565	1	13.42	13.42	15.5036	
1566	1	13.24	13.24	15.7624	
1567	1	13.4	13.4	15.7	
1568	1	13.5	13.5	16.43	
1569	1	13.48	13.48	15.8296	
1570	1	13.43	13.43	17.2251	
1571	1	13.68	13.68	17.7176	
1572	1	13.85	13.85	17.3075	
1573	1	13.98	13.98	17.7796	
1574	1	14.05	14.05	17.4675	
1575	1	14.17	14.17	17.4011	
1576	1	14.04	14.04	17.1984	
1577	1	14.04	14.04	16.8584	
1578	1	13.8	13.8	18.42	
1579	1	13.82	13.82	18.5876	
1580	1	13.7	13.7	18.11	
1581	1	13.54	13.54	18.4484	
1582	1	13.53	13.53	19.1291	
1583	1	13.4	13.4	18.98	
1584	1	13.58	13.58	19.4036	
1585	1	13.47	13.47	19.7291	
1586	1	13.63	13.63	20.3331	
1587	1	13.66	13.66	20.8044	
1588	1	13.46	13.46	20.8084	
1589	1	13.46	13.46	20.5084	
1590	1	13.38	13.38	20.6756	
1591	1	13.43	13.43	20.8051	
1592	1	13.33	13.33	20.7011	
1593	1	13.62	13.62	21.8356	
1594	1	13.6	13.6	22.14	
1595	1	13.65	13.65	22.2675	
1596	1	13.64	13.64	22.1304	
1597	1	13.78	13.78	22.4116	
1598	1	13.79	13.79	22.7059	
1599	1	13.74	13.74	21.7724	
1600	1	13.7	13.7	21.59	
1601	1	13.86	13.86	22.1804	
1602	1	13.95	13.95	22.5275	
1603	1	13.91	13.91	22.1019	
1604	1	14.06	14.06	21.8164	
1605	1	13.92	13.92	21.2936	
1606	1	14.27	14.27	22.3371	
1607	1	14.31	14.31	22.8539	
1608	1	14.37	14.37	22.6131	
1609	1	14.36	14.36	22.4904	
1610	1	14.68	14.68	22.2976	
1611	1	14.74	14.74	21.8724	
1612	1	14.63	14.63	21.9331	
1613	1	14.6	14.6	22.08	
1614	1	14.5	14.5	22.03	
1615	1	14.33	14.33	22.3611	
1616	1	14.18	14.18	22.5476	
1617	1	14.22	14.22	22.8516	
1618	1	14.17	14.17	22.6211	
1619	1	14.32	14.32	23.0376	
1620	1	14.34	14.34	23.2644	
1621	1	14.38	14.38	23.3156	
1622	1	14.52	14.52	22.8096	
1623	1	14.56	14.56	23.2664	
1624	1	14.56	14.56	22.8264	
1625	1	14.68	14.68	22.9176	
1626	1	14.76	14.76	22.7224	
1627	1	14.87	14.87	23.0731	
1628	1	15	15	23.36	
1629	1	15.03	15.03	23.2691	
1630	1	14.99	14.99	23.7099	
1631	1	15.05	15.05	23.6875	
1632	1	14.87	14.87	24.2731	
1633	1	14.86	14.86	24.5404	
1634	1	14.94	14.94	24.2964	
1635	1	15.09	15.09	24.7219	
1636	1	15.01	15.01	24.8499	
1637	1	15.04	15.04	24.3784	
1638	1	15.28	15.28	23.1616	
1639	1	15.12	15.12	23.6256	
1640	1	15	15	24.06	
1641	1	14.95	14.95	24.0275	
1642	1	14.83	14.83	24.2611	
1643	1	15.02	15.02	24.7596	
1644	1	14.96	14.96	24.6184	
1645	1	15.09	15.09	24.4619	
1646	1	14.99	14.99	24.4899	
1647	1	14.86	14.86	24.8004	
1648	1	14.9	14.9	25.41	
1649	1	14.87	14.87	25.6731	
1650	1	14.86	14.86	26.5004	
1651	1	14.83	14.83	26.5811	
1652	1	14.72	14.72	27.0416	
1653	1	14.4	14.4	26.6	
1654	1	14.53	14.53	25.6691	
1655	1	14.52	14.52	24.9496	
1656	1	14.29	14.29	24.3259	
1657	1	14.56	14.56	24.4264	
1658	1	14.41	14.41	24.7419	
1659	1	14.53	14.53	24.9691	
1660	1	14.31	14.31	24.7339	
1661	1	14.42	14.42	23.7036	
1662	1	14.44	14.44	24.1064	
1663	1	14.3	14.3	24.81	
1664	1	14.39	14.39	24.8379	
1665	1	14.39	14.39	25.2179	
1666	1	14.32	14.32	25.0576	
1667	1	14.21	14.21	25.4459	
1668	1	14.35	14.35	25.1075	
1669	1	14.36	14.36	25.7304	
1670	1	14.43	14.43	26.1251	
1671	1	14.25	14.25	25.7675	
1672	1	14.51	14.51	26.6899	
1673	1	14.4	14.4	26.52	
1674	1	14.54	14.54	26.9084	
1675	1	14.21	14.21	26.3459	
1676	1	14.22	14.22	26.2116	
1677	1	14.12	14.12	26.0656	
1678	1	14.13	14.13	26.1931	
1679	1	14.32	14.32	26.3376	
1680	1	14.35	14.35	26.2875	
1681	1	14.61	14.61	26.4779	
1682	1	14.75	14.75	26.1875	
1683	1	14.66	14.66	25.9044	
1684	1	14.92	14.92	26.4536	
1685	1	15.02	15.02	27.0396	
1686	1	15.01	15.01	27.5499	
1687	1	14.91	14.91	26.9219	
1688	1	14.89	14.89	26.8979	
1689	1	14.85	14.85	27.0075	
1690	1	14.81	14.81	26.6739	
1691	1	14.82	14.82	26.3276	
1692	1	14.72	14.72	26.3016	
1693	1	14.87	14.87	26.4731	
1694	1	14.61	14.61	26.4779	
1695	1	14.36	14.36	25.8904	
1696	1	14.39	14.39	25.8979	
1697	1	14.17	14.17	24.8211	
1698	1	13.91	13.91	24.5019	
1699	1	13.89	13.89	24.8579	
1700	1	14.11	14.11	26.0179	
1701	1	14.33	14.33	26.3811	
1702	1	14.27	14.27	26.2171	
1703	1	14.29	14.29	26.5459	
1704	1	14.33	14.33	26.5811	
1705	1	14.28	14.28	26.2616	
1706	1	14.61	14.61	26.8779	
1707	1	14.73	14.73	27.9371	
1708	1	14.82	14.82	28.3276	
1709	1	14.87	14.87	27.9131	
1710	1	15.03	15.03	27.6891	
1711	1	14.93	14.93	28.4051	
1712	1	15.02	15.02	28.6596	
1713	1	15.09	15.09	29.1019	
1714	1	14.92	14.92	28.4336	
1715	1	15.12	15.12	29.4256	
1716	1	15.36	15.36	28.6104	
1717	1	15.32	15.32	28.1576	
1718	1	15.57	15.57	28.5051	
1719	1	15.86	15.86	27.0804	
1720	1	15.99	15.99	26.8099	
1721	1	16.18	16.18	26.1076	
1722	1	16.19	16.19	26.3739	
1723	1	15.94	15.94	25.5964	
1724	1	16	16	26.34	
1725	1	15.89	15.89	26.1979	
1726	1	15.76	15.76	26.2224	
1727	1	15.93	15.93	27.3051	
1728	1	15.73	15.73	26.9771	
1729	1	15.85	15.85	27.4475	
1730	1	15.78	15.78	27.2916	
1731	1	16.11	16.11	27.0979	
1732	1	16.14	16.14	27.3604	
1733	1	16.06	16.06	26.5564	
1734	1	16.24	16.24	25.9624	
1735	1	16.26	16.26	25.9724	
1736	1	15.86	15.86	26.7404	
1737	1	16.03	16.03	27.2691	
1738	1	15.97	15.97	28.1891	
1739	1	15.89	15.89	27.4379	
1740	1	16.09	16.09	27.9019	
1741	1	16.35	16.35	26.2475	
1742	1	16.36	16.36	26.8904	
1743	1	16.25	16.25	26.6275	
1744	1	16.34	16.34	26.6844	
1745	1	16.26	16.26	25.9124	
1746	1	16.17	16.17	26.5811	
1747	1	16.54	16.54	26.6484	
1748	1	16.54	16.54	26.9284	
1749	1	16.73	16.73	25.6371	
1750	1	16.89	16.89	24.4379	
1751	1	17.05	17.05	24.6875	
1752	1	16.99	16.99	26.0699	
1753	1	17.18	17.18	25.0276	
1754	1	17.12	17.12	24.3656	
1755	1	17.2	17.2	23.64	
1756	1	17.21	17.21	23.7659	
1757	1	17.26	17.26	23.1324	
1758	1	17.21	17.21	23.3259	
1759	1	17.42	17.42	22.3036	
1760	1	17.57	17.57	21.6051	
1761	1	17.55	17.55	21.9475	
1762	1	17.17	17.17	22.7211	
1763	1	17.57	17.57	21.9051	
1764	1	17.29	17.29	21.3259	
1765	1	17.26	17.26	21.3924	
1766	1	17.37	17.37	21.5931	
1767	1	17.37	17.37	21.8931	
1768	1	17.56	17.56	20.8664	
1769	1	17.63	17.63	20.2331	
1770	1	17.5	17.5	20.49	
1771	1	17.47	17.47	21.2491	
1772	1	17.48	17.48	21.3696	
1773	1	17.69	17.69	20.1539	
1774	1	17.71	17.71	19.7059	
1775	1	17.68	17.68	19.7976	
1776	1	17.56	17.56	20.1464	
1777	1	17.77	17.77	19.8971	
1778	1	17.7	17.7	19.69	
1779	1	17.59	17.59	20.2419	
1780	1	17.5	17.5	21.05	
1781	1	17.65	17.65	21.9275	
1782	1	17.61	17.61	21.7779	
1783	1	17.6	17.6	22.3	
1784	1	17.69	17.69	22.2939	
1785	1	18	18	22.14	
1786	1	17.9	17.9	22.97	
1787	1	17.52	17.52	22.9296	
1788	1	17.64	17.64	22.8104	
1789	1	17.37	17.37	23.1731	
1790	1	17.61	17.61	23.5779	
1791	1	17.6	17.6	24.64	
1792	1	17.59	17.59	25.5219	
1793	1	17.46	17.46	25.5484	
1794	1	17.83	17.83	25.5411	
1795	1	17.76	17.76	25.5824	
1796	1	17.92	17.92	26.2336	
1797	1	17.66	17.66	25.1644	
1798	1	17.67	17.67	25.5411	
1799	1	17.73	17.73	24.6171	
1800	1	17.87	17.87	25.3731	
1801	1	17.71	17.71	25.1459	
1802	1	17.72	17.72	24.4416	
1803	1	17.67	17.67	24.4611	
1804	1	17.96	17.96	25.0584	
1805	1	18.11	18.11	25.1379	
1806	1	18.13	18.13	26.0131	
1807	1	18.08	18.08	26.5936	
1808	1	17.82	17.82	26.8876	
1809	1	17.66	17.66	26.5844	
1810	1	17.73	17.73	26.4771	
1811	1	17.53	17.53	27.3291	
1812	1	17.76	17.76	27.7424	
1813	1	17.8	17.8	28.66	
1814	1	17.63	17.63	29.3931	
1815	1	17.73	17.73	29.1371	
1816	1	17.8	17.8	29.82	
1817	1	17.93	17.93	28.0851	
1818	1	18.13	18.13	28.4531	
1819	1	18.23	18.23	28.4571	
1820	1	18.04	18.04	26.5584	
1821	1	18.05	18.05	26.1475	
1822	1	17.87	17.87	26.7731	
1823	1	17.98	17.98	25.4396	
1824	1	18.13	18.13	25.8531	
1825	1	18.18	18.18	25.5876	
1826	1	18.27	18.27	25.5571	
1827	1	18.34	18.34	25.0244	
1828	1	18.15	18.15	25.6675	
1829	1	18.37	18.37	25.3331	
1830	1	18.11	18.11	25.4179	
1831	1	18.1	18.1	25.11	
1832	1	18.11	18.11	25.8779	
1833	1	18.08	18.08	26.5536	
1834	1	18.03	18.03	26.7291	
1835	1	17.64	17.64	27.2704	
1836	1	17.84	17.84	26.7544	
1837	1	17.96	17.96	26.9784	
1838	1	17.68	17.68	26.4376	
1839	1	17.77	17.77	26.6371	
1840	1	18.12	18.12	25.8856	
1841	1	18.25	18.25	25.5275	
1842	1	18.37	18.37	25.4331	
1843	1	18.34	18.34	25.4844	
1844	1	18.25	18.25	27.7075	
1845	1	18.11	18.11	26.6379	
1846	1	18.1	18.1	28.29	
1847	1	18.01	18.01	28.0499	
1848	1	18.37	18.37	28.6931	
1849	1	18.31	18.31	28.4739	
1850	1	18.32	18.32	28.4176	
1851	1	18.11	18.11	28.9379	
1852	1	18.48	18.48	28.7696	
1853	1	18.42	18.42	29.6436	
1854	1	18.53	18.53	30.1691	
1855	1	18.4	18.4	30.74	
1856	1	18.5	18.5	30.31	
1857	1	18.53	18.53	31.4491	
1858	1	18.81	18.81	30.5139	
1859	1	18.4	18.4	32.68	
1860	1	18.56	18.56	30.3064	
1861	1	18.58	18.58	32.2036	
1862	1	18.33	18.33	32.1011	
1863	1	18.08	18.08	33.7336	
1864	1	18.27	18.27	33.6971	
1865	1	18.31	18.31	33.6739	
1866	1	17.71	17.71	35.0259	
1867	1	17.85	17.85	36.0475	
1868	1	18.25	18.25	35.0475	
1869	1	18.49	18.49	34.4899	
1870	1	18.56	18.56	35.8464	
1871	1	18.89	18.89	35.9579	
1872	1	19.18	19.18	33.6876	
1873	1	18.91	18.91	35.0819	
1874	1	19.11	19.11	35.6179	
1875	1	19.3	19.3	35.25	
1876	1	19.26	19.26	36.4124	
1877	1	19.32	19.32	35.4776	
1878	1	19.42	19.42	34.8836	
1879	1	19.79	19.79	34.3059	
1880	1	19.64	19.64	34.0704	
1881	1	19.57	19.57	33.9051	
1882	1	19.53	19.53	33.2491	
1883	1	19.52	19.52	34.1896	
1884	1	19.31	19.31	35.4539	
1885	1	19.57	19.57	33.4651	
1886	1	19.83	19.83	33.0611	
1887	1	19.67	19.67	33.5211	
1888	1	19.59	19.59	32.9819	
1889	1	19.5	19.5	33.71	
1890	1	19.49	19.49	33.0899	
1891	1	19.56	19.56	31.4864	
1892	1	19.57	19.57	31.8251	
1893	1	19.82	19.82	29.2676	
1894	1	19.73	19.73	30.9771	
1895	1	19.59	19.59	33.0619	
1896	1	19.72	19.72	31.3816	
1897	1	19.5	19.5	31.79	
1898	1	19.58	19.58	31.6436	
1899	1	19.49	19.49	31.8699	
1900	1	19.21	19.21	33.4259	
1901	1	19.11	19.11	32.3579	
1902	1	18.68	18.68	33.7376	
1903	1	18.66	18.66	34.4244	
1904	1	18.37	18.37	35.3731	
1905	1	18.22	18.22	36.4916	
1906	1	18.24	18.24	37.0424	
1907	1	18.28	18.28	34.3216	
1908	1	18.36	18.36	32.4504	
1909	1	18.25	18.25	33.0475	
1910	1	18.07	18.07	32.3251	
1911	1	18.17	18.17	32.4611	
1912	1	18.48	18.48	31.0896	
1913	1	18.47	18.47	31.0691	
1914	1	18.62	18.62	31.2556	
1915	1	18.89	18.89	30.4579	
1916	1	18.69	18.69	30.6739	
1917	1	18.59	18.59	30.9619	
1918	1	18.79	18.79	29.8059	
1919	1	19.22	19.22	28.5316	
1920	1	19.03	19.03	29.4691	
1921	1	19.12	19.12	28.9456	
1922	1	19.19	19.19	28.1339	
1923	1	19.26	19.26	28.7524	
1924	1	18.89	18.89	29.6179	
1925	1	18.75	18.75	30.4075	
1926	1	18.8	18.8	30.86	
1927	1	18.68	18.68	31.8176	
1928	1	18.85	18.85	31.1875	
1929	1	18.86	18.86	31.3404	
1930	1	18.73	18.73	32.1371	
1931	1	18.55	18.55	32.4075	
1932	1	18.59	18.59	32.3619	
1933	1	18.37	18.37	32.5531	
1934	1	18.56	18.56	32.0864	
1935	1	18.62	18.62	31.7556	
1936	1	18.87	18.87	31.5131	
1937	1	19	19	31.4	
1938	1	19.71	19.71	29.3859	
1939	1	19.53	19.53	29.4891	
1940	1	19.67	19.67	29.6811	
1941	1	19.66	19.66	29.3244	
1942	1	19.78	19.78	28.6916	
1943	1	19.68	19.68	29.4376	
1944	1	19.84	19.84	29.5744	
1945	1	19.76	19.76	30.3024	
1946	1	19.67	19.67	30.7611	
1947	1	19.64	19.64	30.6504	
1948	1	19.44	19.44	31.8264	
1949	1	19.57	19.57	31.3651	
1950	1	19.72	19.72	31.4416	
1951	1	19.6	19.6	31.12	
1952	1	19.78	19.78	31.3316	
1953	1	19.85	19.85	30.0875	
1954	1	19.83	19.83	30.2011	
1955	1	19.91	19.91	30.4819	
1956	1	19.68	19.68	31.3976	
1957	1	19.5	19.5	32.41	
1958	1	19.39	19.39	32.1379	
1959	1	19.41	19.41	32.1019	
1960	1	18.96	18.96	33.0984	
1961	1	19.16	19.16	32.8144	
1962	1	19.14	19.14	33.1004	
1963	1	18.9	18.9	33.65	
1964	1	18.89	18.89	33.9779	
1965	1	18.78	18.78	34.0316	
1966	1	18.65	18.65	34.6475	
1967	1	18.71	18.71	34.6259	
1968	1	19.02	19.02	34.1796	
1969	1	18.87	18.87	34.5731	
1970	1	18.85	18.85	35.2875	
1971	1	18.86	18.86	35.1004	
1972	1	18.87	18.87	34.4731	
1973	1	18.85	18.85	34.3475	
1974	1	19.11	19.11	33.5979	
1975	1	19.13	19.13	33.7731	
1976	1	19.28	19.28	33.7816	
1977	1	19.37	19.37	33.4131	
1978	1	19.32	19.32	33.0376	
1979	1	19.28	19.28	32.7616	
1980	1	19.39	19.39	32.7979	
1981	1	19.03	19.03	33.7091	
1982	1	19.22	19.22	33.6916	
1983	1	19.32	19.32	33.2176	
1984	1	19.38	19.38	33.1756	
1985	1	19.39	19.39	33.5379	
1986	1	19.47	19.47	33.1891	
1987	1	19.47	19.47	34.7091	
1988	1	19.31	19.31	35.4139	
1989	1	19.37	19.37	35.3331	
1990	1	19.56	19.56	34.6064	
1991	1	19.54	19.54	35.1684	
1992	1	19.44	19.44	35.5264	
1993	1	19.31	19.31	36.2739	
1994	1	19.01	19.01	37.5699	
1995	1	18.8	18.8	37.56	
1996	1	19	19	38.2	
1997	1	19.1	19.1	38.33	
1998	1	18.99	18.99	38.3499	
1999	1	19.17	19.17	39.1211	
2000	1	19.12	19.12	39.2656	
