# mu = 0.1, s = 1, trials requested = 1, runtime = 0:00:02
# "Time"	"Actual trials"	"Mean mutation"	"Average mean mutation"	"Average mutation variance"
0	1	0	0	0	
1	1	0	0	0	
2	1	0	0	0	
3	1	0.01	0.01	0.0099	
4	1	0.02	0.02	0.0196	
5	1	0.04	0.04	0.0384	
6	1	0.05	0.05	0.0475	
7	1	0.06	0.06	0.0564	
8	1	0.08	0.08	0.0736	
9	1	0.1	0.1	0.09	
10	1	0.13	0.13	0.1331	
11	1	0.14	0.14	0.1404	
12	1	0.18	0.18	0.1676	
13	1	0.2	0.2	0.18	
14	1	0.21	0.21	0.1859	
15	1	0.22	0.22	0.1916	
16	1	0.27	0.27	0.2371	
17	1	0.3	0.3	0.25	
18	1	0.31	0.31	0.2539	
19	1	0.32	0.32	0.2576	
20	1	0.36	0.36	0.2904	
21	1	0.4	0.4	0.36	
22	1	0.45	0.45	0.4075	
23	1	0.45	0.45	0.4075	
24	1	0.48	0.48	0.4496	
25	1	0.52	0.52	0.5296	
26	1	0.55	0.55	0.5875	
27	1	0.6	0.6	0.66	
28	1	0.66	0.66	0.7044	
29	1	0.68	0.68	0.7976	
30	1	0.74	0.74	1.0124	
31	1	0.78	0.78	1.1316	
32	1	0.86	0.86	1.3604	
33	1	0.92	0.92	1.4936	
34	1	0.98	0.98	1.7196	
35	1	0.99	0.99	1.8899	
36	1	1.03	1.03	2.1091	
37	1	1.06	1.06	2.3164	
38	1	1.07	1.07	2.4051	
39	1	1.08	1.08	2.4936	
40	1	1.16	1.16	2.9344	
41	1	1.21	1.21	3.0859	
42	1	1.41	1.41	4.4619	
43	1	1.51	1.51	5.0899	
44	1	1.55	1.55	5.3075	
45	1	1.54	1.54	5.3284	
46	1	1.66	1.66	6.0044	
47	1	1.76	1.76	6.6224	
48	1	1.88	1.88	7.4656	
49	1	1.94	1.94	7.9764	
50	1	2.03	2.03	8.4491	
51	1	2.14	2.14	9.1804	
52	1	2.13	2.13	9.0731	
53	1	2.34	2.34	10.4644	
54	1	2.37	2.37	10.8931	
55	1	2.48	2.48	11.5696	
56	1	2.58	2.58	12.0636	
57	1	2.65	2.65	13.0675	
58	1	2.76	2.76	14.7424	
59	1	2.82	2.82	15.8276	
60	1	2.98	2.98	18.1996	
61	1	3.05	3.05	19.2475	
62	1	3.16	3.16	21.1344	
63	1	3.23	3.23	22.6971	
64	1	3.27	3.27	23.6171	
65	1	3.37	3.37	25.5731	
66	1	3.43	3.43	26.9051	
67	1	3.59	3.59	29.6219	
68	1	3.61	3.61	30.1379	
69	1	3.63	3.63	30.6531	
70	1	3.69	3.69	32.2739	
71	1	3.74	3.74	33.7124	
72	1	3.81	3.81	35.7939	
73	1	4.03	4.03	41.0891	
74	1	4.07	4.07	42.2851	
75	1	4.09	4.09	42.7419	
76	1	4.11	4.11	43.1979	
77	1	4.37	4.37	50.1331	
78	1	4.57	4.57	54.0051	
79	1	4.7	4.7	57.07	
80	1	4.73	4.73	58.0371	
81	1	4.74	4.74	58.3724	
82	1	4.82	4.82	59.9876	
83	1	5	5	64.7	
84	1	5.11	5.11	67.2379	
85	1	5.15	5.15	68.5675	
86	1	5.23	5.23	71.2971	
87	1	5.35	5.35	74.1275	
88	1	5.35	5.35	74.1075	
89	1	5.34	5.34	73.7644	
90	1	5.33	5.33	73.4611	
91	1	5.39	5.39	75.2179	
92	1	5.47	5.47	78.0491	
93	1	5.52	5.52	79.7296	
94	1	5.58	5.58	81.8636	
95	1	5.91	5.91	87.8419	
96	1	5.97	5.97	89.7491	
97	1	6	6	90.92	
98	1	6.01	6.01	91.2899	
99	1	6.05	6.05	92.8275	
100	1	6.07	6.07	93.3451	
101	1	6.09	6.09	94.1019	
102	1	6.14	6.14	96.0204	
103	1	6.2	6.2	98.48	
104	1	6.24	6.24	100.182	
105	1	6.34	6.34	104.064	
106	1	6.36	6.36	104.93	
107	1	6.37	6.37	105.213	
108	1	6.43	6.43	107.625	
109	1	6.43	6.43	107.605	
110	1	6.45	6.45	108.488	
111	1	6.5	6.5	110.49	
112	1	6.57	6.57	113.405	
113	1	6.68	6.68	118.238	
114	1	6.75	6.75	121.627	
115	1	6.91	6.91	129.022	
116	1	7.1	7.1	138.21	
117	1	7.24	7.24	144.022	
118	1	7.26	7.26	145.052	
119	1	7.5	7.5	157.27	
120	1	7.54	7.54	159.468	
121	1	7.56	7.56	160.626	
122	1	7.61	7.61	163.418	
123	1	7.63	7.63	164.513	
124	1	7.66	7.66	166.264	
125	1	7.79	7.79	173.206	
126	1	7.87	7.87	177.813	
127	1	8.05	8.05	185.707	
128	1	8.27	8.27	195.997	
129	1	8.66	8.66	206.744	
130	1	8.66	8.66	206.744	
131	1	8.69	8.69	208.574	
132	1	9.07	9.07	218.585	
133	1	9.13	9.13	222.233	
134	1	9.17	9.17	224.801	
135	1	9.29	9.29	232.326	
136	1	9.68	9.68	242.478	
137	1	9.71	9.71	244.326	
138	1	10.51	10.51	264.95	
139	1	10.54	10.54	266.888	
140	1	11	11	280.54	
141	1	11.06	11.06	284.296	
142	1	11.5	11.5	294.61	
143	1	11.52	11.52	295.93	
144	1	11.58	11.58	299.464	
145	1	11.63	11.63	302.853	
146	1	11.76	11.76	311.422	
147	1	11.83	11.83	316.101	
148	1	11.89	11.89	320.378	
149	1	11.93	11.93	323.245	
150	1	11.98	11.98	326.88	
151	1	12.07	12.07	333.325	
152	1	12.59	12.59	348.502	
153	1	13.06	13.06	359.416	
154	1	13.06	13.06	359.416	
155	1	14.63	14.63	400.413	
156	1	15.16	15.16	413.454	
157	1	15.17	15.17	414.161	
158	1	15.25	15.25	419.508	
159	1	15.28	15.28	421.622	
160	1	15.81	15.81	433.194	
161	1	15.92	15.92	440.574	
162	1	15.94	15.94	441.996	
163	1	16.49	16.49	454.31	
164	1	16.49	16.49	454.33	
165	1	16.53	16.53	457.129	
166	1	16.55	16.55	458.567	
167	1	16.59	16.59	461.442	
168	1	17.15	17.15	473.848	
169	1	17.18	17.18	476.008	
170	1	17.21	17.21	478.126	
171	1	17.21	17.21	478.126	
172	1	17.22	17.22	478.872	
173	1	17.22	17.22	478.792	
174	1	17.24	17.24	480.262	
175	1	17.28	17.28	483.182	
176	1	17.3	17.3	484.67	
177	1	17.33	17.33	486.781	
178	1	17.41	17.41	492.462	
179	1	17.43	17.43	493.865	
180	1	17.57	17.57	503.965	
181	1	17.66	17.66	510.844	
182	1	17.73	17.73	516.177	
183	1	17.77	17.77	519.077	
184	1	17.8	17.8	521.42	
185	1	17.9	17.9	529.11	
186	1	17.98	17.98	535.2	
187	1	18.05	18.05	540.648	
188	1	18.09	18.09	543.822	
189	1	18.2	18.2	553.02	
190	1	18.25	18.25	557.148	
191	1	18.37	18.37	567.233	
192	1	18.37	18.37	567.213	
193	1	18.37	18.37	567.233	
194	1	18.44	18.44	573.166	
195	1	19.09	19.09	590.922	
196	1	19.74	19.74	607.932	
197	1	19.74	19.74	607.912	
198	1	19.73	19.73	607.077	
199	1	20.41	20.41	627.022	
200	1	21.1	21.1	645.69	
201	1	21.75	21.75	660.168	
202	1	22.39	22.39	672.878	
203	1	22.45	22.45	677.948	
204	1	22.54	22.54	685.448	
205	1	22.54	22.54	685.448	
206	1	22.57	22.57	687.905	
207	1	22.58	22.58	688.784	
208	1	22.6	22.6	690.54	
209	1	23.26	23.26	703.932	
210	1	23.25	23.25	703.007	
211	1	23.35	23.35	711.367	
212	1	23.38	23.38	713.956	
213	1	23.42	23.42	717.364	
214	1	23.41	23.41	716.642	
215	1	23.48	23.48	722.77	
216	1	23.5	23.5	724.57	
217	1	23.57	23.57	731.045	
218	1	23.65	23.65	738.408	
219	1	23.72	23.72	744.982	
220	1	23.87	23.87	758.953	
221	1	24.06	24.06	776.636	
222	1	24.17	24.17	786.581	
223	1	24.31	24.31	799.454	
224	1	24.58	24.58	824.344	
225	1	25.4	25.4	850.14	
226	1	25.4	25.4	850.12	
227	1	26.24	26.24	876.662	
228	1	26.26	26.26	878.512	
229	1	26.32	26.32	884.358	
230	1	26.37	26.37	889.373	
231	1	26.38	26.38	890.396	
232	1	26.37	26.37	889.433	
233	1	26.42	26.42	894.544	
234	1	26.44	26.44	896.586	
235	1	27.23	27.23	916.597	
236	1	28.06	28.06	939.456	
237	1	28.14	28.14	947.7	
238	1	28.95	28.95	967.068	
239	1	29.04	29.04	976.278	
240	1	29.06	29.06	978.356	
241	1	29.11	29.11	983.378	
242	1	29.13	29.13	985.473	
243	1	30.01	30.01	1010.27	
244	1	30	30	1009.22	
245	1	30.07	30.07	1015.99	
246	1	30.17	30.17	1025.9	
247	1	30.41	30.41	1049.28	
248	1	30.42	30.42	1050.28	
249	1	30.5	30.5	1058.81	
250	1	30.54	30.54	1063.07	
251	1	30.58	30.58	1067.46	
252	1	30.58	30.58	1067.58	
253	1	30.82	30.82	1092.87	
254	1	30.87	30.87	1098.23	
255	1	31	31	1111.38	
256	1	31.08	31.08	1120.11	
257	1	31.13	31.13	1125.79	
258	1	31.36	31.36	1147.07	
259	1	31.38	31.38	1149.36	
260	1	31.64	31.64	1173.51	
261	1	31.66	31.66	1175.78	
262	1	31.76	31.76	1186.7	
263	1	31.85	31.85	1196.57	
264	1	31.84	31.84	1195.37	
265	1	31.83	31.83	1194.22	
266	1	31.9	31.9	1201.75	
267	1	31.97	31.97	1209.77	
268	1	32.07	32.07	1220.61	
269	1	32.11	32.11	1225.16	
270	1	32.18	32.18	1233.47	
271	1	32.2	32.2	1235.82	
272	1	32.34	32.34	1252.36	
273	1	32.35	32.35	1253.59	
274	1	33.09	33.09	1319.64	
275	1	33.22	33.22	1334.91	
276	1	33.6	33.6	1367.28	
277	1	33.68	33.68	1376.72	
278	1	33.7	33.7	1379.17	
279	1	33.75	33.75	1385.29	
280	1	33.8	33.8	1391.5	
281	1	34.24	34.24	1430.84	
282	1	34.64	34.64	1464.91	
283	1	34.67	34.67	1468.56	
284	1	35.17	35.17	1514.1	
285	1	35.29	35.29	1528.19	
286	1	35.43	35.43	1545.83	
287	1	35.59	35.59	1564.96	
288	1	35.74	35.74	1582.89	
289	1	35.81	35.81	1592.11	
290	1	35.84	35.84	1596.11	
291	1	35.86	35.86	1598.76	
292	1	35.93	35.93	1608.03	
293	1	36.06	36.06	1624.88	
294	1	36.07	36.07	1626.23	
295	1	36.15	36.15	1636.87	
296	1	36.28	36.28	1653.9	
297	1	36.51	36.51	1682.61	
298	1	36.72	36.72	1708.58	
299	1	36.76	36.76	1714.12	
300	1	36.86	36.86	1728.04	
301	1	36.94	36.94	1739.26	
302	1	37.03	37.03	1751.83	
303	1	37.04	37.04	1753.26	
304	1	37.05	37.05	1754.69	
305	1	37.29	37.29	1787.01	
306	1	37.47	37.47	1811.43	
307	1	37.53	37.53	1820.15	
308	1	37.73	37.73	1846.86	
309	1	37.74	37.74	1848.31	
310	1	37.82	37.82	1859.67	
311	1	38.18	38.18	1906.81	
312	1	38.21	38.21	1911.23	
313	1	38.22	38.22	1912.67	
314	1	38.23	38.23	1914.14	
315	1	38.25	38.25	1917.07	
316	1	38.26	38.26	1918.53	
317	1	38.26	38.26	1918.53	
318	1	38.47	38.47	1946.15	
319	1	38.49	38.49	1949.27	
320	1	38.5	38.5	1950.81	
321	1	38.52	38.52	1953.79	
322	1	38.59	38.59	1964.2	
323	1	38.56	38.56	1959.75	
324	1	38.68	38.68	1976.82	
325	1	38.71	38.71	1981.25	
326	1	38.92	38.92	2008.79	
327	1	38.91	38.91	2007.46	
328	1	38.91	38.91	2007.4	
329	1	38.99	38.99	2019.35	
330	1	39.43	39.43	2077.19	
331	1	39.44	39.44	2078.71	
332	1	40.64	40.64	2188.97	
333	1	41.31	41.31	2245.93	
334	1	42.66	42.66	2359.94	
335	1	42.67	42.67	2361.4	
336	1	42.67	42.67	2361.34	
337	1	42.69	42.69	2364.29	
338	1	43.35	43.35	2418.39	
339	1	44.12	44.12	2474.89	
340	1	44.13	44.13	2476.27	
341	1	44.11	44.11	2473.38	
342	1	44.11	44.11	2473.32	
343	1	44.9	44.9	2531.63	
344	1	45.67	45.67	2585.82	
345	1	46.45	46.45	2640.23	
346	1	46.48	46.48	2644.45	
347	1	46.51	46.51	2648.67	
348	1	47.32	47.32	2699.84	
349	1	47.4	47.4	2710.98	
350	1	47.42	47.42	2713.82	
351	1	47.44	47.44	2716.61	
352	1	47.48	47.48	2722.13	
353	1	47.49	47.49	2723.51	
354	1	47.59	47.59	2737.48	
355	1	48.42	48.42	2789.7	
356	1	48.48	48.48	2798.07	
357	1	48.53	48.53	2805.09	
358	1	49.38	49.38	2856.96	
359	1	50.25	50.25	2910.21	
360	1	50.29	50.29	2915.71	
361	1	50.26	50.26	2911.65	
362	1	50.26	50.26	2911.65	
363	1	50.38	50.38	2928.2	
364	1	50.45	50.45	2938.01	
365	1	50.5	50.5	2945.07	
366	1	50.59	50.59	2957.74	
367	1	50.72	50.72	2975.98	
368	1	50.72	50.72	2975.98	
369	1	50.72	50.72	2975.98	
370	1	50.76	50.76	2981.5	
371	1	50.91	50.91	3002.06	
372	1	50.94	50.94	3006.42	
373	1	50.95	50.95	3007.85	
374	1	51	51	3014.96	
375	1	51.03	51.03	3019.21	
376	1	51.08	51.08	3026.47	
377	1	51.09	51.09	3027.94	
378	1	51.15	51.15	3036.53	
379	1	51.16	51.16	3037.95	
380	1	51.16	51.16	3037.93	
381	1	51.2	51.2	3043.72	
382	1	51.24	51.24	3049.54	
383	1	51.28	51.28	3055.42	
384	1	51.45	51.45	3079.81	
385	1	51.53	51.53	3091.09	
386	1	51.54	51.54	3092.59	
387	1	51.57	51.57	3097.09	
388	1	51.61	51.61	3103.12	
389	1	51.69	51.69	3114.79	
390	1	51.77	51.77	3126.78	
391	1	51.8	51.8	3131.44	
392	1	51.83	51.83	3136.04	
393	1	52	52	3161.66	
394	1	52.29	52.29	3205.75	
395	1	52.32	52.32	3210.54	
396	1	52.46	52.46	3232.01	
397	1	52.48	52.48	3235.15	
398	1	52.46	52.46	3232.05	
399	1	52.47	52.47	3233.63	
400	1	52.51	52.51	3240.09	
401	1	52.73	52.73	3271.9	
402	1	52.75	52.75	3275.05	
403	1	52.77	52.77	3278.26	
404	1	52.96	52.96	3304.72	
405	1	53.02	53.02	3314	
406	1	53.49	53.49	3380.19	
407	1	53.54	53.54	3388.35	
408	1	53.54	53.54	3388.35	
409	1	53.54	53.54	3388.35	
410	1	53.53	53.53	3386.73	
411	1	53.61	53.61	3399.66	
412	1	53.83	53.83	3430.58	
413	1	53.85	53.85	3433.85	
414	1	54.1	54.1	3469.55	
415	1	54.11	54.11	3471.18	
416	1	54.65	54.65	3548.03	
417	1	54.7	54.7	3556.19	
418	1	54.73	54.73	3561.08	
419	1	54.74	54.74	3562.69	
420	1	54.8	54.8	3572.48	
421	1	55.12	55.12	3617.55	
422	1	55.48	55.48	3668.27	
423	1	55.47	55.47	3666.63	
424	1	55.76	55.76	3706.18	
425	1	56.13	56.13	3755.67	
426	1	56.2	56.2	3766.62	
427	1	56.21	56.21	3768.25	
428	1	56.24	56.24	3773.14	
429	1	56.76	56.76	3832.9	
430	1	56.77	56.77	3834.52	
431	1	56.76	56.76	3832.88	
432	1	56.79	56.79	3837.75	
433	1	56.84	56.84	3845.83	
434	1	57.52	57.52	3923.37	
435	1	58.11	58.11	3984.4	
436	1	58.13	58.13	3987.61	
437	1	58.12	58.12	3986.01	
438	1	58.15	58.15	3990.89	
439	1	58.16	58.16	3992.59	
440	1	58.24	58.24	4005.64	
441	1	58.28	58.28	4012.08	
442	1	58.32	58.32	4018.62	
443	1	58.36	58.36	4025.33	
444	1	58.42	58.42	4035.12	
445	1	58.46	58.46	4042.05	
446	1	58.58	58.58	4062.2	
447	1	58.64	58.64	4072.51	
448	1	58.84	58.84	4106.59	
449	1	58.99	58.99	4133.41	
450	1	59.24	59.24	4177.06	
451	1	59.35	59.35	4196.95	
452	1	59.78	59.78	4269.75	
453	1	60.03	60.03	4310.11	
454	1	60.06	60.06	4315.76	
455	1	60.11	60.11	4325.18	
456	1	60.17	60.17	4336.7	
457	1	60.26	60.26	4353.95	
458	1	60.46	60.46	4392.27	
459	1	60.55	60.55	4409.31	
460	1	60.58	60.58	4415.28	
461	1	61.27	61.27	4530.26	
462	1	61.34	61.34	4544.02	
463	1	61.76	61.76	4611.58	
464	1	61.79	61.79	4617.63	
465	1	63.09	63.09	4829.34	
466	1	63.11	63.11	4833.36	
467	1	63.14	63.14	4839.42	
468	1	63.21	63.21	4853.37	
469	1	63.22	63.22	4855.39	
470	1	63.27	63.27	4865.36	
471	1	63.69	63.69	4933.83	
472	1	63.74	63.74	4943.79	
473	1	63.85	63.85	4965.97	
474	1	64.36	64.36	5052.03	
475	1	64.4	64.4	5060.18	
476	1	64.47	64.47	5074.19	
477	1	64.5	64.5	5080.31	
478	1	64.59	64.59	5098.88	
479	1	64.59	64.59	5098.88	
480	1	65.02	65.02	5168.28	
481	1	65.15	65.15	5194.13	
482	1	65.62	65.62	5270.38	
483	1	65.84	65.84	5312.91	
484	1	66.18	66.18	5377.13	
485	1	66.25	66.25	5391.67	
486	1	66.42	66.42	5423.72	
487	1	66.44	66.44	5427.87	
488	1	66.78	66.78	5488.03	
489	1	66.81	66.81	5494.19	
490	1	66.88	66.88	5508.89	
491	1	66.92	66.92	5517.19	
492	1	66.93	66.93	5519.31	
493	1	66.93	66.93	5519.29	
494	1	66.97	66.97	5527.73	
495	1	67.07	67.07	5548.81	
496	1	67.15	67.15	5565.61	
497	1	67.18	67.18	5572.01	
498	1	67.25	67.25	5586.73	
499	1	67.25	67.25	5586.73	
500	1	67.25	67.25	5586.73	
501	1	67.34	67.34	5605.76	
502	1	67.78	67.78	5686.01	
503	1	67.89	67.89	5709.58	
504	1	67.95	67.95	5722.49	
505	1	67.96	67.96	5724.68	
506	1	67.99	67.99	5731.13	
507	1	68.06	68.06	5746.22	
508	1	68.08	68.08	5750.59	
509	1	68.12	68.12	5759.37	
510	1	68.16	68.16	5768.17	
511	1	68.21	68.21	5779.21	
512	1	68.29	68.29	5796.59	
513	1	68.58	68.58	5858.44	
514	1	68.77	68.77	5898.9	
515	1	68.82	68.82	5910.25	
516	1	68.9	68.9	5928.15	
517	1	68.98	68.98	5946.3	
518	1	69.15	69.15	5982.27	
519	1	69.17	69.17	5986.72	
520	1	69.18	69.18	5989.05	
521	1	69.22	69.22	5998.07	
522	1	69.24	69.24	6002.68	
523	1	69.25	69.25	6004.99	
524	1	69.45	69.45	6047.45	
525	1	69.54	69.54	6067.79	
526	1	69.55	69.55	6070.11	
527	1	69.78	69.78	6119.17	
528	1	69.8	69.8	6123.78	
529	1	69.83	69.83	6130.66	
530	1	69.87	69.87	6139.87	
531	1	69.9	69.9	6146.87	
532	1	70.15	70.15	6203.47	
533	1	70.18	70.18	6210.47	
534	1	70.25	70.25	6226.93	
535	1	70.25	70.25	6226.93	
536	1	70.24	70.24	6224.56	
537	1	70.32	70.32	6243.22	
538	1	70.48	70.48	6280.49	
539	1	70.56	70.56	6299.19	
540	1	70.82	70.82	6355.97	
541	1	71.16	71.16	6431.71	
542	1	71.22	71.22	6446.05	
543	1	71.21	71.21	6443.63	
544	1	71.53	71.53	6514.69	
545	1	71.56	71.56	6522.01	
546	1	72.54	72.54	6703.37	
547	1	74.16	74.16	6847.87	
548	1	75.74	75.74	6977.59	
549	1	75.79	75.79	6989.19	
550	1	77.52	77.52	7116.37	
551	1	77.53	77.53	7118.65	
552	1	77.52	77.52	7116.37	
553	1	77.55	77.55	7123.37	
554	1	77.59	77.59	7132.74	
555	1	77.68	77.68	7154.16	
556	1	77.69	77.69	7156.65	
557	1	77.74	77.74	7168.53	
558	1	77.74	77.74	7168.53	
559	1	77.81	77.81	7185.21	
560	1	77.92	77.92	7211.35	
561	1	77.94	77.94	7216.18	
562	1	79.65	79.65	7331.45	
563	1	79.63	79.63	7326.69	
564	1	83.21	83.21	7566.25	
565	1	83.24	83.24	7573.18	
566	1	85.03	85.03	7678.17	
567	1	85.02	85.02	7675.88	
568	1	85.03	85.03	7678.17	
569	1	85.05	85.05	7682.75	
570	1	86.85	86.85	7783.59	
571	1	88.7	88.7	7878.55	
572	1	88.8	88.8	7901.12	
573	1	88.89	88.89	7921.42	
574	1	88.92	88.92	7928.31	
575	1	88.91	88.91	7926.12	
576	1	88.92	88.92	7928.33	
577	1	88.99	88.99	7944.17	
578	1	90.83	90.83	8029.12	
579	1	90.84	90.84	8031.39	
580	1	90.9	90.9	8045.09	
581	1	90.95	90.95	8056.51	
582	1	93.01	93.01	8101.97	
583	1	93.06	93.06	8113.26	
584	1	95.17	95.17	8165.14	
585	1	95.2	95.2	8171.76	
586	1	95.43	95.43	8221.79	
587	1	95.52	95.52	8241.35	
588	1	95.69	95.69	8278.29	
589	1	95.72	95.72	8285.04	
590	1	95.86	95.86	8315.82	
591	1	95.95	95.95	8336.11	
592	1	96.07	96.07	8362.17	
593	1	96.12	96.12	8373.43	
594	1	96.18	96.18	8386.95	
595	1	96.23	96.23	8398.24	
596	1	100.45	100.45	8458.65	
597	1	100.44	100.44	8456.51	
598	1	100.44	100.44	8456.51	
599	1	100.54	100.54	8478.31	
600	1	100.55	100.55	8480.51	
601	1	100.59	100.59	8489.24	
602	1	102.76	102.76	8518.46	
603	1	102.77	102.77	8520.62	
604	1	102.84	102.84	8535.87	
605	1	102.88	102.88	8544.47	
606	1	102.92	102.92	8553.05	
607	1	102.92	102.92	8553.05	
608	1	102.98	102.98	8566.2	
609	1	107.3	107.3	8590.63	
610	1	107.35	107.35	8601.27	
611	1	107.42	107.42	8616.32	
612	1	107.54	107.54	8641.77	
613	1	107.57	107.57	8648.25	
614	1	107.62	107.62	8658.72	
615	1	107.62	107.62	8658.72	
616	1	107.66	107.66	8667.36	
617	1	107.68	107.68	8671.72	
618	1	107.71	107.71	8678.31	
619	1	107.81	107.81	8699.55	
620	1	107.86	107.86	8710.54	
621	1	107.91	107.91	8721.5	
622	1	110.13	110.13	8729.95	
623	1	110.21	110.21	8747.31	
624	1	112.45	112.45	8750.15	
625	1	112.47	112.47	8754.47	
626	1	116.94	116.94	8727.98	
627	1	117	117	8740.6	
628	1	117.08	117.08	8757.41	
629	1	119.33	119.33	8731.78	
630	1	121.73	121.73	8726.48	
631	1	123.99	123.99	8690.83	
632	1	124.04	124.04	8701.02	
633	1	124.07	124.07	8707.17	
634	1	124.12	124.12	8717.39	
635	1	124.16	124.16	8725.59	
636	1	128.7	128.7	8626.35	
637	1	131.03	131.03	8563.83	
638	1	131.07	131.07	8571.63	
639	1	131.06	131.06	8569.66	
640	1	133.36	133.36	8495.07	
641	1	133.41	133.41	8504.5	
642	1	135.72	135.72	8420.96	
643	1	135.72	135.72	8420.98	
644	1	135.79	135.79	8433.97	
645	1	135.84	135.84	8443.33	
646	1	135.88	135.88	8450.63	
647	1	135.93	135.93	8460.09	
648	1	135.94	135.94	8462	
649	1	135.94	135.94	8462.04	
650	1	135.96	135.96	8465.68	
651	1	136.01	136.01	8475.19	
652	1	136	136	8473.32	
653	1	136.06	136.06	8484.76	
654	1	136.09	136.09	8490.44	
655	1	136.1	136.1	8492.27	
656	1	136.16	136.16	8503.81	
657	1	136.22	136.22	8515.25	
658	1	136.27	136.27	8524.78	
659	1	136.28	136.28	8526.66	
660	1	136.44	136.44	8557.07	
661	1	136.49	136.49	8566.89	
662	1	136.53	136.53	8574.79	
663	1	136.55	136.55	8578.73	
664	1	136.79	136.79	8623.69	
665	1	136.81	136.81	8627.67	
666	1	137.02	137.02	8666.68	
667	1	137.09	137.09	8680.7	
668	1	137.11	137.11	8684.7	
669	1	137.15	137.15	8692.69	
670	1	137.15	137.15	8692.69	
671	1	137.16	137.16	8694.69	
672	1	137.36	137.36	8731.45	
673	1	137.47	137.47	8752.99	
674	1	137.57	137.57	8773.13	
675	1	137.59	137.59	8777.16	
676	1	137.81	137.81	8817.77	
677	1	138.09	138.09	8868.86	
678	1	138.12	138.12	8875.01	
679	1	138.39	138.39	8924.24	
680	1	138.48	138.48	8942.67	
681	1	138.5	138.5	8946.75	
682	1	138.56	138.56	8959.03	
683	1	138.61	138.61	8969.34	
684	1	138.64	138.64	8975.51	
685	1	138.91	138.91	9024.52	
686	1	139.89	139.89	9200.24	
687	1	139.93	139.93	9208.53	
688	1	140.28	140.28	9270.38	
689	1	140.33	140.33	9280.5	
690	1	140.35	140.35	9284.63	
691	1	140.37	140.37	9288.81	
692	1	140.42	140.42	9299.28	
693	1	140.51	140.51	9317.99	
694	1	140.9	140.9	9387.15	
695	1	140.9	140.9	9387.13	
696	1	140.97	140.97	9401.87	
697	1	141.13	141.13	9435.97	
698	1	141.37	141.37	9487.41	
699	1	141.4	141.4	9493.94	
700	1	141.86	141.86	9577.8	
701	1	141.91	141.91	9588.8	
702	1	141.99	141.99	9606.25	
703	1	142.06	142.06	9621.62	
704	1	142.1	142.1	9630.47	
705	1	142.17	142.17	9645.94	
706	1	142.19	142.19	9650.43	
707	1	142.29	142.29	9672.51	
708	1	142.29	142.29	9672.53	
709	1	142.31	142.31	9677.01	
710	1	142.39	142.39	9695.14	
711	1	142.58	142.58	9736.34	
712	1	142.62	142.62	9745.4	
713	1	142.92	142.92	9809.43	
714	1	143.08	143.08	9843.67	
715	1	143.1	143.1	9848.13	
716	1	143.14	143.14	9857.28	
717	1	143.19	143.19	9868.59	
718	1	143.27	143.27	9886.48	
719	1	143.3	143.3	9893.39	
720	1	143.31	143.31	9895.69	
721	1	143.29	143.29	9891.09	
722	1	143.38	143.38	9911.24	
723	1	143.46	143.46	9929.07	
724	1	143.43	143.43	9922.19	
725	1	143.45	143.45	9926.77	
726	1	143.6	143.6	9958.9	
727	1	144.69	144.69	10160.3	
728	1	144.68	144.68	10158	
729	1	144.84	144.84	10191.7	
730	1	145.78	145.78	10362.2	
731	1	145.82	145.82	10371.2	
732	1	145.85	145.85	10378	
733	1	145.85	145.85	10378	
734	1	145.89	145.89	10387.2	
735	1	145.98	145.98	10407.8	
736	1	146.02	146.02	10416.8	
737	1	146.1	146.1	10435.4	
738	1	146.12	146.12	10440	
739	1	146.23	146.23	10465.6	
740	1	146.31	146.31	10483.9	
741	1	146.85	146.85	10585.5	
742	1	146.86	146.86	10587.8	
743	1	146.89	146.89	10594.8	
744	1	146.88	146.88	10592.5	
745	1	147.01	147.01	10623.3	
746	1	147.09	147.09	10642.4	
747	1	147.11	147.11	10647.2	
748	1	147.19	147.19	10666.2	
749	1	147.27	147.27	10685.5	
750	1	147.28	147.28	10687.9	
751	1	147.4	147.4	10715.9	
752	1	147.57	147.57	10755.6	
753	1	147.62	147.62	10767.8	
754	1	147.87	147.87	10826.1	
755	1	148.03	148.03	10863.4	
756	1	148.03	148.03	10863.4	
757	1	148.03	148.03	10863.4	
758	1	148.32	148.32	10930.7	
759	1	148.33	148.33	10933.1	
760	1	148.4	148.4	10950.3	
761	1	148.44	148.44	10960.1	
762	1	148.62	148.62	11002.2	
763	1	148.82	148.82	11049.2	
764	1	148.84	148.84	11054.1	
765	1	148.87	148.87	11061.5	
766	1	148.91	148.91	11071.4	
767	1	149.08	149.08	11111	
768	1	149.1	149.1	11115.9	
769	1	149.12	149.12	11120.9	
770	1	149.1	149.1	11115.9	
771	1	149.06	149.06	11106.1	
772	1	149.09	149.09	11113.6	
773	1	149.27	149.27	11156.2	
774	1	149.59	149.59	11230.9	
775	1	149.62	149.62	11238.4	
776	1	149.65	149.65	11246	
777	1	149.71	149.71	11261.1	
778	1	149.87	149.87	11301.3	
779	1	149.93	149.93	11316.4	
780	1	149.97	149.97	11326.7	
781	1	150.04	150.04	11344.1	
782	1	150.11	150.11	11362.2	
783	1	150.17	150.17	11377.7	
784	1	150.31	150.31	11413.6	
785	1	150.36	150.36	11426.7	
786	1	150.62	150.62	11492.6	
787	1	150.76	150.76	11528.1	
788	1	151	151	11588.4	
789	1	151	151	11588.4	
790	1	151.01	151.01	11591	
791	1	151.14	151.14	11623.7	
792	1	151.34	151.34	11674.9	
793	1	151.31	151.31	11667	
794	1	151.29	151.29	11661.7	
795	1	151.35	151.35	11677.6	
796	1	151.54	151.54	11726	
797	1	151.6	151.6	11741.8	
798	1	151.62	151.62	11747.2	
799	1	151.75	151.75	11781.8	
800	1	151.83	151.83	11803.2	
801	1	151.89	151.89	11819.4	
802	1	151.94	151.94	11832.7	
803	1	152.01	152.01	11851.7	
804	1	152.12	152.12	11881.9	
805	1	152.18	152.18	11898	
806	1	152.5	152.5	11984.5	
807	1	152.57	152.57	12004.2	
808	1	152.91	152.91	12094.3	
809	1	152.99	152.99	12117.1	
810	1	153.04	153.04	12131	
811	1	153.15	153.15	12162.6	
812	1	153.67	153.67	12295.7	
813	1	154.32	154.32	12447	
814	1	154.36	154.36	12458.4	
815	1	154.39	154.39	12467.1	
816	1	154.59	154.59	12524.5	
817	1	154.71	154.71	12558.5	
818	1	154.86	154.86	12601.2	
819	1	154.97	154.97	12632.1	
820	1	155.17	155.17	12689.1	
821	1	155.25	155.25	12712.8	
822	1	155.29	155.29	12724.7	
823	1	155.32	155.32	12733.6	
824	1	155.43	155.43	12766.3	
825	1	155.48	155.48	12781.3	
826	1	155.73	155.73	12853.5	
827	1	155.82	155.82	12880.4	
828	1	156.01	156.01	12934.6	
829	1	155.99	155.99	12928.5	
830	1	156.01	156.01	12934.6	
831	1	156.23	156.23	12997.4	
832	1	156.32	156.32	13024.8	
833	1	156.43	156.43	13057.6	
834	1	156.5	156.5	13079	
835	1	156.6	156.6	13110	
836	1	156.62	156.62	13116.2	
837	1	156.75	156.75	13156.1	
838	1	156.82	156.82	13177.9	
839	1	157.15	157.15	13273.6	
840	1	157.18	157.18	13283.1	
841	1	157.18	157.18	13283.1	
842	1	157.46	157.46	13363	
843	1	157.49	157.49	13372.4	
844	1	157.82	157.82	13466	
845	1	158.56	158.56	13668.5	
846	1	158.57	158.57	13671.6	
847	1	158.6	158.6	13681.1	
848	1	158.69	158.69	13709.5	
849	1	158.72	158.72	13719	
850	1	158.87	158.87	13766.7	
851	1	158.93	158.93	13785.8	
852	1	159.08	159.08	13833.4	
853	1	159.21	159.21	13874.6	
854	1	159.26	159.26	13890.8	
855	1	159.41	159.41	13937.8	
856	1	159.42	159.42	13941.1	
857	1	159.4	159.4	13934.6	
858	1	159.5	159.5	13966.4	
859	1	159.52	159.52	13972.9	
860	1	159.68	159.68	14023.1	
861	1	160.21	160.21	14168.9	
862	1	160.36	160.36	14215.2	
863	1	160.38	160.38	14221.7	
864	1	160.49	160.49	14257.2	
865	1	160.65	160.65	14306.7	
866	1	160.69	160.69	14319.8	
867	1	160.7	160.7	14323.1	
868	1	160.79	160.79	14352.6	
869	1	160.86	160.86	14375.3	
870	1	160.88	160.88	14381.8	
871	1	160.9	160.9	14388.3	
872	1	160.96	160.96	14407.9	
873	1	160.92	160.92	14394.9	
874	1	160.96	160.96	14408	
875	1	160.99	160.99	14417.7	
876	1	161.04	161.04	14434	
877	1	161.23	161.23	14493.1	
878	1	161.29	161.29	14512.7	
879	1	161.34	161.34	14529.3	
880	1	161.37	161.37	14539.1	
881	1	161.37	161.37	14539.1	
882	1	161.42	161.42	14555.7	
883	1	161.44	161.44	14562.3	
884	1	161.69	161.69	14641.1	
885	1	161.97	161.97	14726.3	
886	1	162.02	162.02	14742.9	
887	1	162.06	162.06	14756.3	
888	1	162.38	162.38	14854.5	
889	1	162.41	162.41	14864.5	
890	1	163.62	163.62	15174.4	
891	1	163.63	163.63	15177.7	
892	1	163.71	163.71	15204.4	
893	1	163.73	163.73	15211	
894	1	163.76	163.76	15221	
895	1	163.87	163.87	15257.6	
896	1	163.83	163.83	15244.3	
897	1	163.91	163.91	15270.9	
898	1	163.96	163.96	15287.6	
899	1	164	164	15301.1	
900	1	164.02	164.02	15307.9	
901	1	164.1	164.1	15334.6	
902	1	164.14	164.14	15348.2	
903	1	164.21	164.21	15372.2	
904	1	164.39	164.39	15433.2	
905	1	164.67	164.67	15526.9	
906	1	164.73	164.73	15547.6	
907	1	164.74	164.74	15551.1	
908	1	164.93	164.93	15615.3	
909	1	165.01	165.01	15643.3	
910	1	165.04	165.04	15653.6	
911	1	165.05	165.05	15657.2	
912	1	165.26	165.26	15728.5	
913	1	165.3	165.3	15742.6	
914	1	165.37	165.37	15767.4	
915	1	165.43	165.43	15788.5	
916	1	165.5	165.5	15813.6	
917	1	165.84	165.84	15931.7	
918	1	165.9	165.9	15953.2	
919	1	166	166	15989.1	
920	1	166	166	15989.1	
921	1	166.06	166.06	16010.6	
922	1	166.21	166.21	16060.6	
923	1	166.23	166.23	16067.9	
924	1	166.22	166.22	16064.3	
925	1	166.43	166.43	16137.3	
926	1	166.45	166.45	16144.5	
927	1	166.45	166.45	16144.5	
928	1	166.51	166.51	16166.3	
929	1	167.03	167.03	16345.9	
930	1	167.34	167.34	16450.8	
931	1	167.36	167.36	16458.2	
932	1	167.65	167.65	16555.7	
933	1	167.67	167.67	16563.1	
934	1	167.71	167.71	16577.6	
935	1	168.53	168.53	16813.6	
936	1	168.54	168.54	16817.2	
937	1	169.35	169.35	17048.2	
938	1	170.21	170.21	17295.8	
939	1	170.23	170.23	17303.1	
940	1	170.24	170.24	17306.7	
941	1	170.29	170.29	17324.8	
942	1	170.31	170.31	17332	
943	1	170.39	170.39	17360.9	
944	1	170.41	170.41	17368.2	
945	1	171.85	171.85	17696	
946	1	171.92	171.92	17721.3	
947	1	172.02	172.02	17757.6	
948	1	172.07	172.07	17776.1	
949	1	172.22	172.22	17831.1	
950	1	172.35	172.35	17878.8	
951	1	173.85	173.85	18214.4	
952	1	175.47	175.47	18558.6	
953	1	175.47	175.47	18558.6	
954	1	175.47	175.47	18558.6	
955	1	175.48	175.48	18562.3	
956	1	178.72	178.72	19209.3	
957	1	178.75	178.75	19219.9	
958	1	180.44	180.44	19544	
959	1	180.42	180.42	19536.9	
960	1	180.46	180.46	19551	
961	1	180.48	180.48	19558.1	
962	1	180.5	180.5	19564.7	
963	1	182.21	182.21	19889.8	
964	1	182.24	182.24	19900.3	
965	1	182.23	182.23	19896.8	
966	1	182.24	182.24	19900.3	
967	1	182.24	182.24	19900.3	
968	1	182.24	182.24	19900.3	
969	1	185.58	185.58	20505.5	
970	1	187.31	187.31	20806.7	
971	1	187.32	187.32	20810.1	
972	1	187.33	187.33	20813.5	
973	1	187.38	187.38	20830.4	
974	1	187.39	187.39	20833.9	
975	1	187.39	187.39	20833.9	
976	1	187.45	187.45	20854.2	
977	1	187.5	187.5	20871.4	
978	1	187.55	187.55	20888.6	
979	1	187.56	187.56	20892	
980	1	189.26	189.26	21176.2	
981	1	189.27	189.27	21179.6	
982	1	189.36	189.36	21210.3	
983	1	191.07	191.07	21491.7	
984	1	191.09	191.09	21498.6	
985	1	191.24	191.24	21549.6	
986	1	191.29	191.29	21566.5	
987	1	191.39	191.39	21600.4	
988	1	191.45	191.45	21620.7	
989	1	191.63	191.63	21680.1	
990	1	191.85	191.85	21752.8	
991	1	191.84	191.84	21749.4	
992	1	191.86	191.86	21756.3	
993	1	191.86	191.86	21756.3	
994	1	191.86	191.86	21756.3	
995	1	192.14	192.14	21849.1	
996	1	192.29	192.29	21897.4	
997	1	192.35	192.35	21917.8	
998	1	192.45	192.45	21951.6	
999	1	192.67	192.67	22023.8	
1000	1	192.7	192.7	22033.9	
1001	1	192.96	192.96	22119.2	
1002	1	192.97	192.97	22122.6	
1003	1	193.19	193.19	22194.2	
1004	1	193.17	193.17	22187.4	
1005	1	193.28	193.28	22224.8	
1006	1	193.32	193.32	22238.5	
1007	1	193.39	193.39	22262.2	
1008	1	193.43	193.43	22275.9	
1009	1	193.79	193.79	22387.8	
1010	1	193.85	193.85	22408.4	
1011	1	193.91	193.91	22429	
1012	1	193.93	193.93	22436	
1013	1	193.97	193.97	22449.7	
1014	1	194.1	194.1	22494.3	
1015	1	194.35	194.35	22579.4	
1016	1	194.49	194.49	22627	
1017	1	194.73	194.73	22708.3	
1018	1	194.76	194.76	22718.7	
1019	1	194.76	194.76	22718.8	
1020	1	194.83	194.83	22743.3	
1021	1	194.87	194.87	22757.2	
1022	1	194.92	194.92	22774.7	
1023	1	194.98	194.98	22795.6	
1024	1	195.02	195.02	22809.6	
1025	1	195.06	195.06	22823.3	
1026	1	195.1	195.1	22837.3	
1027	1	195.14	195.14	22851.2	
1028	1	195.21	195.21	22876	
1029	1	195.23	195.23	22883.1	
1030	1	197.16	197.16	23219.5	
1031	1	197.17	197.17	23223	
1032	1	197.21	197.21	23237	
1033	1	197.21	197.21	23237	
1034	1	199.08	199.08	23545.1	
1035	1	200.98	200.98	23856.3	
1036	1	201.01	201.01	23866.7	
1037	1	204.9	204.9	24459.5	
1038	1	204.92	204.92	24466.3	
1039	1	204.92	204.92	24466.3	
1040	1	204.92	204.92	24466.3	
1041	1	204.92	204.92	24466.3	
1042	1	208.87	208.87	25018.2	
1043	1	208.88	208.88	25021.5	
1044	1	208.9	208.9	25028.2	
1045	1	209	209	25061.3	
1046	1	211.01	211.01	25332.6	
1047	1	211.08	211.08	25355.6	
1048	1	213.49	213.49	25573.5	
1049	1	213.52	213.52	25583.2	
1050	1	213.56	213.56	25596.3	
1051	1	213.66	213.66	25629	
1052	1	216.16	216.16	25863.8	
1053	1	216.23	216.23	25886.7	
1054	1	216.25	216.25	25893.3	
1055	1	216.3	216.3	25909.6	
1056	1	216.3	216.3	25909.6	
1057	1	216.3	216.3	25909.6	
1058	1	216.34	216.34	25922.8	
1059	1	216.34	216.34	25922.8	
1060	1	216.34	216.34	25922.8	
1061	1	218.83	218.83	26141.4	
1062	1	218.94	218.94	26177	
1063	1	219.05	219.05	26213.2	
1064	1	219.11	219.11	26233.1	
1065	1	219.19	219.19	26259.7	
1066	1	219.23	219.23	26273.1	
1067	1	221.77	221.77	26499	
1068	1	221.89	221.89	26539	
1069	1	221.95	221.95	26559.1	
1070	1	221.97	221.97	26565.8	
1071	1	222	222	26575.9	
1072	1	222.08	222.08	26603.1	
1073	1	222.45	222.45	26727.2	
1074	1	222.49	222.49	26741	
1075	1	222.54	222.54	26758.2	
1076	1	222.78	222.78	26837.4	
1077	1	222.96	222.96	26895.8	
1078	1	223.19	223.19	26971.5	
1079	1	223.42	223.42	27046.9	
1080	1	223.43	223.43	27050.3	
1081	1	223.68	223.68	27132.6	
1082	1	223.68	223.68	27132.6	
1083	1	223.69	223.69	27136.1	
1084	1	223.92	223.92	27211.4	
1085	1	223.95	223.95	27221.8	
1086	1	224.23	224.23	27315	
1087	1	224.24	224.24	27318.4	
1088	1	224.33	224.33	27349.9	
1089	1	224.41	224.41	27378.2	
1090	1	224.5	224.5	27409.9	
1091	1	224.5	224.5	27409.9	
1092	1	224.56	224.56	27431.1	
1093	1	224.62	224.62	27452.4	
1094	1	224.91	224.91	27549	
1095	1	225.04	225.04	27594.3	
1096	1	225.07	225.07	27605	
1097	1	225.37	225.37	27705	
1098	1	225.38	225.38	27708.6	
1099	1	225.71	225.71	27819.2	
1100	1	225.71	225.71	27819.3	
1101	1	226.4	226.4	28047	
1102	1	227.16	227.16	28295.1	
1103	1	227.2	227.2	28309.6	
1104	1	227.17	227.17	28298.8	
1105	1	227.21	227.21	28313.3	
1106	1	227.33	227.33	28357	
1107	1	227.86	227.86	28535.1	
1108	1	228.03	228.03	28597.5	
1109	1	228.14	228.14	28637.7	
1110	1	228.14	228.14	28637.7	
1111	1	228.16	228.16	28645.1	
1112	1	228.27	228.27	28685.1	
1113	1	228.28	228.28	28688.8	
1114	1	228.36	228.36	28717.8	
1115	1	228.82	228.82	28869.9	
1116	1	228.91	228.91	28903.2	
1117	1	229.02	229.02	28944.2	
1118	1	229.06	229.06	28959.1	
1119	1	229.07	229.07	28962.9	
1120	1	229.65	229.65	29154.2	
1121	1	229.68	229.68	29165.4	
1122	1	230.19	230.19	29331.2	
1123	1	230.2	230.2	29334.9	
1124	1	230.19	230.19	29331.2	
1125	1	230.23	230.23	29346.1	
1126	1	230.39	230.39	29403.9	
1127	1	230.42	230.42	29415.1	
1128	1	230.45	230.45	29426.2	
1129	1	230.45	230.45	29426.2	
1130	1	230.43	230.43	29418.8	
1131	1	230.48	230.48	29437.4	
1132	1	230.47	230.47	29433.7	
1133	1	230.52	230.52	29452.3	
1134	1	230.56	230.56	29467.4	
1135	1	230.89	230.89	29586.4	
1136	1	230.93	230.93	29601.4	
1137	1	230.91	230.91	29593.9	
1138	1	230.93	230.93	29601.4	
1139	1	231.09	231.09	29659.1	
1140	1	231.63	231.63	29834.7	
1141	1	232.26	232.26	30043.3	
1142	1	232.28	232.28	30050.7	
1143	1	232.81	232.81	30221.4	
1144	1	233.37	233.37	30403.6	
1145	1	233.92	233.92	30581.6	
1146	1	234.52	234.52	30772.1	
1147	1	234.55	234.55	30783.3	
1148	1	235.72	235.72	31152.1	
1149	1	235.77	235.77	31170.8	
1150	1	235.76	235.76	31167.1	
1151	1	235.79	235.79	31178.2	
1152	1	235.84	235.84	31196.8	
1153	1	235.87	235.87	31208.1	
1154	1	235.86	235.86	31204.3	
1155	1	237.01	237.01	31565	
1156	1	237.05	237.05	31579.8	
1157	1	237.07	237.07	31587.3	
1158	1	237.1	237.1	31598.4	
1159	1	237.09	237.09	31594.6	
1160	1	237.12	237.12	31605.8	
1161	1	237.15	237.15	31617.1	
1162	1	237.21	237.21	31639.7	
1163	1	237.27	237.27	31662.3	
1164	1	237.29	237.29	31669.8	
1165	1	237.36	237.36	31695.9	
1166	1	237.38	237.38	31703.5	
1167	1	237.38	237.38	31703.5	
1168	1	237.4	237.4	31711.1	
1169	1	237.54	237.54	31763.8	
1170	1	237.61	237.61	31790.4	
1171	1	237.64	237.64	31801.9	
1172	1	237.66	237.66	31809.5	
1173	1	237.69	237.69	31821	
1174	1	237.73	237.73	31836.4	
1175	1	237.82	237.82	31871.2	
1176	1	237.85	237.85	31883	
1177	1	237.95	237.95	31922.1	
1178	1	238.12	238.12	31988.4	
1179	1	238.3	238.3	32058.4	
1180	1	238.45	238.45	32116	
1181	1	238.61	238.61	32177.5	
1182	1	238.88	238.88	32281.8	
1183	1	239.63	239.63	32525.2	
1184	1	239.68	239.68	32545	
1185	1	239.88	239.88	32621	
1186	1	240.08	240.08	32697	
1187	1	240.16	240.16	32728.5	
1188	1	240.91	240.91	32970	
1189	1	241.64	241.64	33203.9	
1190	1	241.67	241.67	33215.8	
1191	1	241.71	241.71	33231.6	
1192	1	241.71	241.71	33231.5	
1193	1	241.71	241.71	33231.5	
1194	1	242.42	242.42	33457.9	
1195	1	242.43	242.43	33461.9	
1196	1	242.51	242.51	33493.4	
1197	1	242.54	242.54	33505.2	
1198	1	242.54	242.54	33505.3	
1199	1	242.61	242.61	33533	
1200	1	242.63	242.63	33541	
1201	1	242.68	242.68	33560.6	
1202	1	242.74	242.74	33584.3	
1203	1	242.78	242.78	33600.2	
1204	1	242.78	242.78	33600.2	
1205	1	242.83	242.83	33619.9	
1206	1	243.07	243.07	33710.6	
1207	1	243.54	243.54	33887.9	
1208	1	243.59	243.59	33907.8	
1209	1	243.62	243.62	33919.8	
1210	1	243.64	243.64	33927.7	
1211	1	243.65	243.65	33931.7	
1212	1	243.68	243.68	33943.7	
1213	1	243.93	243.93	34038	
1214	1	243.96	243.96	34050	
1215	1	244	244	34066	
1216	1	243.98	243.98	34057.9	
1217	1	244.04	244.04	34081.8	
1218	1	244.05	244.05	34085.8	
1219	1	244.06	244.06	34089.8	
1220	1	244.07	244.07	34093.8	
1221	1	244.1	244.1	34105.9	
1222	1	244.15	244.15	34126	
1223	1	244.19	244.19	34142.1	
1224	1	244.29	244.29	34182.3	
1225	1	244.39	244.39	34222.6	
1226	1	244.46	244.46	34250.2	
1227	1	244.56	244.56	34290.5	
1228	1	244.62	244.62	34314.6	
1229	1	244.66	244.66	34330.8	
1230	1	244.7	244.7	34347.1	
1231	1	244.77	244.77	34375.7	
1232	1	244.8	244.8	34388	
1233	1	244.94	244.94	34445.5	
1234	1	244.98	244.98	34461.9	
1235	1	244.98	244.98	34461.9	
1236	1	245.01	245.01	34474.3	
1237	1	245	245	34470.3	
1238	1	245.05	245.05	34490.7	
1239	1	245.37	245.37	34612.2	
1240	1	245.41	245.41	34628.9	
1241	1	245.48	245.48	34657.8	
1242	1	245.6	245.6	34707.1	
1243	1	245.69	245.69	34744	
1244	1	245.69	245.69	34744	
1245	1	245.73	245.73	34760.5	
1246	1	245.77	245.77	34777.2	
1247	1	245.76	245.76	34773	
1248	1	245.8	245.8	34789.7	
1249	1	245.87	245.87	34819.1	
1250	1	245.95	245.95	34851.7	
1251	1	246.07	246.07	34901.1	
1252	1	246.18	246.18	34946	
1253	1	246.2	246.2	34954.4	
1254	1	246.31	246.31	34999.3	
1255	1	246.36	246.36	35019.9	
1256	1	246.36	246.36	35019.9	
1257	1	246.51	246.51	35081.6	
1258	1	246.52	246.52	35085.8	
1259	1	246.6	246.6	35119.4	
1260	1	246.83	246.83	35212.5	
1261	1	246.84	246.84	35216.8	
1262	1	246.94	246.94	35259	
1263	1	246.94	246.94	35259	
1264	1	247.02	247.02	35293	
1265	1	247.12	247.12	35335.4	
1266	1	247.24	247.24	35386.5	
1267	1	247.39	247.39	35449.6	
1268	1	247.49	247.49	35492.4	
1269	1	247.54	247.54	35513.9	
1270	1	247.58	247.58	35531.3	
1271	1	247.64	247.64	35556.9	
1272	1	247.65	247.65	35561.2	
1273	1	247.65	247.65	35561.2	
1274	1	247.83	247.83	35637.2	
1275	1	247.81	247.81	35628.5	
1276	1	247.87	247.87	35654.7	
1277	1	247.9	247.9	35667.7	
1278	1	248.45	248.45	35884.6	
1279	1	248.47	248.47	35893.3	
1280	1	248.47	248.47	35893.3	
1281	1	248.5	248.5	35906.4	
1282	1	248.54	248.54	35923.8	
1283	1	249.5	249.5	36296.3	
1284	1	250	250	36490.5	
1285	1	250.04	250.04	36507.9	
1286	1	250.16	250.16	36560.2	
1287	1	250.44	250.44	36681.7	
1288	1	250.57	250.57	36737.9	
1289	1	250.59	250.59	36746.7	
1290	1	250.61	250.61	36755.6	
1291	1	251.09	251.09	36937.9	
1292	1	251.19	251.19	36981.6	
1293	1	251.29	251.29	37025.2	
1294	1	251.36	251.36	37055.9	
1295	1	251.37	251.37	37060.3	
1296	1	251.55	251.55	37137.1	
1297	1	251.58	251.58	37150.4	
1298	1	251.63	251.63	37172.5	
1299	1	251.67	251.67	37190.1	
1300	1	251.84	251.84	37262.5	
1301	1	251.85	251.85	37266.9	
1302	1	251.86	251.86	37271.4	
1303	1	251.87	251.87	37275.8	
1304	1	252.21	252.21	37420.8	
1305	1	252.25	252.25	37438.5	
1306	1	252.28	252.28	37451.8	
1307	1	252.33	252.33	37474	
1308	1	252.35	252.35	37482.9	
1309	1	252.43	252.43	37518.5	
1310	1	252.67	252.67	37621.9	
1311	1	252.76	252.76	37662	
1312	1	252.78	252.78	37670.9	
1313	1	252.82	252.82	37688.8	
1314	1	252.97	252.97	37755.8	
1315	1	253.03	253.03	37782.3	
1316	1	253.4	253.4	37943.4	
1317	1	253.43	253.43	37956.9	
1318	1	253.7	253.7	38073.3	
1319	1	254.13	254.13	38250.2	
1320	1	254.16	254.16	38263.8	
1321	1	254.22	254.22	38291	
1322	1	254.3	254.3	38327	
1323	1	254.75	254.75	38512.2	
1324	1	255.22	255.22	38706.2	
1325	1	255.66	255.66	38886.2	
1326	1	256.85	256.85	39286.6	
1327	1	256.85	256.85	39286.6	
1328	1	256.92	256.92	39318.1	
1329	1	258.12	258.12	39720	
1330	1	258.18	258.18	39747	
1331	1	258.25	258.25	39778.5	
1332	1	259.45	259.45	40177.2	
1333	1	260.68	260.68	40584.1	
1334	1	260.73	260.73	40606.1	
1335	1	260.75	260.75	40615	
1336	1	260.76	260.76	40619.5	
1337	1	260.77	260.77	40624	
1338	1	260.78	260.78	40628.5	
1339	1	260.81	260.81	40641.9	
1340	1	260.84	260.84	40655.4	
1341	1	260.88	260.88	40673.4	
1342	1	260.9	260.9	40682.4	
1343	1	260.98	260.98	40718.3	
1344	1	261.03	261.03	40740.7	
1345	1	262.63	262.63	41218	
1346	1	262.62	262.62	41213.7	
1347	1	265.74	265.74	42117.2	
1348	1	265.85	265.85	42166.2	
1349	1	265.93	265.93	42201.8	
1350	1	265.95	265.95	42210.8	
1351	1	266.05	266.05	42255	
1352	1	266.06	266.06	42259.6	
1353	1	266.22	266.22	42331.3	
1354	1	266.26	266.26	42349.5	
1355	1	266.31	266.31	42372.1	
1356	1	266.37	266.37	42399.3	
1357	1	266.46	266.46	42439.7	
1358	1	266.49	266.49	42453.4	
1359	1	266.62	266.62	42511.9	
1360	1	266.7	266.7	42547.8	
1361	1	266.81	266.81	42597.4	
1362	1	266.85	266.85	42615.6	
1363	1	266.98	266.98	42674.4	
1364	1	267.04	267.04	42701.8	
1365	1	267.14	267.14	42747.6	
1366	1	267.17	267.17	42761.4	
1367	1	267.23	267.23	42789	
1368	1	267.37	267.37	42852.4	
1369	1	267.38	267.38	42857.1	
1370	1	267.59	267.59	42951.9	
1371	1	267.72	267.72	43012	
1372	1	267.76	267.76	43030.7	
1373	1	267.79	267.79	43044.6	
1374	1	267.92	267.92	43105.3	
1375	1	268.11	268.11	43190.6	
1376	1	268.12	268.12	43195.3	
1377	1	268.15	268.15	43209.4	
1378	1	268.21	268.21	43237.6	
1379	1	268.45	268.45	43345.9	
1380	1	268.47	268.47	43355.3	
1381	1	268.55	268.55	43392.9	
1382	1	268.78	268.78	43496.3	
1383	1	268.93	268.93	43566.9	
1384	1	268.95	268.95	43576.4	
1385	1	269.03	269.03	43613.7	
1386	1	269.07	269.07	43632.7	
1387	1	269.14	269.14	43666.1	
1388	1	269.22	269.22	43704.3	
1389	1	269.35	269.35	43766.5	
1390	1	269.37	269.37	43776.2	
1391	1	269.5	269.5	43837	
1392	1	269.79	269.79	43972.8	
1393	1	269.8	269.8	43977.7	
1394	1	269.75	269.75	43953.5	
1395	1	269.75	269.75	43953.5	
1396	1	269.79	269.79	43972.7	
1397	1	269.8	269.8	43977.5	
1398	1	269.86	269.86	44006.3	
1399	1	269.9	269.9	44025.4	
1400	1	270	270	44073.2	
1401	1	270.01	270.01	44078	
1402	1	270.02	270.02	44082.8	
1403	1	270.12	270.12	44130.6	
1404	1	270.59	270.59	44347.5	
1405	1	270.61	270.61	44357.2	
1406	1	270.96	270.96	44517	
1407	1	271.68	271.68	44840.5	
1408	1	271.7	271.7	44850.2	
1409	1	272.04	272.04	45001.9	
1410	1	272.43	272.43	45176	
1411	1	272.46	272.46	45190.5	
1412	1	272.88	272.88	45378.6	
1413	1	272.92	272.92	45398	
1414	1	272.96	272.96	45417	
1415	1	273.42	273.42	45623.4	
1416	1	273.83	273.83	45805.3	
1417	1	273.84	273.84	45810.2	
1418	1	273.84	273.84	45810.2	
1419	1	273.94	273.94	45858.6	
1420	1	274	274	45887.6	
1421	1	274.04	274.04	45907	
1422	1	274.03	274.03	45902.1	
1423	1	274.06	274.06	45916.7	
1424	1	274.13	274.13	45950.7	
1425	1	274.17	274.17	45970.1	
1426	1	274.28	274.28	46023.5	
1427	1	274.3	274.3	46033.3	
1428	1	274.39	274.39	46077.1	
1429	1	274.5	274.5	46130.6	
1430	1	274.53	274.53	46145.2	
1431	1	274.58	274.58	46169.7	
1432	1	275.04	275.04	46375	
1433	1	275.06	275.06	46384.8	
1434	1	275.14	275.14	46424.2	
1435	1	275.28	275.28	46493.4	
1436	1	275.23	275.23	46468.7	
1437	1	275.25	275.25	46478.6	
1438	1	275.29	275.29	46498.3	
1439	1	275.33	275.33	46518.2	
1440	1	275.42	275.42	46562.8	
1441	1	275.44	275.44	46572.7	
1442	1	275.51	275.51	46607.5	
1443	1	275.63	275.63	46666.9	
1444	1	275.73	275.73	46717.2	
1445	1	275.81	275.81	46757.4	
1446	1	275.84	275.84	46772.6	
1447	1	276.03	276.03	46867.2	
1448	1	276.26	276.26	46983.3	
1449	1	276.44	276.44	47075	
1450	1	276.48	276.48	47095.6	
1451	1	276.53	276.53	47121.4	
1452	1	276.66	276.66	47188.4	
1453	1	276.76	276.76	47239.8	
1454	1	276.99	276.99	47357.4	
1455	1	277.09	277.09	47408.7	
1456	1	277.12	277.12	47424.4	
1457	1	277.2	277.2	47466.2	
1458	1	277.27	277.27	47502.8	
1459	1	277.32	277.32	47529	
1460	1	277.32	277.32	47529	
1461	1	277.38	277.38	47560.4	
1462	1	277.85	277.85	47795.7	
1463	1	277.87	277.87	47806.2	
1464	1	277.87	277.87	47806.3	
1465	1	277.89	277.89	47816.7	
1466	1	277.93	277.93	47837.7	
1467	1	278.23	278.23	47987.6	
1468	1	278.26	278.26	48003.4	
1469	1	278.35	278.35	48051.1	
1470	1	278.58	278.58	48173.2	
1471	1	278.78	278.78	48279.5	
1472	1	278.88	278.88	48332.8	
1473	1	278.94	278.94	48365	
1474	1	278.96	278.96	48375.8	
1475	1	278.98	278.98	48386.6	
1476	1	279.06	279.06	48429.3	
1477	1	279.33	279.33	48569.3	
1478	1	279.37	279.37	48590.8	
1479	1	279.46	279.46	48638.6	
1480	1	279.46	279.46	48638.6	
1481	1	279.54	279.54	48681.7	
1482	1	279.6	279.6	48714.1	
1483	1	279.92	279.92	48880.9	
1484	1	280.2	280.2	49025.9	
1485	1	280.25	280.25	49053	
1486	1	280.29	280.29	49074.7	
1487	1	280.42	280.42	49145.5	
1488	1	280.52	280.52	49200	
1489	1	280.63	280.63	49260.1	
1490	1	280.71	280.71	49303.9	
1491	1	280.77	280.77	49336.9	
1492	1	280.8	280.8	49353.5	
1493	1	280.89	280.89	49402.8	
1494	1	280.96	280.96	49441.4	
1495	1	281.03	281.03	49479.9	
1496	1	281.12	281.12	49529.2	
1497	1	281.17	281.17	49556.9	
1498	1	281.2	281.2	49573.7	
1499	1	281.21	281.21	49579.2	
1500	1	281.39	281.39	49678.4	
1501	1	281.46	281.46	49717	
1502	1	281.53	281.53	49755.9	
1503	1	281.8	281.8	49902.2	
1504	1	282	282	50009.4	
1505	1	282.09	282.09	50059.3	
1506	1	282.12	282.12	50076	
1507	1	282.67	282.67	50358.5	
1508	1	282.67	282.67	50358.5	
1509	1	282.71	282.71	50380.8	
1510	1	282.73	282.73	50392	
1511	1	282.77	282.77	50414.3	
1512	1	282.81	282.81	50436.6	
1513	1	283.72	283.72	50868.3	
1514	1	283.7	283.7	50857.1	
1515	1	284.65	284.65	51305.9	
1516	1	284.64	284.64	51300.3	
1517	1	284.7	284.7	51333.8	
1518	1	284.74	284.74	51356.1	
1519	1	284.79	284.79	51384	
1520	1	284.86	284.86	51423	
1521	1	284.87	284.87	51428.7	
1522	1	284.96	284.96	51479.2	
1523	1	285.05	285.05	51529.8	
1524	1	285.06	285.06	51535.4	
1525	1	285.16	285.16	51591.8	
1526	1	285.17	285.17	51597.4	
1527	1	286.28	286.28	52121.8	
1528	1	287.33	287.33	52610.4	
1529	1	288.4	288.4	53108.1	
1530	1	291.05	291.05	54253.5	
1531	1	291.03	291.03	54242.3	
1532	1	291	291	54225.7	
1533	1	292.59	292.59	54876.2	
1534	1	292.64	292.64	54904	
1535	1	292.68	292.68	54926.3	
1536	1	292.68	292.68	54926.3	
1537	1	292.71	292.71	54942.9	
1538	1	292.78	292.78	54982	
1539	1	292.82	292.82	55004.4	
1540	1	292.93	292.93	55066.2	
1541	1	293.04	293.04	55128.3	
1542	1	293.12	293.12	55173.3	
1543	1	296.33	296.33	56473.5	
1544	1	297.94	297.94	57118.7	
1545	1	299.71	299.71	57800.7	
1546	1	299.84	299.84	57872.6	
1547	1	299.94	299.94	57928.1	
1548	1	299.95	299.95	57933.6	
1549	1	299.93	299.93	57922.5	
1550	1	300.01	300.01	57966.8	
1551	1	300.08	300.08	58005.5	
1552	1	300.28	300.28	58115.9	
1553	1	300.38	300.38	58170.8	
1554	1	300.4	300.4	58182	
1555	1	300.44	300.44	58204.3	
1556	1	300.6	300.6	58291.7	
1557	1	300.63	300.63	58308.6	
1558	1	300.73	300.73	58364.5	
1559	1	302.54	302.54	59037.3	
1560	1	302.71	302.71	59129.6	
1561	1	302.91	302.91	59238.5	
1562	1	302.95	302.95	59260.8	
1563	1	302.97	302.97	59272	
1564	1	303.16	303.16	59374.4	
1565	1	303.21	303.21	59402.3	
1566	1	303.22	303.22	59407.9	
1567	1	303.24	303.24	59419	
1568	1	303.27	303.27	59435.8	
1569	1	303.49	303.49	59554.8	
1570	1	303.5	303.5	59560.4	
1571	1	303.61	303.61	59621.6	
1572	1	303.61	303.61	59621.6	
1573	1	303.61	303.61	59621.6	
1574	1	303.64	303.64	59638.4	
1575	1	303.72	303.72	59683.2	
1576	1	303.76	303.76	59705.7	
1577	1	303.8	303.8	59728.1	
1578	1	303.76	303.76	59705.8	
1579	1	303.8	303.8	59728.3	
1580	1	303.9	303.9	59784.4	
1581	1	303.92	303.92	59795.7	
1582	1	303.99	303.99	59835.1	
1583	1	304.05	304.05	59869	
1584	1	304.06	304.06	59874.7	
1585	1	304.13	304.13	59914.4	
1586	1	304.14	304.14	59920	
1587	1	304.14	304.14	59920	
1588	1	304.19	304.19	59948.4	
1589	1	304.36	304.36	60045.5	
1590	1	304.51	304.51	60131.3	
1591	1	304.56	304.56	60159.9	
1592	1	304.69	304.69	60234.2	
1593	1	304.7	304.7	60240	
1594	1	304.81	304.81	60303.8	
1595	1	304.82	304.82	60309.6	
1596	1	304.86	304.86	60332.9	
1597	1	305.01	305.01	60418.6	
1598	1	305.08	305.08	60459.2	
1599	1	305.13	305.13	60488.5	
1600	1	305.33	305.33	60605.9	
1601	1	305.6	305.6	60765.1	
1602	1	305.81	305.81	60887.9	
1603	1	305.83	305.83	60899.8	
1604	1	306.03	306.03	61016.5	
1605	1	306.03	306.03	61016.5	
1606	1	306.12	306.12	61070.4	
1607	1	306.34	306.34	61199.1	
1608	1	306.69	306.69	61404	
1609	1	307.29	307.29	61751.8	
1610	1	307.64	307.64	61953.4	
1611	1	307.69	307.69	61983.7	
1612	1	308.1	308.1	62220.4	
1613	1	308.12	308.12	62232.6	
1614	1	308.81	308.81	62628.4	
1615	1	311.35	311.35	63689.1	
1616	1	313.53	313.53	64528.7	
1617	1	317.9	317.9	66185	
1618	1	320.16	320.16	67025.4	
1619	1	320.26	320.26	67084.2	
1620	1	320.25	320.25	67078.2	
1621	1	320.27	320.27	67090	
1622	1	320.28	320.28	67095.8	
1623	1	320.35	320.35	67137.1	
1624	1	320.38	320.38	67154.8	
1625	1	320.4	320.4	67166.7	
1626	1	320.52	320.52	67237.5	
1627	1	322.74	322.74	68038.2	
1628	1	322.76	322.76	68050	
1629	1	322.76	322.76	68050	
1630	1	322.77	322.77	68055.8	
1631	1	327.6	327.6	68580.2	
1632	1	327.63	327.63	68597.6	
1633	1	327.62	327.62	68591.8	
1634	1	327.92	327.92	68762.9	
1635	1	327.93	327.93	68768.7	
1636	1	327.94	327.94	68774.5	
1637	1	328.05	328.05	68837.2	
1638	1	328.06	328.06	68843	
1639	1	328.11	328.11	68871.9	
1640	1	328.26	328.26	68957.1	
1641	1	328.47	328.47	69077.2	
1642	1	328.5	328.5	69094.6	
1643	1	328.53	328.53	69112.2	
1644	1	328.71	328.71	69214.8	
1645	1	328.87	328.87	69305.7	
1646	1	328.91	328.91	69329	
1647	1	328.92	328.92	69334.9	
1648	1	328.93	328.93	69340.8	
1649	1	328.98	328.98	69370.1	
1650	1	329.15	329.15	69470	
1651	1	329.23	329.23	69517	
1652	1	329.46	329.46	69648.8	
1653	1	329.49	329.49	69666.5	
1654	1	329.52	329.52	69684.3	
1655	1	329.53	329.53	69690.2	
1656	1	329.61	329.61	69737.2	
1657	1	329.96	329.96	69935.8	
1658	1	329.98	329.98	69947.6	
1659	1	330.01	330.01	69965.4	
1660	1	330.27	330.27	70110.8	
1661	1	330.34	330.34	70151.9	
1662	1	330.36	330.36	70163.7	
1663	1	330.49	330.49	70239.8	
1664	1	330.52	330.52	70257.6	
1665	1	330.55	330.55	70275.4	
1666	1	330.54	330.54	70269.5	
1667	1	331.13	331.13	70597.9	
1668	1	331.17	331.17	70621.6	
1669	1	331.19	331.19	70633.6	
1670	1	331.33	331.33	70715.5	
1671	1	331.41	331.41	70763.2	
1672	1	331.53	331.53	70833.4	
1673	1	331.69	331.69	70928.8	
1674	1	331.73	331.73	70952.8	
1675	1	331.79	331.79	70988.8	
1676	1	331.83	331.83	71012.8	
1677	1	332.11	332.11	71178.8	
1678	1	332.18	332.18	71221	
1679	1	332.28	332.28	71281.8	
1680	1	332.39	332.39	71348.6	
1681	1	332.45	332.45	71385.3	
1682	1	332.45	332.45	71385.3	
1683	1	332.51	332.51	71422.1	
1684	1	332.65	332.65	71507.7	
1685	1	332.75	332.75	71568.5	
1686	1	332.9	332.9	71658.8	
1687	1	333.04	333.04	71742.7	
1688	1	333.07	333.07	71761.3	
1689	1	333.12	333.12	71792.1	
1690	1	333.32	333.32	71913	
1691	1	333.35	333.35	71931.5	
1692	1	333.43	333.43	71980.7	
1693	1	333.42	333.42	71974.5	
1694	1	333.44	333.44	71986.9	
1695	1	333.47	333.47	72005.5	
1696	1	333.5	333.5	72024.1	
1697	1	333.55	333.55	72055.1	
1698	1	333.58	333.58	72073.8	
1699	1	333.66	333.66	72123.4	
1700	1	333.71	333.71	72154.7	
1701	1	333.93	333.93	72287.6	
1702	1	334.18	334.18	72439.2	
1703	1	334.19	334.19	72445.5	
1704	1	334.24	334.24	72476.8	
1705	1	334.24	334.24	72476.8	
1706	1	334.32	334.32	72526.7	
1707	1	334.34	334.34	72539.2	
1708	1	334.38	334.38	72564.2	
1709	1	334.51	334.51	72645.5	
1710	1	334.57	334.57	72682.6	
1711	1	334.76	334.76	72798.8	
1712	1	334.83	334.83	72842.6	
1713	1	334.81	334.81	72830	
1714	1	334.83	334.83	72842.5	
1715	1	334.92	334.92	72899.2	
1716	1	334.99	334.99	72943.2	
1717	1	335.03	335.03	72968.6	
1718	1	335.38	335.38	73183.1	
1719	1	335.44	335.44	73221.3	
1720	1	335.79	335.79	73435.8	
1721	1	335.85	335.85	73474.2	
1722	1	335.94	335.94	73531.8	
1723	1	337.16	337.16	74246.5	
1724	1	337.98	337.98	74712.6	
1725	1	338.08	338.08	74776	
1726	1	339.08	339.08	75324.7	
1727	1	339.19	339.19	75393.9	
1728	1	339.23	339.23	75419.7	
1729	1	339.42	339.42	75541.4	
1730	1	339.43	339.43	75547.8	
1731	1	339.5	339.5	75593	
1732	1	339.6	339.6	75657.7	
1733	1	340.14	340.14	76000.9	
1734	1	340.19	340.19	76032.8	
1735	1	340.21	340.21	76045.8	
1736	1	340.3	340.3	76104.3	
1737	1	340.33	340.33	76123.9	
1738	1	340.34	340.34	76130.5	
1739	1	340.38	340.38	76156.5	
1740	1	340.35	340.35	76137	
1741	1	340.4	340.4	76169.6	
1742	1	340.43	340.43	76189.2	
1743	1	340.47	340.47	76215.3	
1744	1	340.45	340.45	76202.2	
1745	1	340.48	340.48	76221.8	
1746	1	340.6	340.6	76300.1	
1747	1	340.6	340.6	76300.1	
1748	1	340.61	340.61	76306.7	
1749	1	340.65	340.65	76332.9	
1750	1	340.86	340.86	76467.2	
1751	1	340.9	340.9	76493.5	
1752	1	340.93	340.93	76513.2	
1753	1	341.04	341.04	76585.1	
1754	1	341.08	341.08	76611.5	
1755	1	341.34	341.34	76777.6	
1756	1	341.59	341.59	76937	
1757	1	341.62	341.62	76956.8	
1758	1	341.64	341.64	76970	
1759	1	341.72	341.72	77022.9	
1760	1	341.8	341.8	77076	
1761	1	341.85	341.85	77109.2	
1762	1	342.26	342.26	77364.6	
1763	1	342.26	342.26	77364.6	
1764	1	342.27	342.27	77371.1	
1765	1	342.72	342.72	77652.6	
1766	1	342.82	342.82	77719	
1767	1	342.92	342.92	77785.3	
1768	1	342.99	342.99	77832	
1769	1	343.08	343.08	77891.7	
1770	1	343.15	343.15	77938.4	
1771	1	343.21	343.21	77978.7	
1772	1	343.25	343.25	78005.7	
1773	1	343.29	343.29	78032.6	
1774	1	343.44	343.44	78133.5	
1775	1	343.66	343.66	78281.1	
1776	1	343.82	343.82	78390.1	
1777	1	343.97	343.97	78492	
1778	1	344.14	344.14	78606	
1779	1	344.38	344.38	78766.5	
1780	1	344.91	344.91	79122.6	
1781	1	345.08	345.08	79237.9	
1782	1	345.11	345.11	79258.4	
1783	1	345.19	345.19	79313.4	
1784	1	345.2	345.2	79320.2	
1785	1	345.25	345.25	79354.6	
1786	1	345.39	345.39	79448.7	
1787	1	346.03	346.03	79856.9	
1788	1	347.56	347.56	80800.5	
1789	1	348.33	348.33	81271.1	
1790	1	349.12	349.12	81753.9	
1791	1	349.15	349.15	81774.3	
1792	1	349.16	349.16	81781.1	
1793	1	349.94	349.94	82256	
1794	1	350.75	350.75	82750.2	
1795	1	350.76	350.76	82757.1	
1796	1	351.59	351.59	83263.6	
1797	1	352.44	352.44	83782.4	
1798	1	352.46	352.46	83796.1	
1799	1	363.66	363.66	85116.4	
1800	1	363.76	363.76	85182.7	
1801	1	363.79	363.79	85202.7	
1802	1	363.78	363.78	85196.4	
1803	1	363.87	363.87	85256.2	
1804	1	364.01	364.01	85348.9	
1805	1	364.11	364.11	85415.5	
1806	1	364.21	364.21	85482	
1807	1	369.9	369.9	86122.8	
1808	1	369.91	369.91	86129.4	
1809	1	369.95	369.95	86155.8	
1810	1	369.98	369.98	86175.6	
1811	1	370.05	370.05	86221.7	
1812	1	370.08	370.08	86241.5	
1813	1	370.08	370.08	86241.5	
1814	1	370.09	370.09	86248.1	
1815	1	370.2	370.2	86319.8	
1816	1	370.22	370.22	86333.1	
1817	1	375.87	375.87	86880.6	
1818	1	387.12	387.12	87752.7	
1819	1	387.13	387.13	87759	
1820	1	387.18	387.18	87790.5	
1821	1	387.24	387.24	87828.4	
1822	1	387.29	387.29	87859.9	
1823	1	387.32	387.32	87878.8	
1824	1	387.32	387.32	87878.8	
1825	1	387.38	387.38	87916.7	
1826	1	387.47	387.47	87973.3	
1827	1	387.57	387.57	88036.3	
1828	1	387.67	387.67	88098.1	
1829	1	387.71	387.71	88123.2	
1830	1	387.73	387.73	88135.9	
1831	1	393.42	393.42	88510.5	
1832	1	393.44	393.44	88523	
1833	1	393.46	393.46	88535.4	
1834	1	393.44	393.44	88523	
1835	1	393.52	393.52	88572.5	
1836	1	393.55	393.55	88591.2	
1837	1	399.25	399.25	88905.8	
1838	1	399.28	399.28	88924.2	
1839	1	399.3	399.3	88936.5	
1840	1	399.33	399.33	88955	
1841	1	399.42	399.42	89010.3	
1842	1	399.43	399.43	89016.6	
1843	1	399.47	399.47	89041.1	
1844	1	399.48	399.48	89047.3	
1845	1	399.56	399.56	89096.7	
1846	1	399.6	399.6	89121.5	
1847	1	399.65	399.65	89152.4	
1848	1	399.71	399.71	89189.3	
1849	1	399.72	399.72	89195.6	
1850	1	399.74	399.74	89208	
1851	1	399.86	399.86	89282.3	
1852	1	399.92	399.92	89319.7	
1853	1	400.08	400.08	89419	
1854	1	400.27	400.27	89536.3	
1855	1	400.5	400.5	89678	
1856	1	400.5	400.5	89678	
1857	1	400.58	400.58	89727.8	
1858	1	400.62	400.62	89752.9	
1859	1	400.68	400.68	89790.6	
1860	1	400.98	400.98	89976.3	
1861	1	401.02	401.02	90001.4	
1862	1	401.04	401.04	90014.1	
1863	1	401.29	401.29	90165.7	
1864	1	401.6	401.6	90353.5	
1865	1	401.9	401.9	90534.8	
1866	1	402.25	402.25	90747.3	
1867	1	402.27	402.27	90759.9	
1868	1	402.28	402.28	90766.2	
1869	1	402.56	402.56	90934.5	
1870	1	402.62	402.62	90972.2	
1871	1	402.89	402.89	91134.1	
1872	1	403.2	403.2	91321.5	
1873	1	403.22	403.22	91334	
1874	1	403.82	403.82	91695.2	
1875	1	403.81	403.81	91688.9	
1876	1	403.83	403.83	91701.5	
1877	1	403.85	403.85	91714.1	
1878	1	403.97	403.97	91789.7	
1879	1	404.01	404.01	91815	
1880	1	404.07	404.07	91852.6	
1881	1	404.11	404.11	91878	
1882	1	404.15	404.15	91903.2	
1883	1	404.15	404.15	91903.2	
1884	1	404.23	404.23	91953.6	
1885	1	404.29	404.29	91991.7	
1886	1	404.67	404.67	92222.3	
1887	1	404.69	404.69	92235	
1888	1	404.73	404.73	92260.5	
1889	1	404.82	404.82	92317.2	
1890	1	404.84	404.84	92329.9	
1891	1	404.95	404.95	92399.2	
1892	1	404.95	404.95	92399.2	
1893	1	405.08	405.08	92481.1	
1894	1	405.13	405.13	92513	
1895	1	405.15	405.15	92525.7	
1896	1	405.2	405.2	92557.8	
1897	1	405.21	405.21	92564.1	
1898	1	405.25	405.25	92589.7	
1899	1	405.24	405.24	92583.3	
1900	1	405.39	405.39	92678.1	
1901	1	405.41	405.41	92690.9	
1902	1	405.41	405.41	92690.9	
1903	1	405.41	405.41	92690.9	
1904	1	405.41	405.41	92690.9	
1905	1	405.49	405.49	92741.7	
1906	1	405.5	405.5	92748.1	
1907	1	405.52	405.52	92760.9	
1908	1	405.57	405.57	92793	
1909	1	405.6	405.6	92812.3	
1910	1	405.66	405.66	92850.8	
1911	1	405.71	405.71	92882.8	
1912	1	405.8	405.8	92940.2	
1913	1	405.89	405.89	92997.1	
1914	1	405.93	405.93	93022.9	
1915	1	405.94	405.94	93029.3	
1916	1	406.04	406.04	93092.7	
1917	1	406.06	406.06	93105.6	
1918	1	406.19	406.19	93187.4	
1919	1	406.19	406.19	93187.4	
1920	1	406.28	406.28	93244.4	
1921	1	406.36	406.36	93296.3	
1922	1	406.47	406.47	93367.3	
1923	1	406.52	406.52	93399.6	
1924	1	406.55	406.55	93419	
1925	1	406.6	406.6	93451.3	
1926	1	406.6	406.6	93451.3	
1927	1	406.6	406.6	93451.3	
1928	1	406.69	406.69	93509.5	
1929	1	406.71	406.71	93522.5	
1930	1	406.76	406.76	93554.8	
1931	1	406.76	406.76	93554.8	
1932	1	406.96	406.96	93680.2	
1933	1	407.06	407.06	93745.1	
1934	1	407.13	407.13	93790.8	
1935	1	407.13	407.13	93790.7	
1936	1	407.1	407.1	93771.2	
1937	1	407.17	407.17	93816.4	
1938	1	407.18	407.18	93822.9	
1939	1	407.19	407.19	93829.5	
1940	1	407.18	407.18	93822.9	
1941	1	407.23	407.23	93855.5	
1942	1	407.3	407.3	93901.2	
1943	1	407.4	407.4	93966.8	
1944	1	407.61	407.61	94105.5	
1945	1	407.72	407.72	94178.4	
1946	1	407.71	407.71	94171.8	
1947	1	407.73	407.73	94185	
1948	1	407.95	407.95	94329.4	
1949	1	408.01	408.01	94369.2	
1950	1	408.03	408.03	94382.6	
1951	1	408.25	408.25	94527.1	
1952	1	408.26	408.26	94533.7	
1953	1	408.62	408.62	94768.8	
1954	1	408.82	408.82	94901.6	
1955	1	408.83	408.83	94908.3	
1956	1	408.88	408.88	94941.9	
1957	1	409.08	409.08	95072.9	
1958	1	409.2	409.2	95154	
1959	1	409.31	409.31	95228.2	
1960	1	409.38	409.38	95275.3	
1961	1	409.54	409.54	95381.7	
1962	1	409.83	409.83	95574.9	
1963	1	409.83	409.83	95574.9	
1964	1	409.85	409.85	95588.5	
1965	1	409.86	409.86	95595.3	
1966	1	409.87	409.87	95602	
1967	1	409.87	409.87	95602	
1968	1	410.11	410.11	95761.7	
1969	1	410.35	410.35	95921.3	
1970	1	410.84	410.84	96244.6	
1971	1	411.03	411.03	96370.2	
1972	1	411.37	411.37	96590.3	
1973	1	411.37	411.37	96590.3	
1974	1	411.37	411.37	96590.3	
1975	1	411.4	411.4	96610.8	
1976	1	411.74	411.74	96832	
1977	1	411.74	411.74	96832	
1978	1	411.76	411.76	96845.5	
1979	1	412.41	412.41	97266.3	
1980	1	412.43	412.43	97279.8	
1981	1	412.46	412.46	97300.1	
1982	1	412.48	412.48	97313.6	
1983	1	413.13	413.13	97732.9	
1984	1	413.77	413.77	98125.3	
1985	1	414.44	414.44	98535.7	
1986	1	414.45	414.45	98542.5	
1987	1	415.13	415.13	98958.9	
1988	1	415.16	415.16	98979.1	
1989	1	415.16	415.16	98979.1	
1990	1	415.17	415.17	98985.9	
1991	1	415.21	415.21	99012.8	
1992	1	417.1	417.1	100111	
1993	1	417.18	417.18	100165	
1994	1	417.22	417.22	100192	
1995	1	418.22	418.22	100772	
1996	1	418.28	418.28	100813	
1997	1	418.3	418.3	100826	
1998	1	419.29	419.29	101398	
1999	1	420.29	420.29	101974	
2000	1	421.3	421.3	102555	
