0	0	0	0	0	0	0	0	0	0	0	0	0	0	0	
0	0	0	1	0	0	0	0	0	0	0	0	0	0	0	
0	0	0	1	0	0	0	1	0	0	0	0	0	0	0	
1	0	0	1	1	0	0	1	0	1	0	0	1	0	0	
0	0	0	1	1	0	0	1	0	1	0	0	1	0	0	
1	0	0	1	1	0	0	2	0	1	0	0	1	0	2	
1	0	0	1	1	0	0	2	1	1	0	0	1	0	1	
0	0	0	2	1	0	0	2	1	1	1	0	1	0	0	
1	0	0	2	1	0	0	2	1	1	1	0	1	0	1	
1	0	0	2	1	0	0	2	2	1	1	0	1	0	2	
0	0	0	2	1	0	0	2	2	1	1	0	1	0	0	
0	0	1	2	1	1	0	3	2	1	1	0	1	0	1	
2	0	1	3	1	1	0	3	2	1	1	1	1	0	3	
2	0	1	3	1	1	0	3	2	1	1	1	1	0	1	
1	0	1	3	1	1	0	3	2	1	1	1	1	0	1	
0	0	1	3	1	1	0	3	2	1	1	1	1	0	1	
1	0	1	3	1	1	0	3	2	1	1	1	1	0	1	
1	0	1	3	1	1	0	3	2	1	1	1	1	0	1	
3	0	1	3	1	1	0	3	2	1	1	2	1	0	1	
1	0	1	3	1	1	0	4	3	1	1	2	1	0	1	
1	0	1	3	1	1	0	4	3	1	1	3	2	1	1	
1	0	1	3	1	1	0	4	3	1	1	3	2	1	1	
1	0	1	3	2	1	0	4	3	1	1	3	2	1	1	
3	0	2	3	2	1	0	4	3	1	1	3	2	1	3	
3	0	2	3	2	1	0	4	3	1	2	3	2	1	0	
2	0	2	3	2	1	0	4	3	1	2	3	2	1	1	
1	0	2	3	2	2	0	4	3	1	2	3	2	1	0	
3	0	2	3	2	2	0	4	3	1	2	3	2	2	0	
3	0	2	3	2	2	1	4	3	1	3	3	2	2	3	
0	0	2	3	2	2	1	5	3	1	3	3	2	2	3	
1	0	2	3	2	2	1	5	3	1	3	3	2	2	2	
5	1	2	3	2	2	1	5	3	1	3	3	2	2	1	
5	1	2	4	2	2	1	5	3	1	3	4	2	3	2	
1	1	2	4	2	2	1	5	3	1	3	4	2	4	2	
1	1	2	4	2	2	1	5	3	1	3	4	2	4	2	
3	1	2	4	2	2	1	5	3	1	3	5	2	4	3	
3	1	2	4	2	2	1	5	3	1	3	5	2	4	2	
1	1	3	4	2	2	1	5	3	1	3	5	2	4	1	
3	1	3	4	2	2	1	5	3	1	3	5	2	4	3	
2	1	3	4	2	2	1	5	3	1	3	5	2	4	4	
5	1	3	4	2	2	1	5	3	1	3	5	2	4	2	
3	1	3	4	2	2	1	5	3	1	3	5	2	4	2	
4	1	3	4	2	2	2	6	3	1	3	5	2	4	2	
3	1	3	4	3	2	2	6	3	2	3	5	2	5	3	
5	1	3	4	3	2	2	6	3	2	3	5	2	5	3	
1	1	3	4	3	2	3	6	3	2	3	5	2	5	5	
3	1	3	4	3	2	3	6	3	2	3	5	3	5	6	
3	2	3	4	3	2	3	6	3	2	3	5	3	5	3	
3	2	3	4	3	3	4	6	3	2	3	5	3	5	5	
3	3	3	4	3	3	4	7	3	2	3	5	3	5	3	
4	3	3	4	3	3	4	7	3	2	3	5	3	5	3	
3	3	3	4	3	3	4	7	3	2	3	6	3	5	3	
3	3	3	4	3	3	4	7	3	2	3	6	3	5	3	
3	3	3	4	3	3	4	7	3	2	3	6	3	5	7	
3	3	3	5	3	3	4	7	3	2	3	8	3	5	3	
3	3	3	5	3	3	4	7	3	2	3	8	3	5	3	
3	3	3	5	3	3	4	7	3	2	3	9	3	5	3	
3	3	3	5	3	3	4	7	3	2	4	9	3	5	3	
5	4	3	5	3	3	4	7	3	2	4	10	4	5	3	
3	4	3	5	3	3	4	7	3	2	4	10	4	6	3	
5	4	3	5	3	3	4	7	3	2	4	10	4	6	2	
3	4	3	5	3	3	4	7	3	2	4	10	4	7	3	
4	4	3	6	4	3	4	7	3	2	4	10	4	7	3	
4	4	3	6	4	3	4	8	3	2	4	10	4	7	3	
6	4	3	6	6	3	4	8	3	2	4	10	4	7	6	
4	4	3	6	7	3	4	8	3	2	4	10	4	7	2	
6	4	3	6	7	3	4	8	3	2	4	11	5	7	3	
4	4	3	7	7	3	4	8	3	2	4	11	5	7	3	
4	4	4	7	7	3	4	8	3	2	4	11	5	7	4	
2	4	4	7	7	3	4	8	3	2	4	11	5	7	2	
3	4	4	7	7	3	4	8	3	2	4	11	5	7	7	
7	4	4	7	7	3	4	8	3	2	4	11	5	7	7	
3	4	4	7	7	3	4	8	3	2	4	11	5	7	7	
7	4	4	7	7	3	4	8	3	2	4	11	5	7	7	
7	4	4	7	7	3	4	8	3	3	4	11	5	7	3	
7	4	4	7	7	3	4	8	3	4	4	11	5	7	4	
5	4	4	7	7	3	4	8	3	4	4	11	5	7	3	
4	4	5	7	7	3	4	8	3	4	5	12	5	7	3	
7	5	5	7	8	3	4	8	3	4	5	12	5	7	3	
5	5	5	7	8	3	4	9	4	4	5	12	5	7	7	
7	6	5	7	8	3	4	9	4	4	5	12	5	7	5	
5	6	5	7	8	3	4	9	4	4	5	12	5	7	6	
7	6	5	7	8	3	4	9	4	4	5	12	5	7	5	
4	6	5	7	8	3	4	9	4	5	5	12	5	7	4	
5	6	5	7	8	3	4	9	4	5	5	12	5	7	7	
4	6	5	7	8	3	4	9	4	5	5	12	5	7	5	
5	6	5	7	8	3	4	9	4	5	5	12	5	7	3	
3	6	5	7	8	3	4	9	4	5	5	12	5	7	3	
5	6	5	7	8	3	4	9	4	5	5	12	5	7	6	
7	6	5	7	8	3	4	9	4	5	5	12	5	7	4	
5	6	5	7	8	3	4	9	4	5	5	12	5	7	5	
7	6	5	7	8	3	4	10	4	5	5	12	5	7	5	
6	6	5	7	8	3	5	10	4	5	5	12	5	7	6	
5	6	5	7	8	3	5	10	4	5	5	12	5	7	5	
7	7	5	7	8	3	5	10	4	6	6	12	5	7	7	
4	7	5	7	8	4	5	10	4	6	6	12	6	7	4	
4	7	5	7	8	5	5	10	4	6	6	12	6	7	8	
7	7	5	8	8	5	6	10	4	6	6	12	6	7	8	
10	7	5	8	8	5	6	10	4	6	6	12	6	7	4	
8	8	5	8	8	5	7	10	4	6	6	12	6	7	6	
4	8	6	8	8	5	7	10	4	6	7	12	6	7	4	
8	8	6	8	8	5	7	10	4	6	7	12	6	7	7	
7	8	6	9	9	5	7	10	4	6	7	12	6	7	10	
6	8	6	9	9	5	7	10	4	6	7	12	6	7	6	
6	8	6	9	9	5	7	10	4	6	7	12	6	7	9	
4	8	6	9	9	5	7	10	4	6	8	13	6	7	6	
6	8	6	9	9	5	7	10	5	6	8	13	6	7	7	
8	8	6	9	9	5	8	10	6	6	8	13	7	7	13	
8	8	6	9	9	5	8	10	6	6	8	13	7	7	6	
7	8	6	9	9	5	8	10	6	6	8	13	7	8	7	
6	8	6	9	9	5	8	11	7	6	8	13	7	8	7	
8	8	6	9	9	6	8	11	7	6	8	14	8	8	8	
9	8	6	9	9	6	8	11	7	6	8	14	8	9	7	
9	8	7	9	9	7	8	11	7	6	8	14	8	9	7	
6	8	7	9	9	7	8	11	7	6	8	14	9	9	7	
9	8	8	9	9	7	8	11	8	6	8	14	9	9	8	
8	8	8	9	9	7	8	11	8	6	8	14	9	9	6	
11	8	8	9	9	7	8	11	8	6	8	14	10	9	9	
11	8	8	9	9	7	8	11	8	6	8	14	10	9	8	
9	8	8	9	9	7	8	11	8	6	9	14	10	9	8	
11	8	9	9	9	7	8	11	8	6	9	14	10	9	11	
11	8	9	9	9	7	8	11	8	6	9	14	10	9	8	
7	8	9	9	10	7	8	11	9	6	9	14	10	9	10	
8	8	9	9	10	7	8	11	9	6	9	14	10	10	8	
9	8	9	10	10	7	8	11	9	6	9	14	10	10	10	
10	8	9	10	10	7	8	11	9	6	9	14	10	11	11	
7	8	9	10	10	7	8	11	9	7	9	14	10	11	8	
9	8	9	10	10	7	10	11	9	7	9	14	10	11	7	
8	8	9	10	10	7	10	11	9	8	9	14	10	11	7	
10	8	10	10	10	7	10	11	9	8	10	14	10	11	10	
8	8	10	10	10	7	11	11	9	8	10	14	10	11	8	
8	9	10	10	11	7	11	11	9	8	10	14	10	11	11	
14	9	10	10	11	7	11	11	9	8	10	14	10	11	10	
11	9	10	10	11	7	11	11	9	8	10	14	10	11	11	
10	9	10	10	11	7	11	11	9	8	10	14	10	11	8	
10	9	10	10	12	7	11	11	9	8	10	14	10	11	12	
9	9	10	10	12	7	11	11	9	8	10	14	10	11	9	
7	9	10	11	12	7	11	11	9	8	10	14	10	11	7	
10	9	10	11	12	7	11	11	9	8	10	14	10	11	10	
8	9	10	11	12	7	11	11	9	8	10	14	10	11	7	
11	9	10	11	12	7	11	11	10	8	11	14	10	11	11	
9	9	10	11	12	7	11	11	11	8	11	14	10	11	9	
8	9	10	11	12	7	11	11	11	8	11	14	10	11	8	
11	9	10	11	12	7	11	11	11	8	11	14	10	11	8	
11	10	10	11	13	7	11	11	11	8	11	14	10	11	7	
7	10	10	11	13	7	11	11	12	8	11	14	10	11	11	
8	10	10	11	13	7	11	11	12	8	11	14	10	11	11	
10	10	10	11	13	7	12	11	12	8	11	14	10	11	10	
7	10	10	11	13	7	12	11	12	8	11	14	10	11	7	
11	10	10	11	13	7	12	11	12	8	11	14	10	11	8	
8	10	10	11	13	7	12	11	12	8	11	14	10	12	10	
12	10	10	11	13	7	12	11	12	8	11	14	10	12	11	
11	10	10	11	13	8	12	11	12	8	11	14	10	12	11	
14	10	10	11	13	8	12	11	12	8	11	14	10	12	12	
8	10	10	11	13	8	12	11	12	8	11	14	10	12	8	
8	10	10	11	13	8	12	11	12	8	11	14	10	12	12	
14	10	10	11	13	8	12	11	12	8	11	14	10	12	12	
10	10	10	11	13	8	13	11	13	8	11	14	10	12	8	
10	10	11	11	13	8	13	11	13	8	11	14	10	12	10	
13	10	11	11	13	8	13	11	13	8	11	14	10	12	11	
8	11	11	11	13	8	13	11	13	8	11	14	10	13	13	
10	11	11	11	13	8	13	11	13	8	11	14	10	13	8	
11	11	11	11	13	8	13	11	13	8	11	14	10	13	11	
11	11	11	11	13	8	13	11	13	8	11	14	10	13	13	
8	11	11	11	13	8	13	11	13	8	11	14	10	13	8	
11	11	12	11	13	8	13	11	13	8	11	14	10	13	11	
13	11	12	11	13	8	13	11	13	9	11	14	10	14	11	
8	11	12	11	14	8	13	11	13	9	11	14	10	14	10	
10	12	12	11	14	8	13	11	13	9	11	14	10	14	12	
12	12	12	11	14	8	13	11	14	10	11	14	10	14	10	
11	12	12	11	14	9	13	11	14	11	11	14	10	14	9	
13	12	12	11	14	9	13	11	14	11	11	14	10	14	13	
11	12	12	11	14	9	13	11	14	11	11	14	10	14	11	
10	12	12	11	14	9	13	11	14	11	11	14	10	14	13	
15	12	12	12	14	9	13	11	14	11	11	15	10	14	11	
12	12	12	12	14	9	13	11	14	11	11	15	10	14	12	
14	12	12	12	14	9	13	11	14	11	12	15	10	14	11	
11	12	12	12	14	9	13	11	14	11	12	15	10	14	13	
9	12	12	12	14	9	13	11	14	11	12	15	10	14	13	
14	12	12	12	14	10	13	11	15	11	12	15	10	14	12	
15	12	12	12	14	10	13	11	15	11	12	15	10	14	12	
11	12	12	12	14	10	13	11	15	11	12	15	10	14	11	
11	12	12	12	14	10	13	11	15	11	12	15	10	14	14	
15	12	12	12	14	10	13	12	15	11	12	15	11	14	15	
12	12	12	12	14	10	13	12	15	11	12	15	11	14	12	
12	12	12	12	14	10	13	12	15	11	12	15	11	14	12	
14	12	12	12	14	10	13	12	15	11	12	15	11	14	13	
11	12	12	12	14	10	13	12	15	11	12	15	11	14	12	
12	13	14	12	14	10	13	12	15	12	12	15	11	14	15	
10	14	14	12	14	10	13	13	15	12	13	15	11	14	15	
13	14	14	12	14	10	13	13	15	12	13	15	11	14	15	
14	15	14	12	14	10	13	13	15	12	13	15	11	14	10	
14	15	14	12	14	10	13	13	15	12	13	15	11	14	13	
11	15	14	12	14	10	13	13	15	12	13	15	11	14	15	
10	15	14	12	14	10	13	13	15	13	13	15	11	14	15	
13	15	14	12	14	10	13	13	15	13	13	15	12	14	12	
12	15	14	12	14	10	13	13	15	13	13	15	12	14	12	
10	16	14	12	14	10	13	13	15	13	13	15	13	14	14	
13	16	14	12	14	10	13	13	15	13	13	15	13	14	10	
13	16	14	12	14	10	13	13	15	13	13	15	13	14	13	
13	16	15	12	14	10	14	13	15	13	13	15	14	14	13	
13	16	15	12	14	10	14	14	15	13	13	15	14	14	14	
16	16	15	12	14	10	14	14	15	13	13	15	14	14	10	
15	16	15	12	14	10	14	14	15	13	13	15	14	14	15	
14	16	15	12	14	10	14	14	15	13	13	15	14	15	13	
16	16	15	12	14	10	15	14	15	13	13	15	14	15	15	
15	16	15	12	14	10	15	14	15	14	13	15	14	15	15	
13	16	16	12	14	10	15	14	15	15	13	15	14	15	10	
10	16	16	12	14	10	15	14	15	15	13	16	14	15	10	
15	16	16	12	14	10	15	14	15	15	13	16	15	15	16	
16	16	16	13	14	10	16	14	15	15	13	16	15	16	15	
15	16	16	13	14	10	16	14	15	15	13	17	15	16	15	
10	16	16	13	14	10	16	14	15	16	13	17	15	16	15	
14	16	16	13	14	10	16	14	15	16	13	17	15	17	17	
14	17	16	14	14	10	16	14	15	16	13	17	15	17	10	
14	17	16	14	14	10	16	14	15	17	13	17	15	17	14	
17	17	16	14	14	10	16	14	15	17	13	17	15	17	13	
10	17	16	14	14	10	16	14	15	17	14	17	15	17	10	
16	17	16	14	14	10	16	14	15	17	14	17	15	18	16	
15	18	16	14	14	10	16	14	15	17	14	17	15	18	15	
15	18	16	14	14	10	16	14	15	18	14	17	15	18	14	
18	18	16	14	14	10	16	14	16	18	14	17	15	18	18	
17	18	16	14	14	10	17	14	17	19	14	17	15	18	10	
10	18	16	14	14	10	17	14	17	19	14	17	15	18	15	
19	19	16	14	14	10	17	14	17	19	14	17	15	18	14	
14	19	16	14	14	11	17	14	17	19	14	17	15	18	14	
14	19	16	14	14	11	17	14	17	19	14	17	15	18	19	
18	19	16	14	14	11	17	14	17	19	14	17	15	18	15	
17	19	16	14	14	11	17	14	17	19	14	17	15	18	11	
14	19	16	14	14	11	17	14	17	19	14	18	15	18	14	
11	19	16	14	14	11	17	14	17	19	14	18	15	18	14	
14	19	16	14	14	11	17	15	17	19	14	18	15	18	14	
14	19	16	14	14	12	17	15	17	19	14	18	16	18	18	
16	19	16	14	14	12	17	15	17	19	14	18	16	18	14	
18	19	16	14	14	12	17	15	17	19	14	18	16	18	14	
15	19	16	14	14	12	17	15	17	19	15	18	16	18	18	
19	19	16	14	14	12	17	15	17	19	15	19	16	18	14	
12	19	16	14	14	12	17	16	17	19	15	19	16	18	16	
19	19	16	14	14	13	17	16	17	19	15	19	16	18	19	
16	19	16	14	14	13	18	16	17	19	15	19	16	18	16	
18	19	16	14	14	13	18	16	17	19	16	19	16	18	18	
16	19	16	14	14	13	18	16	17	19	16	19	16	18	19	
13	19	17	15	14	13	19	16	17	19	16	19	16	18	13	
17	19	17	15	14	13	19	16	17	19	16	19	16	20	16	
14	19	17	15	14	13	19	16	17	19	16	19	17	20	13	
14	19	17	15	14	13	19	16	17	19	17	19	17	20	14	
19	19	17	15	15	13	19	16	17	19	17	19	17	20	15	
13	19	17	15	15	13	19	16	17	19	17	19	18	20	19	
13	19	17	15	15	13	19	16	17	20	17	19	18	20	18	
17	19	17	15	15	13	19	16	17	20	17	19	18	20	13	
15	19	17	15	15	14	19	16	17	20	18	19	18	20	15	
15	19	18	15	15	14	19	16	17	20	19	19	18	20	15	
19	19	19	15	15	14	19	16	17	20	19	19	19	20	17	
15	19	19	15	15	15	19	16	17	20	19	19	19	20	15	
15	20	19	15	15	15	19	16	17	20	19	19	19	20	15	
17	20	19	15	15	15	19	16	17	20	19	19	19	20	20	
17	20	19	15	15	15	19	17	17	20	19	19	19	21	19	
19	20	19	15	15	15	20	17	17	20	19	19	19	21	15	
17	20	19	15	15	15	20	17	17	21	19	19	19	21	17	
17	20	19	15	15	15	20	17	17	21	19	20	19	21	17	
19	20	19	15	15	15	22	17	17	21	19	20	19	21	19	
17	20	19	15	15	15	22	17	17	21	19	20	19	21	15	
15	20	19	15	15	15	22	17	17	21	19	21	19	22	15	
22	20	19	15	15	15	22	17	17	22	19	21	19	22	15	
17	21	19	15	15	15	22	17	17	22	19	21	19	22	17	
15	21	19	15	15	15	22	17	17	22	19	21	19	22	15	
15	21	19	15	15	15	22	17	17	22	19	21	19	23	15	
19	21	19	16	15	15	22	17	17	22	19	21	19	23	15	
16	21	19	16	16	15	22	17	17	22	19	21	19	23	16	
16	22	19	16	16	15	22	18	17	22	19	21	20	23	22	
16	22	19	16	17	15	22	18	17	22	19	21	20	23	18	
17	22	19	16	17	15	22	18	17	22	19	21	20	23	17	
17	22	19	16	17	15	22	18	17	22	19	21	20	23	19	
18	22	19	17	17	15	22	18	17	22	19	21	20	23	15	
17	22	19	17	17	15	22	18	17	22	19	21	20	23	17	
22	22	19	17	17	15	22	18	17	22	19	21	20	23	21	
15	22	19	17	17	15	22	18	17	22	19	21	20	23	19	
19	22	19	17	17	15	22	18	17	23	19	21	20	23	19	
18	22	19	17	17	15	22	18	17	23	19	21	21	23	21	
22	22	19	17	17	15	22	18	17	23	19	21	21	23	17	
15	22	19	17	17	15	22	18	17	23	19	21	21	23	17	
17	22	19	17	17	15	22	18	17	24	19	21	21	23	23	
17	22	19	17	17	15	22	18	17	24	19	21	21	23	21	
18	22	19	18	17	15	22	18	17	24	19	21	21	24	18	
17	22	19	18	17	15	22	18	17	24	19	21	21	24	17	
19	22	19	18	17	15	22	18	17	24	19	21	21	24	15	
17	22	19	19	17	15	22	18	17	24	19	21	21	24	17	
17	22	19	19	17	15	22	18	17	24	19	21	21	24	24	
18	22	19	19	17	15	22	18	17	24	19	21	21	24	22	
19	22	19	19	17	15	22	18	17	24	19	21	21	24	17	
15	22	19	19	17	15	22	18	17	24	19	21	21	24	19	
22	22	19	19	17	15	22	18	18	24	19	21	21	24	19	
21	22	20	19	17	15	22	18	18	24	19	21	21	24	22	
23	23	20	19	18	15	22	18	18	24	21	21	21	24	21	
16	24	20	19	19	16	22	18	18	24	21	21	21	24	16	
21	24	20	19	19	16	22	18	18	24	21	21	21	24	18	
19	24	20	19	19	16	22	18	18	24	21	21	21	24	19	
21	24	20	19	19	16	22	18	18	24	21	21	21	24	24	
19	24	20	19	19	16	22	18	18	24	21	21	21	24	19	
21	24	21	19	19	16	22	18	18	24	21	21	21	24	19	
18	24	22	19	19	16	22	18	18	24	21	21	21	24	19	
24	24	23	19	19	16	22	18	18	24	21	21	21	24	16	
22	24	23	19	19	16	22	18	18	24	22	21	21	24	18	
21	24	23	19	20	16	22	18	18	24	22	21	22	24	18	
18	24	23	19	20	16	22	18	18	24	22	22	22	24	16	
22	24	23	19	20	17	22	19	18	24	22	22	22	24	23	
22	24	23	19	20	17	22	19	19	24	22	22	22	24	19	
24	24	23	19	20	17	22	19	19	24	23	22	22	24	24	
22	24	23	19	20	17	22	19	19	25	24	22	22	24	19	
19	24	24	19	20	17	22	19	19	25	24	22	22	24	19	
26	24	24	19	20	17	22	19	19	26	24	22	22	24	17	
24	24	24	19	20	17	22	19	19	26	24	22	22	24	19	
24	24	24	19	20	17	23	19	19	26	24	22	22	24	22	
19	24	24	19	20	17	23	19	19	26	24	22	22	24	22	
19	25	24	19	20	17	23	19	19	26	24	22	22	24	19	
20	25	24	19	20	17	23	19	19	26	24	22	22	24	20	
24	25	24	19	20	18	23	19	19	26	24	22	23	24	18	
23	25	24	20	20	18	23	19	19	26	24	22	23	24	23	
23	25	24	20	20	18	23	20	19	26	24	22	23	24	25	
24	25	24	20	20	18	23	20	19	26	24	22	24	24	20	
20	25	24	20	20	18	23	20	19	26	24	22	24	24	22	
24	25	24	20	20	18	23	20	19	26	24	22	24	24	20	
20	25	24	20	20	18	23	20	19	26	25	22	24	24	20	
18	25	24	20	20	18	23	20	19	26	25	22	24	24	20	
24	25	24	21	20	18	23	20	19	26	26	22	24	25	26	
20	25	24	21	20	18	23	20	19	26	26	22	24	25	20	
25	25	24	21	20	18	23	20	19	26	26	22	24	25	25	
21	25	24	21	20	18	23	20	19	26	26	22	24	25	24	
20	25	24	21	20	18	23	20	19	26	26	22	24	25	19	
24	25	24	21	20	18	23	20	19	26	26	22	24	25	19	
21	25	24	21	22	18	23	20	19	26	26	23	24	25	26	
19	25	24	21	22	19	23	20	19	26	26	23	24	25	19	
19	25	24	21	23	19	23	20	20	26	26	23	24	25	23	
24	25	24	21	23	19	23	20	20	26	26	24	24	25	24	
26	25	24	21	23	20	23	20	20	26	26	24	24	25	20	
26	25	24	21	23	20	23	20	20	26	26	24	24	25	21	
26	25	24	21	23	20	23	21	21	26	26	24	24	25	25	
24	25	24	21	23	20	23	21	21	26	26	24	24	25	20	
26	25	25	22	23	20	23	21	22	26	26	24	24	25	24	
21	25	25	22	23	20	23	21	22	26	26	24	24	25	24	
23	25	25	23	23	20	23	21	22	26	26	24	24	25	23	
22	25	25	23	23	20	23	21	22	26	26	24	24	25	24	
24	25	25	23	23	20	24	22	22	26	26	24	24	25	25	
21	25	26	23	23	21	24	22	22	26	26	24	24	25	21	
22	25	26	23	23	21	24	22	22	26	26	24	24	25	21	
22	25	26	23	23	21	24	22	22	26	26	24	24	25	22	
25	25	26	23	23	21	24	22	22	26	26	25	24	25	26	
22	25	26	24	23	21	24	22	22	26	26	25	24	25	26	
24	25	26	24	23	21	24	22	22	26	26	25	24	26	21	
22	25	26	24	23	21	24	22	22	26	26	25	24	26	25	
26	25	26	24	23	21	24	22	22	26	26	25	24	26	21	
22	25	26	24	23	21	24	22	22	26	26	25	24	26	24	
24	25	26	24	23	21	24	22	22	26	26	25	24	26	22	
24	25	26	24	23	21	24	23	22	26	26	25	24	26	24	
21	25	26	24	23	21	24	23	22	26	26	25	24	26	22	
21	25	26	24	23	21	24	23	22	26	26	25	24	26	21	
25	25	26	24	23	21	24	23	22	26	26	25	24	26	22	
25	25	26	24	23	21	24	23	22	26	26	25	24	26	22	
23	25	26	24	23	21	24	23	22	26	26	25	24	26	24	
22	25	26	24	23	22	24	23	22	27	26	25	24	26	22	
25	25	26	24	23	23	24	23	22	27	26	25	25	26	23	
22	25	26	24	23	24	24	23	22	27	26	25	25	26	22	
25	25	26	24	23	24	24	23	23	27	26	25	25	26	25	
23	25	26	24	23	24	24	23	23	27	26	25	25	26	23	
26	25	26	24	23	24	25	23	23	27	26	25	25	26	27	
24	25	26	25	24	24	25	23	23	27	26	25	25	26	23	
25	25	27	25	24	24	25	23	23	27	26	25	25	26	23	
25	25	27	25	24	24	25	23	23	27	26	25	25	27	25	
23	25	27	25	24	24	25	23	23	27	26	25	25	27	25	
23	25	27	25	24	24	25	23	23	27	26	25	26	27	26	
23	25	27	25	24	24	25	23	23	28	26	25	26	27	26	
25	25	27	25	24	24	25	23	23	28	26	25	26	27	24	
24	25	27	25	24	24	25	24	24	28	26	25	26	27	24	
25	25	27	25	24	24	25	24	24	28	26	25	26	27	25	
26	25	27	25	26	25	25	24	24	28	26	25	26	27	26	
24	25	27	25	26	25	25	24	24	28	26	25	26	27	24	
26	25	27	25	26	25	25	24	24	28	26	25	26	27	24	
26	26	27	26	26	25	25	24	24	28	26	25	26	27	28	
26	26	27	26	26	25	25	24	25	28	26	26	26	27	26	
26	26	27	26	26	25	25	24	25	28	27	26	26	27	25	
27	26	27	26	26	25	26	24	25	28	27	26	26	27	26	
27	26	27	26	26	25	27	24	25	28	27	26	27	29	26	
26	26	27	26	26	25	27	24	25	28	27	26	28	29	26	
29	26	27	27	26	25	27	24	25	28	27	26	28	29	27	
26	26	27	28	26	25	27	24	25	28	27	26	28	29	28	
28	27	27	28	26	25	27	24	25	29	28	26	28	29	26	
28	27	27	28	26	25	27	24	25	29	28	26	28	29	27	
25	27	27	28	26	25	27	24	25	30	28	26	28	29	25	
26	28	27	28	26	26	27	24	25	30	28	26	28	29	27	
27	28	27	28	26	26	27	24	25	30	28	26	28	29	28	
26	28	27	28	26	26	27	24	25	30	28	26	28	29	24	
27	28	28	28	26	26	27	24	25	30	28	26	28	30	28	
26	28	28	28	27	26	27	25	26	30	28	26	29	30	26	
28	28	28	29	27	26	27	25	26	30	28	26	29	30	26	
28	28	28	29	27	26	27	25	26	30	28	26	29	31	27	
26	28	28	29	27	26	27	25	26	30	28	26	29	31	28	
27	28	28	29	27	27	27	25	26	30	28	26	29	31	27	
25	28	28	29	27	27	27	25	26	30	28	26	29	31	27	
28	28	28	29	27	27	27	25	26	30	28	27	29	31	27	
29	28	28	29	27	28	27	25	26	30	28	27	29	31	29	
27	28	28	29	27	28	27	25	26	30	28	27	29	32	28	
28	28	28	29	27	28	27	25	26	30	28	27	29	32	27	
27	28	28	29	27	28	28	25	26	30	28	27	29	32	28	
28	29	28	30	27	28	28	25	26	30	28	27	30	32	28	
28	29	28	30	27	28	28	25	27	30	28	27	30	32	30	
30	30	28	30	27	28	28	25	27	30	28	27	30	32	30	
28	30	28	30	27	28	28	25	27	30	28	27	30	32	28	
27	31	28	30	27	28	28	25	27	30	28	27	30	32	27	
30	31	28	30	27	29	28	25	27	30	28	29	30	32	30	
28	31	28	30	27	29	28	25	27	30	28	29	30	32	30	
30	31	28	30	27	29	28	25	27	30	28	29	30	32	30	
30	31	28	30	27	29	28	25	27	30	28	29	30	32	27	
27	31	28	30	28	29	28	25	27	30	28	30	30	32	28	
28	31	28	30	28	29	28	25	27	30	28	30	30	32	30	
25	31	28	30	28	29	28	25	27	31	28	30	30	32	25	
29	32	28	30	28	29	29	26	28	31	29	30	30	32	29	
28	32	28	30	28	29	29	26	28	31	29	30	30	32	28	
30	32	28	30	28	29	29	26	28	31	29	30	30	32	30	
29	32	28	30	28	29	29	26	28	31	29	30	30	32	29	
28	32	28	30	29	29	29	26	28	31	29	30	30	32	28	
29	32	28	30	29	29	29	26	29	31	29	30	30	32	26	
31	32	28	30	29	29	29	26	29	31	29	30	30	32	31	
29	32	28	30	29	29	29	26	29	31	29	30	30	32	26	
31	32	29	30	29	29	29	26	29	31	30	30	30	32	29	
32	32	29	30	29	29	29	27	29	31	30	30	30	32	32	
30	32	29	30	29	29	29	27	29	31	30	30	30	32	29	
29	32	29	30	29	29	29	27	29	31	31	30	30	32	31	
30	32	29	30	29	29	29	27	29	31	31	30	30	32	29	
29	32	29	30	30	29	29	27	29	32	31	30	30	32	29	
30	32	29	30	30	29	29	27	29	32	31	30	30	32	32	
30	32	29	30	30	29	29	27	29	33	31	30	30	32	30	
29	32	29	30	30	29	29	27	29	33	31	30	30	32	30	
33	32	29	30	30	29	29	27	29	33	31	30	30	32	29	
29	32	29	30	30	30	29	27	29	33	31	30	30	32	30	
27	32	29	30	30	30	29	27	29	33	31	30	30	32	30	
27	32	29	30	30	30	29	27	29	33	31	30	30	32	27	
29	32	29	30	30	30	29	27	29	33	31	30	30	32	29	
30	32	29	30	30	30	29	27	29	33	31	30	30	32	30	
29	33	29	30	30	30	29	28	29	33	31	30	30	32	29	
30	33	29	30	30	30	30	28	29	33	31	30	30	32	28	
29	33	29	30	30	30	30	29	29	33	31	30	30	32	29	
33	33	29	30	30	30	30	29	29	33	31	30	30	32	30	
30	33	29	30	30	30	30	30	29	33	31	31	30	32	30	
32	33	29	30	30	30	30	30	29	33	31	32	31	32	29	
32	33	29	30	30	30	30	31	29	33	31	32	31	32	30	
33	33	29	30	30	30	31	31	29	33	31	32	31	32	32	
29	33	29	30	31	30	32	31	29	33	31	32	31	32	31	
33	33	29	30	31	30	32	31	29	33	31	32	32	32	31	
31	33	29	30	31	31	32	32	29	33	31	32	33	32	32	
32	35	29	31	31	31	32	32	29	33	31	32	33	32	33	
32	35	29	31	31	31	32	32	29	33	31	32	34	32	29	
29	35	29	31	31	31	32	32	29	33	31	32	34	32	31	
32	35	29	31	31	31	32	32	29	33	31	33	34	32	29	
32	35	29	31	31	31	32	32	29	33	31	33	34	32	32	
32	35	29	31	31	31	32	32	29	33	31	33	34	32	31	
29	35	29	31	31	31	32	32	29	33	31	33	34	32	29	
31	35	29	31	31	31	32	32	29	33	31	33	35	32	29	
31	35	29	31	31	31	32	33	29	33	31	33	35	32	31	
31	35	29	31	31	31	32	33	29	33	31	33	35	32	31	
31	35	29	31	31	31	32	34	29	33	32	33	35	32	31	
31	35	29	31	31	31	32	34	29	34	32	33	35	32	31	
32	35	29	31	31	31	32	34	29	34	32	33	36	32	32	
29	35	29	31	31	31	32	35	29	34	32	33	37	32	35	
35	35	29	31	31	31	33	35	29	34	32	33	37	32	32	
31	35	29	31	31	31	33	35	29	34	32	33	37	32	31	
34	35	29	31	31	31	33	35	30	34	32	33	37	32	34	
35	35	29	31	31	31	33	35	30	34	32	33	37	32	35	
31	35	30	32	31	31	33	35	30	34	32	33	37	32	33	
32	36	30	32	32	31	33	35	30	34	32	33	38	32	32	
36	36	30	32	32	31	33	35	30	34	32	33	38	32	33	
34	36	30	33	32	31	33	35	30	34	32	34	38	32	34	
32	36	30	33	32	31	33	35	30	34	32	34	38	32	34	
33	36	30	33	32	31	33	35	30	34	32	34	38	32	33	
36	36	30	33	32	32	33	35	30	34	32	35	38	32	32	
35	36	30	33	32	32	33	35	30	34	32	35	38	32	30	
32	36	30	33	32	32	33	35	31	35	32	35	38	32	32	
31	36	30	33	32	32	33	35	31	35	33	35	38	32	31	
35	36	30	33	32	32	33	35	32	35	33	35	38	32	35	
33	36	30	33	32	32	33	35	32	35	33	35	38	32	32	
35	36	30	33	32	32	33	35	32	35	33	35	38	32	33	
32	36	30	33	32	32	33	35	32	35	33	35	39	32	33	
30	36	30	33	32	32	33	35	32	35	33	35	39	32	32	
33	36	30	33	32	32	33	35	32	35	33	35	39	32	32	
30	36	30	33	32	32	33	35	32	36	33	35	39	32	30	
30	36	30	33	32	33	33	35	32	36	33	35	39	32	33	
32	36	30	33	32	33	33	35	32	36	33	35	39	33	33	
32	36	30	33	34	33	33	35	32	36	33	35	39	33	32	
33	36	30	33	34	33	33	35	32	37	33	35	39	33	30	
34	36	30	33	34	33	33	35	32	37	33	36	39	33	30	
37	37	30	33	34	33	33	35	32	37	33	37	39	33	33	
35	37	30	33	34	33	33	35	32	37	33	37	39	33	37	
31	37	31	33	34	33	33	35	32	37	33	37	39	33	35	
37	37	31	33	35	33	33	35	32	37	33	37	39	33	35	
37	37	31	33	35	33	33	35	32	37	33	37	39	33	35	
32	37	31	33	35	33	33	35	32	37	34	38	39	33	33	
38	38	31	33	35	33	33	36	32	37	34	38	39	33	33	
33	38	31	33	35	33	33	36	32	37	34	38	39	33	33	
33	38	31	33	35	33	33	36	32	37	34	38	39	33	34	
36	38	31	33	35	33	33	36	32	37	34	38	39	33	33	
32	38	31	33	35	33	33	36	32	37	34	38	39	33	33	
33	38	32	33	35	33	33	36	32	37	34	38	39	33	34	
33	38	32	33	35	33	33	36	32	38	34	38	39	33	33	
35	38	33	33	35	33	33	36	32	38	34	38	39	33	33	
35	38	33	33	35	33	33	36	32	38	35	38	39	33	38	
33	38	33	33	35	33	33	36	32	38	35	38	39	33	33	
33	38	33	33	35	33	33	36	32	38	36	38	39	33	35	
33	38	33	34	35	33	33	36	32	38	37	38	39	33	32	
38	38	33	34	35	33	33	36	32	38	37	38	39	33	33	
36	38	33	34	35	33	33	36	32	38	37	38	39	33	33	
33	38	33	34	35	33	33	37	32	38	37	38	39	33	33	
32	38	33	34	35	33	33	37	32	38	37	38	39	33	38	
33	38	34	34	35	33	33	37	32	38	37	38	39	33	34	
38	38	34	34	35	33	33	37	33	38	37	39	39	33	33	
33	38	34	34	35	33	33	37	33	39	37	39	39	34	33	
39	38	34	35	35	33	33	37	33	39	37	39	39	34	35	
33	38	34	35	35	33	33	37	33	39	37	39	39	34	33	
37	38	36	35	35	33	33	37	33	39	37	39	39	34	33	
38	38	36	35	35	33	33	37	33	39	37	39	39	35	37	
33	38	37	35	35	33	33	37	33	39	37	39	39	35	33	
33	38	37	35	35	34	33	37	33	39	37	39	39	35	33	
35	38	37	35	35	34	33	37	33	39	37	39	39	35	35	
35	38	37	35	35	35	33	37	34	39	37	39	39	35	35	
35	38	37	35	35	35	33	38	34	39	37	39	39	35	37	
39	38	37	35	35	35	33	38	34	39	37	39	39	35	38	
39	38	37	35	35	35	33	38	34	39	37	39	39	35	39	
38	38	37	35	37	35	33	38	34	39	37	39	39	35	33	
35	38	37	35	37	35	33	38	34	39	37	39	39	35	39	
35	38	37	35	37	35	33	38	34	40	37	39	39	35	37	
35	38	37	35	37	35	33	38	34	40	37	39	39	35	33	
39	38	37	36	37	35	33	38	34	40	37	39	39	35	37	
37	38	37	36	37	35	33	38	35	40	37	39	39	35	37	
37	39	37	36	37	35	33	39	35	40	37	39	39	35	37	
35	40	37	36	37	35	33	39	35	40	37	39	39	35	35	
33	40	37	36	37	35	33	39	35	40	37	39	39	35	40	
39	40	38	36	37	35	33	39	35	40	38	39	39	35	38	
39	40	38	37	37	35	34	39	36	40	38	39	39	35	40	
34	40	38	37	37	35	34	39	36	40	38	39	39	35	34	
39	40	38	37	37	36	35	39	36	40	38	39	39	35	35	
35	40	38	37	37	36	35	39	36	40	38	39	39	35	39	
35	40	38	37	37	36	35	39	37	40	38	39	39	35	37	
36	40	38	37	37	36	35	39	37	40	38	40	39	36	36	
37	40	38	37	37	37	35	39	37	41	38	40	39	36	37	
35	40	38	37	37	37	35	39	38	41	38	41	39	36	35	
36	40	38	37	37	37	35	39	38	41	38	41	39	36	37	
39	40	38	37	37	37	35	39	38	41	38	41	39	36	38	
39	41	38	37	37	37	35	39	38	41	38	41	39	36	37	
41	41	38	38	37	37	35	39	38	41	38	41	40	36	41	
38	41	38	38	37	37	35	39	38	41	38	41	40	36	38	
37	41	39	38	37	37	35	39	38	41	38	41	40	36	37	
41	41	39	38	37	37	35	39	38	41	38	41	40	36	38	
37	41	39	39	37	37	36	39	38	41	38	41	40	36	37	
39	41	39	39	37	38	36	39	38	41	38	41	40	36	37	
39	41	39	39	37	38	37	39	38	41	38	41	40	36	41	
38	41	39	39	37	38	37	39	38	41	38	41	40	36	38	
40	41	39	39	37	38	37	39	38	41	38	41	40	37	41	
38	41	39	39	37	38	37	39	38	41	38	41	40	37	37	
38	41	39	39	37	38	37	39	39	41	38	41	40	37	38	
38	41	39	39	37	38	37	39	39	41	38	41	40	37	39	
39	41	39	39	37	38	37	39	39	41	38	41	40	37	41	
37	41	39	39	37	38	37	39	39	41	38	41	40	37	37	
37	41	39	39	37	38	37	39	39	41	38	41	40	38	39	
39	41	39	39	37	38	37	39	39	41	38	41	40	38	38	
39	41	39	39	37	39	37	39	39	41	38	41	41	38	41	
39	41	40	39	37	39	38	39	39	41	38	41	41	38	39	
39	41	40	39	37	39	38	39	39	41	38	41	42	38	39	
39	41	40	39	37	39	38	39	39	41	38	41	42	38	38	
39	41	40	39	37	39	38	39	39	41	39	41	42	38	37	
38	41	40	39	37	39	38	39	39	41	39	41	42	38	38	
38	41	40	39	37	39	38	39	39	41	39	41	42	38	39	
38	41	40	40	38	39	38	39	40	41	39	41	42	38	40	
40	41	40	41	38	39	38	39	40	41	39	41	42	38	41	
38	41	40	41	38	39	38	39	40	41	39	41	42	38	41	
39	41	40	41	38	39	38	39	40	41	39	41	42	38	40	
40	41	40	42	38	39	38	39	40	41	39	41	42	38	40	
41	41	40	42	38	39	38	39	40	41	39	41	42	38	38	
39	41	40	42	38	40	38	39	40	41	39	41	42	38	38	
41	41	40	42	40	40	39	39	40	41	39	41	42	38	39	
39	41	40	42	41	40	39	39	41	41	39	41	42	38	39	
42	41	40	42	42	40	39	39	41	41	39	41	42	38	39	
40	41	40	42	42	40	39	39	41	41	39	41	42	40	42	
43	41	40	43	42	40	39	39	41	41	39	41	42	40	40	
39	41	40	43	42	40	39	39	41	41	39	41	42	40	41	
39	41	40	43	42	40	39	39	41	41	39	41	42	40	40	
39	41	40	43	42	40	39	39	41	41	39	41	42	40	42	
41	41	40	43	42	40	39	39	41	41	39	41	42	40	39	
40	41	40	43	42	40	39	40	41	41	40	41	42	40	40	
43	42	40	43	42	40	39	40	41	41	40	41	42	40	40	
40	42	40	43	42	40	39	40	41	42	40	41	42	40	43	
43	42	40	43	42	40	39	40	41	42	40	41	42	40	43	
40	43	40	43	43	40	39	41	41	43	40	42	42	40	40	
43	43	40	43	43	40	39	41	41	43	41	42	42	40	39	
39	43	40	43	43	40	39	41	41	43	41	42	42	40	43	
39	43	40	43	43	40	39	41	41	43	41	42	42	40	39	
39	43	40	43	43	40	39	41	41	43	41	42	42	40	43	
42	43	40	43	43	40	39	41	41	43	42	42	42	40	40	
39	43	40	43	43	40	39	42	41	43	43	42	42	40	40	
40	43	40	43	43	40	39	42	41	44	43	42	42	40	42	
41	43	40	43	43	40	39	42	41	44	43	42	42	40	40	
39	43	41	43	43	40	39	43	41	44	43	42	42	40	41	
43	43	41	43	43	40	40	43	41	44	43	42	42	40	42	
42	43	41	43	43	40	40	43	42	44	43	42	42	40	42	
40	43	42	43	44	40	40	43	42	44	43	42	42	40	42	
42	43	42	43	44	40	40	43	42	44	43	42	43	40	42	
42	43	42	43	45	41	40	43	42	44	43	42	43	40	42	
43	43	42	43	45	41	40	43	42	44	43	42	43	40	43	
43	43	42	43	45	41	40	43	42	44	43	42	43	40	40	
43	43	42	43	45	41	40	43	42	44	43	42	44	41	44	
40	43	42	43	45	41	40	43	42	44	43	42	44	41	42	
40	43	42	43	45	41	40	43	42	44	43	42	44	41	43	
42	43	42	44	45	41	40	43	43	44	43	42	44	41	40	
41	44	43	44	45	41	40	43	43	44	43	42	44	41	41	
43	44	43	44	45	41	41	43	43	44	43	42	44	41	41	
44	44	43	44	45	41	42	43	43	44	43	42	44	41	44	
44	44	43	44	45	41	42	43	43	44	44	42	44	41	45	
43	44	43	44	45	41	42	43	43	44	44	42	44	41	43	
41	44	43	44	45	41	42	43	43	44	44	43	44	41	44	
43	44	43	44	45	41	42	43	43	44	44	43	44	41	44	
43	44	43	44	45	41	42	43	43	44	44	43	44	41	44	
43	44	43	44	45	41	42	43	43	44	44	44	44	41	41	
43	44	43	44	45	41	42	43	43	44	45	44	44	41	45	
41	44	43	44	45	41	42	43	43	44	45	44	44	41	44	
44	44	43	44	45	41	42	44	43	44	46	44	44	41	44	
45	44	43	44	45	41	42	44	44	45	46	44	44	42	46	
45	44	43	44	45	41	42	44	44	45	46	44	44	42	41	
44	44	43	44	45	42	42	45	44	45	46	44	44	42	44	
44	44	44	44	45	42	42	45	44	45	46	44	44	42	44	
44	44	44	44	45	42	42	45	44	45	46	44	45	42	44	
42	44	44	44	45	42	42	46	44	45	46	44	46	43	44	
42	44	45	44	45	42	42	46	44	45	47	44	46	43	45	
44	45	45	44	45	42	42	46	44	45	47	44	46	43	44	
45	45	45	44	45	42	42	46	44	46	47	45	46	43	45	
44	45	45	44	45	42	42	46	44	46	47	45	46	43	45	
45	45	45	44	45	42	42	46	44	46	47	45	46	43	46	
45	45	45	44	45	42	42	46	44	46	47	45	46	43	44	
43	45	45	44	45	42	42	46	44	46	47	45	46	43	46	
44	45	45	44	45	42	42	46	44	46	47	46	46	43	46	
47	45	45	44	45	42	42	46	44	46	47	46	46	43	44	
44	45	45	44	45	42	42	46	44	46	47	46	46	43	44	
45	45	45	44	45	42	42	46	44	46	47	46	46	43	46	
44	45	45	44	45	42	42	46	44	46	47	46	46	43	46	
42	45	45	44	45	42	42	46	44	46	47	46	46	43	42	
45	45	45	44	45	42	42	46	44	46	47	46	46	43	42	
45	45	45	44	45	42	42	46	44	46	47	46	46	43	46	
45	45	45	44	45	42	42	46	44	46	47	46	46	43	45	
43	46	45	44	45	42	43	46	44	46	47	46	46	43	45	
43	47	45	44	45	42	43	47	44	46	48	46	46	43	43	
45	47	45	44	45	42	43	47	44	46	48	46	46	43	42	
42	47	45	44	45	42	43	47	44	46	48	46	46	44	42	
47	47	45	44	45	42	43	47	44	46	48	46	46	44	43	
46	47	46	45	45	43	43	47	44	46	48	46	46	44	43	
46	47	46	46	47	43	43	47	44	46	48	46	46	44	47	
43	47	46	46	47	44	43	47	44	46	48	46	47	44	43	
48	47	46	48	47	44	43	47	44	46	48	46	47	44	47	
46	47	46	48	47	44	43	48	44	46	48	46	47	44	46	
46	47	46	48	47	45	43	48	44	46	48	46	47	44	47	
48	47	46	48	48	45	43	48	44	46	48	46	48	44	48	
48	47	46	48	48	45	43	48	44	46	48	46	48	45	43	
47	47	46	48	48	45	44	48	44	46	48	46	48	45	48	
45	47	46	48	48	45	44	48	44	46	49	46	48	45	46	
48	47	46	48	48	45	44	48	45	46	49	46	48	45	48	
45	47	46	48	48	45	45	48	45	46	49	46	48	45	45	
45	47	46	48	48	45	45	48	45	46	49	46	48	45	45	
45	47	46	48	48	45	45	48	46	46	49	46	48	45	48	
48	47	46	48	48	45	45	48	46	46	49	46	48	45	48	
49	47	46	48	48	45	45	48	46	46	49	46	48	45	48	
45	47	47	48	48	45	45	48	46	47	49	47	48	45	48	
48	47	47	48	48	45	45	48	46	47	49	48	48	45	48	
49	47	47	48	48	45	45	48	46	47	49	48	48	47	48	
47	47	47	48	48	45	45	48	46	47	49	48	48	47	45	
49	47	47	49	48	45	45	48	46	47	49	48	48	47	47	
47	47	47	49	48	45	45	48	46	47	49	48	48	47	49	
45	47	47	49	48	45	45	48	46	47	49	48	48	47	45	
48	47	47	49	48	45	45	48	46	47	49	48	48	47	47	
46	47	47	50	48	45	46	48	46	47	49	48	48	47	47	
48	47	47	50	48	45	46	48	46	47	49	48	48	47	49	
47	47	47	50	48	45	46	48	46	47	49	48	48	47	47	
46	47	47	50	48	45	46	48	46	48	49	48	48	47	47	
48	47	47	50	48	45	46	48	46	48	49	48	48	47	48	
45	47	47	50	48	45	46	48	46	48	49	48	48	47	48	
45	47	47	50	48	45	46	48	46	48	49	48	49	47	45	
46	47	47	50	48	45	46	48	46	48	49	48	49	47	46	
46	48	47	51	48	45	46	48	46	48	49	48	49	47	48	
45	48	47	51	49	45	46	48	46	48	49	48	49	47	49	
49	48	47	51	49	45	46	48	46	49	49	48	49	47	49	
46	48	47	51	49	45	46	48	46	49	49	48	49	47	46	
45	48	47	51	49	45	46	48	47	49	49	48	49	47	49	
48	48	47	51	49	45	46	48	47	49	49	48	49	47	47	
49	48	47	51	49	45	46	48	47	49	49	48	49	47	48	
49	48	47	52	50	45	46	48	47	49	49	48	49	47	47	
52	48	47	52	50	45	46	48	47	49	49	48	49	47	46	
49	48	47	52	50	45	46	48	47	49	49	48	49	47	48	
50	48	47	52	50	45	46	48	47	49	49	48	49	47	52	
50	48	47	52	50	45	46	48	47	50	49	48	49	47	45	
45	50	47	52	50	45	46	48	47	50	49	48	49	47	46	
46	50	47	52	50	46	46	48	47	50	49	48	49	47	46	
46	50	47	52	50	46	46	48	47	50	49	48	49	47	47	
47	50	47	52	50	46	46	48	47	50	49	48	49	47	48	
46	50	47	52	50	46	46	48	47	50	49	48	49	47	46	
46	51	47	52	50	46	46	48	47	50	49	48	49	47	48	
46	51	47	52	50	46	46	48	47	50	49	48	49	47	46	
50	51	47	52	50	46	47	49	47	50	49	48	49	47	47	
46	51	47	52	50	46	47	50	47	50	49	48	49	47	50	
49	51	47	52	50	46	47	50	47	52	49	49	49	47	49	
47	51	47	52	50	47	47	51	47	52	49	49	49	47	47	
51	51	47	52	50	47	47	51	47	52	49	49	49	47	51	
47	51	48	53	50	47	47	51	47	52	49	49	49	47	48	
47	51	48	53	50	47	47	51	47	52	49	49	49	47	47	
47	51	48	53	50	47	47	51	47	52	49	49	49	47	47	
47	51	48	53	50	47	47	51	47	52	49	49	49	47	47	
47	51	48	53	50	47	47	52	47	52	49	49	49	47	47	
49	51	48	53	50	47	47	52	48	52	49	49	49	47	47	
50	51	48	53	50	48	47	52	48	52	49	50	49	47	47	
48	51	48	53	50	48	47	52	48	52	50	50	49	47	50	
48	51	48	53	50	48	47	52	48	52	50	50	49	47	50	
48	51	48	53	50	48	47	52	48	53	50	50	49	47	50	
48	51	50	54	50	48	47	52	48	53	50	50	49	47	48	
53	51	50	54	50	48	47	52	48	53	50	50	49	47	53	
50	51	50	54	50	48	47	52	48	53	50	50	49	48	48	
50	51	50	54	50	48	47	52	48	53	50	50	49	48	47	
50	52	50	55	50	48	48	52	48	53	50	50	49	48	48	
50	52	50	55	50	48	48	53	48	53	50	50	49	49	48	
50	52	50	55	50	48	48	53	48	53	50	50	49	49	53	
52	52	50	55	50	48	48	53	48	53	50	50	49	49	52	
48	52	50	55	50	48	48	53	48	53	50	51	49	49	48	
48	52	50	55	50	48	48	53	48	53	50	51	49	49	50	
48	52	50	55	50	48	48	54	48	53	50	51	49	49	50	
51	52	51	55	50	48	48	54	48	53	50	51	49	49	50	
49	52	51	55	50	48	48	54	49	53	50	51	49	49	49	
50	52	51	55	50	48	48	54	49	53	50	52	49	49	50	
50	52	51	55	50	49	48	54	49	53	50	52	50	49	53	
50	52	51	55	50	49	49	54	49	53	50	53	50	49	50	
49	52	51	55	50	49	49	54	50	53	50	53	50	50	49	
49	52	52	55	50	49	49	55	50	53	50	53	50	50	50	
50	52	52	56	50	49	49	55	50	53	50	53	50	50	50	
49	52	52	56	50	49	49	55	50	53	50	53	50	50	50	
50	52	52	56	50	49	49	55	51	53	50	53	50	50	51	
52	52	52	56	50	49	49	55	51	54	50	53	50	50	54	
50	52	52	56	50	49	49	55	51	54	50	53	50	50	50	
51	52	52	56	50	49	49	55	51	54	50	53	50	50	51	
51	52	52	56	50	49	49	55	51	54	50	53	50	50	53	
52	52	52	56	50	49	49	55	51	54	50	53	50	50	53	
49	52	52	56	50	49	49	55	52	54	50	53	51	50	49	
52	52	52	56	50	49	50	55	52	54	50	53	51	50	50	
55	52	52	57	50	49	50	55	52	54	50	53	51	50	57	
54	52	52	57	51	49	51	55	52	54	50	53	51	50	52	
51	52	52	57	51	49	51	55	52	54	50	53	51	50	50	
50	52	52	57	51	49	51	55	52	54	50	53	51	50	50	
51	52	52	57	51	49	51	55	52	54	50	53	51	50	51	
50	52	52	57	51	49	51	55	53	54	50	53	51	51	50	
51	52	52	57	51	49	52	55	53	54	50	53	51	51	50	
49	52	52	57	51	49	52	55	53	54	50	53	51	51	52	
51	52	52	57	51	49	52	55	53	54	50	53	51	51	51	
55	52	52	57	51	49	52	55	53	54	51	53	51	51	52	
52	52	52	57	52	50	52	55	53	54	51	53	51	51	51	
57	52	52	57	52	51	53	55	53	54	51	53	51	51	51	
51	53	52	57	52	51	53	55	53	54	51	53	51	51	52	
54	53	52	58	52	51	53	55	53	54	51	53	51	51	53	
51	53	52	58	53	51	54	56	53	54	51	53	51	51	53	
51	53	52	58	53	51	54	56	53	54	51	53	51	51	51	
53	53	52	58	53	51	54	56	53	54	52	53	51	51	51	
52	53	52	58	53	51	54	56	53	54	52	53	51	51	51	
51	53	52	58	53	51	54	56	53	54	52	53	51	51	51	
53	53	52	58	53	52	55	56	53	54	52	53	51	51	53	
56	53	52	58	53	52	55	56	53	54	52	53	51	51	52	
52	53	52	58	53	52	55	56	53	54	52	53	51	52	52	
53	53	52	58	53	52	55	56	53	54	52	53	51	52	51	
52	53	52	58	53	52	55	56	53	54	52	53	51	52	53	
52	53	52	58	53	52	55	56	53	54	53	53	51	52	52	
52	53	52	58	53	52	55	56	53	54	53	53	51	52	55	
53	53	52	58	53	52	55	56	53	54	53	53	51	52	56	
53	53	52	58	53	52	55	56	53	54	53	53	51	52	52	
53	53	53	58	53	52	55	56	53	54	53	53	51	52	52	
56	53	53	58	53	52	55	56	53	55	53	53	51	52	56	
53	53	53	58	53	52	55	56	53	55	53	53	51	52	51	
52	53	53	58	53	52	55	56	53	55	53	54	51	52	53	
56	53	53	59	53	52	55	56	53	55	53	54	52	52	53	
54	54	54	59	53	52	55	56	53	55	53	54	52	52	52	
53	55	54	59	53	52	55	56	53	55	53	54	52	52	53	
55	55	54	59	53	52	55	56	53	55	53	54	52	52	52	
56	55	54	59	53	52	55	56	53	55	53	54	52	52	55	
52	55	54	59	53	52	55	56	53	55	53	54	52	52	52	
52	55	54	59	53	52	55	56	53	55	53	54	52	52	52	
52	55	54	59	53	52	55	56	53	55	53	54	52	53	55	
53	56	54	59	53	52	55	56	53	55	53	54	52	53	52	
56	56	54	59	53	52	55	56	53	55	53	54	52	53	53	
56	56	54	59	53	53	55	56	53	55	53	54	52	53	54	
53	56	54	59	53	53	55	56	53	55	53	54	52	53	55	
55	56	54	59	53	53	55	56	53	55	53	54	52	53	56	
53	56	54	59	53	53	56	56	53	55	53	54	52	53	53	
54	56	54	59	53	53	56	56	53	55	53	54	54	53	56	
59	56	54	59	53	53	56	56	53	55	53	54	54	53	56	
53	56	54	59	53	53	56	56	53	55	53	54	54	53	56	
53	56	54	59	53	53	56	56	53	55	54	54	54	53	54	
53	56	54	59	53	53	56	56	53	55	54	54	54	53	56	
59	56	54	59	53	53	56	57	53	55	54	54	54	53	54	
54	56	54	59	53	53	56	57	53	56	54	54	54	54	54	
54	56	54	59	53	53	56	58	53	57	54	55	54	54	54	
56	56	54	59	53	53	56	58	53	57	54	55	54	54	54	
56	56	55	59	54	53	56	58	53	57	54	55	54	54	56	
53	56	55	59	54	53	56	58	53	57	54	55	54	54	54	
59	56	55	59	54	53	56	58	53	57	54	55	54	54	54	
55	56	55	59	54	53	56	58	53	57	54	55	54	54	54	
54	56	55	59	54	53	56	58	53	57	54	55	54	54	55	
58	56	55	59	55	53	56	58	53	57	54	55	54	54	57	
59	56	55	59	55	53	56	58	53	57	54	55	54	54	53	
56	56	55	59	55	53	56	58	53	58	54	55	54	54	56	
54	56	55	59	55	53	56	58	53	58	54	55	54	54	54	
54	56	55	60	56	53	56	58	53	58	54	55	54	54	54	
53	56	55	60	56	53	56	58	53	58	54	55	54	54	53	
55	56	55	61	56	53	57	58	53	58	54	55	54	54	58	
54	56	55	61	56	54	57	58	53	58	54	55	54	54	53	
54	56	55	61	56	54	57	58	53	58	54	55	54	54	53	
54	57	56	61	56	55	57	58	53	58	54	55	54	54	54	
58	58	56	61	56	55	57	58	53	58	54	55	54	54	58	
55	58	56	61	56	55	57	58	53	59	54	55	54	54	54	
55	58	56	61	56	55	57	58	53	59	54	55	54	54	53	
55	58	56	61	56	55	57	58	53	59	54	55	54	54	54	
57	58	56	61	57	55	57	58	53	59	54	55	54	54	58	
57	58	56	62	57	56	57	58	53	59	54	55	54	54	54	
59	58	56	62	57	56	57	58	53	59	54	55	54	55	56	
55	58	56	62	57	56	57	58	54	59	54	55	54	55	54	
56	58	56	62	57	56	57	58	54	59	54	55	54	55	56	
58	58	56	62	57	56	57	58	55	59	54	55	54	55	55	
54	58	56	62	57	56	57	58	55	59	54	55	54	55	55	
55	58	56	62	57	56	57	58	55	60	54	55	55	55	55	
56	58	57	62	57	56	57	58	55	60	54	55	55	56	58	
62	58	57	62	57	56	57	58	55	60	54	55	55	56	57	
55	58	57	62	57	56	57	58	55	60	54	56	55	56	62	
58	58	57	62	57	56	57	58	55	60	54	56	55	56	55	
57	58	57	62	57	56	57	58	56	60	54	56	55	56	56	
57	58	57	62	57	56	57	58	56	60	54	56	55	56	57	
57	58	57	62	57	56	57	59	56	60	54	56	55	56	56	
56	58	57	62	58	56	57	59	56	60	54	56	55	56	56	
60	59	57	62	58	56	57	59	56	60	54	56	55	56	56	
56	59	57	63	58	56	57	59	56	60	54	56	55	56	56	
57	59	57	63	58	56	57	59	57	60	54	56	55	57	57	
58	59	57	63	58	56	57	59	58	60	54	56	55	57	63	
57	59	57	63	58	56	57	59	58	60	54	56	55	57	56	
54	59	57	63	58	56	57	59	59	60	54	56	55	57	57	
55	59	57	63	58	56	57	59	59	60	54	56	55	57	54	
57	59	57	63	58	56	57	59	59	60	54	56	55	57	56	
56	59	57	63	58	56	57	59	59	60	54	56	55	57	56	
59	59	57	63	58	56	57	59	59	60	55	56	55	57	55	
59	59	57	63	58	56	57	59	59	60	56	56	55	57	56	
59	59	57	63	58	56	57	59	59	60	56	56	55	57	59	
56	59	57	63	58	56	57	59	59	60	56	56	56	57	56	
56	59	57	63	58	56	57	59	59	60	56	57	56	57	56	
56	59	57	63	58	56	57	59	59	60	56	57	56	57	56	
57	59	57	63	58	56	57	59	59	60	56	58	56	57	58	
56	59	57	63	58	56	57	59	59	60	56	58	56	57	56	
58	59	57	63	58	56	57	59	59	60	56	58	56	57	58	
58	59	58	63	58	56	57	59	59	60	56	58	56	57	56	
56	59	58	63	58	56	57	59	59	60	56	58	56	57	56	
57	59	58	63	58	56	57	59	59	60	56	58	56	57	58	
58	59	58	63	59	56	57	59	59	60	57	58	56	57	56	
58	59	58	63	60	56	57	59	59	60	57	58	56	57	58	
57	59	58	63	60	56	57	59	59	60	57	58	56	57	57	
57	60	58	63	60	57	57	59	59	60	57	58	56	57	57	
58	60	58	63	60	57	57	59	59	60	57	58	56	57	58	
56	60	58	63	60	57	57	59	59	60	57	58	56	57	57	
58	61	58	63	60	57	57	59	59	60	57	58	56	57	59	
61	61	58	63	60	57	57	59	59	60	57	58	56	57	57	
60	61	58	63	60	57	57	59	59	60	57	58	56	58	57	
58	61	58	63	60	57	57	59	59	60	57	58	56	58	56	
60	61	58	63	60	57	58	59	59	60	57	58	56	58	60	
57	61	58	63	60	58	58	59	59	61	57	58	56	58	59	
61	61	58	64	60	59	58	59	59	61	57	58	56	58	61	
58	61	59	64	60	59	58	60	59	61	57	58	56	58	60	
57	61	59	64	60	59	58	60	59	61	57	58	56	58	56	
61	61	59	64	61	59	58	60	59	61	57	58	56	58	57	
59	61	59	64	61	59	58	60	59	61	58	58	56	58	58	
60	61	59	64	61	59	58	60	59	61	60	58	56	59	56	
61	61	59	64	61	59	58	60	59	61	60	58	56	59	56	
59	61	59	65	61	59	58	60	59	61	60	58	56	59	60	
65	61	59	65	61	59	58	60	59	61	60	58	56	59	60	
60	61	59	65	61	59	58	61	59	61	60	58	56	59	60	
60	62	60	65	61	59	58	62	59	61	60	58	56	59	60	
59	62	60	65	61	59	59	62	59	62	60	58	56	59	61	
58	62	60	65	61	59	59	62	59	62	60	58	57	59	60	
58	62	60	65	61	60	59	63	59	62	60	58	57	59	58	
62	62	61	65	61	60	59	63	59	62	60	58	57	59	61	
58	62	61	65	61	60	59	63	60	62	60	58	57	60	58	
59	62	61	65	61	60	59	63	60	62	60	58	57	60	60	
60	62	61	65	61	60	59	63	60	62	60	58	57	60	60	
58	63	61	65	61	60	59	63	61	62	60	58	57	60	59	
61	63	61	65	61	60	59	63	61	62	61	58	57	60	61	
57	63	61	65	61	60	59	63	61	62	61	58	57	60	63	
61	63	61	65	61	60	59	63	61	62	61	58	57	60	65	
63	63	61	65	62	60	59	63	61	62	61	58	57	60	58	
58	63	61	65	62	60	59	63	61	62	61	58	57	60	62	
57	63	61	65	62	60	59	63	61	62	61	58	57	61	65	
64	63	61	65	62	60	59	64	61	62	61	58	57	61	57	
61	63	61	65	62	60	60	64	61	62	61	58	57	61	61	
61	63	61	65	62	60	60	64	61	62	61	58	58	61	58	
64	63	61	65	62	60	60	64	62	62	61	58	58	61	62	
60	63	61	65	62	60	60	64	62	62	61	58	58	61	61	
60	63	61	65	62	60	60	64	62	62	61	58	59	61	58	
62	63	62	65	63	61	60	64	62	62	62	58	59	61	62	
63	63	62	65	63	61	60	64	62	62	62	58	59	61	65	
60	63	62	65	63	61	60	64	62	62	62	58	59	61	60	
62	63	62	65	63	61	60	64	62	62	62	58	59	61	61	
58	63	62	65	63	62	60	64	62	63	62	58	59	61	61	
62	63	62	65	63	62	60	64	62	65	62	58	59	61	58	
62	63	62	65	63	62	60	64	62	65	62	58	59	62	59	
65	63	62	65	63	62	60	64	62	65	62	58	59	62	62	
62	63	62	65	63	62	60	64	62	65	62	59	59	62	62	
63	63	62	65	63	63	60	64	62	65	63	59	59	62	62	
62	63	62	65	63	63	60	64	62	65	63	59	59	62	62	
62	63	62	65	63	63	60	64	62	65	63	59	59	62	59	
63	63	63	65	63	63	60	64	62	65	63	59	59	62	63	
63	63	63	65	63	63	60	64	62	65	63	59	59	62	59	
60	63	63	65	63	63	60	64	62	65	63	60	59	62	60	
63	63	63	65	63	63	60	64	62	65	64	60	59	62	65	
62	63	63	65	63	63	60	64	62	65	64	60	59	62	63	
60	63	65	65	63	63	60	64	62	65	64	60	59	62	64	
65	63	65	65	63	63	60	64	62	65	64	60	59	62	60	
62	63	65	65	63	63	60	64	62	65	64	60	59	62	65	
63	63	65	65	63	63	60	64	62	65	64	60	59	62	63	
65	63	65	65	63	64	60	64	62	65	64	60	59	62	63	
60	63	65	65	63	64	60	64	62	66	64	60	59	62	60	
63	63	65	65	63	64	60	64	63	67	64	60	59	62	65	
59	64	65	65	63	64	60	64	63	67	64	60	59	62	60	
64	64	65	65	63	64	60	64	63	67	64	60	59	62	64	
65	64	65	65	63	64	60	64	64	67	64	60	59	62	60	
60	64	65	65	63	64	60	64	64	67	64	60	60	62	60	
60	64	65	65	63	64	60	64	64	67	64	60	60	62	60	
60	64	65	65	63	64	60	64	64	67	64	60	60	62	60	
61	64	65	65	63	64	60	64	64	67	64	61	60	62	61	
64	64	65	65	63	64	60	64	64	67	64	61	60	62	64	
67	64	65	65	63	64	60	64	64	67	64	61	60	62	64	
65	64	65	65	63	64	60	64	64	67	64	61	60	62	62	
60	64	65	65	63	64	60	64	64	67	64	61	60	62	64	
65	64	65	65	63	64	60	64	64	67	65	61	60	62	65	
61	64	65	65	63	65	60	64	64	67	65	61	60	62	65	
62	64	65	65	64	65	60	64	64	68	66	62	60	62	62	
62	64	65	65	64	65	60	64	64	68	66	62	60	62	66	
60	64	65	65	64	65	60	64	64	68	66	62	60	62	64	
60	64	65	65	64	65	60	64	64	68	66	62	60	62	60	
60	64	65	65	64	65	60	64	64	68	66	62	60	62	60	
64	64	65	65	64	65	60	64	64	68	66	62	60	62	64	
62	64	65	65	64	65	60	64	64	68	66	62	60	62	60	
60	64	65	65	64	65	60	64	64	68	66	62	60	63	66	
68	64	65	65	64	65	60	64	64	68	66	62	60	63	68	
65	64	65	65	64	65	60	64	64	68	66	62	60	63	65	
65	64	65	65	64	65	60	64	64	68	66	62	60	63	63	
65	64	65	65	65	65	60	64	64	68	66	62	60	63	63	
62	64	65	65	65	65	60	64	64	68	67	62	60	63	65	
62	64	65	65	65	65	61	64	64	68	67	62	61	63	65	
65	64	65	66	65	65	61	65	64	68	67	62	61	64	65	
65	64	65	66	65	65	61	65	64	68	67	62	61	64	65	
64	64	65	66	65	65	61	66	64	68	67	62	61	64	65	
66	65	65	66	65	65	61	66	64	69	67	62	61	64	66	
61	65	65	66	65	65	61	66	64	69	67	62	61	64	66	
62	65	65	66	65	65	61	66	64	69	67	62	62	64	61	
65	65	65	66	65	65	61	66	64	69	67	62	62	64	62	
65	66	65	66	65	65	61	67	64	69	68	62	62	64	66	
65	67	65	66	65	65	61	67	64	69	68	62	62	64	61	
70	67	65	66	65	65	62	67	64	70	68	62	62	64	65	
67	67	65	66	66	65	62	67	64	70	68	62	62	64	70	
66	67	65	66	66	66	62	67	64	70	68	62	62	64	66	
64	67	65	66	66	66	62	67	64	70	68	62	62	64	62	
66	67	65	66	66	66	62	67	64	70	68	63	62	64	66	
64	67	65	66	66	66	62	67	64	70	68	64	62	64	64	
62	67	65	66	66	66	63	67	64	70	68	64	62	64	67	
66	67	65	66	66	66	63	67	64	71	68	64	62	64	64	
66	67	65	66	66	66	63	67	64	71	68	64	62	64	67	
64	67	65	66	66	66	63	67	64	71	68	64	62	64	64	
71	67	65	67	66	66	63	67	64	71	68	64	62	64	62	
66	67	65	67	66	66	63	67	64	71	68	64	62	64	67	
67	67	65	67	66	66	63	67	64	71	69	64	63	64	63	
66	67	65	67	66	66	63	67	64	71	69	64	63	64	66	
63	67	65	67	66	66	63	67	64	71	69	64	63	64	66	
64	67	65	67	66	66	63	67	64	71	69	65	63	64	64	
63	67	65	67	66	66	63	67	64	71	69	65	63	64	64	
68	67	65	68	66	66	63	67	64	71	69	65	63	64	66	
65	67	65	68	66	66	63	67	64	71	70	65	63	64	66	
66	67	65	68	66	66	63	67	64	71	70	66	63	64	71	
71	67	65	68	66	66	63	67	64	71	70	66	63	64	66	
68	67	65	68	66	66	64	67	64	71	70	66	63	64	67	
66	67	65	68	66	66	64	67	64	71	70	66	63	64	66	
66	67	65	68	66	67	64	67	64	71	70	66	63	64	70	
70	67	65	68	66	67	64	67	64	71	70	66	63	64	66	
67	67	65	68	66	67	64	67	64	71	70	66	63	64	64	
67	67	65	68	67	67	64	67	64	71	70	66	63	64	66	
70	67	65	68	67	67	64	67	64	71	70	66	63	65	70	
65	67	65	69	67	67	64	67	64	71	70	67	63	65	67	
64	67	65	69	67	67	64	67	64	71	70	67	63	65	65	
63	67	65	69	67	67	64	67	64	71	70	67	63	65	64	
65	68	65	69	67	67	65	67	64	71	70	67	63	65	64	
65	68	65	69	67	67	65	67	64	71	70	67	63	66	63	
70	68	65	69	67	67	65	67	64	71	70	67	63	66	67	
67	68	65	69	67	67	66	67	64	71	70	68	63	66	67	
65	68	65	69	67	67	66	67	64	71	70	68	63	66	66	
66	68	65	69	67	67	66	67	64	71	70	68	63	66	66	
68	68	65	69	67	68	66	68	64	71	70	68	63	66	68	
68	68	65	69	67	68	66	68	64	71	70	68	63	66	68	
71	68	65	69	67	68	66	68	64	71	70	68	63	66	68	
68	68	65	69	67	68	66	68	64	71	70	68	63	66	63	
66	68	65	69	67	68	66	68	64	71	70	68	63	66	66	
70	68	65	69	67	68	66	68	64	71	70	68	63	66	64	
67	68	65	69	67	68	66	68	64	71	70	68	63	66	66	
67	68	65	69	67	69	66	68	64	71	70	68	63	66	68	
68	68	65	69	67	69	66	68	64	72	70	68	63	66	64	
66	68	65	69	67	69	66	69	64	72	70	68	64	66	68	
68	68	66	69	67	69	66	70	64	72	70	68	64	66	67	
68	68	66	69	67	69	66	70	64	72	70	68	64	66	66	
64	68	66	69	67	69	66	70	64	72	70	68	64	66	66	
69	68	66	69	67	69	66	70	64	72	70	68	64	66	64	
64	68	66	69	67	69	66	70	64	72	70	68	64	66	69	
65	68	66	69	67	69	66	70	65	72	70	68	64	66	64	
65	68	66	69	67	69	67	70	65	72	70	68	64	66	66	
68	69	66	69	67	69	67	70	65	72	70	68	64	66	64	
69	69	66	69	67	69	67	70	66	72	70	68	64	66	68	
66	69	66	69	67	69	67	70	66	72	70	68	64	66	72	
69	70	66	69	67	69	67	70	66	72	70	68	64	66	66	
67	70	66	69	67	69	67	70	66	72	70	68	64	66	68	
70	70	66	69	67	69	67	70	66	72	71	68	64	66	68	
66	70	66	69	67	69	67	70	66	72	71	68	64	66	71	
71	70	66	69	67	69	67	71	66	72	71	68	64	66	69	
66	70	66	69	67	69	67	71	66	72	71	68	64	66	68	
67	70	66	69	67	69	67	72	66	72	71	68	64	66	66	
69	70	66	69	67	69	67	72	66	72	71	68	64	66	66	
64	70	67	69	67	69	67	72	66	72	71	68	64	66	67	
68	70	68	69	67	69	67	72	66	72	71	68	64	66	72	
71	70	68	69	67	69	67	72	66	72	71	68	64	66	69	
68	70	68	69	67	69	67	73	66	72	71	68	64	66	69	
68	70	68	69	67	69	67	73	66	72	71	68	64	66	66	
68	70	68	69	67	69	68	73	66	72	71	69	64	66	68	
71	70	68	69	67	69	68	73	66	72	71	69	64	66	66	
66	70	68	69	67	69	68	73	66	72	71	69	64	66	69	
64	70	68	70	67	70	68	73	66	72	71	69	64	66	64	
70	70	69	70	68	70	68	73	66	72	71	70	64	66	71	
68	70	69	70	68	70	68	73	66	72	72	70	65	66	70	
70	70	69	70	68	70	68	73	67	72	72	70	65	66	68	
66	70	69	70	68	70	68	73	67	72	72	70	67	66	70	
70	71	69	70	68	70	68	73	67	73	72	70	67	66	69	
68	71	69	70	68	70	68	73	67	73	72	70	67	66	71	
67	71	69	70	68	70	68	73	68	74	72	71	67	66	71	
72	71	69	70	68	70	68	73	68	74	72	71	67	67	69	
73	71	69	70	68	70	68	73	68	74	72	71	67	67	68	
67	71	69	70	68	70	68	73	68	74	72	71	67	67	74	
68	71	69	70	68	70	68	73	68	74	72	71	68	67	68	
71	71	70	70	68	70	68	73	68	74	72	71	68	67	71	
72	71	70	70	68	70	68	73	68	74	72	71	68	67	68	
68	71	70	70	68	70	68	73	68	74	72	71	68	67	68	
73	71	70	70	68	70	68	73	68	74	72	71	68	67	71	
69	71	70	70	69	70	68	73	68	74	72	71	69	67	72	
69	71	70	70	69	70	68	73	68	74	72	71	69	67	67	
69	71	70	70	69	70	68	73	69	74	72	71	69	67	69	
71	71	70	71	69	70	68	73	69	74	72	71	69	67	69	
71	71	70	71	69	70	68	73	69	74	72	71	69	67	68	
70	71	70	71	69	70	69	73	70	74	72	71	69	67	69	
67	71	70	71	70	70	69	73	70	74	72	71	69	67	71	
71	71	70	71	70	70	69	73	70	74	72	71	69	68	70	
75	71	70	71	70	70	69	73	70	75	72	71	69	68	72	
70	71	70	71	70	70	69	73	71	75	72	71	69	69	69	
69	71	70	71	70	70	69	73	71	75	72	71	69	69	70	
71	71	71	71	70	70	69	73	71	75	72	71	69	69	71	
69	71	71	71	70	70	69	74	71	75	72	71	69	69	69	
71	71	71	71	70	70	69	74	71	75	72	71	69	69	69	
70	71	71	71	70	70	69	74	71	75	72	71	69	69	70	
70	71	71	71	70	70	70	74	71	75	72	71	69	69	70	
71	71	71	71	70	70	70	74	71	75	72	71	69	69	71	
71	71	71	71	70	70	70	74	71	75	72	71	69	69	71	
72	71	71	71	70	70	70	74	71	75	72	71	69	69	71	
69	71	71	71	71	70	70	74	71	75	72	71	69	69	71	
70	71	72	71	71	70	70	74	71	75	72	71	69	69	72	
70	71	72	71	71	70	70	74	72	75	72	71	70	70	75	
72	71	72	71	71	70	70	74	72	75	72	71	70	70	70	
71	71	72	74	71	71	70	75	72	75	72	71	70	70	70	
70	71	72	74	71	71	70	75	72	75	72	71	70	70	71	
72	71	72	74	71	71	70	75	72	75	72	71	70	70	72	
71	71	72	74	71	71	70	75	72	75	72	71	70	70	71	
71	71	72	74	71	71	70	75	72	75	73	72	70	70	71	
76	71	72	74	71	71	70	75	73	76	73	72	70	70	71	
70	71	72	75	71	71	70	75	74	76	73	72	70	71	70	
71	71	72	75	72	71	70	75	74	76	73	72	70	71	71	
71	71	73	75	72	71	70	75	74	76	73	72	71	71	72	
71	71	73	75	72	71	70	75	74	77	73	72	71	71	71	
73	71	73	75	72	71	70	75	74	77	73	72	71	71	73	
71	72	73	75	72	71	70	76	74	77	74	72	71	72	72	
72	72	73	75	72	71	70	76	74	77	74	72	72	73	70	
74	73	73	75	72	71	70	76	74	78	74	72	72	73	74	
73	73	73	75	72	71	70	76	74	78	74	72	73	73	72	
73	73	73	75	72	71	70	76	74	78	76	72	73	73	73	
74	73	73	75	72	71	70	76	74	78	76	72	74	73	74	
72	73	73	75	73	71	70	76	74	78	76	72	74	73	71	
71	73	73	75	73	71	70	76	74	78	76	73	74	73	74	
70	73	73	75	73	71	70	76	74	78	76	73	74	73	73	
71	74	74	75	73	71	70	76	74	79	76	73	74	73	73	
73	74	74	75	73	72	70	76	74	79	76	73	74	73	73	
73	74	74	75	73	72	70	76	74	79	76	73	74	73	73	
77	75	74	75	73	72	70	77	74	79	76	73	75	73	73	
75	75	74	75	73	72	71	77	74	79	76	73	75	73	77	
73	75	74	75	73	72	72	77	74	79	76	73	75	73	72	
76	75	74	75	73	72	72	77	74	79	76	73	75	73	75	
73	75	74	75	73	72	72	77	74	79	76	73	75	74	75	
76	75	75	75	73	72	72	77	74	79	76	73	75	74	77	
77	75	75	75	73	72	72	77	74	79	76	74	75	74	74	
72	75	75	75	73	72	72	77	74	79	76	74	75	74	72	
73	75	75	75	73	72	72	77	74	79	76	74	75	74	75	
75	75	75	75	73	72	72	77	74	79	76	75	75	74	74	
73	75	75	75	73	72	72	77	74	79	76	75	75	74	75	
73	75	75	75	73	72	73	77	74	79	76	75	75	74	75	
73	75	75	75	73	73	73	77	74	79	76	75	75	74	79	
74	75	75	75	73	73	73	77	74	79	76	75	75	74	79	
75	75	75	75	73	73	73	77	74	79	77	75	75	74	73	
79	75	75	75	73	74	73	77	74	79	77	75	75	74	74	
74	75	75	75	73	74	73	77	74	79	77	75	75	74	77	
75	75	75	75	73	74	73	77	75	80	78	75	75	74	75	
80	76	75	75	73	74	73	77	75	80	78	75	75	74	75	
73	76	75	75	73	74	73	77	75	80	78	75	75	74	73	
75	76	75	75	73	74	73	77	75	80	78	75	75	74	75	
75	76	75	75	73	75	73	78	75	80	78	75	75	74	75	
75	76	75	75	73	75	73	78	75	80	78	75	75	74	75	
75	76	75	75	73	75	73	78	75	80	79	75	75	74	74	
75	76	75	75	74	75	73	78	75	80	79	75	75	74	75	
75	76	75	75	74	75	73	79	75	80	79	75	75	74	75	
73	76	75	75	74	75	73	79	75	81	79	75	75	74	75	
73	76	75	75	74	75	73	79	75	81	79	75	75	74	74	
74	76	75	75	74	75	73	79	75	81	79	75	75	74	75	
73	77	75	75	74	75	73	79	75	81	79	75	75	75	75	
75	77	75	75	74	75	73	79	75	81	79	75	75	75	75	
75	77	75	75	74	75	73	79	75	81	79	75	75	75	75	
79	77	75	75	74	75	73	79	75	81	79	75	75	75	75	
75	77	75	75	74	75	73	79	75	81	79	75	75	75	75	
75	77	75	75	74	75	73	79	75	81	79	75	75	75	75	
74	77	75	75	74	75	73	79	75	81	79	76	75	75	74	
75	77	75	75	74	75	73	79	75	81	79	77	75	75	75	
75	77	76	75	74	75	73	79	75	81	79	77	75	75	75	
74	77	76	75	74	75	73	79	75	81	79	77	76	75	79	
77	77	76	75	74	75	73	79	75	81	79	77	76	75	73	
77	77	76	75	74	75	73	80	75	81	79	77	76	75	80	
74	77	76	75	74	75	73	81	76	81	79	77	76	76	73	
79	77	76	75	74	75	73	81	76	81	79	77	76	76	76	
74	77	76	75	74	75	73	81	76	82	79	78	76	76	74	
74	78	76	75	74	75	73	81	76	82	79	78	76	77	74	
74	78	76	75	74	75	73	81	76	82	79	78	76	77	76	
75	78	76	75	74	75	73	81	76	82	79	78	76	77	79	
82	78	77	75	74	75	73	81	76	82	79	78	76	77	82	
78	78	77	75	74	75	73	81	76	82	79	78	76	77	77	
77	78	77	75	74	75	73	81	76	82	79	78	76	77	76	
78	78	77	75	74	75	73	81	76	82	79	78	76	77	77	
73	78	77	75	75	75	73	81	76	82	79	78	76	77	73	
75	78	77	75	75	75	73	81	76	82	79	78	76	77	76	
80	78	77	75	75	75	74	81	76	82	80	78	76	77	79	
76	78	77	75	75	75	74	81	76	82	80	79	76	77	75	
75	78	77	75	75	75	75	81	77	82	80	79	76	77	75	
76	78	77	75	75	75	75	81	77	82	80	79	76	77	75	
81	78	77	75	75	75	76	81	77	82	80	79	76	77	80	
80	78	77	75	75	75	76	81	77	82	80	79	76	77	77	
77	78	77	75	75	75	76	82	77	82	80	79	76	77	79	
75	78	77	76	75	75	76	82	77	82	80	79	77	77	76	
79	78	77	76	75	75	76	82	77	82	80	79	77	77	75	
77	78	77	76	75	75	76	82	77	82	80	79	77	77	77	
75	78	77	76	75	75	76	82	77	82	80	79	77	77	77	
75	78	77	76	75	75	76	82	77	82	80	79	77	77	75	
77	78	77	77	75	76	76	83	77	82	80	79	77	77	77	
76	78	77	77	75	76	76	83	77	82	80	79	77	77	77	
77	78	77	77	75	76	76	83	77	82	80	79	77	77	77	
77	78	77	77	75	77	76	83	78	82	80	79	78	77	78	
83	78	77	77	75	77	76	83	78	82	80	79	78	78	78	
77	78	77	77	75	77	76	83	78	82	80	79	78	78	75	
78	78	77	77	75	77	77	83	78	82	80	79	78	78	77	
77	78	77	77	75	77	77	83	78	82	80	79	78	78	78	
78	78	77	77	75	77	77	83	78	82	80	79	78	79	78	
78	78	77	77	75	77	77	83	78	82	80	79	78	79	77	
75	78	77	77	75	77	77	83	78	82	80	79	78	79	77	
78	78	77	77	75	77	77	83	78	82	80	79	78	79	79	
80	80	77	78	75	77	77	83	78	82	80	79	78	79	77	
83	80	77	78	75	78	77	83	78	82	80	79	78	79	78	
78	80	77	78	75	78	77	83	78	82	80	79	78	79	78	
77	80	77	78	75	78	77	83	78	82	80	79	78	79	77	
75	80	77	78	75	78	77	83	78	82	80	79	78	79	78	
78	80	77	78	75	78	77	83	78	82	80	79	78	79	75	
75	80	78	78	75	79	77	83	78	82	80	79	79	79	75	
78	80	79	78	75	79	77	83	78	82	80	79	80	80	75	
79	80	79	78	75	79	77	83	79	82	80	80	80	81	75	
80	80	79	78	75	79	77	83	79	82	80	80	80	81	80	
79	80	80	78	76	79	77	83	79	82	80	80	80	81	78	
81	81	80	78	76	79	77	83	79	82	80	80	80	81	81	
79	81	80	78	77	79	77	83	79	82	80	80	80	81	79	
81	81	80	78	77	79	77	83	79	82	81	80	80	81	77	
78	81	80	78	77	79	78	84	79	82	81	80	80	81	79	
78	81	80	78	77	79	78	84	79	82	81	80	80	81	78	
80	81	80	78	77	79	78	84	79	82	81	80	80	81	77	
80	82	80	78	77	79	78	84	79	82	81	80	80	81	80	
77	82	80	78	77	79	78	84	79	82	81	80	80	81	78	
80	82	80	79	77	79	78	84	79	82	81	80	80	81	81	
79	82	80	79	77	80	78	84	79	82	81	80	80	81	80	
81	82	80	79	77	80	78	84	79	82	81	80	80	81	77	
79	82	80	80	77	80	78	84	79	82	81	81	80	82	81	
81	82	80	80	77	80	78	84	79	82	81	81	81	83	81	
83	82	80	80	77	80	78	84	79	82	81	81	81	83	78	
82	82	80	80	77	80	78	84	79	82	81	81	81	83	82	
78	82	80	80	77	80	78	84	79	82	81	81	81	83	80	
80	82	80	80	77	80	78	84	79	82	81	81	81	83	78	
81	82	80	80	77	80	78	84	79	82	81	81	81	84	80	
80	82	80	80	77	80	78	84	79	82	81	81	81	84	80	
77	82	80	80	77	80	78	84	79	82	81	81	81	84	81	
81	82	80	80	77	81	78	84	79	83	81	81	81	84	77	
81	82	80	80	77	81	78	85	80	83	81	81	81	84	85	
80	82	80	80	77	81	78	85	80	83	81	81	81	84	81	
81	82	80	80	78	81	78	85	80	84	81	81	81	84	84	
78	82	80	80	78	81	78	85	80	84	82	81	81	84	81	
81	82	80	80	78	81	78	85	81	84	82	81	81	84	80	
82	82	80	80	78	81	78	85	81	84	82	81	81	84	78	
81	82	80	80	78	81	78	85	81	84	82	81	81	85	82	
81	82	80	81	78	81	78	85	81	84	82	81	81	85	85	
78	82	80	81	78	81	78	85	81	84	82	81	81	85	78	
80	82	80	81	78	81	78	85	81	84	82	81	82	85	81	
78	82	80	81	78	81	78	85	81	84	82	81	82	85	80	
85	82	80	81	78	81	78	85	82	84	82	81	83	85	78	
78	82	80	81	79	81	78	85	82	84	82	81	84	85	81	
78	82	80	81	79	81	78	85	83	84	82	82	84	85	82	
81	82	80	81	79	81	78	85	83	84	82	82	84	85	81	
82	82	80	81	79	82	78	85	83	84	82	82	84	86	78	
82	82	80	81	79	82	78	85	83	84	82	82	84	86	78	
84	82	80	81	79	82	78	85	83	84	82	82	84	86	78	
82	82	80	81	79	82	78	85	83	86	83	82	84	86	78	
80	82	80	81	79	82	78	85	83	86	83	82	84	86	78	
85	82	80	81	79	82	78	85	83	86	83	82	84	86	82	
82	83	80	81	79	82	78	85	84	86	83	83	85	86	83	
83	83	80	81	79	82	78	85	84	86	83	83	85	86	84	
81	83	80	81	79	82	78	85	84	86	83	83	85	86	86	
82	83	80	81	79	82	78	85	84	86	83	83	85	86	82	
83	83	80	81	79	82	78	85	84	86	83	83	85	86	83	
83	83	80	82	80	82	78	85	84	86	84	83	85	86	83	
85	83	80	83	80	82	78	85	84	86	84	83	85	86	80	
83	83	80	83	80	82	78	85	84	86	84	83	85	86	82	
86	83	80	83	81	82	78	85	84	86	84	83	85	86	80	
83	83	80	83	81	82	78	85	84	86	84	83	85	86	85	
85	83	80	83	81	82	78	85	84	86	84	83	85	86	84	
78	83	80	83	81	82	78	85	84	86	84	83	85	86	78	
83	83	80	83	81	82	78	85	84	86	84	83	85	86	80	
81	83	80	84	81	82	78	85	84	87	84	83	85	86	85	
85	83	80	84	81	82	78	85	84	87	84	83	85	86	82	
85	83	80	84	81	82	78	85	84	87	84	83	85	86	84	
85	83	80	85	82	82	78	85	84	87	84	83	85	86	85	
78	83	80	85	82	82	78	85	84	87	84	83	85	86	78	
85	83	80	85	82	82	78	85	84	87	84	83	85	86	80	
80	83	80	85	82	82	78	86	84	87	84	83	85	87	82	
78	83	80	85	82	82	78	86	84	87	84	83	85	87	84	
80	83	80	85	82	82	78	86	84	87	84	83	85	87	80	
78	83	80	87	82	82	78	86	84	87	84	83	85	87	83	
80	83	80	87	82	82	78	86	85	87	84	83	85	87	80	
82	83	81	87	82	82	78	86	85	87	84	83	85	87	82	
87	83	81	87	82	82	78	86	85	87	84	83	85	88	82	
82	83	81	87	82	82	78	86	85	87	84	83	85	88	82	
83	83	81	88	82	82	78	86	85	87	84	83	85	88	82	
88	83	81	88	82	82	78	86	85	87	84	83	86	88	83	
82	83	81	88	82	82	78	86	85	87	84	83	86	88	81	
84	83	81	88	82	82	78	86	85	87	84	83	86	88	82	
78	83	81	88	82	82	78	86	85	87	84	83	86	88	78	
83	83	81	88	82	82	78	86	85	87	84	83	87	88	83	
82	83	81	88	82	82	78	86	85	88	84	83	87	88	78	
81	83	81	88	82	82	79	86	85	88	84	83	87	88	81	
82	83	81	88	82	82	79	86	85	88	84	83	87	88	83	
82	83	81	88	82	82	79	86	85	88	84	83	87	88	88	
79	83	81	88	82	82	79	86	85	88	84	83	87	88	79	
88	83	81	88	82	82	79	86	85	88	84	83	87	88	79	
83	83	81	88	82	83	79	86	85	88	85	83	87	88	83	
82	83	81	88	82	83	79	87	85	88	85	83	87	88	83	
83	83	81	88	82	83	79	87	85	88	85	83	87	88	79	
79	83	82	88	82	83	79	87	85	88	85	83	87	88	79	
83	83	83	88	82	83	79	87	85	88	85	83	87	88	85	
83	83	83	88	82	83	80	87	85	88	85	84	87	88	80	
80	83	83	88	82	83	80	87	85	88	85	84	87	88	80	
88	84	83	88	82	83	80	87	85	88	85	84	87	88	80	
83	84	83	88	82	83	80	87	85	88	85	84	87	88	85	
84	84	83	88	82	84	80	87	85	88	85	84	87	88	80	
84	84	83	88	82	84	80	87	85	88	86	85	87	88	87	
82	84	83	88	82	84	80	87	85	88	86	85	87	88	80	
84	85	83	88	82	84	80	87	85	88	86	85	87	88	88	
85	85	83	88	82	84	80	87	85	88	86	85	87	88	85	
85	85	83	88	83	84	81	87	85	88	86	85	87	88	85	
87	85	83	88	83	84	81	87	85	88	86	85	87	88	85	
85	85	83	88	83	84	81	87	85	88	86	85	87	88	81	
84	85	83	88	83	84	82	87	85	88	86	85	88	88	83	
83	85	83	88	83	84	82	87	85	88	86	85	88	88	82	
86	85	83	88	83	84	82	87	85	88	86	85	88	88	82	
85	85	83	88	83	84	82	87	85	88	86	85	88	88	85	
88	85	83	88	84	84	82	87	85	88	86	85	88	88	88	
85	85	83	88	84	84	82	87	85	88	86	85	88	88	82	
88	85	83	88	84	84	82	87	86	88	86	85	88	88	84	
84	85	83	88	84	84	83	87	86	88	86	85	88	88	84	
83	85	83	88	84	84	83	87	86	88	86	85	88	88	88	
85	85	83	88	84	84	83	87	86	88	86	85	88	88	85	
88	85	83	88	84	84	83	87	86	88	86	85	88	88	88	
84	85	83	88	84	84	84	87	86	88	86	85	88	88	88	
87	85	83	88	84	84	85	87	86	88	86	86	88	88	83	
86	85	83	88	84	84	85	87	86	88	86	86	88	88	86	
87	85	83	88	84	84	85	87	86	88	86	86	88	88	85	
85	85	83	88	84	84	85	87	86	88	86	86	89	88	88	
86	85	83	88	84	84	85	87	86	88	86	86	89	88	84	
83	85	83	88	84	84	85	87	86	88	87	86	89	88	88	
85	85	83	88	84	84	85	87	86	88	87	86	89	88	88	
87	86	83	88	85	84	85	88	87	88	87	86	89	88	87	
88	86	83	88	85	84	85	88	87	88	87	86	89	88	88	
87	86	83	88	85	84	85	88	87	88	87	86	89	88	87	
85	86	84	88	85	84	85	88	87	88	87	86	89	88	89	
87	86	84	88	85	84	85	88	87	88	87	86	91	88	91	
87	86	84	89	85	84	85	88	87	88	87	87	91	88	84	
84	86	84	89	85	84	85	88	87	88	87	87	91	88	88	
85	86	84	89	85	85	85	88	87	88	87	87	91	88	84	
85	86	84	89	85	85	85	88	87	88	88	87	91	88	85	
85	86	84	89	85	85	85	88	87	88	88	87	91	88	85	
88	86	84	89	85	85	86	88	87	88	88	87	91	88	84	
88	87	84	89	85	85	86	88	87	88	88	87	91	88	86	
86	87	84	89	85	85	86	88	87	88	88	87	91	88	88	
84	87	84	89	85	85	86	88	87	88	88	87	91	88	84	
88	87	85	89	85	85	86	88	87	88	88	87	91	88	91	
87	87	85	89	85	85	86	88	87	88	88	87	91	88	86	
88	87	85	89	85	85	86	88	87	88	88	87	91	88	86	
87	87	85	89	85	85	86	88	87	88	88	87	91	88	86	
85	87	85	89	85	85	86	88	87	88	88	87	91	88	88	
85	87	85	89	85	85	86	89	87	88	88	87	91	88	87	
85	89	85	89	85	85	86	89	87	88	88	87	91	88	85	
85	89	85	89	85	85	86	89	87	88	88	87	91	88	85	
88	89	85	89	85	86	86	89	87	88	88	87	91	88	87	
88	89	85	89	85	86	86	89	87	88	88	87	91	88	85	
87	89	85	89	86	86	86	89	87	89	88	87	91	88	86	
85	89	85	89	86	86	86	89	87	89	88	87	91	88	85	
86	89	85	89	86	86	86	89	87	89	88	87	91	88	88	
86	89	85	89	86	86	86	89	87	89	88	87	91	88	86	
88	89	85	89	86	86	86	90	87	90	88	87	91	88	87	
87	89	85	89	86	86	86	91	87	90	88	87	91	88	87	
89	89	85	90	86	86	86	91	87	90	88	87	91	88	91	
86	89	86	90	86	86	86	91	87	90	88	87	91	88	88	
86	89	86	90	87	86	86	91	88	90	88	87	91	89	89	
89	89	86	90	87	86	86	91	88	90	88	87	91	89	87	
86	89	86	90	88	86	86	91	88	90	88	87	91	89	88	
91	89	86	90	88	86	86	91	88	90	88	87	91	89	88	
86	89	87	90	88	86	86	91	88	90	88	87	91	89	87	
91	89	88	90	89	86	86	91	88	91	88	87	91	89	87	
89	89	88	90	89	86	86	91	88	91	88	87	91	89	87	
89	89	88	90	89	86	86	91	88	91	88	87	91	89	89	
86	90	88	91	89	86	86	91	88	91	88	87	91	89	91	
87	91	88	91	89	86	86	91	88	91	88	87	91	89	88	
88	91	88	91	89	86	86	91	88	91	88	87	91	89	89	
91	91	88	91	89	86	86	91	88	91	88	88	91	90	86	
86	91	88	91	89	86	86	91	88	91	89	88	91	90	91	
91	93	88	91	89	86	86	91	88	91	89	88	91	90	88	
91	93	88	91	89	86	86	91	88	91	89	88	91	90	90	
88	93	88	91	89	86	86	91	88	91	89	88	91	90	91	
91	93	88	91	89	86	86	91	88	91	89	88	91	90	91	
88	93	89	91	89	86	86	91	88	91	89	88	91	90	89	
86	93	89	91	89	86	86	91	88	91	89	88	91	90	86	
86	93	89	91	89	86	86	91	88	91	89	88	91	90	88	
91	93	89	91	89	86	87	91	88	91	89	88	91	90	87	
88	93	89	91	89	86	87	91	88	91	90	88	91	90	87	
91	93	89	91	89	86	87	91	89	91	90	88	91	90	89	
89	93	89	91	89	86	87	91	89	91	90	88	91	90	87	
87	93	89	91	89	86	87	91	89	91	90	88	91	90	87	
90	93	89	91	89	86	87	91	89	91	90	88	91	90	90	
86	93	89	91	89	86	87	91	89	91	90	88	91	90	89	
90	93	89	91	89	86	87	91	90	91	90	88	91	90	91	
87	93	89	91	89	86	87	91	90	91	90	88	91	90	90	
93	93	89	91	89	86	87	91	90	91	90	88	91	90	87	
93	93	89	91	89	87	87	91	90	91	90	88	91	90	93	
91	93	89	91	89	87	87	91	90	91	90	89	91	90	89	
90	93	89	91	89	88	87	91	90	91	90	89	91	90	89	
91	93	89	91	89	88	87	91	90	91	90	90	91	90	89	
90	93	90	91	89	88	87	91	90	91	90	90	91	90	90	
93	93	90	91	89	88	88	91	90	91	90	90	91	90	90	
90	93	90	91	89	89	88	92	90	91	90	90	91	90	89	
91	93	90	91	89	89	88	92	90	91	90	90	91	90	89	
91	93	90	92	89	89	88	92	90	91	90	90	91	91	90	
91	93	90	92	89	89	88	92	90	91	90	91	91	91	91	
90	93	90	92	89	89	88	92	90	91	90	91	91	91	90	
91	93	90	92	89	89	88	92	90	91	90	91	91	91	92	
88	93	90	92	89	89	88	93	90	91	90	91	91	91	90	
88	93	90	92	89	89	88	93	90	91	90	92	91	91	90	
89	93	90	92	89	89	88	93	90	91	90	92	91	91	89	
90	93	90	92	89	89	88	93	90	91	90	92	91	91	89	
92	93	90	92	89	89	88	93	90	91	90	92	91	92	92	
88	93	90	92	89	89	88	93	90	91	90	92	91	92	89	
90	93	90	92	90	89	88	93	90	91	90	92	91	92	89	
92	93	90	92	90	89	88	93	90	91	90	92	91	92	88	
90	93	90	92	90	89	88	93	90	91	90	92	92	92	89	
90	93	90	92	90	89	89	93	91	91	90	92	92	92	89	
91	93	91	92	90	90	89	93	91	92	90	92	92	92	91	
92	93	91	92	90	90	89	93	91	92	90	92	92	93	93	
90	93	91	92	90	90	89	93	92	92	90	92	92	93	92	
90	93	91	92	90	90	89	93	92	92	90	92	92	93	92	
92	93	91	92	90	90	89	93	92	93	90	92	92	93	92	
89	93	92	92	90	90	89	93	92	93	90	92	92	93	93	
92	93	92	92	90	90	89	93	92	93	91	92	92	93	92	
89	93	92	92	90	90	89	93	92	93	91	92	92	93	89	
89	94	92	92	90	90	89	93	92	94	92	92	92	93	93	
92	94	92	92	90	90	89	93	92	94	92	92	92	93	90	
93	94	92	92	91	90	89	93	92	94	93	92	92	93	94	
92	94	92	92	91	90	89	93	92	94	93	92	92	93	89	
94	94	92	92	91	90	90	94	92	94	93	92	92	93	92	
90	95	92	92	91	90	90	94	92	94	93	92	92	94	94	
95	95	92	92	91	91	90	94	92	94	94	92	92	94	90	
92	95	92	92	91	91	90	94	92	94	94	92	92	94	94	
91	95	92	92	91	91	90	94	92	94	94	92	92	94	92	
91	95	92	92	91	91	90	94	92	94	94	92	92	94	91	
91	95	92	92	91	91	90	94	92	94	94	92	92	94	94	
92	95	92	93	91	91	90	94	92	94	94	92	92	94	90	
94	96	92	93	91	91	90	94	92	94	94	92	92	94	93	
94	96	92	93	91	91	90	94	92	94	94	92	92	94	90	
96	96	93	93	91	91	90	94	92	94	94	92	92	95	96	
90	96	93	93	91	91	90	94	92	94	94	92	92	95	92	
93	96	93	93	91	91	90	94	93	94	94	92	92	95	95	
94	96	93	93	91	91	90	94	94	94	94	92	92	95	94	
90	96	93	93	91	91	90	94	94	94	94	92	92	95	90	
91	96	93	93	91	91	90	94	94	94	94	92	92	95	92	
94	96	93	93	92	91	90	94	94	94	94	92	92	95	94	
96	96	93	93	92	91	90	94	94	94	94	92	92	95	90	
91	96	93	93	92	91	90	94	94	94	94	92	92	95	91	
95	96	93	93	92	91	90	94	94	94	94	92	92	95	94	
91	96	93	93	92	91	90	94	94	94	94	92	92	95	94	
92	96	93	93	92	91	90	94	94	94	94	92	92	95	92	
90	96	93	93	92	91	90	95	94	94	94	92	92	95	92	
90	96	93	93	92	91	90	95	94	94	94	92	92	95	93	
94	96	93	93	92	91	90	95	94	94	94	92	92	95	90	
93	96	93	93	92	92	90	95	94	94	94	92	93	95	92	
95	96	93	93	92	92	90	95	94	94	94	92	93	95	92	
92	96	93	93	92	92	90	95	94	94	94	92	93	95	90	
95	96	93	94	92	92	90	95	94	94	94	92	93	95	94	
94	96	93	94	92	92	90	95	94	94	94	92	93	96	94	
93	96	93	94	92	92	90	95	94	94	94	92	93	97	90	
96	96	93	94	92	92	90	95	94	94	94	92	93	97	96	
92	96	93	94	92	92	90	95	94	94	94	92	93	97	92	
93	97	93	94	92	92	90	95	94	94	94	92	93	97	93	
97	97	93	94	92	92	90	95	94	94	94	92	93	97	97	
93	97	93	94	92	93	90	95	94	94	94	92	94	97	90	
90	97	93	94	92	93	90	95	94	94	94	92	94	97	94	
94	97	93	94	92	93	90	95	94	94	95	92	94	97	92	
90	97	93	94	92	93	90	95	94	94	95	92	95	97	90	
93	97	93	94	92	94	90	95	94	94	95	92	95	97	93	
94	97	93	94	92	94	90	96	94	94	95	92	95	97	94	
92	97	93	94	92	94	90	96	94	94	95	92	95	97	96	
94	97	94	94	92	94	90	96	94	94	95	92	95	97	94	
95	97	94	94	92	94	90	96	94	94	95	92	95	97	95	
94	97	94	94	92	94	90	96	94	94	95	92	95	97	96	
97	97	94	94	92	94	90	96	94	94	95	92	96	97	92	
90	97	94	94	92	94	90	96	94	94	95	93	96	97	90	
94	98	94	94	92	94	90	96	94	94	95	93	96	97	94	
94	98	94	94	92	94	90	96	94	94	95	93	96	97	94	
96	98	94	94	92	94	90	96	94	94	95	93	96	97	90	
94	98	94	94	92	94	90	97	94	94	95	93	96	98	96	
99	99	94	94	92	94	90	97	94	94	95	94	96	98	94	
92	99	94	94	92	94	90	97	94	94	95	94	96	98	90	
94	99	94	94	93	94	90	98	94	94	95	94	97	98	94	
98	99	94	94	93	94	90	98	94	94	95	94	97	98	98	
94	99	94	94	93	94	90	98	94	94	95	94	97	98	99	
90	99	94	94	93	94	90	98	95	94	95	94	97	98	97	
94	99	94	94	93	94	90	98	95	94	95	94	97	98	94	
98	99	94	94	93	94	90	98	95	94	95	94	97	98	95	
94	99	96	94	93	94	90	99	95	94	95	94	97	98	93	
96	99	96	94	93	94	90	99	95	94	95	94	97	98	93	
99	99	96	95	93	94	90	99	95	94	95	94	97	98	94	
95	99	96	95	93	94	90	99	95	94	95	94	97	98	94	
94	99	96	95	93	95	90	99	95	94	95	94	97	98	95	
94	99	96	95	93	95	90	99	95	94	95	94	98	98	94	
95	99	96	95	93	95	90	99	95	94	95	94	98	98	95	
90	99	96	95	93	95	90	99	95	94	95	94	98	98	95	
95	99	96	95	93	95	90	99	95	94	95	94	98	98	90	
94	99	96	95	93	95	90	99	95	94	95	94	98	98	94	
96	99	96	96	93	95	90	99	95	94	95	94	98	98	90	
90	99	96	96	93	95	90	99	95	94	95	94	98	98	96	
96	99	96	96	93	95	90	99	95	94	95	94	98	98	95	
96	99	96	96	94	95	91	99	95	94	95	94	98	98	94	
98	99	96	96	94	95	91	99	95	94	95	94	98	98	94	
94	100	96	96	94	95	91	99	96	94	95	94	98	98	94	
92	100	96	96	94	95	92	99	96	94	95	95	99	98	92	
96	100	96	96	94	95	92	99	96	94	95	95	99	98	92	
96	100	96	96	94	95	92	99	96	94	95	95	99	98	95	
97	100	97	96	94	95	92	99	96	95	95	96	99	98	96	
96	100	97	96	94	95	93	99	96	95	95	96	99	99	95	
96	100	97	96	94	95	93	99	96	95	95	97	99	99	95	
95	100	97	96	94	95	93	99	96	95	95	97	99	99	93	
95	100	97	96	94	95	93	99	96	95	95	97	99	99	95	
99	100	97	96	94	95	94	99	96	96	95	97	99	99	94	
94	100	97	96	94	95	94	99	96	96	95	97	99	99	96	
99	100	98	96	94	95	95	99	96	96	95	97	99	99	95	
100	100	98	96	94	95	95	99	96	96	95	97	99	99	96	
99	100	98	96	94	95	95	99	97	96	95	98	99	99	94	
100	100	98	96	94	95	95	99	97	96	95	98	99	99	99	
95	100	98	96	94	95	95	99	97	96	95	98	99	99	99	
96	100	98	96	94	96	95	100	97	96	95	98	99	99	96	
95	100	98	98	94	96	95	100	98	96	95	98	99	99	95	
98	100	98	98	95	96	95	100	98	96	95	98	99	99	95	
95	100	98	98	95	97	95	100	98	96	95	98	99	99	95	
98	100	98	98	95	97	95	100	98	96	95	98	99	99	97	
98	100	98	98	96	97	95	100	98	96	95	98	99	99	95	
95	100	98	99	96	97	95	100	98	97	95	98	99	99	100	
99	102	98	99	97	97	95	100	98	97	96	98	99	99	97	
99	102	98	99	97	97	95	100	98	97	97	98	99	99	97	
98	102	98	99	97	97	95	100	98	97	97	98	99	99	98	
99	102	98	99	97	97	95	100	98	97	98	98	99	99	100	
98	102	98	99	97	97	95	100	98	97	98	99	99	100	100	
100	102	98	99	97	97	95	100	98	97	98	99	99	100	99	
100	102	98	99	97	97	95	100	98	97	98	99	99	100	98	
98	102	98	99	97	97	95	100	98	97	98	99	99	100	100	
100	102	98	99	97	97	95	100	98	97	98	100	99	100	100	
100	102	98	99	97	97	95	100	99	97	98	101	99	100	100	
99	102	98	99	97	97	95	100	99	97	99	101	99	100	100	
102	102	98	99	97	97	95	100	99	97	99	102	99	100	100	
98	102	98	99	97	97	95	100	99	97	99	102	99	100	102	
95	102	98	100	97	97	95	100	99	97	99	102	99	100	95	
95	102	98	100	97	97	95	100	99	97	99	102	99	100	97	
102	102	98	100	97	97	95	100	100	97	99	102	99	100	97	
100	102	98	100	97	97	95	100	100	97	99	102	99	100	102	
97	102	98	100	97	97	95	100	100	97	100	102	99	100	99	
100	102	98	100	97	97	95	100	101	97	100	102	99	100	100	
100	102	98	100	97	97	95	100	101	97	101	102	99	100	101	
100	102	98	100	98	97	95	100	101	97	101	102	99	100	100	
102	102	98	100	98	97	95	100	101	97	101	102	99	100	100	
98	102	98	100	98	97	95	100	101	97	101	102	100	100	97	
100	102	98	100	98	97	95	100	101	99	101	102	100	100	100	
100	102	98	100	98	97	95	100	101	99	101	102	100	100	100	
99	102	98	100	98	97	95	100	101	99	101	102	100	100	95	
97	102	98	100	98	97	95	100	101	99	101	102	100	100	101	
98	102	98	100	98	97	95	100	101	99	102	102	100	100	97	
100	102	98	100	98	97	95	100	101	99	102	102	100	100	102	
98	102	98	100	98	97	95	100	101	99	102	102	100	100	100	
100	102	98	100	98	97	95	100	102	99	102	102	100	100	97	
100	102	98	100	98	97	95	100	102	99	102	102	101	100	98	
98	102	98	100	98	98	95	100	102	99	103	102	102	100	103	
95	102	98	100	99	98	95	100	102	99	103	102	102	100	95	
95	102	98	100	100	98	95	100	102	99	103	102	102	100	95	
98	102	98	100	100	98	95	100	102	99	103	102	102	100	95	
95	102	98	100	100	98	95	100	102	99	103	102	102	100	98	
98	102	98	100	100	98	95	101	102	99	103	102	102	100	100	
100	102	98	100	100	98	96	101	102	100	103	102	102	100	100	
98	102	98	100	100	99	96	101	102	100	103	102	102	100	100	
96	102	98	100	100	99	96	101	102	100	103	102	102	100	100	
96	102	98	100	100	99	96	101	102	100	103	102	102	100	101	
102	102	98	101	100	99	96	101	102	100	103	102	102	100	98	
100	102	99	101	100	99	96	101	102	100	104	102	102	100	101	
100	102	99	101	100	99	96	101	102	100	104	102	102	100	101	
102	102	99	101	100	99	96	101	102	100	104	102	102	100	102	
104	102	99	101	100	99	96	101	102	100	104	102	102	100	99	
101	102	100	101	100	99	96	101	102	100	104	102	102	100	104	
104	102	100	101	100	99	96	101	102	100	104	102	102	100	101	
100	102	100	101	100	99	96	101	102	100	104	102	103	100	96	
102	102	100	101	100	99	96	101	102	100	104	102	103	100	100	
100	102	100	101	100	99	96	101	102	101	104	102	103	100	102	
102	102	100	101	100	99	96	101	102	101	104	102	103	100	102	
104	102	100	101	100	99	96	101	102	101	104	102	103	100	96	
101	102	100	101	100	99	96	101	102	101	104	102	103	100	96	
103	102	100	101	100	99	96	101	103	101	104	102	103	100	96	
102	102	100	101	100	99	96	101	103	101	104	102	103	101	96	
104	102	100	101	100	99	96	101	103	101	104	103	103	101	101	
99	102	100	101	100	99	96	101	103	101	104	103	103	101	96	
103	102	100	101	100	99	96	101	103	101	104	103	103	101	101	
100	102	100	101	101	99	96	101	103	101	104	103	103	101	96	
101	102	100	101	101	99	96	102	103	101	104	103	103	101	103	
96	102	100	101	101	99	96	102	103	101	104	103	104	101	96	
101	102	100	101	101	99	96	102	103	101	104	103	104	101	101	
101	102	100	101	102	99	96	102	104	101	104	103	104	101	99	
103	102	100	101	102	99	96	102	104	101	104	103	104	101	101	
102	102	100	101	102	100	96	103	104	101	104	103	104	101	100	
104	103	100	101	102	100	96	104	104	101	104	103	104	101	104	
96	103	100	101	102	100	96	104	104	101	104	103	104	101	101	
102	103	100	101	102	100	96	104	104	102	104	103	104	101	96	
96	104	100	101	102	100	96	104	104	102	104	103	104	101	100	
96	104	101	101	102	100	96	104	104	102	104	103	104	101	101	
101	104	101	101	102	100	96	104	104	103	104	103	104	101	96	
104	104	101	101	102	100	96	104	104	103	104	103	104	102	103	
102	104	102	101	103	100	96	104	104	103	104	103	104	102	96	
101	104	102	101	103	100	96	104	104	103	104	103	104	102	104	
104	104	102	101	103	100	97	104	104	103	104	103	104	102	100	
97	104	102	101	103	100	97	104	104	103	104	103	104	102	97	
97	104	102	101	103	100	97	104	104	103	104	103	104	102	97	
102	104	102	101	103	100	97	104	104	103	104	103	104	102	104	
101	105	102	101	103	100	97	104	104	103	104	103	104	103	103	
103	105	102	101	103	100	97	104	104	103	104	103	104	103	104	
97	105	102	101	103	100	97	104	104	103	104	103	104	103	97	
104	105	103	101	103	100	97	104	104	103	104	103	104	103	104	
101	105	103	101	104	100	97	104	104	103	104	104	104	103	104	
104	105	104	101	104	100	97	104	104	103	104	104	104	103	100	
100	105	104	101	104	100	97	104	104	103	104	104	104	103	105	
100	105	104	101	104	100	97	104	104	103	104	104	105	103	100	
104	105	104	101	104	101	97	104	104	103	104	104	105	103	101	
104	105	104	101	104	101	97	104	104	103	104	104	105	103	97	
97	105	104	101	104	101	97	104	104	103	104	104	105	103	97	
105	105	104	101	104	101	97	104	104	103	104	105	105	103	97	
97	105	104	101	104	101	97	104	104	103	104	105	105	103	104	
104	105	104	102	104	101	97	104	104	103	104	105	105	103	104	
105	105	105	102	104	101	97	105	104	104	104	105	105	103	104	
97	105	105	102	104	101	97	105	104	104	104	105	106	103	97	
104	105	105	102	104	101	97	105	104	104	104	105	106	103	97	
104	105	105	102	104	101	97	105	104	104	104	105	106	103	104	
97	105	105	102	104	101	97	105	104	104	104	105	106	103	104	
104	105	105	102	104	101	97	105	104	104	105	105	106	103	104	
97	105	105	102	105	101	97	105	104	104	105	105	106	103	97	
105	105	105	102	105	101	97	105	105	104	105	105	106	103	105	
104	105	105	102	105	101	97	105	105	104	106	105	106	103	97	
105	105	105	102	105	101	97	105	105	104	106	105	106	103	105	
97	105	105	102	105	101	97	105	105	104	106	105	106	103	97	
106	105	105	102	105	101	97	105	105	105	106	105	106	103	105	
97	105	105	103	105	101	97	105	105	105	106	105	106	103	103	
105	105	105	103	105	101	98	105	105	105	106	105	107	103	101	
107	105	105	103	105	101	98	105	105	105	106	105	107	103	105	
106	105	105	103	106	101	98	105	105	105	106	105	107	103	101	
105	105	105	103	106	101	98	105	105	105	106	105	107	103	106	
105	105	105	103	106	101	98	105	105	106	106	105	108	103	103	
98	105	105	103	106	101	98	106	105	106	106	105	109	104	106	
106	105	105	103	106	101	98	106	105	106	107	105	109	104	106	
101	105	105	103	106	101	98	106	105	106	107	105	109	105	98	
98	105	105	103	106	101	98	106	105	106	107	105	109	105	98	
101	105	105	103	106	101	98	106	105	106	107	105	109	106	101	
98	105	105	104	106	101	98	106	105	106	107	105	110	106	104	
105	105	105	104	106	101	98	106	105	106	107	105	110	106	105	
107	106	105	104	106	101	98	106	105	106	107	105	110	106	106	
106	106	105	104	106	101	99	106	105	106	107	106	110	106	106	
100	106	105	104	106	101	100	106	105	106	107	106	110	106	105	
105	106	105	104	106	101	100	106	105	106	107	106	111	107	104	
111	106	105	104	106	101	101	106	105	106	107	106	111	107	106	
107	106	105	104	106	101	101	106	106	106	107	106	111	107	101	
101	106	105	104	106	101	101	106	106	106	107	106	111	107	107	
106	106	105	104	106	101	101	106	106	106	107	106	111	107	106	
105	106	105	104	107	101	101	106	106	106	107	106	111	107	107	
107	106	105	104	107	101	101	106	106	106	107	106	111	107	105	
101	106	105	104	107	101	101	107	106	106	107	106	111	107	101	
104	106	106	104	107	101	101	107	107	107	107	106	111	108	101	
104	106	106	104	107	101	101	107	107	107	107	106	111	108	101	
107	106	106	105	107	101	101	107	107	107	107	106	111	108	101	
107	106	106	105	107	101	101	107	107	108	107	106	111	108	101	
107	107	106	105	107	101	101	107	107	108	107	106	111	108	107	
107	107	106	105	107	101	101	107	107	108	107	106	111	108	101	
106	107	106	105	107	101	101	107	107	108	107	106	111	108	107	
101	107	108	105	108	101	101	107	107	108	107	106	111	108	108	
107	107	108	105	108	101	101	107	107	108	107	107	111	108	101	
105	107	108	105	108	101	101	107	107	108	107	107	111	108	101	
101	107	108	105	108	101	101	107	107	108	108	107	111	108	101	
101	107	109	105	108	101	102	107	107	108	108	107	111	108	109	
105	107	109	105	108	101	103	107	107	108	108	107	111	108	101	
103	107	109	105	108	101	103	107	107	108	108	107	111	109	107	
101	107	109	105	108	101	103	107	107	108	108	107	111	109	111	
107	107	109	106	108	101	103	107	107	108	108	107	111	109	108	
101	107	109	106	108	101	103	107	107	108	108	107	111	109	101	
103	107	109	106	108	102	103	107	107	108	108	107	111	109	103	
104	107	109	107	108	103	104	107	107	108	108	107	111	109	103	
107	107	109	107	108	103	105	107	107	109	108	107	111	109	107	
108	107	109	107	108	103	105	108	107	109	108	107	111	109	109	
109	107	109	107	108	103	105	108	107	109	108	107	111	109	108	
103	107	109	107	108	103	105	109	107	109	108	107	111	109	109	
107	107	109	107	108	103	105	109	107	109	108	107	111	109	108	
105	107	109	107	108	103	105	109	107	109	108	107	111	109	107	
108	107	109	107	108	103	105	109	107	109	108	107	111	109	109	
108	107	109	107	108	103	105	109	107	109	108	107	111	109	108	
107	107	109	107	108	103	105	109	108	109	108	107	111	109	109	
108	107	109	107	108	103	105	109	108	109	108	107	111	109	108	
107	108	109	107	108	104	105	109	108	109	108	107	111	109	108	
104	108	109	107	108	104	105	109	108	109	108	108	111	109	108	
107	108	109	107	108	105	105	109	108	109	108	108	112	109	108	
108	108	109	107	108	105	105	109	108	109	108	108	112	110	105	
105	108	109	107	108	105	105	109	108	109	108	108	112	110	105	
112	108	109	107	108	105	105	110	108	110	109	108	112	110	108	
108	108	109	108	108	105	105	110	108	110	109	108	112	110	105	
109	108	109	108	108	105	105	110	108	110	109	108	112	110	108	
109	108	109	109	108	106	105	110	108	110	109	108	112	110	110	
109	108	109	109	108	106	105	111	108	110	109	108	112	110	108	
110	108	109	109	108	106	105	111	108	110	109	108	112	110	105	
106	108	109	109	108	106	105	111	108	110	109	108	113	110	108	
108	108	109	109	108	106	105	111	108	110	109	108	114	110	109	
110	108	110	109	108	106	105	111	108	110	109	108	114	110	108	
110	108	110	109	108	107	105	111	108	110	109	108	114	110	109	
111	108	110	109	108	107	105	111	108	110	109	108	114	110	105	
107	108	110	109	108	107	105	112	108	110	109	108	114	110	109	
112	108	110	109	110	107	106	112	108	110	109	108	114	110	109	
109	108	110	109	110	107	106	112	108	110	109	108	114	111	108	
109	108	110	109	110	107	106	112	108	110	109	108	114	111	106	
110	108	110	109	110	107	106	112	108	110	109	108	114	111	110	
111	108	110	110	110	107	106	112	108	110	110	109	114	111	110	
107	108	110	110	111	107	106	112	108	110	110	109	114	111	107	
110	108	110	110	111	107	106	112	108	110	110	109	114	111	111	
108	108	110	110	111	108	107	112	108	110	111	109	114	111	110	
110	108	110	110	111	108	107	113	108	110	111	109	114	112	111	
109	108	110	110	112	108	107	113	108	110	111	109	114	112	109	
110	108	110	110	113	108	108	113	108	110	111	109	114	112	110	
110	108	110	110	113	108	108	113	108	110	111	110	115	112	108	
108	108	110	110	113	108	108	114	108	110	111	110	116	112	108	
108	108	110	110	113	108	108	114	108	110	111	110	116	112	108	
108	109	110	110	113	108	108	114	109	110	111	110	116	113	110	
113	109	110	110	113	108	108	114	109	110	111	110	116	113	114	
110	110	110	110	113	108	108	114	109	110	111	110	116	113	110	
110	110	110	110	113	108	108	114	109	110	111	110	116	113	114	
110	110	110	110	113	108	108	114	109	110	111	110	116	113	110	
113	110	110	111	113	108	109	114	109	110	111	110	116	113	116	
110	110	110	111	113	108	109	114	110	110	111	110	116	113	109	
110	110	110	111	113	108	109	114	110	110	111	110	116	113	111	
110	110	110	112	113	108	109	114	110	110	111	110	116	113	113	
113	110	110	112	113	108	109	114	110	110	111	110	116	113	113	
111	110	110	112	114	108	109	114	111	110	111	110	116	113	110	
111	110	110	112	114	108	109	114	111	110	111	110	116	113	109	
111	110	110	112	114	108	109	114	111	110	111	110	116	113	110	
114	111	110	112	114	108	109	114	111	110	111	110	116	113	111	
113	111	110	112	114	108	109	114	111	110	111	110	116	113	110	
108	112	110	112	114	108	109	114	111	111	111	110	116	113	112	
108	112	110	112	115	108	109	114	111	111	111	110	116	113	110	
109	112	110	112	115	108	109	114	111	111	111	110	116	114	110	
115	112	110	112	115	108	109	114	111	111	111	111	116	114	110	
111	112	110	113	115	108	109	114	111	111	111	111	116	115	111	
111	112	110	113	115	108	109	114	111	111	112	111	116	115	112	
114	112	110	113	115	108	109	114	111	111	112	111	116	115	111	
113	112	110	113	115	108	109	114	111	111	112	111	116	115	111	
116	112	110	113	115	108	109	114	111	111	112	111	116	115	111	
111	113	110	113	115	108	110	114	111	111	112	111	116	116	108	
114	113	110	113	115	108	110	114	111	111	112	111	116	116	111	
111	113	110	113	115	108	110	114	111	111	112	111	116	116	111	
111	115	110	113	115	108	110	114	111	111	112	111	116	116	111	
115	115	110	113	115	108	110	114	111	111	112	112	116	116	108	
113	115	110	113	115	108	110	114	111	111	112	112	116	116	111	
110	115	110	113	115	108	110	114	111	111	112	112	116	116	113	
116	116	110	113	115	108	110	114	111	111	112	112	116	116	108	
114	116	110	113	115	108	110	114	111	111	112	112	116	116	108	
111	116	111	114	115	108	111	114	111	111	112	112	116	116	111	
112	116	111	114	115	108	111	114	111	113	112	112	116	117	111	
111	116	112	114	115	108	112	114	111	113	112	112	116	117	116	
116	116	112	114	115	108	112	114	111	113	112	113	116	117	114	
114	116	112	114	115	108	112	114	111	113	112	113	116	117	112	
111	116	112	114	115	108	112	114	111	114	112	113	116	117	111	
114	116	112	114	115	108	112	114	111	114	112	113	116	117	108	
114	116	112	114	115	108	112	114	111	114	112	113	116	117	111	
109	116	112	114	115	109	112	114	111	114	112	113	116	117	111	
111	116	112	114	115	109	112	114	111	114	112	113	116	117	112	
112	116	112	114	115	109	112	114	111	114	112	113	116	117	113	
112	116	112	114	115	109	112	114	111	114	112	113	116	117	112	
109	116	112	114	115	109	112	114	111	114	112	113	116	117	109	
111	116	112	114	115	109	112	114	111	114	112	113	116	117	109	
114	116	112	114	115	109	112	114	111	114	112	113	116	117	112	
113	117	112	114	115	109	112	114	111	114	112	113	116	117	117	
113	117	112	114	115	109	112	114	111	114	112	113	116	117	113	
112	117	112	114	115	109	112	114	111	114	112	113	116	117	111	
112	118	112	114	115	109	112	114	112	115	112	114	116	117	112	
112	119	112	114	115	111	112	114	112	115	112	114	116	117	111	
112	119	112	114	115	112	112	114	112	115	112	114	116	117	112	
114	119	112	114	115	112	112	114	112	115	112	114	116	117	114	
116	119	112	115	115	112	112	114	112	115	112	114	116	117	112	
116	119	112	115	115	112	112	114	112	115	112	114	116	117	115	
112	119	112	115	115	112	112	114	112	115	112	114	116	117	112	
112	119	112	115	115	112	113	114	112	115	112	114	116	117	112	
114	119	112	115	115	112	113	114	112	115	112	114	116	117	117	
115	119	112	116	115	113	113	114	112	115	112	114	116	117	113	
113	119	112	116	115	113	113	114	112	115	113	114	116	117	115	
113	119	112	116	115	113	113	115	112	115	113	114	116	117	112	
113	119	112	116	115	113	113	116	112	115	114	114	116	117	116	
112	119	112	116	115	113	113	116	112	115	114	114	116	117	112	
113	119	112	116	115	113	113	116	112	115	114	114	116	117	112	
112	120	112	116	115	113	113	116	112	115	114	114	117	117	117	
113	120	112	116	115	113	113	116	112	115	114	114	117	117	113	
115	120	112	116	115	113	113	116	112	115	114	114	117	117	117	
114	120	112	116	116	113	114	116	112	115	114	114	117	117	114	
116	120	113	116	116	113	114	116	112	115	114	114	118	117	116	
116	120	113	116	116	113	114	116	112	115	115	114	118	117	113	
115	120	113	116	116	114	114	117	112	115	115	114	118	117	114	
114	120	113	116	116	114	114	117	112	115	115	115	118	117	114	
112	120	113	116	116	114	114	117	112	115	115	116	118	117	118	
113	120	113	116	116	114	114	117	112	115	115	116	118	117	114	
117	120	113	116	116	115	114	117	112	115	115	117	118	117	117	
113	120	113	117	116	115	114	117	112	115	115	117	118	117	117	
112	120	113	117	116	115	114	117	112	115	116	117	118	117	117	
118	120	113	117	116	115	114	117	112	115	116	118	118	117	118	
112	120	113	117	116	115	114	117	112	115	116	118	118	117	117	
116	120	113	117	117	115	114	117	112	115	116	118	118	117	112	
116	120	113	117	117	115	114	117	112	115	116	118	118	117	117	
114	120	113	117	117	115	114	117	112	115	116	118	118	117	117	
115	120	113	118	117	115	115	117	112	115	116	119	118	117	116	
117	120	113	118	117	115	116	117	112	115	116	119	118	117	117	
115	120	113	118	117	115	116	117	112	115	116	119	118	117	112	
115	120	113	118	117	115	116	117	112	115	116	120	118	117	115	
115	120	113	118	117	115	116	117	112	115	116	120	118	117	115	
115	120	113	118	117	115	116	117	112	115	116	120	118	117	118	
117	120	114	118	117	115	116	117	112	115	116	120	118	117	117	
118	120	114	118	117	115	116	118	112	115	116	120	118	117	114	
112	120	114	118	117	115	116	118	112	116	116	120	118	117	117	
115	120	114	118	117	115	117	118	112	116	116	120	118	117	112	
117	120	114	118	117	115	117	118	112	116	116	120	118	117	114	
115	120	114	118	117	115	117	118	113	116	117	120	118	117	115	
118	120	114	118	117	115	117	118	113	116	117	120	118	117	117	
117	120	114	118	117	115	117	118	113	116	117	120	118	117	114	
116	120	114	118	117	115	117	118	114	116	117	120	118	117	118	
118	120	115	118	118	115	117	118	114	116	117	120	118	117	115	
114	120	115	118	118	115	117	118	114	117	117	120	118	117	117	
117	120	116	118	118	115	117	118	114	117	117	120	118	117	118	
118	120	116	118	118	115	117	118	114	117	117	120	118	117	114	
118	120	116	118	118	115	117	118	114	117	117	120	118	117	117	
117	120	116	118	118	115	117	118	114	117	117	120	118	117	117	
115	120	116	118	118	115	117	118	114	117	117	120	119	117	114	
115	120	117	118	119	115	117	118	114	117	117	120	119	117	120	
117	120	117	118	119	115	117	118	114	117	117	120	119	117	118	
119	121	117	118	119	115	117	118	114	117	117	120	119	117	117	
117	121	117	118	119	115	117	118	114	117	117	120	120	117	117	
118	121	118	118	119	115	117	118	114	117	117	120	121	117	117	
118	121	118	118	119	115	118	118	114	117	117	120	121	117	114	
117	121	118	118	119	116	118	118	114	117	117	120	121	117	121	
118	121	118	118	119	116	118	119	114	117	117	120	121	117	118	
121	121	118	118	119	116	118	120	114	117	117	120	121	117	114	
118	121	118	118	119	116	118	120	114	117	117	120	121	117	117	
117	121	118	118	119	117	118	120	114	117	117	120	121	117	117	
119	121	118	119	119	117	118	120	114	117	117	120	121	117	119	
119	121	118	119	119	117	118	120	114	117	117	120	121	117	114	
117	121	118	119	119	117	118	120	114	117	117	120	121	117	114	
115	121	118	119	119	117	118	121	115	118	117	120	121	117	118	
121	121	118	119	119	117	118	121	115	118	117	120	121	117	119	
117	121	119	119	119	117	118	121	116	118	117	120	121	117	117	
121	121	119	119	119	117	118	121	116	118	117	120	121	117	119	
117	121	119	119	119	117	118	121	116	118	117	120	121	117	116	
117	121	119	119	119	117	118	121	116	118	117	120	121	117	121	
119	121	119	119	119	117	118	121	116	118	117	120	121	117	119	
117	121	119	119	119	117	118	121	116	118	117	120	122	117	117	
120	121	119	120	119	117	118	121	116	118	117	120	122	117	118	
118	121	119	120	119	117	118	121	116	118	118	120	122	117	117	
123	121	119	120	119	117	118	122	116	118	118	120	123	117	116	
118	121	119	120	119	117	118	122	116	118	118	121	123	117	118	
119	121	119	120	119	117	118	122	116	118	118	121	123	117	121	
123	121	119	120	119	117	118	122	116	118	118	121	123	117	119	
119	121	119	120	119	117	118	122	116	119	118	121	123	117	119	
117	121	119	120	119	117	118	122	116	119	118	121	123	117	121	
118	121	119	120	119	117	118	122	117	119	118	121	123	117	118	
121	121	119	120	119	117	118	122	117	119	118	121	123	117	119	
119	121	119	120	119	117	118	122	117	119	118	121	123	117	121	
118	121	119	120	119	117	118	122	117	119	118	121	123	117	119	
118	121	119	120	119	117	118	122	117	119	118	121	123	117	117	
119	121	119	120	119	117	119	122	117	119	118	121	123	117	117	
119	121	120	120	119	117	119	122	117	119	118	121	123	117	119	
119	121	120	120	119	117	119	122	117	119	118	121	123	117	121	
117	121	120	120	119	117	119	122	117	119	118	121	123	117	117	
120	121	120	120	119	117	119	122	117	119	118	121	123	118	120	
117	121	121	120	119	118	119	122	117	119	118	122	123	118	119	
121	121	121	120	119	118	119	122	117	119	118	122	123	118	120	
122	121	122	120	119	118	119	122	117	119	118	122	123	118	119	
119	121	122	120	119	118	119	122	117	119	118	122	123	118	119	
118	121	122	120	119	118	119	122	117	119	118	122	123	119	119	
118	121	122	120	119	118	119	122	117	119	118	122	123	119	122	
119	121	122	120	120	119	119	122	117	120	118	122	123	119	118	
117	121	122	120	120	119	119	122	117	120	118	122	123	119	122	
118	121	123	120	120	119	119	122	118	120	118	122	123	119	120	
121	121	123	120	120	119	119	122	118	120	118	122	123	119	119	
118	121	123	120	120	119	119	122	118	120	118	122	123	120	118	
119	121	123	120	120	119	119	122	119	120	118	122	123	120	121	
123	121	123	120	120	119	119	122	119	120	118	122	123	120	120	
123	121	123	120	120	120	120	122	119	120	118	122	123	120	118	
121	121	123	120	120	120	121	122	119	120	118	122	123	120	122	
120	121	123	120	120	120	121	122	119	120	118	122	123	120	120	
122	121	123	120	120	120	121	122	119	120	119	122	123	120	120	
122	121	123	120	120	120	121	122	119	120	119	122	123	120	120	
122	121	123	120	120	120	121	122	119	120	119	122	123	120	120	
120	121	123	121	121	120	121	122	119	120	119	122	123	120	121	
122	121	123	121	121	121	121	122	119	120	119	122	123	120	119	
121	121	123	121	121	121	121	122	119	120	119	122	123	120	121	
120	121	123	121	121	121	121	122	119	120	120	122	123	120	120	
121	121	123	121	121	121	121	122	119	120	120	122	123	120	120	
122	121	123	121	121	121	121	122	119	120	120	122	123	120	121	
121	121	123	121	121	121	121	122	119	120	120	122	123	120	121	
119	121	123	121	121	121	121	122	119	121	120	122	123	120	119	
121	121	123	121	121	121	121	122	119	121	120	122	123	120	119	
121	121	123	121	121	121	121	122	119	121	120	122	123	120	120	
123	121	123	121	121	121	121	122	120	121	120	122	123	120	120	
123	122	123	121	121	121	121	122	120	121	120	122	123	120	121	
121	122	123	121	121	121	121	122	120	121	120	122	123	120	121	
123	122	123	121	121	122	121	122	120	121	120	122	123	120	123	
121	122	123	121	121	122	121	122	121	121	120	122	123	120	122	
120	122	123	121	121	122	121	122	121	121	120	122	123	120	121	
120	122	123	121	121	122	121	122	121	121	120	122	123	120	121	
122	122	123	121	121	122	121	122	121	121	120	123	123	120	121	
120	123	123	121	121	122	121	122	121	121	120	123	123	120	121	
121	123	123	121	121	122	121	122	121	121	120	124	123	121	121	
123	123	123	121	121	122	121	122	121	121	120	124	123	121	121	
120	123	123	122	121	122	121	122	121	121	120	124	123	121	121	
122	123	123	122	121	122	121	122	121	121	120	124	123	121	121	
121	123	123	122	121	123	121	122	121	121	120	124	123	121	123	
123	123	123	122	121	123	121	122	121	122	120	124	123	121	121	
122	123	123	122	121	123	122	122	122	122	120	124	123	121	121	
124	123	123	122	122	123	122	122	122	122	120	124	123	121	123	
122	123	124	122	122	123	122	122	122	122	120	124	123	121	124	
120	123	124	122	122	123	122	122	122	122	120	124	123	121	123	
122	123	124	122	122	124	122	122	122	122	121	124	123	121	121	
121	123	124	123	122	124	122	122	122	122	121	124	123	122	122	
122	123	125	123	122	124	122	122	122	122	121	124	123	122	122	
122	123	125	123	122	124	122	122	122	122	121	124	123	122	122	
122	123	125	123	122	124	122	122	122	122	121	124	123	122	124	
122	123	125	123	122	124	122	122	122	122	121	124	123	122	122	
125	123	125	123	122	124	122	122	122	122	121	124	123	122	125	
124	123	125	123	123	124	122	122	122	122	121	124	123	122	122	
124	123	125	123	123	124	122	122	122	122	121	124	123	123	123	
121	123	125	123	123	124	122	122	122	122	121	124	123	123	123	
122	123	125	123	123	124	122	122	122	122	122	124	123	123	125	
124	123	125	123	123	124	122	123	122	122	122	124	123	123	123	
122	123	125	123	123	124	122	123	122	122	122	124	123	123	123	
123	123	125	123	123	124	122	124	122	122	122	124	123	123	122	
122	123	125	123	123	124	122	124	122	122	122	124	123	123	122	
123	123	125	123	123	124	122	124	122	122	122	124	123	123	123	
124	123	125	123	123	124	122	124	122	122	123	124	123	123	124	
122	123	125	123	123	124	122	124	123	122	123	124	123	123	125	
123	123	125	123	123	124	122	124	123	122	123	124	123	123	122	
122	123	126	123	123	124	122	124	123	122	123	124	123	123	122	
123	123	126	123	123	125	122	124	123	122	123	124	123	123	123	
122	123	126	123	124	125	122	124	123	122	123	124	123	123	123	
125	123	126	123	124	125	122	124	123	122	123	124	124	123	122	
124	124	126	123	124	125	122	124	123	122	123	124	124	124	123	
122	124	126	123	124	125	122	124	123	122	123	124	124	124	124	
124	124	126	123	124	125	122	124	123	122	123	124	124	124	125	
125	124	126	123	124	125	122	124	124	122	123	124	124	124	125	
123	125	126	123	124	125	122	124	124	122	123	124	125	124	124	
122	125	126	123	124	125	122	124	124	122	123	124	125	124	124	
124	125	126	124	124	125	123	124	125	123	124	124	125	124	124	
124	126	126	124	124	125	123	124	125	123	125	124	125	124	124	
125	127	126	124	125	125	123	124	125	123	125	124	125	124	124	
124	127	126	124	125	125	123	124	125	123	125	124	125	124	124	
124	127	126	124	125	125	123	124	125	123	125	124	125	124	124	
125	127	126	124	125	125	123	124	125	124	125	124	125	124	125	
125	127	126	125	125	125	123	124	126	124	125	125	126	125	126	
123	127	126	125	125	125	123	124	126	125	125	125	126	125	125	
125	127	126	125	125	125	124	124	126	125	125	125	127	125	125	
127	127	126	125	125	125	124	124	126	125	125	125	127	125	125	
124	127	126	125	125	125	124	124	126	125	125	125	127	125	125	
126	127	126	125	125	125	124	124	126	126	125	125	127	125	124	
124	127	126	125	125	125	124	124	126	126	125	125	127	125	125	
125	127	126	125	125	125	124	125	126	126	125	125	127	125	125	
126	127	126	125	125	125	124	125	126	126	125	125	127	125	126	
125	128	126	125	126	125	124	125	126	126	125	125	127	125	125	
126	128	126	125	126	125	124	125	126	126	125	125	127	125	125	
125	128	126	125	126	125	124	125	126	126	125	125	127	125	125	
124	128	126	125	126	125	124	125	126	126	125	125	128	125	124	
125	128	126	125	126	125	124	125	126	126	125	125	128	125	125	
125	128	126	125	126	125	124	125	126	126	125	125	128	125	125	
125	128	126	125	126	125	124	125	126	126	125	125	128	125	126	
125	128	126	125	126	125	124	125	126	127	125	125	128	125	125	
124	128	127	125	126	125	124	125	126	127	125	125	128	125	128	
125	128	127	125	126	125	124	125	126	127	125	125	128	125	126	
125	128	127	125	126	125	124	125	126	128	125	125	128	125	124	
127	128	127	125	126	125	124	125	127	128	125	125	128	125	128	
125	128	127	125	126	125	124	125	127	129	125	125	128	125	125	
125	128	127	125	126	125	125	125	127	129	125	125	128	125	125	
128	128	127	125	126	125	125	125	127	129	126	125	128	125	125	
126	128	127	125	126	125	125	125	127	129	126	125	128	125	126	
126	129	127	125	126	125	125	125	127	129	126	125	128	125	125	
127	129	127	125	126	125	125	125	127	129	126	125	128	125	127	
125	129	127	125	126	125	125	125	127	129	126	125	128	125	125	
125	129	127	125	126	125	125	125	127	129	126	125	128	125	127	
129	129	127	125	126	125	125	125	127	129	126	125	128	125	125	
126	129	127	125	126	125	125	125	127	129	126	126	128	125	126	
125	129	127	125	126	125	125	125	127	129	126	126	128	125	126	
126	129	127	125	126	125	125	125	127	129	126	126	128	125	125	
126	129	127	125	126	125	125	125	127	129	126	126	128	125	126	
128	129	127	125	126	125	125	125	127	129	126	127	128	125	126	
125	129	127	125	126	125	125	125	127	129	126	127	128	125	126	
127	129	127	125	126	125	125	125	127	129	126	127	128	125	125	
127	129	127	125	126	125	125	125	127	129	127	127	128	125	125	
127	129	127	125	126	125	125	125	127	129	127	127	128	125	125	
125	129	127	125	126	125	125	126	127	129	127	127	128	125	125	
129	129	127	125	126	125	125	126	127	129	127	127	128	125	125	
126	129	127	125	126	125	125	126	127	129	127	127	128	125	127	
130	130	127	125	127	125	125	126	127	129	127	128	128	125	127	
125	130	127	125	128	125	125	126	127	129	127	128	128	125	125	
129	130	127	125	128	125	125	126	127	129	127	128	128	126	126	
128	130	127	125	128	125	125	126	128	129	127	128	128	126	128	
126	130	127	125	128	125	125	126	128	129	127	128	129	126	129	
125	130	127	125	128	125	125	126	128	129	127	128	129	126	125	
128	130	127	125	128	125	125	127	128	129	127	128	129	126	128	
125	130	127	125	128	125	125	127	128	129	127	128	129	126	125	
125	130	127	125	128	125	126	127	128	129	127	128	129	126	129	
126	130	127	125	128	125	126	127	128	129	127	128	129	126	129	
127	130	127	125	128	126	126	127	129	129	127	129	129	126	127	
129	131	127	125	128	126	126	127	129	129	128	129	129	126	127	
128	131	127	125	128	127	126	127	129	129	128	129	129	126	127	
127	131	127	125	128	127	126	127	129	129	129	130	129	126	129	
127	132	127	126	128	127	126	127	129	129	129	130	129	126	127	
132	132	128	126	128	127	126	127	129	129	129	130	129	126	129	
129	132	128	126	128	127	126	128	129	129	129	131	129	126	129	
129	132	128	126	128	127	126	128	129	129	129	131	129	126	126	
130	132	128	126	128	127	126	128	129	129	129	131	130	126	126	
129	132	128	127	128	127	126	128	129	129	129	131	130	126	131	
126	132	128	127	128	127	126	128	130	129	129	131	130	126	128	
130	132	128	127	128	127	126	128	130	129	129	131	130	126	126	
130	133	128	127	129	127	126	128	130	129	129	132	130	126	132	
130	133	128	127	129	127	126	128	130	129	129	132	130	126	130	
129	133	128	127	129	127	127	128	130	129	129	132	130	126	129	
133	133	128	127	129	128	127	128	131	129	129	132	130	126	131	
127	133	128	127	129	128	127	128	131	129	129	132	130	126	133	
128	133	128	127	129	128	127	128	132	129	129	132	130	126	127	
130	133	128	127	129	128	127	128	132	129	129	132	130	126	129	
129	134	128	127	129	128	127	128	132	129	129	132	130	126	129	
127	134	128	127	129	128	127	128	132	129	129	132	130	126	129	
129	134	128	127	129	128	127	128	132	129	129	132	130	126	129	
128	134	128	128	129	128	127	128	132	129	129	132	130	126	126	
126	134	128	128	129	129	127	128	132	129	129	132	130	126	126	
126	134	128	128	129	129	127	128	132	129	129	132	130	126	128	
129	134	128	128	129	129	127	128	132	129	129	132	131	126	128	
126	134	128	128	129	130	127	128	132	129	129	132	131	126	129	
126	134	128	128	129	130	127	128	132	129	130	132	131	126	131	
128	134	128	128	129	130	127	128	132	129	130	132	131	126	128	
134	134	128	128	129	130	127	128	132	129	131	132	131	126	127	
129	134	128	128	129	130	127	128	132	129	131	132	131	126	129	
132	134	128	128	129	130	127	128	132	129	131	132	131	127	132	
127	134	128	128	130	130	127	128	132	129	132	132	131	127	128	
128	134	128	128	130	130	128	128	132	129	132	132	131	127	128	
128	134	128	128	130	130	129	128	132	129	132	132	131	127	131	
128	134	128	128	130	130	129	128	132	129	132	132	131	127	131	
129	134	128	129	130	130	129	128	132	129	133	132	131	127	128	
132	134	128	129	130	130	129	128	132	129	133	132	131	127	128	
132	135	128	129	130	130	129	128	132	129	133	132	131	127	132	
129	135	128	129	130	130	129	128	132	130	133	132	131	127	128	
