0	0	0	0	0	0	0	0	0	0	0	0	0	0	0	
0	0	0	2	0	0	0	0	0	0	0	0	0	0	0	
0	0	0	2	0	0	0	3	0	0	0	0	0	0	0	
5	0	0	2	6	0	0	3	4	0	0	0	5	0	0	
3	0	0	2	6	0	0	3	4	0	0	0	5	0	4	
6	0	0	2	6	0	0	3	7	0	0	0	5	0	6	
7	0	0	2	6	0	0	3	7	0	0	0	8	0	7	
0	0	0	2	9	0	0	3	7	10	0	0	8	0	0	
7	0	0	2	9	0	0	3	7	10	0	0	8	0	7	
12	0	0	2	12	0	0	3	7	10	0	0	8	0	12	
10	0	0	2	12	0	0	3	7	10	0	0	8	0	12	
15	0	0	2	12	0	0	3	15	10	0	0	8	0	15	
17	0	16	2	12	0	0	3	17	10	0	0	8	0	17	
17	0	16	2	12	0	0	3	17	10	0	0	8	0	17	
17	0	16	2	12	0	0	3	17	10	0	0	8	0	17	
10	0	16	2	12	0	0	3	17	10	0	0	8	0	17	
17	0	16	2	12	0	0	3	17	10	0	0	8	0	17	
17	0	16	2	12	0	0	3	17	10	0	0	8	0	17	
20	0	16	2	20	0	0	3	17	10	0	0	8	0	20	
22	0	16	2	22	0	0	3	17	10	0	0	8	0	22	
17	0	16	2	22	0	0	23	17	10	0	0	8	0	17	
22	0	16	2	22	0	0	23	17	10	0	0	8	0	22	
17	0	16	2	22	0	0	23	17	10	0	0	8	0	17	
27	0	16	2	27	0	0	23	17	10	0	0	8	0	27	
28	0	16	2	28	0	0	23	17	10	0	0	8	0	28	
28	0	16	2	28	0	0	23	17	10	0	0	8	0	28	
28	0	16	2	28	0	0	23	17	10	0	0	8	0	28	
30	0	16	2	30	0	0	23	17	10	0	0	8	0	30	
32	0	16	31	32	0	0	23	17	10	0	0	8	0	32	
32	0	16	31	32	0	0	23	17	10	0	0	8	0	32	
32	0	16	31	32	0	0	23	17	10	0	0	8	0	32	
32	0	16	31	32	0	0	23	17	10	0	0	8	0	32	
35	0	16	31	35	0	0	23	17	10	0	0	8	0	35	
35	0	16	31	35	0	0	23	17	10	0	0	8	0	35	
35	0	16	31	35	0	0	23	17	10	0	0	8	0	35	
35	0	16	31	35	0	0	23	17	10	0	0	8	0	35	
35	0	16	31	35	0	0	23	17	10	0	0	8	0	35	
40	0	16	31	40	0	0	23	17	10	0	0	8	0	40	
40	0	16	31	40	0	0	23	17	10	0	0	8	0	40	
40	0	16	31	40	0	0	23	17	10	0	0	8	0	40	
40	0	16	31	40	0	0	23	17	10	0	0	8	0	40	
40	0	16	31	40	0	0	23	17	10	0	0	8	0	40	
43	0	16	31	43	0	0	23	17	10	0	0	8	0	43	
45	0	16	31	45	0	0	23	17	10	0	0	8	0	45	
45	0	16	31	45	0	0	23	17	10	0	0	8	0	45	
48	0	16	31	48	0	0	23	17	10	0	0	8	0	48	
48	0	16	31	48	0	0	23	17	10	0	0	8	0	48	
50	0	16	31	50	0	0	23	17	10	0	0	8	0	50	
52	0	16	31	52	0	0	23	17	10	0	0	8	0	52	
52	0	16	31	52	0	0	23	17	10	0	0	8	0	52	
52	0	16	31	52	0	0	23	17	10	0	0	8	0	52	
52	0	16	31	52	0	0	23	17	10	0	0	8	0	52	
52	0	16	31	52	0	0	23	17	10	0	0	8	0	52	
52	0	16	31	52	0	0	23	17	10	0	0	8	0	52	
59	0	16	31	59	0	0	23	17	10	0	0	8	0	59	
59	0	16	31	59	0	0	23	17	10	0	0	8	0	59	
59	0	16	31	59	0	0	23	17	10	0	0	8	0	59	
59	0	16	31	59	0	0	23	17	10	0	0	8	0	59	
59	0	16	31	59	0	0	23	17	10	0	0	8	0	59	
59	0	16	31	59	0	0	23	17	10	0	0	8	0	59	
59	0	16	31	59	0	0	23	17	10	0	0	8	0	59	
59	0	16	31	59	0	0	23	17	10	0	0	8	0	59	
59	0	16	31	59	0	0	23	17	10	0	0	8	0	59	
69	0	16	31	69	0	0	23	17	10	0	0	8	0	69	
71	0	16	31	71	0	0	23	17	10	0	0	8	0	71	
71	0	16	31	71	0	0	23	17	10	0	0	8	0	71	
71	0	16	31	71	0	0	23	17	10	0	0	8	0	71	
75	0	16	31	75	0	0	23	17	10	0	0	8	0	75	
75	0	16	31	75	0	0	23	17	10	0	0	8	0	75	
75	0	16	31	75	0	0	23	17	10	0	0	8	0	75	
75	0	16	31	75	0	0	23	17	10	0	0	8	0	75	
75	0	16	31	75	0	0	23	17	10	0	0	8	0	75	
75	0	16	31	75	0	0	23	17	10	0	0	8	0	75	
75	0	16	31	75	0	0	23	17	10	0	0	8	0	75	
75	0	16	31	75	0	0	23	17	10	0	0	8	0	75	
75	0	16	31	75	0	0	23	17	10	0	0	8	0	75	
75	0	16	31	75	0	0	23	17	10	0	0	8	0	75	
82	0	16	31	82	0	0	23	17	10	0	0	8	0	82	
84	0	16	31	84	0	0	23	17	10	0	0	8	0	84	
85	0	16	31	85	0	0	23	17	10	0	0	8	0	85	
87	0	16	31	87	0	0	23	17	10	0	0	8	0	87	
87	0	16	31	87	0	0	23	17	10	0	0	8	0	87	
87	0	16	31	87	0	0	23	17	10	0	0	8	0	87	
88	0	16	31	88	0	0	23	17	10	0	0	8	0	88	
88	0	16	31	88	0	0	23	17	10	0	0	8	0	88	
88	0	16	31	88	0	0	23	17	10	0	0	8	0	88	
88	0	16	31	88	0	0	23	17	10	0	0	8	0	88	
88	0	16	31	88	0	0	23	17	10	0	0	8	0	88	
88	0	16	31	88	0	0	23	17	10	0	0	8	0	88	
88	0	16	31	88	0	0	23	17	10	0	0	8	0	88	
88	0	16	31	88	0	0	23	17	10	0	0	8	0	88	
88	0	16	31	88	0	0	23	17	10	0	0	8	0	88	
92	0	16	31	92	0	0	23	17	10	0	0	8	0	92	
92	0	16	31	92	0	0	23	17	10	0	0	8	0	92	
93	0	16	31	93	0	0	23	17	10	0	0	8	0	93	
96	0	16	31	96	0	0	23	17	10	0	0	8	0	96	
98	0	16	31	98	0	0	23	17	10	0	0	8	0	98	
100	0	16	31	100	0	0	23	17	10	0	0	8	0	100	
100	0	16	31	100	0	0	23	17	10	0	0	8	0	100	
100	0	16	31	100	0	0	23	17	10	0	0	8	0	100	
100	0	16	31	100	0	0	23	17	10	0	0	8	0	100	
100	0	16	31	100	0	0	23	17	10	0	0	8	0	100	
107	0	16	31	107	0	0	23	17	10	0	0	8	0	107	
107	0	16	31	107	0	0	23	17	10	0	0	8	0	107	
107	0	16	31	107	0	0	23	17	10	0	0	8	0	107	
109	0	16	31	109	0	0	23	17	10	0	0	8	0	109	
109	0	16	31	109	0	0	23	17	10	0	0	8	0	109	
111	0	16	31	111	0	0	23	17	10	0	0	8	0	111	
111	0	16	31	111	0	0	23	17	10	0	0	8	0	111	
114	0	16	31	114	0	0	23	17	10	0	0	8	0	114	
115	0	16	31	115	0	0	23	17	10	0	0	8	0	115	
119	0	16	31	119	0	0	23	17	10	0	0	8	0	119	
119	0	16	31	119	0	0	23	17	10	0	0	8	0	119	
121	0	16	31	121	0	0	23	17	10	0	0	8	0	121	
123	0	16	31	123	0	0	23	17	10	0	0	8	0	123	
125	0	16	31	125	0	0	23	17	10	0	0	8	0	125	
125	0	16	31	125	0	0	23	17	10	0	0	8	0	125	
125	0	16	31	125	0	0	23	17	10	0	0	8	0	125	
125	0	16	31	125	0	0	23	17	10	0	0	8	0	125	
125	0	16	31	125	0	0	23	17	10	0	0	8	0	125	
125	0	16	31	125	0	0	23	17	10	0	0	8	0	125	
125	0	16	31	125	0	0	23	17	10	0	0	8	0	125	
130	0	16	31	130	0	0	23	17	10	0	0	8	0	130	
130	0	16	31	130	0	0	23	17	10	0	0	8	0	130	
130	0	16	31	130	0	0	23	17	10	0	0	8	0	130	
130	0	16	31	130	0	0	23	17	10	0	0	8	0	130	
130	0	16	31	130	0	0	23	17	10	0	0	8	0	130	
130	0	16	31	130	0	0	23	17	10	0	0	8	0	130	
139	0	16	31	139	0	0	23	17	10	0	0	8	0	139	
142	0	16	31	142	0	0	23	17	10	0	0	8	0	142	
143	0	16	31	143	0	0	23	17	10	0	0	8	0	143	
143	0	16	31	143	0	0	23	17	10	0	0	8	0	143	
143	0	16	31	143	0	0	23	17	10	0	0	8	0	143	
143	0	16	31	143	0	0	23	17	10	0	0	8	0	143	
143	0	16	31	143	0	0	23	17	10	0	0	8	0	143	
147	0	16	31	147	0	0	23	17	10	0	0	8	0	147	
147	0	16	31	147	0	0	23	17	10	0	0	8	0	147	
149	0	16	31	149	0	0	23	17	10	0	0	8	0	149	
149	0	16	31	149	0	0	23	17	10	0	0	8	0	149	
149	0	16	31	149	0	0	23	17	10	0	0	8	0	149	
149	0	16	31	149	0	0	23	17	10	0	0	8	0	149	
149	0	16	31	149	0	0	23	17	10	0	0	8	0	149	
149	0	16	31	149	0	0	23	17	10	0	0	8	0	149	
149	0	16	31	149	0	0	23	17	10	0	0	8	0	149	
156	0	16	31	156	0	0	23	17	10	0	0	8	0	156	
158	0	16	31	158	0	0	23	17	10	0	0	8	0	158	
158	0	16	31	158	0	0	23	17	10	0	0	8	0	158	
158	0	16	31	158	0	0	23	17	10	0	0	8	0	158	
158	0	16	31	158	0	0	23	17	10	0	0	8	0	158	
158	0	16	31	158	0	0	23	17	10	0	0	8	0	158	
158	0	16	31	158	0	0	23	17	10	0	0	8	0	158	
158	0	16	31	158	0	0	23	17	10	0	0	8	0	158	
158	0	16	31	158	0	0	23	17	10	0	0	8	0	158	
158	0	16	31	158	0	0	23	17	10	0	0	8	0	158	
158	0	16	31	158	0	0	23	17	10	0	0	8	0	158	
158	0	16	31	158	0	0	23	17	10	0	0	8	0	158	
158	0	16	31	158	0	0	23	17	10	0	0	8	0	158	
164	0	16	31	164	0	0	23	17	10	0	0	8	0	164	
164	0	16	31	164	0	0	23	17	10	0	0	8	0	164	
164	0	16	31	164	0	0	23	17	10	0	0	8	0	164	
168	0	16	31	168	0	0	23	17	10	0	0	8	0	168	
168	0	16	31	168	0	0	23	17	10	0	0	8	0	168	
168	0	16	31	168	0	0	23	17	10	0	0	8	0	168	
168	0	16	31	168	0	0	23	17	10	0	0	8	0	168	
168	0	16	31	168	0	0	23	17	10	0	0	8	0	168	
170	0	16	31	170	0	0	23	17	10	0	0	8	0	170	
171	0	16	31	171	0	0	23	17	10	0	0	8	0	171	
171	0	16	31	171	0	0	23	17	10	0	0	8	0	171	
174	0	16	31	174	0	0	23	17	10	0	0	8	0	174	
175	0	16	31	175	0	0	23	17	10	0	0	8	0	175	
178	0	16	31	178	0	0	23	17	10	0	0	8	0	178	
178	0	16	31	178	0	0	23	17	10	0	0	8	0	178	
178	0	16	31	178	0	0	23	17	10	0	0	8	0	178	
178	0	16	31	178	0	0	23	17	10	0	0	8	0	178	
179	0	16	31	179	0	0	23	17	10	0	0	8	0	179	
179	0	16	31	179	0	0	23	17	10	0	0	8	0	179	
181	0	16	31	181	0	0	23	17	10	0	0	8	0	181	
181	0	16	31	181	0	0	23	17	10	0	0	8	0	181	
181	0	16	31	181	0	0	23	17	10	0	0	8	0	181	
181	0	16	31	181	0	0	23	17	10	0	0	8	0	181	
181	0	16	31	181	0	0	23	17	10	0	0	8	0	181	
181	0	16	31	181	0	0	23	17	10	0	0	8	0	181	
181	0	16	31	181	0	0	23	17	10	0	0	8	0	181	
181	0	16	31	181	0	0	23	17	10	0	0	8	0	181	
181	0	16	31	181	0	0	23	17	10	0	0	8	0	181	
181	0	16	31	181	0	0	23	17	10	0	0	8	0	181	
181	0	16	31	181	0	0	23	17	10	0	0	8	0	181	
181	0	16	31	181	0	0	23	17	10	0	0	8	0	181	
190	0	16	31	190	0	0	23	17	10	0	0	8	0	190	
190	0	16	31	190	0	0	23	17	10	0	0	8	0	190	
190	0	16	31	190	0	0	23	17	10	0	0	8	0	190	
196	0	16	31	196	0	0	23	17	10	0	0	8	0	196	
196	0	16	31	196	0	0	23	17	10	0	0	8	0	196	
196	0	16	31	196	0	0	23	17	10	0	0	8	0	196	
196	0	16	31	196	0	0	23	17	10	0	0	8	0	196	
198	0	16	31	198	0	0	23	17	10	0	0	8	0	198	
198	0	16	31	198	0	0	23	17	10	0	0	8	0	198	
201	0	16	31	201	0	0	23	17	10	0	0	8	0	201	
201	0	16	31	201	0	0	23	17	10	0	0	8	0	201	
201	0	16	31	201	0	0	23	17	10	0	0	8	0	201	
202	0	16	31	202	0	0	23	17	10	0	0	8	0	202	
202	0	16	31	202	0	0	23	17	10	0	0	8	0	202	
202	0	16	31	202	0	0	23	17	10	0	0	8	0	202	
202	0	16	31	202	0	0	23	17	10	0	0	8	0	202	
206	0	16	31	206	0	0	23	17	10	0	0	8	0	206	
206	0	16	31	206	0	0	23	17	10	0	0	8	0	206	
206	0	16	31	206	0	0	23	17	10	0	0	8	0	206	
206	0	16	31	206	0	0	23	17	10	0	0	8	0	206	
206	0	16	31	206	0	0	23	17	10	0	0	8	0	206	
206	0	16	31	206	0	0	23	17	10	0	0	8	0	206	
217	0	16	31	217	0	0	23	17	10	0	0	8	0	217	
217	0	16	31	217	0	0	23	17	10	0	0	8	0	217	
219	0	16	31	219	0	0	23	17	10	0	0	8	0	219	
219	0	16	31	219	0	0	23	17	10	0	0	8	0	219	
221	0	16	31	221	0	0	23	17	10	0	0	8	0	221	
221	0	16	31	221	0	0	23	17	10	0	0	8	0	221	
221	0	16	31	221	0	0	23	17	10	0	0	8	0	221	
221	0	16	31	221	0	0	23	17	10	0	0	8	0	221	
221	0	16	31	221	0	0	23	17	10	0	0	8	0	221	
228	0	16	31	228	0	0	23	17	10	0	0	8	0	228	
228	0	16	31	228	0	0	23	17	10	0	0	8	0	228	
228	0	16	31	228	0	0	23	17	10	0	0	8	0	228	
234	0	16	31	234	0	0	23	17	10	0	0	8	0	234	
234	0	16	31	234	0	0	23	17	10	0	0	8	0	234	
234	0	16	31	234	0	0	23	17	10	0	0	8	0	234	
236	0	16	31	236	0	0	23	17	10	0	0	8	0	236	
236	0	16	31	236	0	0	23	17	10	0	0	8	0	236	
236	0	16	31	236	0	0	23	17	10	0	0	8	0	236	
236	0	16	31	236	0	0	23	17	10	0	0	8	0	236	
238	0	16	31	238	0	0	23	17	10	0	0	8	0	238	
238	0	16	31	238	0	0	23	17	10	0	0	8	0	238	
239	0	16	31	239	0	0	23	17	10	0	0	8	0	239	
243	0	16	31	243	0	0	23	17	10	0	0	8	0	243	
243	0	16	31	243	0	0	23	17	10	0	0	8	0	243	
243	0	16	31	243	0	0	23	17	10	0	0	8	0	243	
243	0	16	31	243	0	0	23	17	10	0	0	8	0	243	
246	0	16	31	246	0	0	23	17	10	0	0	8	0	246	
246	0	16	31	246	0	0	23	17	10	0	0	8	0	246	
249	0	16	31	249	0	0	23	17	10	0	0	8	0	249	
251	0	16	31	251	0	0	23	17	10	0	0	8	0	251	
251	0	16	31	251	0	0	23	17	10	0	0	8	0	251	
251	0	16	31	251	0	0	23	17	10	0	0	8	0	251	
255	0	16	31	255	0	0	23	17	10	0	0	8	0	255	
255	0	16	31	255	0	0	23	17	10	0	0	8	0	255	
258	0	16	31	258	0	0	23	17	10	0	0	8	0	258	
259	0	16	31	259	0	0	23	17	10	0	0	8	0	259	
259	0	16	31	259	0	0	23	17	10	0	0	8	0	259	
259	0	16	31	259	0	0	23	17	10	0	0	8	0	259	
263	0	16	31	263	0	0	23	17	10	0	0	8	0	263	
263	0	16	31	263	0	0	23	17	10	0	0	8	0	263	
266	0	16	31	266	0	0	23	17	10	0	0	8	0	266	
268	0	16	31	268	0	0	23	17	10	0	0	8	0	268	
268	0	16	31	268	0	0	23	17	10	0	0	8	0	268	
268	0	16	31	268	0	0	23	17	10	0	0	8	0	268	
268	0	16	31	268	0	0	23	17	10	0	0	8	0	268	
268	0	16	31	268	0	0	23	17	10	0	0	8	0	268	
274	0	16	31	274	0	0	23	17	10	0	0	8	0	274	
276	0	16	31	276	0	0	23	17	10	0	0	8	0	276	
277	0	16	31	277	0	0	23	17	10	0	0	8	0	277	
277	0	16	31	277	0	0	23	17	10	0	0	8	0	277	
280	0	16	31	280	0	0	23	17	10	0	0	8	0	280	
280	0	16	31	280	0	0	23	17	10	0	0	8	0	280	
281	0	16	31	281	0	0	23	17	10	0	0	8	0	281	
283	0	16	31	283	0	0	23	17	10	0	0	8	0	283	
283	0	16	31	283	0	0	23	17	10	0	0	8	0	283	
283	0	16	31	283	0	0	23	17	10	0	0	8	0	283	
285	0	16	31	285	0	0	23	17	10	0	0	8	0	285	
286	0	16	31	286	0	0	23	17	10	0	0	8	0	286	
286	0	16	31	286	0	0	23	17	10	0	0	8	0	286	
288	0	16	31	288	0	0	23	17	10	0	0	8	0	288	
288	0	16	31	288	0	0	23	17	10	0	0	8	0	288	
288	0	16	31	288	0	0	23	17	10	0	0	8	0	288	
288	0	16	31	288	0	0	23	17	10	0	0	8	0	288	
293	0	16	31	293	0	0	23	17	10	0	0	8	0	293	
293	0	16	31	293	0	0	23	17	10	0	0	8	0	293	
293	0	16	31	293	0	0	23	17	10	0	0	8	0	293	
293	0	16	31	293	0	0	23	17	10	0	0	8	0	293	
296	0	16	31	296	0	0	23	17	10	0	0	8	0	296	
296	0	16	31	296	0	0	23	17	10	0	0	8	0	296	
296	0	16	31	296	0	0	23	17	10	0	0	8	0	296	
296	0	16	31	296	0	0	23	17	10	0	0	8	0	296	
298	0	16	31	298	0	0	23	17	10	0	0	8	0	298	
298	0	16	31	298	0	0	23	17	10	0	0	8	0	298	
299	0	16	31	299	0	0	23	17	10	0	0	8	0	299	
299	0	16	31	299	0	0	23	17	10	0	0	8	0	299	
299	0	16	31	299	0	0	23	17	10	0	0	8	0	299	
301	0	16	31	301	0	0	23	17	10	0	0	8	0	301	
301	0	16	31	301	0	0	23	17	10	0	0	8	0	301	
301	0	16	31	301	0	0	23	17	10	0	0	8	0	301	
301	0	16	31	301	0	0	23	17	10	0	0	8	0	301	
301	0	16	31	301	0	0	23	17	10	0	0	8	0	301	
303	0	16	31	303	0	0	23	17	10	0	0	8	0	303	
304	0	16	31	304	0	0	23	17	10	0	0	8	0	304	
308	0	16	31	308	0	0	23	17	10	0	0	8	0	308	
309	0	16	31	309	0	0	23	17	10	0	0	8	0	309	
309	0	16	31	309	0	0	23	17	10	0	0	8	0	309	
309	0	16	31	309	0	0	23	17	10	0	0	8	0	309	
309	0	16	31	309	0	0	23	17	10	0	0	8	0	309	
309	0	16	31	309	0	0	23	17	10	0	0	8	0	309	
309	0	16	31	309	0	0	23	17	10	0	0	8	0	309	
309	0	16	31	309	0	0	23	17	10	0	0	8	0	309	
316	0	16	31	316	0	0	23	17	10	0	0	8	0	316	
317	0	16	31	317	0	0	23	17	10	0	0	8	0	317	
317	0	16	31	317	0	0	23	17	10	0	0	8	0	317	
317	0	16	31	317	0	0	23	17	10	0	0	8	0	317	
317	0	16	31	317	0	0	23	17	10	0	0	8	0	317	
317	0	16	31	317	0	0	23	17	10	0	0	8	0	317	
317	0	16	31	317	0	0	23	17	10	0	0	8	0	317	
325	0	16	31	325	0	0	23	17	10	0	0	8	0	325	
325	0	16	31	325	0	0	23	17	10	0	0	8	0	325	
325	0	16	31	325	0	0	23	17	10	0	0	8	0	325	
325	0	16	31	325	0	0	23	17	10	0	0	8	0	325	
325	0	16	31	325	0	0	23	17	10	0	0	8	0	325	
325	0	16	31	325	0	0	23	17	10	0	0	8	0	325	
325	0	16	31	325	0	0	23	17	10	0	0	8	0	325	
325	0	16	31	325	0	0	23	17	10	0	0	8	0	325	
325	0	16	31	325	0	0	23	17	10	0	0	8	0	325	
325	0	16	31	325	0	0	23	17	10	0	0	8	0	325	
325	0	16	31	325	0	0	23	17	10	0	0	8	0	325	
335	0	16	31	335	0	0	23	17	10	0	0	8	0	335	
335	0	16	31	335	0	0	23	17	10	0	0	8	0	335	
335	0	16	31	335	0	0	23	17	10	0	0	8	0	335	
335	0	16	31	335	0	0	23	17	10	0	0	8	0	335	
335	0	16	31	335	0	0	23	17	10	0	0	8	0	335	
339	0	16	31	338	0	0	23	17	10	0	0	8	0	339	
338	0	16	31	338	0	0	23	17	10	0	0	8	0	338	
338	0	16	31	338	0	0	23	17	10	0	0	8	0	338	
338	0	16	31	338	0	0	23	17	10	0	0	8	0	338	
338	0	16	31	338	0	0	23	17	10	0	0	8	0	338	
338	0	16	31	338	0	0	23	17	10	0	0	8	0	338	
338	0	16	31	338	0	0	23	17	10	0	0	8	0	338	
338	0	16	31	338	0	0	23	17	10	0	0	8	0	338	
345	0	16	31	345	0	0	23	17	10	0	0	8	0	345	
346	0	16	31	346	0	0	23	17	10	0	0	8	0	346	
347	0	16	31	347	0	0	23	17	10	0	0	8	0	347	
347	0	16	31	347	0	0	23	17	10	0	0	8	0	347	
349	0	16	31	349	0	0	23	17	10	0	0	8	0	349	
349	0	16	31	349	0	0	23	17	10	0	0	8	0	349	
351	0	16	31	351	0	0	23	17	10	0	0	8	0	351	
351	0	16	31	351	0	0	23	17	10	0	0	8	0	351	
354	0	16	31	354	0	0	23	17	10	0	0	8	0	354	
354	0	16	31	354	0	0	23	17	10	0	0	8	0	354	
356	0	16	31	356	0	0	23	17	10	0	0	8	0	356	
356	0	16	31	356	0	0	23	17	10	0	0	8	0	356	
356	0	16	31	356	0	0	23	17	10	0	0	8	0	356	
356	0	16	31	356	0	0	23	17	10	0	0	8	0	356	
356	0	16	31	356	0	0	23	17	10	0	0	8	0	356	
360	0	16	31	360	0	0	23	17	10	0	0	8	0	360	
360	0	16	31	360	0	0	23	17	10	0	0	8	0	360	
360	0	16	31	360	0	0	23	17	10	0	0	8	0	360	
360	0	16	31	360	0	0	23	17	10	0	0	8	0	360	
360	0	16	31	360	0	0	23	17	10	0	0	8	0	360	
360	0	16	31	360	0	0	23	17	10	0	0	8	0	360	
363	0	16	31	363	0	0	23	17	10	0	0	8	0	363	
363	0	16	31	363	0	0	23	17	10	0	0	8	0	363	
363	0	16	31	363	0	0	23	17	10	0	0	8	0	363	
363	0	16	31	363	0	0	23	17	10	0	0	8	0	363	
363	0	16	31	363	0	0	23	17	10	0	0	8	0	363	
363	0	16	31	363	0	0	23	17	10	0	0	8	0	363	
365	0	16	31	365	0	0	23	17	10	0	0	8	0	365	
365	0	16	31	365	0	0	23	17	10	0	0	8	0	365	
365	0	16	31	365	0	0	23	17	10	0	0	8	0	365	
365	0	16	31	365	0	0	23	17	10	0	0	8	0	365	
365	0	16	31	365	0	0	23	17	10	0	0	8	0	365	
373	0	16	31	373	0	0	23	17	10	0	0	8	0	373	
374	0	16	31	374	0	0	23	17	10	0	0	8	0	374	
374	0	16	31	374	0	0	23	17	10	0	0	8	0	374	
374	0	16	31	374	0	0	23	17	10	0	0	8	0	374	
374	0	16	31	374	0	0	23	17	10	0	0	8	0	374	
374	0	16	31	374	0	0	23	17	10	0	0	8	0	374	
379	0	16	31	379	0	0	23	17	10	0	0	8	0	379	
379	0	16	31	379	0	0	23	17	10	0	0	8	0	379	
379	0	16	31	379	0	0	23	17	10	0	0	8	0	379	
379	0	16	31	379	0	0	23	17	10	0	0	8	0	379	
384	0	16	31	384	0	0	23	17	10	0	0	8	0	384	
384	0	16	31	384	0	0	23	17	10	0	0	8	0	384	
384	0	16	31	384	0	0	23	17	10	0	0	8	0	384	
384	0	16	31	384	0	0	23	17	10	0	0	8	0	384	
388	0	16	31	388	0	0	23	17	10	0	0	8	0	388	
388	0	16	31	388	0	0	23	17	10	0	0	8	0	388	
388	0	16	31	388	0	0	23	17	10	0	0	8	0	388	
393	0	16	31	393	0	0	23	17	10	0	0	8	0	393	
395	0	16	31	395	0	0	23	17	10	0	0	8	0	395	
395	0	16	31	395	0	0	23	17	10	0	0	8	0	395	
395	0	16	31	395	0	0	23	17	10	0	0	8	0	395	
398	0	16	31	398	0	0	23	17	10	0	0	8	0	398	
398	0	16	31	398	0	0	23	17	10	0	0	8	0	398	
398	0	16	31	398	0	0	23	17	10	0	0	8	0	398	
404	0	16	31	404	0	0	23	17	10	0	0	8	0	404	
404	0	16	31	404	0	0	23	17	10	0	0	8	0	404	
404	0	16	31	404	0	0	23	17	10	0	0	8	0	404	
404	0	16	31	404	0	0	23	17	10	0	0	8	0	404	
404	0	16	31	404	0	0	23	17	10	0	0	8	0	404	
404	0	16	31	404	0	0	23	17	10	0	0	8	0	404	
404	0	16	31	404	0	0	23	17	10	0	0	8	0	404	
404	0	16	31	404	0	0	23	17	10	0	0	8	0	404	
404	0	16	31	404	0	0	23	17	10	0	0	8	0	404	
404	0	16	31	404	0	0	23	17	10	0	0	8	0	404	
404	0	16	31	404	0	0	23	17	10	0	0	8	0	404	
404	0	16	31	404	0	0	23	17	10	0	0	8	0	404	
404	0	16	31	404	0	0	23	17	10	0	0	8	0	404	
404	0	16	31	404	0	0	23	17	10	0	0	8	0	404	
417	0	16	31	417	0	0	23	17	10	0	0	8	0	417	
419	0	16	31	419	0	0	23	17	10	0	0	8	0	419	
419	0	16	31	419	0	0	23	17	10	0	0	8	0	419	
419	0	16	31	419	0	0	23	17	10	0	0	8	0	419	
419	0	16	31	419	0	0	23	17	10	0	0	8	0	419	
419	0	16	31	419	0	0	23	17	10	0	0	8	0	419	
419	0	16	31	419	0	0	23	17	10	0	0	8	0	419	
419	0	16	31	419	0	0	23	17	10	0	0	8	0	419	
419	0	16	31	419	0	0	23	17	10	0	0	8	0	419	
419	0	16	31	419	0	0	23	17	10	0	0	8	0	419	
427	0	16	31	427	0	0	23	17	10	0	0	8	0	427	
427	0	16	31	427	0	0	23	17	10	0	0	8	0	427	
427	0	16	31	427	0	0	23	17	10	0	0	8	0	427	
433	0	16	31	433	0	0	23	17	10	0	0	8	0	433	
433	0	16	31	433	0	0	23	17	10	0	0	8	0	433	
433	0	16	31	433	0	0	23	17	10	0	0	8	0	433	
433	0	16	31	433	0	0	23	17	10	0	0	8	0	433	
433	0	16	31	433	0	0	23	17	10	0	0	8	0	433	
433	0	16	31	433	0	0	23	17	10	0	0	8	0	433	
433	0	16	31	433	0	0	23	17	10	0	0	8	0	433	
433	0	16	31	433	0	0	23	17	10	0	0	8	0	433	
433	0	16	31	433	0	0	23	17	10	0	0	8	0	433	
433	0	16	31	433	0	0	23	17	10	0	0	8	0	433	
433	0	16	31	433	0	0	23	17	10	0	0	8	0	433	
433	0	16	31	433	0	0	23	17	10	0	0	8	0	433	
433	0	16	31	433	0	0	23	17	10	0	0	8	0	433	
443	0	16	31	443	0	0	23	17	10	0	0	8	0	443	
443	0	16	31	443	0	0	23	17	10	0	0	8	0	443	
443	0	16	31	443	0	0	23	17	10	0	0	8	0	443	
443	0	16	31	443	0	0	23	17	10	0	0	8	0	443	
443	0	16	31	443	0	0	23	17	10	0	0	8	0	443	
446	0	16	31	446	0	0	23	17	10	0	0	8	0	446	
446	0	16	31	446	0	0	23	17	10	0	0	8	0	446	
446	0	16	31	446	0	0	23	17	10	0	0	8	0	446	
446	0	16	31	446	0	0	23	17	10	0	0	8	0	446	
446	0	16	31	446	0	0	23	17	10	0	0	8	0	446	
446	0	16	31	446	0	0	23	17	10	0	0	8	0	446	
446	0	16	31	446	0	0	23	17	10	0	0	8	0	446	
446	0	16	31	446	0	0	23	17	10	0	0	8	0	446	
446	0	16	31	446	0	0	23	17	10	0	0	8	0	446	
453	0	16	31	453	0	0	23	17	10	0	0	8	0	453	
455	0	16	31	455	0	0	23	17	10	0	0	8	0	455	
455	0	16	31	455	0	0	23	17	10	0	0	8	0	455	
457	0	16	31	457	0	0	23	17	10	0	0	8	0	457	
459	0	16	31	459	0	0	23	17	10	0	0	8	0	459	
460	0	16	31	460	0	0	23	17	10	0	0	8	0	460	
460	0	16	31	460	0	0	23	17	10	0	0	8	0	460	
460	0	16	31	460	0	0	23	17	10	0	0	8	0	460	
467	0	16	31	467	0	0	23	17	10	0	0	8	0	467	
467	0	16	31	467	0	0	23	17	10	0	0	8	0	467	
469	0	16	31	469	0	0	23	17	10	0	0	8	0	469	
469	0	16	31	469	0	0	23	17	10	0	0	8	0	469	
469	0	16	31	469	0	0	23	17	10	0	0	8	0	469	
469	0	16	31	469	0	0	23	17	10	0	0	8	0	469	
470	0	16	31	470	0	0	23	17	10	0	0	8	0	470	
470	0	16	31	470	0	0	23	17	10	0	0	8	0	470	
470	0	16	31	470	0	0	23	17	10	0	0	8	0	470	
472	0	16	31	472	0	0	23	17	10	0	0	8	0	472	
474	0	16	31	474	0	0	23	17	10	0	0	8	0	474	
475	0	16	31	475	0	0	23	17	10	0	0	8	0	475	
476	0	16	31	476	0	0	23	17	10	0	0	8	0	476	
476	0	16	31	476	0	0	23	17	10	0	0	8	0	476	
476	0	16	31	476	0	0	23	17	10	0	0	8	0	476	
479	0	16	31	479	0	0	23	17	10	0	0	8	0	479	
479	0	16	31	479	0	0	23	17	10	0	0	8	0	479	
479	0	16	31	479	0	0	23	17	10	0	0	8	0	479	
482	0	16	31	482	0	0	23	17	10	0	0	8	0	482	
482	0	16	31	482	0	0	23	17	10	0	0	8	0	482	
482	0	16	31	482	0	0	23	17	10	0	0	8	0	482	
482	0	16	31	482	0	0	23	17	10	0	0	8	0	482	
482	0	16	31	482	0	0	23	17	10	0	0	8	0	482	
482	0	16	31	482	0	0	23	17	10	0	0	8	0	482	
482	0	16	31	482	0	0	23	17	10	0	0	8	0	482	
490	0	16	31	490	0	0	23	17	10	0	0	8	0	490	
490	0	16	31	490	0	0	23	17	10	0	0	8	0	490	
490	0	16	31	490	0	0	23	17	10	0	0	8	0	490	
490	0	16	31	490	0	0	23	17	10	0	0	8	0	490	
490	0	16	31	490	0	0	23	17	10	0	0	8	0	490	
490	0	16	31	490	0	0	23	17	10	0	0	8	0	490	
490	0	16	31	490	0	0	23	17	10	0	0	8	0	490	
490	0	16	31	490	0	0	23	17	10	0	0	8	0	490	
490	0	16	31	490	0	0	23	17	10	0	0	8	0	490	
490	0	16	31	490	0	0	23	17	10	0	0	8	0	490	
497	0	16	31	497	0	0	23	17	10	0	0	8	0	497	
497	0	16	31	497	0	0	23	17	10	0	0	8	0	497	
500	0	16	31	500	0	0	23	17	10	0	0	8	0	500	
500	0	16	31	500	0	0	23	17	10	0	0	8	0	500	
505	0	16	31	505	0	0	23	17	10	0	0	8	0	505	
505	0	16	31	505	0	0	23	17	10	0	0	8	0	505	
505	0	16	31	505	0	0	23	17	10	0	0	8	0	505	
505	0	16	31	505	0	0	23	17	10	0	0	8	0	505	
505	0	16	31	505	0	0	23	17	10	0	0	8	0	505	
508	0	16	31	508	0	0	23	17	10	0	0	8	0	508	
508	0	16	31	508	0	0	23	17	10	0	0	8	0	508	
508	0	16	31	508	0	0	23	17	10	0	0	8	0	508	
508	0	16	31	508	0	0	23	17	10	0	0	8	0	508	
508	0	16	31	508	0	0	23	17	10	0	0	8	0	508	
508	0	16	31	508	0	0	23	17	10	0	0	8	0	508	
512	0	16	31	512	0	0	23	17	10	0	0	8	0	512	
512	0	16	31	512	0	0	23	17	10	0	0	8	0	512	
512	0	16	31	512	0	0	23	17	10	0	0	8	0	512	
512	0	16	31	512	0	0	23	17	10	0	0	8	0	512	
512	0	16	31	512	0	0	23	17	10	0	0	8	0	512	
512	0	16	31	512	0	0	23	17	10	0	0	8	0	512	
512	0	16	31	512	0	0	23	17	10	0	0	8	0	512	
512	0	16	31	512	0	0	23	17	10	0	0	8	0	512	
512	0	16	31	512	0	0	23	17	10	0	0	8	0	512	
519	0	16	31	519	0	0	23	17	10	0	0	8	0	519	
519	0	16	31	519	0	0	23	17	10	0	0	8	0	519	
520	0	16	31	520	0	0	23	17	10	0	0	8	0	520	
520	0	16	31	520	0	0	23	17	10	0	0	8	0	520	
524	0	16	31	524	0	0	23	17	10	0	0	8	0	524	
524	0	16	31	524	0	0	23	17	10	0	0	8	0	524	
524	0	16	31	524	0	0	23	17	10	0	0	8	0	524	
524	0	16	31	524	0	0	23	17	10	0	0	8	0	524	
524	0	16	31	524	0	0	23	17	10	0	0	8	0	524	
524	0	16	31	524	0	0	23	17	10	0	0	8	0	524	
530	0	16	31	530	0	0	23	17	10	0	0	8	0	530	
530	0	16	31	530	0	0	23	17	10	0	0	8	0	530	
530	0	16	31	530	0	0	23	17	10	0	0	8	0	530	
530	0	16	31	530	0	0	23	17	10	0	0	8	0	530	
530	0	16	31	530	0	0	23	17	10	0	0	8	0	530	
530	0	16	31	530	0	0	23	17	10	0	0	8	0	530	
530	0	16	31	530	0	0	23	17	10	0	0	8	0	530	
530	0	16	31	530	0	0	23	17	10	0	0	8	0	530	
530	0	16	31	530	0	0	23	17	10	0	0	8	0	530	
530	0	16	31	530	0	0	23	17	10	0	0	8	0	530	
530	0	16	31	530	0	0	23	17	10	0	0	8	0	530	
530	0	16	31	530	0	0	23	17	10	0	0	8	0	530	
541	0	16	31	541	0	0	23	17	10	0	0	8	0	541	
544	0	16	31	544	0	0	23	17	10	0	0	8	0	544	
544	0	16	31	544	0	0	23	17	10	0	0	8	0	544	
545	0	16	31	545	0	0	23	17	10	0	0	8	0	545	
549	0	16	31	549	0	0	23	17	10	0	0	8	0	549	
549	0	16	31	549	0	0	23	17	10	0	0	8	0	549	
550	0	16	31	550	0	0	23	17	10	0	0	8	0	550	
550	0	16	31	550	0	0	23	17	10	0	0	8	0	550	
553	0	16	31	553	0	0	23	17	10	0	0	8	0	553	
553	0	16	31	553	0	0	23	17	10	0	0	8	0	553	
553	0	16	31	553	0	0	23	17	10	0	0	8	0	553	
553	0	16	31	553	0	0	23	17	10	0	0	8	0	553	
553	0	16	31	553	0	0	23	17	10	0	0	8	0	553	
553	0	16	31	553	0	0	23	17	10	0	0	8	0	553	
553	0	16	31	553	0	0	23	17	10	0	0	8	0	553	
563	0	16	31	563	0	0	23	17	10	0	0	8	0	563	
563	0	16	31	563	0	0	23	17	10	0	0	8	0	563	
563	0	16	31	563	0	0	23	17	10	0	0	8	0	563	
563	0	16	31	563	0	0	23	17	10	0	0	8	0	563	
567	0	16	31	567	0	0	23	17	10	0	0	8	0	567	
567	0	16	31	567	0	0	23	17	10	0	0	8	0	567	
569	0	16	31	569	0	0	23	17	10	0	0	8	0	569	
569	0	16	31	569	0	0	23	17	10	0	0	8	0	569	
570	0	16	31	570	0	0	23	17	10	0	0	8	0	570	
570	0	16	31	570	0	0	23	17	10	0	0	8	0	570	
570	0	16	31	570	0	0	23	17	10	0	0	8	0	570	
570	0	16	31	570	0	0	23	17	10	0	0	8	0	570	
570	0	16	31	570	0	0	23	17	10	0	0	8	0	570	
570	0	16	31	570	0	0	23	17	10	0	0	8	0	570	
570	0	16	31	570	0	0	23	17	10	0	0	8	0	570	
570	0	16	31	570	0	0	23	17	10	0	0	8	0	570	
574	0	16	31	574	0	0	23	17	10	0	0	8	0	574	
577	0	16	31	577	0	0	23	17	10	0	0	8	0	577	
577	0	16	31	577	0	0	23	17	10	0	0	8	0	577	
577	0	16	31	577	0	0	23	17	10	0	0	8	0	577	
580	0	16	31	580	0	0	23	17	10	0	0	8	0	580	
580	0	16	31	580	0	0	23	17	10	0	0	8	0	580	
580	0	16	31	580	0	0	23	17	10	0	0	8	0	580	
584	0	16	31	584	0	0	23	17	10	0	0	8	0	584	
585	0	16	31	585	0	0	23	17	10	0	0	8	0	585	
585	0	16	31	585	0	0	23	17	10	0	0	8	0	585	
585	0	16	31	585	0	0	23	17	10	0	0	8	0	585	
585	0	16	31	585	0	0	23	17	10	0	0	8	0	585	
585	0	16	31	585	0	0	23	17	10	0	0	8	0	585	
588	0	16	31	588	0	0	23	17	10	0	0	8	0	588	
590	0	16	31	590	0	0	23	17	10	0	0	8	0	590	
590	0	16	31	590	0	0	23	17	10	0	0	8	0	590	
594	0	16	31	594	0	0	23	17	10	0	0	8	0	594	
594	0	16	31	594	0	0	23	17	10	0	0	8	0	594	
594	0	16	31	594	0	0	23	17	10	0	0	8	0	594	
594	0	16	31	594	0	0	23	17	10	0	0	8	0	594	
594	0	16	31	594	0	0	23	17	10	0	0	8	0	594	
594	0	16	31	594	0	0	23	17	10	0	0	8	0	594	
594	0	16	31	594	0	0	23	17	10	0	0	8	0	594	
594	0	16	31	594	0	0	23	17	10	0	0	8	0	594	
594	0	16	31	594	0	0	23	17	10	0	0	8	0	594	
601	0	16	31	601	0	0	23	17	10	0	0	8	0	601	
601	0	16	31	601	0	0	23	17	10	0	0	8	0	601	
602	0	16	31	602	0	0	23	17	10	0	0	8	0	602	
602	0	16	31	602	0	0	23	17	10	0	0	8	0	602	
602	0	16	31	602	0	0	23	17	10	0	0	8	0	602	
602	0	16	31	602	0	0	23	17	10	0	0	8	0	602	
602	0	16	31	602	0	0	23	17	10	0	0	8	0	602	
602	0	16	31	602	0	0	23	17	10	0	0	8	0	602	
602	0	16	31	602	0	0	23	17	10	0	0	8	0	602	
602	0	16	31	602	0	0	23	17	10	0	0	8	0	602	
602	0	16	31	602	0	0	23	17	10	0	0	8	0	602	
614	0	16	31	614	0	0	23	17	10	0	0	8	0	614	
615	0	16	31	615	0	0	23	17	10	0	0	8	0	615	
615	0	16	31	615	0	0	23	17	10	0	0	8	0	615	
618	0	16	31	618	0	0	23	17	10	0	0	8	0	618	
618	0	16	31	618	0	0	23	17	10	0	0	8	0	618	
618	0	16	31	618	0	0	23	17	10	0	0	8	0	618	
618	0	16	31	618	0	0	23	17	10	0	0	8	0	618	
618	0	16	31	618	0	0	23	17	10	0	0	8	0	618	
622	0	16	31	622	0	0	23	17	10	0	0	8	0	622	
622	0	16	31	622	0	0	23	17	10	0	0	8	0	622	
622	0	16	31	622	0	0	23	17	10	0	0	8	0	622	
625	0	16	31	625	0	0	23	17	10	0	0	8	0	625	
627	0	16	31	627	0	0	23	17	10	0	0	8	0	627	
628	0	16	31	628	0	0	23	17	10	0	0	8	0	628	
628	0	16	31	628	0	0	23	17	10	0	0	8	0	628	
628	0	16	31	628	0	0	23	17	10	0	0	8	0	628	
628	0	16	31	628	0	0	23	17	10	0	0	8	0	628	
628	0	16	31	628	0	0	23	17	10	0	0	8	0	628	
628	0	16	31	628	0	0	23	17	10	0	0	8	0	628	
628	0	16	31	628	0	0	23	17	10	0	0	8	0	628	
628	0	16	31	628	0	0	23	17	10	0	0	8	0	628	
628	0	16	31	628	0	0	23	17	10	0	0	8	0	628	
628	0	16	31	628	0	0	23	17	10	0	0	8	0	628	
636	0	16	31	636	0	0	23	17	10	0	0	8	0	636	
638	0	16	31	638	0	0	23	17	10	0	0	8	0	638	
638	0	16	31	638	0	0	23	17	10	0	0	8	0	638	
642	0	16	31	642	0	0	23	17	10	0	0	8	0	642	
644	0	16	31	644	0	0	23	17	10	0	0	8	0	644	
645	0	16	31	645	0	0	23	17	10	0	0	8	0	645	
645	0	16	31	645	0	0	23	17	10	0	0	8	0	645	
650	0	16	31	650	0	0	23	17	10	0	0	8	0	650	
650	0	16	31	650	0	0	23	17	10	0	0	8	0	650	
652	0	16	31	652	0	0	23	17	10	0	0	8	0	652	
652	0	16	31	652	0	0	23	17	10	0	0	8	0	652	
652	0	16	31	652	0	0	23	17	10	0	0	8	0	652	
652	0	16	31	652	0	0	23	17	10	0	0	8	0	652	
652	0	16	31	652	0	0	23	17	10	0	0	8	0	652	
657	0	16	31	657	0	0	23	17	10	0	0	8	0	657	
657	0	16	31	657	0	0	23	17	10	0	0	8	0	657	
657	0	16	31	657	0	0	23	17	10	0	0	8	0	657	
657	0	16	31	657	0	0	23	17	10	0	0	8	0	657	
657	0	16	31	657	0	0	23	17	10	0	0	8	0	657	
657	0	16	31	657	0	0	23	17	10	0	0	8	0	657	
657	0	16	31	657	0	0	23	17	10	0	0	8	0	657	
657	0	16	31	657	0	0	23	17	10	0	0	8	0	657	
657	0	16	31	657	0	0	23	17	10	0	0	8	0	657	
661	0	16	31	661	0	0	23	17	10	0	0	8	0	661	
663	0	16	31	663	0	0	23	17	10	0	0	8	0	663	
663	0	16	31	663	0	0	23	17	10	0	0	8	0	663	
663	0	16	31	663	0	0	23	17	10	0	0	8	0	663	
663	0	16	31	663	0	0	23	17	10	0	0	8	0	663	
666	0	16	31	666	0	0	23	17	10	0	0	8	0	666	
669	0	16	31	669	0	0	23	17	10	0	0	8	0	669	
674	0	16	31	674	0	0	23	17	10	0	0	8	0	674	
676	0	16	31	676	0	0	23	17	10	0	0	8	0	676	
677	0	16	31	677	0	0	23	17	10	0	0	8	0	677	
677	0	16	31	677	0	0	23	17	10	0	0	8	0	677	
677	0	16	31	677	0	0	23	17	10	0	0	8	0	677	
677	0	16	31	677	0	0	23	17	10	0	0	8	0	677	
677	0	16	31	677	0	0	23	17	10	0	0	8	0	677	
677	0	16	31	677	0	0	23	17	10	0	0	8	0	677	
677	0	16	31	677	0	0	23	17	10	0	0	8	0	677	
677	0	16	31	677	0	0	23	17	10	0	0	8	0	677	
677	0	16	31	677	0	0	23	17	10	0	0	8	0	677	
686	0	16	31	686	0	0	23	17	10	0	0	8	0	686	
686	0	16	31	686	0	0	23	17	10	0	0	8	0	686	
686	0	16	31	686	0	0	23	17	10	0	0	8	0	686	
690	0	16	31	690	0	0	23	17	10	0	0	8	0	690	
691	0	16	31	691	0	0	23	17	10	0	0	8	0	691	
692	0	16	31	692	0	0	23	17	10	0	0	8	0	692	
692	0	16	31	692	0	0	23	17	10	0	0	8	0	692	
695	0	16	31	695	0	0	23	17	10	0	0	8	0	695	
695	0	16	31	695	0	0	23	17	10	0	0	8	0	695	
695	0	16	31	695	0	0	23	17	10	0	0	8	0	695	
695	0	16	31	695	0	0	23	17	10	0	0	8	0	695	
698	0	16	31	698	0	0	23	17	10	0	0	8	0	698	
698	0	16	31	698	0	0	23	17	10	0	0	8	0	698	
698	0	16	31	698	0	0	23	17	10	0	0	8	0	698	
699	0	16	31	699	0	0	23	17	10	0	0	8	0	699	
699	0	16	31	699	0	0	23	17	10	0	0	8	0	699	
699	0	16	31	699	0	0	23	17	10	0	0	8	0	699	
699	0	16	31	699	0	0	23	17	10	0	0	8	0	699	
699	0	16	31	699	0	0	23	17	10	0	0	8	0	699	
699	0	16	31	699	0	0	23	17	10	0	0	8	0	699	
703	0	16	31	703	0	0	23	17	10	0	0	8	0	703	
703	0	16	31	703	0	0	23	17	10	0	0	8	0	703	
703	0	16	31	703	0	0	23	17	10	0	0	8	0	703	
703	0	16	31	703	0	0	23	17	10	0	0	8	0	703	
703	0	16	31	703	0	0	23	17	10	0	0	8	0	703	
703	0	16	31	703	0	0	23	17	10	0	0	8	0	703	
708	0	16	31	708	0	0	23	17	10	0	0	8	0	708	
708	0	16	31	708	0	0	23	17	10	0	0	8	0	708	
708	0	16	31	708	0	0	23	17	10	0	0	8	0	708	
708	0	16	31	708	0	0	23	17	10	0	0	8	0	708	
709	0	16	31	709	0	0	23	17	10	0	0	8	0	709	
711	0	16	31	711	0	0	23	17	10	0	0	8	0	711	
711	0	16	31	711	0	0	23	17	10	0	0	8	0	711	
711	0	16	31	711	0	0	23	17	10	0	0	8	0	711	
711	0	16	31	711	0	0	23	17	10	0	0	8	0	711	
711	0	16	31	711	0	0	23	17	10	0	0	8	0	711	
711	0	16	31	711	0	0	23	17	10	0	0	8	0	711	
711	0	16	31	711	0	0	23	17	10	0	0	8	0	711	
715	0	16	31	715	0	0	23	17	10	0	0	8	0	715	
716	0	16	31	716	0	0	23	17	10	0	0	8	0	716	
717	0	16	31	717	0	0	23	17	10	0	0	8	0	717	
721	0	16	31	721	0	0	23	17	10	0	0	8	0	721	
721	0	16	31	721	0	0	23	17	10	0	0	8	0	721	
721	0	16	31	721	0	0	23	17	10	0	0	8	0	721	
721	0	16	31	721	0	0	23	17	10	0	0	8	0	721	
721	0	16	31	721	0	0	23	17	10	0	0	8	0	721	
721	0	16	31	721	0	0	23	17	10	0	0	8	0	721	
721	0	16	31	721	0	0	23	17	10	0	0	8	0	721	
721	0	16	31	721	0	0	23	17	10	0	0	8	0	721	
729	0	16	31	729	0	0	23	17	10	0	0	8	0	729	
729	0	16	31	729	0	0	23	17	10	0	0	8	0	729	
729	0	16	31	729	0	0	23	17	10	0	0	8	0	729	
731	0	16	31	731	0	0	23	17	10	0	0	8	0	731	
733	0	16	31	733	0	0	23	17	10	0	0	8	0	733	
733	0	16	31	733	0	0	23	17	10	0	0	8	0	733	
733	0	16	31	733	0	0	23	17	10	0	0	8	0	733	
733	0	16	31	733	0	0	23	17	10	0	0	8	0	733	
738	0	16	31	738	0	0	23	17	10	0	0	8	0	738	
738	0	16	31	738	0	0	23	17	10	0	0	8	0	738	
738	0	16	31	738	0	0	23	17	10	0	0	8	0	738	
738	0	16	31	738	0	0	23	17	10	0	0	8	0	738	
738	0	16	31	738	0	0	23	17	10	0	0	8	0	738	
738	0	16	31	738	0	0	23	17	10	0	0	8	0	738	
738	0	16	31	738	0	0	23	17	10	0	0	8	0	738	
743	0	16	31	743	0	0	23	17	10	0	0	8	0	743	
744	0	16	31	744	0	0	23	17	10	0	0	8	0	744	
746	0	16	31	746	0	0	23	17	10	0	0	8	0	746	
747	0	16	31	747	0	0	23	17	10	0	0	8	0	747	
747	0	16	31	747	0	0	23	17	10	0	0	8	0	747	
747	0	16	31	747	0	0	23	17	10	0	0	8	0	747	
755	0	16	31	755	0	0	23	17	10	0	0	8	0	755	
755	0	16	31	755	0	0	23	17	10	0	0	8	0	755	
755	0	16	31	755	0	0	23	17	10	0	0	8	0	755	
755	0	16	31	755	0	0	23	17	10	0	0	8	0	755	
760	0	16	31	760	0	0	23	17	10	0	0	8	0	760	
760	0	16	31	760	0	0	23	17	10	0	0	8	0	760	
760	0	16	31	760	0	0	23	17	10	0	0	8	0	760	
760	0	16	31	760	0	0	23	17	10	0	0	8	0	760	
760	0	16	31	760	0	0	23	17	10	0	0	8	0	760	
762	0	16	31	762	0	0	23	17	10	0	0	8	0	762	
762	0	16	31	762	0	0	23	17	10	0	0	8	0	762	
764	0	16	31	764	0	0	23	17	10	0	0	8	0	764	
764	0	16	31	764	0	0	23	17	10	0	0	8	0	764	
764	0	16	31	764	0	0	23	17	10	0	0	8	0	764	
764	0	16	31	764	0	0	23	17	10	0	0	8	0	764	
764	0	16	31	764	0	0	23	17	10	0	0	8	0	764	
768	0	16	31	768	0	0	23	17	10	0	0	8	0	768	
770	0	16	31	770	0	0	23	17	10	0	0	8	0	770	
770	0	16	31	770	0	0	23	17	10	0	0	8	0	770	
770	0	16	31	770	0	0	23	17	10	0	0	8	0	770	
770	0	16	31	770	0	0	23	17	10	0	0	8	0	770	
770	0	16	31	770	0	0	23	17	10	0	0	8	0	770	
776	0	16	31	776	0	0	23	17	10	0	0	8	0	776	
776	0	16	31	776	0	0	23	17	10	0	0	8	0	776	
778	0	16	31	778	0	0	23	17	10	0	0	8	0	778	
780	0	16	31	780	0	0	23	17	10	0	0	8	0	780	
780	0	16	31	780	0	0	23	17	10	0	0	8	0	780	
782	0	16	31	782	0	0	23	17	10	0	0	8	0	782	
782	0	16	31	782	0	0	23	17	10	0	0	8	0	782	
782	0	16	31	782	0	0	23	17	10	0	0	8	0	782	
783	0	16	31	783	0	0	23	17	10	0	0	8	0	783	
783	0	16	31	783	0	0	23	17	10	0	0	8	0	783	
783	0	16	31	783	0	0	23	17	10	0	0	8	0	783	
783	0	16	31	783	0	0	23	17	10	0	0	8	0	783	
783	0	16	31	783	0	0	23	17	10	0	0	8	0	783	
783	0	16	31	783	0	0	23	17	10	0	0	8	0	783	
783	0	16	31	783	0	0	23	17	10	0	0	8	0	783	
783	0	16	31	783	0	0	23	17	10	0	0	8	0	783	
783	0	16	31	783	0	0	23	17	10	0	0	8	0	783	
791	0	16	31	791	0	0	23	17	10	0	0	8	0	791	
791	0	16	31	791	0	0	23	17	10	0	0	8	0	791	
791	0	16	31	791	0	0	23	17	10	0	0	8	0	791	
793	0	16	31	793	0	0	23	17	10	0	0	8	0	793	
793	0	16	31	793	0	0	23	17	10	0	0	8	0	793	
797	0	16	31	797	0	0	23	17	10	0	0	8	0	797	
799	0	16	31	799	0	0	23	17	10	0	0	8	0	799	
799	0	16	31	799	0	0	23	17	10	0	0	8	0	799	
799	0	16	31	799	0	0	23	17	10	0	0	8	0	799	
799	0	16	31	799	0	0	23	17	10	0	0	8	0	799	
799	0	16	31	799	0	0	23	17	10	0	0	8	0	799	
799	0	16	31	799	0	0	23	17	10	0	0	8	0	799	
799	0	16	31	799	0	0	23	17	10	0	0	8	0	799	
799	0	16	31	799	0	0	23	17	10	0	0	8	0	799	
799	0	16	31	799	0	0	23	17	10	0	0	8	0	799	
799	0	16	31	799	0	0	23	17	10	0	0	8	0	799	
799	0	16	31	799	0	0	23	17	10	0	0	8	0	799	
799	0	16	31	799	0	0	23	17	10	0	0	8	0	799	
799	0	16	31	799	0	0	23	17	10	0	0	8	0	799	
799	0	16	31	799	0	0	23	17	10	0	0	8	0	799	
799	0	16	31	799	0	0	23	17	10	0	0	8	0	799	
799	0	16	31	799	0	0	23	17	10	0	0	8	0	799	
799	0	16	31	799	0	0	23	17	10	0	0	8	0	799	
799	0	16	31	799	0	0	23	17	10	0	0	8	0	799	
810	0	16	31	810	0	0	23	17	10	0	0	8	0	810	
813	0	16	31	813	0	0	23	17	10	0	0	8	0	813	
813	0	16	31	813	0	0	23	17	10	0	0	8	0	813	
815	0	16	31	815	0	0	23	17	10	0	0	8	0	815	
815	0	16	31	815	0	0	23	17	10	0	0	8	0	815	
815	0	16	31	815	0	0	23	17	10	0	0	8	0	815	
815	0	16	31	815	0	0	23	17	10	0	0	8	0	815	
815	0	16	31	815	0	0	23	17	10	0	0	8	0	815	
815	0	16	31	815	0	0	23	17	10	0	0	8	0	815	
815	0	16	31	815	0	0	23	17	10	0	0	8	0	815	
817	0	16	31	817	0	0	23	17	10	0	0	8	0	817	
817	0	16	31	817	0	0	23	17	10	0	0	8	0	817	
817	0	16	31	817	0	0	23	17	10	0	0	8	0	817	
817	0	16	31	817	0	0	23	17	10	0	0	8	0	817	
817	0	16	31	817	0	0	23	17	10	0	0	8	0	817	
817	0	16	31	817	0	0	23	17	10	0	0	8	0	817	
817	0	16	31	817	0	0	23	17	10	0	0	8	0	817	
826	0	16	31	826	0	0	23	17	10	0	0	8	0	826	
826	0	16	31	826	0	0	23	17	10	0	0	8	0	826	
826	0	16	31	826	0	0	23	17	10	0	0	8	0	826	
826	0	16	31	826	0	0	23	17	10	0	0	8	0	826	
826	0	16	31	826	0	0	23	17	10	0	0	8	0	826	
826	0	16	31	826	0	0	23	17	10	0	0	8	0	826	
832	0	16	31	832	0	0	23	17	10	0	0	8	0	832	
832	0	16	31	832	0	0	23	17	10	0	0	8	0	832	
832	0	16	31	832	0	0	23	17	10	0	0	8	0	832	
832	0	16	31	832	0	0	23	17	10	0	0	8	0	832	
832	0	16	31	832	0	0	23	17	10	0	0	8	0	832	
832	0	16	31	832	0	0	23	17	10	0	0	8	0	832	
832	0	16	31	832	0	0	23	17	10	0	0	8	0	832	
832	0	16	31	832	0	0	23	17	10	0	0	8	0	832	
832	0	16	31	832	0	0	23	17	10	0	0	8	0	832	
832	0	16	31	832	0	0	23	17	10	0	0	8	0	832	
832	0	16	31	832	0	0	23	17	10	0	0	8	0	832	
843	0	16	31	843	0	0	23	17	10	0	0	8	0	843	
843	0	16	31	843	0	0	23	17	10	0	0	8	0	843	
843	0	16	31	843	0	0	23	17	10	0	0	8	0	843	
843	0	16	31	843	0	0	23	17	10	0	0	8	0	843	
843	0	16	31	843	0	0	23	17	10	0	0	8	0	843	
843	0	16	31	843	0	0	23	17	10	0	0	8	0	843	
843	0	16	31	843	0	0	23	17	10	0	0	8	0	843	
843	0	16	31	843	0	0	23	17	10	0	0	8	0	843	
843	0	16	31	843	0	0	23	17	10	0	0	8	0	843	
851	0	16	31	851	0	0	23	17	10	0	0	8	0	851	
851	0	16	31	851	0	0	23	17	10	0	0	8	0	851	
851	0	16	31	851	0	0	23	17	10	0	0	8	0	851	
851	0	16	31	851	0	0	23	17	10	0	0	8	0	851	
851	0	16	31	851	0	0	23	17	10	0	0	8	0	851	
851	0	16	31	851	0	0	23	17	10	0	0	8	0	851	
851	0	16	31	851	0	0	23	17	10	0	0	8	0	851	
851	0	16	31	851	0	0	23	17	10	0	0	8	0	851	
851	0	16	31	851	0	0	23	17	10	0	0	8	0	851	
851	0	16	31	851	0	0	23	17	10	0	0	8	0	851	
851	0	16	31	851	0	0	23	17	10	0	0	8	0	851	
851	0	16	31	851	0	0	23	17	10	0	0	8	0	851	
851	0	16	31	851	0	0	23	17	10	0	0	8	0	851	
851	0	16	31	851	0	0	23	17	10	0	0	8	0	851	
851	0	16	31	851	0	0	23	17	10	0	0	8	0	851	
851	0	16	31	851	0	0	23	17	10	0	0	8	0	851	
851	0	16	31	851	0	0	23	17	10	0	0	8	0	851	
851	0	16	31	851	0	0	23	17	10	0	0	8	0	851	
851	0	16	31	851	0	0	23	17	10	0	0	8	0	851	
863	0	16	31	863	0	0	23	17	10	0	0	8	0	863	
863	0	16	31	863	0	0	23	17	10	0	0	8	0	863	
863	0	16	31	863	0	0	23	17	10	0	0	8	0	863	
864	0	16	31	864	0	0	23	17	10	0	0	8	0	864	
864	0	16	31	864	0	0	23	17	10	0	0	8	0	864	
864	0	16	31	864	0	0	23	17	10	0	0	8	0	864	
864	0	16	31	864	0	0	23	17	10	0	0	8	0	864	
867	0	16	31	867	0	0	23	17	10	0	0	8	0	867	
867	0	16	31	867	0	0	23	17	10	0	0	8	0	867	
871	0	16	31	871	0	0	23	17	10	0	0	8	0	871	
871	0	16	31	871	0	0	23	17	10	0	0	8	0	871	
871	0	16	31	871	0	0	23	17	10	0	0	8	0	871	
871	0	16	31	871	0	0	23	17	10	0	0	8	0	871	
877	0	16	31	877	0	0	23	17	10	0	0	8	0	877	
878	0	16	31	878	0	0	23	17	10	0	0	8	0	878	
878	0	16	31	878	0	0	23	17	10	0	0	8	0	878	
878	0	16	31	878	0	0	23	17	10	0	0	8	0	878	
878	0	16	31	878	0	0	23	17	10	0	0	8	0	878	
878	0	16	31	878	0	0	23	17	10	0	0	8	0	878	
886	0	16	31	886	0	0	23	17	10	0	0	8	0	886	
887	0	16	31	887	0	0	23	17	10	0	0	8	0	887	
889	0	16	31	889	0	0	23	17	10	0	0	8	0	889	
891	0	16	31	891	0	0	23	17	10	0	0	8	0	891	
891	0	16	31	891	0	0	23	17	10	0	0	8	0	891	
891	0	16	31	891	0	0	23	17	10	0	0	8	0	891	
891	0	16	31	891	0	0	23	17	10	0	0	8	0	891	
891	0	16	31	891	0	0	23	17	10	0	0	8	0	891	
899	0	16	31	899	0	0	23	17	10	0	0	8	0	899	
900	0	16	31	900	0	0	23	17	10	0	0	8	0	900	
900	0	16	31	900	0	0	23	17	10	0	0	8	0	900	
900	0	16	31	900	0	0	23	17	10	0	0	8	0	900	
900	0	16	31	900	0	0	23	17	10	0	0	8	0	900	
900	0	16	31	900	0	0	23	17	10	0	0	8	0	900	
902	0	16	31	902	0	0	23	17	10	0	0	8	0	902	
903	0	16	31	903	0	0	23	17	10	0	0	8	0	903	
904	0	16	31	904	0	0	23	17	10	0	0	8	0	904	
904	0	16	31	904	0	0	23	17	10	0	0	8	0	904	
906	0	16	31	906	0	0	23	17	10	0	0	8	0	906	
906	0	16	31	906	0	0	23	17	10	0	0	8	0	906	
907	0	16	31	907	0	0	23	17	10	0	0	8	0	907	
911	0	16	31	911	0	0	23	17	10	0	0	8	0	911	
911	0	16	31	911	0	0	23	17	10	0	0	8	0	911	
911	0	16	31	911	0	0	23	17	10	0	0	8	0	911	
911	0	16	31	911	0	0	23	17	10	0	0	8	0	911	
911	0	16	31	911	0	0	23	17	10	0	0	8	0	911	
917	0	16	31	917	0	0	23	17	10	0	0	8	0	917	
917	0	16	31	917	0	0	23	17	10	0	0	8	0	917	
917	0	16	31	917	0	0	23	17	10	0	0	8	0	917	
919	0	16	31	919	0	0	23	17	10	0	0	8	0	919	
919	0	16	31	919	0	0	23	17	10	0	0	8	0	919	
919	0	16	31	919	0	0	23	17	10	0	0	8	0	919	
919	0	16	31	919	0	0	23	17	10	0	0	8	0	919	
919	0	16	31	919	0	0	23	17	10	0	0	8	0	919	
919	0	16	31	919	0	0	23	17	10	0	0	8	0	919	
919	0	16	31	919	0	0	23	17	10	0	0	8	0	919	
919	0	16	31	919	0	0	23	17	10	0	0	8	0	919	
919	0	16	31	919	0	0	23	17	10	0	0	8	0	919	
927	0	16	31	927	0	0	23	17	10	0	0	8	0	927	
927	0	16	31	927	0	0	23	17	10	0	0	8	0	927	
927	0	16	31	927	0	0	23	17	10	0	0	8	0	927	
927	0	16	31	927	0	0	23	17	10	0	0	8	0	927	
929	0	16	31	929	0	0	23	17	10	0	0	8	0	929	
932	0	16	31	932	0	0	23	17	10	0	0	8	0	932	
934	0	16	31	934	0	0	23	17	10	0	0	8	0	934	
934	0	16	31	934	0	0	23	17	10	0	0	8	0	934	
934	0	16	31	934	0	0	23	17	10	0	0	8	0	934	
936	0	16	31	936	0	0	23	17	10	0	0	8	0	936	
936	0	16	31	936	0	0	23	17	10	0	0	8	0	936	
936	0	16	31	936	0	0	23	17	10	0	0	8	0	936	
936	0	16	31	936	0	0	23	17	10	0	0	8	0	936	
936	0	16	31	936	0	0	23	17	10	0	0	8	0	936	
936	0	16	31	936	0	0	23	17	10	0	0	8	0	936	
936	0	16	31	936	0	0	23	17	10	0	0	8	0	936	
936	0	16	31	936	0	0	23	17	10	0	0	8	0	936	
936	0	16	31	936	0	0	23	17	10	0	0	8	0	936	
939	0	16	31	939	0	0	23	17	10	0	0	8	0	939	
939	0	16	31	939	0	0	23	17	10	0	0	8	0	939	
942	0	16	31	942	0	0	23	17	10	0	0	8	0	942	
942	0	16	31	942	0	0	23	17	10	0	0	8	0	942	
942	0	16	31	942	0	0	23	17	10	0	0	8	0	942	
942	0	16	31	942	0	0	23	17	10	0	0	8	0	942	
942	0	16	31	942	0	0	23	17	10	0	0	8	0	942	
942	0	16	31	942	0	0	23	17	10	0	0	8	0	942	
942	0	16	31	942	0	0	23	17	10	0	0	8	0	942	
942	0	16	31	942	0	0	23	17	10	0	0	8	0	942	
942	0	16	31	942	0	0	23	17	10	0	0	8	0	942	
942	0	16	31	942	0	0	23	17	10	0	0	8	0	942	
942	0	16	31	942	0	0	23	17	10	0	0	8	0	942	
948	0	16	31	948	0	0	23	17	10	0	0	8	0	948	
948	0	16	31	948	0	0	23	17	10	0	0	8	0	948	
948	0	16	31	948	0	0	23	17	10	0	0	8	0	948	
948	0	16	31	948	0	0	23	17	10	0	0	8	0	948	
948	0	16	31	948	0	0	23	17	10	0	0	8	0	948	
948	0	16	31	948	0	0	23	17	10	0	0	8	0	948	
957	0	16	31	957	0	0	23	17	10	0	0	8	0	957	
957	0	16	31	957	0	0	23	17	10	0	0	8	0	957	
959	0	16	31	959	0	0	23	17	10	0	0	8	0	959	
959	0	16	31	959	0	0	23	17	10	0	0	8	0	959	
962	0	16	31	962	0	0	23	17	10	0	0	8	0	962	
963	0	16	31	963	0	0	23	17	10	0	0	8	0	963	
963	0	16	31	963	0	0	23	17	10	0	0	8	0	963	
966	0	16	31	966	0	0	23	17	10	0	0	8	0	966	
967	0	16	31	967	0	0	23	17	10	0	0	8	0	967	
967	0	16	31	967	0	0	23	17	10	0	0	8	0	967	
968	0	16	31	968	0	0	23	17	10	0	0	8	0	968	
969	0	16	31	969	0	0	23	17	10	0	0	8	0	969	
969	0	16	31	969	0	0	23	17	10	0	0	8	0	969	
969	0	16	31	969	0	0	23	17	10	0	0	8	0	969	
969	0	16	31	969	0	0	23	17	10	0	0	8	0	969	
969	0	16	31	969	0	0	23	17	10	0	0	8	0	969	
969	0	16	31	969	0	0	23	17	10	0	0	8	0	969	
969	0	16	31	969	0	0	23	17	10	0	0	8	0	969	
973	0	16	31	973	0	0	23	17	10	0	0	8	0	973	
973	0	16	31	973	0	0	23	17	10	0	0	8	0	973	
973	0	16	31	973	0	0	23	17	10	0	0	8	0	973	
976	0	16	31	976	0	0	23	17	10	0	0	8	0	976	
976	0	16	31	976	0	0	23	17	10	0	0	8	0	976	
976	0	16	31	976	0	0	23	17	10	0	0	8	0	976	
976	0	16	31	976	0	0	23	17	10	0	0	8	0	976	
976	0	16	31	976	0	0	23	17	10	0	0	8	0	976	
976	0	16	31	976	0	0	23	17	10	0	0	8	0	976	
976	0	16	31	976	0	0	23	17	10	0	0	8	0	976	
976	0	16	31	976	0	0	23	17	10	0	0	8	0	976	
976	0	16	31	976	0	0	23	17	10	0	0	8	0	976	
976	0	16	31	976	0	0	23	17	10	0	0	8	0	976	
976	0	16	31	976	0	0	23	17	10	0	0	8	0	976	
985	0	16	31	985	0	0	23	17	10	0	0	8	0	985	
985	0	16	31	985	0	0	23	17	10	0	0	8	0	985	
985	0	16	31	985	0	0	23	17	10	0	0	8	0	985	
985	0	16	31	985	0	0	23	17	10	0	0	8	0	985	
985	0	16	31	985	0	0	23	17	10	0	0	8	0	985	
990	0	16	31	990	0	0	23	17	10	0	0	8	0	990	
990	0	16	31	990	0	0	23	17	10	0	0	8	0	990	
990	0	16	31	990	0	0	23	17	10	0	0	8	0	990	
993	0	16	31	993	0	0	23	17	10	0	0	8	0	993	
993	0	16	31	993	0	0	23	17	10	0	0	8	0	993	
993	0	16	31	993	0	0	23	17	10	0	0	8	0	993	
996	0	16	31	996	0	0	23	17	10	0	0	8	0	996	
996	0	16	31	996	0	0	23	17	10	0	0	8	0	996	
996	0	16	31	996	0	0	23	17	10	0	0	8	0	996	
996	0	16	31	996	0	0	23	17	10	0	0	8	0	996	
996	0	16	31	996	0	0	23	17	10	0	0	8	0	996	
996	0	16	31	996	0	0	23	17	10	0	0	8	0	996	
996	0	16	31	996	0	0	23	17	10	0	0	8	0	996	
996	0	16	31	996	0	0	23	17	10	0	0	8	0	996	
998	0	16	31	998	0	0	23	17	10	0	0	8	0	998	
999	0	16	31	999	0	0	23	17	10	0	0	8	0	999	
1003	0	16	31	1003	0	0	23	17	10	0	0	8	0	1003	
1003	0	16	31	1003	0	0	23	17	10	0	0	8	0	1003	
1003	0	16	31	1003	0	0	23	17	10	0	0	8	0	1003	
1003	0	16	31	1003	0	0	23	17	10	0	0	8	0	1003	
1003	0	16	31	1003	0	0	23	17	10	0	0	8	0	1003	
1003	0	16	31	1003	0	0	23	17	10	0	0	8	0	1003	
1003	0	16	31	1003	0	0	23	17	10	0	0	8	0	1003	
1003	0	16	31	1003	0	0	23	17	10	0	0	8	0	1003	
1003	0	16	31	1003	0	0	23	17	10	0	0	8	0	1003	
1003	0	16	31	1003	0	0	23	17	10	0	0	8	0	1003	
1009	0	16	31	1009	0	0	23	17	10	0	0	8	0	1009	
1009	0	16	31	1009	0	0	23	17	10	0	0	8	0	1009	
1010	0	16	31	1010	0	0	23	17	10	0	0	8	0	1010	
1010	0	16	31	1010	0	0	23	17	10	0	0	8	0	1010	
1010	0	16	31	1010	0	0	23	17	10	0	0	8	0	1010	
1010	0	16	31	1010	0	0	23	17	10	0	0	8	0	1010	
1010	0	16	31	1010	0	0	23	17	10	0	0	8	0	1010	
1010	0	16	31	1010	0	0	23	17	10	0	0	8	0	1010	
1010	0	16	31	1010	0	0	23	17	10	0	0	8	0	1010	
1010	0	16	31	1010	0	0	23	17	10	0	0	8	0	1010	
1010	0	16	31	1010	0	0	23	17	10	0	0	8	0	1010	
1015	0	16	31	1015	0	0	23	17	10	0	0	8	0	1015	
1015	0	16	31	1015	0	0	23	17	10	0	0	8	0	1015	
1015	0	16	31	1015	0	0	23	17	10	0	0	8	0	1015	
1015	0	16	31	1015	0	0	23	17	10	0	0	8	0	1015	
1015	0	16	31	1015	0	0	23	17	10	0	0	8	0	1015	
1020	0	16	31	1020	0	0	23	17	10	0	0	8	0	1020	
1022	0	16	31	1022	0	0	23	17	10	0	0	8	0	1022	
1026	0	16	31	1026	0	0	23	17	10	0	0	8	0	1026	
1026	0	16	31	1026	0	0	23	17	10	0	0	8	0	1026	
1028	0	16	31	1028	0	0	23	17	10	0	0	8	0	1028	
1031	0	16	31	1031	0	0	23	17	10	0	0	8	0	1031	
1031	0	16	31	1031	0	0	23	17	10	0	0	8	0	1031	
1032	0	16	31	1032	0	0	23	17	10	0	0	8	0	1032	
1032	0	16	31	1032	0	0	23	17	10	0	0	8	0	1032	
1032	0	16	31	1032	0	0	23	17	10	0	0	8	0	1032	
1032	0	16	31	1032	0	0	23	17	10	0	0	8	0	1032	
1032	0	16	31	1032	0	0	23	17	10	0	0	8	0	1032	
1032	0	16	31	1032	0	0	23	17	10	0	0	8	0	1032	
1032	0	16	31	1032	0	0	23	17	10	0	0	8	0	1032	
1032	0	16	31	1032	0	0	23	17	10	0	0	8	0	1032	
1032	0	16	31	1032	0	0	23	17	10	0	0	8	0	1032	
1042	0	16	31	1042	0	0	23	17	10	0	0	8	0	1042	
1042	0	16	31	1042	0	0	23	17	10	0	0	8	0	1042	
1042	0	16	31	1042	0	0	23	17	10	0	0	8	0	1042	
1044	0	16	31	1044	0	0	23	17	10	0	0	8	0	1044	
1044	0	16	31	1044	0	0	23	17	10	0	0	8	0	1044	
1044	0	16	31	1044	0	0	23	17	10	0	0	8	0	1044	
1044	0	16	31	1044	0	0	23	17	10	0	0	8	0	1044	
1048	0	16	31	1048	0	0	23	17	10	0	0	8	0	1048	
1049	0	16	31	1049	0	0	23	17	10	0	0	8	0	1049	
1050	0	16	31	1050	0	0	23	17	10	0	0	8	0	1050	
1050	0	16	31	1050	0	0	23	17	10	0	0	8	0	1050	
1050	0	16	31	1050	0	0	23	17	10	0	0	8	0	1050	
1050	0	16	31	1050	0	0	23	17	10	0	0	8	0	1050	
1050	0	16	31	1050	0	0	23	17	10	0	0	8	0	1050	
1050	0	16	31	1050	0	0	23	17	10	0	0	8	0	1050	
1050	0	16	31	1050	0	0	23	17	10	0	0	8	0	1050	
1050	0	16	31	1050	0	0	23	17	10	0	0	8	0	1050	
1050	0	16	31	1050	0	0	23	17	10	0	0	8	0	1050	
1050	0	16	31	1050	0	0	23	17	10	0	0	8	0	1050	
1050	0	16	31	1050	0	0	23	17	10	0	0	8	0	1050	
1056	0	16	31	1056	0	0	23	17	10	0	0	8	0	1056	
1059	0	16	31	1059	0	0	23	17	10	0	0	8	0	1059	
1059	0	16	31	1059	0	0	23	17	10	0	0	8	0	1059	
1064	0	16	31	1064	0	0	23	17	10	0	0	8	0	1064	
1064	0	16	31	1064	0	0	23	17	10	0	0	8	0	1064	
1064	0	16	31	1064	0	0	23	17	10	0	0	8	0	1064	
1064	0	16	31	1064	0	0	23	17	10	0	0	8	0	1064	
1064	0	16	31	1064	0	0	23	17	10	0	0	8	0	1064	
1067	0	16	31	1067	0	0	23	17	10	0	0	8	0	1067	
1067	0	16	31	1067	0	0	23	17	10	0	0	8	0	1067	
1067	0	16	31	1067	0	0	23	17	10	0	0	8	0	1067	
1067	0	16	31	1067	0	0	23	17	10	0	0	8	0	1067	
1067	0	16	31	1067	0	0	23	17	10	0	0	8	0	1067	
1067	0	16	31	1067	0	0	23	17	10	0	0	8	0	1067	
1080	0	16	31	1080	0	0	23	17	10	0	0	8	0	1080	
1081	0	16	31	1081	0	0	23	17	10	0	0	8	0	1081	
1081	0	16	31	1081	0	0	23	17	10	0	0	8	0	1081	
1086	0	16	31	1086	0	0	23	17	10	0	0	8	0	1086	
1088	0	16	31	1088	0	0	23	17	10	0	0	8	0	1088	
1089	0	16	31	1089	0	0	23	17	10	0	0	8	0	1089	
1089	0	16	31	1089	0	0	23	17	10	0	0	8	0	1089	
1092	0	16	31	1092	0	0	23	17	10	0	0	8	0	1092	
1092	0	16	31	1092	0	0	23	17	10	0	0	8	0	1092	
1092	0	16	31	1092	0	0	23	17	10	0	0	8	0	1092	
1097	0	16	31	1097	0	0	23	17	10	0	0	8	0	1097	
1097	0	16	31	1097	0	0	23	17	10	0	0	8	0	1097	
1097	0	16	31	1097	0	0	23	17	10	0	0	8	0	1097	
1097	0	16	31	1097	0	0	23	17	10	0	0	8	0	1097	
1097	0	16	31	1097	0	0	23	17	10	0	0	8	0	1097	
1097	0	16	31	1097	0	0	23	17	10	0	0	8	0	1097	
1103	0	16	31	1103	0	0	23	17	10	0	0	8	0	1103	
1103	0	16	31	1103	0	0	23	17	10	0	0	8	0	1103	
1106	0	16	31	1106	0	0	23	17	10	0	0	8	0	1106	
1106	0	16	31	1106	0	0	23	17	10	0	0	8	0	1106	
1106	0	16	31	1106	0	0	23	17	10	0	0	8	0	1106	
1106	0	16	31	1106	0	0	23	17	10	0	0	8	0	1106	
1106	0	16	31	1106	0	0	23	17	10	0	0	8	0	1106	
1109	0	16	31	1109	0	0	23	17	10	0	0	8	0	1109	
1109	0	16	31	1109	0	0	23	17	10	0	0	8	0	1109	
1109	0	16	31	1109	0	0	23	17	10	0	0	8	0	1109	
1109	0	16	31	1109	0	0	23	17	10	0	0	8	0	1109	
1109	0	16	31	1109	0	0	23	17	10	0	0	8	0	1109	
1109	0	16	31	1109	0	0	23	17	10	0	0	8	0	1109	
1115	0	16	31	1115	0	0	23	17	10	0	0	8	0	1115	
1115	0	16	31	1115	0	0	23	17	10	0	0	8	0	1115	
1115	0	16	31	1115	0	0	23	17	10	0	0	8	0	1115	
1115	0	16	31	1115	0	0	23	17	10	0	0	8	0	1115	
1118	0	16	31	1118	0	0	23	17	10	0	0	8	0	1118	
1118	0	16	31	1118	0	0	23	17	10	0	0	8	0	1118	
1118	0	16	31	1118	0	0	23	17	10	0	0	8	0	1118	
1121	0	16	31	1121	0	0	23	17	10	0	0	8	0	1121	
1122	0	16	31	1122	0	0	23	17	10	0	0	8	0	1122	
1122	0	16	31	1122	0	0	23	17	10	0	0	8	0	1122	
1122	0	16	31	1122	0	0	23	17	10	0	0	8	0	1122	
1122	0	16	31	1122	0	0	23	17	10	0	0	8	0	1122	
1124	0	16	31	1124	0	0	23	17	10	0	0	8	0	1124	
1124	0	16	31	1124	0	0	23	17	10	0	0	8	0	1124	
1124	0	16	31	1124	0	0	23	17	10	0	0	8	0	1124	
1124	0	16	31	1124	0	0	23	17	10	0	0	8	0	1124	
1124	0	16	31	1124	0	0	23	17	10	0	0	8	0	1124	
1124	0	16	31	1124	0	0	23	17	10	0	0	8	0	1124	
1128	0	16	31	1128	0	0	23	17	10	0	0	8	0	1128	
1128	0	16	31	1128	0	0	23	17	10	0	0	8	0	1128	
1130	0	16	31	1130	0	0	23	17	10	0	0	8	0	1130	
1131	0	16	31	1131	0	0	23	17	10	0	0	8	0	1131	
1131	0	16	31	1131	0	0	23	17	10	0	0	8	0	1131	
1131	0	16	31	1131	0	0	23	17	10	0	0	8	0	1131	
1131	0	16	31	1131	0	0	23	17	10	0	0	8	0	1131	
1131	0	16	31	1131	0	0	23	17	10	0	0	8	0	1131	
1138	0	16	31	1138	0	0	23	17	10	0	0	8	0	1138	
1138	0	16	31	1138	0	0	23	17	10	0	0	8	0	1138	
1138	0	16	31	1138	0	0	23	17	10	0	0	8	0	1138	
1138	0	16	31	1138	0	0	23	17	10	0	0	8	0	1138	
1142	0	16	31	1142	0	0	23	17	10	0	0	8	0	1142	
1142	0	16	31	1142	0	0	23	17	10	0	0	8	0	1142	
1142	0	16	31	1142	0	0	23	17	10	0	0	8	0	1142	
1142	0	16	31	1142	0	0	23	17	10	0	0	8	0	1142	
1144	0	16	31	1144	0	0	23	17	10	0	0	8	0	1144	
1144	0	16	31	1144	0	0	23	17	10	0	0	8	0	1144	
1144	0	16	31	1144	0	0	23	17	10	0	0	8	0	1144	
1144	0	16	31	1144	0	0	23	17	10	0	0	8	0	1144	
1144	0	16	31	1144	0	0	23	17	10	0	0	8	0	1144	
1144	0	16	31	1144	0	0	23	17	10	0	0	8	0	1144	
1152	0	16	31	1152	0	0	23	17	10	0	0	8	0	1152	
1152	0	16	31	1152	0	0	23	17	10	0	0	8	0	1152	
1152	0	16	31	1152	0	0	23	17	10	0	0	8	0	1152	
1155	0	16	31	1155	0	0	23	17	10	0	0	8	0	1155	
1155	0	16	31	1155	0	0	23	17	10	0	0	8	0	1155	
1155	0	16	31	1155	0	0	23	17	10	0	0	8	0	1155	
1155	0	16	31	1155	0	0	23	17	10	0	0	8	0	1155	
1155	0	16	31	1155	0	0	23	17	10	0	0	8	0	1155	
1158	0	16	31	1158	0	0	23	17	10	0	0	8	0	1158	
1158	0	16	31	1158	0	0	23	17	10	0	0	8	0	1158	
1158	0	16	31	1158	0	0	23	17	10	0	0	8	0	1158	
1161	0	16	31	1161	0	0	23	17	10	0	0	8	0	1161	
1162	0	16	31	1162	0	0	23	17	10	0	0	8	0	1162	
1162	0	16	31	1162	0	0	23	17	10	0	0	8	0	1162	
1163	0	16	31	1163	0	0	23	17	10	0	0	8	0	1163	
1163	0	16	31	1163	0	0	23	17	10	0	0	8	0	1163	
1163	0	16	31	1163	0	0	23	17	10	0	0	8	0	1163	
1163	0	16	31	1163	0	0	23	17	10	0	0	8	0	1163	
1163	0	16	31	1163	0	0	23	17	10	0	0	8	0	1163	
1163	0	16	31	1163	0	0	23	17	10	0	0	8	0	1163	
1163	0	16	31	1163	0	0	23	17	10	0	0	8	0	1163	
1163	0	16	31	1163	0	0	23	17	10	0	0	8	0	1163	
1163	0	16	31	1163	0	0	23	17	10	0	0	8	0	1163	
1163	0	16	31	1163	0	0	23	17	10	0	0	8	0	1163	
1163	0	16	31	1163	0	0	23	17	10	0	0	8	0	1163	
1163	0	16	31	1163	0	0	23	17	10	0	0	8	0	1163	
1173	0	16	31	1173	0	0	23	17	10	0	0	8	0	1173	
1178	0	16	31	1178	0	0	23	17	10	0	0	8	0	1178	
1180	0	16	31	1180	0	0	23	17	10	0	0	8	0	1180	
1180	0	16	31	1180	0	0	23	17	10	0	0	8	0	1180	
1183	0	16	31	1183	0	0	23	17	10	0	0	8	0	1183	
1183	0	16	31	1183	0	0	23	17	10	0	0	8	0	1183	
1183	0	16	31	1183	0	0	23	17	10	0	0	8	0	1183	
1183	0	16	31	1183	0	0	23	17	10	0	0	8	0	1183	
1183	0	16	31	1183	0	0	23	17	10	0	0	8	0	1183	
1183	0	16	31	1183	0	0	23	17	10	0	0	8	0	1183	
1183	0	16	31	1183	0	0	23	17	10	0	0	8	0	1183	
1190	0	16	31	1190	0	0	23	17	10	0	0	8	0	1190	
1190	0	16	31	1190	0	0	23	17	10	0	0	8	0	1190	
1191	0	16	31	1191	0	0	23	17	10	0	0	8	0	1191	
1191	0	16	31	1191	0	0	23	17	10	0	0	8	0	1191	
1191	0	16	31	1191	0	0	23	17	10	0	0	8	0	1191	
1191	0	16	31	1191	0	0	23	17	10	0	0	8	0	1191	
1198	0	16	31	1198	0	0	23	17	10	0	0	8	0	1198	
1198	0	16	31	1198	0	0	23	17	10	0	0	8	0	1198	
1198	0	16	31	1198	0	0	23	17	10	0	0	8	0	1198	
1198	0	16	31	1198	0	0	23	17	10	0	0	8	0	1198	
1198	0	16	31	1198	0	0	23	17	10	0	0	8	0	1198	
1198	0	16	31	1198	0	0	23	17	10	0	0	8	0	1198	
1198	0	16	31	1198	0	0	23	17	10	0	0	8	0	1198	
1198	0	16	31	1198	0	0	23	17	10	0	0	8	0	1198	
1202	0	16	31	1202	0	0	23	17	10	0	0	8	0	1202	
1204	0	16	31	1204	0	0	23	17	10	0	0	8	0	1204	
1204	0	16	31	1204	0	0	23	17	10	0	0	8	0	1204	
1204	0	16	31	1204	0	0	23	17	10	0	0	8	0	1204	
1204	0	16	31	1204	0	0	23	17	10	0	0	8	0	1204	
1204	0	16	31	1204	0	0	23	17	10	0	0	8	0	1204	
1204	0	16	31	1204	0	0	23	17	10	0	0	8	0	1204	
1204	0	16	31	1204	0	0	23	17	10	0	0	8	0	1204	
1210	0	16	31	1210	0	0	23	17	10	0	0	8	0	1210	
1210	0	16	31	1210	0	0	23	17	10	0	0	8	0	1210	
1210	0	16	31	1210	0	0	23	17	10	0	0	8	0	1210	
1210	0	16	31	1210	0	0	23	17	10	0	0	8	0	1210	
1213	0	16	31	1213	0	0	23	17	10	0	0	8	0	1213	
1215	0	16	31	1215	0	0	23	17	10	0	0	8	0	1215	
1216	0	16	31	1216	0	0	23	17	10	0	0	8	0	1216	
1216	0	16	31	1216	0	0	23	17	10	0	0	8	0	1216	
1219	0	16	31	1219	0	0	23	17	10	0	0	8	0	1219	
1219	0	16	31	1219	0	0	23	17	10	0	0	8	0	1219	
1219	0	16	31	1219	0	0	23	17	10	0	0	8	0	1219	
1222	0	16	31	1222	0	0	23	17	10	0	0	8	0	1222	
1222	0	16	31	1222	0	0	23	17	10	0	0	8	0	1222	
1222	0	16	31	1222	0	0	23	17	10	0	0	8	0	1222	
1227	0	16	31	1227	0	0	23	17	10	0	0	8	0	1227	
1227	0	16	31	1227	0	0	23	17	10	0	0	8	0	1227	
1227	0	16	31	1227	0	0	23	17	10	0	0	8	0	1227	
1227	0	16	31	1227	0	0	23	17	10	0	0	8	0	1227	
1227	0	16	31	1227	0	0	23	17	10	0	0	8	0	1227	
1227	0	16	31	1227	0	0	23	17	10	0	0	8	0	1227	
1233	0	16	31	1233	0	0	23	17	10	0	0	8	0	1233	
1233	0	16	31	1233	0	0	23	17	10	0	0	8	0	1233	
1234	0	16	31	1234	0	0	23	17	10	0	0	8	0	1234	
1234	0	16	31	1234	0	0	23	17	10	0	0	8	0	1234	
1234	0	16	31	1234	0	0	23	17	10	0	0	8	0	1234	
1234	0	16	31	1234	0	0	23	17	10	0	0	8	0	1234	
1234	0	16	31	1234	0	0	23	17	10	0	0	8	0	1234	
1234	0	16	31	1234	0	0	23	17	10	0	0	8	0	1234	
1234	0	16	31	1234	0	0	23	17	10	0	0	8	0	1234	
1234	0	16	31	1234	0	0	23	17	10	0	0	8	0	1234	
1234	0	16	31	1234	0	0	23	17	10	0	0	8	0	1234	
1234	0	16	31	1234	0	0	23	17	10	0	0	8	0	1234	
1234	0	16	31	1234	0	0	23	17	10	0	0	8	0	1234	
1240	0	16	31	1240	0	0	23	17	10	0	0	8	0	1240	
1240	0	16	31	1240	0	0	23	17	10	0	0	8	0	1240	
1240	0	16	31	1240	0	0	23	17	10	0	0	8	0	1240	
1242	0	16	31	1242	0	0	23	17	10	0	0	8	0	1242	
1242	0	16	31	1242	0	0	23	17	10	0	0	8	0	1242	
1245	0	16	31	1245	0	0	23	17	10	0	0	8	0	1245	
1246	0	16	31	1246	0	0	23	17	10	0	0	8	0	1246	
1246	0	16	31	1246	0	0	23	17	10	0	0	8	0	1246	
1246	0	16	31	1246	0	0	23	17	10	0	0	8	0	1246	
1246	0	16	31	1246	0	0	23	17	10	0	0	8	0	1246	
1246	0	16	31	1246	0	0	23	17	10	0	0	8	0	1246	
1246	0	16	31	1246	0	0	23	17	10	0	0	8	0	1246	
1246	0	16	31	1246	0	0	23	17	10	0	0	8	0	1246	
1250	0	16	31	1250	0	0	23	17	10	0	0	8	0	1250	
1250	0	16	31	1250	0	0	23	17	10	0	0	8	0	1250	
1250	0	16	31	1250	0	0	23	17	10	0	0	8	0	1250	
1250	0	16	31	1250	0	0	23	17	10	0	0	8	0	1250	
1250	0	16	31	1250	0	0	23	17	10	0	0	8	0	1250	
1250	0	16	31	1250	0	0	23	17	10	0	0	8	0	1250	
1250	0	16	31	1250	0	0	23	17	10	0	0	8	0	1250	
1255	0	16	31	1255	0	0	23	17	10	0	0	8	0	1255	
1255	0	16	31	1255	0	0	23	17	10	0	0	8	0	1255	
1255	0	16	31	1255	0	0	23	17	10	0	0	8	0	1255	
1255	0	16	31	1255	0	0	23	17	10	0	0	8	0	1255	
1258	0	16	31	1258	0	0	23	17	10	0	0	8	0	1258	
1260	0	16	31	1260	0	0	23	17	10	0	0	8	0	1260	
1260	0	16	31	1260	0	0	23	17	10	0	0	8	0	1260	
1260	0	16	31	1260	0	0	23	17	10	0	0	8	0	1260	
1260	0	16	31	1260	0	0	23	17	10	0	0	8	0	1260	
1263	0	16	31	1263	0	0	23	17	10	0	0	8	0	1263	
1263	0	16	31	1263	0	0	23	17	10	0	0	8	0	1263	
1263	0	16	31	1263	0	0	23	17	10	0	0	8	0	1263	
1263	0	16	31	1263	0	0	23	17	10	0	0	8	0	1263	
1263	0	16	31	1263	0	0	23	17	10	0	0	8	0	1263	
1268	0	16	31	1268	0	0	23	17	10	0	0	8	0	1268	
1268	0	16	31	1268	0	0	23	17	10	0	0	8	0	1268	
1268	0	16	31	1268	0	0	23	17	10	0	0	8	0	1268	
1270	0	16	31	1270	0	0	23	17	10	0	0	8	0	1270	
1270	0	16	31	1270	0	0	23	17	10	0	0	8	0	1270	
1270	0	16	31	1270	0	0	23	17	10	0	0	8	0	1270	
1270	0	16	31	1270	0	0	23	17	10	0	0	8	0	1270	
1270	0	16	31	1270	0	0	23	17	10	0	0	8	0	1270	
1270	0	16	31	1270	0	0	23	17	10	0	0	8	0	1270	
1270	0	16	31	1270	0	0	23	17	10	0	0	8	0	1270	
1270	0	16	31	1270	0	0	23	17	10	0	0	8	0	1270	
1270	0	16	31	1270	0	0	23	17	10	0	0	8	0	1270	
1270	0	16	31	1270	0	0	23	17	10	0	0	8	0	1270	
1270	0	16	31	1270	0	0	23	17	10	0	0	8	0	1270	
1274	0	16	31	1274	0	0	23	17	10	0	0	8	0	1274	
1275	0	16	31	1275	0	0	23	17	10	0	0	8	0	1275	
1275	0	16	31	1275	0	0	23	17	10	0	0	8	0	1275	
1275	0	16	31	1275	0	0	23	17	10	0	0	8	0	1275	
1275	0	16	31	1275	0	0	23	17	10	0	0	8	0	1275	
1275	0	16	31	1275	0	0	23	17	10	0	0	8	0	1275	
1275	0	16	31	1275	0	0	23	17	10	0	0	8	0	1275	
1275	0	16	31	1275	0	0	23	17	10	0	0	8	0	1275	
1282	0	16	31	1282	0	0	23	17	10	0	0	8	0	1282	
1282	0	16	31	1282	0	0	23	17	10	0	0	8	0	1282	
1282	0	16	31	1282	0	0	23	17	10	0	0	8	0	1282	
1282	0	16	31	1282	0	0	23	17	10	0	0	8	0	1282	
1285	0	16	31	1285	0	0	23	17	10	0	0	8	0	1285	
1285	0	16	31	1285	0	0	23	17	10	0	0	8	0	1285	
1285	0	16	31	1285	0	0	23	17	10	0	0	8	0	1285	
1285	0	16	31	1285	0	0	23	17	10	0	0	8	0	1285	
1290	0	16	31	1290	0	0	23	17	10	0	0	8	0	1290	
1290	0	16	31	1290	0	0	23	17	10	0	0	8	0	1290	
1291	0	16	31	1291	0	0	23	17	10	0	0	8	0	1291	
1291	0	16	31	1291	0	0	23	17	10	0	0	8	0	1291	
1291	0	16	31	1291	0	0	23	17	10	0	0	8	0	1291	
1291	0	16	31	1291	0	0	23	17	10	0	0	8	0	1291	
1295	0	16	31	1295	0	0	23	17	10	0	0	8	0	1295	
1295	0	16	31	1295	0	0	23	17	10	0	0	8	0	1295	
1295	0	16	31	1295	0	0	23	17	10	0	0	8	0	1295	
1295	0	16	31	1295	0	0	23	17	10	0	0	8	0	1295	
1295	0	16	31	1295	0	0	23	17	10	0	0	8	0	1295	
1297	0	16	31	1297	0	0	23	17	10	0	0	8	0	1297	
1299	0	16	31	1299	0	0	23	17	10	0	0	8	0	1299	
1299	0	16	31	1299	0	0	23	17	10	0	0	8	0	1299	
1299	0	16	31	1299	0	0	23	17	10	0	0	8	0	1299	
1299	0	16	31	1299	0	0	23	17	10	0	0	8	0	1299	
1299	0	16	31	1299	0	0	23	17	10	0	0	8	0	1299	
1299	0	16	31	1299	0	0	23	17	10	0	0	8	0	1299	
1299	0	16	31	1299	0	0	23	17	10	0	0	8	0	1299	
1299	0	16	31	1299	0	0	23	17	10	0	0	8	0	1299	
1304	0	16	31	1304	0	0	23	17	10	0	0	8	0	1304	
1305	0	16	31	1305	0	0	23	17	10	0	0	8	0	1305	
1305	0	16	31	1305	0	0	23	17	10	0	0	8	0	1305	
1307	0	16	31	1307	0	0	23	17	10	0	0	8	0	1307	
1310	0	16	31	1310	0	0	23	17	10	0	0	8	0	1310	
1310	0	16	31	1310	0	0	23	17	10	0	0	8	0	1310	
1310	0	16	31	1310	0	0	23	17	10	0	0	8	0	1310	
1310	0	16	31	1310	0	0	23	17	10	0	0	8	0	1310	
1310	0	16	31	1310	0	0	23	17	10	0	0	8	0	1310	
1313	0	16	31	1313	0	0	23	17	10	0	0	8	0	1313	
1313	0	16	31	1313	0	0	23	17	10	0	0	8	0	1313	
1313	0	16	31	1313	0	0	23	17	10	0	0	8	0	1313	
1313	0	16	31	1313	0	0	23	17	10	0	0	8	0	1313	
1313	0	16	31	1313	0	0	23	17	10	0	0	8	0	1313	
1313	0	16	31	1313	0	0	23	17	10	0	0	8	0	1313	
1322	0	16	31	1322	0	0	23	17	10	0	0	8	0	1322	
1322	0	16	31	1322	0	0	23	17	10	0	0	8	0	1322	
1322	0	16	31	1322	0	0	23	17	10	0	0	8	0	1322	
1322	0	16	31	1322	0	0	23	17	10	0	0	8	0	1322	
1322	0	16	31	1322	0	0	23	17	10	0	0	8	0	1322	
1322	0	16	31	1322	0	0	23	17	10	0	0	8	0	1322	
1322	0	16	31	1322	0	0	23	17	10	0	0	8	0	1322	
1322	0	16	31	1322	0	0	23	17	10	0	0	8	0	1322	
1322	0	16	31	1322	0	0	23	17	10	0	0	8	0	1322	
1322	0	16	31	1322	0	0	23	17	10	0	0	8	0	1322	
1328	0	16	31	1328	0	0	23	17	10	0	0	8	0	1328	
1328	0	16	31	1328	0	0	23	17	10	0	0	8	0	1328	
1328	0	16	31	1328	0	0	23	17	10	0	0	8	0	1328	
1328	0	16	31	1328	0	0	23	17	10	0	0	8	0	1328	
1328	0	16	31	1328	0	0	23	17	10	0	0	8	0	1328	
1328	0	16	31	1328	0	0	23	17	10	0	0	8	0	1328	
1330	0	16	31	1330	0	0	23	17	10	0	0	8	0	1330	
1330	0	16	31	1330	0	0	23	17	10	0	0	8	0	1330	
1330	0	16	31	1330	0	0	23	17	10	0	0	8	0	1330	
1330	0	16	31	1330	0	0	23	17	10	0	0	8	0	1330	
1333	0	16	31	1333	0	0	23	17	10	0	0	8	0	1333	
1333	0	16	31	1333	0	0	23	17	10	0	0	8	0	1333	
1333	0	16	31	1333	0	0	23	17	10	0	0	8	0	1333	
1336	0	16	31	1336	0	0	23	17	10	0	0	8	0	1336	
1337	0	16	31	1337	0	0	23	17	10	0	0	8	0	1337	
1337	0	16	31	1337	0	0	23	17	10	0	0	8	0	1337	
1337	0	16	31	1337	0	0	23	17	10	0	0	8	0	1337	
1337	0	16	31	1337	0	0	23	17	10	0	0	8	0	1337	
1337	0	16	31	1337	0	0	23	17	10	0	0	8	0	1337	
1337	0	16	31	1337	0	0	23	17	10	0	0	8	0	1337	
1337	0	16	31	1337	0	0	23	17	10	0	0	8	0	1337	
1343	0	16	31	1343	0	0	23	17	10	0	0	8	0	1343	
1343	0	16	31	1343	0	0	23	17	10	0	0	8	0	1343	
1343	0	16	31	1343	0	0	23	17	10	0	0	8	0	1343	
1343	0	16	31	1343	0	0	23	17	10	0	0	8	0	1343	
1345	0	16	31	1345	0	0	23	17	10	0	0	8	0	1345	
1345	0	16	31	1345	0	0	23	17	10	0	0	8	0	1345	
1346	0	16	31	1346	0	0	23	17	10	0	0	8	0	1346	
1346	0	16	31	1346	0	0	23	17	10	0	0	8	0	1346	
1348	0	16	31	1348	0	0	23	17	10	0	0	8	0	1348	
1349	0	16	31	1349	0	0	23	17	10	0	0	8	0	1349	
1353	0	16	31	1353	0	0	23	17	10	0	0	8	0	1353	
1354	0	16	31	1354	0	0	23	17	10	0	0	8	0	1354	
1355	0	16	31	1355	0	0	23	17	10	0	0	8	0	1355	
1355	0	16	31	1355	0	0	23	17	10	0	0	8	0	1355	
1357	0	16	31	1357	0	0	23	17	10	0	0	8	0	1357	
1357	0	16	31	1357	0	0	23	17	10	0	0	8	0	1357	
1357	0	16	31	1357	0	0	23	17	10	0	0	8	0	1357	
1357	0	16	31	1357	0	0	23	17	10	0	0	8	0	1357	
1360	0	16	31	1360	0	0	23	17	10	0	0	8	0	1360	
1360	0	16	31	1360	0	0	23	17	10	0	0	8	0	1360	
1363	0	16	31	1363	0	0	23	17	10	0	0	8	0	1363	
1363	0	16	31	1363	0	0	23	17	10	0	0	8	0	1363	
1366	0	16	31	1366	0	0	23	17	10	0	0	8	0	1366	
1367	0	16	31	1367	0	0	23	17	10	0	0	8	0	1367	
1367	0	16	31	1367	0	0	23	17	10	0	0	8	0	1367	
1367	0	16	31	1367	0	0	23	17	10	0	0	8	0	1367	
1367	0	16	31	1367	0	0	23	17	10	0	0	8	0	1367	
1367	0	16	31	1367	0	0	23	17	10	0	0	8	0	1367	
1367	0	16	31	1367	0	0	23	17	10	0	0	8	0	1367	
1373	0	16	31	1373	0	0	23	17	10	0	0	8	0	1373	
1373	0	16	31	1373	0	0	23	17	10	0	0	8	0	1373	
1373	0	16	31	1373	0	0	23	17	10	0	0	8	0	1373	
1375	0	16	31	1375	0	0	23	17	10	0	0	8	0	1375	
1375	0	16	31	1375	0	0	23	17	10	0	0	8	0	1375	
1377	0	16	31	1377	0	0	23	17	10	0	0	8	0	1377	
1377	0	16	31	1377	0	0	23	17	10	0	0	8	0	1377	
1377	0	16	31	1377	0	0	23	17	10	0	0	8	0	1377	
1377	0	16	31	1377	0	0	23	17	10	0	0	8	0	1377	
1377	0	16	31	1377	0	0	23	17	10	0	0	8	0	1377	
1377	0	16	31	1377	0	0	23	17	10	0	0	8	0	1377	
1377	0	16	31	1377	0	0	23	17	10	0	0	8	0	1377	
1377	0	16	31	1377	0	0	23	17	10	0	0	8	0	1377	
1377	0	16	31	1377	0	0	23	17	10	0	0	8	0	1377	
1377	0	16	31	1377	0	0	23	17	10	0	0	8	0	1377	
1381	0	16	31	1381	0	0	23	17	10	0	0	8	0	1381	
1381	0	16	31	1381	0	0	23	17	10	0	0	8	0	1381	
1381	0	16	31	1381	0	0	23	17	10	0	0	8	0	1381	
1383	0	16	31	1383	0	0	23	17	10	0	0	8	0	1383	
1383	0	16	31	1383	0	0	23	17	10	0	0	8	0	1383	
1383	0	16	31	1383	0	0	23	17	10	0	0	8	0	1383	
1385	0	16	31	1385	0	0	23	17	10	0	0	8	0	1385	
1386	0	16	31	1386	0	0	23	17	10	0	0	8	0	1386	
1386	0	16	31	1386	0	0	23	17	10	0	0	8	0	1386	
1386	0	16	31	1386	0	0	23	17	10	0	0	8	0	1386	
1386	0	16	31	1386	0	0	23	17	10	0	0	8	0	1386	
1386	0	16	31	1386	0	0	23	17	10	0	0	8	0	1386	
1386	0	16	31	1386	0	0	23	17	10	0	0	8	0	1386	
1386	0	16	31	1386	0	0	23	17	10	0	0	8	0	1386	
1386	0	16	31	1386	0	0	23	17	10	0	0	8	0	1386	
1392	0	16	31	1392	0	0	23	17	10	0	0	8	0	1392	
1392	0	16	31	1392	0	0	23	17	10	0	0	8	0	1392	
1394	0	16	31	1394	0	0	23	17	10	0	0	8	0	1394	
1394	0	16	31	1394	0	0	23	17	10	0	0	8	0	1394	
1394	0	16	31	1394	0	0	23	17	10	0	0	8	0	1394	
1394	0	16	31	1394	0	0	23	17	10	0	0	8	0	1394	
1394	0	16	31	1394	0	0	23	17	10	0	0	8	0	1394	
1394	0	16	31	1394	0	0	23	17	10	0	0	8	0	1394	
1394	0	16	31	1394	0	0	23	17	10	0	0	8	0	1394	
1399	0	16	31	1399	0	0	23	17	10	0	0	8	0	1399	
1399	0	16	31	1399	0	0	23	17	10	0	0	8	0	1399	
1399	0	16	31	1399	0	0	23	17	10	0	0	8	0	1399	
1399	0	16	31	1399	0	0	23	17	10	0	0	8	0	1399	
1399	0	16	31	1399	0	0	23	17	10	0	0	8	0	1399	
1399	0	16	31	1399	0	0	23	17	10	0	0	8	0	1399	
1399	0	16	31	1399	0	0	23	17	10	0	0	8	0	1399	
1399	0	16	31	1399	0	0	23	17	10	0	0	8	0	1399	
1399	0	16	31	1399	0	0	23	17	10	0	0	8	0	1399	
1399	0	16	31	1399	0	0	23	17	10	0	0	8	0	1399	
1399	0	16	31	1399	0	0	23	17	10	0	0	8	0	1399	
1399	0	16	31	1399	0	0	23	17	10	0	0	8	0	1399	
1399	0	16	31	1399	0	0	23	17	10	0	0	8	0	1399	
1412	0	16	31	1412	0	0	23	17	10	0	0	8	0	1412	
1412	0	16	31	1412	0	0	23	17	10	0	0	8	0	1412	
1415	0	16	31	1415	0	0	23	17	10	0	0	8	0	1415	
1415	0	16	31	1415	0	0	23	17	10	0	0	8	0	1415	
1416	0	16	31	1416	0	0	23	17	10	0	0	8	0	1416	
1416	0	16	31	1416	0	0	23	17	10	0	0	8	0	1416	
1416	0	16	31	1416	0	0	23	17	10	0	0	8	0	1416	
1416	0	16	31	1416	0	0	23	17	10	0	0	8	0	1416	
1416	0	16	31	1416	0	0	23	17	10	0	0	8	0	1416	
1416	0	16	31	1416	0	0	23	17	10	0	0	8	0	1416	
1416	0	16	31	1416	0	0	23	17	10	0	0	8	0	1416	
1416	0	16	31	1416	0	0	23	17	10	0	0	8	0	1416	
1416	0	16	31	1416	0	0	23	17	10	0	0	8	0	1416	
1424	0	16	31	1424	0	0	23	17	10	0	0	8	0	1424	
1424	0	16	31	1424	0	0	23	17	10	0	0	8	0	1424	
1424	0	16	31	1424	0	0	23	17	10	0	0	8	0	1424	
1429	0	16	31	1429	0	0	23	17	10	0	0	8	0	1429	
1429	0	16	31	1429	0	0	23	17	10	0	0	8	0	1429	
1429	0	16	31	1429	0	0	23	17	10	0	0	8	0	1429	
1433	0	16	31	1433	0	0	23	17	10	0	0	8	0	1433	
1433	0	16	31	1433	0	0	23	17	10	0	0	8	0	1433	
1436	0	16	31	1436	0	0	23	17	10	0	0	8	0	1436	
1436	0	16	31	1436	0	0	23	17	10	0	0	8	0	1436	
1436	0	16	31	1436	0	0	23	17	10	0	0	8	0	1436	
1438	0	16	31	1438	0	0	23	17	10	0	0	8	0	1438	
1438	0	16	31	1438	0	0	23	17	10	0	0	8	0	1438	
1440	0	16	31	1440	0	0	23	17	10	0	0	8	0	1440	
1440	0	16	31	1440	0	0	23	17	10	0	0	8	0	1440	
1442	0	16	31	1442	0	0	23	17	10	0	0	8	0	1442	
1442	0	16	31	1442	0	0	23	17	10	0	0	8	0	1442	
1442	0	16	31	1442	0	0	23	17	10	0	0	8	0	1442	
1444	0	16	31	1444	0	0	23	17	10	0	0	8	0	1444	
1444	0	16	31	1444	0	0	23	17	10	0	0	8	0	1444	
1448	0	16	31	1448	0	0	23	17	10	0	0	8	0	1448	
1448	0	16	31	1448	0	0	23	17	10	0	0	8	0	1448	
1448	0	16	31	1448	0	0	23	17	10	0	0	8	0	1448	
1448	0	16	31	1448	0	0	23	17	10	0	0	8	0	1448	
1452	0	16	31	1452	0	0	23	17	10	0	0	8	0	1452	
1457	0	16	31	1457	0	0	23	17	10	0	0	8	0	1457	
1457	0	16	31	1457	0	0	23	17	10	0	0	8	0	1457	
1457	0	16	31	1457	0	0	23	17	10	0	0	8	0	1457	
1457	0	16	31	1457	0	0	23	17	10	0	0	8	0	1457	
1460	0	16	31	1460	0	0	23	17	10	0	0	8	0	1460	
1460	0	16	31	1460	0	0	23	17	10	0	0	8	0	1460	
1460	0	16	31	1460	0	0	23	17	10	0	0	8	0	1460	
1460	0	16	31	1460	0	0	23	17	10	0	0	8	0	1460	
1460	0	16	31	1460	0	0	23	17	10	0	0	8	0	1460	
1460	0	16	31	1460	0	0	23	17	10	0	0	8	0	1460	
1460	0	16	31	1460	0	0	23	17	10	0	0	8	0	1460	
1466	0	16	31	1466	0	0	23	17	10	0	0	8	0	1466	
1466	0	16	31	1466	0	0	23	17	10	0	0	8	0	1466	
1467	0	16	31	1467	0	0	23	17	10	0	0	8	0	1467	
1467	0	16	31	1467	0	0	23	17	10	0	0	8	0	1467	
1467	0	16	31	1467	0	0	23	17	10	0	0	8	0	1467	
1467	0	16	31	1467	0	0	23	17	10	0	0	8	0	1467	
1470	0	16	31	1470	0	0	23	17	10	0	0	8	0	1470	
1471	0	16	31	1471	0	0	23	17	10	0	0	8	0	1471	
1471	0	16	31	1471	0	0	23	17	10	0	0	8	0	1471	
1473	0	16	31	1473	0	0	23	17	10	0	0	8	0	1473	
1473	0	16	31	1473	0	0	23	17	10	0	0	8	0	1473	
1474	0	16	31	1474	0	0	23	17	10	0	0	8	0	1474	
1474	0	16	31	1474	0	0	23	17	10	0	0	8	0	1474	
1474	0	16	31	1474	0	0	23	17	10	0	0	8	0	1474	
1474	0	16	31	1474	0	0	23	17	10	0	0	8	0	1474	
1474	0	16	31	1474	0	0	23	17	10	0	0	8	0	1474	
1477	0	16	31	1477	0	0	23	17	10	0	0	8	0	1477	
1477	0	16	31	1477	0	0	23	17	10	0	0	8	0	1477	
1477	0	16	31	1477	0	0	23	17	10	0	0	8	0	1477	
1477	0	16	31	1477	0	0	23	17	10	0	0	8	0	1477	
1480	0	16	31	1480	0	0	23	17	10	0	0	8	0	1480	
1483	0	16	31	1483	0	0	23	17	10	0	0	8	0	1483	
1483	0	16	31	1483	0	0	23	17	10	0	0	8	0	1483	
1483	0	16	31	1483	0	0	23	17	10	0	0	8	0	1483	
1483	0	16	31	1483	0	0	23	17	10	0	0	8	0	1483	
1483	0	16	31	1483	0	0	23	17	10	0	0	8	0	1483	
1483	0	16	31	1483	0	0	23	17	10	0	0	8	0	1483	
1489	0	16	31	1489	0	0	23	17	10	0	0	8	0	1489	
1491	0	16	31	1491	0	0	23	17	10	0	0	8	0	1491	
1491	0	16	31	1491	0	0	23	17	10	0	0	8	0	1491	
1491	0	16	31	1491	0	0	23	17	10	0	0	8	0	1491	
1491	0	16	31	1491	0	0	23	17	10	0	0	8	0	1491	
1493	0	16	31	1493	0	0	23	17	10	0	0	8	0	1493	
1493	0	16	31	1493	0	0	23	17	10	0	0	8	0	1493	
1493	0	16	31	1493	0	0	23	17	10	0	0	8	0	1493	
1493	0	16	31	1493	0	0	23	17	10	0	0	8	0	1493	
1493	0	16	31	1493	0	0	23	17	10	0	0	8	0	1493	
1493	0	16	31	1493	0	0	23	17	10	0	0	8	0	1493	
1498	0	16	31	1498	0	0	23	17	10	0	0	8	0	1498	
1498	0	16	31	1498	0	0	23	17	10	0	0	8	0	1498	
1498	0	16	31	1498	0	0	23	17	10	0	0	8	0	1498	
1498	0	16	31	1498	0	0	23	17	10	0	0	8	0	1498	
1498	0	16	31	1498	0	0	23	17	10	0	0	8	0	1498	
1498	0	16	31	1498	0	0	23	17	10	0	0	8	0	1498	
1500	0	16	31	1500	0	0	23	17	10	0	0	8	0	1500	
1500	0	16	31	1500	0	0	23	17	10	0	0	8	0	1500	
1500	0	16	31	1500	0	0	23	17	10	0	0	8	0	1500	
1500	0	16	31	1500	0	0	23	17	10	0	0	8	0	1500	
1500	0	16	31	1500	0	0	23	17	10	0	0	8	0	1500	
1504	0	16	31	1504	0	0	23	17	10	0	0	8	0	1504	
1504	0	16	31	1504	0	0	23	17	10	0	0	8	0	1504	
1506	0	16	31	1506	0	0	23	17	10	0	0	8	0	1506	
1506	0	16	31	1506	0	0	23	17	10	0	0	8	0	1506	
1509	0	16	31	1509	0	0	23	17	10	0	0	8	0	1509	
1509	0	16	31	1509	0	0	23	17	10	0	0	8	0	1509	
1511	0	16	31	1511	0	0	23	17	10	0	0	8	0	1511	
1512	0	16	31	1512	0	0	23	17	10	0	0	8	0	1512	
1512	0	16	31	1512	0	0	23	17	10	0	0	8	0	1512	
1512	0	16	31	1512	0	0	23	17	10	0	0	8	0	1512	
1512	0	16	31	1512	0	0	23	17	10	0	0	8	0	1512	
1512	0	16	31	1512	0	0	23	17	10	0	0	8	0	1512	
1512	0	16	31	1512	0	0	23	17	10	0	0	8	0	1512	
1512	0	16	31	1512	0	0	23	17	10	0	0	8	0	1512	
1520	0	16	31	1520	0	0	23	17	10	0	0	8	0	1520	
1520	0	16	31	1520	0	0	23	17	10	0	0	8	0	1520	
1522	0	16	31	1522	0	0	23	17	10	0	0	8	0	1522	
1522	0	16	31	1522	0	0	23	17	10	0	0	8	0	1522	
1522	0	16	31	1522	0	0	23	17	10	0	0	8	0	1522	
1522	0	16	31	1522	0	0	23	17	10	0	0	8	0	1522	
1522	0	16	31	1522	0	0	23	17	10	0	0	8	0	1522	
1522	0	16	31	1522	0	0	23	17	10	0	0	8	0	1522	
1522	0	16	31	1522	0	0	23	17	10	0	0	8	0	1522	
1522	0	16	31	1522	0	0	23	17	10	0	0	8	0	1522	
1527	0	16	31	1527	0	0	23	17	10	0	0	8	0	1527	
1527	0	16	31	1527	0	0	23	17	10	0	0	8	0	1527	
1527	0	16	31	1527	0	0	23	17	10	0	0	8	0	1527	
1527	0	16	31	1527	0	0	23	17	10	0	0	8	0	1527	
1527	0	16	31	1527	0	0	23	17	10	0	0	8	0	1527	
1527	0	16	31	1527	0	0	23	17	10	0	0	8	0	1527	
1527	0	16	31	1527	0	0	23	17	10	0	0	8	0	1527	
1527	0	16	31	1527	0	0	23	17	10	0	0	8	0	1527	
1527	0	16	31	1527	0	0	23	17	10	0	0	8	0	1527	
1527	0	16	31	1527	0	0	23	17	10	0	0	8	0	1527	
1537	0	16	31	1537	0	0	23	17	10	0	0	8	0	1537	
1537	0	16	31	1537	0	0	23	17	10	0	0	8	0	1537	
1537	0	16	31	1537	0	0	23	17	10	0	0	8	0	1537	
1537	0	16	31	1537	0	0	23	17	10	0	0	8	0	1537	
1537	0	16	31	1537	0	0	23	17	10	0	0	8	0	1537	
1537	0	16	31	1537	0	0	23	17	10	0	0	8	0	1537	
1537	0	16	31	1537	0	0	23	17	10	0	0	8	0	1537	
1537	0	16	31	1537	0	0	23	17	10	0	0	8	0	1537	
1542	0	16	31	1542	0	0	23	17	10	0	0	8	0	1542	
1542	0	16	31	1542	0	0	23	17	10	0	0	8	0	1542	
1542	0	16	31	1542	0	0	23	17	10	0	0	8	0	1542	
1542	0	16	31	1542	0	0	23	17	10	0	0	8	0	1542	
1544	0	16	31	1544	0	0	23	17	10	0	0	8	0	1544	
1544	0	16	31	1544	0	0	23	17	10	0	0	8	0	1544	
1544	0	16	31	1544	0	0	23	17	10	0	0	8	0	1544	
1544	0	16	31	1544	0	0	23	17	10	0	0	8	0	1544	
1544	0	16	31	1544	0	0	23	17	10	0	0	8	0	1544	
1544	0	16	31	1544	0	0	23	17	10	0	0	8	0	1544	
1544	0	16	31	1544	0	0	23	17	10	0	0	8	0	1544	
1544	0	16	31	1544	0	0	23	17	10	0	0	8	0	1544	
1544	0	16	31	1544	0	0	23	17	10	0	0	8	0	1544	
1544	0	16	31	1544	0	0	23	17	10	0	0	8	0	1544	
1544	0	16	31	1544	0	0	23	17	10	0	0	8	0	1544	
1544	0	16	31	1544	0	0	23	17	10	0	0	8	0	1544	
1544	0	16	31	1544	0	0	23	17	10	0	0	8	0	1544	
1544	0	16	31	1544	0	0	23	17	10	0	0	8	0	1544	
1544	0	16	31	1544	0	0	23	17	10	0	0	8	0	1544	
1563	0	16	31	1563	0	0	23	17	10	0	0	8	0	1563	
1564	0	16	31	1564	0	0	23	17	10	0	0	8	0	1564	
1564	0	16	31	1564	0	0	23	17	10	0	0	8	0	1564	
1564	0	16	31	1564	0	0	23	17	10	0	0	8	0	1564	
1564	0	16	31	1564	0	0	23	17	10	0	0	8	0	1564	
1564	0	16	31	1564	0	0	23	17	10	0	0	8	0	1564	
1569	0	16	31	1569	0	0	23	17	10	0	0	8	0	1569	
1569	0	16	31	1569	0	0	23	17	10	0	0	8	0	1569	
1570	0	16	31	1570	0	0	23	17	10	0	0	8	0	1570	
1572	0	16	31	1572	0	0	23	17	10	0	0	8	0	1572	
1572	0	16	31	1572	0	0	23	17	10	0	0	8	0	1572	
1572	0	16	31	1572	0	0	23	17	10	0	0	8	0	1572	
1572	0	16	31	1572	0	0	23	17	10	0	0	8	0	1572	
1578	0	16	31	1578	0	0	23	17	10	0	0	8	0	1578	
1578	0	16	31	1578	0	0	23	17	10	0	0	8	0	1578	
1578	0	16	31	1578	0	0	23	17	10	0	0	8	0	1578	
1582	0	16	31	1582	0	0	23	17	10	0	0	8	0	1582	
1582	0	16	31	1582	0	0	23	17	10	0	0	8	0	1582	
1582	0	16	31	1582	0	0	23	17	10	0	0	8	0	1582	
1582	0	16	31	1582	0	0	23	17	10	0	0	8	0	1582	
1582	0	16	31	1582	0	0	23	17	10	0	0	8	0	1582	
1588	0	16	31	1588	0	0	23	17	10	0	0	8	0	1588	
1589	0	16	31	1589	0	0	23	17	10	0	0	8	0	1589	
1589	0	16	31	1589	0	0	23	17	10	0	0	8	0	1589	
1590	0	16	31	1590	0	0	23	17	10	0	0	8	0	1590	
1590	0	16	31	1590	0	0	23	17	10	0	0	8	0	1590	
1592	0	16	31	1592	0	0	23	17	10	0	0	8	0	1592	
1595	0	16	31	1595	0	0	23	17	10	0	0	8	0	1595	
1596	0	16	31	1596	0	0	23	17	10	0	0	8	0	1596	
1596	0	16	31	1596	0	0	23	17	10	0	0	8	0	1596	
1596	0	16	31	1596	0	0	23	17	10	0	0	8	0	1596	
1601	0	16	31	1601	0	0	23	17	10	0	0	8	0	1601	
1601	0	16	31	1601	0	0	23	17	10	0	0	8	0	1601	
1601	0	16	31	1601	0	0	23	17	10	0	0	8	0	1601	
1601	0	16	31	1601	0	0	23	17	10	0	0	8	0	1601	
1601	0	16	31	1601	0	0	23	17	10	0	0	8	0	1601	
1601	0	16	31	1601	0	0	23	17	10	0	0	8	0	1601	
1601	0	16	31	1601	0	0	23	17	10	0	0	8	0	1601	
1603	0	16	31	1603	0	0	23	17	10	0	0	8	0	1603	
1603	0	16	31	1603	0	0	23	17	10	0	0	8	0	1603	
1603	0	16	31	1603	0	0	23	17	10	0	0	8	0	1603	
1608	0	16	31	1608	0	0	23	17	10	0	0	8	0	1608	
1608	0	16	31	1608	0	0	23	17	10	0	0	8	0	1608	
1609	0	16	31	1609	0	0	23	17	10	0	0	8	0	1609	
1613	0	16	31	1613	0	0	23	17	10	0	0	8	0	1613	
1613	0	16	31	1613	0	0	23	17	10	0	0	8	0	1613	
1613	0	16	31	1613	0	0	23	17	10	0	0	8	0	1613	
1618	0	16	31	1618	0	0	23	17	10	0	0	8	0	1618	
1618	0	16	31	1618	0	0	23	17	10	0	0	8	0	1618	
1618	0	16	31	1618	0	0	23	17	10	0	0	8	0	1618	
1621	0	16	31	1621	0	0	23	17	10	0	0	8	0	1621	
1621	0	16	31	1621	0	0	23	17	10	0	0	8	0	1621	
1621	0	16	31	1621	0	0	23	17	10	0	0	8	0	1621	
1621	0	16	31	1621	0	0	23	17	10	0	0	8	0	1621	
1621	0	16	31	1621	0	0	23	17	10	0	0	8	0	1621	
1628	0	16	31	1628	0	0	23	17	10	0	0	8	0	1628	
1630	0	16	31	1630	0	0	23	17	10	0	0	8	0	1630	
1630	0	16	31	1630	0	0	23	17	10	0	0	8	0	1630	
1630	0	16	31	1630	0	0	23	17	10	0	0	8	0	1630	
1632	0	16	31	1632	0	0	23	17	10	0	0	8	0	1632	
1632	0	16	31	1632	0	0	23	17	10	0	0	8	0	1632	
1632	0	16	31	1632	0	0	23	17	10	0	0	8	0	1632	
1637	0	16	31	1637	0	0	23	17	10	0	0	8	0	1637	
1640	0	16	31	1640	0	0	23	17	10	0	0	8	0	1640	
1640	0	16	31	1640	0	0	23	17	10	0	0	8	0	1640	
1642	0	16	31	1642	0	0	23	17	10	0	0	8	0	1642	
1645	0	16	31	1645	0	0	23	17	10	0	0	8	0	1645	
1645	0	16	31	1645	0	0	23	17	10	0	0	8	0	1645	
1645	0	16	31	1645	0	0	23	17	10	0	0	8	0	1645	
1645	0	16	31	1645	0	0	23	17	10	0	0	8	0	1645	
1645	0	16	31	1645	0	0	23	17	10	0	0	8	0	1645	
1652	0	16	31	1652	0	0	23	17	10	0	0	8	0	1652	
1652	0	16	31	1652	0	0	23	17	10	0	0	8	0	1652	
1652	0	16	31	1652	0	0	23	17	10	0	0	8	0	1652	
1654	0	16	31	1654	0	0	23	17	10	0	0	8	0	1654	
1655	0	16	31	1655	0	0	23	17	10	0	0	8	0	1655	
1655	0	16	31	1655	0	0	23	17	10	0	0	8	0	1655	
1655	0	16	31	1655	0	0	23	17	10	0	0	8	0	1655	
1655	0	16	31	1655	0	0	23	17	10	0	0	8	0	1655	
1658	0	16	31	1658	0	0	23	17	10	0	0	8	0	1658	
1658	0	16	31	1658	0	0	23	17	10	0	0	8	0	1658	
1658	0	16	31	1658	0	0	23	17	10	0	0	8	0	1658	
1659	0	16	31	1659	0	0	23	17	10	0	0	8	0	1659	
1659	0	16	31	1659	0	0	23	17	10	0	0	8	0	1659	
1660	0	16	31	1660	0	0	23	17	10	0	0	8	0	1660	
1660	0	16	31	1660	0	0	23	17	10	0	0	8	0	1660	
1663	0	16	31	1663	0	0	23	17	10	0	0	8	0	1663	
1665	0	16	31	1665	0	0	23	17	10	0	0	8	0	1665	
1667	0	16	31	1667	0	0	23	17	10	0	0	8	0	1667	
1668	0	16	31	1668	0	0	23	17	10	0	0	8	0	1668	
1668	0	16	31	1668	0	0	23	17	10	0	0	8	0	1668	
1668	0	16	31	1668	0	0	23	17	10	0	0	8	0	1668	
1668	0	16	31	1668	0	0	23	17	10	0	0	8	0	1668	
1669	0	16	31	1669	0	0	23	17	10	0	0	8	0	1669	
1669	0	16	31	1669	0	0	23	17	10	0	0	8	0	1669	
1669	0	16	31	1669	0	0	23	17	10	0	0	8	0	1669	
1669	0	16	31	1669	0	0	23	17	10	0	0	8	0	1669	
1674	0	16	31	1674	0	0	23	17	10	0	0	8	0	1674	
1674	0	16	31	1674	0	0	23	17	10	0	0	8	0	1674	
1674	0	16	31	1674	0	0	23	17	10	0	0	8	0	1674	
1674	0	16	31	1674	0	0	23	17	10	0	0	8	0	1674	
1674	0	16	31	1674	0	0	23	17	10	0	0	8	0	1674	
1679	0	16	31	1679	0	0	23	17	10	0	0	8	0	1679	
1679	0	16	31	1679	0	0	23	17	10	0	0	8	0	1679	
1684	0	16	31	1684	0	0	23	17	10	0	0	8	0	1684	
1684	0	16	31	1684	0	0	23	17	10	0	0	8	0	1684	
1684	0	16	31	1684	0	0	23	17	10	0	0	8	0	1684	
1684	0	16	31	1684	0	0	23	17	10	0	0	8	0	1684	
1684	0	16	31	1684	0	0	23	17	10	0	0	8	0	1684	
1684	0	16	31	1684	0	0	23	17	10	0	0	8	0	1684	
1689	0	16	31	1689	0	0	23	17	10	0	0	8	0	1689	
1689	0	16	31	1689	0	0	23	17	10	0	0	8	0	1689	
1689	0	16	31	1689	0	0	23	17	10	0	0	8	0	1689	
1689	0	16	31	1689	0	0	23	17	10	0	0	8	0	1689	
1689	0	16	31	1689	0	0	23	17	10	0	0	8	0	1689	
1689	0	16	31	1689	0	0	23	17	10	0	0	8	0	1689	
1689	0	16	31	1689	0	0	23	17	10	0	0	8	0	1689	
1691	0	16	31	1691	0	0	23	17	10	0	0	8	0	1691	
1691	0	16	31	1691	0	0	23	17	10	0	0	8	0	1691	
1691	0	16	31	1691	0	0	23	17	10	0	0	8	0	1691	
1694	0	16	31	1694	0	0	23	17	10	0	0	8	0	1694	
1694	0	16	31	1694	0	0	23	17	10	0	0	8	0	1694	
1694	0	16	31	1694	0	0	23	17	10	0	0	8	0	1694	
1694	0	16	31	1694	0	0	23	17	10	0	0	8	0	1694	
1702	0	16	31	1702	0	0	23	17	10	0	0	8	0	1702	
1702	0	16	31	1702	0	0	23	17	10	0	0	8	0	1702	
1702	0	16	31	1702	0	0	23	17	10	0	0	8	0	1702	
1702	0	16	31	1702	0	0	23	17	10	0	0	8	0	1702	
1702	0	16	31	1702	0	0	23	17	10	0	0	8	0	1702	
1706	0	16	31	1706	0	0	23	17	10	0	0	8	0	1706	
1707	0	16	31	1707	0	0	23	17	10	0	0	8	0	1707	
1707	0	16	31	1707	0	0	23	17	10	0	0	8	0	1707	
1711	0	16	31	1711	0	0	23	17	10	0	0	8	0	1711	
1711	0	16	31	1711	0	0	23	17	10	0	0	8	0	1711	
1711	0	16	31	1711	0	0	23	17	10	0	0	8	0	1711	
1711	0	16	31	1711	0	0	23	17	10	0	0	8	0	1711	
1711	0	16	31	1711	0	0	23	17	10	0	0	8	0	1711	
1711	0	16	31	1711	0	0	23	17	10	0	0	8	0	1711	
1715	0	16	31	1715	0	0	23	17	10	0	0	8	0	1715	
1716	0	16	31	1716	0	0	23	17	10	0	0	8	0	1716	
1716	0	16	31	1716	0	0	23	17	10	0	0	8	0	1716	
1716	0	16	31	1716	0	0	23	17	10	0	0	8	0	1716	
1716	0	16	31	1716	0	0	23	17	10	0	0	8	0	1716	
1716	0	16	31	1716	0	0	23	17	10	0	0	8	0	1716	
1716	0	16	31	1716	0	0	23	17	10	0	0	8	0	1716	
1726	0	16	31	1726	0	0	23	17	10	0	0	8	0	1726	
1726	0	16	31	1726	0	0	23	17	10	0	0	8	0	1726	
1726	0	16	31	1726	0	0	23	17	10	0	0	8	0	1726	
1726	0	16	31	1726	0	0	23	17	10	0	0	8	0	1726	
1726	0	16	31	1726	0	0	23	17	10	0	0	8	0	1726	
1730	0	16	31	1730	0	0	23	17	10	0	0	8	0	1730	
1730	0	16	31	1730	0	0	23	17	10	0	0	8	0	1730	
1730	0	16	31	1730	0	0	23	17	10	0	0	8	0	1730	
1733	0	16	31	1733	0	0	23	17	10	0	0	8	0	1733	
1733	0	16	31	1733	0	0	23	17	10	0	0	8	0	1733	
1733	0	16	31	1733	0	0	23	17	10	0	0	8	0	1733	
1735	0	16	31	1735	0	0	23	17	10	0	0	8	0	1735	
1735	0	16	31	1735	0	0	23	17	10	0	0	8	0	1735	
1735	0	16	31	1735	0	0	23	17	10	0	0	8	0	1735	
1736	0	16	31	1736	0	0	23	17	10	0	0	8	0	1736	
1737	0	16	31	1737	0	0	23	17	10	0	0	8	0	1737	
1737	0	16	31	1737	0	0	23	17	10	0	0	8	0	1737	
1737	0	16	31	1737	0	0	23	17	10	0	0	8	0	1737	
1737	0	16	31	1737	0	0	23	17	10	0	0	8	0	1737	
1742	0	16	31	1742	0	0	23	17	10	0	0	8	0	1742	
1742	0	16	31	1742	0	0	23	17	10	0	0	8	0	1742	
1742	0	16	31	1742	0	0	23	17	10	0	0	8	0	1742	
1743	0	16	31	1743	0	0	23	17	10	0	0	8	0	1743	
1743	0	16	31	1743	0	0	23	17	10	0	0	8	0	1743	
1747	0	16	31	1747	0	0	23	17	10	0	0	8	0	1747	
1747	0	16	31	1747	0	0	23	17	10	0	0	8	0	1747	
1747	0	16	31	1747	0	0	23	17	10	0	0	8	0	1747	
1747	0	16	31	1747	0	0	23	17	10	0	0	8	0	1747	
1747	0	16	31	1747	0	0	23	17	10	0	0	8	0	1747	
1747	0	16	31	1747	0	0	23	17	10	0	0	8	0	1747	
1747	0	16	31	1747	0	0	23	17	10	0	0	8	0	1747	
1747	0	16	31	1747	0	0	23	17	10	0	0	8	0	1747	
1752	0	16	31	1752	0	0	23	17	10	0	0	8	0	1752	
1752	0	16	31	1752	0	0	23	17	10	0	0	8	0	1752	
1752	0	16	31	1752	0	0	23	17	10	0	0	8	0	1752	
1752	0	16	31	1752	0	0	23	17	10	0	0	8	0	1752	
1752	0	16	31	1752	0	0	23	17	10	0	0	8	0	1752	
1752	0	16	31	1752	0	0	23	17	10	0	0	8	0	1752	
1759	0	16	31	1759	0	0	23	17	10	0	0	8	0	1759	
1759	0	16	31	1759	0	0	23	17	10	0	0	8	0	1759	
1759	0	16	31	1759	0	0	23	17	10	0	0	8	0	1759	
1759	0	16	31	1759	0	0	23	17	10	0	0	8	0	1759	
1759	0	16	31	1759	0	0	23	17	10	0	0	8	0	1759	
1759	0	16	31	1759	0	0	23	17	10	0	0	8	0	1759	
1764	0	16	31	1764	0	0	23	17	10	0	0	8	0	1764	
1764	0	16	31	1764	0	0	23	17	10	0	0	8	0	1764	
1764	0	16	31	1764	0	0	23	17	10	0	0	8	0	1764	
1764	0	16	31	1764	0	0	23	17	10	0	0	8	0	1764	
1764	0	16	31	1764	0	0	23	17	10	0	0	8	0	1764	
1764	0	16	31	1764	0	0	23	17	10	0	0	8	0	1764	
1764	0	16	31	1764	0	0	23	17	10	0	0	8	0	1764	
1764	0	16	31	1764	0	0	23	17	10	0	0	8	0	1764	
1764	0	16	31	1764	0	0	23	17	10	0	0	8	0	1764	
1764	0	16	31	1764	0	0	23	17	10	0	0	8	0	1764	
1764	0	16	31	1764	0	0	23	17	10	0	0	8	0	1764	
1764	0	16	31	1764	0	0	23	17	10	0	0	8	0	1764	
1764	0	16	31	1764	0	0	23	17	10	0	0	8	0	1764	
1764	0	16	31	1764	0	0	23	17	10	0	0	8	0	1764	
1764	0	16	31	1764	0	0	23	17	10	0	0	8	0	1764	
1764	0	16	31	1764	0	0	23	17	10	0	0	8	0	1764	
1764	0	16	31	1764	0	0	23	17	10	0	0	8	0	1764	
1764	0	16	31	1764	0	0	23	17	10	0	0	8	0	1764	
1764	0	16	31	1764	0	0	23	17	10	0	0	8	0	1764	
1764	0	16	31	1764	0	0	23	17	10	0	0	8	0	1764	
1764	0	16	31	1764	0	0	23	17	10	0	0	8	0	1764	
1764	0	16	31	1764	0	0	23	17	10	0	0	8	0	1764	
1782	0	16	31	1782	0	0	23	17	10	0	0	8	0	1782	
1782	0	16	31	1782	0	0	23	17	10	0	0	8	0	1782	
1782	0	16	31	1782	0	0	23	17	10	0	0	8	0	1782	
1783	0	16	31	1783	0	0	23	17	10	0	0	8	0	1783	
1786	0	16	31	1786	0	0	23	17	10	0	0	8	0	1786	
1786	0	16	31	1786	0	0	23	17	10	0	0	8	0	1786	
1788	0	16	31	1788	0	0	23	17	10	0	0	8	0	1788	
1788	0	16	31	1788	0	0	23	17	10	0	0	8	0	1788	
1789	0	16	31	1789	0	0	23	17	10	0	0	8	0	1789	
1789	0	16	31	1789	0	0	23	17	10	0	0	8	0	1789	
1792	0	16	31	1792	0	0	23	17	10	0	0	8	0	1792	
1792	0	16	31	1792	0	0	23	17	10	0	0	8	0	1792	
1795	0	16	31	1795	0	0	23	17	10	0	0	8	0	1795	
1795	0	16	31	1795	0	0	23	17	10	0	0	8	0	1795	
1795	0	16	31	1795	0	0	23	17	10	0	0	8	0	1795	
1798	0	16	31	1798	0	0	23	17	10	0	0	8	0	1798	
1798	0	16	31	1798	0	0	23	17	10	0	0	8	0	1798	
1798	0	16	31	1798	0	0	23	17	10	0	0	8	0	1798	
1798	0	16	31	1798	0	0	23	17	10	0	0	8	0	1798	
1798	0	16	31	1798	0	0	23	17	10	0	0	8	0	1798	
1803	0	16	31	1803	0	0	23	17	10	0	0	8	0	1803	
1803	0	16	31	1803	0	0	23	17	10	0	0	8	0	1803	
1803	0	16	31	1803	0	0	23	17	10	0	0	8	0	1803	
1803	0	16	31	1803	0	0	23	17	10	0	0	8	0	1803	
1803	0	16	31	1803	0	0	23	17	10	0	0	8	0	1803	
1803	0	16	31	1803	0	0	23	17	10	0	0	8	0	1803	
1803	0	16	31	1803	0	0	23	17	10	0	0	8	0	1803	
1803	0	16	31	1803	0	0	23	17	10	0	0	8	0	1803	
1803	0	16	31	1803	0	0	23	17	10	0	0	8	0	1803	
1803	0	16	31	1803	0	0	23	17	10	0	0	8	0	1803	
1809	0	16	31	1809	0	0	23	17	10	0	0	8	0	1809	
1809	0	16	31	1809	0	0	23	17	10	0	0	8	0	1809	
1809	0	16	31	1809	0	0	23	17	10	0	0	8	0	1809	
1809	0	16	31	1809	0	0	23	17	10	0	0	8	0	1809	
1812	0	16	31	1812	0	0	23	17	10	0	0	8	0	1812	
1812	0	16	31	1812	0	0	23	17	10	0	0	8	0	1812	
1813	0	16	31	1813	0	0	23	17	10	0	0	8	0	1813	
1814	0	16	31	1814	0	0	23	17	10	0	0	8	0	1814	
1814	0	16	31	1814	0	0	23	17	10	0	0	8	0	1814	
1814	0	16	31	1814	0	0	23	17	10	0	0	8	0	1814	
1816	0	16	31	1816	0	0	23	17	10	0	0	8	0	1816	
1816	0	16	31	1816	0	0	23	17	10	0	0	8	0	1816	
1820	0	16	31	1820	0	0	23	17	10	0	0	8	0	1820	
1820	0	16	31	1820	0	0	23	17	10	0	0	8	0	1820	
1820	0	16	31	1820	0	0	23	17	10	0	0	8	0	1820	
1820	0	16	31	1820	0	0	23	17	10	0	0	8	0	1820	
1822	0	16	31	1822	0	0	23	17	10	0	0	8	0	1822	
1822	0	16	31	1822	0	0	23	17	10	0	0	8	0	1822	
1825	0	16	31	1825	0	0	23	17	10	0	0	8	0	1825	
1825	0	16	31	1825	0	0	23	17	10	0	0	8	0	1825	
1827	0	16	31	1827	0	0	23	17	10	0	0	8	0	1827	
1827	0	16	31	1827	0	0	23	17	10	0	0	8	0	1827	
1827	0	16	31	1827	0	0	23	17	10	0	0	8	0	1827	
1827	0	16	31	1827	0	0	23	17	10	0	0	8	0	1827	
1827	0	16	31	1827	0	0	23	17	10	0	0	8	0	1827	
1827	0	16	31	1827	0	0	23	17	10	0	0	8	0	1827	
1827	0	16	31	1827	0	0	23	17	10	0	0	8	0	1827	
1827	0	16	31	1827	0	0	23	17	10	0	0	8	0	1827	
1827	0	16	31	1827	0	0	23	17	10	0	0	8	0	1827	
1827	0	16	31	1827	0	0	23	17	10	0	0	8	0	1827	
1827	0	16	31	1827	0	0	23	17	10	0	0	8	0	1827	
1827	0	16	31	1827	0	0	23	17	10	0	0	8	0	1827	
1827	0	16	31	1827	0	0	23	17	10	0	0	8	0	1827	
1838	0	16	31	1838	0	0	23	17	10	0	0	8	0	1838	
1838	0	16	31	1838	0	0	23	17	10	0	0	8	0	1838	
1839	0	16	31	1839	0	0	23	17	10	0	0	8	0	1839	
1839	0	16	31	1839	0	0	23	17	10	0	0	8	0	1839	
1839	0	16	31	1839	0	0	23	17	10	0	0	8	0	1839	
1840	0	16	31	1840	0	0	23	17	10	0	0	8	0	1840	
1840	0	16	31	1840	0	0	23	17	10	0	0	8	0	1840	
1840	0	16	31	1840	0	0	23	17	10	0	0	8	0	1840	
1840	0	16	31	1840	0	0	23	17	10	0	0	8	0	1840	
1840	0	16	31	1840	0	0	23	17	10	0	0	8	0	1840	
1846	0	16	31	1846	0	0	23	17	10	0	0	8	0	1846	
1846	0	16	31	1846	0	0	23	17	10	0	0	8	0	1846	
1849	0	16	31	1849	0	0	23	17	10	0	0	8	0	1849	
1849	0	16	31	1849	0	0	23	17	10	0	0	8	0	1849	
1849	0	16	31	1849	0	0	23	17	10	0	0	8	0	1849	
1849	0	16	31	1849	0	0	23	17	10	0	0	8	0	1849	
1853	0	16	31	1853	0	0	23	17	10	0	0	8	0	1853	
1853	0	16	31	1853	0	0	23	17	10	0	0	8	0	1853	
1853	0	16	31	1853	0	0	23	17	10	0	0	8	0	1853	
1853	0	16	31	1853	0	0	23	17	10	0	0	8	0	1853	
1853	0	16	31	1853	0	0	23	17	10	0	0	8	0	1853	
1853	0	16	31	1853	0	0	23	17	10	0	0	8	0	1853	
1853	0	16	31	1853	0	0	23	17	10	0	0	8	0	1853	
1853	0	16	31	1853	0	0	23	17	10	0	0	8	0	1853	
1853	0	16	31	1853	0	0	23	17	10	0	0	8	0	1853	
1853	0	16	31	1853	0	0	23	17	10	0	0	8	0	1853	
1871	0	16	31	1871	0	0	23	17	10	0	0	8	0	1871	
1871	0	16	31	1871	0	0	23	17	10	0	0	8	0	1871	
1871	0	16	31	1871	0	0	23	17	10	0	0	8	0	1871	
1871	0	16	31	1871	0	0	23	17	10	0	0	8	0	1871	
1871	0	16	31	1871	0	0	23	17	10	0	0	8	0	1871	
1871	0	16	31	1871	0	0	23	17	10	0	0	8	0	1871	
1871	0	16	31	1871	0	0	23	17	10	0	0	8	0	1871	
1875	0	16	31	1875	0	0	23	17	10	0	0	8	0	1875	
1875	0	16	31	1875	0	0	23	17	10	0	0	8	0	1875	
1875	0	16	31	1875	0	0	23	17	10	0	0	8	0	1875	
1875	0	16	31	1875	0	0	23	17	10	0	0	8	0	1875	
1875	0	16	31	1875	0	0	23	17	10	0	0	8	0	1875	
1875	0	16	31	1875	0	0	23	17	10	0	0	8	0	1875	
1875	0	16	31	1875	0	0	23	17	10	0	0	8	0	1875	
1875	0	16	31	1875	0	0	23	17	10	0	0	8	0	1875	
1879	0	16	31	1879	0	0	23	17	10	0	0	8	0	1879	
1879	0	16	31	1879	0	0	23	17	10	0	0	8	0	1879	
1880	0	16	31	1880	0	0	23	17	10	0	0	8	0	1880	
1881	0	16	31	1881	0	0	23	17	10	0	0	8	0	1881	
1882	0	16	31	1882	0	0	23	17	10	0	0	8	0	1882	
1883	0	16	31	1883	0	0	23	17	10	0	0	8	0	1883	
1885	0	16	31	1885	0	0	23	17	10	0	0	8	0	1885	
1885	0	16	31	1885	0	0	23	17	10	0	0	8	0	1885	
1887	0	16	31	1887	0	0	23	17	10	0	0	8	0	1887	
1887	0	16	31	1887	0	0	23	17	10	0	0	8	0	1887	
1887	0	16	31	1887	0	0	23	17	10	0	0	8	0	1887	
1887	0	16	31	1887	0	0	23	17	10	0	0	8	0	1887	
1887	0	16	31	1887	0	0	23	17	10	0	0	8	0	1887	
1887	0	16	31	1887	0	0	23	17	10	0	0	8	0	1887	
1887	0	16	31	1887	0	0	23	17	10	0	0	8	0	1887	
1887	0	16	31	1887	0	0	23	17	10	0	0	8	0	1887	
1887	0	16	31	1887	0	0	23	17	10	0	0	8	0	1887	
1891	0	16	31	1891	0	0	23	17	10	0	0	8	0	1891	
1891	0	16	31	1891	0	0	23	17	10	0	0	8	0	1891	
1891	0	16	31	1891	0	0	23	17	10	0	0	8	0	1891	
1891	0	16	31	1891	0	0	23	17	10	0	0	8	0	1891	
1891	0	16	31	1891	0	0	23	17	10	0	0	8	0	1891	
1895	0	16	31	1895	0	0	23	17	10	0	0	8	0	1895	
1895	0	16	31	1895	0	0	23	17	10	0	0	8	0	1895	
1895	0	16	31	1895	0	0	23	17	10	0	0	8	0	1895	
1900	0	16	31	1900	0	0	23	17	10	0	0	8	0	1900	
1901	0	16	31	1901	0	0	23	17	10	0	0	8	0	1901	
1901	0	16	31	1901	0	0	23	17	10	0	0	8	0	1901	
1903	0	16	31	1903	0	0	23	17	10	0	0	8	0	1903	
1903	0	16	31	1903	0	0	23	17	10	0	0	8	0	1903	
1903	0	16	31	1903	0	0	23	17	10	0	0	8	0	1903	
1905	0	16	31	1905	0	0	23	17	10	0	0	8	0	1905	
1905	0	16	31	1905	0	0	23	17	10	0	0	8	0	1905	
1906	0	16	31	1906	0	0	23	17	10	0	0	8	0	1906	
1906	0	16	31	1906	0	0	23	17	10	0	0	8	0	1906	
1908	0	16	31	1908	0	0	23	17	10	0	0	8	0	1908	
1911	0	16	31	1911	0	0	23	17	10	0	0	8	0	1911	
1914	0	16	31	1914	0	0	23	17	10	0	0	8	0	1914	
1914	0	16	31	1914	0	0	23	17	10	0	0	8	0	1914	
1918	0	16	31	1918	0	0	23	17	10	0	0	8	0	1918	
1919	0	16	31	1919	0	0	23	17	10	0	0	8	0	1919	
1921	0	16	31	1921	0	0	23	17	10	0	0	8	0	1921	
1921	0	16	31	1921	0	0	23	17	10	0	0	8	0	1921	
1921	0	16	31	1921	0	0	23	17	10	0	0	8	0	1921	
1921	0	16	31	1921	0	0	23	17	10	0	0	8	0	1921	
1921	0	16	31	1921	0	0	23	17	10	0	0	8	0	1921	
1921	0	16	31	1921	0	0	23	17	10	0	0	8	0	1921	
1926	0	16	31	1926	0	0	23	17	10	0	0	8	0	1926	
1926	0	16	31	1926	0	0	23	17	10	0	0	8	0	1926	
1926	0	16	31	1926	0	0	23	17	10	0	0	8	0	1926	
1926	0	16	31	1926	0	0	23	17	10	0	0	8	0	1926	
1926	0	16	31	1926	0	0	23	17	10	0	0	8	0	1926	
1926	0	16	31	1926	0	0	23	17	10	0	0	8	0	1926	
1926	0	16	31	1926	0	0	23	17	10	0	0	8	0	1926	
1935	0	16	31	1935	0	0	23	17	10	0	0	8	0	1935	
1935	0	16	31	1935	0	0	23	17	10	0	0	8	0	1935	
1935	0	16	31	1935	0	0	23	17	10	0	0	8	0	1935	
1937	0	16	31	1937	0	0	23	17	10	0	0	8	0	1937	
1937	0	16	31	1937	0	0	23	17	10	0	0	8	0	1937	
1937	0	16	31	1937	0	0	23	17	10	0	0	8	0	1937	
1940	0	16	31	1940	0	0	23	17	10	0	0	8	0	1940	
1940	0	16	31	1940	0	0	23	17	10	0	0	8	0	1940	
1942	0	16	31	1942	0	0	23	17	10	0	0	8	0	1942	
1942	0	16	31	1942	0	0	23	17	10	0	0	8	0	1942	
1942	0	16	31	1942	0	0	23	17	10	0	0	8	0	1942	
1942	0	16	31	1942	0	0	23	17	10	0	0	8	0	1942	
1942	0	16	31	1942	0	0	23	17	10	0	0	8	0	1942	
1942	0	16	31	1942	0	0	23	17	10	0	0	8	0	1942	
1942	0	16	31	1942	0	0	23	17	10	0	0	8	0	1942	
1942	0	16	31	1942	0	0	23	17	10	0	0	8	0	1942	
1942	0	16	31	1942	0	0	23	17	10	0	0	8	0	1942	
1942	0	16	31	1942	0	0	23	17	10	0	0	8	0	1942	
1942	0	16	31	1942	0	0	23	17	10	0	0	8	0	1942	
1942	0	16	31	1942	0	0	23	17	10	0	0	8	0	1942	
1953	0	16	31	1953	0	0	23	17	10	0	0	8	0	1953	
