0	0	0	0	0	0	0	0	0	0	0	0	0	0	0	
0	0	0	1	0	0	0	0	0	0	0	0	0	0	0	
0	0	0	1	0	0	0	1	0	0	0	0	0	0	0	
1	0	0	1	1	0	0	1	0	1	0	0	1	0	0	
0	0	0	1	1	0	0	1	0	1	0	0	1	0	0	
1	0	0	1	1	0	0	2	0	1	0	0	1	0	1	
1	0	0	1	1	0	0	2	1	1	0	0	1	0	1	
0	0	0	2	1	0	0	2	1	1	1	0	1	0	0	
1	0	0	2	1	0	0	2	1	1	1	0	1	0	1	
2	0	0	3	1	0	0	2	1	1	1	0	1	0	2	
1	0	0	3	1	0	0	2	1	1	1	0	1	0	0	
0	0	1	3	1	0	0	3	1	1	1	1	1	0	1	
3	0	1	3	1	1	0	3	2	1	1	1	1	0	1	
3	0	1	3	1	1	0	3	2	1	1	1	1	0	1	
1	0	1	3	1	1	0	3	2	1	1	1	1	0	1	
0	0	1	3	1	1	0	3	2	1	1	1	1	0	1	
1	0	1	3	1	1	0	3	2	1	1	1	1	0	1	
1	0	1	3	1	1	0	3	2	1	1	1	1	0	1	
3	0	1	3	1	2	0	3	2	1	1	1	1	0	1	
2	0	1	4	1	2	0	4	2	1	1	1	1	0	2	
1	0	1	4	1	3	0	4	3	1	1	1	1	1	1	
4	0	1	4	1	3	0	4	3	1	1	1	1	1	3	
1	0	1	4	1	3	0	4	3	1	2	1	1	1	1	
1	0	1	5	1	3	0	4	3	1	2	1	1	1	1	
4	0	1	5	2	3	0	4	3	1	2	1	1	1	0	
2	0	1	5	2	3	0	4	3	1	2	1	1	1	2	
1	0	1	5	2	3	0	4	3	1	2	2	1	1	1	
1	0	1	5	2	3	0	4	3	1	2	2	1	2	0	
1	0	1	5	2	3	1	4	4	1	2	2	1	2	1	
5	0	2	5	2	3	1	4	4	1	2	2	1	2	1	
1	0	2	5	2	3	1	4	4	1	2	2	1	2	4	
1	0	2	6	2	3	1	4	4	1	2	2	1	2	2	
1	0	2	7	2	3	2	4	4	1	2	2	2	2	0	
2	0	2	7	2	3	2	4	4	1	2	2	3	2	2	
4	0	2	7	2	3	2	4	4	1	2	2	3	2	2	
2	0	2	7	2	3	3	4	4	1	2	2	3	2	2	
2	0	2	7	2	3	3	4	4	1	2	2	3	2	3	
2	0	2	7	2	3	3	5	4	1	2	2	3	2	4	
2	0	2	7	2	3	3	5	4	1	2	2	3	2	2	
2	0	2	7	2	3	3	5	4	1	2	2	3	2	3	
5	0	2	7	2	3	3	5	4	1	2	2	3	2	2	
4	0	2	7	2	3	3	5	4	1	2	2	3	2	0	
5	0	2	7	2	3	3	5	5	2	2	3	3	2	5	
2	0	2	7	2	3	3	6	5	2	3	3	3	3	2	
3	0	2	7	2	3	3	6	5	2	3	3	3	3	3	
7	0	2	7	2	3	3	6	5	2	3	4	3	3	6	
4	0	2	7	2	4	3	6	5	2	3	4	3	3	2	
4	0	2	8	2	4	3	6	5	2	3	4	3	3	4	
5	1	2	8	2	5	3	6	5	2	3	4	3	3	3	
8	1	2	8	2	5	4	6	5	2	3	4	3	4	4	
5	1	2	8	2	5	4	6	5	2	3	4	3	4	8	
6	1	2	8	2	5	4	6	6	2	3	4	3	4	6	
5	1	2	8	2	5	4	6	6	2	3	4	3	4	4	
2	1	2	8	2	5	4	6	6	2	3	4	3	4	4	
1	1	3	8	2	5	4	6	7	2	3	4	3	4	2	
3	1	3	8	2	5	4	6	7	2	3	4	3	4	2	
8	1	3	8	2	5	4	6	7	2	3	4	3	5	8	
2	1	3	8	2	5	4	6	7	2	3	4	4	5	4	
4	1	4	9	2	5	4	6	7	2	3	4	5	5	6	
4	1	4	9	2	5	4	7	7	2	3	4	5	5	7	
4	1	4	9	2	5	4	7	7	2	3	4	5	5	3	
2	1	4	9	2	5	4	8	7	2	3	4	5	5	4	
9	1	5	9	2	6	4	8	7	2	3	4	5	5	7	
7	1	5	9	2	6	4	8	7	2	3	4	5	6	5	
7	1	7	9	2	6	4	8	7	2	3	4	5	6	7	
8	1	8	9	2	6	4	8	7	2	3	4	5	6	4	
6	1	8	9	2	6	4	9	7	2	3	4	5	6	2	
7	1	9	9	2	6	4	9	7	2	3	4	5	6	2	
5	1	9	9	2	6	4	9	7	2	4	4	5	6	2	
4	1	9	9	2	6	4	9	7	2	4	4	5	6	9	
2	1	9	9	2	6	4	9	7	2	4	4	5	6	9	
9	1	9	9	2	6	4	9	7	2	4	4	5	6	9	
5	1	9	9	2	6	4	9	7	2	4	4	5	6	9	
9	1	9	9	2	6	4	9	7	2	4	4	5	6	6	
9	1	9	9	2	6	4	9	7	2	5	4	5	6	5	
6	1	9	9	2	6	4	9	7	2	6	4	5	6	4	
9	1	9	9	2	6	4	9	7	2	6	4	5	6	7	
6	1	9	9	2	6	4	9	7	3	6	6	5	6	1	
6	1	10	10	2	6	4	9	7	3	6	6	5	6	7	
5	2	10	10	3	6	4	9	7	3	6	6	5	6	6	
6	2	10	11	3	6	4	9	7	3	6	6	5	6	10	
6	2	10	11	3	6	4	9	7	3	6	6	5	6	11	
6	2	10	11	3	6	4	9	7	3	6	6	5	6	6	
3	2	10	11	3	6	4	9	8	3	6	6	5	6	2	
9	2	10	11	3	6	4	9	8	3	6	6	5	6	6	
2	2	10	11	3	6	4	9	8	3	6	6	5	6	6	
6	2	10	11	3	6	4	9	8	3	6	6	5	6	6	
4	2	10	11	3	6	4	9	8	3	6	6	5	6	4	
9	2	10	11	3	6	4	9	8	3	6	6	5	6	11	
5	2	10	11	3	6	4	9	8	3	6	6	5	6	6	
4	2	10	11	3	6	4	9	8	3	6	6	5	6	6	
5	2	10	11	4	6	4	9	8	3	6	6	5	6	6	
3	3	10	11	4	6	4	9	8	3	6	6	5	6	3	
3	3	10	11	4	6	4	9	8	3	6	6	5	6	3	
5	3	10	11	4	6	4	9	9	4	6	6	5	7	5	
7	3	10	11	4	7	4	9	9	4	6	7	5	7	7	
11	3	10	11	4	7	4	9	9	5	6	7	5	7	7	
9	3	10	12	4	7	4	9	9	5	6	8	5	7	5	
4	3	10	12	4	7	4	9	9	5	6	8	5	7	6	
9	3	10	12	4	7	4	9	9	5	6	9	5	8	3	
9	3	10	12	4	7	5	9	9	5	6	9	6	8	7	
12	3	10	12	4	7	5	9	9	5	6	9	6	8	8	
6	3	10	12	4	7	5	10	9	6	6	9	6	8	6	
9	3	10	12	4	7	5	10	9	6	6	9	6	8	10	
5	3	10	12	4	7	5	10	9	6	6	9	6	8	6	
6	3	11	12	4	7	5	10	9	6	6	9	7	8	6	
11	3	11	12	4	7	5	10	9	6	6	10	7	8	3	
13	3	11	13	5	7	5	10	9	6	6	11	7	8	6	
13	3	11	13	5	7	5	10	9	6	6	11	7	8	8	
13	4	11	13	5	7	5	10	9	6	6	11	7	8	5	
5	4	11	13	6	7	5	10	9	6	7	11	7	8	11	
7	4	11	13	6	7	5	10	9	7	7	12	7	9	4	
5	4	11	13	7	7	5	10	9	7	7	12	7	9	4	
7	4	11	13	7	7	6	10	9	7	8	12	7	9	4	
11	4	11	13	7	7	6	10	9	7	8	13	7	9	7	
7	5	11	13	7	7	7	10	9	7	8	13	7	9	7	
13	5	11	13	7	7	7	10	9	7	8	13	7	9	11	
7	5	11	13	7	7	7	10	9	7	8	14	7	9	9	
13	5	11	13	7	7	7	10	9	7	8	14	7	9	8	
9	5	11	13	7	7	7	11	9	7	8	14	7	9	7	
13	5	11	13	8	7	7	11	9	7	8	14	7	9	13	
7	5	11	13	8	7	7	11	9	7	8	14	7	9	7	
8	5	11	13	8	8	8	11	9	7	8	14	7	9	9	
14	5	11	13	8	8	8	11	9	7	8	14	7	10	7	
8	5	11	14	8	8	8	11	9	7	8	14	7	10	7	
8	5	11	14	8	8	8	11	9	7	8	14	8	10	7	
11	5	11	14	8	8	8	11	10	7	8	14	8	10	8	
8	5	11	14	8	8	8	11	10	9	8	14	8	10	14	
8	5	11	14	8	8	8	11	10	9	8	14	9	10	11	
9	5	11	14	9	8	8	12	10	9	8	14	9	10	8	
14	5	11	14	9	8	8	12	11	9	8	14	9	10	11	
9	5	11	14	9	9	8	12	11	9	9	14	9	10	5	
5	5	11	14	9	9	8	12	11	9	9	14	9	10	9	
9	5	11	14	9	9	8	12	11	9	9	14	9	10	9	
8	5	11	14	9	9	8	12	11	9	9	14	9	10	9	
10	5	11	14	9	9	8	12	11	9	10	14	9	10	10	
10	5	12	14	9	9	8	12	11	9	10	14	9	10	5	
9	5	12	14	9	9	8	12	11	9	10	14	10	10	9	
8	5	12	14	9	9	8	12	11	9	10	14	10	10	8	
9	5	12	14	9	9	8	12	11	9	10	14	10	10	10	
9	5	12	15	9	9	8	12	12	9	10	14	10	10	5	
11	5	12	15	9	9	8	12	12	9	10	14	11	10	5	
12	5	12	15	9	9	8	12	12	9	10	14	11	10	8	
14	5	12	15	9	9	8	12	12	9	10	14	11	10	12	
15	6	13	15	9	9	8	12	12	9	10	14	11	10	8	
9	6	13	15	9	9	9	12	12	9	10	14	11	10	11	
9	6	13	15	9	9	9	12	12	9	10	14	11	10	13	
12	6	13	15	9	9	9	12	12	9	11	14	11	10	12	
9	6	13	15	9	9	9	12	12	9	11	14	11	10	9	
14	6	13	15	9	9	9	12	12	9	11	14	11	10	9	
12	6	13	15	9	9	9	12	12	9	11	14	11	11	6	
11	6	13	15	9	9	9	12	12	9	11	14	11	11	9	
9	6	13	15	9	9	9	12	12	10	11	14	11	11	9	
11	6	13	15	9	9	9	12	12	10	11	14	11	11	6	
9	6	13	15	9	9	9	12	12	10	11	14	11	11	13	
10	6	13	15	9	9	9	12	12	10	11	14	11	11	15	
11	6	13	15	9	9	9	12	12	10	11	14	11	11	9	
9	7	13	15	9	9	10	12	12	10	11	14	11	11	15	
13	7	13	15	9	9	10	13	12	10	11	14	11	11	13	
7	7	13	15	9	9	10	13	12	10	11	14	11	11	13	
11	7	14	15	9	9	10	13	12	10	12	14	11	11	9	
12	7	14	15	9	9	10	13	12	10	12	14	11	11	10	
9	7	14	15	9	9	10	13	12	10	12	14	11	11	9	
14	7	14	15	9	9	10	13	12	10	12	14	11	11	10	
10	7	14	15	9	9	10	13	12	10	12	14	11	11	10	
14	7	14	15	9	9	10	13	12	10	13	14	11	11	14	
7	7	14	15	10	10	10	13	12	10	13	14	11	11	13	
10	7	14	16	10	10	10	13	12	10	13	14	11	11	16	
11	7	15	16	10	10	10	13	12	10	13	14	11	11	13	
11	7	15	16	10	10	10	13	12	10	15	14	11	11	15	
10	7	16	16	10	10	10	14	12	10	15	14	11	11	14	
10	7	16	16	10	10	10	14	12	10	15	14	11	11	7	
14	7	16	16	10	10	10	14	12	10	15	14	11	11	16	
11	7	16	16	10	10	10	14	12	10	15	14	11	11	10	
13	7	16	16	10	10	11	14	13	10	15	14	11	11	10	
11	7	16	16	10	10	11	14	13	10	15	14	11	11	16	
15	7	16	16	11	10	11	14	13	10	15	14	11	11	10	
10	7	16	16	11	10	11	14	13	10	15	14	11	11	16	
13	7	16	16	11	10	11	14	13	10	15	14	11	11	16	
14	8	17	16	11	10	11	14	13	10	15	14	11	12	11	
13	8	17	16	11	10	11	14	13	10	15	14	11	12	8	
8	8	17	16	11	10	11	14	13	10	15	14	11	12	8	
10	8	17	16	11	10	11	14	13	10	15	14	11	12	14	
13	9	17	16	11	10	11	14	13	10	15	15	11	12	12	
15	9	17	16	11	10	11	14	13	10	15	15	11	12	11	
11	9	17	16	11	10	11	14	13	10	15	15	11	12	11	
14	9	17	16	11	10	11	14	13	10	15	15	11	12	10	
10	9	17	16	11	10	11	14	13	11	15	15	11	12	15	
11	9	17	16	11	11	11	14	13	11	17	15	12	12	14	
9	9	18	16	11	12	11	14	13	11	17	15	13	12	12	
12	9	18	16	11	12	11	14	13	11	17	15	13	12	12	
13	9	18	16	11	12	11	15	13	11	17	15	13	12	15	
11	9	18	16	11	12	11	15	13	11	17	15	13	12	12	
17	9	18	16	11	12	11	15	13	11	17	15	13	12	18	
11	9	18	16	11	12	11	15	13	11	18	15	13	12	18	
15	9	18	16	11	12	11	15	13	12	18	15	13	12	18	
9	9	18	16	11	12	11	15	13	12	18	15	13	12	18	
15	9	18	16	11	12	11	17	13	12	18	15	13	12	11	
18	9	18	16	11	12	11	17	13	12	18	15	13	12	15	
18	9	18	16	11	12	11	17	13	12	18	15	13	12	17	
18	9	18	17	11	13	11	18	13	12	18	15	13	12	13	
12	9	18	17	11	13	11	18	13	12	19	15	13	12	11	
13	9	18	17	11	13	11	18	13	12	19	15	13	12	15	
13	9	18	17	11	13	11	18	13	12	19	15	13	12	11	
13	9	18	17	11	13	11	19	13	12	19	15	13	12	12	
13	9	18	18	11	13	11	19	13	12	19	15	13	12	13	
15	9	18	18	11	14	11	19	13	12	19	15	13	12	15	
19	9	19	18	11	14	11	19	13	12	19	15	13	13	12	
12	9	19	18	12	14	11	19	13	12	19	15	13	13	13	
19	9	19	18	12	14	11	19	14	12	19	15	13	13	15	
14	9	19	19	12	14	11	20	14	12	19	15	13	14	19	
9	9	19	19	12	14	11	20	14	13	19	15	13	14	9	
13	9	19	19	13	14	11	20	14	13	19	15	13	14	9	
14	9	19	19	13	14	11	21	14	13	19	15	13	14	21	
14	9	19	19	13	14	12	21	14	14	19	15	13	14	19	
19	9	19	19	13	14	12	21	14	14	19	15	13	15	13	
21	9	19	19	13	14	12	21	14	14	19	15	13	15	19	
13	9	19	19	13	14	12	21	14	15	19	15	13	15	19	
15	9	19	19	13	14	12	22	14	15	19	15	13	15	13	
14	9	19	19	13	14	12	22	14	15	19	15	13	16	14	
14	9	19	19	13	14	12	22	14	15	20	15	13	16	15	
16	10	19	19	13	14	12	22	14	15	20	15	13	16	16	
22	11	19	19	15	14	12	22	14	15	20	15	13	16	11	
19	11	19	19	15	14	12	22	14	15	20	15	13	16	12	
14	12	19	19	15	14	12	22	14	15	20	15	13	16	22	
22	12	19	20	15	14	12	22	14	15	20	15	13	16	16	
15	12	19	20	15	14	12	22	14	15	20	15	13	16	19	
16	12	19	20	15	14	12	22	14	15	20	15	13	16	14	
16	12	19	20	15	14	12	22	14	15	20	15	13	16	20	
14	12	19	20	15	14	13	22	14	15	20	15	13	16	15	
12	12	19	20	15	14	13	22	14	15	20	15	13	16	15	
15	12	19	20	15	14	13	22	14	15	20	15	14	16	15	
16	12	20	20	16	14	13	22	14	15	20	15	14	16	20	
14	12	20	20	16	14	13	22	14	15	20	15	14	16	14	
14	12	20	20	16	14	13	22	14	15	20	15	14	16	14	
20	12	20	20	16	14	13	23	14	15	20	15	14	16	20	
20	13	20	20	16	14	13	23	14	15	20	15	14	16	15	
16	13	20	21	16	14	13	23	14	15	20	15	14	16	13	
15	13	21	21	16	14	13	23	14	15	20	15	14	16	15	
13	13	21	21	16	14	13	23	14	15	21	15	14	16	16	
14	13	21	21	16	14	13	23	14	15	21	15	15	16	15	
21	13	21	21	16	14	13	23	14	15	21	15	15	16	13	
13	13	22	21	16	14	14	23	15	15	21	15	15	16	23	
15	13	22	21	16	14	14	23	16	16	21	15	15	16	21	
15	13	22	21	16	14	14	24	16	16	21	15	15	16	21	
14	13	22	21	16	14	14	24	16	16	21	15	16	16	16	
24	13	22	21	16	15	14	24	16	16	21	15	16	16	16	
21	13	22	21	16	15	14	24	16	16	21	15	17	16	16	
16	13	22	22	16	15	14	24	16	16	21	15	17	17	17	
22	13	22	22	16	15	14	24	16	16	21	15	17	17	22	
16	13	22	23	16	15	14	24	16	17	21	15	17	17	24	
24	13	23	24	16	15	14	24	16	17	21	15	17	17	15	
24	13	23	24	16	15	14	24	16	18	21	15	17	17	16	
15	13	23	24	16	15	14	24	16	18	21	15	17	18	15	
16	13	23	24	16	15	14	24	16	19	21	15	17	18	18	
16	13	23	24	16	15	14	24	16	19	21	15	17	18	16	
13	13	23	24	16	15	14	24	16	19	22	15	18	18	23	
22	13	23	24	16	16	14	24	16	19	22	15	18	18	19	
16	13	23	24	17	16	14	24	16	19	22	15	18	18	22	
22	14	23	24	17	16	14	24	16	19	22	15	18	18	16	
23	15	23	24	17	16	14	24	16	19	22	15	18	18	18	
22	15	23	24	17	16	14	24	16	19	22	15	18	18	15	
17	16	23	24	17	17	14	24	16	19	22	15	18	18	17	
23	16	23	24	17	17	14	24	16	19	22	15	19	18	24	
22	16	23	24	18	17	14	24	16	19	22	15	19	18	14	
18	16	23	24	18	17	14	24	16	19	22	15	19	18	19	
17	16	23	24	19	17	14	24	16	19	22	15	19	18	17	
23	16	23	24	19	18	14	24	16	19	22	15	19	18	19	
19	16	23	24	19	18	14	24	16	19	22	16	19	18	16	
19	16	23	24	19	19	14	24	16	20	22	17	19	18	22	
16	16	23	25	19	19	14	24	16	21	22	17	19	18	23	
22	16	23	25	19	19	14	24	16	21	22	17	19	18	19	
16	16	23	25	19	19	14	24	16	21	22	17	19	18	19	
17	16	23	25	19	19	14	24	16	21	22	17	20	18	17	
21	16	23	25	19	19	14	24	16	21	22	17	20	18	16	
22	16	23	25	19	19	14	24	16	21	22	17	20	18	19	
23	16	23	25	19	19	14	24	16	21	22	17	20	18	14	
14	16	23	25	19	19	14	24	16	21	23	17	20	18	20	
25	16	23	25	20	19	14	24	16	21	23	17	20	18	19	
19	16	23	25	20	19	14	24	16	21	23	17	20	18	21	
23	16	23	25	20	19	14	24	16	21	23	17	20	18	16	
21	16	23	25	21	19	14	24	16	21	23	17	20	18	19	
14	16	23	25	21	19	14	24	16	21	23	17	20	18	24	
16	16	23	25	22	19	14	24	16	21	23	18	20	18	16	
16	16	23	25	22	19	14	24	16	21	23	18	20	18	16	
23	16	23	25	22	19	14	24	16	21	23	18	20	18	18	
20	16	23	25	23	19	14	24	16	21	23	18	20	18	18	
16	16	23	25	23	19	14	24	16	21	23	18	20	18	23	
25	16	23	25	23	19	14	24	16	21	23	18	20	18	25	
14	16	23	25	23	19	14	24	16	21	23	18	20	18	18	
18	16	23	25	23	19	14	24	16	21	23	18	20	18	23	
16	16	23	25	23	19	14	24	17	21	23	18	20	18	18	
19	16	24	25	23	19	14	24	17	21	23	18	20	18	19	
22	16	24	25	23	19	16	24	17	22	23	18	21	18	16	
24	16	24	25	23	19	18	24	17	22	24	18	21	18	24	
21	16	24	25	23	19	18	24	17	22	24	18	21	18	25	
24	16	24	25	24	19	18	24	17	22	24	18	21	18	17	
24	16	24	25	24	19	18	24	17	22	24	18	21	18	19	
16	16	24	25	24	19	18	24	17	22	24	18	21	18	16	
24	16	24	25	24	19	18	24	17	22	24	18	22	18	18	
22	16	24	25	24	19	18	24	17	22	24	18	23	18	24	
25	16	24	25	24	19	18	24	17	22	24	18	24	18	24	
25	16	25	25	24	19	18	24	17	22	24	18	24	18	22	
18	17	25	25	24	19	18	25	17	22	24	18	24	18	18	
18	17	25	25	24	19	18	25	17	22	24	18	24	19	22	
24	17	25	25	25	19	18	26	17	22	24	18	24	19	22	
25	17	25	25	25	19	18	26	17	22	24	19	24	19	25	
24	17	25	25	25	19	18	26	17	23	24	19	24	19	25	
19	17	25	25	25	19	18	26	17	24	24	19	25	19	19	
24	17	25	25	25	19	18	26	18	24	24	19	25	19	24	
19	17	25	25	25	19	18	26	18	24	24	19	26	19	24	
26	17	25	25	25	19	18	26	18	24	24	19	26	19	18	
19	17	25	25	25	19	19	26	18	24	24	19	26	19	25	
18	17	25	25	25	19	19	26	18	24	24	19	26	19	25	
24	17	25	25	25	20	19	26	18	24	24	19	26	19	25	
26	17	25	25	25	20	19	26	18	24	24	19	26	19	17	
19	17	25	26	25	20	19	26	18	24	24	20	26	19	26	
26	17	26	26	25	20	19	26	18	24	24	20	26	19	26	
19	17	26	26	26	20	19	26	18	24	24	20	26	19	24	
19	17	26	27	26	20	19	26	18	24	24	20	26	19	27	
26	17	26	27	26	20	19	26	18	24	24	20	26	19	26	
19	17	26	27	26	20	19	26	18	24	24	20	26	19	26	
27	17	26	27	26	20	19	26	19	24	24	20	26	19	26	
19	17	26	27	26	20	19	26	19	24	24	20	26	19	19	
26	17	26	28	26	20	19	26	19	24	24	21	26	19	19	
24	17	26	28	26	20	19	26	19	24	24	21	26	19	24	
19	17	26	28	26	20	19	26	19	24	24	21	26	19	19	
28	17	26	28	26	20	19	26	19	24	24	21	26	19	26	
26	17	26	28	26	20	19	26	19	24	24	21	26	19	24	
19	17	26	28	26	20	19	26	19	24	24	21	26	19	24	
19	18	26	29	26	20	19	26	19	24	24	21	26	19	19	
29	18	26	29	26	20	19	26	19	24	24	21	27	19	27	
27	18	26	30	26	20	19	26	19	24	25	21	27	19	30	
20	18	26	30	26	20	19	26	19	24	25	22	27	19	20	
19	18	26	30	26	20	19	26	19	24	25	22	28	19	19	
19	18	26	30	26	20	19	26	19	24	25	22	28	19	26	
19	18	26	31	26	20	19	26	19	25	25	22	28	19	31	
19	18	26	31	26	20	19	26	19	25	25	22	28	19	22	
19	18	26	32	26	21	19	26	19	26	25	22	28	19	19	
22	18	26	32	26	21	19	26	19	26	25	22	28	19	19	
33	18	26	33	26	21	19	26	19	26	25	22	28	19	26	
26	18	26	33	26	21	19	26	19	26	25	22	28	19	19	
26	19	26	33	26	21	19	26	19	26	25	22	29	19	26	
34	19	26	34	26	21	19	26	19	26	26	22	29	19	21	
29	19	26	34	26	21	19	26	19	26	26	22	29	19	19	
19	19	26	34	26	21	19	26	19	26	26	22	29	19	19	
34	19	26	34	26	21	19	26	19	26	26	23	29	19	23	
21	20	26	34	26	21	19	26	19	26	26	23	29	19	19	
26	20	27	34	26	21	19	26	19	26	26	23	29	19	26	
21	20	27	34	26	21	19	26	19	26	26	23	29	19	19	
19	20	27	34	26	21	19	26	19	26	26	23	29	19	19	
29	20	27	34	26	21	19	26	19	26	26	23	29	19	29	
29	20	27	34	26	21	19	26	19	26	26	23	29	19	26	
26	20	27	34	26	21	19	26	19	26	26	24	29	19	20	
26	20	27	34	26	21	20	26	19	26	26	24	29	19	21	
26	20	27	34	26	21	20	26	19	26	26	24	29	19	24	
34	20	27	34	26	21	20	26	19	26	26	24	29	19	21	
26	20	27	34	26	21	20	26	19	26	26	24	29	19	21	
19	20	27	34	26	21	20	26	19	26	26	24	29	19	20	
20	20	27	34	26	21	20	27	19	26	26	24	29	20	21	
34	20	27	34	26	21	20	27	19	26	26	25	29	20	20	
29	20	27	34	26	21	20	28	19	26	26	25	29	20	29	
20	20	27	34	26	21	20	28	19	26	26	25	30	20	26	
26	20	27	34	26	21	20	28	19	26	26	25	30	20	26	
20	20	27	34	26	22	20	28	19	26	26	25	30	20	25	
20	20	28	34	26	22	20	28	20	26	26	25	30	20	28	
34	20	28	34	26	22	20	28	20	26	26	25	30	20	20	
25	21	28	34	26	22	20	28	20	26	26	25	30	20	25	
30	21	28	34	26	22	20	28	20	26	26	25	30	20	26	
26	21	28	34	26	22	20	28	20	26	26	26	30	20	26	
20	21	28	34	26	22	20	28	20	26	26	26	30	21	26	
34	21	28	34	26	22	20	28	20	26	26	26	30	21	28	
26	21	28	34	26	22	20	29	20	26	26	26	30	21	30	
26	21	28	34	26	22	20	29	20	26	26	26	30	21	26	
28	21	28	34	26	24	21	29	20	26	26	26	30	21	28	
21	21	28	34	26	24	21	29	20	26	26	26	30	21	20	
21	21	28	34	26	24	21	29	20	26	26	26	30	21	29	
26	21	28	35	26	24	21	29	20	26	26	26	31	21	21	
21	21	28	35	27	24	21	29	20	26	26	26	31	22	21	
21	21	28	35	27	24	21	29	20	27	26	26	31	22	26	
35	21	28	35	27	24	21	29	20	27	27	26	31	22	27	
20	21	30	37	27	24	21	29	20	27	27	26	31	22	27	
27	21	30	38	27	24	21	29	20	27	27	26	31	22	27	
30	21	30	38	27	24	22	29	20	27	27	26	31	22	20	
24	21	30	38	27	24	23	29	20	27	27	26	31	22	23	
28	22	30	38	28	24	23	29	20	27	28	26	31	22	29	
28	22	30	38	28	24	23	29	20	27	28	26	31	22	20	
27	23	30	38	28	24	23	29	20	27	28	26	31	22	31	
31	23	30	38	28	25	23	29	20	27	28	26	31	22	30	
26	23	30	38	28	25	23	29	20	27	28	26	31	22	28	
22	23	30	38	28	25	23	29	20	27	28	26	31	22	22	
23	23	30	39	28	25	23	29	21	27	28	26	31	22	25	
22	23	30	39	30	25	23	30	21	28	28	26	31	22	30	
26	23	30	39	30	25	24	30	21	28	28	26	31	22	23	
26	23	30	40	30	25	24	30	21	28	28	26	31	22	28	
28	23	30	40	30	25	24	30	21	28	28	26	31	22	26	
31	23	30	40	30	25	24	30	22	28	28	26	31	22	22	
30	23	30	40	30	25	24	30	22	28	28	26	31	22	31	
22	23	31	40	30	25	24	30	22	28	28	26	31	22	31	
30	23	31	41	30	25	24	30	22	28	28	26	31	22	25	
41	23	31	41	30	25	25	30	22	28	28	26	31	22	41	
22	23	31	41	30	25	25	30	22	28	28	26	31	22	31	
22	23	32	41	30	25	25	30	22	28	28	26	31	22	30	
41	24	32	41	31	25	25	30	22	28	29	26	31	22	22	
24	24	32	41	31	25	25	30	22	29	29	26	31	22	24	
24	24	32	41	31	25	25	30	22	29	30	26	31	22	30	
22	24	32	41	31	25	25	30	22	29	30	26	31	22	22	
29	24	32	41	31	25	25	30	22	29	31	26	31	22	29	
31	24	32	41	31	25	25	31	24	29	31	26	31	22	32	
41	24	32	41	31	25	25	31	24	29	31	26	31	22	26	
24	24	32	41	31	25	25	31	24	29	31	26	31	22	32	
32	24	32	41	31	25	25	31	24	29	31	26	31	22	31	
31	24	32	41	31	25	25	31	24	29	31	26	33	22	31	
32	24	32	41	31	25	25	31	24	29	31	26	33	22	33	
25	24	32	41	31	26	25	31	24	29	31	26	33	22	25	
33	25	33	41	31	26	26	31	24	30	32	26	33	22	33	
41	25	33	41	31	26	26	31	24	30	32	26	33	22	41	
31	25	33	41	31	26	26	31	24	30	32	26	33	22	31	
41	25	33	41	31	26	26	31	24	30	32	26	33	22	41	
32	25	33	42	31	26	26	31	24	30	32	26	33	22	24	
42	25	33	42	31	26	26	31	24	30	33	26	33	22	33	
26	25	33	42	31	26	26	31	24	30	33	26	33	22	26	
33	25	33	42	31	26	26	31	24	30	33	26	33	22	25	
26	25	33	43	31	26	26	31	24	30	33	27	33	22	24	
30	25	33	43	31	27	26	31	24	30	33	27	33	22	30	
33	25	33	43	31	27	26	31	24	30	33	27	33	22	24	
27	25	33	43	31	27	26	31	24	30	34	27	33	22	34	
33	25	33	43	31	27	26	31	24	30	34	27	33	22	33	
43	25	34	43	31	27	27	31	24	30	34	27	33	22	34	
22	25	34	43	31	27	27	31	24	30	34	27	33	22	30	
33	25	34	43	31	27	28	31	24	30	34	27	33	22	31	
43	25	34	43	31	27	28	31	24	30	34	27	33	22	34	
28	25	34	43	31	27	28	31	24	30	34	27	33	22	33	
31	25	34	43	31	27	28	31	24	30	34	27	34	22	31	
27	25	34	43	31	27	28	31	24	30	34	27	34	22	34	
27	25	34	43	31	27	28	31	24	30	34	27	34	22	43	
43	25	34	43	31	27	28	31	24	30	34	27	34	22	24	
34	25	34	43	31	27	28	31	24	30	34	27	34	22	28	
34	25	34	43	31	27	28	31	24	31	34	28	34	22	34	
34	26	34	43	31	27	28	31	24	31	34	28	34	22	31	
32	26	34	43	31	27	28	31	24	32	34	28	34	22	32	
24	26	34	43	31	27	28	31	24	32	34	28	34	22	24	
28	26	34	43	31	27	28	31	25	33	34	28	34	22	34	
22	26	34	43	31	27	28	31	26	33	34	28	35	22	33	
33	27	34	43	31	27	28	31	26	33	34	28	35	22	33	
34	27	34	43	31	27	28	31	26	33	34	29	35	22	33	
27	27	34	43	31	27	28	31	26	33	35	30	35	22	35	
31	27	34	43	31	27	28	31	26	33	35	30	36	22	34	
35	28	34	43	31	27	28	31	26	34	35	30	37	22	30	
30	28	34	43	32	27	28	33	26	34	35	30	37	22	30	
34	28	34	43	32	27	28	34	27	34	35	30	37	22	43	
27	28	34	43	32	27	28	34	27	34	35	30	37	22	34	
22	28	34	43	32	27	28	34	27	34	35	31	37	22	37	
35	28	34	43	32	27	28	34	27	34	35	31	37	22	35	
35	28	34	43	32	27	28	34	27	34	35	31	37	22	28	
43	28	34	43	32	27	28	34	27	34	35	31	37	22	27	
31	28	34	43	33	27	28	34	27	34	35	31	37	22	34	
37	28	34	43	33	27	28	34	27	35	35	31	37	22	35	
34	28	34	43	33	27	28	34	27	35	35	31	37	22	35	
34	28	34	43	34	27	28	34	27	35	35	32	37	22	28	
37	28	34	43	34	27	28	34	27	35	35	33	37	22	27	
35	28	34	43	35	27	28	34	27	35	35	33	37	22	35	
34	28	34	43	35	27	30	34	27	35	35	33	37	22	27	
30	28	34	43	35	27	30	34	27	35	36	33	37	22	33	
34	28	34	43	35	27	30	34	27	35	36	33	37	22	30	
35	28	34	43	35	27	30	35	27	35	36	33	37	22	35	
27	28	34	43	35	27	30	35	27	35	36	33	37	22	35	
34	28	34	44	35	28	30	35	27	35	36	33	37	22	27	
35	29	34	44	35	28	31	35	27	35	36	33	38	22	44	
38	29	34	44	35	28	31	35	27	35	36	33	38	22	36	
35	29	35	45	35	28	31	35	27	35	36	33	38	22	35	
29	29	35	45	35	28	31	35	27	35	36	33	38	22	35	
36	29	35	45	35	28	31	35	27	35	36	33	38	22	36	
38	29	36	45	35	28	31	35	28	35	36	33	38	22	22	
33	29	36	45	35	28	31	35	28	35	36	33	38	22	36	
35	29	36	45	36	29	31	35	28	35	37	33	38	22	36	
37	29	36	45	36	29	31	35	28	35	37	34	38	22	31	
37	29	36	45	36	30	31	35	28	35	37	34	38	22	36	
35	29	36	45	36	30	31	35	28	35	37	34	38	22	22	
36	29	36	45	36	30	31	35	28	35	37	34	38	22	28	
35	30	36	45	36	30	31	35	28	35	37	34	38	22	34	
38	30	36	45	36	30	31	35	28	35	37	34	38	22	38	
36	30	36	45	36	30	31	35	28	35	37	34	38	22	30	
31	30	36	45	36	30	31	35	28	35	37	35	38	22	31	
38	30	37	45	36	30	31	35	28	35	37	35	38	22	38	
30	30	37	45	36	30	31	35	28	35	37	35	38	23	28	
30	30	37	45	36	30	31	35	28	35	37	35	40	23	30	
30	30	37	45	36	30	31	35	28	35	37	36	40	23	35	
23	30	37	45	36	30	31	35	29	35	37	36	40	23	30	
32	30	37	45	36	30	32	35	30	35	37	36	40	23	32	
35	30	37	45	36	30	32	35	30	35	37	36	40	23	32	
46	30	37	46	36	30	32	35	30	35	37	36	40	23	35	
32	30	37	46	36	30	32	35	30	35	37	36	41	23	35	
32	30	37	46	36	30	32	35	30	35	37	36	41	23	32	
37	30	37	46	36	31	33	35	30	35	37	36	41	23	23	
36	30	37	46	36	31	33	35	30	36	37	37	41	23	35	
36	30	37	46	36	31	33	35	30	36	37	37	41	23	37	
31	30	37	46	36	31	33	35	30	36	37	37	41	23	41	
37	30	37	46	36	31	33	35	30	36	37	37	41	23	37	
36	30	37	46	36	31	33	35	30	36	37	37	41	23	23	
37	30	37	46	36	31	33	35	30	36	37	37	42	23	33	
37	30	37	47	36	31	33	35	30	36	37	37	42	23	35	
31	30	37	48	36	31	33	35	30	36	37	37	42	23	36	
37	30	37	48	36	31	33	35	30	37	37	37	42	23	48	
30	30	37	48	36	31	33	35	30	37	37	37	42	23	35	
36	30	37	48	36	31	33	35	30	38	37	37	42	23	31	
23	30	37	48	37	31	33	35	30	39	37	37	42	23	30	
33	30	37	48	37	31	33	35	30	39	37	37	42	23	37	
42	30	37	48	37	31	33	35	30	39	37	37	42	23	35	
39	30	37	48	37	31	33	35	30	39	37	38	42	23	42	
39	30	37	48	37	31	33	35	30	39	37	38	42	23	48	
23	30	37	48	37	31	33	35	30	39	38	38	42	23	31	
42	31	37	48	37	31	34	35	30	39	38	38	42	23	30	
31	31	37	49	37	31	34	35	30	39	38	38	43	23	34	
39	31	37	49	38	31	34	35	30	39	38	38	43	23	38	
35	31	37	49	38	31	34	35	30	39	38	38	43	23	34	
30	32	37	49	38	31	34	35	30	39	38	38	44	23	34	
30	32	37	50	38	31	34	35	30	39	38	38	44	23	30	
38	32	37	50	38	31	34	35	30	39	38	38	45	23	32	
38	32	37	50	39	31	34	35	30	39	38	38	45	23	35	
23	32	37	50	39	31	34	35	30	39	38	38	45	23	37	
32	32	37	50	40	31	34	35	30	39	39	38	45	24	40	
50	32	37	50	40	31	34	35	30	39	39	39	45	24	45	
37	32	37	50	40	31	34	35	30	39	39	39	45	24	39	
34	32	37	50	40	31	34	35	30	39	39	39	45	24	34	
40	32	37	50	40	31	34	37	30	40	39	39	45	24	31	
32	32	37	50	40	31	34	37	30	40	39	39	45	24	34	
50	32	38	50	40	31	34	37	30	40	39	39	45	24	50	
40	32	38	50	40	31	34	37	30	40	39	39	45	24	37	
34	32	38	50	40	31	34	37	30	40	39	39	45	24	40	
34	32	38	50	40	31	34	37	30	40	39	40	45	24	39	
38	33	38	50	40	31	34	37	30	41	39	40	45	24	34	
50	34	38	50	40	31	34	37	30	41	39	40	45	24	34	
31	34	38	50	40	31	34	37	30	41	39	40	45	24	41	
30	34	38	50	41	31	34	37	30	41	39	40	45	24	34	
37	34	39	50	41	32	34	37	31	41	39	40	45	24	40	
32	34	39	50	41	32	34	37	31	41	39	40	45	24	41	
40	34	39	51	41	33	34	37	31	41	39	40	45	24	34	
34	34	39	51	41	33	34	37	31	41	39	40	45	24	41	
34	34	40	51	41	33	34	37	31	41	39	40	45	24	45	
51	34	40	51	41	33	34	37	31	41	40	40	46	24	51	
52	34	40	52	41	33	34	37	31	41	40	40	46	25	52	
33	34	40	52	41	33	34	37	31	41	40	40	47	26	34	
40	35	40	52	41	33	34	37	31	41	40	40	47	26	40	
37	35	40	52	41	33	34	37	31	41	40	40	47	26	31	
37	35	40	52	41	33	34	37	31	41	40	41	47	26	33	
47	35	41	52	41	33	34	38	31	41	40	41	47	26	47	
41	35	41	52	41	33	34	38	31	41	40	41	47	26	41	
26	35	41	52	42	33	34	38	31	41	40	41	47	26	26	
41	35	41	52	42	33	34	38	31	41	40	41	47	26	41	
41	35	42	52	42	34	34	38	31	41	40	41	47	26	42	
31	36	42	52	42	34	34	38	31	41	40	41	47	26	34	
42	36	42	52	42	35	34	38	31	41	40	41	47	26	26	
42	36	42	52	42	35	34	38	31	41	40	41	47	26	36	
38	36	42	53	42	35	34	38	31	41	40	41	47	26	38	
40	36	42	53	42	35	34	38	31	41	40	41	47	26	53	
47	36	42	53	42	35	34	38	31	41	40	41	47	27	47	
31	36	42	53	42	35	34	38	31	42	40	41	47	27	31	
31	36	42	53	42	35	34	38	31	42	40	41	47	27	41	
53	36	42	53	42	35	34	38	31	42	40	41	47	27	34	
35	36	42	54	42	35	34	38	31	42	40	41	47	27	42	
42	36	42	54	42	35	34	38	31	42	40	41	47	27	54	
31	36	43	54	42	35	34	39	31	42	40	41	47	27	42	
43	36	43	54	42	36	34	39	31	42	40	41	47	28	42	
54	36	43	54	42	36	34	39	31	42	41	41	47	28	54	
42	36	43	54	42	36	34	39	31	42	41	41	47	28	39	
42	36	43	54	42	36	34	39	31	42	41	42	47	28	34	
36	36	43	54	42	36	34	39	31	42	41	42	47	28	36	
54	36	43	54	42	36	34	39	31	42	41	42	47	28	42	
47	36	43	54	43	36	35	39	31	42	41	43	47	28	47	
28	36	43	54	43	36	35	39	31	42	41	44	47	28	36	
44	36	43	54	43	36	35	39	31	42	41	44	47	28	47	
41	36	43	54	43	36	35	39	31	42	41	44	47	28	28	
28	36	43	54	43	37	35	39	31	42	41	44	47	28	35	
47	36	43	54	43	37	35	39	31	42	41	44	47	28	39	
35	36	43	55	43	37	35	39	31	42	41	44	47	28	37	
43	36	43	57	43	37	35	39	31	42	42	44	47	28	44	
42	36	43	57	43	38	35	39	31	42	42	44	47	29	44	
30	36	43	57	43	38	35	39	31	42	42	44	47	30	42	
43	36	43	57	43	38	35	40	31	42	42	44	47	31	40	
31	36	43	58	43	38	35	40	31	42	42	44	47	31	58	
43	36	43	58	43	38	35	40	31	42	42	44	47	31	58	
35	36	43	58	43	38	35	40	31	42	42	44	47	31	40	
35	36	43	58	43	38	35	40	31	42	42	44	47	31	43	
47	36	43	58	43	38	35	40	31	42	42	44	47	31	42	
40	36	43	58	43	38	36	40	31	43	42	44	47	31	43	
43	36	43	59	43	38	36	40	31	43	42	44	47	31	47	
31	36	43	59	43	38	36	40	32	43	42	44	47	31	31	
31	36	43	59	43	38	36	40	32	43	42	44	47	31	31	
48	36	43	59	43	39	37	40	33	44	42	44	48	31	59	
44	36	43	60	43	39	37	40	33	44	42	44	48	31	44	
40	36	43	60	43	39	37	40	33	44	42	44	48	31	60	
42	36	43	60	43	39	37	40	33	44	42	44	48	31	42	
42	36	43	60	43	39	37	40	33	44	42	44	48	31	44	
33	36	43	60	43	39	37	40	33	44	42	45	48	31	48	
62	36	43	62	43	39	37	40	33	44	42	45	48	31	31	
43	36	43	62	44	39	37	40	33	44	42	45	48	31	31	
40	36	43	62	44	39	37	40	33	44	42	45	48	31	40	
62	36	43	62	44	39	37	40	34	44	42	45	49	31	49	
45	36	43	63	44	39	37	40	34	44	42	45	49	31	37	
37	36	43	63	44	39	37	40	34	44	43	45	49	31	37	
45	36	43	64	44	39	37	40	34	45	43	45	49	31	45	
45	36	43	64	44	39	37	41	34	45	43	45	49	31	64	
45	37	43	64	44	39	37	41	34	45	43	45	49	31	45	
49	37	43	64	44	39	37	41	34	45	43	45	49	31	49	
49	37	43	64	44	39	37	41	34	45	43	45	49	31	43	
31	37	44	65	44	39	37	41	34	45	43	45	49	31	65	
49	37	44	65	44	39	37	41	34	45	43	45	49	31	49	
34	37	44	65	44	39	37	41	34	45	43	45	49	31	37	
34	37	44	65	44	39	37	41	34	45	44	45	49	32	34	
45	37	44	65	44	40	37	41	35	45	44	45	49	32	44	
44	37	44	65	44	40	37	41	35	46	44	45	49	32	40	
44	37	44	65	44	40	37	41	35	47	44	45	49	32	44	
45	37	44	65	44	40	38	41	35	47	44	45	49	32	37	
44	37	44	65	44	40	38	41	35	47	44	45	49	32	44	
49	37	44	65	44	40	38	41	35	47	44	45	49	33	38	
38	37	44	65	44	40	38	41	35	47	44	45	49	33	45	
38	37	44	65	44	40	38	41	35	47	44	45	49	33	44	
44	37	44	65	44	40	38	41	35	47	44	45	49	34	34	
35	37	44	65	44	40	39	41	35	47	44	45	49	34	39	
37	37	44	65	44	40	39	41	35	47	44	45	49	34	34	
34	37	44	65	45	40	40	41	35	47	44	45	49	34	65	
49	38	44	66	45	40	40	41	35	47	44	46	49	34	45	
41	38	44	66	45	40	40	41	35	47	44	46	49	34	46	
50	38	44	66	45	40	40	41	35	48	44	46	50	34	50	
44	38	45	66	45	40	40	41	35	48	44	46	50	34	40	
44	38	45	66	45	40	40	41	35	48	44	46	51	34	45	
44	38	46	67	45	40	40	41	35	48	44	46	52	34	67	
35	39	46	67	45	41	40	41	35	48	44	46	52	34	41	
46	39	46	67	45	41	40	41	35	48	45	46	52	34	35	
46	39	46	67	46	41	40	41	35	48	45	46	52	35	45	
67	39	46	67	46	41	40	41	35	48	45	46	52	35	45	
46	39	46	67	46	41	40	41	35	48	45	46	52	35	41	
35	39	46	67	46	41	40	41	35	48	45	46	52	35	46	
52	39	46	67	46	41	40	41	35	48	45	46	52	35	52	
67	39	46	67	46	41	40	41	36	48	45	46	52	35	41	
41	39	46	67	46	41	40	41	36	48	45	46	52	35	67	
46	39	46	67	46	41	40	41	36	48	45	46	52	35	46	
46	39	46	67	46	41	40	41	36	48	45	46	52	35	36	
48	39	46	67	46	41	40	41	36	48	45	46	52	35	45	
67	39	46	67	46	41	40	41	36	48	45	46	52	35	48	
46	39	46	67	46	41	40	41	36	48	45	46	52	35	67	
46	39	46	67	46	41	40	41	36	48	45	46	52	35	41	
46	39	46	67	46	41	40	41	36	48	45	46	52	35	46	
41	39	46	67	47	41	41	41	36	48	45	46	52	35	46	
52	39	46	67	48	42	41	42	36	48	45	46	52	35	36	
46	39	46	67	48	42	41	42	36	48	45	46	52	35	52	
67	39	46	67	48	42	41	42	36	48	45	46	53	35	67	
42	39	46	67	48	42	41	42	36	48	45	46	53	35	42	
35	41	46	67	48	42	41	42	36	48	46	46	53	35	41	
36	41	46	67	48	42	41	42	36	50	46	47	53	35	42	
41	42	46	68	48	42	41	42	36	50	46	47	53	35	41	
49	42	46	68	48	42	41	42	36	50	46	49	53	35	68	
46	42	46	68	48	43	41	42	36	50	46	49	53	35	50	
35	42	46	69	48	43	41	42	36	50	46	49	53	35	48	
42	43	46	69	48	43	41	42	36	51	46	49	53	35	42	
47	43	46	69	48	43	41	42	36	51	47	49	53	35	48	
41	43	46	69	49	43	41	42	36	51	47	49	53	35	36	
35	43	46	69	49	43	41	42	36	51	47	49	54	35	49	
42	43	47	69	49	43	41	42	36	51	47	49	54	35	42	
48	43	47	69	49	43	41	42	36	51	48	49	54	35	35	
47	43	47	69	49	43	41	42	36	51	48	49	54	35	43	
48	43	48	69	49	43	41	42	36	51	48	49	54	35	42	
51	43	48	69	49	43	41	42	36	51	48	49	54	35	69	
49	43	48	69	49	43	41	42	36	51	48	49	54	35	69	
51	43	48	69	49	44	41	43	37	51	48	49	54	35	41	
43	43	48	69	49	44	41	44	37	51	48	49	54	35	49	
51	43	48	69	49	44	41	44	37	51	48	49	56	35	44	
48	43	48	69	49	44	41	44	37	51	48	49	56	35	48	
49	43	48	69	49	44	42	44	37	51	48	49	56	35	44	
44	43	48	70	49	44	42	44	37	51	48	49	56	35	48	
44	43	48	70	49	44	42	44	37	51	48	49	56	35	43	
49	43	48	70	49	44	42	44	37	51	48	49	56	35	48	
38	43	48	71	49	44	42	44	38	51	48	49	56	35	42	
49	43	48	71	49	44	42	44	38	51	48	49	56	35	48	
44	43	48	71	49	44	42	44	38	51	48	49	56	35	44	
35	43	48	71	49	44	43	44	38	51	48	49	56	35	71	
43	43	48	71	49	44	43	44	38	51	48	49	56	35	48	
43	43	48	71	49	44	43	44	38	51	48	49	56	35	49	
43	43	48	71	50	44	43	44	38	51	48	49	56	35	43	
35	43	48	71	50	44	43	44	38	51	48	49	56	35	48	
35	43	49	71	50	44	43	44	38	51	48	49	56	35	43	
51	43	49	71	50	44	43	44	38	51	49	49	56	35	44	
44	43	49	71	50	44	44	44	38	51	49	49	56	35	49	
44	43	49	71	50	44	44	44	38	51	49	49	56	35	50	
43	43	49	72	50	44	44	44	38	51	49	49	56	36	49	
44	43	49	72	50	44	44	44	38	51	49	49	56	36	56	
44	43	49	72	50	44	44	44	38	51	49	49	56	36	49	
50	43	49	72	50	44	44	44	38	51	50	49	56	37	50	
37	43	49	72	50	44	44	44	38	51	50	49	56	37	38	
50	43	49	72	50	44	44	44	38	51	50	49	56	37	49	
50	43	49	72	50	44	44	44	38	51	50	49	56	37	37	
50	43	49	72	50	44	45	44	38	51	50	49	56	37	49	
43	43	51	72	50	44	45	44	38	51	50	49	56	37	38	
51	43	51	72	50	44	45	44	38	51	50	49	56	37	37	
38	43	51	72	50	44	45	44	38	51	50	49	56	37	72	
72	43	51	72	50	44	45	44	38	51	50	49	56	37	49	
37	43	51	72	50	44	45	44	38	51	50	49	56	37	38	
51	43	52	72	50	44	45	44	38	51	50	49	56	37	72	
51	43	52	72	50	44	45	44	38	51	50	49	56	37	51	
50	43	52	72	50	44	45	44	39	51	50	50	56	37	45	
51	43	53	72	50	44	45	44	39	51	50	50	56	37	50	
56	43	53	72	50	45	45	44	39	51	50	52	56	37	44	
50	43	53	72	50	45	46	44	39	51	50	52	56	38	50	
52	43	53	72	50	45	46	44	39	51	50	52	56	38	52	
46	44	53	73	50	45	46	44	39	51	50	52	56	38	46	
46	44	53	73	50	45	46	44	39	51	50	52	56	38	56	
39	44	53	73	50	45	46	44	39	51	50	52	56	38	39	
46	44	53	73	50	45	46	44	39	51	50	52	56	38	45	
51	44	53	73	50	45	46	44	39	51	50	53	56	38	45	
56	44	53	73	50	46	46	44	39	51	50	53	56	38	38	
44	44	53	74	50	46	46	44	39	51	50	53	56	39	44	
56	44	53	74	50	46	46	44	39	52	50	53	56	39	50	
56	44	53	74	50	46	46	44	39	52	50	53	56	39	52	
74	44	54	74	50	46	46	44	39	52	50	53	56	39	74	
52	44	54	74	50	46	46	44	39	52	50	54	58	39	39	
54	44	54	74	50	46	46	44	39	52	50	54	58	39	54	
44	44	54	74	50	46	46	45	39	52	50	54	58	39	39	
50	44	54	74	50	46	46	45	39	52	50	54	58	39	39	
44	44	54	74	50	46	46	45	39	52	50	56	58	40	44	
58	44	54	74	50	46	46	46	40	52	50	56	58	40	46	
50	44	54	74	50	46	46	46	40	52	50	56	58	40	54	
46	44	54	74	50	46	46	46	40	52	50	56	58	40	46	
74	44	54	74	50	46	46	46	40	52	50	56	58	40	50	
50	44	54	74	50	46	46	46	40	52	50	56	58	40	54	
40	44	54	74	50	46	46	47	40	52	50	56	58	40	44	
59	44	54	74	50	46	46	47	40	52	50	56	59	40	44	
51	44	54	74	50	46	46	47	40	52	51	56	59	40	51	
74	44	54	74	50	46	46	48	40	52	51	56	59	40	74	
74	45	54	74	50	47	46	48	40	52	51	56	59	40	52	
50	45	54	74	50	47	46	48	40	52	52	56	59	40	40	
48	45	55	74	50	47	46	48	41	52	52	56	59	40	48	
47	45	55	74	50	47	46	48	41	52	52	57	59	41	46	
59	45	55	74	50	47	46	48	41	53	52	57	59	41	53	
45	45	55	74	50	47	46	48	41	53	52	57	59	41	41	
48	45	55	74	50	47	46	48	42	53	52	57	59	41	53	
60	45	55	74	50	47	46	48	42	53	52	57	60	41	41	
74	45	55	74	50	47	46	48	42	53	52	57	60	41	74	
48	45	55	74	50	47	46	48	42	53	52	57	60	41	48	
53	45	55	74	50	47	46	48	42	53	52	57	60	41	55	
50	45	55	74	50	47	46	48	42	53	52	57	60	41	41	
55	45	55	75	50	48	46	48	42	53	52	57	60	41	55	
42	45	56	75	50	48	46	48	42	53	52	57	60	41	57	
42	45	56	75	50	48	46	48	42	53	52	57	61	41	61	
45	45	57	75	50	48	46	48	42	53	52	57	61	41	75	
48	45	57	75	50	48	46	48	42	53	52	57	61	41	75	
53	45	57	75	50	48	46	48	42	53	52	57	61	41	53	
57	45	57	75	50	48	46	48	42	53	52	57	61	41	57	
48	45	57	76	50	48	46	48	42	53	52	58	61	41	58	
61	45	57	76	50	48	46	48	42	54	52	58	61	41	48	
52	45	57	76	50	48	46	48	42	54	52	58	61	41	46	
58	45	57	76	50	48	46	48	42	54	52	58	61	41	58	
41	45	57	76	50	48	46	49	42	54	52	58	61	41	48	
42	45	57	76	50	48	46	49	42	54	52	58	62	42	54	
48	45	57	77	50	48	46	49	42	54	52	58	63	42	42	
54	45	57	77	50	48	47	49	42	54	52	58	63	42	52	
50	45	57	77	50	49	47	49	42	54	52	58	63	42	58	
54	45	57	78	50	49	47	49	42	54	52	58	64	43	45	
57	45	57	78	50	49	47	49	42	54	52	58	64	43	57	
64	45	57	78	50	49	47	50	42	54	52	58	64	43	47	
78	45	57	78	50	49	47	50	42	54	52	58	64	43	42	
57	45	57	78	50	49	47	50	42	54	52	58	64	43	57	
52	45	57	79	50	49	48	50	42	54	52	58	64	43	45	
64	45	57	79	50	49	48	50	42	54	52	58	64	43	50	
43	45	58	79	50	49	49	50	42	54	52	58	64	43	54	
58	45	58	79	50	49	49	50	42	54	52	58	64	43	64	
79	45	58	79	50	49	49	50	42	54	52	58	64	43	58	
43	45	58	79	50	49	49	50	42	54	52	58	65	43	65	
43	45	58	79	50	49	49	50	42	54	52	58	65	43	49	
43	45	58	79	50	49	49	50	42	54	52	58	65	43	79	
49	45	58	79	50	49	49	50	42	54	52	58	65	43	79	
52	45	58	79	50	49	49	50	42	54	52	58	65	44	49	
79	45	58	79	51	49	49	50	42	54	52	58	65	44	79	
58	45	58	79	51	49	49	50	42	54	52	58	65	44	65	
49	46	58	79	51	49	49	50	42	54	52	58	65	44	42	
50	46	58	79	51	49	49	50	42	54	52	59	65	44	58	
55	46	58	79	51	49	49	51	42	55	52	59	65	44	65	
52	46	58	79	51	49	49	51	42	56	52	59	65	44	52	
56	46	58	79	51	49	49	51	42	56	52	59	65	44	51	
79	46	58	79	51	49	49	51	42	56	52	59	65	44	65	
51	46	58	79	51	49	49	51	42	56	52	59	65	44	46	
51	46	58	79	51	49	49	51	42	56	52	59	65	44	51	
59	46	58	79	51	49	49	51	42	56	52	59	65	45	65	
52	46	58	79	51	49	49	51	42	57	52	59	65	45	51	
79	46	58	79	51	49	49	51	42	57	52	59	65	45	57	
57	46	58	79	51	49	49	51	42	57	52	59	66	45	79	
52	46	58	79	51	49	49	51	42	57	52	59	66	45	51	
46	46	58	79	51	49	49	51	42	57	52	59	66	45	57	
52	46	58	80	51	49	49	51	42	57	52	59	66	45	66	
49	46	58	80	51	49	49	53	42	57	52	59	66	45	80	
45	46	58	80	51	49	49	53	42	57	52	59	66	45	66	
49	46	58	80	51	49	49	53	42	57	52	59	66	45	51	
42	46	59	80	51	49	49	53	42	57	52	59	66	45	59	
49	46	59	80	51	49	49	53	42	57	52	59	66	45	66	
45	46	60	80	51	49	49	53	42	57	52	59	66	45	60	
46	47	60	80	51	49	49	53	42	57	52	59	66	46	46	
53	48	60	80	52	49	50	53	42	57	52	59	66	46	53	
80	48	60	80	52	49	50	53	42	57	52	59	66	46	53	
80	48	60	80	52	50	50	53	43	57	52	59	66	46	57	
66	48	60	80	52	50	50	53	43	57	52	59	66	46	43	
59	48	60	80	52	50	50	53	43	57	52	59	66	46	53	
48	48	60	80	52	50	50	53	43	57	52	59	66	46	80	
80	48	60	80	52	50	50	53	43	57	52	59	66	46	50	
52	48	60	80	52	50	50	53	44	57	52	59	66	46	48	
59	48	60	80	52	50	50	53	44	57	52	59	66	46	59	
57	49	60	80	52	50	50	53	44	57	52	59	66	46	57	
80	49	60	80	52	50	50	53	44	57	52	59	66	46	80	
52	49	60	80	52	50	50	53	45	57	52	60	66	46	52	
80	49	60	80	52	50	50	53	45	57	52	60	66	46	53	
49	49	60	81	52	50	50	53	45	57	52	61	66	46	45	
46	49	60	81	52	50	50	53	45	57	52	61	67	46	60	
52	49	60	81	52	50	50	53	45	57	52	61	67	46	45	
46	50	60	81	52	50	50	53	45	58	52	61	68	46	53	
54	50	60	81	52	50	50	54	45	58	52	61	68	46	54	
62	50	60	81	52	50	50	54	45	59	52	62	68	46	60	
45	50	60	81	52	50	50	54	45	59	52	62	68	46	60	
54	50	60	81	52	50	50	54	45	59	52	62	68	46	50	
54	50	60	82	52	50	50	54	45	59	52	62	68	46	82	
68	51	60	82	52	50	50	54	45	59	52	63	68	46	50	
82	51	60	82	52	50	51	54	45	59	52	63	68	46	63	
51	51	60	82	52	50	51	54	45	59	53	63	68	46	46	
54	51	60	82	52	50	51	54	45	59	53	63	68	46	63	
82	51	60	82	52	50	51	54	45	59	54	63	68	46	46	
52	51	60	82	52	50	51	54	45	59	54	63	68	46	51	
54	52	61	82	52	50	51	54	45	59	54	63	68	46	54	
54	52	62	83	52	51	51	54	45	59	54	63	68	46	63	
51	52	62	83	52	51	51	54	45	59	54	63	68	46	51	
46	52	62	83	52	51	51	55	45	59	54	63	68	46	52	
51	52	62	83	52	51	51	55	45	59	54	63	68	46	46	
63	52	62	83	52	51	51	55	45	59	54	63	68	47	83	
54	52	62	83	52	51	51	55	45	59	54	63	68	47	51	
63	52	62	83	52	51	51	55	45	59	54	63	69	47	83	
62	52	62	83	52	51	51	55	45	59	55	63	69	47	69	
62	52	62	83	52	51	52	55	45	59	55	63	69	47	59	
47	53	62	83	52	51	52	55	45	59	55	63	69	47	53	
48	53	62	84	52	51	52	55	45	59	55	63	69	48	62	
55	53	62	84	52	51	52	55	45	59	55	63	69	49	84	
55	53	62	84	52	51	52	55	45	59	55	63	69	49	59	
52	53	62	84	52	51	52	55	45	59	55	63	69	50	50	
59	53	62	84	52	51	52	55	45	59	55	63	69	50	59	
59	53	62	84	52	51	52	55	45	59	55	63	69	50	53	
53	53	62	84	52	51	52	55	45	59	55	63	69	50	53	
52	53	62	84	53	51	52	55	45	59	55	63	69	50	51	
84	53	62	84	54	51	52	55	45	59	55	63	69	50	53	
63	53	62	84	54	51	52	55	45	59	55	63	69	50	55	
62	53	62	84	54	52	52	55	45	59	55	63	69	50	62	
54	53	62	84	54	52	52	55	46	59	55	63	69	50	62	
52	53	62	84	54	52	52	55	46	59	55	63	69	50	52	
55	53	62	84	54	52	52	55	47	59	55	63	69	50	47	
63	53	62	84	54	52	52	55	47	59	55	63	69	50	63	
47	53	62	84	54	52	52	55	47	59	55	63	69	50	47	
47	53	62	84	54	52	52	56	47	59	55	63	69	50	59	
54	53	62	84	54	52	52	56	47	59	55	63	69	50	56	
53	53	62	84	54	52	52	56	47	59	55	63	69	50	62	
52	53	62	85	54	52	52	56	47	59	55	63	70	50	63	
52	53	62	85	54	52	52	56	47	59	55	63	71	50	52	
55	53	62	85	54	52	52	56	47	59	55	63	71	50	55	
85	53	63	85	54	52	52	57	47	59	55	63	71	50	52	
52	53	63	85	54	52	52	57	47	59	55	63	71	50	59	
50	53	63	85	54	52	52	57	47	59	55	63	71	50	53	
52	53	64	85	54	52	52	57	47	59	55	63	71	50	63	
64	53	64	85	54	52	52	57	47	59	55	63	71	50	50	
71	53	64	85	54	52	53	57	47	59	55	63	71	50	59	
51	53	64	85	54	52	53	57	47	59	55	63	71	51	54	
71	53	64	85	54	52	53	57	47	60	55	63	71	51	63	
57	53	65	85	54	52	53	57	47	60	55	64	71	51	55	
51	53	66	85	55	52	53	57	47	60	55	64	71	51	53	
60	53	66	85	55	52	53	58	47	60	56	64	71	51	58	
53	53	66	85	55	52	53	58	47	60	56	64	71	52	53	
53	53	66	85	55	52	53	58	47	60	56	64	72	52	53	
53	53	66	86	55	52	53	58	47	60	56	64	72	52	55	
88	53	66	88	55	52	54	58	47	60	56	64	72	52	52	
60	53	66	88	55	52	54	58	47	60	56	64	72	52	56	
53	53	67	88	55	52	54	58	47	60	56	64	72	52	67	
67	53	67	88	55	52	54	58	47	60	56	64	72	52	67	
88	53	67	88	55	52	54	58	47	60	56	64	72	53	60	
88	53	67	88	55	52	54	58	47	61	57	64	72	54	88	
53	53	67	88	56	52	54	58	47	61	57	64	72	55	54	
52	53	67	88	56	52	54	58	47	61	57	64	73	55	61	
64	53	67	88	56	52	54	59	48	61	57	64	73	55	64	
61	53	67	88	56	52	54	59	48	61	58	64	73	55	54	
64	54	67	89	56	52	54	59	48	61	58	64	73	55	64	
56	54	67	89	56	52	54	59	48	61	58	64	73	55	64	
54	54	67	90	56	52	54	59	48	61	58	64	73	55	73	
64	55	68	90	56	52	54	59	48	61	58	64	73	55	58	
54	55	68	91	56	52	54	59	48	61	58	64	73	55	54	
55	55	68	91	56	52	54	59	48	61	58	64	73	55	64	
54	55	68	91	56	52	54	59	48	61	58	64	73	55	61	
68	55	68	91	56	52	54	59	48	61	58	64	73	55	52	
64	55	68	91	56	52	54	59	48	61	58	64	73	55	64	
56	55	68	91	56	52	54	59	48	61	59	64	73	55	64	
74	55	68	91	56	52	54	59	48	61	59	64	74	55	55	
59	55	68	91	56	52	55	59	48	61	59	64	74	55	74	
59	55	68	91	56	52	55	59	48	61	59	64	74	56	74	
74	56	68	91	56	52	55	59	48	61	59	64	74	56	59	
56	56	68	91	56	52	55	59	48	61	59	64	74	56	91	
55	56	68	91	56	52	55	59	48	61	59	64	74	57	68	
69	56	69	91	56	52	55	60	49	61	59	64	74	57	49	
91	56	69	91	56	52	55	60	49	61	59	64	74	57	91	
55	56	69	91	56	52	55	60	49	61	59	64	74	57	55	
49	56	69	91	56	52	55	60	49	61	59	64	74	57	61	
52	56	69	91	56	52	55	60	49	61	59	64	74	57	91	
49	56	69	91	56	52	55	61	49	62	59	64	74	57	91	
69	56	69	91	56	52	55	61	49	63	59	64	74	57	55	
61	56	69	91	56	52	55	61	49	63	59	64	74	57	69	
57	56	69	91	56	53	55	61	49	63	59	64	74	57	64	
70	56	70	91	56	53	55	61	49	63	59	64	74	58	56	
56	56	70	91	56	53	55	61	49	63	59	64	74	58	63	
55	56	70	91	56	53	55	61	49	63	59	64	74	58	53	
53	56	70	91	56	53	55	61	49	63	59	64	74	58	58	
56	56	70	91	56	53	55	61	49	63	59	64	74	58	63	
91	56	70	91	56	54	55	61	49	63	59	64	74	58	54	
61	56	71	91	56	54	55	61	49	63	59	64	74	58	55	
91	56	71	91	56	54	55	61	49	63	59	64	74	58	61	
65	56	71	91	56	54	55	61	49	65	59	64	74	58	65	
56	56	71	91	56	54	55	61	49	65	59	64	74	58	91	
61	56	71	91	56	54	55	61	49	65	59	64	74	58	64	
64	56	71	91	56	54	55	61	49	65	59	64	74	58	71	
56	56	71	91	56	54	55	61	49	65	59	64	74	59	71	
61	57	71	91	56	54	55	61	49	65	59	64	74	59	61	
92	57	71	92	56	54	55	61	49	65	59	64	75	59	71	
92	57	71	92	56	54	55	61	49	65	59	65	75	59	59	
65	57	71	92	56	54	55	61	49	65	59	65	75	59	65	
71	57	71	92	56	54	55	61	49	65	59	66	75	59	59	
61	57	71	92	56	54	56	61	49	65	59	66	75	59	66	
61	57	71	92	56	54	56	61	49	65	59	66	75	59	61	
54	57	71	92	56	54	56	61	49	65	59	66	75	59	66	
55	57	71	92	56	55	56	61	49	65	59	66	75	59	55	
61	57	71	92	56	55	56	61	49	65	59	66	75	59	61	
57	57	71	92	56	55	56	61	49	65	59	66	75	59	65	
71	57	71	92	56	55	56	61	49	65	59	66	75	59	65	
75	57	71	92	56	55	56	61	49	65	59	66	75	59	56	
56	57	71	92	56	55	56	62	49	65	59	66	75	59	65	
66	57	71	92	56	55	56	62	49	66	59	66	75	59	59	
93	57	71	93	56	55	58	62	49	66	59	66	76	59	56	
55	57	71	93	56	55	58	62	49	66	59	66	76	59	76	
58	57	71	93	56	55	58	62	49	66	59	66	76	59	93	
66	57	71	93	56	55	58	62	49	66	59	66	76	59	93	
66	57	71	93	56	55	58	62	49	66	59	66	76	59	58	
58	57	71	93	56	55	58	62	49	66	59	66	76	59	58	
58	57	71	93	56	55	58	62	49	66	59	66	76	59	55	
55	57	71	93	56	55	58	62	49	66	59	67	76	59	66	
93	57	71	93	56	55	58	62	49	66	59	67	76	59	93	
67	57	71	93	56	55	58	62	49	66	59	67	76	59	93	
67	57	71	93	56	55	58	62	49	66	59	67	76	59	93	
67	57	71	93	56	55	58	62	49	67	59	67	76	59	67	
93	57	71	93	56	55	58	62	49	67	59	67	77	59	67	
49	57	71	93	56	55	58	62	49	67	60	67	77	59	71	
56	57	72	93	56	55	59	62	49	67	60	67	77	60	56	
56	57	72	93	56	55	59	62	49	67	60	67	77	60	67	
49	57	72	93	56	55	59	62	49	67	60	67	77	61	56	
94	58	72	94	56	55	59	62	49	67	60	67	77	61	94	
72	58	72	94	56	55	59	62	49	67	60	67	77	61	55	
62	58	72	94	56	55	60	62	49	67	60	67	77	61	72	
67	58	72	94	56	55	60	62	49	67	60	67	77	61	60	
67	59	72	94	56	55	60	62	50	67	60	67	78	61	60	
67	59	72	94	56	55	60	62	50	67	60	67	79	61	72	
73	59	73	94	56	55	60	62	50	67	60	67	79	61	61	
73	59	73	94	56	55	60	62	50	67	60	67	79	62	73	
60	59	73	94	57	55	60	62	50	67	60	67	79	62	62	
94	59	73	94	57	55	60	62	50	67	60	67	79	62	73	
68	59	73	94	57	55	60	62	50	68	60	67	79	62	68	
55	59	74	94	57	55	60	62	50	68	60	67	79	62	74	
60	59	74	94	57	55	60	63	50	68	60	67	79	62	59	
79	59	74	94	57	55	60	63	51	68	60	67	79	62	60	
79	59	74	94	57	55	60	63	51	68	60	67	79	62	94	
62	59	74	94	57	55	60	63	51	68	60	67	79	62	94	
51	59	74	94	57	55	60	63	51	69	60	67	79	62	59	
62	59	74	94	57	55	60	63	51	69	60	67	79	62	69	
51	59	74	94	57	55	61	63	51	69	61	67	79	62	94	
79	59	74	94	57	55	61	63	51	69	61	67	79	62	59	
74	59	74	94	57	55	61	63	51	69	61	67	79	62	59	
57	59	74	94	57	55	61	63	51	69	61	67	79	63	55	
69	59	74	94	57	55	61	63	51	69	61	67	79	63	57	
52	59	74	94	57	55	61	63	52	69	61	67	79	63	74	
63	59	74	94	57	55	61	63	52	69	62	67	79	63	59	
74	59	74	94	57	55	61	63	52	69	63	67	79	64	63	
63	59	74	94	57	55	61	63	52	69	63	67	79	64	59	
64	59	75	94	57	55	61	63	52	69	63	67	79	64	59	
75	59	75	94	57	55	61	63	52	69	63	67	79	64	63	
79	59	75	94	57	55	61	64	52	69	63	67	79	64	63	
63	59	75	94	57	55	61	64	52	69	63	67	79	64	79	
64	59	75	94	57	55	61	64	52	69	63	67	79	64	57	
69	59	75	94	57	55	61	64	52	69	63	67	80	64	75	
80	59	75	94	57	56	61	64	52	69	63	67	80	64	80	
67	59	76	94	57	56	61	64	52	69	64	67	80	64	76	
94	59	76	94	57	56	61	64	52	69	64	67	80	64	69	
52	59	76	94	57	56	61	64	52	69	64	67	80	64	94	
57	59	77	94	57	56	61	64	52	70	64	67	80	64	94	
57	59	77	94	57	56	62	64	52	70	64	67	80	64	64	
64	59	77	94	57	56	62	64	52	70	64	67	80	64	80	
80	59	78	94	57	56	62	64	52	70	65	67	80	64	59	
57	59	78	94	57	56	62	64	52	70	65	67	80	64	62	
62	59	78	94	57	56	62	64	52	70	65	67	80	64	62	
94	60	78	94	57	56	62	65	52	70	65	67	80	64	94	
65	60	78	94	57	56	62	65	52	70	65	67	80	64	65	
70	60	78	94	57	56	62	65	52	70	65	67	80	64	94	
78	60	78	94	57	56	62	65	52	70	65	67	80	64	65	
62	60	78	94	57	56	62	65	52	70	65	67	80	64	78	
80	60	78	94	57	56	62	65	52	70	65	67	80	64	57	
80	60	78	94	57	56	62	65	52	70	65	67	80	64	78	
80	60	78	95	57	56	62	65	52	70	65	67	80	64	70	
64	60	78	95	57	56	62	65	52	71	65	67	80	64	52	
65	60	78	96	57	56	62	65	52	71	65	67	80	65	78	
57	60	78	97	57	56	62	65	52	71	65	68	80	65	56	
65	60	78	97	57	56	62	65	52	71	65	68	80	65	65	
57	60	78	97	57	56	62	65	52	71	65	68	80	65	80	
52	60	78	97	57	56	62	65	52	71	65	68	80	65	52	
71	60	78	97	57	56	62	65	52	71	65	68	80	65	80	
69	60	78	97	57	56	62	65	52	71	65	69	80	65	71	
69	60	78	97	57	56	62	65	52	71	66	69	80	65	80	
56	60	78	97	58	56	62	65	52	71	66	69	80	65	65	
78	60	78	98	58	56	62	65	52	71	66	69	80	65	56	
65	60	78	98	58	56	62	65	52	71	66	69	80	65	78	
78	60	78	98	58	56	62	65	52	71	67	69	80	65	67	
98	60	78	98	58	56	62	65	52	71	67	69	80	65	62	
52	61	78	98	58	56	62	65	52	71	67	69	80	65	78	
67	61	78	98	58	56	62	65	52	71	67	69	80	65	61	
66	61	78	98	58	56	62	65	52	71	67	69	80	66	80	
67	61	78	98	58	56	62	65	52	71	67	69	80	66	62	
98	61	78	98	58	56	62	65	52	71	67	69	80	67	69	
78	61	78	98	58	56	62	65	52	71	67	69	80	67	71	
71	61	78	98	58	56	62	65	52	71	67	70	80	67	98	
80	61	78	98	58	56	62	65	52	71	67	71	80	67	65	
67	61	78	98	58	56	62	65	52	71	67	71	80	67	78	
78	61	78	98	58	56	62	65	52	71	67	71	80	68	61	
62	61	78	98	58	56	62	65	52	71	67	71	80	68	68	
80	61	78	99	58	56	62	65	52	71	67	71	80	69	80	
69	61	78	99	58	56	62	65	52	71	67	71	80	69	62	
65	61	78	99	58	56	63	65	52	71	67	71	80	69	65	
69	61	78	99	58	56	63	66	52	71	67	72	80	69	69	
79	61	79	99	58	57	63	66	52	71	67	72	81	69	63	
57	61	79	100	58	57	63	66	52	71	67	72	81	70	72	
72	61	79	100	58	57	64	66	52	71	67	72	81	70	66	
71	61	79	100	58	57	64	66	52	71	67	72	81	72	81	
79	61	79	100	58	57	65	66	53	71	67	72	81	72	81	
72	61	79	100	58	57	65	66	53	71	67	72	81	72	53	
72	62	79	100	58	57	66	66	53	71	67	72	82	72	72	
100	62	79	100	59	57	66	66	53	71	67	72	82	72	72	
67	62	79	100	59	57	66	66	53	71	67	72	82	72	66	
59	62	79	100	59	57	66	66	53	71	67	72	82	72	66	
73	62	79	100	59	57	66	66	53	71	67	72	82	73	57	
66	62	79	100	59	58	66	66	53	71	67	72	82	73	66	
100	62	79	100	59	58	66	66	53	71	67	72	82	73	72	
62	62	79	100	59	58	66	66	53	71	67	72	82	73	66	
67	62	79	100	59	58	66	66	53	71	67	72	82	73	100	
74	62	80	100	59	58	66	66	53	71	67	72	82	74	100	
74	62	80	100	59	58	66	66	53	71	67	72	82	74	82	
80	62	80	100	59	58	66	66	54	71	67	72	82	74	80	
66	62	80	100	59	58	66	66	54	72	67	72	82	74	54	
82	62	80	100	59	58	66	66	54	72	67	72	82	74	72	
67	62	80	100	59	58	66	67	54	73	67	72	82	74	66	
74	62	80	100	59	58	66	67	54	74	67	72	82	74	82	
72	62	80	100	59	58	66	67	54	74	67	72	82	75	75	
75	62	80	100	59	59	66	67	54	74	67	72	82	75	66	
100	63	80	100	59	59	66	68	54	74	67	72	82	75	59	
54	63	80	100	59	59	66	68	54	74	67	72	82	75	80	
67	63	81	100	59	59	66	68	54	74	67	72	82	75	67	
59	63	81	100	59	59	66	68	54	74	68	72	82	75	59	
72	63	81	100	59	59	66	68	54	74	68	72	82	75	82	
100	63	81	100	59	59	66	68	54	74	68	72	82	75	100	
54	63	81	100	59	60	66	68	54	74	68	72	82	75	60	
68	63	81	100	59	60	66	68	54	74	68	72	82	75	82	
82	63	81	100	59	60	66	68	54	74	68	72	82	75	82	
66	63	81	100	59	60	66	68	54	74	68	72	82	75	59	
59	63	81	100	59	60	66	68	54	75	68	72	82	75	72	
60	63	82	100	59	60	66	68	54	75	68	72	82	75	82	
55	64	82	100	59	60	66	69	55	75	68	72	82	75	68	
82	64	82	100	59	60	66	69	55	75	68	72	82	75	60	
66	64	82	101	59	60	66	69	55	75	69	75	82	75	64	
60	64	82	101	59	60	66	69	55	75	69	75	82	75	69	
75	64	82	101	59	60	66	69	55	75	69	75	82	75	75	
75	64	82	101	59	60	66	69	55	75	69	75	82	75	69	
69	64	82	101	59	60	66	69	55	76	69	75	83	75	69	
102	64	82	102	59	60	66	69	55	76	70	75	83	75	75	
55	64	83	102	59	60	66	70	55	76	70	75	83	75	60	
83	64	83	102	59	60	67	70	55	76	70	75	83	75	83	
56	65	83	102	59	60	67	70	56	76	70	75	83	75	70	
59	65	83	102	59	60	67	70	56	76	71	75	83	75	59	
56	65	83	102	59	60	67	70	56	76	71	75	83	75	71	
65	65	83	103	60	60	67	70	56	76	71	76	83	75	76	
76	66	83	104	60	60	67	70	56	76	71	76	83	75	75	
76	66	83	104	60	60	68	70	56	76	71	76	83	75	83	
104	67	83	104	60	60	68	70	56	76	71	76	83	75	70	
67	67	83	104	62	60	68	70	56	76	71	76	83	75	76	
76	68	83	104	62	60	68	70	56	76	71	76	83	75	76	
76	68	84	104	62	60	68	70	56	76	71	76	83	75	83	
76	68	84	104	62	60	68	70	56	76	71	76	84	75	104	
75	68	84	104	62	60	68	70	56	76	71	76	84	75	84	
70	68	84	105	63	61	68	70	56	77	71	76	84	75	84	
77	68	84	105	63	61	68	71	56	77	71	76	84	75	105	
77	68	84	105	63	61	68	71	56	77	71	76	84	75	68	
84	69	84	106	63	61	69	71	56	77	71	76	84	75	106	
69	69	84	106	63	61	69	71	56	77	71	76	84	76	63	
63	69	84	106	63	61	69	71	56	77	71	76	84	77	77	
77	69	84	106	63	61	69	71	56	77	71	76	84	77	76	
63	69	84	106	63	61	69	71	56	77	71	76	85	77	71	
84	69	84	106	63	61	69	71	56	77	71	76	85	77	84	
84	69	84	106	63	61	69	72	56	77	71	76	85	77	56	
106	69	84	106	63	61	69	72	56	77	71	76	85	77	69	
63	69	84	106	63	61	69	72	56	77	71	76	85	77	85	
76	69	84	106	63	61	69	73	56	77	71	76	85	77	77	
63	69	84	106	63	61	69	73	56	77	71	76	85	77	56	
63	70	84	106	63	61	69	73	56	77	71	76	85	77	69	
107	70	84	107	63	61	69	73	56	77	71	76	85	77	107	
69	70	84	107	63	61	69	73	56	77	71	76	85	77	84	
85	70	84	107	63	61	69	73	56	78	71	76	85	77	107	
61	70	84	107	63	61	69	73	56	79	71	76	85	77	61	
71	70	84	107	63	61	69	73	56	79	71	76	85	77	107	
70	70	84	108	63	61	69	73	56	79	72	76	85	78	70	
72	70	84	108	63	62	69	73	56	79	72	76	85	78	76	
63	70	84	108	63	62	69	73	56	79	72	76	85	78	63	
73	70	84	108	63	62	69	73	56	79	72	76	85	78	73	
70	70	85	108	63	62	69	73	56	79	72	76	85	79	70	
76	70	85	108	63	62	69	73	56	79	72	76	85	79	76	
62	70	85	109	63	62	69	73	56	79	72	76	85	79	69	
76	70	85	109	63	62	70	73	56	79	72	76	85	79	79	
70	70	85	109	63	62	70	73	56	79	72	77	85	79	70	
79	70	85	109	63	63	70	73	56	79	72	77	85	79	73	
79	70	85	109	63	63	70	73	56	79	72	77	85	79	85	
85	70	85	109	63	63	70	73	56	79	72	77	85	79	109	
70	70	85	109	63	63	70	73	56	79	72	77	86	80	85	
72	70	85	110	63	63	70	73	56	79	72	77	86	80	72	
80	70	85	110	63	63	70	73	56	79	72	77	86	80	80	
63	70	85	110	63	63	70	73	56	79	72	77	86	80	79	
70	70	85	110	63	63	70	73	56	79	72	77	86	80	86	
86	70	85	110	63	63	70	73	56	79	72	77	86	80	85	
77	70	85	110	63	63	70	74	56	79	72	77	86	80	77	
110	70	85	110	63	63	70	75	56	79	72	77	86	80	86	
79	70	85	110	63	63	70	75	56	79	72	77	87	80	79	
77	70	85	110	63	63	70	75	57	79	72	77	87	80	77	
63	70	85	110	63	63	70	75	57	79	72	77	87	80	75	
63	70	85	110	63	64	70	75	57	79	72	77	87	80	77	
80	70	85	110	63	65	70	76	57	79	73	77	87	80	70	
77	70	85	110	63	65	70	76	57	79	73	77	87	80	110	
77	70	85	111	64	65	70	76	57	79	73	77	87	80	87	
70	70	85	111	64	65	70	77	57	79	73	77	87	80	70	
77	70	85	111	64	65	70	77	57	79	73	77	87	80	87	
85	70	85	111	64	65	70	77	57	79	73	77	87	80	77	
111	70	85	111	64	65	70	77	57	79	73	78	87	80	87	
73	70	85	111	64	65	70	77	57	79	73	78	87	80	64	
64	70	85	111	64	65	70	77	57	79	73	78	87	80	87	
65	70	85	111	64	65	70	77	57	79	73	78	87	80	64	
111	70	85	111	64	65	70	78	57	79	73	78	87	80	70	
85	70	85	111	64	65	70	78	57	79	73	78	87	80	70	
80	71	85	111	64	65	70	78	57	80	73	78	87	80	78	
65	71	85	111	64	65	70	78	57	80	73	78	87	80	80	
78	71	85	111	64	66	70	79	57	80	73	78	87	80	70	
80	71	85	111	64	66	70	79	57	80	73	78	87	80	78	
87	71	85	111	64	66	70	80	57	80	73	78	87	80	71	
71	71	85	111	64	66	70	80	57	80	73	78	87	80	71	
73	71	85	111	64	66	70	80	57	80	73	78	87	81	111	
111	71	86	111	64	66	71	80	57	80	73	78	87	81	80	
111	71	86	111	64	66	71	80	57	80	73	78	87	81	111	
86	71	86	111	64	66	71	80	57	80	73	78	87	81	66	
111	71	86	111	64	66	71	80	57	80	73	78	87	81	81	
71	71	86	111	64	66	71	80	57	80	73	78	87	81	71	
112	71	86	112	64	66	72	80	57	80	73	78	87	82	112	
80	71	86	112	64	66	72	80	57	80	73	78	87	82	80	
82	71	86	112	64	66	72	80	57	80	73	78	87	82	82	
87	71	87	113	65	66	72	80	57	80	73	78	87	82	87	
80	71	87	114	65	66	72	80	57	80	73	78	87	82	87	
87	71	87	114	65	66	72	80	57	80	73	78	87	82	78	
65	72	87	114	65	66	72	80	57	80	73	78	87	82	66	
87	72	87	114	65	66	72	80	57	80	73	78	87	82	87	
82	72	87	114	66	66	72	80	57	80	73	78	87	82	82	
114	72	87	114	66	66	72	80	57	80	73	78	88	82	78	
78	72	87	114	66	66	72	80	57	80	73	78	88	82	82	
114	72	87	114	66	66	72	80	57	80	73	78	88	82	82	
80	72	88	114	66	67	73	80	57	80	73	78	88	82	88	
80	72	88	114	66	67	73	80	57	80	73	78	88	82	88	
114	72	88	114	66	67	73	80	57	80	73	78	88	82	82	
78	72	88	114	66	67	73	80	57	80	73	78	88	82	72	
80	72	88	114	66	67	73	80	57	80	73	78	88	82	88	
67	72	88	114	66	67	73	80	57	80	73	78	88	82	78	
80	74	88	115	66	67	73	80	57	80	73	78	88	82	80	
66	74	89	116	66	67	73	80	57	80	73	78	89	82	80	
89	74	89	116	66	68	73	80	57	80	74	79	89	82	82	
73	74	89	116	66	68	73	80	57	80	74	79	89	82	73	
79	74	89	117	66	68	73	80	57	81	74	79	89	82	73	
89	74	89	117	67	68	73	80	57	81	74	79	89	82	89	
68	74	89	117	67	68	73	80	57	82	74	79	89	82	68	
89	74	89	117	67	68	73	81	57	82	74	79	89	82	82	
75	74	89	117	67	68	73	81	57	82	75	79	89	83	89	
75	74	89	117	67	68	73	81	57	82	75	79	89	83	75	
68	74	89	117	67	68	73	81	57	82	75	79	89	83	117	
74	74	89	118	67	68	73	81	57	82	75	79	89	83	74	
82	74	89	118	67	68	73	81	57	82	75	79	89	83	73	
89	74	89	118	67	68	74	81	57	82	75	79	89	83	89	
89	74	89	118	67	68	74	81	57	82	76	79	89	83	74	
89	74	89	118	67	68	74	81	57	82	76	79	89	83	89	
89	74	89	119	67	69	74	81	57	82	76	79	89	83	82	
82	75	89	119	67	70	74	81	57	82	76	79	89	83	82	
70	75	89	119	67	70	74	81	57	82	76	79	89	83	82	
57	75	89	119	67	70	74	81	57	82	76	79	89	83	83	
81	75	89	119	67	70	74	81	57	82	76	79	89	83	89	
76	75	89	119	67	70	74	81	57	82	76	79	89	83	81	
119	75	89	119	67	71	74	81	57	82	76	79	89	83	119	
89	75	89	119	67	71	74	81	57	82	76	79	89	83	89	
79	75	89	119	67	71	74	81	57	82	76	79	89	83	81	
75	75	89	119	67	71	75	81	58	82	76	79	89	83	79	
119	75	90	119	67	71	75	81	58	82	76	79	89	84	84	
119	75	90	119	67	71	75	81	58	82	76	79	89	84	82	
67	75	90	119	67	72	75	81	58	82	76	80	89	84	72	
68	75	90	119	68	72	75	81	58	82	76	80	89	84	81	
119	75	90	119	68	72	76	81	58	82	76	80	89	84	89	
72	75	90	119	68	72	76	81	58	82	76	80	89	84	82	
76	75	90	120	68	72	76	81	58	82	76	80	89	84	82	
76	76	90	120	68	72	76	81	58	82	76	80	89	84	90	
84	76	90	120	68	72	76	81	58	82	76	80	89	84	84	
89	76	90	120	68	72	76	81	59	82	76	80	89	84	76	
68	76	90	120	68	72	76	81	59	82	76	80	89	84	89	
76	76	90	121	68	72	76	81	60	82	76	80	89	84	82	
69	76	90	121	69	73	76	81	60	82	76	80	89	84	90	
69	76	90	123	69	73	76	81	60	82	76	80	89	84	81	
76	76	90	123	69	73	76	81	60	82	76	80	89	84	90	
76	77	90	123	70	73	76	81	60	82	77	80	89	84	70	
90	77	90	123	70	73	76	81	60	82	77	80	89	84	82	
60	77	90	123	70	73	76	81	60	82	77	80	89	84	81	
60	77	90	123	70	74	76	81	60	82	77	82	89	84	82	
89	77	90	123	70	74	76	81	60	83	77	82	89	84	90	
123	77	90	123	70	74	76	81	60	83	77	82	89	84	84	
60	77	90	123	71	75	77	81	60	83	77	82	89	85	75	
85	77	90	123	71	75	77	81	60	83	77	82	89	85	82	
77	77	90	123	71	75	77	81	60	83	77	82	89	85	82	
60	77	90	123	71	75	77	81	60	83	77	82	89	85	60	
83	77	90	123	71	75	77	81	60	83	77	82	89	85	77	
75	77	90	124	71	75	77	81	60	83	77	82	89	85	75	
77	77	90	124	72	75	77	81	60	83	77	82	89	85	81	
85	77	90	124	72	75	77	81	60	83	77	82	89	85	60	
82	77	90	125	72	75	77	81	60	83	77	82	89	85	89	
77	77	90	125	72	75	77	81	60	83	77	82	89	85	85	
75	77	90	125	72	75	77	81	60	83	77	82	89	85	72	
77	77	90	125	72	75	77	81	60	83	77	82	89	85	77	
77	77	90	125	72	75	77	81	60	83	77	82	89	85	89	
125	77	90	125	72	76	77	81	60	83	77	83	89	85	60	
60	77	90	125	72	76	77	81	60	83	77	83	89	85	90	
60	77	90	125	72	76	77	81	60	83	77	83	89	85	72	
84	77	90	126	72	76	77	81	60	83	77	84	89	85	77	
81	77	90	126	72	76	77	81	60	83	77	84	89	85	81	
60	77	90	126	72	76	77	81	60	83	77	84	89	85	89	
76	78	90	126	72	76	77	81	61	83	77	84	89	85	76	
81	78	90	126	72	76	77	81	61	83	77	84	89	85	126	
89	78	90	126	72	76	77	81	61	83	77	84	89	85	85	
90	78	90	126	72	76	77	81	63	83	77	84	89	85	83	
89	78	90	126	72	76	78	81	63	83	77	84	89	85	84	
126	78	90	126	72	76	78	81	63	83	77	84	90	85	126	
126	78	90	126	72	77	78	81	63	83	77	84	90	85	77	
90	78	90	126	72	77	78	81	63	83	77	84	90	85	90	
72	79	90	126	72	77	78	81	63	83	77	84	90	85	90	
90	79	90	126	72	77	78	81	63	83	77	84	90	86	86	
90	79	90	126	72	77	78	81	63	83	77	84	90	86	77	
126	79	90	126	72	77	78	81	63	83	77	84	90	86	90	
77	79	90	126	72	77	78	81	63	83	77	84	90	86	126	
83	79	90	126	72	77	78	81	63	83	77	84	90	87	72	
72	79	90	127	72	77	78	81	63	83	77	84	90	87	87	
77	79	90	127	72	77	78	82	63	83	77	84	90	87	77	
84	79	90	127	72	77	78	82	63	83	77	84	90	87	90	
84	79	90	127	72	77	78	82	63	83	77	84	90	87	63	
82	79	90	127	72	77	78	82	63	83	77	84	90	87	82	
79	79	90	127	72	77	78	82	63	83	77	84	90	87	127	
72	79	91	127	72	77	78	82	63	83	77	85	90	87	77	
63	79	91	127	72	77	78	82	63	83	77	85	90	87	83	
90	79	91	127	72	77	78	82	63	83	77	85	90	87	87	
91	80	91	127	72	77	78	82	63	83	77	85	90	87	127	
90	80	91	127	72	77	79	82	63	83	77	85	90	87	90	
77	80	91	127	72	77	79	83	63	84	77	85	90	87	87	
83	80	91	127	72	77	79	83	63	84	77	85	90	87	79	
87	80	91	127	72	77	79	83	63	84	78	85	90	87	87	
90	81	91	127	72	77	79	83	63	84	78	85	90	87	63	
91	81	91	127	72	77	79	83	63	84	78	85	91	87	127	
85	81	91	128	72	77	79	83	63	85	78	85	91	87	87	
81	81	91	128	72	77	79	83	63	85	78	85	91	87	83	
128	81	91	128	72	77	79	83	63	85	78	85	92	87	128	
128	81	91	128	72	77	79	83	63	85	78	85	92	87	128	
81	81	91	128	73	77	79	84	63	85	78	85	92	87	63	
91	81	91	128	73	77	79	84	63	85	78	85	92	87	128	
81	81	91	128	73	77	79	84	63	85	78	85	92	87	78	
85	81	93	128	73	77	79	84	63	85	78	85	92	87	78	
79	81	93	128	73	77	79	84	63	85	78	85	92	87	93	
128	81	93	128	73	77	79	84	63	85	78	85	92	87	84	
128	81	93	128	73	77	79	84	63	85	78	85	92	87	63	
85	81	93	128	74	77	79	84	63	85	78	85	92	87	128	
77	81	93	128	74	77	79	84	63	85	78	85	92	87	84	
81	81	93	128	74	78	79	84	63	85	78	85	92	87	128	
79	81	93	128	74	78	79	85	63	85	78	85	92	87	78	
85	81	93	128	74	78	79	85	63	85	78	85	92	87	92	
63	81	93	128	74	78	79	85	63	85	78	85	92	87	63	
128	81	93	128	74	78	79	85	63	85	78	85	92	87	93	
92	81	93	128	75	78	79	85	63	85	78	85	92	87	81	
78	81	93	130	75	78	79	85	63	85	78	85	92	87	93	
63	81	93	130	75	78	79	85	63	85	78	85	92	87	63	
78	81	93	130	75	78	79	85	63	85	78	85	92	87	85	
79	81	93	130	76	78	79	85	63	85	78	85	92	87	130	
85	81	93	130	76	78	79	85	63	85	78	85	92	87	130	
85	81	93	130	76	78	79	86	63	85	78	85	92	87	85	
85	81	93	130	76	78	79	86	63	85	78	85	92	87	79	
94	81	94	130	77	78	79	86	63	85	79	85	92	88	94	
81	81	94	130	77	78	79	86	63	85	79	85	92	88	81	
88	81	94	130	77	78	79	86	63	85	79	85	92	88	88	
77	81	94	130	77	78	79	86	63	85	79	85	93	88	85	
88	81	94	130	77	78	79	86	63	87	79	85	93	88	87	
130	81	94	130	77	79	79	86	64	87	79	85	93	88	79	
93	81	94	130	77	79	79	86	64	87	79	85	93	88	81	
86	81	94	130	77	79	79	86	65	87	79	85	93	88	88	
88	81	94	130	77	79	80	86	65	87	79	85	93	88	88	
65	81	94	130	77	79	80	86	65	87	79	85	93	88	86	
81	81	94	130	77	79	80	87	65	87	79	85	93	88	87	
65	81	94	130	77	79	80	87	65	87	79	85	94	88	80	
65	81	94	130	77	79	80	87	65	87	79	85	94	88	65	
88	81	94	130	77	79	80	87	65	87	79	85	94	88	88	
81	81	94	130	78	79	80	87	65	87	79	85	94	88	81	
94	81	94	130	78	79	80	87	65	87	79	85	94	88	80	
88	81	94	130	78	79	80	87	65	87	79	85	94	88	79	
94	81	94	130	78	79	80	87	65	87	79	85	94	88	79	
94	81	94	130	78	79	80	87	65	87	79	85	94	88	87	
79	81	94	131	78	79	80	87	65	87	79	85	94	88	85	
94	81	94	131	80	79	80	87	65	87	79	85	94	88	88	
65	81	94	131	80	79	80	87	65	87	79	85	94	88	81	
87	81	94	131	80	79	80	87	65	87	79	85	94	88	131	
87	81	94	131	80	79	80	87	65	87	79	85	94	88	94	
94	81	94	131	80	79	80	88	65	87	79	85	94	88	88	
65	81	94	131	80	79	80	88	65	87	79	85	94	88	80	
131	81	94	131	80	79	80	88	65	87	79	85	94	88	87	
79	81	94	131	80	79	80	88	65	87	79	85	94	88	79	
81	81	94	132	81	79	80	88	65	87	79	85	94	88	79	
79	81	94	132	81	79	80	88	65	87	79	86	94	88	79	
88	81	94	132	81	79	80	88	65	87	80	86	94	88	86	
132	81	94	132	81	79	80	88	65	87	80	86	95	88	81	
88	82	94	133	81	79	80	88	65	87	80	86	95	89	95	
82	82	94	133	81	79	80	88	65	87	80	86	95	89	133	
134	82	94	134	81	79	80	88	65	87	80	86	95	89	95	
88	82	94	134	81	79	80	88	65	87	80	86	95	89	94	
79	82	94	134	82	79	80	88	65	87	80	86	95	89	79	
81	83	94	134	83	79	81	88	65	87	80	86	95	89	134	
80	83	94	134	83	79	81	88	65	87	80	86	95	89	134	
83	83	94	134	83	79	81	88	65	87	80	86	95	89	83	
83	83	94	134	83	80	81	88	65	87	80	87	95	89	89	
94	83	94	134	83	80	82	88	65	87	80	87	95	89	134	
94	83	94	134	83	80	82	88	65	87	80	87	95	89	83	
87	83	95	134	83	80	82	88	65	87	80	87	95	89	83	
80	83	95	135	83	80	82	88	65	87	80	87	95	89	135	
89	83	95	135	85	80	82	88	65	87	80	87	95	89	87	
83	83	95	135	85	80	82	88	65	87	80	87	95	89	135	
89	83	95	135	85	80	82	88	65	87	80	87	95	89	82	
89	83	95	135	85	80	82	88	65	87	80	87	95	89	88	
135	83	95	135	85	80	82	88	65	88	80	87	95	89	135	
65	83	95	135	85	80	82	88	65	88	80	87	95	89	80	
80	83	95	135	85	80	82	88	65	88	80	87	95	89	135	
83	83	95	135	85	80	82	88	65	88	80	88	95	89	88	
80	83	95	136	85	80	82	88	65	88	80	88	95	89	136	
82	83	95	136	85	80	82	89	65	88	80	88	95	89	80	
83	83	95	136	85	80	82	89	65	88	80	88	95	89	136	
136	83	95	136	85	80	82	89	65	88	80	88	95	89	136	
89	83	95	136	85	80	82	89	65	88	80	88	95	89	89	
65	83	95	136	85	80	82	89	65	88	80	88	95	89	83	
89	83	95	136	85	80	82	89	65	88	80	88	96	89	136	
89	83	95	136	85	80	82	89	65	88	81	88	96	89	96	
88	83	95	136	85	80	82	89	65	88	81	88	96	89	89	
88	84	95	136	85	80	82	89	65	88	81	88	96	89	88	
82	84	95	136	85	80	82	89	65	89	81	88	96	89	95	
96	85	95	136	85	80	82	89	65	89	81	88	96	89	95	
85	86	95	136	85	80	82	89	65	89	81	88	96	89	82	
89	86	95	137	85	80	82	89	65	89	81	88	96	89	89	
89	86	95	137	85	80	82	89	65	89	81	88	97	89	80	
88	86	95	137	85	82	82	89	65	89	81	88	97	89	88	
95	86	95	137	85	82	82	89	65	89	81	88	97	89	97	
89	86	96	137	85	82	82	90	65	89	81	88	97	89	81	
89	86	96	138	85	82	82	90	65	89	81	88	97	89	82	
82	86	96	138	85	82	82	90	65	89	81	88	97	89	82	
138	86	96	138	85	82	82	90	65	89	81	88	97	89	138	
82	86	96	138	85	82	82	91	65	89	81	88	97	89	89	
138	86	96	138	85	82	83	91	65	89	81	88	97	89	65	
138	86	96	138	85	82	83	91	65	89	81	88	97	89	138	
97	86	96	138	85	82	83	91	65	89	81	88	97	89	86	
91	86	96	138	85	82	84	91	65	89	81	88	97	89	91	
138	86	96	138	85	82	84	91	65	89	81	88	97	89	138	
86	86	96	138	86	82	84	91	65	89	81	88	97	89	138	
84	86	96	138	86	82	84	91	65	89	81	88	97	89	96	
86	86	96	138	86	82	84	91	65	89	81	88	97	90	138	
84	86	97	138	86	82	84	91	65	89	81	88	98	90	138	
98	86	97	139	86	83	84	91	65	89	82	88	98	90	83	
82	86	97	139	86	83	85	91	65	89	82	88	98	90	89	
97	86	97	140	86	83	85	91	65	89	82	88	98	90	65	
85	86	97	140	86	83	85	91	65	89	82	88	98	90	82	
141	86	97	141	86	83	85	91	65	89	82	88	98	90	97	
83	86	97	141	86	83	86	91	65	89	82	88	98	90	86	
141	86	97	141	87	83	86	91	65	89	82	88	98	90	141	
82	86	97	141	87	83	86	91	65	89	82	88	98	90	98	
83	86	97	141	88	83	86	92	65	90	82	88	98	90	88	
92	86	97	141	88	83	86	92	65	90	82	88	98	90	97	
88	86	98	141	89	83	86	92	65	90	82	88	98	90	86	
141	86	98	141	89	83	86	92	65	90	82	88	98	90	83	
86	86	98	141	89	83	86	92	65	90	82	89	99	90	86	
99	87	98	141	89	83	86	93	65	90	82	89	99	90	89	
87	87	99	141	89	83	86	93	65	90	83	89	99	90	99	
86	87	99	141	89	83	86	93	65	90	83	89	99	90	99	
89	87	99	141	89	83	86	93	65	90	83	89	99	90	65	
89	87	99	141	89	83	87	93	65	90	83	89	99	90	87	
99	87	99	141	89	83	87	93	65	90	83	89	99	90	99	
65	87	99	141	90	83	87	93	65	90	83	89	99	90	99	
99	87	99	141	90	83	87	93	65	90	84	89	99	90	90	
83	87	99	141	90	83	87	93	65	90	84	89	99	90	99	
90	87	99	141	90	83	88	93	65	91	84	89	99	90	90	
87	87	99	141	90	83	88	93	65	91	84	89	99	90	65	
83	87	99	142	90	83	88	93	65	91	84	89	99	90	91	
89	87	99	142	90	84	88	93	65	91	84	89	99	90	89	
93	87	99	142	90	84	88	93	65	91	84	89	99	90	142	
99	87	99	142	90	84	88	93	65	91	84	89	99	90	65	
142	87	99	142	90	84	88	93	65	91	84	89	100	90	84	
84	87	99	142	90	84	88	93	65	91	84	89	100	90	99	
90	87	99	142	90	84	88	93	65	91	84	89	100	90	90	
91	87	99	142	90	84	88	93	65	91	84	89	100	90	90	
99	87	99	142	90	84	88	93	65	91	84	89	100	90	84	
100	87	99	142	90	84	88	93	65	91	84	89	100	90	100	
89	87	99	142	90	84	88	94	65	91	84	89	100	90	88	
87	87	99	142	90	84	88	94	65	91	84	89	100	90	88	
90	87	99	142	90	84	88	94	65	91	84	89	100	90	142	
89	87	100	143	90	84	88	94	65	91	84	89	100	90	87	
94	87	100	143	90	84	88	94	65	91	84	89	100	90	65	
88	87	100	143	90	84	88	94	65	91	84	89	100	90	91	
100	87	100	143	90	84	89	94	65	91	84	89	100	90	84	
89	87	100	143	90	85	89	94	65	91	84	89	100	90	89	
91	87	100	143	90	86	89	94	65	91	84	89	100	90	90	
84	87	100	143	90	86	89	94	65	91	84	89	100	90	84	
94	87	100	143	90	86	89	94	65	91	84	89	100	90	143	
100	87	100	143	90	86	89	94	65	91	85	89	100	90	143	
85	87	100	143	90	86	89	94	65	91	85	89	100	90	85	
90	87	100	143	90	86	90	94	65	91	85	89	100	90	90	
91	87	100	143	90	86	90	94	65	91	85	89	100	90	90	
87	87	100	143	90	86	90	94	65	91	85	90	100	90	100	
100	88	100	143	90	86	90	94	65	91	85	90	100	90	100	
100	88	100	143	90	86	91	94	65	91	85	90	100	90	94	
94	88	100	144	90	86	91	94	65	91	85	90	100	90	90	
86	88	100	144	90	86	91	94	66	91	85	90	100	90	100	
90	88	101	144	90	86	91	94	66	91	85	90	100	90	100	
144	88	101	144	90	86	91	94	66	91	85	90	100	90	144	
86	88	101	144	90	86	91	94	66	91	85	90	100	90	94	
88	88	101	145	90	86	91	94	66	91	85	90	100	90	85	
100	88	101	145	90	86	91	94	66	91	85	90	100	91	91	
66	89	101	145	90	86	92	94	66	91	85	90	100	91	145	
145	89	101	145	90	86	92	94	66	91	85	90	100	91	145	
145	89	101	145	90	86	92	94	66	91	85	90	100	91	91	
90	89	101	145	90	86	92	94	66	92	85	91	100	91	91	
92	90	101	145	90	87	92	94	66	92	85	92	100	91	92	
101	90	101	145	90	87	92	94	66	92	85	92	100	91	85	
94	90	101	145	90	88	92	94	67	93	85	92	100	91	94	
93	90	101	145	90	88	92	94	67	93	85	92	100	91	93	
94	90	101	145	90	88	92	94	67	93	85	92	100	91	90	
92	90	101	145	90	89	92	94	67	93	85	92	100	91	67	
93	90	101	145	90	89	92	94	67	93	85	92	100	91	93	
93	90	101	145	90	89	92	94	67	93	85	92	100	91	67	
94	90	101	147	90	89	92	94	67	93	86	92	100	91	67	
101	90	101	147	90	89	92	94	67	93	86	92	100	91	89	
147	90	101	147	90	89	92	94	67	94	86	92	100	91	147	
92	90	101	147	90	89	92	94	67	94	86	92	100	91	147	
90	90	101	147	90	89	92	94	67	94	86	93	100	91	94	
91	90	101	147	90	89	92	94	67	94	87	93	100	91	91	
90	90	101	147	90	89	92	94	67	94	87	93	100	91	94	
94	90	101	147	90	89	92	94	67	94	87	93	100	91	147	
94	90	101	147	90	89	92	94	67	94	87	93	100	91	100	
101	90	101	147	90	89	92	94	67	94	87	93	100	91	101	
90	90	101	147	90	89	92	94	67	94	87	94	100	91	94	
94	90	101	147	90	89	92	94	67	94	87	94	100	91	94	
91	90	101	147	90	89	92	94	67	94	87	94	100	91	90	
90	90	101	147	90	90	92	95	67	94	87	94	100	91	100	
147	90	101	147	90	90	92	95	67	94	87	94	100	91	147	
101	90	101	148	90	90	92	95	67	95	87	94	100	91	148	
93	90	101	148	90	91	93	95	67	95	87	94	101	91	91	
148	90	101	148	90	91	93	95	67	95	87	94	101	91	148	
148	90	101	148	90	91	93	95	67	95	87	94	101	91	87	
94	90	101	148	92	91	94	95	67	95	87	94	101	91	91	
91	90	101	148	92	91	94	95	67	95	87	94	102	91	95	
95	90	101	148	92	91	94	95	67	95	87	94	102	92	102	
101	90	101	148	92	91	94	95	67	95	87	94	102	92	95	
148	90	101	148	92	91	94	95	67	95	87	94	102	92	148	
91	90	101	148	93	91	94	95	67	95	87	94	102	92	87	
92	90	101	148	93	91	94	95	67	95	87	94	102	92	148	
91	90	101	149	93	91	95	95	67	95	87	94	102	92	101	
87	90	101	149	93	91	95	95	67	95	87	94	102	92	149	
91	90	101	149	93	91	95	96	67	95	87	95	102	92	93	
87	90	101	149	93	91	95	96	67	95	87	95	102	92	87	
67	90	101	149	93	91	95	96	67	95	87	95	102	92	87	
149	90	101	149	93	92	95	96	67	95	87	95	103	92	149	
101	90	101	149	93	93	95	96	67	97	87	95	103	92	149	
67	90	101	149	94	93	95	96	67	97	87	95	103	92	149	
96	90	101	149	94	93	95	96	67	97	87	96	103	92	96	
90	90	101	149	94	93	95	96	67	97	87	96	103	92	96	
93	90	101	149	95	93	95	96	67	97	87	96	103	92	101	
96	90	101	149	95	93	96	96	67	97	87	97	103	92	149	
67	91	102	149	95	93	96	96	67	99	88	97	103	92	102	
92	92	102	149	95	93	96	96	67	99	88	97	103	92	92	
149	92	102	149	95	93	96	96	67	99	88	97	103	92	149	
92	93	102	149	95	93	96	96	67	99	88	97	103	92	103	
149	93	102	149	95	93	96	96	67	100	88	97	103	93	93	
103	93	102	149	95	93	96	96	67	100	88	97	103	93	88	
93	93	102	149	95	93	96	96	67	100	88	97	103	93	95	
149	93	102	149	95	93	96	96	67	100	88	97	103	93	149	
103	93	102	149	95	93	96	96	67	101	88	97	103	93	101	
93	93	102	149	95	94	96	96	67	102	88	97	103	93	93	
94	93	102	149	95	94	96	96	67	102	88	97	103	94	103	
88	93	102	149	95	94	96	96	67	103	88	97	103	94	93	
149	93	102	149	95	94	96	96	67	103	88	97	103	94	103	
149	93	103	149	95	94	96	96	67	103	88	97	103	94	149	
149	93	103	149	95	94	96	96	67	103	88	97	103	94	93	
97	94	103	149	95	94	96	96	67	103	88	97	103	94	88	
103	94	103	149	95	94	96	96	67	103	88	97	103	94	94	
97	94	103	149	95	94	96	96	67	104	88	97	103	94	67	
94	94	103	149	95	94	96	97	67	104	88	97	103	94	94	
94	95	103	149	95	94	96	97	67	104	88	97	103	94	95	
104	95	103	149	95	95	96	97	67	104	88	97	103	94	104	
88	95	103	149	95	95	96	97	67	104	88	97	103	94	97	
149	95	103	149	95	95	96	97	68	104	88	97	103	94	104	
96	95	103	149	97	95	96	97	68	104	88	97	103	94	96	
97	95	103	149	97	95	96	97	68	104	88	97	103	94	88	
97	95	103	149	97	95	96	97	68	104	88	97	103	94	149	
103	95	103	149	97	95	96	97	68	104	88	97	103	94	149	
95	95	103	149	97	95	96	97	68	104	88	97	104	94	95	
97	95	103	149	97	95	96	97	68	104	88	97	104	94	104	
95	95	103	149	97	95	96	97	68	104	88	97	104	94	94	
104	95	103	149	97	95	96	98	68	104	88	97	104	94	95	
94	95	103	149	98	95	96	98	68	104	88	97	104	94	94	
96	95	103	149	98	96	96	99	69	104	88	97	104	94	104	
149	96	103	149	98	96	96	99	69	104	88	97	104	94	149	
96	96	103	149	98	96	96	99	69	104	88	98	104	94	98	
103	96	103	149	98	96	96	99	69	104	88	98	104	94	149	
149	96	103	149	98	96	96	99	69	104	88	98	104	94	96	
96	96	103	149	98	96	97	99	69	104	88	98	104	94	98	
88	96	103	150	98	96	97	99	69	104	88	98	104	95	88	
103	97	103	150	98	96	97	99	69	104	88	98	104	95	88	
150	97	103	150	98	96	97	99	69	104	88	98	104	95	98	
150	97	103	150	98	96	97	99	69	104	88	98	104	95	95	
98	97	103	150	98	96	97	99	69	104	88	98	105	95	103	
88	97	104	150	98	97	97	99	69	104	88	98	105	95	69	
99	97	104	150	98	97	97	99	69	104	88	98	105	95	105	
98	97	104	150	98	97	97	99	69	104	88	98	105	95	98	
104	98	104	150	98	97	97	99	70	104	88	98	105	95	98	
104	98	104	150	98	97	97	99	71	104	88	98	105	95	98	
98	98	104	150	98	97	97	99	71	104	88	98	105	95	104	
98	98	104	150	98	97	98	99	71	104	88	98	105	95	150	
98	98	104	150	98	97	98	99	71	104	88	98	105	95	99	
98	98	104	150	98	97	98	99	71	104	89	98	105	95	89	
104	98	104	150	98	97	98	99	71	104	89	98	105	95	89	
104	98	104	150	98	97	98	99	71	104	89	98	105	95	150	
98	98	104	150	98	97	98	99	71	104	89	98	105	95	104	
105	98	104	150	98	97	98	99	71	105	89	98	105	95	150	
99	98	104	150	99	97	98	99	71	105	89	98	105	95	150	
104	98	104	150	99	97	98	100	71	105	89	98	105	95	99	
105	98	104	150	99	97	98	100	71	105	89	98	105	95	150	
105	98	104	150	99	97	98	100	71	105	89	98	105	95	104	
98	98	104	150	99	97	98	100	71	105	89	99	105	95	98	
104	98	104	150	99	97	98	100	71	105	89	99	105	96	105	
150	98	104	150	99	97	98	100	72	105	89	99	105	96	150	
99	98	104	150	99	97	98	100	72	105	89	99	105	96	99	
100	98	104	150	99	97	98	100	72	106	89	100	105	96	97	
100	98	104	150	99	97	98	100	72	106	89	100	105	96	104	
89	98	104	150	99	97	98	101	72	106	89	100	105	96	106	
104	98	104	150	99	97	98	102	72	106	90	100	105	96	100	
105	98	104	150	99	97	98	102	72	106	90	100	105	96	99	
99	98	104	150	99	97	99	102	72	106	90	100	105	96	150	
105	98	104	151	99	97	99	102	72	106	90	100	105	96	151	
97	98	104	151	99	97	99	102	72	106	90	100	105	97	102	
98	98	104	151	99	97	99	102	72	106	90	100	105	97	97	
99	98	104	151	100	97	99	102	72	106	90	100	105	97	97	
152	98	104	152	100	97	99	102	72	106	91	100	105	97	102	
98	98	105	152	100	97	99	102	72	106	91	100	105	97	102	
97	98	105	152	100	97	99	102	72	106	91	100	106	97	102	
98	98	105	152	100	97	99	102	72	106	91	100	106	97	97	
100	98	105	152	100	97	99	102	72	106	91	100	106	97	106	
105	98	105	152	100	97	99	102	72	106	91	100	106	97	100	
97	98	105	153	101	97	99	102	72	106	91	100	106	97	100	
153	98	105	153	101	97	99	102	72	106	91	100	106	97	153	
73	98	105	153	101	97	99	102	73	106	91	100	106	97	73	
91	98	106	153	101	97	99	102	73	106	91	100	106	97	106	
97	98	106	154	101	97	99	102	73	106	91	101	106	97	101	
91	98	106	154	101	97	99	102	73	106	91	102	106	97	101	
99	98	106	154	101	97	99	102	73	106	91	102	106	97	106	
102	98	106	154	101	97	100	102	73	106	91	102	106	97	102	
91	98	106	154	101	97	100	102	73	106	91	102	106	98	91	
91	99	106	154	101	97	100	102	73	106	91	102	106	98	106	
73	99	106	154	101	97	100	102	73	106	91	102	106	98	154	
98	99	106	155	101	97	100	102	73	106	91	102	106	98	98	
73	99	106	155	101	97	100	102	73	106	91	102	106	98	102	
106	99	106	155	101	98	100	102	73	106	91	102	106	98	106	
107	99	107	155	101	98	100	102	73	106	92	102	106	98	98	
102	99	107	155	101	98	100	102	73	106	92	102	106	99	155	
102	99	107	155	101	98	100	102	73	106	92	102	106	99	99	
102	99	107	155	101	98	100	102	73	106	92	102	106	99	106	
73	99	107	155	101	98	100	102	73	106	92	102	106	99	107	
98	99	107	155	101	98	100	102	73	106	92	102	107	99	101	
106	99	107	155	101	98	100	102	73	106	92	103	107	99	155	
107	99	107	155	101	98	100	103	73	106	92	103	107	99	107	
98	99	107	155	101	98	100	103	73	106	93	103	107	99	103	
99	99	107	155	101	98	100	103	73	106	93	103	107	99	98	
99	99	107	155	101	98	100	103	73	106	93	103	107	99	106	
99	99	107	155	101	99	100	103	73	106	93	103	107	99	155	
73	99	107	156	101	99	100	103	73	106	93	103	107	99	156	
99	99	107	156	101	99	100	103	74	107	93	103	107	99	101	
74	99	107	156	101	99	100	103	74	107	93	103	107	99	99	
108	99	107	156	101	99	100	103	74	107	93	103	108	99	101	
107	99	107	156	101	99	100	103	74	107	93	103	108	99	93	
103	99	107	157	101	99	100	103	75	107	93	103	108	99	99	
108	99	108	158	101	99	100	103	75	107	93	103	108	100	108	
158	99	108	158	101	100	100	103	75	107	93	103	108	100	158	
100	99	109	158	101	100	100	103	75	107	93	103	108	100	158	
108	99	109	158	101	100	100	103	75	107	93	103	108	100	108	
100	99	110	158	101	100	100	103	75	107	93	103	108	100	158	
103	99	111	159	101	100	100	103	75	108	93	103	108	100	111	
103	99	111	159	101	100	100	103	75	108	93	103	108	100	159	
101	99	111	159	101	100	100	104	75	108	93	103	108	100	75	
111	99	111	160	101	100	100	104	75	108	93	104	108	100	111	
161	99	111	161	101	100	100	104	75	108	93	104	108	100	100	
108	99	111	161	101	100	100	105	75	109	93	104	108	100	161	
75	99	111	161	101	100	100	105	75	110	93	104	108	100	161	
101	99	111	161	101	100	100	105	75	110	93	104	109	100	100	
110	99	111	161	101	100	100	105	75	110	93	104	109	100	101	
104	99	111	161	101	100	100	105	75	110	93	104	109	100	100	
104	99	111	161	101	100	100	105	75	110	93	104	109	101	105	
105	99	111	161	101	100	100	105	75	110	93	104	109	101	93	
99	99	112	161	101	100	100	105	75	110	93	104	109	101	99	
76	99	112	162	101	100	100	105	76	111	94	104	109	101	112	
105	99	112	162	101	100	100	105	76	111	94	104	109	101	162	
112	99	112	162	101	100	100	106	76	111	94	104	109	101	100	
162	99	112	162	101	100	100	106	76	111	94	104	109	101	162	
111	100	112	162	101	100	100	106	76	111	94	104	109	101	111	
101	100	112	162	101	100	100	106	77	111	94	104	109	101	100	
162	100	112	162	101	100	100	106	77	111	94	104	109	101	111	
164	100	112	164	101	100	100	106	77	112	94	104	109	101	100	
112	100	112	164	101	100	100	106	77	112	94	104	109	101	164	
106	100	112	164	101	100	100	106	77	112	94	104	109	101	164	
164	100	112	164	102	100	100	106	77	112	94	104	109	101	104	
100	100	112	164	102	101	100	106	77	112	94	104	110	101	102	
101	100	112	164	102	101	100	106	77	112	94	104	111	101	100	
112	100	112	164	102	101	100	106	77	112	94	104	112	101	112	
164	100	112	164	102	101	100	106	77	112	94	104	112	101	104	
113	100	113	164	102	101	100	106	77	112	94	104	112	101	94	
164	100	113	164	102	101	100	106	77	112	94	104	112	101	164	
112	100	113	165	102	101	100	106	77	112	94	104	112	101	101	
113	100	113	167	102	101	100	106	77	112	94	104	113	101	167	
113	100	113	167	102	101	100	107	77	112	94	104	114	101	100	
112	100	114	167	102	101	100	107	77	112	94	104	114	101	100	
100	100	114	167	102	101	100	107	77	112	95	104	114	101	167	
107	101	114	167	102	101	100	107	77	112	95	104	114	101	167	
112	101	114	167	102	101	100	107	77	112	95	104	114	101	101	
101	101	114	167	102	101	100	107	77	112	95	104	114	101	102	
102	101	114	167	102	101	100	107	77	112	95	104	114	101	100	
167	101	114	167	102	101	100	107	77	112	95	104	114	101	167	
77	101	114	167	102	101	100	107	77	112	95	104	114	102	114	
167	101	114	167	102	101	100	107	77	112	95	104	114	102	167	
107	101	114	168	103	101	100	107	77	112	95	104	114	102	112	
168	101	114	168	103	101	100	108	77	112	95	104	114	102	108	
112	101	114	169	103	101	100	108	77	112	95	105	114	102	169	
101	101	114	169	103	101	101	108	77	112	95	105	114	102	169	
169	101	114	169	103	101	101	108	77	112	95	105	114	102	169	
169	101	115	169	103	102	101	108	77	113	95	105	114	102	169	
101	101	115	169	103	102	101	108	78	113	95	105	114	102	114	
114	101	115	169	103	102	101	108	78	113	95	105	114	102	101	
114	101	115	171	103	102	101	108	78	113	95	105	114	102	95	
103	101	115	172	103	102	101	108	78	113	95	105	114	103	101	
78	101	115	172	103	102	101	108	78	113	95	105	114	103	115	
95	101	115	172	103	102	101	108	78	114	95	105	114	103	105	
105	101	115	172	103	102	101	108	78	115	95	105	114	103	114	
115	101	115	172	103	102	101	108	78	115	95	105	115	103	108	
115	101	115	172	103	102	101	108	78	115	96	105	115	103	78	
115	101	115	172	103	102	101	108	78	115	96	105	115	103	108	
106	101	115	172	103	102	101	108	78	115	96	106	115	103	103	
104	102	115	172	104	102	102	108	78	115	96	107	115	103	115	
115	102	115	173	104	102	102	108	78	115	96	107	115	103	78	
115	102	115	173	104	102	102	108	78	115	96	107	115	103	96	
173	102	115	173	104	102	102	108	78	115	96	107	115	103	173	
173	102	115	173	104	102	102	108	79	116	96	107	116	103	79	
104	102	115	174	104	102	102	108	79	116	96	107	116	103	174	
174	102	115	174	104	102	102	108	79	116	96	107	116	103	174	
102	103	115	175	105	102	102	108	79	116	96	107	116	103	175	
116	103	115	175	105	102	103	108	79	116	96	107	116	103	175	
103	103	115	175	105	102	103	108	79	116	96	107	117	103	103	
96	104	115	175	105	102	103	108	79	116	96	107	118	103	103	
115	104	115	175	106	102	103	108	79	116	96	107	118	104	175	
102	104	115	175	106	102	103	110	79	116	96	107	118	104	116	
118	104	115	175	106	102	103	110	79	116	96	107	118	104	106	
118	105	115	175	106	103	103	110	79	116	97	107	118	104	115	
107	105	115	175	106	103	103	110	79	116	97	107	118	104	110	
106	105	115	175	106	103	103	110	79	116	98	107	118	104	115	
115	105	115	175	106	103	103	110	79	116	98	107	118	104	110	
116	105	115	175	106	103	103	110	79	116	98	107	118	104	104	
106	105	115	176	106	103	103	110	79	116	98	107	119	104	105	
115	105	115	176	106	103	103	110	79	116	99	107	119	104	115	
116	105	115	176	106	103	103	110	79	116	99	107	119	104	103	
105	105	115	176	106	103	103	110	79	116	99	107	119	104	107	
106	105	115	176	106	103	103	110	79	116	99	107	119	104	176	
107	105	115	177	107	103	103	110	79	116	99	107	119	104	119	
107	105	115	177	107	103	103	110	79	116	99	107	119	104	105	
177	105	115	177	107	103	103	110	79	116	99	107	119	104	177	
99	105	115	177	107	103	103	111	79	116	99	107	119	104	111	
107	105	115	177	107	103	103	111	79	116	99	107	119	104	177	
79	105	116	177	107	103	103	112	79	116	99	107	119	104	112	
177	105	116	177	107	103	103	112	79	116	100	107	119	104	103	
104	105	116	177	107	103	103	112	79	116	100	108	119	104	116	
112	105	116	177	107	103	103	112	79	116	101	108	119	104	112	
120	105	116	177	107	103	103	112	79	116	102	108	120	104	120	
102	105	116	177	107	103	103	112	79	116	102	109	120	104	112	
104	105	116	177	107	103	103	112	79	116	102	109	120	104	102	
177	105	116	177	107	103	103	112	79	116	102	109	120	104	105	
103	105	116	177	107	103	103	112	79	116	102	109	120	104	107	
120	106	116	177	108	103	104	112	79	116	102	109	120	104	177	
106	106	116	177	108	103	104	112	79	116	102	109	120	104	108	
103	106	116	177	108	103	104	112	79	116	102	109	120	104	112	
110	106	116	177	110	103	104	112	79	116	102	109	120	104	112	
120	106	117	177	110	103	104	112	79	116	102	109	120	104	103	
177	106	117	177	110	103	104	112	79	116	102	109	120	104	177	
102	106	117	177	110	103	104	112	79	116	102	109	120	104	177	
117	106	117	177	110	103	105	112	79	116	102	109	120	104	79	
110	106	117	177	110	103	105	112	79	116	102	109	120	104	102	
117	106	117	177	110	103	105	112	79	117	102	110	120	104	110	
105	106	117	177	112	103	105	113	79	118	102	110	120	104	117	
120	106	117	177	112	103	106	114	79	118	102	110	120	104	104	
106	106	117	177	112	103	106	114	79	118	102	111	120	104	103	
104	106	117	177	112	103	106	114	79	118	102	111	120	104	117	
103	106	117	177	113	103	106	114	79	118	102	111	120	104	120	
106	106	117	177	113	103	106	114	79	118	102	111	120	104	102	
113	106	117	177	113	103	106	114	79	118	102	111	120	104	103	
178	106	117	178	113	103	106	114	79	118	102	111	120	104	178	
104	106	117	178	113	103	106	114	79	118	102	111	120	104	106	
118	106	117	178	113	103	106	114	79	118	102	111	120	104	178	
118	106	117	178	113	103	106	114	79	118	102	111	120	104	118	
178	106	117	178	113	103	106	114	79	118	102	111	120	104	178	
120	106	117	178	113	103	106	114	79	118	102	111	120	104	178	
113	106	117	178	113	103	106	114	79	118	102	111	120	104	178	
111	106	117	178	113	103	106	114	80	118	102	111	120	104	118	
178	106	117	178	113	103	106	114	80	118	102	111	120	104	178	
114	106	117	178	113	103	106	114	80	118	102	111	120	104	104	
118	106	117	178	113	103	106	114	80	118	103	112	121	105	118	
179	106	117	179	113	103	106	114	80	118	104	112	121	106	106	
117	106	117	179	113	103	106	114	80	118	104	112	121	107	106	
106	106	117	179	113	103	106	114	80	118	104	112	121	107	117	
80	107	117	179	113	103	106	114	80	118	104	112	121	107	103	
80	107	117	179	113	103	106	114	80	118	104	112	121	107	179	
118	107	117	179	113	103	106	114	80	118	104	112	121	107	113	
121	107	117	179	113	103	106	114	80	119	104	112	121	107	179	
106	107	117	179	113	103	106	114	80	119	104	112	121	107	117	
179	108	117	179	113	103	106	114	80	120	105	112	121	107	120	
104	108	117	179	113	104	106	114	80	120	105	112	121	107	179	
108	108	117	179	114	104	106	114	80	120	105	112	121	107	112	
104	110	117	179	114	104	106	114	80	120	105	112	121	107	179	
112	110	117	179	114	104	106	114	80	120	105	112	121	107	105	
114	110	117	179	114	104	106	114	80	120	105	112	121	107	120	
114	110	118	179	114	104	106	114	81	120	105	112	121	107	179	
120	110	118	179	114	104	106	114	81	120	105	112	121	107	120	
107	110	118	179	114	104	106	114	81	120	105	112	121	107	110	
112	110	118	180	114	104	106	114	81	121	105	112	121	107	112	
180	111	118	180	114	104	106	114	81	121	105	112	121	107	114	
106	111	118	180	114	104	106	115	81	121	105	112	122	107	115	
122	111	118	180	115	105	106	115	81	121	105	112	122	107	180	
105	111	118	181	115	105	106	115	81	121	105	112	122	107	105	
81	111	118	181	115	105	106	115	81	122	105	112	122	107	115	
181	111	118	181	115	105	106	115	81	122	105	112	122	107	107	
118	111	118	181	115	106	106	115	81	122	105	112	122	107	118	
115	111	119	181	115	106	106	115	81	122	105	112	122	107	181	
81	111	119	182	115	106	106	115	81	122	105	112	122	107	106	
115	111	119	182	115	107	106	115	81	122	105	112	122	107	107	
81	111	119	182	115	107	106	115	81	122	105	112	122	107	182	
182	111	119	182	115	107	106	115	81	122	105	113	122	107	122	
182	111	119	182	115	107	106	115	81	122	105	113	122	107	107	
111	111	119	182	115	107	106	115	81	122	105	113	122	107	119	
122	111	120	183	115	107	106	116	81	122	105	113	122	107	183	
107	111	121	183	115	107	106	116	81	122	105	113	122	107	106	
115	111	121	183	115	107	106	116	81	122	105	113	122	107	105	
107	111	121	184	115	107	106	116	81	122	105	113	122	107	121	
105	111	121	184	115	107	106	116	81	122	105	113	122	107	184	
107	111	121	184	115	107	106	116	81	122	105	113	122	107	184	
107	111	121	184	116	107	106	116	81	122	105	113	122	107	106	
184	112	121	184	116	107	106	116	81	122	105	113	122	107	184	
116	112	121	184	116	107	106	116	81	122	105	113	122	108	113	
107	112	121	185	116	107	106	116	81	122	105	113	122	108	122	
106	112	121	185	116	107	106	116	81	122	105	113	122	108	185	
117	112	121	185	116	107	106	117	81	123	105	113	122	108	122	
81	112	121	185	116	107	106	117	81	123	105	113	122	108	81	
108	112	121	185	116	107	106	117	81	123	105	113	122	108	116	
123	112	121	186	116	107	106	117	81	123	105	113	122	108	107	
108	113	121	186	116	107	106	117	81	123	105	113	123	108	107	
123	113	121	186	116	107	106	117	81	124	105	113	123	108	106	
186	113	121	186	116	108	106	117	81	124	105	113	123	108	105	
117	113	121	186	116	108	106	117	81	124	105	113	123	108	186	
81	113	121	186	116	108	106	117	81	124	105	113	123	108	124	
106	113	121	186	116	108	106	117	81	124	105	113	123	108	106	
105	113	121	186	116	108	106	117	82	124	105	113	123	108	113	
121	113	121	186	116	108	106	117	82	125	105	113	124	108	113	
108	113	121	186	116	108	106	117	82	125	105	113	124	108	108	
82	113	121	186	116	108	106	117	82	125	105	114	124	108	186	
125	113	121	186	116	108	106	117	82	125	105	114	124	108	186	
108	113	121	186	116	108	106	117	82	125	105	115	125	108	82	
186	114	121	186	116	108	106	117	82	125	105	115	125	108	186	
105	114	122	186	116	108	106	117	82	125	105	115	125	108	117	
108	114	122	187	116	108	106	117	82	125	105	115	125	108	108	
117	114	122	188	116	108	106	117	82	125	105	115	125	108	108	
114	114	122	188	116	108	106	117	82	125	105	115	125	108	116	
106	114	122	189	116	108	106	117	82	125	105	115	125	108	189	
108	114	122	189	116	108	106	117	82	125	105	115	125	108	108	
125	114	122	189	116	108	106	117	82	125	105	115	125	108	125	
106	114	122	189	116	108	106	117	82	125	105	115	125	108	115	
108	115	122	189	117	108	106	117	82	125	105	115	125	109	115	
189	115	122	189	117	108	106	117	82	125	105	115	125	109	125	
122	115	122	189	117	109	106	117	82	126	105	115	125	109	189	
189	115	122	189	117	109	106	117	82	126	105	115	125	109	126	
105	115	122	189	117	109	106	117	82	126	105	115	125	109	117	
106	115	122	189	117	109	106	117	82	126	105	115	125	109	115	
115	115	122	189	118	109	106	117	82	126	105	115	125	109	115	
115	115	122	189	118	109	106	117	82	126	105	115	125	109	115	
123	115	123	189	118	109	106	117	82	126	105	115	125	109	126	
109	115	123	190	118	109	106	117	82	126	105	115	125	109	106	
119	115	123	190	119	109	106	118	82	126	105	115	125	109	123	
109	115	123	190	119	109	106	118	83	126	105	115	125	109	190	
190	115	123	190	119	109	106	118	83	126	105	115	125	109	190	
118	115	123	190	119	109	106	118	83	126	105	115	125	109	190	
110	115	123	190	119	110	106	118	83	126	105	115	125	109	190	
106	115	123	190	119	110	106	118	83	126	105	115	125	109	115	
118	115	124	190	119	110	106	118	83	126	105	115	125	109	118	
110	115	124	190	119	110	106	118	83	126	105	115	125	109	105	
190	115	124	190	119	110	106	118	83	126	105	115	125	109	124	
115	115	124	190	119	110	106	118	83	126	105	115	125	109	125	
115	115	124	190	119	110	106	118	83	126	105	115	125	109	190	
190	116	124	190	119	110	106	118	83	126	105	115	125	109	190	
126	116	124	190	119	110	106	119	83	126	105	115	125	109	125	
125	116	124	190	119	110	106	119	83	126	105	115	125	109	190	
190	116	124	190	119	110	106	119	83	126	105	115	125	109	190	
190	116	124	190	119	110	107	119	83	126	105	115	125	109	190	
107	116	125	191	120	110	107	119	83	126	105	115	125	109	191	
115	116	125	191	120	110	107	119	83	126	105	115	125	109	191	
120	116	126	191	120	110	107	119	83	126	105	115	125	109	110	
105	116	126	191	120	110	107	119	83	126	105	115	125	109	105	
126	117	126	191	120	110	107	119	83	126	105	115	125	109	105	
120	117	126	191	120	110	107	119	83	126	105	115	125	109	120	
120	117	126	191	120	110	107	120	83	127	106	115	125	109	191	
106	117	126	191	120	110	107	120	83	127	106	115	125	109	83	
120	117	126	191	120	110	107	120	84	127	107	115	125	109	191	
125	117	126	191	120	110	107	120	84	127	107	115	125	109	117	
120	117	126	191	120	111	107	120	84	127	107	115	125	109	191	
107	117	126	191	120	111	107	121	84	127	107	115	125	109	125	
191	117	126	191	120	111	107	121	84	127	107	115	125	109	191	
127	118	126	191	120	111	108	121	84	127	107	115	125	109	191	
191	118	126	191	120	111	108	122	84	127	107	115	125	109	191	
126	118	126	191	120	111	108	122	84	127	107	115	125	109	127	
107	118	126	191	120	111	108	122	84	127	107	115	125	110	107	
126	118	126	191	120	111	108	122	84	127	107	115	125	110	126	
120	118	126	191	120	111	108	122	84	127	107	115	125	110	191	
127	118	127	191	120	111	108	122	84	127	107	116	125	110	116	
120	118	128	191	120	111	108	122	84	127	107	116	125	110	191	
125	118	128	191	120	111	108	122	84	127	107	116	125	110	128	
108	118	128	191	120	111	108	122	84	127	108	116	125	110	128	
125	118	128	191	120	111	108	122	84	127	108	116	125	110	191	
127	118	128	191	120	111	108	122	84	127	108	116	125	110	191	
116	118	128	191	120	111	108	122	84	127	108	116	125	110	191	
110	118	128	191	120	111	108	122	85	127	108	116	125	110	122	
191	118	128	191	120	111	108	122	85	127	108	116	125	110	191	
116	118	128	191	120	111	108	122	85	127	108	116	125	110	118	
191	118	128	191	120	111	109	122	85	127	108	116	125	110	122	
111	118	128	191	120	111	109	122	85	127	108	116	126	110	122	
110	118	128	191	120	111	109	122	85	127	108	116	126	110	191	
127	118	128	191	120	111	109	122	85	127	108	116	126	111	127	
122	118	128	191	120	111	109	122	85	127	109	116	126	111	109	
111	118	128	191	120	111	109	122	85	127	109	116	126	111	109	
122	118	128	191	120	111	109	122	85	127	109	116	126	111	191	
85	118	128	191	121	111	109	122	85	127	109	116	126	111	191	
122	118	129	191	121	111	109	122	85	127	109	116	126	111	122	
85	118	129	191	122	111	109	122	85	127	110	116	126	111	118	
111	118	129	191	122	111	109	122	85	127	110	116	126	111	118	
122	118	129	191	122	111	109	122	85	128	110	116	126	111	111	
122	118	129	191	122	111	109	122	85	128	110	116	126	111	128	
122	118	129	191	122	111	109	122	85	128	110	117	126	111	191	
191	118	129	191	122	111	109	122	86	128	110	117	126	111	126	
122	118	129	192	122	111	109	122	86	128	110	117	126	112	118	
110	118	129	192	122	112	109	122	86	128	110	117	126	112	117	
112	118	129	192	122	112	109	122	86	129	110	117	126	112	192	
109	118	129	192	122	112	109	122	86	129	110	117	126	112	192	
112	118	129	192	122	112	109	122	88	129	110	117	126	112	129	
130	118	130	192	122	112	109	122	88	129	111	117	126	112	118	
118	118	130	193	122	112	109	122	88	129	111	117	126	112	122	
109	118	130	193	122	112	109	122	88	129	111	117	126	112	122	
109	118	130	193	122	112	109	122	88	129	111	117	126	112	111	
122	118	130	193	122	112	109	122	88	129	111	117	126	112	122	
122	118	130	193	122	112	109	122	88	129	111	117	126	112	122	
111	118	131	193	122	112	109	122	88	129	111	117	126	112	118	
112	118	131	194	122	112	109	122	88	129	111	117	126	112	194	
194	118	131	194	122	112	109	122	88	129	111	117	126	112	194	
118	118	132	194	122	112	109	122	88	129	111	117	126	112	194	
111	119	132	194	122	112	109	122	88	129	111	117	126	112	112	
112	119	132	194	122	112	109	122	88	129	111	117	126	112	126	
122	119	133	194	122	112	109	122	88	129	111	117	126	112	112	
109	119	133	194	122	112	109	122	88	129	111	117	126	112	109	
126	119	133	194	122	112	109	122	88	129	111	117	126	112	194	
120	120	133	194	122	112	109	122	88	129	111	117	126	112	122	
117	120	133	194	122	112	109	122	89	129	111	117	126	112	112	
194	120	133	194	122	112	109	122	89	129	111	117	126	112	117	
122	120	133	194	122	112	109	123	89	129	111	117	126	112	117	
112	120	133	194	122	112	109	123	89	129	111	117	126	113	112	
111	120	133	194	122	112	109	123	89	130	111	117	126	113	194	
130	120	133	194	122	112	109	123	89	130	111	117	127	113	133	
110	120	133	195	122	112	110	123	89	130	111	117	127	113	123	
117	120	133	195	122	112	110	123	89	130	111	117	127	113	117	
127	120	133	195	122	112	110	123	89	130	111	117	127	113	130	
130	120	133	195	122	112	110	123	89	130	111	117	127	114	130	
112	121	133	195	122	112	110	123	89	130	111	117	128	114	114	
122	121	133	195	122	112	110	123	89	130	111	117	128	114	112	
123	121	134	195	123	112	110	123	90	130	112	117	129	114	195	
129	121	134	196	124	112	110	123	90	130	112	117	129	114	129	
197	122	134	197	124	112	110	123	90	130	112	117	129	114	197	
130	122	134	197	124	112	110	123	90	130	112	117	129	114	112	
110	122	134	197	124	112	110	123	90	130	112	117	129	114	110	
124	122	134	197	124	112	110	123	90	130	112	117	129	114	124	
135	122	135	197	124	113	110	123	90	130	113	118	129	114	114	
90	122	135	198	124	113	110	123	90	130	113	118	129	114	198	
129	122	135	199	124	113	110	124	90	130	113	118	129	114	129	
129	122	135	199	124	113	110	124	90	130	113	118	129	114	199	
90	122	135	199	124	113	110	124	90	130	113	118	129	114	118	
110	122	135	200	124	113	110	124	90	130	113	118	129	114	200	
200	122	135	200	124	113	110	124	90	130	113	118	129	114	135	
135	122	135	200	124	113	110	124	91	130	113	118	129	114	113	
130	122	135	200	124	113	110	124	91	130	113	118	129	114	130	
113	122	136	200	124	113	110	124	91	130	113	119	129	114	130	
130	122	136	200	124	113	110	124	91	130	113	119	129	114	200	
91	122	136	200	124	113	110	124	91	130	113	119	129	114	129	
200	122	136	200	124	113	111	124	91	130	113	119	129	114	200	
200	122	136	200	124	113	111	124	91	130	113	119	129	114	200	
91	122	136	200	124	113	111	124	91	130	113	119	129	114	113	
114	122	136	200	124	113	111	124	91	130	113	119	129	114	130	
113	122	136	201	124	113	111	124	91	130	113	119	129	114	124	
91	122	136	201	124	113	111	124	91	130	113	119	129	115	111	
113	122	136	201	124	113	111	124	91	130	113	119	129	115	115	
136	122	136	202	124	113	111	124	91	130	113	119	129	115	136	
202	122	136	202	124	113	111	124	91	131	113	119	129	115	202	
136	122	136	203	124	113	111	124	91	131	113	119	129	115	122	
125	122	136	203	125	113	111	125	91	131	113	119	129	115	113	
136	123	136	203	125	113	111	125	91	131	113	119	129	115	129	
115	123	136	203	125	113	111	125	91	131	113	119	129	115	129	
125	123	137	203	125	113	111	125	91	131	113	119	129	115	203	
131	123	137	203	125	113	111	125	91	131	113	119	129	115	131	
119	123	137	203	125	113	111	125	91	131	113	119	129	115	203	
113	123	137	203	125	113	111	125	91	131	113	119	129	115	203	
137	123	137	203	125	113	111	125	91	131	113	119	129	115	203	
137	123	137	203	125	113	111	125	91	131	114	119	129	115	125	
115	123	137	203	125	113	111	125	91	131	114	119	129	115	114	
114	123	137	203	125	113	111	125	91	131	114	119	129	115	125	
129	123	137	203	125	113	111	125	91	131	114	119	129	115	137	
111	123	137	203	125	113	111	125	91	131	115	119	129	115	125	
119	123	137	203	125	113	111	125	91	131	115	119	129	115	115	
115	123	137	203	125	113	111	125	91	131	115	119	129	115	203	
91	123	138	203	125	113	111	125	91	131	115	119	129	115	123	
91	123	138	203	125	113	111	125	91	131	115	119	129	115	131	
123	123	138	203	125	113	111	125	91	132	115	119	129	115	132	
125	123	138	203	125	113	111	125	91	132	115	119	129	115	203	
129	123	138	203	125	113	111	125	91	132	115	119	129	115	138	
133	123	139	203	125	113	111	125	91	133	115	119	129	116	203	
125	123	139	203	125	113	111	125	91	133	115	119	129	117	203	
203	123	139	203	125	113	112	125	91	133	115	119	129	117	117	
204	123	139	204	125	113	112	125	91	133	115	119	129	117	112	
115	123	139	204	126	113	112	125	91	133	115	119	129	117	91	
129	123	139	204	126	113	112	125	91	133	115	119	129	117	119	
126	123	139	204	126	113	112	125	91	133	116	119	129	117	117	
123	123	139	204	126	113	112	125	91	133	116	119	129	117	126	
119	123	139	204	126	113	112	126	91	133	116	119	129	117	112	
126	123	139	204	126	113	112	126	91	133	116	119	129	117	204	
123	123	139	204	126	113	112	126	91	133	116	120	130	118	133	
205	124	139	205	126	113	112	126	91	133	116	120	130	118	205	
116	124	139	205	126	113	113	126	91	133	116	120	130	118	113	
113	124	139	206	126	113	113	126	91	133	116	120	130	118	124	
120	124	139	206	126	114	114	126	91	133	116	120	130	118	206	
114	124	139	206	127	114	114	126	91	133	116	120	130	118	206	
91	124	139	207	127	114	114	126	91	133	116	120	131	118	207	
126	124	139	207	127	114	114	126	91	133	116	120	131	118	120	
117	124	139	207	127	114	114	126	91	133	117	120	131	118	126	
114	124	139	207	128	114	114	126	91	133	117	120	131	118	207	
120	125	139	207	128	114	114	126	91	133	117	120	131	118	131	
125	125	139	207	128	114	114	126	91	133	117	120	131	118	133	
208	125	140	208	128	114	114	126	91	133	118	120	131	119	208	
208	125	140	208	128	114	114	126	91	133	118	120	131	119	208	
208	125	140	208	128	114	114	126	91	133	118	120	131	120	208	
208	126	140	208	128	114	114	127	91	133	118	120	131	120	140	
118	126	140	208	128	114	114	127	91	133	118	120	131	120	208	
120	126	140	208	128	114	114	127	91	133	118	120	131	120	128	
131	126	140	208	128	114	114	127	91	133	118	120	131	120	208	
140	126	140	209	128	114	114	127	91	133	118	121	131	120	140	
209	126	140	209	128	114	114	127	91	133	118	121	131	120	209	
126	126	140	209	128	114	114	127	91	133	118	121	131	120	126	
128	127	140	209	128	114	114	127	91	133	118	121	131	121	133	
140	127	140	209	128	114	114	127	91	133	118	121	131	121	209	
140	127	140	209	128	114	114	127	91	133	118	121	131	121	127	
209	127	140	209	128	114	114	127	91	133	119	121	131	121	209	
114	127	140	209	128	114	114	127	91	133	119	121	131	122	209	
133	127	140	209	128	114	115	127	91	133	119	121	131	122	140	
131	127	140	209	128	114	115	127	91	133	119	121	131	122	131	
127	127	140	209	128	114	116	127	91	133	119	121	131	122	209	
121	127	140	209	128	114	116	127	91	133	119	121	131	122	121	
209	127	140	209	128	114	116	127	91	134	119	121	131	122	140	
127	127	140	209	128	114	116	127	91	134	119	121	131	123	131	
114	127	140	209	129	114	116	127	91	134	119	121	131	123	114	
127	127	140	209	129	114	116	127	91	134	119	121	132	123	140	
127	127	140	209	129	114	116	127	91	134	119	121	132	123	119	
210	127	140	210	129	114	116	127	91	134	119	121	132	123	121	
116	127	140	210	129	114	116	127	91	134	119	121	132	123	116	
134	127	140	210	129	114	117	127	91	134	119	121	132	123	134	
121	127	140	210	129	114	117	127	92	134	119	121	132	123	127	
