# mu = 0.001, s = 1, trials requested = 1, runtime = 0:00:27
# "Time"	"Actual trials"	"Mean mutation"	"Average mean mutation"	"Average mutation variance"
0	1	0	0	0	
1	1	0.01	0.01	0.0099	
2	1	0.01	0.01	0.0099	
3	1	0.01	0.01	0.0099	
4	1	0.29	0.29	0.2059	
5	1	0.92	0.92	0.0736	
6	1	0.99	0.99	0.0099	
7	1	0.99	0.99	0.0099	
8	1	0.99	0.99	0.0099	
9	1	0.99	0.99	0.0099	
10	1	0.99	0.99	0.0099	
11	1	0.99	0.99	0.0099	
12	1	1.22	1.22	0.1716	
13	1	2.15	2.15	0.3675	
14	1	2.99	2.99	0.0099	
15	1	3.23	3.23	0.1771	
16	1	4.98	4.98	0.0396	
17	1	5.84	5.84	0.3544	
18	1	7.98	7.98	0.0396	
19	1	8.6	8.6	0.24	
20	1	9.76	9.76	0.2024	
21	1	9.99	9.99	0.0099	
22	1	10.69	10.69	0.2139	
23	1	11.35	11.35	0.2275	
24	1	11.97	11.97	0.0291	
25	1	11.99	11.99	0.0099	
26	1	11.99	11.99	0.0099	
27	1	11.99	11.99	0.0099	
28	1	12.01	12.01	0.0099	
29	1	12.01	12.01	0.0099	
30	1	12.01	12.01	0.0099	
31	1	12.01	12.01	0.0099	
32	1	12.4	12.4	0.24	
33	1	13.13	13.13	0.1331	
34	1	15.11	15.11	0.3979	
35	1	15.96	15.96	0.0384	
36	1	16.35	16.35	0.2275	
37	1	16.99	16.99	0.0099	
38	1	17.12	17.12	0.1056	
39	1	17.86	17.86	0.1204	
40	1	17.99	17.99	0.0099	
41	1	18.01	18.01	0.0099	
42	1	18.06	18.06	0.0564	
43	1	18.8	18.8	0.16	
44	1	19.03	19.03	0.0291	
45	1	19.85	19.85	0.1275	
46	1	19.99	19.99	0.0099	
47	1	20.01	20.01	0.0099	
48	1	20.72	20.72	0.2016	
49	1	20.99	20.99	0.0099	
50	1	20.99	20.99	0.0099	
51	1	21.01	21.01	0.0099	
52	1	21.01	21.01	0.0099	
53	1	21.01	21.01	0.0099	
54	1	21.01	21.01	0.0099	
55	1	21.37	21.37	0.2331	
56	1	22.9	22.9	0.09	
57	1	23	23	0	
58	1	23	23	0	
59	1	23.01	23.01	0.0099	
60	1	23.01	23.01	0.0099	
61	1	23.01	23.01	0.0099	
62	1	23.01	23.01	0.0099	
63	1	23.01	23.01	0.0099	
64	1	23.01	23.01	0.0099	
65	1	23.01	23.01	0.0099	
66	1	23.01	23.01	0.0099	
67	1	23.02	23.02	0.0196	
68	1	23.71	23.71	0.2059	
69	1	24.11	24.11	0.1179	
70	1	25.75	25.75	0.3475	
71	1	25.99	25.99	0.0099	
72	1	25.99	25.99	0.0099	
73	1	26.01	26.01	0.0099	
74	1	26.01	26.01	0.0099	
75	1	26.01	26.01	0.0099	
76	1	26.01	26.01	0.0099	
77	1	27.63	27.63	0.4931	
78	1	27.98	27.98	0.0396	
79	1	28.01	28.01	0.0099	
80	1	29.27	29.27	0.8771	
81	1	29.98	29.98	0.0396	
82	1	30.02	30.02	0.0196	
83	1	30.84	30.84	0.1344	
84	1	31.33	31.33	0.2211	
85	1	31.96	31.96	0.0584	
86	1	32	32	0	
87	1	32	32	0	
88	1	32	32	0	
89	1	32.09	32.09	0.0819	
90	1	32.9	32.9	0.09	
91	1	32.99	32.99	0.0099	
92	1	32.99	32.99	0.0099	
93	1	33.05	33.05	0.0475	
94	1	33.82	33.82	0.1476	
95	1	34.42	34.42	0.2836	
96	1	35.24	35.24	0.3424	
97	1	35.92	35.92	0.0736	
98	1	36.18	36.18	0.1476	
99	1	37	37	0.1	
100	1	37.82	37.82	0.1476	
101	1	37.99	37.99	0.0099	
102	1	37.99	37.99	0.0099	
103	1	38.61	38.61	0.2379	
104	1	39	39	0	
105	1	39	39	0	
106	1	39.21	39.21	0.1859	
107	1	41.03	41.03	0.9291	
108	1	42.47	42.47	0.3091	
109	1	43.12	43.12	0.1056	
110	1	43.82	43.82	0.1476	
111	1	43.99	43.99	0.0099	
112	1	44.47	44.47	0.2491	
113	1	45.2	45.2	0.32	
114	1	45.92	45.92	0.0736	
115	1	46.03	46.03	0.0291	
116	1	46.01	46.01	0.0099	
117	1	46.02	46.02	0.0196	
118	1	46.01	46.01	0.0099	
119	1	46.01	46.01	0.0099	
120	1	46.05	46.05	0.0475	
121	1	46.81	46.81	0.1539	
122	1	46.99	46.99	0.0099	
123	1	46.99	46.99	0.0099	
124	1	46.99	46.99	0.0099	
125	1	47.2	47.2	0.16	
126	1	47.94	47.94	0.0564	
127	1	48.63	48.63	0.2331	
128	1	48.99	48.99	0.0099	
129	1	48.99	48.99	0.0099	
130	1	49.01	49.01	0.0099	
131	1	49.01	49.01	0.0099	
132	1	49.01	49.01	0.0099	
133	1	49.01	49.01	0.0099	
134	1	49.69	49.69	0.2139	
135	1	49.99	49.99	0.0099	
136	1	50.42	50.42	0.2436	
137	1	50.99	50.99	0.0099	
138	1	50.99	50.99	0.0099	
139	1	51.01	51.01	0.0099	
140	1	51.01	51.01	0.0099	
141	1	52.62	52.62	0.3556	
142	1	52.98	52.98	0.0196	
143	1	53.01	53.01	0.0099	
144	1	53.01	53.01	0.0099	
145	1	53.41	53.41	0.2419	
146	1	53.96	53.96	0.0584	
147	1	54.83	54.83	0.1411	
148	1	55.4	55.4	0.24	
149	1	55.95	55.95	0.0475	
150	1	56.36	56.36	0.2304	
151	1	57.12	57.12	0.2056	
152	1	58.01	58.01	0.1499	
153	1	59	59	0.14	
154	1	60	60	0.12	
155	1	61.25	61.25	0.2075	
156	1	61.98	61.98	0.0196	
157	1	62.86	62.86	0.1204	
158	1	62.99	62.99	0.0099	
159	1	62.99	62.99	0.0099	
160	1	62.99	62.99	0.0099	
161	1	62.99	62.99	0.0099	
162	1	63.07	63.07	0.0651	
163	1	63.89	63.89	0.0979	
164	1	64.78	64.78	0.1716	
165	1	64.96	64.96	0.0384	
166	1	64.99	64.99	0.0099	
167	1	64.99	64.99	0.0099	
168	1	65.01	65.01	0.0099	
169	1	65.01	65.01	0.0099	
170	1	65.01	65.01	0.0099	
171	1	65.11	65.11	0.0979	
172	1	66.47	66.47	0.4291	
173	1	66.99	66.99	0.0099	
174	1	67.01	67.01	0.0099	
175	1	67.01	67.01	0.0099	
176	1	67.01	67.01	0.0099	
177	1	67.77	67.77	0.1771	
178	1	67.99	67.99	0.0099	
179	1	68.01	68.01	0.0099	
180	1	68.01	68.01	0.0099	
181	1	68.01	68.01	0.0099	
182	1	68.11	68.11	0.0979	
183	1	69.16	69.16	0.1944	
184	1	70.15	70.15	0.1675	
185	1	70.87	70.87	0.1131	
186	1	70.99	70.99	0.0099	
187	1	70.99	70.99	0.0099	
188	1	71.89	71.89	0.1979	
189	1	72.79	72.79	0.1659	
190	1	72.99	72.99	0.0099	
191	1	73.41	73.41	0.2419	
192	1	73.96	73.96	0.0384	
193	1	74.2	74.2	0.16	
194	1	74.87	74.87	0.1131	
195	1	75.51	75.51	0.2499	
196	1	75.98	75.98	0.0196	
197	1	76.01	76.01	0.0099	
198	1	76.04	76.04	0.0384	
199	1	76.88	76.88	0.1056	
200	1	78.76	78.76	0.2624	
201	1	78.99	78.99	0.0099	
202	1	79.43	79.43	0.2451	
203	1	79.98	79.98	0.0196	
204	1	80.93	80.93	0.0651	
205	1	81.03	81.03	0.0291	
206	1	82.98	82.98	0.0396	
207	1	83.01	83.01	0.0099	
208	1	83.01	83.01	0.0099	
209	1	83.01	83.01	0.0099	
210	1	83.01	83.01	0.0099	
211	1	83.02	83.02	0.0196	
212	1	84.34	84.34	0.5244	
213	1	85.69	85.69	0.2139	
214	1	86.01	86.01	0.0099	
215	1	86.78	86.78	0.1716	
216	1	86.99	86.99	0.0099	
217	1	87.01	87.01	0.0099	
218	1	87.02	87.02	0.0196	
219	1	87.88	87.88	0.1056	
220	1	87.99	87.99	0.0099	
221	1	88.13	88.13	0.1131	
222	1	88.87	88.87	0.1131	
223	1	88.99	88.99	0.0099	
224	1	89.56	89.56	0.2464	
225	1	89.99	89.99	0.0099	
226	1	90.01	90.01	0.0099	
227	1	90.02	90.02	0.0196	
228	1	90.01	90.01	0.0099	
229	1	90.01	90.01	0.0099	
230	1	90.03	90.03	0.0291	
231	1	90.91	90.91	0.0819	
232	1	91	91	0	
233	1	91	91	0	
234	1	91	91	0	
235	1	91	91	0	
236	1	91.69	91.69	0.2139	
237	1	92.63	92.63	0.2331	
238	1	93	93	0	
239	1	93.53	93.53	0.2491	
240	1	93.99	93.99	0.0099	
241	1	93.99	93.99	0.0099	
242	1	94.52	94.52	0.2496	
243	1	95.38	95.38	0.3156	
244	1	95.95	95.95	0.3275	
245	1	97.96	97.96	0.0784	
246	1	98.01	98.01	0.0099	
247	1	98.01	98.01	0.0099	
248	1	98.01	98.01	0.0099	
249	1	98.17	98.17	0.1411	
250	1	98.87	98.87	0.1131	
251	1	99.01	99.01	0.0099	
252	1	99.04	99.04	0.0384	
253	1	99.94	99.94	0.0564	
254	1	100.18	100.18	0.1476	
255	1	100.98	100.98	0.0196	
256	1	101.03	101.03	0.0291	
257	1	101.36	101.36	0.2304	
258	1	101.99	101.99	0.0099	
259	1	102.2	102.2	0.16	
260	1	103	103	0.08	
261	1	103.77	103.77	0.5571	
262	1	104.88	104.88	0.1056	
263	1	105	105	0	
264	1	105.13	105.13	0.1131	
265	1	105.85	105.85	0.1275	
266	1	105.99	105.99	0.0099	
267	1	105.99	105.99	0.0099	
268	1	106.16	106.16	0.1344	
269	1	106.89	106.89	0.0979	
270	1	106.99	106.99	0.0099	
271	1	106.99	106.99	0.0099	
272	1	107.01	107.01	0.0099	
273	1	107.69	107.69	0.2339	
274	1	108.42	108.42	0.2636	
275	1	109.07	109.07	0.2851	
276	1	109.91	109.91	0.0819	
277	1	109.99	109.99	0.0099	
278	1	109.99	109.99	0.0099	
279	1	110.01	110.01	0.0099	
280	1	110.01	110.01	0.0099	
281	1	110.01	110.01	0.0099	
282	1	110.01	110.01	0.0099	
283	1	110.32	110.32	0.2176	
284	1	110.84	110.84	0.1344	
285	1	110.95	110.95	0.0475	
286	1	110.99	110.99	0.0099	
287	1	110.99	110.99	0.0099	
288	1	111.01	111.01	0.0099	
289	1	111.76	111.76	0.1824	
290	1	111.97	111.97	0.0291	
291	1	112.35	112.35	0.2275	
292	1	113.65	113.65	0.4075	
293	1	113.99	113.99	0.0099	
294	1	114.63	114.63	0.2531	
295	1	115.75	115.75	0.3075	
296	1	116.02	116.02	0.0196	
297	1	116.86	116.86	0.1204	
298	1	117.01	117.01	0.0099	
299	1	117.01	117.01	0.0099	
300	1	117.38	117.38	0.2356	
301	1	117.8	117.8	0.16	
302	1	118.66	118.66	0.9244	
303	1	120.46	120.46	0.7884	
304	1	121.62	121.62	0.2356	
305	1	122.42	122.42	0.3236	
306	1	123.6	123.6	0.24	
307	1	123.94	123.94	0.0564	
308	1	123.99	123.99	0.0099	
309	1	123.99	123.99	0.0099	
310	1	124.63	124.63	0.2731	
311	1	125.72	125.72	0.2016	
312	1	125.99	125.99	0.0099	
313	1	126.01	126.01	0.0099	
314	1	126.01	126.01	0.0099	
315	1	126.01	126.01	0.0099	
316	1	126.01	126.01	0.0099	
317	1	126.2	126.2	0.16	
318	1	126.95	126.95	0.0475	
319	1	126.99	126.99	0.0099	
320	1	127.44	127.44	0.2464	
321	1	127.98	127.98	0.0196	
322	1	128.01	128.01	0.0099	
323	1	128.08	128.08	0.0736	
324	1	128.87	128.87	0.1131	
325	1	128.99	128.99	0.0099	
326	1	128.99	128.99	0.0099	
327	1	128.99	128.99	0.0099	
328	1	128.99	128.99	0.0099	
329	1	128.99	128.99	0.0099	
330	1	128.99	128.99	0.0099	
331	1	129.01	129.01	0.0099	
332	1	129.01	129.01	0.0099	
333	1	129.01	129.01	0.0099	
334	1	129.01	129.01	0.0099	
335	1	129.01	129.01	0.0099	
336	1	129.01	129.01	0.0099	
337	1	129.01	129.01	0.0099	
338	1	129.47	129.47	0.2491	
339	1	129.99	129.99	0.0099	
340	1	129.99	129.99	0.0099	
341	1	130.01	130.01	0.0099	
342	1	130.01	130.01	0.0099	
343	1	130.01	130.01	0.0099	
344	1	130.14	130.14	0.1204	
345	1	130.8	130.8	0.16	
346	1	131.88	131.88	0.1056	
347	1	131.99	131.99	0.0099	
348	1	132.34	132.34	0.2244	
349	1	133.01	133.01	0.1299	
350	1	133.97	133.97	0.0691	
351	1	134.81	134.81	0.1539	
352	1	135.61	135.61	0.2579	
353	1	136.91	136.91	0.1019	
354	1	137.48	137.48	0.2496	
355	1	137.99	137.99	0.0099	
356	1	138.03	138.03	0.0291	
357	1	138.7	138.7	0.21	
358	1	139.2	139.2	0.16	
359	1	140.29	140.29	0.5459	
360	1	141	141	0.14	
361	1	141.98	141.98	0.1196	
362	1	143.12	143.12	0.3056	
363	1	144.13	144.13	0.5131	
364	1	145.74	145.74	0.2724	
365	1	145.97	145.97	0.0291	
366	1	146.01	146.01	0.0099	
367	1	146.25	146.25	0.1875	
368	1	147.26	147.26	0.4124	
369	1	148	148	0.14	
370	1	148.92	148.92	0.0736	
371	1	149.69	149.69	0.2139	
372	1	150.01	150.01	0.0099	
373	1	150.01	150.01	0.0099	
374	1	150.01	150.01	0.0099	
375	1	150.01	150.01	0.0099	
376	1	150.01	150.01	0.0099	
377	1	150.02	150.02	0.0196	
378	1	150.92	150.92	0.8136	
379	1	152.02	152.02	0.0196	
380	1	153.2	153.2	0.44	
381	1	153.96	153.96	0.0384	
382	1	154.3	154.3	0.21	
383	1	155.39	155.39	0.3979	
384	1	155.98	155.98	0.0396	
385	1	156.07	156.07	0.0651	
386	1	156.88	156.88	0.1056	
387	1	157.03	157.03	0.0291	
388	1	157.87	157.87	0.4531	
389	1	159.68	159.68	0.3376	
390	1	159.99	159.99	0.0099	
391	1	159.99	159.99	0.0099	
392	1	160.01	160.01	0.0099	
393	1	160.6	160.6	0.24	
394	1	160.98	160.98	0.0196	
395	1	161.04	161.04	0.0384	
396	1	161.84	161.84	0.1344	
397	1	162.13	162.13	0.1131	
398	1	162.8	162.8	0.16	
399	1	162.99	162.99	0.0099	
400	1	162.99	162.99	0.0099	
401	1	162.99	162.99	0.0099	
402	1	163.01	163.01	0.0099	
403	1	163.01	163.01	0.0099	
404	1	163.01	163.01	0.0099	
405	1	163.01	163.01	0.0099	
406	1	163.01	163.01	0.0099	
407	1	163.02	163.02	0.0196	
408	1	163.78	163.78	0.1716	
409	1	164.21	164.21	0.1659	
410	1	165	165	0.08	
411	1	165.61	165.61	0.2379	
412	1	165.99	165.99	0.0099	
413	1	166.56	166.56	0.2464	
414	1	167.23	167.23	0.2971	
415	1	167.83	167.83	0.1411	
416	1	167.99	167.99	0.0099	
417	1	167.99	167.99	0.0099	
418	1	168.01	168.01	0.0099	
419	1	168.01	168.01	0.0099	
420	1	168.01	168.01	0.0099	
421	1	168.51	168.51	0.2499	
422	1	168.93	168.93	0.0651	
423	1	168.99	168.99	0.0099	
424	1	169.07	169.07	0.0651	
425	1	169.9	169.9	0.09	
426	1	169.99	169.99	0.0099	
427	1	170.01	170.01	0.0099	
428	1	170.43	170.43	0.2451	
429	1	170.98	170.98	0.0196	
430	1	171.46	171.46	0.2484	
431	1	171.99	171.99	0.0099	
432	1	172.17	172.17	0.1411	
433	1	173.61	173.61	0.8579	
434	1	175.44	175.44	0.2864	
435	1	175.93	175.93	0.0651	
436	1	175.99	175.99	0.0099	
437	1	176.16	176.16	0.1344	
438	1	176.83	176.83	0.1411	
439	1	177.01	177.01	0.0099	
440	1	177.02	177.02	0.0196	
441	1	177.01	177.01	0.0099	
442	1	177.01	177.01	0.0099	
443	1	177.06	177.06	0.0564	
444	1	177.83	177.83	0.1411	
445	1	177.99	177.99	0.0099	
446	1	178.01	178.01	0.0099	
447	1	178.01	178.01	0.0099	
448	1	178.01	178.01	0.0099	
449	1	178.01	178.01	0.0099	
450	1	178.73	178.73	0.1971	
451	1	179.46	179.46	0.2484	
452	1	179.99	179.99	0.0099	
453	1	179.99	179.99	0.0099	
454	1	180.04	180.04	0.0384	
455	1	180.77	180.77	0.1771	
456	1	181.42	181.42	0.3436	
457	1	182.3	182.3	0.21	
458	1	182.99	182.99	0.0099	
459	1	182.99	182.99	0.0099	
460	1	183.01	183.01	0.0099	
461	1	183.05	183.05	0.0475	
462	1	183.91	183.91	0.4219	
463	1	184.89	184.89	0.0979	
464	1	184.99	184.99	0.0099	
465	1	184.99	184.99	0.0099	
466	1	185.01	185.01	0.0099	
467	1	185.01	185.01	0.0099	
468	1	185.01	185.01	0.0099	
469	1	185.01	185.01	0.0099	
470	1	185.46	185.46	0.2484	
471	1	186.51	186.51	0.3499	
472	1	186.95	186.95	0.0475	
473	1	186.97	186.97	0.0291	
474	1	186.99	186.99	0.0099	
475	1	187.01	187.01	0.0099	
476	1	187.07	187.07	0.0651	
477	1	187.94	187.94	0.2964	
478	1	188.83	188.83	0.3411	
479	1	189.95	189.95	0.0475	
480	1	189.99	189.99	0.0099	
481	1	190.42	190.42	0.2436	
482	1	190.9	190.9	0.09	
483	1	191.42	191.42	0.2436	
484	1	192.14	192.14	0.1204	
485	1	192.97	192.97	0.0291	
486	1	193.03	193.03	0.0291	
487	1	193.88	193.88	0.3856	
488	1	194.89	194.89	0.0979	
489	1	195.26	195.26	0.1924	
490	1	195.81	195.81	0.1539	
491	1	195.94	195.94	0.0564	
492	1	196	196	0	
493	1	196	196	0	
494	1	196.01	196.01	0.0099	
495	1	196.78	196.78	0.1716	
496	1	196.99	196.99	0.0099	
497	1	197.01	197.01	0.0099	
498	1	197.11	197.11	0.0979	
499	1	197.92	197.92	0.2336	
500	1	198.78	198.78	0.2116	
501	1	198.99	198.99	0.0099	
502	1	199.59	199.59	0.2419	
503	1	200.16	200.16	0.1344	
504	1	200.87	200.87	0.1131	
505	1	200.92	200.92	0.0736	
506	1	200.99	200.99	0.0099	
507	1	201.31	201.31	0.2139	
508	1	201.86	201.86	0.1204	
509	1	201.98	201.98	0.0196	
510	1	201.99	201.99	0.0099	
511	1	202.01	202.01	0.0099	
512	1	202.02	202.02	0.0196	
513	1	202.59	202.59	0.2419	
514	1	202.99	202.99	0.0099	
515	1	202.99	202.99	0.0099	
516	1	203.81	203.81	0.1539	
517	1	204.6	204.6	0.24	
518	1	205.29	205.29	0.3059	
519	1	205.79	205.79	0.1659	
520	1	205.99	205.99	0.0099	
521	1	205.99	205.99	0.0099	
522	1	205.99	205.99	0.0099	
523	1	205.99	205.99	0.0099	
524	1	206.16	206.16	0.1344	
525	1	206.95	206.95	0.0475	
526	1	206.99	206.99	0.0099	
527	1	207.01	207.01	0.0099	
528	1	207.01	207.01	0.0099	
529	1	207.38	207.38	0.2356	
530	1	207.78	207.78	0.1716	
531	1	208.37	208.37	0.3731	
532	1	208.88	208.88	0.1056	
533	1	209.19	209.19	0.1539	
534	1	209.94	209.94	0.0564	
535	1	210.01	210.01	0.0099	
536	1	211.63	211.63	0.5931	
537	1	212.01	212.01	0.0099	
538	1	212.4	212.4	0.24	
539	1	212.97	212.97	0.0291	
540	1	212.99	212.99	0.0099	
541	1	213.01	213.01	0.0099	
542	1	213.45	213.45	0.2475	
543	1	213.95	213.95	0.0475	
544	1	213.99	213.99	0.0099	
545	1	214.01	214.01	0.0099	
546	1	214.01	214.01	0.0099	
547	1	214.01	214.01	0.0099	
548	1	214.01	214.01	0.0099	
549	1	214.5	214.5	0.25	
550	1	214.82	214.82	0.1476	
551	1	215.06	215.06	0.0564	
552	1	215.75	215.75	0.2075	
553	1	216.64	216.64	0.2304	
554	1	217.23	217.23	0.1971	
555	1	217.89	217.89	0.0979	
556	1	217.99	217.99	0.0099	
557	1	218.36	218.36	0.2304	
558	1	218.89	218.89	0.0979	
559	1	219.14	219.14	0.1204	
560	1	219.98	219.98	0.0196	
561	1	220.06	220.06	0.0564	
562	1	220.93	220.93	0.0651	
563	1	221.03	221.03	0.0291	
564	1	221.93	221.93	0.0651	
565	1	222.08	222.08	0.0736	
566	1	222.87	222.87	0.1131	
567	1	222.96	222.96	0.0384	
568	1	223.39	223.39	0.2779	
569	1	224.91	224.91	0.1419	
570	1	226.74	226.74	0.4524	
571	1	227.24	227.24	0.3624	
572	1	227.92	227.92	0.1336	
573	1	227.99	227.99	0.0099	
574	1	228.01	228.01	0.0099	
575	1	228.05	228.05	0.0475	
576	1	228.79	228.79	0.4259	
577	1	230.72	230.72	0.2016	
578	1	231.01	231.01	0.0099	
579	1	231	231	0	
580	1	231.37	231.37	0.2331	
581	1	231.99	231.99	0.0099	
582	1	232.08	232.08	0.0736	
583	1	232.9	232.9	0.09	
584	1	232.99	232.99	0.0099	
585	1	233.48	233.48	0.2496	
586	1	233.99	233.99	0.0099	
587	1	234.01	234.01	0.0099	
588	1	235.45	235.45	0.6475	
589	1	236.48	236.48	0.2496	
590	1	236.98	236.98	0.0196	
591	1	237.79	237.79	0.1659	
592	1	237.99	237.99	0.0099	
593	1	237.99	237.99	0.0099	
594	1	238.01	238.01	0.0099	
595	1	238.01	238.01	0.0099	
596	1	238.06	238.06	0.0564	
597	1	238.24	238.24	0.1824	
598	1	238.96	238.96	0.0384	
599	1	239.6	239.6	0.24	
600	1	239.99	239.99	0.0099	
601	1	240.59	240.59	0.2419	
602	1	241.85	241.85	0.1275	
603	1	241.96	241.96	0.0384	
604	1	242.48	242.48	0.3296	
605	1	243.7	243.7	0.21	
606	1	244.54	244.54	0.2884	
607	1	245.1	245.1	0.09	
608	1	245.85	245.85	0.2675	
609	1	246.99	246.99	0.0699	
610	1	247.68	247.68	0.2176	
611	1	247.92	247.92	0.0736	
612	1	247.99	247.99	0.0099	
613	1	247.99	247.99	0.0099	
614	1	248.01	248.01	0.0099	
615	1	248.25	248.25	0.1875	
616	1	248.94	248.94	0.0564	
617	1	249.2	249.2	0.16	
618	1	249.73	249.73	0.1971	
619	1	250	250	0	
620	1	250.21	250.21	0.1659	
621	1	250.96	250.96	0.0384	
622	1	251.64	251.64	0.2304	
623	1	252.08	252.08	0.0936	
624	1	252.75	252.75	0.1875	
625	1	253.08	253.08	0.0736	
626	1	253.72	253.72	0.2016	
627	1	254.6	254.6	0.28	
628	1	255	255	0	
629	1	255.77	255.77	0.1771	
630	1	255.99	255.99	0.0099	
631	1	256.76	256.76	0.1824	
632	1	257.17	257.17	0.1411	
633	1	258.49	258.49	0.3499	
634	1	259.71	259.71	0.2059	
635	1	260	260	0	
636	1	260	260	0	
637	1	260.48	260.48	0.2496	
638	1	261.75	261.75	0.2275	
639	1	262.03	262.03	0.1091	
640	1	262.78	262.78	0.1716	
641	1	263.4	263.4	0.24	
642	1	264.26	264.26	0.6124	
643	1	264.92	264.92	0.1336	
644	1	264.98	264.98	0.0396	
645	1	264.98	264.98	0.0396	
646	1	264.98	264.98	0.0396	
647	1	264.98	264.98	0.0396	
648	1	265.26	265.26	0.1924	
649	1	265.97	265.97	0.0291	
650	1	266.68	266.68	0.5976	
651	1	268	268	0.02	
652	1	268.11	268.11	0.0979	
653	1	268.64	268.64	0.2304	
654	1	268.99	268.99	0.0099	
655	1	268.99	268.99	0.0099	
656	1	269.31	269.31	0.2139	
657	1	269.96	269.96	0.0384	
658	1	270.37	270.37	0.2331	
659	1	270.97	270.97	0.0291	
660	1	270.99	270.99	0.0099	
661	1	271.01	271.01	0.0099	
662	1	271.01	271.01	0.0099	
663	1	271.67	271.67	0.2211	
664	1	271.98	271.98	0.0196	
665	1	272.01	272.01	0.0099	
666	1	272.58	272.58	0.2436	
667	1	272.99	272.99	0.0099	
668	1	273.19	273.19	0.2539	
669	1	275.08	275.08	0.5536	
670	1	275.98	275.98	0.0196	
671	1	275.99	275.99	0.0099	
672	1	275.99	275.99	0.0099	
673	1	276.65	276.65	0.2275	
674	1	276.98	276.98	0.0196	
675	1	277	277	0	
676	1	277	277	0	
677	1	277	277	0	
678	1	277.09	277.09	0.0819	
679	1	277.93	277.93	0.0651	
680	1	278	278	0	
681	1	278	278	0	
682	1	278	278	0	
683	1	278	278	0	
684	1	278	278	0	
685	1	278.05	278.05	0.0475	
686	1	278.75	278.75	0.1875	
687	1	278.91	278.91	0.0819	
688	1	278.99	278.99	0.0099	
689	1	279.01	279.01	0.0099	
690	1	279.24	279.24	0.1824	
691	1	279.87	279.87	0.1131	
692	1	280.72	280.72	0.2016	
693	1	281.03	281.03	0.0291	
694	1	281.91	281.91	0.0819	
695	1	281.99	281.99	0.0099	
696	1	282.03	282.03	0.0291	
697	1	282.88	282.88	0.1056	
698	1	282.99	282.99	0.0099	
699	1	282.99	282.99	0.0099	
700	1	283.01	283.01	0.0099	
701	1	283.01	283.01	0.0099	
702	1	283.01	283.01	0.0099	
703	1	283.07	283.07	0.0651	
704	1	283.88	283.88	0.1056	
705	1	284.29	284.29	0.2059	
706	1	285.33	285.33	0.5011	
707	1	285.84	285.84	0.2944	
708	1	286.76	286.76	0.1824	
709	1	286.98	286.98	0.0196	
710	1	286.98	286.98	0.0196	
711	1	287.06	287.06	0.0564	
712	1	287.52	287.52	0.2696	
713	1	288.82	288.82	0.2076	
714	1	289.83	289.83	0.1411	
715	1	289.94	289.94	0.0564	
716	1	289.99	289.99	0.0099	
717	1	290.01	290.01	0.0099	
718	1	290.01	290.01	0.0099	
719	1	290.2	290.2	0.16	
720	1	290.91	290.91	0.0819	
721	1	290.99	290.99	0.0099	
722	1	291.01	291.01	0.0099	
723	1	291.38	291.38	0.2356	
724	1	291.91	291.91	0.0819	
725	1	292.93	292.93	0.5051	
726	1	294.08	294.08	0.7336	
727	1	295	295	0	
728	1	295	295	0	
729	1	295	295	0	
730	1	295.05	295.05	0.0475	
731	1	296.78	296.78	0.3916	
732	1	296.98	296.98	0.0396	
733	1	297.06	297.06	0.0564	
734	1	297.85	297.85	0.1275	
735	1	297.99	297.99	0.0099	
736	1	298.01	298.01	0.0099	
737	1	298.01	298.01	0.0099	
738	1	298.05	298.05	0.0475	
739	1	298.55	298.55	0.2475	
740	1	298.96	298.96	0.0784	
741	1	299.59	299.59	0.3019	
742	1	300.98	300.98	0.0396	
743	1	300.98	300.98	0.0396	
744	1	301.28	301.28	0.2016	
745	1	302.82	302.82	0.2676	
746	1	303.79	303.79	0.1659	
747	1	303.99	303.99	0.0099	
748	1	303.99	303.99	0.0099	
749	1	303.99	303.99	0.0099	
750	1	303.99	303.99	0.0099	
751	1	303.99	303.99	0.0099	
752	1	304.01	304.01	0.0099	
753	1	304.1	304.1	0.09	
754	1	304.86	304.86	0.1204	
755	1	305	305	0	
756	1	305.02	305.02	0.0196	
757	1	305.8	305.8	0.16	
758	1	306.01	306.01	0.0099	
759	1	306.01	306.01	0.0099	
760	1	306.75	306.75	0.1875	
761	1	307.3	307.3	0.21	
762	1	307.88	307.88	0.1056	
763	1	308.57	308.57	0.2451	
764	1	308.99	308.99	0.0099	
765	1	309.69	309.69	0.2139	
766	1	309.97	309.97	0.0291	
767	1	310.87	310.87	0.1131	
768	1	310.98	310.98	0.0196	
769	1	310.99	310.99	0.0099	
770	1	311.01	311.01	0.0099	
771	1	311.01	311.01	0.0099	
772	1	311.47	311.47	0.4891	
773	1	312.76	312.76	0.3224	
774	1	313.01	313.01	0.0099	
775	1	313.01	313.01	0.0099	
776	1	313.01	313.01	0.0099	
777	1	313.01	313.01	0.0099	
778	1	313.21	313.21	0.1659	
779	1	313.87	313.87	0.1131	
780	1	315.58	315.58	0.7836	
781	1	316.53	316.53	0.2491	
782	1	317.06	317.06	0.0764	
783	1	317.73	317.73	0.1971	
784	1	318.78	318.78	0.1716	
785	1	318.99	318.99	0.0099	
786	1	318.99	318.99	0.0099	
787	1	319.67	319.67	0.2211	
788	1	320.04	320.04	0.0384	
789	1	320.87	320.87	0.1131	
790	1	320.99	320.99	0.0099	
791	1	321.48	321.48	0.2496	
792	1	322.17	322.17	0.1411	
793	1	323.43	323.43	0.5051	
794	1	323.89	323.89	0.1379	
795	1	324.29	324.29	0.3259	
796	1	325.43	325.43	0.2651	
797	1	326.36	326.36	0.4304	
798	1	326.95	326.95	0.0475	
799	1	326.97	326.97	0.0291	
800	1	326.99	326.99	0.0099	
801	1	327.82	327.82	0.1476	
802	1	327.99	327.99	0.0099	
803	1	328.03	328.03	0.0291	
804	1	329.78	329.78	0.2916	
805	1	330.67	330.67	0.2211	
806	1	330.99	330.99	0.0099	
807	1	331.03	331.03	0.0291	
808	1	331.95	331.95	0.0475	
809	1	331.99	331.99	0.0099	
810	1	332.08	332.08	0.0736	
811	1	332.76	332.76	0.1824	
812	1	332.99	332.99	0.0099	
813	1	333.01	333.01	0.0099	
814	1	333.01	333.01	0.0099	
815	1	333.66	333.66	0.2244	
816	1	333.99	333.99	0.0099	
817	1	334.01	334.01	0.0099	
818	1	334.85	334.85	0.1275	
819	1	334.99	334.99	0.0099	
820	1	334.99	334.99	0.0099	
821	1	335.01	335.01	0.0099	
822	1	335.01	335.01	0.0099	
823	1	335.15	335.15	0.1275	
824	1	335.9	335.9	0.09	
825	1	336.01	336.01	0.0099	
826	1	336.37	336.37	0.2331	
827	1	336.97	336.97	0.0291	
828	1	337.57	337.57	0.2451	
829	1	337.97	337.97	0.0291	
830	1	338	338	0	
831	1	338.13	338.13	0.1131	
832	1	339.92	339.92	0.0736	
833	1	340.04	340.04	0.0384	
834	1	340.62	340.62	0.2956	
835	1	341.84	341.84	0.1944	
836	1	342.14	342.14	0.1204	
837	1	342.92	342.92	0.0736	
838	1	343.01	343.01	0.0099	
839	1	343.02	343.02	0.0196	
840	1	343.46	343.46	0.2484	
841	1	343.98	343.98	0.0196	
842	1	344.42	344.42	0.2436	
843	1	344.92	344.92	0.0736	
844	1	344.99	344.99	0.0099	
845	1	345.01	345.01	0.0099	
846	1	345.07	345.07	0.0651	
847	1	345.42	345.42	0.2436	
848	1	345.92	345.92	0.0736	
849	1	346.29	346.29	0.2059	
850	1	347.02	347.02	0.0196	
851	1	347	347	0	
852	1	347.4	347.4	0.24	
853	1	348.29	348.29	0.2459	
854	1	349.54	349.54	0.4084	
855	1	350.62	350.62	0.2356	
856	1	351.24	351.24	0.3024	
857	1	352.45	352.45	0.2475	
858	1	352.9	352.9	0.09	
859	1	352.99	352.99	0.0099	
860	1	353.01	353.01	0.0099	
861	1	353.01	353.01	0.0099	
862	1	353.01	353.01	0.0099	
863	1	353.05	353.05	0.0475	
864	1	353.86	353.86	0.1204	
865	1	353.99	353.99	0.0099	
866	1	353.99	353.99	0.0099	
867	1	354.01	354.01	0.0099	
868	1	354.01	354.01	0.0099	
869	1	354.01	354.01	0.0099	
870	1	354.01	354.01	0.0099	
871	1	354.36	354.36	0.2304	
872	1	354.99	354.99	0.0099	
873	1	354.99	354.99	0.0099	
874	1	355.53	355.53	0.2491	
875	1	356.4	356.4	0.24	
876	1	356.92	356.92	0.0736	
877	1	357.29	357.29	0.2059	
878	1	358.37	358.37	0.5731	
879	1	359.98	359.98	0.0396	
880	1	359.98	359.98	0.0396	
881	1	360.01	360.01	0.0099	
882	1	361.53	361.53	0.6091	
883	1	361.99	361.99	0.0099	
884	1	362.01	362.01	0.0099	
885	1	362.01	362.01	0.0099	
886	1	362.01	362.01	0.0099	
887	1	362.04	362.04	0.0384	
888	1	362.83	362.83	0.1411	
889	1	363.81	363.81	0.1739	
890	1	363.98	363.98	0.0196	
891	1	363.99	363.99	0.0099	
892	1	363.99	363.99	0.0099	
893	1	364.01	364.01	0.0099	
894	1	364.4	364.4	0.24	
895	1	364.81	364.81	0.1539	
896	1	364.99	364.99	0.0099	
897	1	365.01	365.01	0.0099	
898	1	365.01	365.01	0.0099	
899	1	365.1	365.1	0.09	
900	1	365.75	365.75	0.1875	
901	1	365.99	365.99	0.0099	
902	1	366.01	366.01	0.0099	
903	1	366.01	366.01	0.0099	
904	1	366.11	366.11	0.0979	
905	1	366.77	366.77	0.1771	
906	1	367.88	367.88	0.1056	
907	1	367.99	367.99	0.0099	
908	1	368.01	368.01	0.0099	
909	1	368.01	368.01	0.0099	
910	1	368.01	368.01	0.0099	
911	1	368.01	368.01	0.0099	
912	1	368.31	368.31	0.2139	
913	1	368.99	368.99	0.0699	
914	1	370.98	370.98	0.0396	
915	1	370.98	370.98	0.0396	
916	1	371.01	371.01	0.0099	
917	1	371.01	371.01	0.0099	
918	1	371.01	371.01	0.0099	
919	1	371.01	371.01	0.0099	
920	1	371.01	371.01	0.0099	
921	1	371.94	371.94	0.6764	
922	1	373.89	373.89	0.1979	
923	1	374.28	374.28	0.2016	
924	1	374.94	374.94	0.0564	
925	1	375	375	0	
926	1	375	375	0	
927	1	375	375	0	
928	1	375	375	0	
929	1	375.01	375.01	0.0099	
930	1	375.66	375.66	0.2244	
931	1	376.02	376.02	0.0196	
932	1	376.86	376.86	0.1204	
933	1	377	377	0	
934	1	377.3	377.3	0.21	
935	1	377.98	377.98	0.0196	
936	1	378.02	378.02	0.0196	
937	1	379.94	379.94	0.1164	
938	1	379.98	379.98	0.0396	
939	1	380.01	380.01	0.0099	
940	1	380.79	380.79	0.1659	
941	1	381	381	0	
942	1	381	381	0	
943	1	381	381	0	
944	1	381	381	0	
945	1	381.25	381.25	0.1875	
946	1	381.96	381.96	0.0384	
947	1	382.42	382.42	0.2436	
948	1	383.79	383.79	0.2459	
949	1	383.99	383.99	0.0099	
950	1	384.01	384.01	0.0099	
951	1	384.01	384.01	0.0099	
952	1	384.01	384.01	0.0099	
953	1	384.01	384.01	0.0099	
954	1	384.25	384.25	0.1875	
955	1	385.38	385.38	0.2756	
956	1	386.4	386.4	0.32	
957	1	387.01	387.01	0.1899	
958	1	387.91	387.91	0.2019	
959	1	388.91	388.91	0.0819	
960	1	388.99	388.99	0.0099	
961	1	389.01	389.01	0.0099	
962	1	389.01	389.01	0.0099	
963	1	389.01	389.01	0.0099	
964	1	389.55	389.55	0.2475	
965	1	390.75	390.75	0.8075	
966	1	392.94	392.94	0.1164	
967	1	393.48	393.48	0.2496	
968	1	393.94	393.94	0.0564	
969	1	393.99	393.99	0.0099	
970	1	393.99	393.99	0.0099	
971	1	393.99	393.99	0.0099	
972	1	393.99	393.99	0.0099	
973	1	394.01	394.01	0.0099	
974	1	394.01	394.01	0.0099	
975	1	394.06	394.06	0.0564	
976	1	394.71	394.71	0.2059	
977	1	395.01	395.01	0.0099	
978	1	395.79	395.79	0.1659	
979	1	396	396	0	
980	1	396	396	0	
981	1	396	396	0	
982	1	396.31	396.31	0.2139	
983	1	397.46	397.46	0.4684	
984	1	397.99	397.99	0.0099	
985	1	397.99	397.99	0.0099	
986	1	398.22	398.22	0.1716	
987	1	398.9	398.9	0.09	
988	1	398.99	398.99	0.0099	
989	1	398.99	398.99	0.0099	
990	1	399.01	399.01	0.0099	
991	1	399.01	399.01	0.0099	
992	1	399.01	399.01	0.0099	
993	1	399.01	399.01	0.0099	
994	1	400.49	400.49	0.6899	
995	1	401.61	401.61	0.3779	
996	1	401.99	401.99	0.0099	
997	1	402.63	402.63	0.2331	
998	1	402.97	402.97	0.0291	
999	1	403.01	403.01	0.0099	
1000	1	403.01	403.01	0.0099	
1001	1	403.01	403.01	0.0099	
1002	1	403.7	403.7	0.21	
1003	1	403.99	403.99	0.0099	
1004	1	403.99	403.99	0.0099	
1005	1	404.01	404.01	0.0099	
1006	1	404.01	404.01	0.0099	
1007	1	404.01	404.01	0.0099	
1008	1	404.01	404.01	0.0099	
1009	1	404.01	404.01	0.0099	
1010	1	404.01	404.01	0.0099	
1011	1	404.01	404.01	0.0099	
1012	1	404.63	404.63	0.2331	
1013	1	404.99	404.99	0.0099	
1014	1	405.01	405.01	0.0099	
1015	1	405.01	405.01	0.0099	
1016	1	405.01	405.01	0.0099	
1017	1	405.01	405.01	0.0099	
1018	1	406.15	406.15	0.5475	
1019	1	406.99	406.99	0.0099	
1020	1	407.01	407.01	0.0099	
1021	1	407.6	407.6	0.24	
1022	1	408.91	408.91	0.1019	
1023	1	408.99	408.99	0.0099	
1024	1	409.19	409.19	0.1539	
1025	1	409.88	409.88	0.1456	
1026	1	410.75	410.75	0.1875	
1027	1	411.09	411.09	0.2019	
1028	1	412.6	412.6	0.28	
1029	1	412.89	412.89	0.3179	
1030	1	413.9	413.9	0.09	
1031	1	413.99	413.99	0.0099	
1032	1	413.99	413.99	0.0099	
1033	1	413.99	413.99	0.0099	
1034	1	414.43	414.43	0.2451	
1035	1	415.34	415.34	0.2444	
1036	1	415.83	415.83	0.1411	
1037	1	415.99	415.99	0.0099	
1038	1	415.99	415.99	0.0099	
1039	1	416.01	416.01	0.0099	
1040	1	416.01	416.01	0.0099	
1041	1	416.01	416.01	0.0099	
1042	1	416.39	416.39	0.2379	
1043	1	416.98	416.98	0.0196	
1044	1	416.99	416.99	0.0099	
1045	1	417.01	417.01	0.0099	
1046	1	417.27	417.27	0.1971	
1047	1	417.99	417.99	0.0099	
1048	1	418.24	418.24	0.1824	
1049	1	418.87	418.87	0.1131	
1050	1	418.99	418.99	0.0099	
1051	1	418.99	418.99	0.0099	
1052	1	418.99	418.99	0.0099	
1053	1	419.01	419.01	0.0099	
1054	1	419.01	419.01	0.0099	
1055	1	419.01	419.01	0.0099	
1056	1	419.01	419.01	0.0099	
1057	1	419.01	419.01	0.0099	
1058	1	419.01	419.01	0.0099	
1059	1	419.8	419.8	0.16	
1060	1	419.99	419.99	0.0099	
1061	1	419.99	419.99	0.0099	
1062	1	420.01	420.01	0.0099	
1063	1	420.01	420.01	0.0099	
1064	1	420.01	420.01	0.0099	
1065	1	420.01	420.01	0.0099	
1066	1	420.53	420.53	0.2491	
1067	1	420.99	420.99	0.0099	
1068	1	420.99	420.99	0.0099	
1069	1	420.99	420.99	0.0099	
1070	1	421.01	421.01	0.0099	
1071	1	421.72	421.72	0.2016	
1072	1	421.99	421.99	0.0099	
1073	1	421.99	421.99	0.0099	
1074	1	421.99	421.99	0.0099	
1075	1	422.01	422.01	0.0099	
1076	1	422.01	422.01	0.0099	
1077	1	422.93	422.93	0.0651	
1078	1	423.68	423.68	0.2176	
1079	1	423.99	423.99	0.0099	
1080	1	423.99	423.99	0.0099	
1081	1	423.99	423.99	0.0099	
1082	1	423.99	423.99	0.0099	
1083	1	423.99	423.99	0.0099	
1084	1	424.25	424.25	0.1875	
1085	1	425.3	425.3	0.25	
1086	1	426.5	426.5	0.25	
1087	1	427.81	427.81	0.2139	
1088	1	428.12	428.12	0.1256	
1089	1	428.96	428.96	0.0384	
1090	1	429.14	429.14	0.1204	
1091	1	429.87	429.87	0.1131	
1092	1	429.99	429.99	0.0099	
1093	1	430.01	430.01	0.0099	
1094	1	430.01	430.01	0.0099	
1095	1	430.5	430.5	0.25	
1096	1	430.96	430.96	0.0384	
1097	1	431.29	431.29	0.2059	
1098	1	431.87	431.87	0.1131	
1099	1	432.72	432.72	0.2016	
1100	1	432.99	432.99	0.0099	
1101	1	432.99	432.99	0.0099	
1102	1	432.99	432.99	0.0099	
1103	1	433.33	433.33	0.2211	
1104	1	434.57	434.57	0.5051	
1105	1	435.01	435.01	0.0099	
1106	1	435.64	435.64	0.2304	
1107	1	436.03	436.03	0.0291	
1108	1	436.94	436.94	0.0564	
1109	1	437.01	437.01	0.0099	
1110	1	437.1	437.1	0.09	
1111	1	437.77	437.77	0.1771	
1112	1	437.99	437.99	0.0099	
1113	1	438.01	438.01	0.0099	
1114	1	438.01	438.01	0.0099	
1115	1	438.01	438.01	0.0099	
1116	1	438.35	438.35	0.2275	
1117	1	438.99	438.99	0.0899	
1118	1	439.87	439.87	0.1131	
1119	1	440.71	440.71	0.2059	
1120	1	441.17	441.17	0.1411	
1121	1	441.97	441.97	0.0291	
1122	1	442	442	0	
1123	1	442	442	0	
1124	1	442.05	442.05	0.0475	
1125	1	443.02	443.02	0.3596	
1126	1	444.83	444.83	0.1611	
1127	1	445.93	445.93	0.7451	
1128	1	447.72	447.72	0.2016	
1129	1	448	448	0	
1130	1	448	448	0	
1131	1	448	448	0	
1132	1	448	448	0	
1133	1	448.77	448.77	0.2571	
1134	1	449.89	449.89	0.1179	
1135	1	450.23	450.23	0.1771	
1136	1	451.47	451.47	0.3891	
1137	1	451.97	451.97	0.0291	
1138	1	452.57	452.57	0.2851	
1139	1	453.77	453.77	0.1771	
1140	1	453.99	453.99	0.0099	
1141	1	454.01	454.01	0.0099	
1142	1	454.01	454.01	0.0099	
1143	1	454.03	454.03	0.0291	
1144	1	454.72	454.72	0.2016	
1145	1	455	455	0	
1146	1	455	455	0	
1147	1	455.2	455.2	0.16	
1148	1	456.46	456.46	0.3284	
1149	1	457.41	457.41	0.2419	
1150	1	457.97	457.97	0.0291	
1151	1	458.18	458.18	0.1476	
1152	1	458.96	458.96	0.0384	
1153	1	458.99	458.99	0.0099	
1154	1	458.99	458.99	0.0099	
1155	1	459.01	459.01	0.0099	
1156	1	459.13	459.13	0.1131	
1157	1	459.72	459.72	0.2016	
1158	1	459.99	459.99	0.0099	
1159	1	459.99	459.99	0.0099	
1160	1	460.01	460.01	0.0099	
1161	1	460.6	460.6	0.24	
1162	1	462	462	0.7	
1163	1	462.96	462.96	0.0384	
1164	1	463.01	463.01	0.0099	
1165	1	463.16	463.16	0.1344	
1166	1	464.92	464.92	0.0936	
1167	1	464.99	464.99	0.0099	
1168	1	464.99	464.99	0.0099	
1169	1	465.43	465.43	0.2451	
1170	1	465.91	465.91	0.0819	
1171	1	465.99	465.99	0.0099	
1172	1	466.33	466.33	0.2211	
1173	1	467.01	467.01	0.0099	
1174	1	467.42	467.42	0.2436	
1175	1	467.92	467.92	0.0736	
1176	1	468.71	468.71	0.2059	
1177	1	468.99	468.99	0.0099	
1178	1	468.99	468.99	0.0099	
1179	1	468.99	468.99	0.0099	
1180	1	468.99	468.99	0.0099	
1181	1	469.01	469.01	0.0099	
1182	1	469.01	469.01	0.0099	
1183	1	469.01	469.01	0.0099	
1184	1	469.62	469.62	0.2356	
1185	1	469.98	469.98	0.0196	
1186	1	470.35	470.35	0.2275	
1187	1	470.89	470.89	0.0979	
1188	1	471.76	471.76	0.2624	
1189	1	472.55	472.55	0.2475	
1190	1	472.93	472.93	0.0651	
1191	1	473.07	473.07	0.0651	
1192	1	474.12	474.12	0.3856	
1193	1	474.84	474.84	0.1344	
1194	1	475.03	475.03	0.0291	
1195	1	475.01	475.01	0.0099	
1196	1	475.01	475.01	0.0099	
1197	1	475.14	475.14	0.1204	
1198	1	475.89	475.89	0.0979	
1199	1	475.99	475.99	0.0099	
1200	1	476.01	476.01	0.0099	
1201	1	476.01	476.01	0.0099	
1202	1	476.01	476.01	0.0099	
1203	1	476.34	476.34	0.2244	
1204	1	476.92	476.92	0.0736	
1205	1	476.97	476.97	0.0891	
1206	1	476.99	476.99	0.0099	
1207	1	477.87	477.87	0.1131	
1208	1	477.99	477.99	0.0099	
1209	1	478.01	478.01	0.0099	
1210	1	478.65	478.65	0.2275	
1211	1	478.96	478.96	0.0384	
1212	1	479.02	479.02	0.0196	
1213	1	479.8	479.8	0.16	
1214	1	479.99	479.99	0.0099	
1215	1	480.01	480.01	0.0099	
1216	1	480.2	480.2	0.16	
1217	1	480.91	480.91	0.0819	
1218	1	480.99	480.99	0.0099	
1219	1	481.4	481.4	0.24	
1220	1	482.01	482.01	0.0099	
1221	1	482.01	482.01	0.0099	
1222	1	482.1	482.1	0.09	
1223	1	483.61	483.61	0.4179	
1224	1	484.12	484.12	0.1656	
1225	1	486.96	486.96	0.3784	
1226	1	488.1	488.1	0.33	
1227	1	488.71	488.71	0.2259	
1228	1	489.37	489.37	0.2331	
1229	1	489.79	489.79	0.1659	
1230	1	490.54	490.54	0.3084	
1231	1	490.97	490.97	0.0491	
1232	1	491.84	491.84	0.1344	
1233	1	491.99	491.99	0.0099	
1234	1	492.69	492.69	0.2139	
1235	1	492.96	492.96	0.0384	
1236	1	493.3	493.3	0.35	
1237	1	495.41	495.41	0.4619	
1238	1	496.57	496.57	0.4051	
1239	1	497.91	497.91	0.1219	
1240	1	498	498	0	
1241	1	498	498	0	
1242	1	498.07	498.07	0.0651	
1243	1	498.91	498.91	0.0819	
1244	1	498.98	498.98	0.0196	
1245	1	499.78	499.78	0.1716	
1246	1	500.27	500.27	0.1971	
1247	1	500.9	500.9	0.09	
1248	1	501.04	501.04	0.0584	
1249	1	501.76	501.76	0.1824	
1250	1	501.99	501.99	0.0099	
1251	1	502.02	502.02	0.0196	
1252	1	502.01	502.01	0.0099	
1253	1	502.69	502.69	0.2139	
1254	1	503.47	503.47	0.2891	
1255	1	503.98	503.98	0.0196	
1256	1	504.01	504.01	0.0099	
1257	1	504.01	504.01	0.0099	
1258	1	504.01	504.01	0.0099	
1259	1	504.01	504.01	0.0099	
1260	1	504.01	504.01	0.0099	
1261	1	504.1	504.1	0.09	
1262	1	504.68	504.68	0.2176	
1263	1	505	505	0	
1264	1	505	505	0	
1265	1	505	505	0	
1266	1	505	505	0	
1267	1	505	505	0	
1268	1	505.14	505.14	0.1204	
1269	1	505.83	505.83	0.1411	
1270	1	505.99	505.99	0.0099	
1271	1	506.05	506.05	0.0475	
1272	1	506.76	506.76	0.1824	
1273	1	507	507	0	
1274	1	507.01	507.01	0.0099	
1275	1	508.5	508.5	0.69	
1276	1	508.98	508.98	0.0396	
1277	1	509.01	509.01	0.0099	
1278	1	509.01	509.01	0.0099	
1279	1	509.01	509.01	0.0099	
1280	1	509.01	509.01	0.0099	
1281	1	509.01	509.01	0.0099	
1282	1	509.78	509.78	0.1716	
1283	1	509.99	509.99	0.0099	
1284	1	509.99	509.99	0.0099	
1285	1	509.99	509.99	0.0099	
1286	1	510.23	510.23	0.1771	
1287	1	510.91	510.91	0.0819	
1288	1	511.46	511.46	0.2484	
1289	1	511.99	511.99	0.0099	
1290	1	511.99	511.99	0.0099	
1291	1	511.99	511.99	0.0099	
1292	1	512.06	512.06	0.0564	
1293	1	512.71	512.71	0.2059	
1294	1	512.99	512.99	0.0099	
1295	1	512.99	512.99	0.0099	
1296	1	512.99	512.99	0.0099	
1297	1	513.01	513.01	0.0099	
1298	1	513.59	513.59	0.2419	
1299	1	513.99	513.99	0.0099	
1300	1	513.99	513.99	0.0099	
1301	1	514.55	514.55	0.2475	
1302	1	514.98	514.98	0.0196	
1303	1	515.01	515.01	0.0099	
1304	1	515.42	515.42	0.2436	
1305	1	515.99	515.99	0.0099	
1306	1	516.01	516.01	0.0099	
1307	1	516.12	516.12	0.1056	
1308	1	516.8	516.8	0.26	
1309	1	517.72	517.72	0.2416	
1310	1	517.99	517.99	0.0099	
1311	1	517.99	517.99	0.0099	
1312	1	517.99	517.99	0.0099	
1313	1	518.01	518.01	0.0099	
1314	1	518.01	518.01	0.0099	
1315	1	518.44	518.44	0.3064	
1316	1	519.95	519.95	0.0475	
1317	1	520.01	520.01	0.0099	
1318	1	520.78	520.78	0.1716	
1319	1	521.53	521.53	0.2491	
1320	1	521.97	521.97	0.0291	
1321	1	522.19	522.19	0.1539	
1322	1	522.93	522.93	0.0651	
1323	1	523.01	523.01	0.0099	
1324	1	524.42	524.42	0.5236	
1325	1	525.18	525.18	0.1476	
1326	1	525.99	525.99	0.0099	
1327	1	526.06	526.06	0.0564	
1328	1	526.93	526.93	0.0651	
1329	1	526.99	526.99	0.0099	
1330	1	527.96	527.96	0.0984	
1331	1	528.87	528.87	0.1931	
1332	1	528.99	528.99	0.0099	
1333	1	529.17	529.17	0.1411	
1334	1	529.99	529.99	0.0099	
1335	1	530.07	530.07	0.0651	
1336	1	530.75	530.75	0.1875	
1337	1	530.99	530.99	0.0099	
1338	1	531.01	531.01	0.0099	
1339	1	531.58	531.58	0.2436	
1340	1	531.98	531.98	0.0196	
1341	1	531.99	531.99	0.0099	
1342	1	532.21	532.21	0.1659	
1343	1	532.85	532.85	0.1275	
1344	1	533.08	533.08	0.0736	
1345	1	533.76	533.76	0.1824	
1346	1	534.18	534.18	0.1476	
1347	1	534.88	534.88	0.1056	
1348	1	534.99	534.99	0.0099	
1349	1	535.4	535.4	0.24	
1350	1	535.95	535.95	0.0475	
1351	1	536.77	536.77	0.1771	
1352	1	536.92	536.92	0.0736	
1353	1	537.26	537.26	0.2924	
1354	1	537.95	537.95	0.0475	
1355	1	537.99	537.99	0.0099	
1356	1	538.01	538.01	0.0099	
1357	1	538.01	538.01	0.0099	
1358	1	538.15	538.15	0.1475	
1359	1	540.67	540.67	0.4011	
1360	1	541.1	541.1	0.09	
1361	1	541.73	541.73	0.2171	
1362	1	542	542	0	
1363	1	542.57	542.57	0.2451	
1364	1	542.99	542.99	0.0099	
1365	1	542.99	542.99	0.0099	
1366	1	543.01	543.01	0.0099	
1367	1	543.01	543.01	0.0099	
1368	1	543.01	543.01	0.0099	
1369	1	543.32	543.32	0.2176	
1370	1	544.43	544.43	0.4851	
1371	1	545	545	0	
1372	1	545.05	545.05	0.0475	
1373	1	545.76	545.76	0.1824	
1374	1	546.15	546.15	0.1275	
1375	1	547.61	547.61	0.3579	
1376	1	548	548	0	
1377	1	548	548	0	
1378	1	548	548	0	
1379	1	548	548	0	
1380	1	548.25	548.25	0.1875	
1381	1	548.95	548.95	0.0475	
1382	1	548.99	548.99	0.0099	
1383	1	549.05	549.05	0.0475	
1384	1	550.17	550.17	0.6811	
1385	1	550.94	550.94	0.0564	
1386	1	551.39	551.39	0.2379	
1387	1	551.95	551.95	0.0475	
1388	1	552.09	552.09	0.0819	
1389	1	552.86	552.86	0.1204	
1390	1	552.99	552.99	0.0099	
1391	1	553.07	553.07	0.0651	
1392	1	554	554	0	
1393	1	554	554	0	
1394	1	554	554	0	
1395	1	554.69	554.69	0.2139	
1396	1	554.97	554.97	0.0291	
1397	1	555.01	555.01	0.0099	
1398	1	555.01	555.01	0.0099	
1399	1	555.04	555.04	0.0384	
1400	1	555.87	555.87	0.1131	
1401	1	555.99	555.99	0.0099	
1402	1	556.76	556.76	0.1824	
1403	1	557.01	557.01	0.0499	
1404	1	557.79	557.79	0.1659	
1405	1	558.41	558.41	0.2419	
1406	1	558.9	558.9	0.09	
1407	1	559.66	559.66	0.2244	
1408	1	559.99	559.99	0.0099	
1409	1	560.35	560.35	0.2275	
1410	1	560.83	560.83	0.2211	
1411	1	562.12	562.12	0.1856	
1412	1	563.38	563.38	0.5156	
1413	1	563.99	563.99	0.0099	
1414	1	563.99	563.99	0.0099	
1415	1	564.54	564.54	0.2484	
1416	1	565.66	565.66	0.2444	
1417	1	566.21	566.21	0.2059	
1418	1	566.69	566.69	0.2339	
1419	1	566.96	566.96	0.0384	
1420	1	567.37	567.37	0.3931	
1421	1	568.56	568.56	0.2864	
1422	1	569.49	569.49	0.3099	
1423	1	569.84	569.84	0.1344	
1424	1	570.02	570.02	0.0196	
1425	1	570.29	570.29	0.2059	
1426	1	570.92	570.92	0.0736	
1427	1	571.01	571.01	0.0099	
1428	1	571.01	571.01	0.0099	
1429	1	571.01	571.01	0.0099	
1430	1	571.01	571.01	0.0099	
1431	1	571.49	571.49	0.2499	
1432	1	572.01	572.01	0.0099	
1433	1	572.01	572.01	0.0099	
1434	1	572.71	572.71	0.2059	
1435	1	573	573	0.08	
1436	1	573.88	573.88	0.1456	
1437	1	574.58	574.58	0.2436	
1438	1	575.2	575.2	0.16	
1439	1	576.75	576.75	0.2875	
1440	1	576.93	576.93	0.0851	
1441	1	576.99	576.99	0.0099	
1442	1	577.54	577.54	0.2484	
1443	1	578	578	0	
1444	1	578.03	578.03	0.0291	
1445	1	578.27	578.27	0.1971	
1446	1	578.98	578.98	0.0196	
1447	1	579	579	0	
1448	1	579.9	579.9	0.09	
1449	1	579.99	579.99	0.0099	
1450	1	579.99	579.99	0.0099	
1451	1	580.92	580.92	0.3536	
1452	1	581.98	581.98	0.0196	
1453	1	581.99	581.99	0.0099	
1454	1	581.99	581.99	0.0099	
1455	1	581.99	581.99	0.0099	
1456	1	581.99	581.99	0.0099	
1457	1	582.31	582.31	0.2139	
1458	1	583.04	583.04	0.0784	
1459	1	583.7	583.7	0.21	
1460	1	583.99	583.99	0.0099	
1461	1	584.54	584.54	0.2484	
1462	1	584.98	584.98	0.0196	
1463	1	585.83	585.83	0.1411	
1464	1	586.02	586.02	0.0196	
1465	1	586.49	586.49	0.2499	
1466	1	586.99	586.99	0.0099	
1467	1	587.01	587.01	0.0099	
1468	1	587.68	587.68	0.2176	
1469	1	588.92	588.92	0.1536	
1470	1	589.79	589.79	0.1659	
1471	1	589.99	589.99	0.0099	
1472	1	590.38	590.38	0.2356	
1473	1	591.26	591.26	0.3324	
1474	1	592.05	592.05	0.2675	
1475	1	593.64	593.64	0.3704	
1476	1	593.99	593.99	0.0099	
1477	1	593.99	593.99	0.0099	
1478	1	594.62	594.62	0.5156	
1479	1	595.98	595.98	0.0396	
1480	1	596.63	596.63	0.2331	
1481	1	597.64	597.64	0.2704	
1482	1	598.01	598.01	0.0099	
1483	1	598.01	598.01	0.0099	
1484	1	599.05	599.05	0.1675	
1485	1	599.91	599.91	0.0819	
1486	1	601.17	601.17	0.9211	
1487	1	602.05	602.05	0.1475	
1488	1	602.83	602.83	0.1811	
1489	1	603.45	603.45	0.2475	
1490	1	603.97	603.97	0.0291	
1491	1	604.01	604.01	0.0099	
1492	1	604.01	604.01	0.0099	
1493	1	604.01	604.01	0.0099	
1494	1	604.01	604.01	0.0099	
1495	1	604.01	604.01	0.0099	
1496	1	604.88	604.88	0.1056	
1497	1	604.97	604.97	0.0291	
1498	1	605.01	605.01	0.0099	
1499	1	605.01	605.01	0.0099	
1500	1	605.02	605.02	0.0196	
1501	1	605.01	605.01	0.0099	
1502	1	605.04	605.04	0.0384	
1503	1	605.88	605.88	0.1056	
1504	1	605.99	605.99	0.0099	
1505	1	605.99	605.99	0.0099	
1506	1	605.99	605.99	0.0099	
1507	1	605.99	605.99	0.0099	
1508	1	606.68	606.68	0.2176	
1509	1	607	607	0	
1510	1	607	607	0	
1511	1	607	607	0	
1512	1	607	607	0	
1513	1	607	607	0	
1514	1	607.17	607.17	0.1411	
1515	1	607.96	607.96	0.0384	
1516	1	608.02	608.02	0.0196	
1517	1	608.88	608.88	0.3056	
1518	1	609.71	609.71	0.2459	
1519	1	610.17	610.17	0.2811	
1520	1	612.36	612.36	0.8904	
1521	1	612.98	612.98	0.0396	
1522	1	613.06	613.06	0.0564	
1523	1	614.46	614.46	0.4084	
1524	1	614.83	614.83	0.1411	
1525	1	615.01	615.01	0.0099	
1526	1	615.01	615.01	0.0099	
1527	1	615.01	615.01	0.0099	
1528	1	615.01	615.01	0.0099	
1529	1	615.01	615.01	0.0099	
1530	1	615.01	615.01	0.0099	
1531	1	615.01	615.01	0.0099	
1532	1	615.01	615.01	0.0099	
1533	1	616.34	616.34	0.4844	
1534	1	616.95	616.95	0.0475	
1535	1	617.06	617.06	0.0564	
1536	1	617.93	617.93	0.1851	
1537	1	618.65	618.65	0.2275	
1538	1	618.97	618.97	0.0291	
1539	1	618.96	618.96	0.0384	
1540	1	619.01	619.01	0.0099	
1541	1	619.74	619.74	0.1924	
1542	1	620.01	620.01	0.0099	
1543	1	620.29	620.29	0.2059	
1544	1	620.99	620.99	0.0099	
1545	1	621.01	621.01	0.0099	
1546	1	621.25	621.25	0.1875	
1547	1	622.32	622.32	0.4576	
1548	1	622.82	622.82	0.1476	
1549	1	622.99	622.99	0.0099	
1550	1	623.01	623.01	0.0099	
1551	1	623.01	623.01	0.0099	
1552	1	623.01	623.01	0.0099	
1553	1	623.4	623.4	0.24	
1554	1	624.81	624.81	0.1739	
1555	1	625.49	625.49	0.2499	
1556	1	625.93	625.93	0.0651	
1557	1	626.22	626.22	0.1716	
1558	1	627	627	0	
1559	1	627.39	627.39	0.2379	
1560	1	627.96	627.96	0.0384	
1561	1	627.99	627.99	0.0099	
1562	1	627.99	627.99	0.0099	
1563	1	628.68	628.68	0.2176	
1564	1	628.95	628.95	0.0875	
1565	1	629.69	629.69	0.2139	
1566	1	630.56	630.56	0.2464	
1567	1	630.99	630.99	0.0099	
1568	1	631.1	631.1	0.09	
1569	1	631.96	631.96	0.0384	
1570	1	631.99	631.99	0.0099	
1571	1	632.01	632.01	0.0099	
1572	1	632.55	632.55	0.2475	
1573	1	633.01	633.01	0.0499	
1574	1	633.39	633.39	0.2379	
1575	1	633.92	633.92	0.0736	
1576	1	634.08	634.08	0.0736	
1577	1	634.86	634.86	0.1604	
1578	1	635.93	635.93	0.0651	
1579	1	636.08	636.08	0.0736	
1580	1	636.91	636.91	0.0819	
1581	1	637.32	637.32	0.2976	
1582	1	638.86	638.86	0.8004	
1583	1	639.91	639.91	0.0819	
1584	1	640.86	640.86	0.1204	
1585	1	641	641	0	
1586	1	641	641	0	
1587	1	641	641	0	
1588	1	641	641	0	
1589	1	641	641	0	
1590	1	641	641	0	
1591	1	641.02	641.02	0.0196	
1592	1	641.59	641.59	0.2419	
1593	1	642.05	642.05	0.1275	
1594	1	642.94	642.94	0.0564	
1595	1	642.99	642.99	0.0099	
1596	1	643.01	643.01	0.0099	
1597	1	643.01	643.01	0.0099	
1598	1	643.69	643.69	0.2339	
1599	1	644.87	644.87	0.1131	
1600	1	644.99	644.99	0.0099	
1601	1	644.99	644.99	0.0099	
1602	1	645.35	645.35	0.2275	
1603	1	645.9	645.9	0.09	
1604	1	646.01	646.01	0.0099	
1605	1	646.13	646.13	0.1131	
1606	1	646.84	646.84	0.1344	
1607	1	647.01	647.01	0.0099	
1608	1	647.01	647.01	0.0099	
1609	1	647.61	647.61	0.2379	
1610	1	647.98	647.98	0.0196	
1611	1	648.01	648.01	0.0099	
1612	1	648.01	648.01	0.0099	
1613	1	648.01	648.01	0.0099	
1614	1	648.01	648.01	0.0099	
1615	1	648.01	648.01	0.0099	
1616	1	648.01	648.01	0.0099	
1617	1	648.75	648.75	0.1875	
1618	1	649.08	649.08	0.0736	
1619	1	649.55	649.55	0.2475	
1620	1	650.25	650.25	0.2075	
1621	1	650.9	650.9	0.09	
1622	1	651.87	651.87	0.1131	
1623	1	651.99	651.99	0.0099	
1624	1	652	652	0	
1625	1	652	652	0	
1626	1	652	652	0	
1627	1	652.12	652.12	0.1056	
1628	1	652.84	652.84	0.1344	
1629	1	652.97	652.97	0.0291	
1630	1	653.55	653.55	0.2475	
1631	1	653.99	653.99	0.0099	
1632	1	654.01	654.01	0.0099	
1633	1	654.94	654.94	0.0564	
1634	1	655.7	655.7	0.21	
1635	1	656.22	656.22	0.1916	
1636	1	656.89	656.89	0.0979	
1637	1	656.99	656.99	0.0099	
1638	1	657.29	657.29	0.2059	
1639	1	657.97	657.97	0.0491	
1640	1	658.55	658.55	0.2475	
1641	1	658.99	658.99	0.0099	
1642	1	659.01	659.01	0.0099	
1643	1	659.01	659.01	0.0099	
1644	1	659.71	659.71	0.2059	
1645	1	660.07	660.07	0.0651	
1646	1	661.47	661.47	0.4891	
1647	1	661.97	661.97	0.0291	
1648	1	661.99	661.99	0.0099	
1649	1	661.99	661.99	0.0099	
1650	1	662.4	662.4	0.24	
1651	1	662.95	662.95	0.0475	
1652	1	662.97	662.97	0.0291	
1653	1	663	663	0	
1654	1	663	663	0	
1655	1	663	663	0	
1656	1	663	663	0	
1657	1	663.01	663.01	0.0099	
1658	1	663.84	663.84	0.3344	
1659	1	664.74	664.74	0.1924	
1660	1	665.71	665.71	0.2659	
1661	1	666.38	666.38	0.2756	
1662	1	666.91	666.91	0.0819	
1663	1	667.38	667.38	0.2356	
1664	1	667.92	667.92	0.0736	
1665	1	668	668	0	
1666	1	668	668	0	
1667	1	668	668	0	
1668	1	668	668	0	
1669	1	668	668	0	
1670	1	668.05	668.05	0.0475	
1671	1	668.79	668.79	0.1659	
1672	1	668.99	668.99	0.0099	
1673	1	669.01	669.01	0.0099	
1674	1	669.72	669.72	0.2016	
1675	1	669.98	669.98	0.0196	
1676	1	669.99	669.99	0.0099	
1677	1	670.45	670.45	0.2475	
1678	1	671.02	671.02	0.0196	
1679	1	671.43	671.43	0.2451	
1680	1	671.93	671.93	0.0651	
1681	1	671.99	671.99	0.0099	
1682	1	671.99	671.99	0.0099	
1683	1	672.68	672.68	0.2176	
1684	1	672.99	672.99	0.0099	
1685	1	672.99	672.99	0.0099	
1686	1	673.01	673.01	0.0099	
1687	1	673.21	673.21	0.1659	
1688	1	673.85	673.85	0.1275	
1689	1	673.97	673.97	0.0291	
1690	1	673.99	673.99	0.0099	
1691	1	674.17	674.17	0.1411	
1692	1	674.97	674.97	0.0691	
1693	1	675.89	675.89	0.0979	
1694	1	676	676	0	
1695	1	676.01	676.01	0.0099	
1696	1	676.01	676.01	0.0099	
1697	1	676.35	676.35	0.2275	
1698	1	676.96	676.96	0.0384	
1699	1	677	677	0	
1700	1	677	677	0	
1701	1	677	677	0	
1702	1	677.84	677.84	0.2544	
1703	1	679.84	679.84	0.2944	
1704	1	680.32	680.32	0.2176	
1705	1	681.57	681.57	0.3251	
1706	1	681.99	681.99	0.0099	
1707	1	681.99	681.99	0.0099	
1708	1	682.01	682.01	0.0099	
1709	1	682.01	682.01	0.0099	
1710	1	682.01	682.01	0.0099	
1711	1	682.65	682.65	0.4475	
1712	1	684.7	684.7	0.39	
1713	1	685.25	685.25	0.1875	
1714	1	685.97	685.97	0.0691	
1715	1	686.81	686.81	0.1539	
1716	1	686.96	686.96	0.0384	
1717	1	687.23	687.23	0.1771	
1718	1	687.85	687.85	0.1275	
1719	1	687.93	687.93	0.0651	
1720	1	687.99	687.99	0.0099	
1721	1	688.27	688.27	0.1971	
1722	1	688.94	688.94	0.0564	
1723	1	689.01	689.01	0.0099	
1724	1	689.38	689.38	0.2356	
1725	1	689.99	689.99	0.0099	
1726	1	689.99	689.99	0.0099	
1727	1	689.99	689.99	0.0099	
1728	1	689.99	689.99	0.0099	
1729	1	690.01	690.01	0.0099	
1730	1	690.54	690.54	0.2484	
1731	1	691	691	0	
1732	1	691.08	691.08	0.0736	
1733	1	692.49	692.49	0.3099	
1734	1	692.99	692.99	0.0099	
1735	1	693.01	693.01	0.0099	
1736	1	693.01	693.01	0.0099	
1737	1	693.01	693.01	0.0099	
1738	1	693.01	693.01	0.0099	
1739	1	693.01	693.01	0.0099	
1740	1	693.01	693.01	0.0099	
1741	1	693.01	693.01	0.0099	
1742	1	693.01	693.01	0.0099	
1743	1	693.68	693.68	0.2176	
1744	1	693.98	693.98	0.0196	
1745	1	694.01	694.01	0.0099	
1746	1	694.01	694.01	0.0099	
1747	1	694.04	694.04	0.0384	
1748	1	694.65	694.65	0.2275	
1749	1	694.99	694.99	0.0099	
1750	1	694.99	694.99	0.0099	
1751	1	694.99	694.99	0.0099	
1752	1	695.1	695.1	0.09	
1753	1	695.88	695.88	0.1056	
1754	1	696.05	696.05	0.0475	
1755	1	696.77	696.77	0.1771	
1756	1	696.99	696.99	0.0099	
1757	1	696.99	696.99	0.0099	
1758	1	696.99	696.99	0.0099	
1759	1	697.48	697.48	0.2496	
1760	1	697.85	697.85	0.1275	
1761	1	698.79	698.79	0.1659	
1762	1	698.99	698.99	0.0099	
1763	1	699.01	699.01	0.0099	
1764	1	699.01	699.01	0.0099	
1765	1	699.41	699.41	0.2419	
1766	1	699.93	699.93	0.0651	
1767	1	700.36	700.36	0.2504	
1768	1	702.4	702.4	0.28	
1769	1	703.09	703.09	0.1419	
1770	1	703.92	703.92	0.0736	
1771	1	704.6	704.6	0.24	
1772	1	705.54	705.54	0.2484	
1773	1	705.99	705.99	0.0099	
1774	1	705.99	705.99	0.0099	
1775	1	706.06	706.06	0.0564	
1776	1	707.94	707.94	0.0564	
1777	1	708.01	708.01	0.0099	
1778	1	708.01	708.01	0.0099	
1779	1	708.01	708.01	0.0099	
1780	1	708.01	708.01	0.0099	
1781	1	708.01	708.01	0.0099	
1782	1	708.22	708.22	0.1716	
1783	1	708.87	708.87	0.1131	
1784	1	709.65	709.65	0.2275	
1785	1	710.86	710.86	0.1204	
1786	1	710.99	710.99	0.0099	
1787	1	710.99	710.99	0.0099	
1788	1	711.96	711.96	0.1184	
1789	1	712.61	712.61	0.2579	
1790	1	714.45	714.45	0.7075	
1791	1	714.99	714.99	0.0099	
1792	1	714.99	714.99	0.0099	
1793	1	715.01	715.01	0.0099	
1794	1	715.16	715.16	0.1344	
1795	1	715.91	715.91	0.0819	
1796	1	716.2	716.2	0.16	
1797	1	716.87	716.87	0.1131	
1798	1	717.67	717.67	0.2211	
1799	1	718	718	0	
1800	1	718.97	718.97	0.1891	
1801	1	719.96	719.96	0.0384	
1802	1	720.01	720.01	0.0099	
1803	1	720.01	720.01	0.0099	
1804	1	720.81	720.81	0.3339	
1805	1	721.99	721.99	0.0099	
1806	1	721.99	721.99	0.0099	
1807	1	721.99	721.99	0.0099	
1808	1	722.02	722.02	0.0196	
1809	1	722.72	722.72	0.2016	
1810	1	723.76	723.76	0.1824	
1811	1	723.99	723.99	0.0099	
1812	1	724.83	724.83	0.1411	
1813	1	724.99	724.99	0.0099	
1814	1	725.22	725.22	0.1716	
1815	1	725.78	725.78	0.1716	
1816	1	726.26	726.26	0.1924	
1817	1	726.99	726.99	0.0099	
1818	1	726.99	726.99	0.0099	
1819	1	726.99	726.99	0.0099	
1820	1	726.99	726.99	0.0099	
1821	1	726.99	726.99	0.0099	
1822	1	727.11	727.11	0.0979	
1823	1	727.9	727.9	0.09	
1824	1	727.93	727.93	0.0651	
1825	1	727.99	727.99	0.0099	
1826	1	727.99	727.99	0.0099	
1827	1	727.99	727.99	0.0099	
1828	1	728.01	728.01	0.0099	
1829	1	728.37	728.37	0.2331	
1830	1	728.99	728.99	0.0099	
1831	1	728.99	728.99	0.0099	
1832	1	729.44	729.44	0.2464	
1833	1	729.99	729.99	0.0099	
1834	1	730.86	730.86	0.1204	
1835	1	731	731	0	
1836	1	731	731	0	
1837	1	731.01	731.01	0.0099	
1838	1	731	731	0	
1839	1	731	731	0	
1840	1	731	731	0	
1841	1	731	731	0	
1842	1	731.26	731.26	0.1924	
1843	1	731.95	731.95	0.0475	
1844	1	732.7	732.7	0.23	
1845	1	733.03	733.03	0.0291	
1846	1	733.78	733.78	0.1716	
1847	1	733.99	733.99	0.0099	
1848	1	733.99	733.99	0.0099	
1849	1	734.03	734.03	0.0291	
1850	1	734.94	734.94	0.0564	
1851	1	734.99	734.99	0.0099	
1852	1	734.99	734.99	0.0099	
1853	1	734.99	734.99	0.0099	
1854	1	734.99	734.99	0.0099	
1855	1	735.01	735.01	0.0099	
1856	1	735.81	735.81	0.1539	
1857	1	736.01	736.01	0.0099	
1858	1	736.85	736.85	0.1275	
1859	1	736.98	736.98	0.0196	
1860	1	736.99	736.99	0.0099	
1861	1	737.01	737.01	0.0099	
1862	1	737.01	737.01	0.0099	
1863	1	737.01	737.01	0.0099	
1864	1	737.7	737.7	0.21	
1865	1	737.99	737.99	0.0099	
1866	1	737.99	737.99	0.0099	
1867	1	737.99	737.99	0.0099	
1868	1	737.99	737.99	0.0099	
1869	1	737.99	737.99	0.0099	
1870	1	739.31	739.31	0.5739	
1871	1	739.99	739.99	0.0099	
1872	1	740.49	740.49	0.2499	
1873	1	740.99	740.99	0.0099	
1874	1	740.99	740.99	0.0099	
1875	1	740.99	740.99	0.0099	
1876	1	741.17	741.17	0.1411	
1877	1	741.82	741.82	0.1476	
1878	1	742.12	742.12	0.2656	
1879	1	743.1	743.1	0.17	
1880	1	744.42	744.42	0.2836	
1881	1	744.99	744.99	0.0099	
1882	1	745.01	745.01	0.0099	
1883	1	745.19	745.19	0.1539	
1884	1	745.99	745.99	0.0099	
1885	1	746.36	746.36	0.2304	
1886	1	747	747	0.08	
1887	1	747.86	747.86	0.1204	
1888	1	748.01	748.01	0.0099	
1889	1	748.86	748.86	0.1204	
1890	1	748.99	748.99	0.0099	
1891	1	749.17	749.17	0.1411	
1892	1	749.79	749.79	0.1659	
1893	1	749.99	749.99	0.0099	
1894	1	750.69	750.69	0.2139	
1895	1	750.99	750.99	0.0099	
1896	1	751.12	751.12	0.1056	
1897	1	751.94	751.94	0.1364	
1898	1	752.75	752.75	0.2075	
1899	1	753.02	753.02	0.0196	
1900	1	753.71	753.71	0.2059	
1901	1	754.31	754.31	0.2739	
1902	1	755.03	755.03	0.0291	
1903	1	755.66	755.66	0.2244	
1904	1	756.34	756.34	0.3044	
1905	1	756.97	756.97	0.0291	
1906	1	756.99	756.99	0.0099	
1907	1	757.63	757.63	0.2331	
1908	1	757.98	757.98	0.0196	
1909	1	757.99	757.99	0.0099	
1910	1	758.29	758.29	0.2059	
1911	1	758.86	758.86	0.1204	
1912	1	759.01	759.01	0.0099	
1913	1	759.01	759.01	0.0099	
1914	1	759.01	759.01	0.0099	
1915	1	759.01	759.01	0.0099	
1916	1	759.01	759.01	0.0099	
1917	1	759.31	759.31	0.2139	
1918	1	759.9	759.9	0.09	
1919	1	760.04	760.04	0.0584	
1920	1	760.85	760.85	0.1275	
1921	1	760.93	760.93	0.0651	
1922	1	760.98	760.98	0.0196	
1923	1	760.99	760.99	0.0099	
1924	1	761.01	761.01	0.0099	
1925	1	761.01	761.01	0.0099	
1926	1	761.56	761.56	0.2464	
1927	1	761.99	761.99	0.0099	
1928	1	762.01	762.01	0.0099	
1929	1	762.01	762.01	0.0099	
1930	1	762.69	762.69	0.2139	
1931	1	762.99	762.99	0.0099	
1932	1	764.46	764.46	0.7884	
1933	1	765.3	765.3	0.21	
1934	1	766.09	766.09	0.3819	
1935	1	766.99	766.99	0.0099	
1936	1	767	767	0	
1937	1	767	767	0	
1938	1	767	767	0	
1939	1	767	767	0	
1940	1	767	767	0	
1941	1	767	767	0	
1942	1	767.69	767.69	0.2139	
1943	1	767.99	767.99	0.0099	
1944	1	767.99	767.99	0.0099	
1945	1	768.01	768.01	0.0099	
1946	1	768.53	768.53	0.2491	
1947	1	769.77	769.77	0.2371	
1948	1	769.99	769.99	0.0099	
1949	1	769.99	769.99	0.0099	
1950	1	770.01	770.01	0.0099	
1951	1	770.01	770.01	0.0099	
1952	1	770.01	770.01	0.0099	
1953	1	770.01	770.01	0.0099	
1954	1	770.59	770.59	0.6219	
1955	1	771.99	771.99	0.0099	
1956	1	772.01	772.01	0.0099	
1957	1	772.01	772.01	0.0099	
1958	1	772.01	772.01	0.0099	
1959	1	772.01	772.01	0.0099	
1960	1	772.79	772.79	0.1659	
1961	1	773.71	773.71	0.2059	
1962	1	774.18	774.18	0.1476	
1963	1	775.6	775.6	0.34	
1964	1	776.01	776.01	0.0099	
1965	1	776.41	776.41	0.2419	
1966	1	776.94	776.94	0.0564	
1967	1	777	777	0	
1968	1	777	777	0	
1969	1	777	777	0	
1970	1	777	777	0	
1971	1	777.19	777.19	0.1539	
1972	1	777.91	777.91	0.0819	
1973	1	778.77	778.77	0.1971	
1974	1	780.11	780.11	0.2379	
1975	1	780.88	780.88	0.1056	
1976	1	780.97	780.97	0.0291	
1977	1	780.99	780.99	0.0099	
1978	1	781.01	781.01	0.0099	
1979	1	781.01	781.01	0.0099	
1980	1	781.01	781.01	0.0099	
1981	1	781.01	781.01	0.0099	
1982	1	781.17	781.17	0.1411	
1983	1	781.78	781.78	0.1716	
1984	1	781.99	781.99	0.0099	
1985	1	782.01	782.01	0.0099	
1986	1	782.2	782.2	0.16	
1987	1	783.33	783.33	0.3411	
1988	1	783.9	783.9	0.09	
1989	1	784.32	784.32	0.4576	
1990	1	785.79	785.79	0.1659	
1991	1	785.99	785.99	0.0099	
1992	1	785.99	785.99	0.0099	
1993	1	786.67	786.67	0.2211	
1994	1	786.94	786.94	0.0564	
1995	1	787.01	787.01	0.0099	
1996	1	787.01	787.01	0.0099	
1997	1	787.8	787.8	0.24	
1998	1	788.85	788.85	0.1275	
1999	1	788.96	788.96	0.0384	
2000	1	788.99	788.99	0.0099	
