# mu = 0.01, s = -0.1, trials requested = 1, runtime = 0:00:03
# "Time"	"Actual trials"	"Mean mutation"	"Average mean mutation"	"Average mutation variance"
0	1	0	0	0	
1	1	0.02	0.02	0.0196	
2	1	0.06	0.06	0.0764	
3	1	0.06	0.06	0.0764	
4	1	0.08	0.08	0.1136	
5	1	0.07	0.07	0.0851	
6	1	0.07	0.07	0.0851	
7	1	0.09	0.09	0.1019	
8	1	0.1	0.1	0.11	
9	1	0.11	0.11	0.1179	
10	1	0.13	0.13	0.1331	
11	1	0.14	0.14	0.1404	
12	1	0.14	0.14	0.1404	
13	1	0.17	0.17	0.1811	
14	1	0.19	0.19	0.1939	
15	1	0.21	0.21	0.2059	
16	1	0.2	0.2	0.2	
17	1	0.2	0.2	0.2	
18	1	0.21	0.21	0.2059	
19	1	0.22	0.22	0.2116	
20	1	0.24	0.24	0.2224	
21	1	0.27	0.27	0.2371	
22	1	0.29	0.29	0.2859	
23	1	0.31	0.31	0.2939	
24	1	0.31	0.31	0.3139	
25	1	0.34	0.34	0.3444	
26	1	0.35	0.35	0.3675	
27	1	0.37	0.37	0.3731	
28	1	0.39	0.39	0.3979	
29	1	0.39	0.39	0.4179	
30	1	0.4	0.4	0.42	
31	1	0.4	0.4	0.42	
32	1	0.42	0.42	0.4436	
33	1	0.43	0.43	0.4251	
34	1	0.44	0.44	0.4664	
35	1	0.42	0.42	0.4636	
36	1	0.43	0.43	0.4851	
37	1	0.43	0.43	0.4851	
38	1	0.43	0.43	0.4851	
39	1	0.46	0.46	0.5084	
40	1	0.45	0.45	0.4875	
41	1	0.46	0.46	0.5084	
42	1	0.46	0.46	0.5084	
43	1	0.47	0.47	0.5291	
44	1	0.49	0.49	0.5299	
45	1	0.52	0.52	0.5496	
46	1	0.5	0.5	0.53	
47	1	0.51	0.51	0.5299	
48	1	0.52	0.52	0.5496	
49	1	0.52	0.52	0.5496	
50	1	0.53	0.53	0.5691	
51	1	0.54	0.54	0.5684	
52	1	0.53	0.53	0.5691	
53	1	0.54	0.54	0.5684	
54	1	0.56	0.56	0.5664	
55	1	0.57	0.57	0.5651	
56	1	0.57	0.57	0.5651	
57	1	0.58	0.58	0.5636	
58	1	0.58	0.58	0.5636	
59	1	0.6	0.6	0.58	
60	1	0.61	0.61	0.5979	
61	1	0.65	0.65	0.6875	
62	1	0.66	0.66	0.6844	
63	1	0.69	0.69	0.6939	
64	1	0.71	0.71	0.7459	
65	1	0.7	0.7	0.73	
66	1	0.72	0.72	0.7816	
67	1	0.73	0.73	0.7571	
68	1	0.74	0.74	0.7524	
69	1	0.74	0.74	0.7524	
70	1	0.74	0.74	0.7724	
71	1	0.75	0.75	0.7675	
72	1	0.77	0.77	0.7571	
73	1	0.76	0.76	0.7424	
74	1	0.76	0.76	0.7424	
75	1	0.76	0.76	0.7424	
76	1	0.77	0.77	0.7371	
77	1	0.77	0.77	0.7371	
78	1	0.79	0.79	0.7459	
79	1	0.78	0.78	0.7516	
80	1	0.78	0.78	0.7916	
81	1	0.78	0.78	0.7916	
82	1	0.87	0.87	0.9931	
83	1	0.84	0.84	0.9544	
84	1	0.82	0.82	0.8876	
85	1	0.87	0.87	0.9131	
86	1	0.87	0.87	0.9131	
87	1	0.87	0.87	0.9731	
88	1	0.9	0.9	0.95	
89	1	0.9	0.9	0.97	
90	1	0.92	0.92	0.9536	
91	1	0.92	0.92	0.9536	
92	1	0.91	0.91	0.9619	
93	1	0.92	0.92	0.9536	
94	1	0.92	0.92	0.9536	
95	1	0.92	0.92	0.9736	
96	1	0.94	0.94	0.9764	
97	1	0.95	0.95	0.9875	
98	1	0.95	0.95	1.0075	
99	1	0.95	0.95	1.0075	
100	1	0.99	0.99	1.0499	
101	1	0.99	0.99	1.0299	
102	1	0.98	0.98	1.0396	
103	1	1	1	1.08	
104	1	1	1	1.08	
105	1	1.01	1.01	1.1099	
106	1	1.02	1.02	1.0996	
107	1	1.01	1.01	1.1099	
108	1	1.01	1.01	1.1099	
109	1	1.01	1.01	1.1099	
110	1	1.03	1.03	1.1091	
111	1	1.1	1.1	1.19	
112	1	1.07	1.07	1.1251	
113	1	1.1	1.1	1.13	
114	1	1.13	1.13	1.1731	
115	1	1.12	1.12	1.1656	
116	1	1.13	1.13	1.1731	
117	1	1.15	1.15	1.1675	
118	1	1.16	1.16	1.1544	
119	1	1.12	1.12	1.1656	
120	1	1.14	1.14	1.1604	
121	1	1.13	1.13	1.1531	
122	1	1.13	1.13	1.1531	
123	1	1.16	1.16	1.1944	
124	1	1.17	1.17	1.1811	
125	1	1.16	1.16	1.1944	
126	1	1.19	1.19	1.1739	
127	1	1.18	1.18	1.1876	
128	1	1.19	1.19	1.1939	
129	1	1.19	1.19	1.1939	
130	1	1.24	1.24	1.2424	
131	1	1.24	1.24	1.2424	
132	1	1.24	1.24	1.2424	
133	1	1.23	1.23	1.2571	
134	1	1.26	1.26	1.2324	
135	1	1.27	1.27	1.2371	
136	1	1.29	1.29	1.2859	
137	1	1.32	1.32	1.2976	
138	1	1.38	1.38	1.3356	
139	1	1.36	1.36	1.2504	
140	1	1.36	1.36	1.2704	
141	1	1.39	1.39	1.2379	
142	1	1.38	1.38	1.2356	
143	1	1.4	1.4	1.24	
144	1	1.41	1.41	1.2619	
145	1	1.42	1.42	1.2636	
146	1	1.42	1.42	1.2636	
147	1	1.41	1.41	1.3019	
148	1	1.44	1.44	1.3064	
149	1	1.47	1.47	1.3691	
150	1	1.44	1.44	1.3864	
151	1	1.45	1.45	1.3675	
152	1	1.46	1.46	1.3484	
153	1	1.49	1.49	1.3699	
154	1	1.46	1.46	1.3684	
155	1	1.46	1.46	1.3684	
156	1	1.46	1.46	1.3684	
157	1	1.49	1.49	1.3499	
158	1	1.5	1.5	1.39	
159	1	1.49	1.49	1.3899	
160	1	1.5	1.5	1.41	
161	1	1.55	1.55	1.5475	
162	1	1.52	1.52	1.4296	
163	1	1.52	1.52	1.4296	
164	1	1.53	1.53	1.4091	
165	1	1.55	1.55	1.4075	
166	1	1.56	1.56	1.3864	
167	1	1.6	1.6	1.44	
168	1	1.6	1.6	1.48	
169	1	1.57	1.57	1.4851	
170	1	1.58	1.58	1.4636	
171	1	1.61	1.61	1.4779	
172	1	1.61	1.61	1.4779	
173	1	1.62	1.62	1.4756	
174	1	1.63	1.63	1.5131	
175	1	1.67	1.67	1.6211	
176	1	1.69	1.69	1.5539	
177	1	1.69	1.69	1.5539	
178	1	1.67	1.67	1.5411	
179	1	1.66	1.66	1.5644	
180	1	1.7	1.7	1.57	
181	1	1.71	1.71	1.5659	
182	1	1.72	1.72	1.5616	
183	1	1.7	1.7	1.55	
184	1	1.72	1.72	1.5816	
185	1	1.7	1.7	1.61	
186	1	1.7	1.7	1.61	
187	1	1.72	1.72	1.5816	
188	1	1.77	1.77	1.5771	
189	1	1.74	1.74	1.6124	
190	1	1.76	1.76	1.6624	
191	1	1.79	1.79	1.6659	
192	1	1.81	1.81	1.6739	
193	1	1.83	1.83	1.7411	
194	1	1.79	1.79	1.7259	
195	1	1.83	1.83	1.7211	
196	1	1.85	1.85	1.7275	
197	1	1.84	1.84	1.7344	
198	1	1.88	1.88	1.7456	
199	1	1.9	1.9	1.71	
200	1	1.92	1.92	1.7336	
201	1	1.92	1.92	1.8136	
202	1	1.97	1.97	1.8691	
203	1	1.95	1.95	1.7875	
204	1	1.94	1.94	1.7764	
205	1	1.94	1.94	1.8164	
206	1	1.92	1.92	1.8536	
207	1	1.97	1.97	1.7891	
208	1	1.99	1.99	1.7899	
209	1	1.97	1.97	1.7891	
210	1	1.99	1.99	1.7899	
211	1	1.98	1.98	1.7796	
212	1	2	2	1.76	
213	1	1.99	1.99	1.7499	
214	1	2	2	1.8	
215	1	2.03	2.03	1.8091	
216	1	2.05	2.05	1.8875	
217	1	2.07	2.07	1.7651	
218	1	2.01	2.01	1.8099	
219	1	2.03	2.03	1.7691	
220	1	2.06	2.06	1.7164	
221	1	2.06	2.06	1.8164	
222	1	2.06	2.06	1.8364	
223	1	2.08	2.08	1.7936	
224	1	2.12	2.12	1.7456	
225	1	2.13	2.13	1.7331	
226	1	2.12	2.12	1.7456	
227	1	2.15	2.15	1.8675	
228	1	2.19	2.19	1.8539	
229	1	2.19	2.19	1.8739	
230	1	2.19	2.19	1.8539	
231	1	2.17	2.17	1.8611	
232	1	2.18	2.18	1.9476	
233	1	2.2	2.2	1.9	
234	1	2.23	2.23	1.9771	
235	1	2.28	2.28	2.1216	
236	1	2.27	2.27	1.9971	
237	1	2.32	2.32	2.0176	
238	1	2.28	2.28	1.9616	
239	1	2.33	2.33	2.0211	
240	1	2.32	2.32	2.0376	
241	1	2.3	2.3	1.95	
242	1	2.3	2.3	1.97	
243	1	2.35	2.35	2.0875	
244	1	2.31	2.31	1.9939	
245	1	2.31	2.31	1.9539	
246	1	2.32	2.32	1.9576	
247	1	2.35	2.35	2.0075	
248	1	2.32	2.32	2.0176	
249	1	2.34	2.34	1.9844	
250	1	2.34	2.34	2.0444	
251	1	2.35	2.35	1.9675	
252	1	2.39	2.39	1.9579	
253	1	2.42	2.42	1.9636	
254	1	2.44	2.44	1.9464	
255	1	2.46	2.46	1.9684	
256	1	2.47	2.47	2.0291	
257	1	2.49	2.49	2.1099	
258	1	2.48	2.48	2.1096	
259	1	2.49	2.49	2.0899	
260	1	2.52	2.52	2.1296	
261	1	2.53	2.53	2.1291	
262	1	2.55	2.55	2.1875	
263	1	2.52	2.52	2.1296	
264	1	2.58	2.58	2.1236	
265	1	2.56	2.56	2.0864	
266	1	2.57	2.57	2.0851	
267	1	2.58	2.58	2.0636	
268	1	2.59	2.59	2.0419	
269	1	2.64	2.64	1.9704	
270	1	2.65	2.65	2.0075	
271	1	2.65	2.65	2.0475	
272	1	2.67	2.67	2.0411	
273	1	2.67	2.67	2.0011	
274	1	2.66	2.66	2.0044	
275	1	2.68	2.68	2.0576	
276	1	2.71	2.71	2.1259	
277	1	2.71	2.71	2.1259	
278	1	2.75	2.75	2.1675	
279	1	2.74	2.74	2.1724	
280	1	2.74	2.74	2.1324	
281	1	2.73	2.73	2.2171	
282	1	2.74	2.74	2.2124	
283	1	2.78	2.78	2.2316	
284	1	2.79	2.79	2.2459	
285	1	2.76	2.76	2.2624	
286	1	2.79	2.79	2.1859	
287	1	2.83	2.83	2.3011	
288	1	2.81	2.81	2.2139	
289	1	2.78	2.78	2.3516	
290	1	2.83	2.83	2.3011	
291	1	2.87	2.87	2.4331	
292	1	2.87	2.87	2.1931	
293	1	2.85	2.85	2.2075	
294	1	2.88	2.88	2.2456	
295	1	2.87	2.87	2.1731	
296	1	2.87	2.87	2.1731	
297	1	2.93	2.93	2.1051	
298	1	2.91	2.91	2.1219	
299	1	2.92	2.92	2.1536	
300	1	2.92	2.92	2.1536	
301	1	2.94	2.94	2.1964	
302	1	2.96	2.96	2.1784	
303	1	2.97	2.97	2.1891	
304	1	2.99	2.99	2.1499	
305	1	3.01	3.01	2.1499	
306	1	3.06	3.06	2.2164	
307	1	3.05	3.05	2.2475	
308	1	3.02	3.02	2.3796	
309	1	3.08	3.08	2.1936	
310	1	3.06	3.06	2.2764	
311	1	3.09	3.09	2.2419	
312	1	3.08	3.08	2.2736	
313	1	3.09	3.09	2.2419	
314	1	3.07	3.07	2.2851	
315	1	3.1	3.1	2.21	
316	1	3.13	3.13	2.2931	
317	1	3.12	3.12	2.2056	
318	1	3.13	3.13	2.2131	
319	1	3.07	3.07	2.2851	
320	1	3.09	3.09	2.2419	
321	1	3.17	3.17	2.4011	
322	1	3.09	3.09	2.3819	
323	1	3.12	3.12	2.3256	
324	1	3.13	3.13	2.3731	
325	1	3.14	3.14	2.3604	
326	1	3.15	3.15	2.3275	
327	1	3.16	3.16	2.3344	
328	1	3.14	3.14	2.3804	
329	1	3.15	3.15	2.3475	
330	1	3.15	3.15	2.3875	
331	1	3.21	3.21	2.2659	
332	1	3.22	3.22	2.2316	
333	1	3.2	3.2	2.28	
334	1	3.23	3.23	2.2371	
335	1	3.21	3.21	2.2459	
336	1	3.22	3.22	2.3116	
337	1	3.27	3.27	2.1971	
338	1	3.27	3.27	2.1971	
339	1	3.24	3.24	2.2824	
340	1	3.27	3.27	2.2371	
341	1	3.29	3.29	2.2059	
342	1	3.31	3.31	2.2339	
343	1	3.33	3.33	2.2411	
344	1	3.35	3.35	2.3475	
345	1	3.39	3.39	2.4779	
346	1	3.38	3.38	2.3956	
347	1	3.33	3.33	2.2411	
348	1	3.35	3.35	2.2475	
349	1	3.34	3.34	2.2444	
350	1	3.33	3.33	2.2611	
351	1	3.39	3.39	2.3379	
352	1	3.35	3.35	2.2675	
353	1	3.39	3.39	2.2779	
354	1	3.38	3.38	2.3156	
355	1	3.41	3.41	2.4019	
356	1	3.44	3.44	2.4264	
357	1	3.45	3.45	2.4075	
358	1	3.49	3.49	2.5099	
359	1	3.43	3.43	2.3251	
360	1	3.47	3.47	2.4091	
361	1	3.46	3.46	2.3884	
362	1	3.45	3.45	2.3675	
363	1	3.5	3.5	2.31	
364	1	3.51	3.51	2.3299	
365	1	3.51	3.51	2.2899	
366	1	3.5	3.5	2.33	
367	1	3.53	3.53	2.2691	
368	1	3.53	3.53	2.2691	
369	1	3.48	3.48	2.3496	
370	1	3.52	3.52	2.3096	
371	1	3.58	3.58	2.3236	
372	1	3.56	3.56	2.3264	
373	1	3.58	3.58	2.3236	
374	1	3.57	3.57	2.3451	
375	1	3.6	3.6	2.32	
376	1	3.61	3.61	2.3179	
377	1	3.61	3.61	2.2979	
378	1	3.64	3.64	2.3504	
379	1	3.65	3.65	2.3475	
380	1	3.67	3.67	2.4211	
381	1	3.65	3.65	2.2875	
382	1	3.65	3.65	2.3875	
383	1	3.67	3.67	2.3611	
384	1	3.67	3.67	2.5211	
385	1	3.69	3.69	2.5139	
386	1	3.79	3.79	2.5259	
387	1	3.8	3.8	2.5	
388	1	3.78	3.78	2.5716	
389	1	3.77	3.77	2.5371	
390	1	3.8	3.8	2.52	
391	1	3.8	3.8	2.5	
392	1	3.8	3.8	2.5	
393	1	3.79	3.79	2.5659	
394	1	3.79	3.79	2.6859	
395	1	3.83	3.83	2.5411	
396	1	3.85	3.85	2.5275	
397	1	3.83	3.83	2.5611	
398	1	3.85	3.85	2.6075	
399	1	3.84	3.84	2.5744	
400	1	3.86	3.86	2.5404	
401	1	3.87	3.87	2.5731	
402	1	3.9	3.9	2.55	
403	1	3.96	3.96	2.5784	
404	1	3.95	3.95	2.6275	
405	1	3.97	3.97	2.6491	
406	1	3.92	3.92	2.7136	
407	1	3.94	3.94	2.6764	
408	1	3.96	3.96	2.6184	
409	1	3.95	3.95	2.6875	
410	1	3.97	3.97	2.6091	
411	1	3.99	3.99	2.6299	
412	1	4.03	4.03	2.6691	
413	1	4.01	4.01	2.6099	
414	1	4.03	4.03	2.6091	
415	1	4.02	4.02	2.6196	
416	1	4.02	4.02	2.6196	
417	1	4.04	4.04	2.6384	
418	1	4	4	2.82	
419	1	4.06	4.06	2.6964	
420	1	4.03	4.03	2.6691	
421	1	4.04	4.04	2.8984	
422	1	4.15	4.15	2.8475	
423	1	4.11	4.11	2.6979	
424	1	4.15	4.15	2.7275	
425	1	4.15	4.15	2.7275	
426	1	4.18	4.18	2.7676	
427	1	4.17	4.17	2.7211	
428	1	4.19	4.19	2.7339	
429	1	4.22	4.22	2.7116	
430	1	4.24	4.24	2.7624	
431	1	4.21	4.21	2.7659	
432	1	4.23	4.23	2.6971	
433	1	4.26	4.26	2.7124	
434	1	4.26	4.26	2.7524	
435	1	4.26	4.26	2.7324	
436	1	4.27	4.27	2.6571	
437	1	4.26	4.26	2.6924	
438	1	4.32	4.32	2.7776	
439	1	4.33	4.33	2.7611	
440	1	4.3	4.3	2.63	
441	1	4.35	4.35	2.6675	
442	1	4.33	4.33	2.6411	
443	1	4.33	4.33	2.6411	
444	1	4.35	4.35	2.6275	
445	1	4.34	4.34	2.6244	
446	1	4.37	4.37	2.6531	
447	1	4.36	4.36	2.6504	
448	1	4.33	4.33	2.8211	
449	1	4.37	4.37	2.6331	
450	1	4.37	4.37	2.6331	
451	1	4.34	4.34	2.8044	
452	1	4.38	4.38	2.6956	
453	1	4.37	4.37	2.6731	
454	1	4.38	4.38	2.6556	
455	1	4.38	4.38	2.6556	
456	1	4.39	4.39	2.6779	
457	1	4.43	4.43	2.6251	
458	1	4.46	4.46	2.7084	
459	1	4.4	4.4	2.8	
460	1	4.45	4.45	2.6875	
461	1	4.45	4.45	2.7475	
462	1	4.44	4.44	2.7664	
463	1	4.45	4.45	2.7675	
464	1	4.48	4.48	2.7296	
465	1	4.5	4.5	2.83	
466	1	4.53	4.53	2.8491	
467	1	4.54	4.54	2.8684	
468	1	4.54	4.54	2.9084	
469	1	4.55	4.55	2.9475	
470	1	4.53	4.53	2.9291	
471	1	4.54	4.54	2.9284	
472	1	4.54	4.54	2.9684	
473	1	4.52	4.52	3.0496	
474	1	4.59	4.59	2.9419	
475	1	4.62	4.62	3.0156	
476	1	4.64	4.64	3.0104	
477	1	4.57	4.57	3.1051	
478	1	4.63	4.63	3.1531	
479	1	4.62	4.62	3.1356	
480	1	4.64	4.64	3.0704	
481	1	4.66	4.66	2.9444	
482	1	4.7	4.7	2.89	
483	1	4.7	4.7	2.89	
484	1	4.74	4.74	2.9124	
485	1	4.79	4.79	2.8859	
486	1	4.77	4.77	2.9171	
487	1	4.76	4.76	2.9424	
488	1	4.81	4.81	2.8939	
489	1	4.8	4.8	2.86	
490	1	4.76	4.76	2.9224	
491	1	4.82	4.82	2.9076	
492	1	4.8	4.8	2.84	
493	1	4.81	4.81	2.8339	
494	1	4.81	4.81	2.8139	
495	1	4.84	4.84	2.7144	
496	1	4.8	4.8	2.82	
497	1	4.84	4.84	2.7344	
498	1	4.86	4.86	2.7404	
499	1	4.83	4.83	2.7611	
500	1	4.83	4.83	2.8611	
501	1	4.84	4.84	2.8544	
502	1	4.89	4.89	2.7379	
503	1	4.9	4.9	2.63	
504	1	4.96	4.96	2.5784	
505	1	4.95	4.95	2.7075	
506	1	4.95	4.95	2.7475	
507	1	4.98	4.98	2.6596	
508	1	5	5	2.7	
509	1	5.01	5.01	2.7899	
510	1	5.05	5.05	2.7475	
511	1	5.05	5.05	2.9675	
512	1	5.04	5.04	2.9784	
513	1	5.06	5.06	2.9764	
514	1	5.09	5.09	2.8819	
515	1	5.1	5.1	2.89	
516	1	5.1	5.1	2.89	
517	1	5.1	5.1	2.87	
518	1	5.11	5.11	2.8379	
519	1	5.12	5.12	2.8456	
520	1	5.11	5.11	2.8579	
521	1	5.12	5.12	2.8456	
522	1	5.11	5.11	2.8779	
523	1	5.13	5.13	2.8931	
524	1	5.17	5.17	2.9411	
525	1	5.19	5.19	2.8939	
526	1	5.18	5.18	2.8876	
527	1	5.21	5.21	2.9659	
528	1	5.21	5.21	3.0659	
529	1	5.22	5.22	2.9516	
530	1	5.23	5.23	3.0171	
531	1	5.25	5.25	3.0275	
532	1	5.26	5.26	3.1524	
533	1	5.29	5.29	3.0459	
534	1	5.31	5.31	3.0339	
535	1	5.35	5.35	2.9875	
536	1	5.38	5.38	3.0356	
537	1	5.36	5.36	2.9704	
538	1	5.39	5.39	3.0179	
539	1	5.34	5.34	3.0044	
540	1	5.37	5.37	2.9731	
541	1	5.32	5.32	3.1576	
542	1	5.33	5.33	3.1411	
543	1	5.4	5.4	3	
544	1	5.39	5.39	2.9779	
545	1	5.43	5.43	2.9451	
546	1	5.45	5.45	2.9275	
547	1	5.5	5.5	3.07	
548	1	5.41	5.41	2.9819	
549	1	5.41	5.41	3.0619	
550	1	5.4	5.4	3.08	
551	1	5.48	5.48	2.8296	
552	1	5.45	5.45	2.8475	
553	1	5.53	5.53	3.0491	
554	1	5.5	5.5	2.87	
555	1	5.51	5.51	2.9099	
556	1	5.56	5.56	2.9664	
557	1	5.51	5.51	2.8699	
558	1	5.52	5.52	2.9496	
559	1	5.52	5.52	2.9496	
560	1	5.52	5.52	2.9496	
561	1	5.55	5.55	2.9675	
562	1	5.59	5.59	3.1019	
563	1	5.64	5.64	3.1504	
564	1	5.62	5.62	3.1356	
565	1	5.57	5.57	3.0651	
566	1	5.57	5.57	3.0651	
567	1	5.63	5.63	3.0331	
568	1	5.59	5.59	3.0419	
569	1	5.62	5.62	3.0356	
570	1	5.66	5.66	3.0844	
571	1	5.65	5.65	3.0675	
572	1	5.66	5.66	3.0844	
573	1	5.63	5.63	3.1131	
574	1	5.63	5.63	3.1131	
575	1	5.64	5.64	3.0704	
576	1	5.68	5.68	3.0376	
577	1	5.68	5.68	3.0576	
578	1	5.7	5.7	2.99	
579	1	5.67	5.67	3.1811	
580	1	5.67	5.67	3.2011	
581	1	5.72	5.72	3.0216	
582	1	5.74	5.74	3.0324	
583	1	5.73	5.73	3.1971	
584	1	5.77	5.77	3.0971	
585	1	5.77	5.77	3.0971	
586	1	5.75	5.75	3.2075	
587	1	5.76	5.76	3.2024	
588	1	5.79	5.79	3.3059	
589	1	5.84	5.84	3.1144	
590	1	5.84	5.84	3.0544	
591	1	5.81	5.81	3.1339	
592	1	5.88	5.88	3.1056	
593	1	5.86	5.86	3.0804	
594	1	5.88	5.88	3.1456	
595	1	5.89	5.89	3.1379	
596	1	5.88	5.88	3.3856	
597	1	5.86	5.86	3.2204	
598	1	5.88	5.88	3.1856	
599	1	5.94	5.94	3.0964	
600	1	5.96	5.96	3.0584	
601	1	5.98	5.98	3.0796	
602	1	6	6	3	
603	1	5.97	5.97	3.2091	
604	1	6.03	6.03	3.1491	
605	1	6.01	6.01	3.2099	
606	1	6.03	6.03	3.2691	
607	1	6.06	6.06	3.0964	
608	1	6.1	6.1	3.11	
609	1	6.08	6.08	3.1736	
610	1	6.1	6.1	3.09	
611	1	6.14	6.14	3.1004	
612	1	6.13	6.13	3.1731	
613	1	6.17	6.17	3.1611	
614	1	6.14	6.14	3.2004	
615	1	6.11	6.11	3.2379	
616	1	6.14	6.14	3.2004	
617	1	6.22	6.22	3.3316	
618	1	6.17	6.17	3.1611	
619	1	6.21	6.21	3.3059	
620	1	6.19	6.19	3.3139	
621	1	6.26	6.26	3.4324	
622	1	6.16	6.16	3.5744	
623	1	6.21	6.21	3.3859	
624	1	6.25	6.25	3.4075	
625	1	6.25	6.25	3.4075	
626	1	6.25	6.25	3.4475	
627	1	6.26	6.26	3.5324	
628	1	6.22	6.22	3.4916	
629	1	6.21	6.21	3.5059	
630	1	6.19	6.19	3.6939	
631	1	6.23	6.23	3.5571	
632	1	6.24	6.24	3.5824	
633	1	6.26	6.26	3.5124	
634	1	6.26	6.26	3.5324	
635	1	6.31	6.31	3.4339	
636	1	6.28	6.28	3.5616	
637	1	6.33	6.33	3.3811	
638	1	6.36	6.36	3.4504	
639	1	6.27	6.27	3.5371	
640	1	6.38	6.38	3.5756	
641	1	6.3	6.3	3.57	
642	1	6.32	6.32	3.5976	
643	1	6.38	6.38	3.5156	
644	1	6.37	6.37	3.4931	
645	1	6.34	6.34	3.5244	
646	1	6.38	6.38	3.5556	
647	1	6.38	6.38	3.5556	
648	1	6.39	6.39	3.6179	
649	1	6.38	6.38	3.6556	
650	1	6.41	6.41	3.5619	
651	1	6.43	6.43	3.5051	
652	1	6.45	6.45	3.6675	
653	1	6.43	6.43	3.6051	
654	1	6.49	6.49	3.5899	
655	1	6.5	6.5	3.55	
656	1	6.5	6.5	3.57	
657	1	6.51	6.51	3.5499	
658	1	6.5	6.5	3.67	
659	1	6.51	6.51	3.6299	
660	1	6.51	6.51	3.6499	
661	1	6.54	6.54	3.6084	
662	1	6.59	6.59	3.6619	
663	1	6.48	6.48	3.9096	
664	1	6.58	6.58	3.5636	
665	1	6.53	6.53	3.7691	
666	1	6.58	6.58	3.6036	
667	1	6.59	6.59	3.9219	
668	1	6.56	6.56	3.7064	
669	1	6.58	6.58	3.7236	
670	1	6.59	6.59	3.6419	
671	1	6.59	6.59	3.6819	
672	1	6.57	6.57	3.7051	
673	1	6.6	6.6	3.7	
674	1	6.61	6.61	3.6779	
675	1	6.58	6.58	3.7836	
676	1	6.66	6.66	4.0444	
677	1	6.62	6.62	3.7756	
678	1	6.63	6.63	3.7531	
679	1	6.65	6.65	3.8475	
680	1	6.65	6.65	3.9075	
681	1	6.63	6.63	3.7931	
682	1	6.69	6.69	3.7739	
683	1	6.71	6.71	3.8659	
684	1	6.72	6.72	3.8216	
685	1	6.7	6.7	3.95	
686	1	6.73	6.73	3.7971	
687	1	6.77	6.77	3.8171	
688	1	6.7	6.7	3.95	
689	1	6.72	6.72	3.8816	
690	1	6.76	6.76	3.9624	
691	1	6.76	6.76	3.9224	
692	1	6.79	6.79	4.0459	
693	1	6.82	6.82	3.9876	
694	1	6.82	6.82	3.9876	
695	1	6.8	6.8	4.1	
696	1	6.88	6.88	4.1456	
697	1	6.85	6.85	4.0475	
698	1	6.86	6.86	4.0604	
699	1	6.88	6.88	4.0256	
700	1	6.9	6.9	3.99	
701	1	6.84	6.84	4.2744	
702	1	6.87	6.87	4.2331	
703	1	6.89	6.89	4.1979	
704	1	6.85	6.85	4.5475	
705	1	6.89	6.89	4.4979	
706	1	6.95	6.95	4.4875	
707	1	6.93	6.93	4.4451	
708	1	6.98	6.98	4.1796	
709	1	7	7	4.08	
710	1	6.99	6.99	4.0899	
711	1	6.98	6.98	4.0796	
712	1	6.99	6.99	4.4299	
713	1	7.05	7.05	4.0475	
714	1	7.02	7.02	4.0996	
715	1	7.04	7.04	4.1784	
716	1	7.06	7.06	4.0964	
717	1	7.03	7.03	4.1291	
718	1	7.04	7.04	4.2584	
719	1	7.05	7.05	4.2075	
720	1	7.11	7.11	4.2579	
721	1	7.1	7.1	4.23	
722	1	7.13	7.13	4.1331	
723	1	7.08	7.08	4.3336	
724	1	7.2	7.2	4.22	
725	1	7.2	7.2	4.38	
726	1	7.12	7.12	4.6456	
727	1	7.16	7.16	4.4944	
728	1	7.19	7.19	4.4339	
729	1	7.21	7.21	4.3259	
730	1	7.24	7.24	4.3424	
731	1	7.21	7.21	4.3259	
732	1	7.24	7.24	4.3024	
733	1	7.27	7.27	4.2571	
734	1	7.28	7.28	4.2816	
735	1	7.31	7.31	4.2939	
736	1	7.3	7.3	4.29	
737	1	7.32	7.32	4.3576	
738	1	7.31	7.31	4.3939	
739	1	7.37	7.37	4.4331	
740	1	7.28	7.28	4.6416	
741	1	7.35	7.35	4.3475	
742	1	7.34	7.34	4.3844	
743	1	7.37	7.37	4.3331	
744	1	7.43	7.43	4.4051	
745	1	7.36	7.36	4.5304	
746	1	7.38	7.38	4.3956	
747	1	7.32	7.32	4.4376	
748	1	7.43	7.43	4.2451	
749	1	7.41	7.41	4.2219	
750	1	7.43	7.43	4.1651	
751	1	7.45	7.45	4.3075	
752	1	7.47	7.47	4.2691	
753	1	7.43	7.43	4.2851	
754	1	7.43	7.43	4.2051	
755	1	7.47	7.47	4.1291	
756	1	7.51	7.51	4.3499	
757	1	7.5	7.5	4.39	
758	1	7.5	7.5	4.61	
759	1	7.58	7.58	4.3636	
760	1	7.53	7.53	4.2291	
761	1	7.54	7.54	4.4084	
762	1	7.56	7.56	4.2464	
763	1	7.58	7.58	4.3036	
764	1	7.55	7.55	4.4075	
765	1	7.62	7.62	4.3356	
766	1	7.55	7.55	4.4075	
767	1	7.61	7.61	4.3579	
768	1	7.59	7.59	4.3819	
769	1	7.64	7.64	4.3904	
770	1	7.65	7.65	4.3075	
771	1	7.69	7.69	4.4139	
772	1	7.64	7.64	4.3904	
773	1	7.71	7.71	4.4659	
774	1	7.68	7.68	4.4176	
775	1	7.74	7.74	4.4324	
776	1	7.72	7.72	4.3816	
777	1	7.74	7.74	4.3524	
778	1	7.77	7.77	4.4171	
779	1	7.74	7.74	4.3924	
780	1	7.78	7.78	4.4316	
781	1	7.72	7.72	4.4816	
782	1	7.74	7.74	4.4324	
783	1	7.75	7.75	4.4875	
784	1	7.81	7.81	4.5139	
785	1	7.77	7.77	4.4371	
786	1	7.78	7.78	4.5316	
787	1	7.85	7.85	4.4075	
788	1	7.85	7.85	4.4475	
789	1	7.87	7.87	4.3931	
790	1	7.84	7.84	4.3944	
791	1	7.83	7.83	4.4811	
792	1	7.86	7.86	4.3604	
793	1	7.85	7.85	4.3675	
794	1	7.84	7.84	4.3944	
795	1	7.84	7.84	4.4144	
796	1	7.83	7.83	4.4611	
797	1	7.9	7.9	4.29	
798	1	7.92	7.92	4.2936	
799	1	7.84	7.84	4.5144	
800	1	7.89	7.89	4.3379	
801	1	7.9	7.9	4.35	
802	1	7.94	7.94	4.2764	
803	1	7.97	7.97	4.3091	
804	1	7.94	7.94	4.2164	
805	1	7.96	7.96	4.2184	
806	1	7.94	7.94	4.3364	
807	1	8	8	4.22	
808	1	8	8	4.14	
809	1	7.99	7.99	4.1299	
810	1	8	8	4.1	
811	1	8.06	8.06	4.5164	
812	1	8.03	8.03	4.1291	
813	1	8.03	8.03	4.1891	
814	1	8.08	8.08	4.3536	
815	1	8	8	4.58	
816	1	8.03	8.03	4.6091	
817	1	8.04	8.04	4.5984	
818	1	8.04	8.04	4.5984	
819	1	8.05	8.05	4.6275	
820	1	8.05	8.05	4.6075	
821	1	8.07	8.07	4.4251	
822	1	8.14	8.14	4.3204	
823	1	8.1	8.1	4.33	
824	1	8.15	8.15	4.2875	
825	1	8.17	8.17	4.3811	
826	1	8.12	8.12	4.4456	
827	1	8.12	8.12	4.3856	
828	1	8.12	8.12	4.4256	
829	1	8.2	8.2	4.34	
830	1	8.2	8.2	4.34	
831	1	8.19	8.19	4.3739	
832	1	8.23	8.23	4.3571	
833	1	8.2	8.2	4.42	
834	1	8.25	8.25	4.4675	
835	1	8.27	8.27	4.4171	
836	1	8.28	8.28	4.4216	
837	1	8.25	8.25	4.3275	
838	1	8.25	8.25	4.5075	
839	1	8.28	8.28	4.4016	
840	1	8.27	8.27	4.5771	
841	1	8.31	8.31	4.5139	
842	1	8.35	8.35	4.5275	
843	1	8.31	8.31	4.3939	
844	1	8.3	8.3	4.51	
845	1	8.35	8.35	4.3475	
846	1	8.33	8.33	4.4011	
847	1	8.35	8.35	4.3475	
848	1	8.37	8.37	4.3731	
849	1	8.38	8.38	4.4756	
850	1	8.42	8.42	4.5436	
851	1	8.47	8.47	4.4091	
852	1	8.41	8.41	4.3819	
853	1	8.42	8.42	4.3836	
854	1	8.43	8.43	4.4251	
855	1	8.47	8.47	4.3891	
856	1	8.45	8.45	4.5275	
857	1	8.48	8.48	4.4496	
858	1	8.48	8.48	4.4696	
859	1	8.56	8.56	4.7064	
860	1	8.47	8.47	4.4691	
861	1	8.48	8.48	4.5496	
862	1	8.51	8.51	4.4299	
863	1	8.51	8.51	4.5499	
864	1	8.53	8.53	4.5491	
865	1	8.53	8.53	4.5091	
866	1	8.49	8.49	4.6699	
867	1	8.55	8.55	4.6275	
868	1	8.53	8.53	4.5691	
869	1	8.57	8.57	4.4251	
870	1	8.54	8.54	4.5284	
871	1	8.58	8.58	4.4836	
872	1	8.58	8.58	4.4636	
873	1	8.58	8.58	4.4836	
874	1	8.63	8.63	4.4331	
875	1	8.62	8.62	4.4956	
876	1	8.71	8.71	4.5059	
877	1	8.66	8.66	4.4244	
878	1	8.68	8.68	4.4576	
879	1	8.67	8.67	4.4611	
880	1	8.66	8.66	4.7644	
881	1	8.8	8.8	4.44	
882	1	8.8	8.8	4.4	
883	1	8.77	8.77	4.5371	
884	1	8.77	8.77	4.6771	
885	1	8.78	8.78	4.6516	
886	1	8.79	8.79	4.6859	
887	1	8.8	8.8	4.68	
888	1	8.87	8.87	4.6331	
889	1	8.85	8.85	4.7875	
890	1	8.88	8.88	4.7256	
891	1	8.87	8.87	4.6931	
892	1	8.87	8.87	4.8731	
893	1	8.86	8.86	4.9604	
894	1	8.89	8.89	4.7779	
895	1	9.01	9.01	4.9099	
896	1	8.95	8.95	4.7875	
897	1	8.98	8.98	4.6996	
898	1	8.99	8.99	4.7299	
899	1	8.99	8.99	4.7299	
900	1	9.02	9.02	4.7196	
901	1	9.02	9.02	4.6796	
902	1	8.99	8.99	4.7099	
903	1	9	9	4.76	
904	1	9.11	9.11	4.8179	
905	1	9.03	9.03	4.7891	
906	1	9.03	9.03	4.7891	
907	1	9.05	9.05	4.7275	
908	1	9.03	9.03	4.7691	
909	1	9.06	9.06	4.7964	
910	1	9.11	9.11	4.6379	
911	1	9.11	9.11	4.6379	
912	1	9.09	9.09	4.6819	
913	1	9.11	9.11	4.6379	
914	1	9.14	9.14	4.5404	
915	1	9.13	9.13	4.5731	
916	1	9.17	9.17	4.5611	
917	1	9.15	9.15	4.7875	
918	1	9.17	9.17	4.5811	
919	1	9.18	9.18	4.6276	
920	1	9.22	9.22	4.7116	
921	1	9.21	9.21	4.6659	
922	1	9.14	9.14	4.7404	
923	1	9.21	9.21	4.6459	
924	1	9.19	9.19	4.6539	
925	1	9.22	9.22	4.6716	
926	1	9.25	9.25	4.6475	
927	1	9.27	9.27	4.6771	
928	1	9.28	9.28	4.7616	
929	1	9.25	9.25	4.6275	
930	1	9.23	9.23	4.6371	
931	1	9.24	9.24	4.6624	
932	1	9.27	9.27	4.6771	
933	1	9.3	9.3	4.77	
934	1	9.21	9.21	4.9059	
935	1	9.3	9.3	4.73	
936	1	9.29	9.29	4.7859	
937	1	9.29	9.29	4.7859	
938	1	9.25	9.25	4.8075	
939	1	9.27	9.27	4.7571	
940	1	9.28	9.28	4.7616	
941	1	9.29	9.29	4.7459	
942	1	9.29	9.29	4.7859	
943	1	9.32	9.32	4.7976	
944	1	9.37	9.37	4.8931	
945	1	9.38	9.38	4.8956	
946	1	9.33	9.33	4.9211	
947	1	9.3	9.3	5.03	
948	1	9.37	9.37	4.8331	
949	1	9.39	9.39	4.7979	
950	1	9.33	9.33	4.9011	
951	1	9.42	9.42	4.6836	
952	1	9.43	9.43	4.7051	
953	1	9.43	9.43	5.0251	
954	1	9.41	9.41	4.8019	
955	1	9.48	9.48	4.8296	
956	1	9.5	9.5	4.75	
957	1	9.47	9.47	4.7091	
958	1	9.52	9.52	4.9696	
959	1	9.5	9.5	4.79	
960	1	9.43	9.43	5.1051	
961	1	9.53	9.53	4.7291	
962	1	9.5	9.5	4.77	
963	1	9.58	9.58	4.7636	
964	1	9.52	9.52	4.6896	
965	1	9.54	9.54	4.6484	
966	1	9.5	9.5	4.83	
967	1	9.52	9.52	4.7696	
968	1	9.55	9.55	4.8275	
969	1	9.52	9.52	4.8696	
970	1	9.53	9.53	4.8691	
971	1	9.58	9.58	4.9036	
972	1	9.61	9.61	5.0379	
973	1	9.61	9.61	4.9979	
974	1	9.67	9.67	5.1211	
975	1	9.66	9.66	5.2844	
976	1	9.63	9.63	5.1131	
977	1	9.72	9.72	4.8616	
978	1	9.73	9.73	4.9571	
979	1	9.67	9.67	5.0611	
980	1	9.75	9.75	5.1075	
981	1	9.72	9.72	5.2416	
982	1	9.69	9.69	5.2539	
983	1	9.73	9.73	5.1571	
984	1	9.74	9.74	5.1724	
985	1	9.74	9.74	5.2524	
986	1	9.74	9.74	5.2524	
987	1	9.78	9.78	5.1716	
988	1	9.82	9.82	5.2276	
989	1	9.82	9.82	5.1476	
990	1	9.77	9.77	5.2971	
991	1	9.78	9.78	5.1516	
992	1	9.78	9.78	5.1516	
993	1	9.82	9.82	5.1876	
994	1	9.78	9.78	5.3316	
995	1	9.79	9.79	5.2659	
996	1	9.81	9.81	5.1939	
997	1	9.79	9.79	5.2859	
998	1	9.89	9.89	5.1979	
999	1	9.87	9.87	5.1331	
1000	1	9.88	9.88	5.1256	
1001	1	9.87	9.87	5.1931	
1002	1	9.83	9.83	5.2611	
1003	1	9.9	9.9	5.05	
1004	1	9.91	9.91	5.1419	
1005	1	9.9	9.9	5.17	
1006	1	9.92	9.92	5.0936	
1007	1	9.94	9.94	5.1364	
1008	1	9.95	9.95	5.1275	
1009	1	10	10	5.24	
1010	1	9.9	9.9	5.47	
1011	1	9.93	9.93	5.2651	
1012	1	9.92	9.92	5.4736	
1013	1	9.98	9.98	5.3596	
1014	1	10.05	10.05	5.2075	
1015	1	9.99	9.99	5.3299	
1016	1	10.06	10.06	5.1364	
1017	1	9.94	9.94	5.6164	
1018	1	9.96	9.96	5.4384	
1019	1	10.06	10.06	5.2164	
1020	1	10.12	10.12	5.4456	
1021	1	10.13	10.13	5.3331	
1022	1	10.04	10.04	5.3984	
1023	1	10.15	10.15	4.9875	
1024	1	10.16	10.16	5.2344	
1025	1	10.12	10.12	5.0856	
1026	1	10.16	10.16	5.0744	
1027	1	10.13	10.13	5.1731	
1028	1	10.2	10.2	5.18	
1029	1	10.16	10.16	5.1944	
1030	1	10.15	10.15	5.3475	
1031	1	10.2	10.2	5.2	
1032	1	10.22	10.22	5.1916	
1033	1	10.24	10.24	5.2424	
1034	1	10.19	10.19	5.4139	
1035	1	10.25	10.25	5.1475	
1036	1	10.17	10.17	5.4011	
1037	1	10.27	10.27	5.1771	
1038	1	10.3	10.3	5.13	
1039	1	10.29	10.29	5.0259	
1040	1	10.29	10.29	5.0059	
1041	1	10.34	10.34	5.2244	
1042	1	10.26	10.26	5.0924	
1043	1	10.32	10.32	5.0576	
1044	1	10.27	10.27	5.1971	
1045	1	10.31	10.31	4.9939	
1046	1	10.32	10.32	4.9976	
1047	1	10.33	10.33	5.0011	
1048	1	10.34	10.34	5.1244	
1049	1	10.27	10.27	5.2171	
1050	1	10.32	10.32	4.9976	
1051	1	10.35	10.35	5.0075	
1052	1	10.34	10.34	5.0244	
1053	1	10.4	10.4	5.26	
1054	1	10.39	10.39	5.2179	
1055	1	10.39	10.39	5.1779	
1056	1	10.42	10.42	5.1036	
1057	1	10.41	10.41	5.2619	
1058	1	10.43	10.43	5.1651	
1059	1	10.45	10.45	5.0875	
1060	1	10.44	10.44	5.1264	
1061	1	10.44	10.44	5.1664	
1062	1	10.5	10.5	4.99	
1063	1	10.58	10.58	4.9836	
1064	1	10.52	10.52	4.9296	
1065	1	10.52	10.52	4.9696	
1066	1	10.62	10.62	4.8156	
1067	1	10.66	10.66	5.0044	
1068	1	10.58	10.58	4.9236	
1069	1	10.64	10.64	4.7904	
1070	1	10.66	10.66	4.8044	
1071	1	10.69	10.69	4.6739	
1072	1	10.78	10.78	5.0516	
1073	1	10.74	10.74	4.6724	
1074	1	10.71	10.71	4.9659	
1075	1	10.75	10.75	5.0875	
1076	1	10.8	10.8	4.74	
1077	1	10.78	10.78	4.8916	
1078	1	10.78	10.78	5.0116	
1079	1	10.8	10.8	5	
1080	1	10.83	10.83	4.9811	
1081	1	10.86	10.86	4.9404	
1082	1	10.85	10.85	5.1075	
1083	1	10.92	10.92	4.7936	
1084	1	10.93	10.93	4.7451	
1085	1	10.93	10.93	4.7851	
1086	1	10.92	10.92	4.8136	
1087	1	10.94	10.94	4.7764	
1088	1	10.95	10.95	4.8275	
1089	1	10.88	10.88	5.0656	
1090	1	10.91	10.91	4.8619	
1091	1	10.96	10.96	4.9384	
1092	1	10.91	10.91	4.9819	
1093	1	10.93	10.93	4.9251	
1094	1	10.96	10.96	4.8984	
1095	1	10.98	10.98	4.8796	
1096	1	10.98	10.98	4.8396	
1097	1	10.94	10.94	4.9964	
1098	1	10.95	10.95	5.0075	
1099	1	10.98	10.98	4.8396	
1100	1	11.01	11.01	4.8299	
1101	1	11.05	11.05	4.9075	
1102	1	10.97	10.97	4.8091	
1103	1	11	11	4.88	
1104	1	11.04	11.04	4.7184	
1105	1	11.06	11.06	4.6564	
1106	1	11.07	11.07	4.6851	
1107	1	11.05	11.05	4.6875	
1108	1	11.09	11.09	4.6619	
1109	1	11.12	11.12	4.9256	
1110	1	11.09	11.09	4.7819	
1111	1	11.07	11.07	4.8251	
1112	1	11.09	11.09	4.9419	
1113	1	11.1	11.1	4.87	
1114	1	11.1	11.1	5.01	
1115	1	11.16	11.16	4.9344	
1116	1	11.14	11.14	5.0404	
1117	1	11.18	11.18	5.1276	
1118	1	11.14	11.14	5.0604	
1119	1	11.13	11.13	5.1731	
1120	1	11.17	11.17	5.1811	
1121	1	11.23	11.23	5.0771	
1122	1	11.26	11.26	5.0924	
1123	1	11.27	11.27	5.1171	
1124	1	11.25	11.25	5.1475	
1125	1	11.21	11.21	5.4459	
1126	1	11.27	11.27	5.1971	
1127	1	11.29	11.29	5.3459	
1128	1	11.36	11.36	5.3904	
1129	1	11.33	11.33	5.3811	
1130	1	11.35	11.35	5.3475	
1131	1	11.33	11.33	5.5811	
1132	1	11.39	11.39	5.4179	
1133	1	11.39	11.39	5.4579	
1134	1	11.41	11.41	5.4619	
1135	1	11.44	11.44	5.4664	
1136	1	11.48	11.48	5.5496	
1137	1	11.48	11.48	5.5496	
1138	1	11.49	11.49	5.5699	
1139	1	11.52	11.52	5.3696	
1140	1	11.5	11.5	5.51	
1141	1	11.6	11.6	5.5	
1142	1	11.58	11.58	5.4436	
1143	1	11.56	11.56	5.3064	
1144	1	11.63	11.63	5.4531	
1145	1	11.62	11.62	5.2556	
1146	1	11.59	11.59	5.2419	
1147	1	11.56	11.56	5.3664	
1148	1	11.63	11.63	5.3531	
1149	1	11.6	11.6	5.34	
1150	1	11.64	11.64	5.4904	
1151	1	11.58	11.58	5.4236	
1152	1	11.64	11.64	5.2504	
1153	1	11.67	11.67	5.2411	
1154	1	11.65	11.65	5.3475	
1155	1	11.64	11.64	5.3304	
1156	1	11.66	11.66	5.3044	
1157	1	11.66	11.66	5.2444	
1158	1	11.65	11.65	5.4075	
1159	1	11.72	11.72	5.2816	
1160	1	11.77	11.77	5.2371	
1161	1	11.74	11.74	5.1324	
1162	1	11.73	11.73	5.1971	
1163	1	11.78	11.78	5.1316	
1164	1	11.8	11.8	5.1	
1165	1	11.85	11.85	5.3075	
1166	1	11.79	11.79	5.1659	
1167	1	11.83	11.83	5.2411	
1168	1	11.82	11.82	5.1476	
1169	1	11.9	11.9	5.33	
1170	1	11.82	11.82	5.2276	
1171	1	11.82	11.82	5.2276	
1172	1	11.88	11.88	5.1456	
1173	1	11.9	11.9	5.37	
1174	1	11.91	11.91	5.4419	
1175	1	11.93	11.93	5.5051	
1176	1	11.89	11.89	5.2979	
1177	1	11.89	11.89	5.3379	
1178	1	11.89	11.89	5.3379	
1179	1	11.89	11.89	5.4779	
1180	1	11.92	11.92	5.3736	
1181	1	11.92	11.92	5.3936	
1182	1	11.95	11.95	5.3275	
1183	1	11.96	11.96	5.3184	
1184	1	12.04	12.04	5.5384	
1185	1	12	12	5.3	
1186	1	12.01	12.01	5.3099	
1187	1	11.93	11.93	5.5451	
1188	1	12	12	5.28	
1189	1	11.95	11.95	5.3875	
1190	1	11.95	11.95	5.3875	
1191	1	11.93	11.93	5.5451	
1192	1	12.03	12.03	5.3691	
1193	1	12.01	12.01	5.2699	
1194	1	12.09	12.09	5.5219	
1195	1	12.08	12.08	5.2936	
1196	1	12.1	12.1	5.31	
1197	1	12.11	12.11	5.2979	
1198	1	12.14	12.14	5.3404	
1199	1	12.1	12.1	5.41	
1200	1	12.16	12.16	5.3344	
1201	1	12.12	12.12	5.3456	
1202	1	12.13	12.13	5.3331	
1203	1	12.13	12.13	5.3731	
1204	1	12.13	12.13	5.3331	
1205	1	12.11	12.11	5.4579	
1206	1	12.16	12.16	5.2944	
1207	1	12.14	12.14	5.3804	
1208	1	12.19	12.19	5.4339	
1209	1	12.19	12.19	5.3139	
1210	1	12.17	12.17	5.3211	
1211	1	12.17	12.17	5.4011	
1212	1	12.19	12.19	5.3139	
1213	1	12.22	12.22	5.4916	
1214	1	12.18	12.18	5.2076	
1215	1	12.19	12.19	5.2539	
1216	1	12.24	12.24	5.3624	
1217	1	12.21	12.21	5.3859	
1218	1	12.2	12.2	5.52	
1219	1	12.29	12.29	5.4259	
1220	1	12.28	12.28	5.3016	
1221	1	12.26	12.26	5.4724	
1222	1	12.3	12.3	5.39	
1223	1	12.34	12.34	5.4044	
1224	1	12.32	12.32	5.3376	
1225	1	12.29	12.29	5.3859	
1226	1	12.29	12.29	5.3859	
1227	1	12.28	12.28	5.4416	
1228	1	12.38	12.38	5.4356	
1229	1	12.4	12.4	5.42	
1230	1	12.34	12.34	5.6444	
1231	1	12.36	12.36	5.7104	
1232	1	12.37	12.37	5.6131	
1233	1	12.35	12.35	5.7275	
1234	1	12.45	12.45	5.9475	
1235	1	12.44	12.44	5.4464	
1236	1	12.49	12.49	5.5899	
1237	1	12.45	12.45	5.3875	
1238	1	12.48	12.48	5.4696	
1239	1	12.47	12.47	5.4491	
1240	1	12.53	12.53	5.4291	
1241	1	12.53	12.53	5.4291	
1242	1	12.52	12.52	5.3896	
1243	1	12.46	12.46	5.6884	
1244	1	12.53	12.53	5.4091	
1245	1	12.57	12.57	5.4251	
1246	1	12.57	12.57	5.4651	
1247	1	12.6	12.6	5.44	
1248	1	12.61	12.61	5.4379	
1249	1	12.62	12.62	5.4756	
1250	1	12.6	12.6	5.5	
1251	1	12.58	12.58	5.4436	
1252	1	12.58	12.58	5.3636	
1253	1	12.62	12.62	5.3756	
1254	1	12.63	12.63	5.4731	
1255	1	12.64	12.64	5.3904	
1256	1	12.6	12.6	5.64	
1257	1	12.64	12.64	5.3504	
1258	1	12.68	12.68	5.1976	
1259	1	12.73	12.73	5.2571	
1260	1	12.72	12.72	5.2216	
1261	1	12.75	12.75	5.2075	
1262	1	12.67	12.67	5.4211	
1263	1	12.71	12.71	5.2659	
1264	1	12.72	12.72	5.2216	
1265	1	12.7	12.7	5.15	
1266	1	12.69	12.69	5.3139	
1267	1	12.74	12.74	5.3124	
1268	1	12.77	12.77	5.1171	
1269	1	12.76	12.76	5.1424	
1270	1	12.75	12.75	5.1675	
1271	1	12.74	12.74	5.2124	
1272	1	12.82	12.82	5.1076	
1273	1	12.78	12.78	5.2516	
1274	1	12.75	12.75	5.3675	
1275	1	12.81	12.81	5.2339	
1276	1	12.77	12.77	5.3571	
1277	1	12.85	12.85	5.0875	
1278	1	12.87	12.87	5.1531	
1279	1	12.86	12.86	5.0804	
1280	1	12.84	12.84	5.1544	
1281	1	12.85	12.85	5.0475	
1282	1	12.85	12.85	5.0675	
1283	1	12.89	12.89	5.0379	
1284	1	12.94	12.94	4.9764	
1285	1	12.85	12.85	5.2275	
1286	1	12.93	12.93	4.9251	
1287	1	12.86	12.86	5.3404	
1288	1	12.96	12.96	5.0984	
1289	1	12.96	12.96	5.0784	
1290	1	12.97	12.97	4.9291	
1291	1	12.97	12.97	4.9491	
1292	1	12.96	12.96	5.0584	
1293	1	12.99	12.99	5.1299	
1294	1	13.04	13.04	5.1784	
1295	1	13	13	5.26	
1296	1	13.01	13.01	5.2099	
1297	1	13.01	13.01	5.3499	
1298	1	13.09	13.09	5.3819	
1299	1	13.07	13.07	5.4851	
1300	1	13.05	13.05	5.6075	
1301	1	13.07	13.07	5.7251	
1302	1	13.11	13.11	5.6979	
1303	1	13.09	13.09	5.8219	
1304	1	13.08	13.08	5.8136	
1305	1	13.12	13.12	5.7256	
1306	1	13.14	13.14	5.8204	
1307	1	13.16	13.16	5.7744	
1308	1	13.15	13.15	5.7875	
1309	1	13.17	13.17	5.8411	
1310	1	13.21	13.21	5.6659	
1311	1	13.16	13.16	5.9944	
1312	1	13.3	13.3	5.79	
1313	1	13.25	13.25	5.8475	
1314	1	13.28	13.28	5.7616	
1315	1	13.29	13.29	5.7459	
1316	1	13.27	13.27	5.7571	
1317	1	13.29	13.29	5.6259	
1318	1	13.25	13.25	5.8675	
1319	1	13.27	13.27	5.7771	
1320	1	13.31	13.31	5.7939	
1321	1	13.35	13.35	5.6475	
1322	1	13.37	13.37	5.5331	
1323	1	13.35	13.35	5.6275	
1324	1	13.34	13.34	5.7844	
1325	1	13.39	13.39	5.5779	
1326	1	13.41	13.41	5.6219	
1327	1	13.43	13.43	5.6851	
1328	1	13.46	13.46	5.6284	
1329	1	13.43	13.43	5.7451	
1330	1	13.39	13.39	5.8779	
1331	1	13.43	13.43	5.7651	
1332	1	13.42	13.42	5.9436	
1333	1	13.41	13.41	6.0219	
1334	1	13.52	13.52	6.0896	
1335	1	13.47	13.47	5.6691	
1336	1	13.49	13.49	5.6099	
1337	1	13.46	13.46	5.9284	
1338	1	13.54	13.54	5.7484	
1339	1	13.59	13.59	5.5219	
1340	1	13.6	13.6	5.42	
1341	1	13.61	13.61	5.4579	
1342	1	13.57	13.57	5.4851	
1343	1	13.59	13.59	5.2419	
1344	1	13.56	13.56	5.4264	
1345	1	13.62	13.62	5.2356	
1346	1	13.6	13.6	5.26	
1347	1	13.64	13.64	5.2704	
1348	1	13.65	13.65	5.2875	
1349	1	13.66	13.66	5.3044	
1350	1	13.61	13.61	5.4179	
1351	1	13.67	13.67	5.3811	
1352	1	13.61	13.61	5.5979	
1353	1	13.65	13.65	5.4075	
1354	1	13.68	13.68	5.3576	
1355	1	13.72	13.72	5.3416	
1356	1	13.76	13.76	5.2424	
1357	1	13.75	13.75	5.1275	
1358	1	13.79	13.79	5.2059	
1359	1	13.79	13.79	5.1459	
1360	1	13.79	13.79	5.1659	
1361	1	13.83	13.83	5.1211	
1362	1	13.79	13.79	5.1859	
1363	1	13.83	13.83	5.1211	
1364	1	13.81	13.81	5.2339	
1365	1	13.77	13.77	5.3571	
1366	1	13.83	13.83	5.1611	
1367	1	13.83	13.83	5.1611	
1368	1	13.86	13.86	5.2004	
1369	1	13.84	13.84	5.1944	
1370	1	13.84	13.84	5.1944	
1371	1	13.86	13.86	5.2004	
1372	1	13.81	13.81	5.3939	
1373	1	13.83	13.83	5.3411	
1374	1	13.85	13.85	5.3875	
1375	1	13.85	13.85	5.3875	
1376	1	13.87	13.87	5.2331	
1377	1	13.88	13.88	5.2456	
1378	1	13.91	13.91	5.2619	
1379	1	13.92	13.92	5.1736	
1380	1	13.96	13.96	5.2384	
1381	1	13.93	13.93	5.2051	
1382	1	13.93	13.93	5.2051	
1383	1	13.99	13.99	5.2899	
1384	1	14	14	5.28	
1385	1	14.02	14.02	5.3196	
1386	1	14.03	14.03	5.3691	
1387	1	14	14	5.4	
1388	1	14.01	14.01	5.5099	
1389	1	14	14	5.52	
1390	1	14.03	14.03	5.3491	
1391	1	14.09	14.09	5.2219	
1392	1	14.12	14.12	5.2856	
1393	1	14.08	14.08	5.2336	
1394	1	14.05	14.05	5.3475	
1395	1	14.13	14.13	5.2331	
1396	1	14.17	14.17	5.3411	
1397	1	14.06	14.06	5.5164	
1398	1	14.09	14.09	5.4219	
1399	1	14.14	14.14	5.5204	
1400	1	14.14	14.14	5.2004	
1401	1	14.15	14.15	5.1675	
1402	1	14.21	14.21	5.2259	
1403	1	14.23	14.23	5.2971	
1404	1	14.13	14.13	5.5731	
1405	1	14.19	14.19	5.3139	
1406	1	14.26	14.26	5.3724	
1407	1	14.29	14.29	5.3659	
1408	1	14.3	14.3	5.33	
1409	1	14.26	14.26	5.2724	
1410	1	14.23	14.23	5.5371	
1411	1	14.26	14.26	5.2724	
1412	1	14.27	14.27	5.2171	
1413	1	14.27	14.27	5.2171	
1414	1	14.26	14.26	5.3124	
1415	1	14.32	14.32	5.3176	
1416	1	14.32	14.32	5.5576	
1417	1	14.3	14.3	5.39	
1418	1	14.29	14.29	5.4259	
1419	1	14.28	14.28	5.4816	
1420	1	14.31	14.31	5.3739	
1421	1	14.29	14.29	5.3859	
1422	1	14.34	14.34	5.3844	
1423	1	14.34	14.34	5.4244	
1424	1	14.46	14.46	6.0284	
1425	1	14.38	14.38	5.4556	
1426	1	14.38	14.38	5.4356	
1427	1	14.39	14.39	5.4779	
1428	1	14.43	14.43	5.3251	
1429	1	14.43	14.43	5.3051	
1430	1	14.39	14.39	5.3979	
1431	1	14.45	14.45	5.2875	
1432	1	14.47	14.47	5.3091	
1433	1	14.43	14.43	5.4451	
1434	1	14.44	14.44	5.4464	
1435	1	14.44	14.44	5.4664	
1436	1	14.45	14.45	5.4475	
1437	1	14.46	14.46	5.4484	
1438	1	14.51	14.51	5.3099	
1439	1	14.51	14.51	5.2899	
1440	1	14.47	14.47	5.4891	
1441	1	14.54	14.54	5.3284	
1442	1	14.56	14.56	5.2464	
1443	1	14.53	14.53	5.3691	
1444	1	14.59	14.59	5.1819	
1445	1	14.58	14.58	5.1436	
1446	1	14.56	14.56	5.1864	
1447	1	14.56	14.56	5.2264	
1448	1	14.63	14.63	5.2331	
1449	1	14.61	14.61	5.1379	
1450	1	14.62	14.62	5.1156	
1451	1	14.64	14.64	5.4504	
1452	1	14.6	14.6	5.12	
1453	1	14.63	14.63	5.1931	
1454	1	14.65	14.65	5.2075	
1455	1	14.58	14.58	5.5636	
1456	1	14.66	14.66	5.3444	
1457	1	14.6	14.6	5.68	
1458	1	14.66	14.66	5.3644	
1459	1	14.68	14.68	5.3376	
1460	1	14.64	14.64	5.5504	
1461	1	14.71	14.71	5.1859	
1462	1	14.79	14.79	5.2659	
1463	1	14.73	14.73	5.3971	
1464	1	14.8	14.8	5.18	
1465	1	14.8	14.8	4.92	
1466	1	14.86	14.86	4.8804	
1467	1	14.84	14.84	4.8744	
1468	1	14.85	14.85	4.8275	
1469	1	14.84	14.84	4.8744	
1470	1	14.92	14.92	4.9936	
1471	1	14.9	14.9	4.99	
1472	1	14.88	14.88	5.0256	
1473	1	14.87	14.87	5.0731	
1474	1	14.96	14.96	5.1984	
1475	1	14.9	14.9	5.19	
1476	1	14.92	14.92	5.3736	
1477	1	14.96	14.96	5.1384	
1478	1	14.98	14.98	5.1196	
1479	1	15.04	15.04	5.1984	
1480	1	15.03	15.03	5.4091	
1481	1	15.07	15.07	5.3051	
1482	1	15.08	15.08	5.2736	
1483	1	15.07	15.07	5.2651	
1484	1	15.07	15.07	5.2651	
1485	1	15.05	15.05	5.3475	
1486	1	15.14	15.14	5.3204	
1487	1	15.11	15.11	5.2179	
1488	1	15.1	15.1	5.35	
1489	1	15.08	15.08	5.3736	
1490	1	15.18	15.18	5.6276	
1491	1	15.13	15.13	5.2331	
1492	1	15.16	15.16	5.1944	
1493	1	15.2	15.2	5.12	
1494	1	15.18	15.18	5.0876	
1495	1	15.17	15.17	5.1011	
1496	1	15.21	15.21	5.2059	
1497	1	15.18	15.18	5.0676	
1498	1	15.17	15.17	5.0211	
1499	1	15.2	15.2	5.04	
1500	1	15.25	15.25	5.1675	
1501	1	15.22	15.22	5.2316	
1502	1	15.21	15.21	5.2059	
1503	1	15.22	15.22	5.2116	
1504	1	15.25	15.25	5.1275	
1505	1	15.28	15.28	5.0616	
1506	1	15.31	15.31	5.0939	
1507	1	15.29	15.29	5.0859	
1508	1	15.26	15.26	5.4324	
1509	1	15.29	15.29	5.5259	
1510	1	15.32	15.32	5.2176	
1511	1	15.29	15.29	5.4259	
1512	1	15.31	15.31	5.2939	
1513	1	15.34	15.34	5.2444	
1514	1	15.38	15.38	5.2156	
1515	1	15.36	15.36	5.2304	
1516	1	15.39	15.39	5.1979	
1517	1	15.45	15.45	5.4275	
1518	1	15.41	15.41	5.4219	
1519	1	15.5	15.5	5.59	
1520	1	15.45	15.45	5.4875	
1521	1	15.48	15.48	5.4896	
1522	1	15.46	15.46	5.5684	
1523	1	15.5	15.5	5.49	
1524	1	15.49	15.49	5.4499	
1525	1	15.47	15.47	5.5491	
1526	1	15.49	15.49	5.4499	
1527	1	15.47	15.47	5.5491	
1528	1	15.49	15.49	5.6099	
1529	1	15.47	15.47	5.6691	
1530	1	15.54	15.54	5.5484	
1531	1	15.53	15.53	5.5291	
1532	1	15.6	15.6	5.94	
1533	1	15.54	15.54	5.5284	
1534	1	15.57	15.57	5.4651	
1535	1	15.55	15.55	5.5075	
1536	1	15.54	15.54	5.5484	
1537	1	15.57	15.57	5.5251	
1538	1	15.62	15.62	5.3956	
1539	1	15.6	15.6	5.44	
1540	1	15.66	15.66	5.3844	
1541	1	15.64	15.64	5.3104	
1542	1	15.65	15.65	5.3875	
1543	1	15.61	15.61	5.5979	
1544	1	15.62	15.62	5.5556	
1545	1	15.64	15.64	5.5504	
1546	1	15.63	15.63	5.5931	
1547	1	15.68	15.68	5.3776	
1548	1	15.71	15.71	5.3859	
1549	1	15.64	15.64	5.5504	
1550	1	15.7	15.7	5.33	
1551	1	15.77	15.77	5.4571	
1552	1	15.72	15.72	5.5416	
1553	1	15.74	15.74	5.4324	
1554	1	15.77	15.77	5.4371	
1555	1	15.74	15.74	5.5124	
1556	1	15.77	15.77	5.4371	
1557	1	15.8	15.8	5.34	
1558	1	15.76	15.76	5.7224	
1559	1	15.88	15.88	5.4456	
1560	1	15.86	15.86	5.5404	
1561	1	15.9	15.9	5.47	
1562	1	15.88	15.88	5.3456	
1563	1	15.87	15.87	5.3731	
1564	1	15.91	15.91	5.4419	
1565	1	15.9	15.9	5.45	
1566	1	15.91	15.91	5.4619	
1567	1	15.95	15.95	5.7075	
1568	1	15.85	15.85	5.6875	
1569	1	15.97	15.97	5.5491	
1570	1	15.96	15.96	5.4784	
1571	1	15.95	15.95	5.4875	
1572	1	15.94	15.94	5.5364	
1573	1	16.02	16.02	5.6196	
1574	1	15.94	15.94	5.7764	
1575	1	15.93	15.93	5.6451	
1576	1	15.93	15.93	5.6451	
1577	1	15.96	15.96	5.5184	
1578	1	15.96	15.96	5.5184	
1579	1	15.97	15.97	5.4891	
1580	1	16.04	16.04	5.4784	
1581	1	16.01	16.01	5.4899	
1582	1	16.01	16.01	5.4899	
1583	1	16.04	16.04	5.4584	
1584	1	16.06	16.06	5.4564	
1585	1	16	16	5.72	
1586	1	16.06	16.06	5.5164	
1587	1	16.03	16.03	5.9291	
1588	1	16.04	16.04	5.5784	
1589	1	16.04	16.04	5.6384	
1590	1	16.08	16.08	5.5736	
1591	1	16.05	16.05	5.7275	
1592	1	16.09	16.09	5.4219	
1593	1	16.12	16.12	5.3256	
1594	1	16.22	16.22	5.3516	
1595	1	16.19	16.19	5.1739	
1596	1	16.23	16.23	5.1971	
1597	1	16.18	16.18	5.4276	
1598	1	16.2	16.2	5.36	
1599	1	16.22	16.22	5.3316	
1600	1	16.27	16.27	5.3971	
1601	1	16.27	16.27	5.3971	
1602	1	16.24	16.24	5.4424	
1603	1	16.26	16.26	5.3724	
1604	1	16.29	16.29	5.5659	
1605	1	16.22	16.22	5.3916	
1606	1	16.26	16.26	5.3724	
1607	1	16.29	16.29	5.3859	
1608	1	16.23	16.23	5.4771	
1609	1	16.27	16.27	5.3371	
1610	1	16.22	16.22	5.5116	
1611	1	16.25	16.25	5.3875	
1612	1	16.36	16.36	5.5704	
1613	1	16.3	16.3	5.31	
1614	1	16.34	16.34	5.2044	
1615	1	16.35	16.35	5.2475	
1616	1	16.38	16.38	5.3156	
1617	1	16.3	16.3	5.37	
1618	1	16.29	16.29	5.4059	
1619	1	16.35	16.35	5.2275	
1620	1	16.36	16.36	5.3504	
1621	1	16.35	16.35	5.2075	
1622	1	16.37	16.37	5.1931	
1623	1	16.37	16.37	5.1931	
1624	1	16.46	16.46	5.5084	
1625	1	16.3	16.3	5.57	
1626	1	16.37	16.37	5.2531	
1627	1	16.4	16.4	5.14	
1628	1	16.5	16.5	5.85	
1629	1	16.49	16.49	5.4099	
1630	1	16.41	16.41	5.2619	
1631	1	16.38	16.38	5.3756	
1632	1	16.37	16.37	5.3731	
1633	1	16.37	16.37	5.3731	
1634	1	16.35	16.35	5.5675	
1635	1	16.44	16.44	5.3464	
1636	1	16.45	16.45	5.0675	
1637	1	16.5	16.5	5.05	
1638	1	16.46	16.46	5.0484	
1639	1	16.48	16.48	5.0096	
1640	1	16.45	16.45	5.1875	
1641	1	16.49	16.49	5.1699	
1642	1	16.49	16.49	5.1699	
1643	1	16.53	16.53	5.0891	
1644	1	16.52	16.52	5.1496	
1645	1	16.58	16.58	5.0836	
1646	1	16.57	16.57	5.2251	
1647	1	16.6	16.6	5.1	
1648	1	16.55	16.55	5.2075	
1649	1	16.63	16.63	5.0731	
1650	1	16.62	16.62	5.0756	
1651	1	16.68	16.68	5.0976	
1652	1	16.63	16.63	5.0531	
1653	1	16.65	16.65	5.1475	
1654	1	16.69	16.69	5.0939	
1655	1	16.67	16.67	5.1811	
1656	1	16.71	16.71	5.0859	
1657	1	16.69	16.69	5.0139	
1658	1	16.73	16.73	5.0371	
1659	1	16.72	16.72	5.0416	
1660	1	16.74	16.74	5.1324	
1661	1	16.81	16.81	5.3739	
1662	1	16.75	16.75	5.1075	
1663	1	16.72	16.72	5.1616	
1664	1	16.72	16.72	5.1616	
1665	1	16.74	16.74	5.1924	
1666	1	16.76	16.76	5.1424	
1667	1	16.75	16.75	5.1475	
1668	1	16.8	16.8	5.16	
1669	1	16.81	16.81	5.1939	
1670	1	16.77	16.77	5.1771	
1671	1	16.78	16.78	5.2316	
1672	1	16.77	16.77	5.3971	
1673	1	16.78	16.78	5.5116	
1674	1	16.82	16.82	5.5676	
1675	1	16.86	16.86	5.3404	
1676	1	16.83	16.83	5.6611	
1677	1	16.87	16.87	5.4331	
1678	1	16.89	16.89	5.3379	
1679	1	16.88	16.88	5.3456	
1680	1	16.91	16.91	5.3619	
1681	1	17	17	5.28	
1682	1	16.97	16.97	5.1891	
1683	1	16.98	16.98	5.1796	
1684	1	17.01	17.01	5.2099	
1685	1	16.98	16.98	5.1996	
1686	1	17.05	17.05	5.1475	
1687	1	17.01	17.01	5.1499	
1688	1	17.04	17.04	5.1984	
1689	1	17.04	17.04	5.1984	
1690	1	17.06	17.06	5.2764	
1691	1	17.05	17.05	5.1475	
1692	1	17.05	17.05	5.1475	
1693	1	17.08	17.08	5.1736	
1694	1	17.1	17.1	5.15	
1695	1	17.06	17.06	5.1564	
1696	1	17.05	17.05	5.2475	
1697	1	17.09	17.09	5.0819	
1698	1	17.11	17.11	5.0779	
1699	1	17.12	17.12	5.1656	
1700	1	17.12	17.12	5.0656	
1701	1	17.14	17.14	5.1004	
1702	1	17.11	17.11	5.0579	
1703	1	17.13	17.13	5.0531	
1704	1	17.12	17.12	5.1456	
1705	1	17.16	17.16	5.0744	
1706	1	17.15	17.15	5.1075	
1707	1	17.16	17.16	5.1344	
1708	1	17.16	17.16	5.2544	
1709	1	17.12	17.12	5.3656	
1710	1	17.21	17.21	5.1459	
1711	1	17.22	17.22	4.8916	
1712	1	17.24	17.24	5.0224	
1713	1	17.31	17.31	4.9539	
1714	1	17.3	17.3	4.93	
1715	1	17.29	17.29	4.9259	
1716	1	17.31	17.31	4.8539	
1717	1	17.33	17.33	4.8011	
1718	1	17.39	17.39	5.7379	
1719	1	17.38	17.38	4.7956	
1720	1	17.32	17.32	4.9576	
1721	1	17.31	17.31	4.9939	
1722	1	17.37	17.37	4.8731	
1723	1	17.35	17.35	5.0075	
1724	1	17.43	17.43	4.9451	
1725	1	17.4	17.4	5.06	
1726	1	17.47	17.47	5.0091	
1727	1	17.46	17.46	5.1684	
1728	1	17.46	17.46	5.0484	
1729	1	17.47	17.47	5.0291	
1730	1	17.46	17.46	5.0884	
1731	1	17.48	17.48	5.2296	
1732	1	17.51	17.51	5.1099	
1733	1	17.52	17.52	5.1096	
1734	1	17.57	17.57	5.1251	
1735	1	17.59	17.59	5.1819	
1736	1	17.57	17.57	5.1251	
1737	1	17.54	17.54	5.5484	
1738	1	17.57	17.57	5.1651	
1739	1	17.58	17.58	5.1636	
1740	1	17.57	17.57	5.2451	
1741	1	17.55	17.55	5.4075	
1742	1	17.62	17.62	5.1956	
1743	1	17.62	17.62	5.2156	
1744	1	17.6	17.6	5.34	
1745	1	17.58	17.58	5.4836	
1746	1	17.68	17.68	5.2376	
1747	1	17.65	17.65	5.3075	
1748	1	17.65	17.65	5.4675	
1749	1	17.64	17.64	5.5504	
1750	1	17.66	17.66	5.5244	
1751	1	17.68	17.68	5.2576	
1752	1	17.73	17.73	5.3171	
1753	1	17.75	17.75	5.2875	
1754	1	17.71	17.71	5.4059	
1755	1	17.79	17.79	5.4459	
1756	1	17.78	17.78	5.4116	
1757	1	17.79	17.79	5.3859	
1758	1	17.81	17.81	5.4339	
1759	1	17.85	17.85	5.4875	
1760	1	17.83	17.83	5.4811	
1761	1	17.83	17.83	5.4811	
1762	1	17.96	17.96	5.6384	
1763	1	17.93	17.93	5.5251	
1764	1	17.91	17.91	5.7619	
1765	1	17.89	17.89	5.7779	
1766	1	17.87	17.87	5.8531	
1767	1	17.99	17.99	5.6499	
1768	1	17.96	17.96	5.7784	
1769	1	17.95	17.95	5.6875	
1770	1	17.91	17.91	5.9019	
1771	1	17.99	17.99	5.6499	
1772	1	17.99	17.99	5.6499	
1773	1	17.98	17.98	5.7196	
1774	1	18.03	18.03	5.7891	
1775	1	18.02	18.02	5.6196	
1776	1	18.06	18.06	5.5364	
1777	1	18.09	18.09	5.5619	
1778	1	18.04	18.04	5.6184	
1779	1	18.09	18.09	5.5419	
1780	1	18.09	18.09	5.7419	
1781	1	18.11	18.11	5.5979	
1782	1	18.11	18.11	5.5179	
1783	1	18.1	18.1	5.55	
1784	1	18.15	18.15	5.4275	
1785	1	18.13	18.13	5.4331	
1786	1	18.06	18.06	5.8364	
1787	1	18.11	18.11	5.6779	
1788	1	18.1	18.1	5.69	
1789	1	18.2	18.2	5.44	
1790	1	18.17	18.17	5.5011	
1791	1	18.19	18.19	5.3939	
1792	1	18.19	18.19	5.3739	
1793	1	18.19	18.19	5.3539	
1794	1	18.21	18.21	5.4259	
1795	1	18.22	18.22	5.3716	
1796	1	18.24	18.24	5.3424	
1797	1	18.23	18.23	5.5371	
1798	1	18.23	18.23	5.5371	
1799	1	18.25	18.25	5.3675	
1800	1	18.24	18.24	5.4224	
1801	1	18.2	18.2	5.52	
1802	1	18.25	18.25	5.3675	
1803	1	18.25	18.25	5.3675	
1804	1	18.33	18.33	5.4811	
1805	1	18.3	18.3	5.43	
1806	1	18.32	18.32	5.7176	
1807	1	18.27	18.27	5.3971	
1808	1	18.27	18.27	5.3571	
1809	1	18.26	18.26	5.3724	
1810	1	18.28	18.28	5.3816	
1811	1	18.24	18.24	5.5424	
1812	1	18.31	18.31	5.3539	
1813	1	18.35	18.35	5.4275	
1814	1	18.36	18.36	5.4504	
1815	1	18.3	18.3	5.55	
1816	1	18.31	18.31	5.4939	
1817	1	18.38	18.38	5.4356	
1818	1	18.31	18.31	5.4739	
1819	1	18.4	18.4	5.36	
1820	1	18.4	18.4	5.28	
1821	1	18.36	18.36	5.3704	
1822	1	18.36	18.36	5.3704	
1823	1	18.39	18.39	5.3979	
1824	1	18.45	18.45	5.3475	
1825	1	18.41	18.41	5.3219	
1826	1	18.41	18.41	5.4219	
1827	1	18.45	18.45	5.2675	
1828	1	18.49	18.49	5.9099	
1829	1	18.46	18.46	5.4084	
1830	1	18.52	18.52	5.2496	
1831	1	18.49	18.49	5.3899	
1832	1	18.46	18.46	5.3684	
1833	1	18.5	18.5	5.33	
1834	1	18.53	18.53	5.2491	
1835	1	18.54	18.54	5.2684	
1836	1	18.6	18.6	5.34	
1837	1	18.56	18.56	5.1664	
1838	1	18.57	18.57	5.1651	
1839	1	18.6	18.6	5.04	
1840	1	18.6	18.6	5.04	
1841	1	18.64	18.64	5.1104	
1842	1	18.66	18.66	5.2044	
1843	1	18.62	18.62	5.0156	
1844	1	18.65	18.65	5.0075	
1845	1	18.63	18.63	4.9931	
1846	1	18.69	18.69	4.9539	
1847	1	18.73	18.73	4.9771	
1848	1	18.67	18.67	5.0211	
1849	1	18.64	18.64	5.1504	
1850	1	18.77	18.77	5.0171	
1851	1	18.77	18.77	5.0171	
1852	1	18.76	18.76	5.0024	
1853	1	18.75	18.75	5.1675	
1854	1	18.75	18.75	5.0875	
1855	1	18.75	18.75	5.1475	
1856	1	18.77	18.77	5.0771	
1857	1	18.7	18.7	5.45	
1858	1	18.71	18.71	5.4259	
1859	1	18.77	18.77	5.0171	
1860	1	18.77	18.77	5.0771	
1861	1	18.78	18.78	5.0316	
1862	1	18.85	18.85	5.1475	
1863	1	18.82	18.82	5.1076	
1864	1	18.78	18.78	5.1716	
1865	1	18.77	18.77	5.1971	
1866	1	18.78	18.78	5.2716	
1867	1	18.81	18.81	5.1339	
1868	1	18.86	18.86	5.1404	
1869	1	18.84	18.84	5.1744	
1870	1	18.86	18.86	5.2004	
1871	1	18.9	18.9	5.21	
1872	1	18.88	18.88	5.3056	
1873	1	18.93	18.93	5.1651	
1874	1	18.98	18.98	5.2596	
1875	1	18.91	18.91	5.3219	
1876	1	18.94	18.94	5.2564	
1877	1	19	19	5.34	
1878	1	18.99	18.99	5.6299	
1879	1	19.08	19.08	5.3336	
1880	1	19.01	19.01	5.3899	
1881	1	19.02	19.02	5.3396	
1882	1	19.07	19.07	5.4451	
1883	1	19.07	19.07	5.2251	
1884	1	19.11	19.11	5.1979	
1885	1	19.11	19.11	5.1979	
1886	1	19.14	19.14	5.2404	
1887	1	19.15	19.15	5.3475	
1888	1	19.17	19.17	5.3611	
1889	1	19.18	19.18	5.3476	
1890	1	19.17	19.17	5.3611	
1891	1	19.14	19.14	5.2804	
1892	1	19.14	19.14	5.2604	
1893	1	19.18	19.18	5.1876	
1894	1	19.18	19.18	5.2076	
1895	1	19.17	19.17	5.2411	
1896	1	19.21	19.21	5.1659	
1897	1	19.2	19.2	5.24	
1898	1	19.2	19.2	5.52	
1899	1	19.2	19.2	5.56	
1900	1	19.29	19.29	5.6259	
1901	1	19.29	19.29	5.3259	
1902	1	19.27	19.27	5.3371	
1903	1	19.27	19.27	5.3571	
1904	1	19.3	19.3	5.27	
1905	1	19.34	19.34	5.2844	
1906	1	19.31	19.31	5.3339	
1907	1	19.34	19.34	5.2244	
1908	1	19.36	19.36	5.1704	
1909	1	19.32	19.32	5.2776	
1910	1	19.38	19.38	5.1556	
1911	1	19.36	19.36	5.4904	
1912	1	19.37	19.37	5.5331	
1913	1	19.35	19.35	5.5475	
1914	1	19.41	19.41	5.2819	
1915	1	19.44	19.44	5.2464	
1916	1	19.42	19.42	5.2636	
1917	1	19.44	19.44	5.3264	
1918	1	19.5	19.5	5.33	
1919	1	19.44	19.44	5.5264	
1920	1	19.42	19.42	5.4236	
1921	1	19.5	19.5	5.63	
1922	1	19.52	19.52	5.5496	
1923	1	19.46	19.46	5.3884	
1924	1	19.48	19.48	5.3296	
1925	1	19.52	19.52	5.3696	
1926	1	19.48	19.48	5.3696	
1927	1	19.54	19.54	5.4284	
1928	1	19.52	19.52	5.4096	
1929	1	19.6	19.6	5.54	
1930	1	19.56	19.56	5.4064	
1931	1	19.59	19.59	5.4419	
1932	1	19.64	19.64	5.3304	
1933	1	19.64	19.64	5.4304	
1934	1	19.63	19.63	5.3931	
1935	1	19.57	19.57	5.6651	
1936	1	19.64	19.64	5.5904	
1937	1	19.65	19.65	5.5275	
1938	1	19.77	19.77	5.6971	
1939	1	19.68	19.68	5.3776	
1940	1	19.7	19.7	5.45	
1941	1	19.73	19.73	5.6771	
1942	1	19.66	19.66	5.5644	
1943	1	19.72	19.72	5.5416	
1944	1	19.78	19.78	5.5516	
1945	1	19.77	19.77	5.5371	
1946	1	19.8	19.8	5.54	
1947	1	19.76	19.76	5.6824	
1948	1	19.78	19.78	5.4116	
1949	1	19.8	19.8	5.42	
1950	1	19.81	19.81	5.4139	
1951	1	19.77	19.77	5.7171	
1952	1	19.82	19.82	5.5876	
1953	1	19.83	19.83	5.6211	
1954	1	19.83	19.83	5.6211	
1955	1	19.8	19.8	5.82	
1956	1	19.79	19.79	5.8859	
1957	1	19.85	19.85	5.7475	
1958	1	19.86	19.86	5.7004	
1959	1	19.91	19.91	5.4619	
1960	1	19.88	19.88	5.8056	
1961	1	19.88	19.88	5.8856	
1962	1	19.96	19.96	5.9384	
1963	1	19.9	19.9	5.83	
1964	1	19.94	19.94	5.8164	
1965	1	19.92	19.92	5.7936	
1966	1	19.97	19.97	5.7291	
1967	1	19.93	19.93	5.8051	
1968	1	19.93	19.93	6.0251	
1969	1	20.02	20.02	5.7196	
1970	1	20	20	5.68	
1971	1	20.02	20.02	5.6396	
1972	1	19.99	19.99	5.7299	
1973	1	20	20	5.92	
1974	1	20.03	20.03	5.6891	
1975	1	20.02	20.02	5.6996	
1976	1	20.01	20.01	5.7899	
1977	1	20.06	20.06	5.5164	
1978	1	20.04	20.04	5.6784	
1979	1	20.06	20.06	5.8364	
1980	1	20.02	20.02	6.0196	
1981	1	20.08	20.08	5.6936	
1982	1	20.13	20.13	5.6331	
1983	1	20.09	20.09	5.7419	
1984	1	20.17	20.17	5.9411	
1985	1	20.17	20.17	6.0011	
1986	1	20.14	20.14	6.1004	
1987	1	20.19	20.19	5.9539	
1988	1	20.14	20.14	6.1004	
1989	1	20.19	20.19	6.0539	
1990	1	20.28	20.28	6.1816	
1991	1	20.19	20.19	6.3939	
1992	1	20.32	20.32	6.1776	
1993	1	20.29	20.29	6.2459	
1994	1	20.23	20.23	6.4371	
1995	1	20.34	20.34	6.1644	
1996	1	20.34	20.34	6.1644	
1997	1	20.36	20.36	6.0304	
1998	1	20.32	20.32	6.1776	
1999	1	20.38	20.38	6.1156	
2000	1	20.33	20.33	6.2011	
