# mu = 0.01, s = -0.01, trials requested = 1, runtime = 0:00:04
# "Time"	"Actual trials"	"Mean mutation"	"Average mean mutation"	"Average mutation variance"
0	1	0	0	0	
1	1	0.02	0.02	0.0196	
2	1	0.06	0.06	0.0764	
3	1	0.06	0.06	0.0764	
4	1	0.08	0.08	0.1136	
5	1	0.07	0.07	0.0851	
6	1	0.07	0.07	0.0851	
7	1	0.09	0.09	0.1019	
8	1	0.1	0.1	0.11	
9	1	0.12	0.12	0.1256	
10	1	0.13	0.13	0.1331	
11	1	0.14	0.14	0.1404	
12	1	0.14	0.14	0.1404	
13	1	0.17	0.17	0.2011	
14	1	0.19	0.19	0.2139	
15	1	0.21	0.21	0.2259	
16	1	0.2	0.2	0.22	
17	1	0.2	0.2	0.22	
18	1	0.21	0.21	0.2259	
19	1	0.22	0.22	0.2316	
20	1	0.24	0.24	0.2424	
21	1	0.27	0.27	0.2571	
22	1	0.29	0.29	0.2859	
23	1	0.31	0.31	0.2939	
24	1	0.31	0.31	0.3139	
25	1	0.34	0.34	0.3444	
26	1	0.35	0.35	0.3875	
27	1	0.37	0.37	0.3931	
28	1	0.39	0.39	0.4179	
29	1	0.39	0.39	0.4379	
30	1	0.39	0.39	0.4379	
31	1	0.4	0.4	0.44	
32	1	0.42	0.42	0.4436	
33	1	0.44	0.44	0.4664	
34	1	0.45	0.45	0.4875	
35	1	0.42	0.42	0.4636	
36	1	0.43	0.43	0.4851	
37	1	0.43	0.43	0.4851	
38	1	0.43	0.43	0.4851	
39	1	0.45	0.45	0.4875	
40	1	0.46	0.46	0.4884	
41	1	0.46	0.46	0.5084	
42	1	0.46	0.46	0.5084	
43	1	0.47	0.47	0.5491	
44	1	0.49	0.49	0.5699	
45	1	0.52	0.52	0.5896	
46	1	0.5	0.5	0.57	
47	1	0.51	0.51	0.5699	
48	1	0.52	0.52	0.6296	
49	1	0.52	0.52	0.6296	
50	1	0.53	0.53	0.6491	
51	1	0.54	0.54	0.6484	
52	1	0.53	0.53	0.6491	
53	1	0.54	0.54	0.6484	
54	1	0.57	0.57	0.6651	
55	1	0.57	0.57	0.6451	
56	1	0.57	0.57	0.6451	
57	1	0.58	0.58	0.6436	
58	1	0.58	0.58	0.6436	
59	1	0.6	0.6	0.66	
60	1	0.61	0.61	0.6779	
61	1	0.65	0.65	0.7675	
62	1	0.66	0.66	0.7644	
63	1	0.69	0.69	0.7739	
64	1	0.7	0.7	0.85	
65	1	0.72	0.72	0.8616	
66	1	0.72	0.72	0.9016	
67	1	0.73	0.73	0.8771	
68	1	0.74	0.74	0.8724	
69	1	0.74	0.74	0.8924	
70	1	0.74	0.74	0.8924	
71	1	0.75	0.75	0.8875	
72	1	0.78	0.78	0.9116	
73	1	0.77	0.77	0.8771	
74	1	0.77	0.77	0.8971	
75	1	0.77	0.77	0.8971	
76	1	0.77	0.77	0.8771	
77	1	0.78	0.78	0.8716	
78	1	0.8	0.8	0.9	
79	1	0.77	0.77	0.8971	
80	1	0.78	0.78	0.9116	
81	1	0.78	0.78	0.9116	
82	1	0.84	0.84	1.0144	
83	1	0.81	0.81	0.9739	
84	1	0.82	0.82	0.9876	
85	1	0.87	0.87	1.0131	
86	1	0.86	0.86	1.0204	
87	1	0.87	0.87	1.0531	
88	1	0.89	0.89	1.0379	
89	1	0.92	0.92	1.0536	
90	1	0.92	0.92	1.0536	
91	1	0.93	0.93	1.0651	
92	1	0.93	0.93	1.0651	
93	1	0.92	0.92	1.0536	
94	1	0.94	0.94	1.0564	
95	1	0.92	0.92	1.0536	
96	1	0.93	0.93	1.0451	
97	1	0.95	0.95	1.0475	
98	1	0.95	0.95	1.1075	
99	1	0.95	0.95	1.1075	
100	1	0.98	0.98	1.0996	
101	1	1	1	1.08	
102	1	0.99	0.99	1.0899	
103	1	1.01	1.01	1.0899	
104	1	1.01	1.01	1.0899	
105	1	1.02	1.02	1.1196	
106	1	1.02	1.02	1.1196	
107	1	1.01	1.01	1.1299	
108	1	1.01	1.01	1.1299	
109	1	1.02	1.02	1.1196	
110	1	1.04	1.04	1.1184	
111	1	1.06	1.06	1.1164	
112	1	1.07	1.07	1.1451	
113	1	1.1	1.1	1.15	
114	1	1.15	1.15	1.1875	
115	1	1.14	1.14	1.1804	
116	1	1.15	1.15	1.1875	
117	1	1.14	1.14	1.1804	
118	1	1.17	1.17	1.2411	
119	1	1.14	1.14	1.1804	
120	1	1.15	1.15	1.1675	
121	1	1.13	1.13	1.1731	
122	1	1.13	1.13	1.1731	
123	1	1.16	1.16	1.1944	
124	1	1.17	1.17	1.1811	
125	1	1.16	1.16	1.1944	
126	1	1.2	1.2	1.18	
127	1	1.18	1.18	1.1876	
128	1	1.22	1.22	1.1716	
129	1	1.19	1.19	1.1739	
130	1	1.24	1.24	1.2624	
131	1	1.26	1.26	1.2524	
132	1	1.26	1.26	1.2524	
133	1	1.24	1.24	1.2624	
134	1	1.28	1.28	1.2416	
135	1	1.28	1.28	1.2816	
136	1	1.29	1.29	1.3659	
137	1	1.33	1.33	1.4211	
138	1	1.39	1.39	1.5779	
139	1	1.37	1.37	1.3531	
140	1	1.37	1.37	1.3731	
141	1	1.42	1.42	1.4036	
142	1	1.42	1.42	1.4036	
143	1	1.4	1.4	1.34	
144	1	1.39	1.39	1.3779	
145	1	1.4	1.4	1.4	
146	1	1.41	1.41	1.3819	
147	1	1.41	1.41	1.4019	
148	1	1.49	1.49	1.4099	
149	1	1.45	1.45	1.3875	
150	1	1.44	1.44	1.4064	
151	1	1.45	1.45	1.3875	
152	1	1.47	1.47	1.3691	
153	1	1.46	1.46	1.3884	
154	1	1.47	1.47	1.3691	
155	1	1.46	1.46	1.3884	
156	1	1.46	1.46	1.3884	
157	1	1.5	1.5	1.39	
158	1	1.51	1.51	1.4499	
159	1	1.51	1.51	1.4499	
160	1	1.52	1.52	1.5496	
161	1	1.51	1.51	1.4899	
162	1	1.51	1.51	1.4899	
163	1	1.51	1.51	1.4699	
164	1	1.54	1.54	1.4684	
165	1	1.52	1.52	1.4696	
166	1	1.54	1.54	1.4884	
167	1	1.61	1.61	1.4579	
168	1	1.6	1.6	1.48	
169	1	1.59	1.59	1.4619	
170	1	1.62	1.62	1.5156	
171	1	1.6	1.6	1.46	
172	1	1.64	1.64	1.4704	
173	1	1.63	1.63	1.4731	
174	1	1.63	1.63	1.4731	
175	1	1.66	1.66	1.5444	
176	1	1.67	1.67	1.5411	
177	1	1.68	1.68	1.5576	
178	1	1.7	1.7	1.61	
179	1	1.67	1.67	1.5611	
180	1	1.72	1.72	1.6016	
181	1	1.69	1.69	1.5939	
182	1	1.74	1.74	1.6324	
183	1	1.73	1.73	1.6171	
184	1	1.74	1.74	1.6324	
185	1	1.74	1.74	1.6324	
186	1	1.73	1.73	1.6371	
187	1	1.74	1.74	1.6524	
188	1	1.76	1.76	1.6224	
189	1	1.78	1.78	1.6316	
190	1	1.78	1.78	1.6716	
191	1	1.8	1.8	1.76	
192	1	1.81	1.81	1.7539	
193	1	1.86	1.86	1.9404	
194	1	1.8	1.8	1.78	
195	1	1.85	1.85	1.9075	
196	1	1.86	1.86	1.9004	
197	1	1.84	1.84	1.9344	
198	1	1.87	1.87	2.0331	
199	1	1.89	1.89	1.9979	
200	1	1.93	1.93	2.0451	
201	1	1.92	1.92	2.0736	
202	1	1.91	1.91	2.0419	
203	1	1.94	1.94	2.0364	
204	1	1.94	1.94	2.0764	
205	1	1.94	1.94	2.0764	
206	1	1.92	1.92	2.0936	
207	1	1.95	1.95	2.0275	
208	1	1.98	1.98	2.0796	
209	1	1.98	1.98	2.0596	
210	1	2	2	2.1	
211	1	1.99	1.99	2.0699	
212	1	2	2	2.04	
213	1	1.99	1.99	2.0499	
214	1	2	2	2.04	
215	1	2.02	2.02	2.0396	
216	1	2.01	2.01	2.0699	
217	1	2.05	2.05	2.0075	
218	1	2.03	2.03	2.0091	
219	1	2.04	2.04	1.9984	
220	1	2.05	2.05	2.0475	
221	1	2.08	2.08	2.0336	
222	1	2.09	2.09	2.0819	
223	1	2.09	2.09	2.0819	
224	1	2.13	2.13	2.0731	
225	1	2.11	2.11	2.0779	
226	1	2.12	2.12	2.0856	
227	1	2.14	2.14	2.0604	
228	1	2.16	2.16	2.0344	
229	1	2.17	2.17	2.0811	
230	1	2.17	2.17	2.0611	
231	1	2.19	2.19	2.0939	
232	1	2.17	2.17	2.1411	
233	1	2.18	2.18	2.1076	
234	1	2.22	2.22	2.1316	
235	1	2.25	2.25	2.2275	
236	1	2.26	2.26	2.2324	
237	1	2.3	2.3	2.23	
238	1	2.33	2.33	2.3011	
239	1	2.31	2.31	2.2339	
240	1	2.33	2.33	2.2811	
241	1	2.3	2.3	2.21	
242	1	2.3	2.3	2.25	
243	1	2.28	2.28	2.2216	
244	1	2.3	2.3	2.21	
245	1	2.3	2.3	2.21	
246	1	2.33	2.33	2.2411	
247	1	2.33	2.33	2.2411	
248	1	2.31	2.31	2.2939	
249	1	2.32	2.32	2.2576	
250	1	2.32	2.32	2.2976	
251	1	2.38	2.38	2.3156	
252	1	2.4	2.4	2.34	
253	1	2.45	2.45	2.3075	
254	1	2.43	2.43	2.2851	
255	1	2.45	2.45	2.3075	
256	1	2.47	2.47	2.3491	
257	1	2.51	2.51	2.3499	
258	1	2.46	2.46	2.4284	
259	1	2.51	2.51	2.4099	
260	1	2.51	2.51	2.3899	
261	1	2.54	2.54	2.4884	
262	1	2.52	2.52	2.4296	
263	1	2.52	2.52	2.4296	
264	1	2.55	2.55	2.3875	
265	1	2.58	2.58	2.5036	
266	1	2.54	2.54	2.3884	
267	1	2.56	2.56	2.4064	
268	1	2.6	2.6	2.4	
269	1	2.63	2.63	2.2931	
270	1	2.65	2.65	2.2875	
271	1	2.64	2.64	2.3304	
272	1	2.67	2.67	2.3211	
273	1	2.68	2.68	2.2976	
274	1	2.69	2.69	2.3139	
275	1	2.68	2.68	2.3176	
276	1	2.73	2.73	2.4371	
277	1	2.72	2.72	2.5016	
278	1	2.73	2.73	2.4171	
279	1	2.69	2.69	2.4539	
280	1	2.75	2.75	2.4275	
281	1	2.75	2.75	2.4475	
282	1	2.77	2.77	2.5171	
283	1	2.74	2.74	2.4724	
284	1	2.8	2.8	2.62	
285	1	2.77	2.77	2.5171	
286	1	2.77	2.77	2.4371	
287	1	2.78	2.78	2.4116	
288	1	2.77	2.77	2.3971	
289	1	2.8	2.8	2.5	
290	1	2.84	2.84	2.4944	
291	1	2.86	2.86	2.5804	
292	1	2.87	2.87	2.5531	
293	1	2.81	2.81	2.5939	
294	1	2.87	2.87	2.6331	
295	1	2.88	2.88	2.6656	
296	1	2.9	2.9	2.63	
297	1	2.9	2.9	2.51	
298	1	2.9	2.9	2.51	
299	1	2.91	2.91	2.5019	
300	1	2.92	2.92	2.5336	
301	1	2.93	2.93	2.7251	
302	1	2.95	2.95	2.8075	
303	1	3	3	2.84	
304	1	2.98	2.98	2.7996	
305	1	3	3	2.82	
306	1	3.04	3.04	2.8584	
307	1	3.05	3.05	2.8675	
308	1	3.03	3.03	2.9291	
309	1	3.11	3.11	3.0979	
310	1	3.03	3.03	3.0491	
311	1	3.05	3.05	3.0475	
312	1	3.07	3.07	3.0051	
313	1	3.05	3.05	3.0475	
314	1	3.08	3.08	3.0736	
315	1	3.11	3.11	3.1179	
316	1	3.11	3.11	3.1179	
317	1	3.08	3.08	3.0936	
318	1	3.09	3.09	3.1019	
319	1	3.09	3.09	3.1019	
320	1	3.09	3.09	3.1019	
321	1	3.12	3.12	3.1256	
322	1	3.06	3.06	3.2164	
323	1	3.08	3.08	3.1336	
324	1	3.15	3.15	3.1875	
325	1	3.14	3.14	3.0604	
326	1	3.13	3.13	3.1131	
327	1	3.17	3.17	3.1811	
328	1	3.16	3.16	3.1744	
329	1	3.17	3.17	3.1811	
330	1	3.15	3.15	3.3075	
331	1	3.18	3.18	3.2676	
332	1	3.2	3.2	3.2	
333	1	3.19	3.19	3.1939	
334	1	3.16	3.16	3.2744	
335	1	3.19	3.19	3.2339	
336	1	3.17	3.17	3.3211	
337	1	3.22	3.22	3.2916	
338	1	3.33	3.33	3.5411	
339	1	3.22	3.22	3.2916	
340	1	3.26	3.26	3.1724	
341	1	3.28	3.28	3.2016	
342	1	3.27	3.27	3.1571	
343	1	3.28	3.28	3.1616	
344	1	3.3	3.3	3.15	
345	1	3.3	3.3	3.15	
346	1	3.29	3.29	3.1859	
347	1	3.34	3.34	3.2244	
348	1	3.33	3.33	3.1411	
349	1	3.31	3.31	3.1539	
350	1	3.33	3.33	3.1811	
351	1	3.37	3.37	3.2131	
352	1	3.36	3.36	3.1704	
353	1	3.32	3.32	3.2376	
354	1	3.32	3.32	3.2376	
355	1	3.36	3.36	3.2104	
356	1	3.38	3.38	3.1756	
357	1	3.39	3.39	3.1579	
358	1	3.38	3.38	3.2356	
359	1	3.36	3.36	3.2504	
360	1	3.39	3.39	3.2179	
361	1	3.44	3.44	3.1664	
362	1	3.46	3.46	3.3084	
363	1	3.47	3.47	3.2691	
364	1	3.49	3.49	3.2899	
365	1	3.56	3.56	3.6264	
366	1	3.53	3.53	3.6291	
367	1	3.56	3.56	3.6264	
368	1	3.51	3.51	3.3299	
369	1	3.46	3.46	3.4284	
370	1	3.5	3.5	3.37	
371	1	3.51	3.51	3.5299	
372	1	3.54	3.54	3.4884	
373	1	3.55	3.55	3.6275	
374	1	3.53	3.53	3.6691	
375	1	3.58	3.58	3.6636	
376	1	3.56	3.56	3.6864	
377	1	3.58	3.58	3.6636	
378	1	3.58	3.58	3.6236	
379	1	3.57	3.57	3.7251	
380	1	3.6	3.6	3.68	
381	1	3.6	3.6	3.78	
382	1	3.63	3.63	3.7931	
383	1	3.66	3.66	3.7844	
384	1	3.65	3.65	3.9075	
385	1	3.67	3.67	3.9411	
386	1	3.75	3.75	4.1475	
387	1	3.76	3.76	4.1024	
388	1	3.73	3.73	3.9971	
389	1	3.78	3.78	3.9716	
390	1	3.75	3.75	4.0675	
391	1	3.77	3.77	4.0971	
392	1	3.77	3.77	4.0771	
393	1	3.79	3.79	4.0459	
394	1	3.79	3.79	4.0659	
395	1	3.85	3.85	4.4475	
396	1	3.82	3.82	4.0076	
397	1	3.8	3.8	4	
398	1	3.8	3.8	4.02	
399	1	3.84	3.84	4.0944	
400	1	3.89	3.89	4.0379	
401	1	3.89	3.89	4.1979	
402	1	3.88	3.88	4.0256	
403	1	3.94	3.94	4.0764	
404	1	3.94	3.94	3.9964	
405	1	3.94	3.94	4.1364	
406	1	3.92	3.92	4.1336	
407	1	3.89	3.89	4.1579	
408	1	3.9	3.9	4.27	
409	1	3.92	3.92	4.1736	
410	1	3.97	3.97	4.2291	
411	1	3.99	3.99	4.1899	
412	1	3.97	3.97	4.1691	
413	1	4.04	4.04	4.0984	
414	1	4.03	4.03	4.0891	
415	1	4.03	4.03	4.2091	
416	1	4.03	4.03	4.2091	
417	1	4.06	4.06	4.1164	
418	1	4.01	4.01	4.2299	
419	1	4.04	4.04	4.0784	
420	1	4.05	4.05	4.0475	
421	1	4.05	4.05	4.3675	
422	1	4.12	4.12	4.2456	
423	1	4.17	4.17	4.4411	
424	1	4.12	4.12	4.2656	
425	1	4.14	4.14	4.1804	
426	1	4.18	4.18	4.3676	
427	1	4.18	4.18	4.2476	
428	1	4.15	4.15	4.4675	
429	1	4.18	4.18	4.4076	
430	1	4.23	4.23	4.4171	
431	1	4.21	4.21	4.3059	
432	1	4.24	4.24	4.3624	
433	1	4.25	4.25	4.3275	
434	1	4.24	4.24	4.3024	
435	1	4.3	4.3	4.63	
436	1	4.24	4.24	4.2824	
437	1	4.22	4.22	4.3716	
438	1	4.29	4.29	4.4059	
439	1	4.37	4.37	4.6931	
440	1	4.32	4.32	4.3176	
441	1	4.29	4.29	4.3059	
442	1	4.32	4.32	4.2376	
443	1	4.33	4.33	4.3611	
444	1	4.28	4.28	4.3416	
445	1	4.29	4.29	4.3059	
446	1	4.37	4.37	4.5731	
447	1	4.35	4.35	4.2875	
448	1	4.29	4.29	4.3259	
449	1	4.4	4.4	4.44	
450	1	4.39	4.39	4.2579	
451	1	4.34	4.34	4.3444	
452	1	4.36	4.36	4.2504	
453	1	4.37	4.37	4.2131	
454	1	4.38	4.38	4.2156	
455	1	4.38	4.38	4.4356	
456	1	4.39	4.39	4.3979	
457	1	4.38	4.38	4.2756	
458	1	4.4	4.4	4.28	
459	1	4.43	4.43	4.3051	
460	1	4.39	4.39	4.2779	
461	1	4.44	4.44	4.2264	
462	1	4.38	4.38	4.4556	
463	1	4.45	4.45	4.2475	
464	1	4.45	4.45	4.2875	
465	1	4.49	4.49	4.2099	
466	1	4.49	4.49	4.1699	
467	1	4.5	4.5	4.17	
468	1	4.53	4.53	4.2091	
469	1	4.54	4.54	4.1684	
470	1	4.56	4.56	4.2264	
471	1	4.58	4.58	4.2836	
472	1	4.54	4.54	4.3284	
473	1	4.51	4.51	4.2499	
474	1	4.57	4.57	4.1651	
475	1	4.57	4.57	4.4251	
476	1	4.6	4.6	4.28	
477	1	4.56	4.56	4.4264	
478	1	4.62	4.62	4.3556	
479	1	4.65	4.65	4.3275	
480	1	4.57	4.57	4.5051	
481	1	4.64	4.64	4.4704	
482	1	4.66	4.66	4.3844	
483	1	4.67	4.67	4.2811	
484	1	4.73	4.73	4.1771	
485	1	4.72	4.72	4.2416	
486	1	4.74	4.74	4.1924	
487	1	4.73	4.73	4.3371	
488	1	4.85	4.85	4.4075	
489	1	4.76	4.76	4.2624	
490	1	4.84	4.84	4.6144	
491	1	4.78	4.78	4.2316	
492	1	4.79	4.79	4.2459	
493	1	4.82	4.82	4.2076	
494	1	4.85	4.85	4.2275	
495	1	4.87	4.87	4.2931	
496	1	4.9	4.9	4.43	
497	1	4.92	4.92	4.5536	
498	1	4.89	4.89	4.3379	
499	1	4.83	4.83	4.3411	
500	1	4.83	4.83	4.3011	
501	1	4.87	4.87	4.4131	
502	1	4.9	4.9	4.53	
503	1	4.9	4.9	4.49	
504	1	4.93	4.93	4.4851	
505	1	4.95	4.95	4.4875	
506	1	4.98	4.98	4.5196	
507	1	5	5	4.6	
508	1	4.97	4.97	4.6091	
509	1	5.04	5.04	4.4584	
510	1	5.08	5.08	4.4736	
511	1	5.08	5.08	4.4936	
512	1	5.06	5.06	4.5364	
513	1	5.04	5.04	4.7384	
514	1	5.05	5.05	4.6675	
515	1	5.12	5.12	4.6456	
516	1	5.1	5.1	4.57	
517	1	5.08	5.08	4.6136	
518	1	5.06	5.06	4.7164	
519	1	5.07	5.07	4.8251	
520	1	5.15	5.15	4.8075	
521	1	5.11	5.11	4.7379	
522	1	5.13	5.13	4.7931	
523	1	5.15	5.15	4.7275	
524	1	5.17	5.17	4.7211	
525	1	5.17	5.17	4.7611	
526	1	5.22	5.22	4.9916	
527	1	5.17	5.17	4.8811	
528	1	5.18	5.18	4.8876	
529	1	5.16	5.16	4.8544	
530	1	5.19	5.19	4.9939	
531	1	5.27	5.27	5.0971	
532	1	5.21	5.21	5.3459	
533	1	5.34	5.34	5.3844	
534	1	5.31	5.31	5.0339	
535	1	5.36	5.36	5.1504	
536	1	5.41	5.41	5.4019	
537	1	5.37	5.37	5.1531	
538	1	5.38	5.38	5.1356	
539	1	5.35	5.35	5.1275	
540	1	5.32	5.32	5.2176	
541	1	5.32	5.32	5.2176	
542	1	5.36	5.36	5.0504	
543	1	5.39	5.39	5.1179	
544	1	5.35	5.35	5.0875	
545	1	5.43	5.43	5.0451	
546	1	5.4	5.4	5.04	
547	1	5.45	5.45	4.8875	
548	1	5.42	5.42	4.9036	
549	1	5.44	5.44	4.8864	
550	1	5.5	5.5	4.99	
551	1	5.38	5.38	5.2156	
552	1	5.48	5.48	4.8896	
553	1	5.5	5.5	4.77	
554	1	5.49	5.49	4.7699	
555	1	5.54	5.54	4.9084	
556	1	5.53	5.53	4.8291	
557	1	5.5	5.5	4.85	
558	1	5.49	5.49	5.0699	
559	1	5.48	5.48	5.0696	
560	1	5.5	5.5	4.93	
561	1	5.55	5.55	4.8675	
562	1	5.55	5.55	4.8675	
563	1	5.63	5.63	5.0731	
564	1	5.57	5.57	5.0251	
565	1	5.61	5.61	4.8979	
566	1	5.63	5.63	4.9131	
567	1	5.57	5.57	4.9251	
568	1	5.7	5.7	5.27	
569	1	5.66	5.66	4.8844	
570	1	5.67	5.67	5.0011	
571	1	5.63	5.63	4.9731	
572	1	5.62	5.62	4.9956	
573	1	5.7	5.7	5.05	
574	1	5.62	5.62	5.0156	
575	1	5.67	5.67	5.0011	
576	1	5.69	5.69	4.9539	
577	1	5.69	5.69	4.8939	
578	1	5.76	5.76	5.2824	
579	1	5.71	5.71	4.8859	
580	1	5.72	5.72	4.8216	
581	1	5.73	5.73	4.8371	
582	1	5.71	5.71	4.8659	
583	1	5.7	5.7	4.91	
584	1	5.74	5.74	4.8924	
585	1	5.7	5.7	5.03	
586	1	5.74	5.74	4.9524	
587	1	5.77	5.77	4.9771	
588	1	5.79	5.79	5.2259	
589	1	5.75	5.75	5.4875	
590	1	5.78	5.78	5.3716	
591	1	5.82	5.82	5.2876	
592	1	5.81	5.81	5.2739	
593	1	5.81	5.81	5.3739	
594	1	5.86	5.86	5.5204	
595	1	5.86	5.86	5.5204	
596	1	5.99	5.99	5.8299	
597	1	5.88	5.88	5.5056	
598	1	5.92	5.92	5.3936	
599	1	5.94	5.94	5.3964	
600	1	5.96	5.96	5.4384	
601	1	5.97	5.97	5.4691	
602	1	6.02	6.02	5.4596	
603	1	6.02	6.02	5.4996	
604	1	6.07	6.07	5.5651	
605	1	6.11	6.11	5.6379	
606	1	6.1	6.1	5.61	
607	1	6.1	6.1	5.49	
608	1	6.09	6.09	5.4619	
609	1	6.08	6.08	5.4536	
610	1	6.06	6.06	5.6164	
611	1	6.1	6.1	5.47	
612	1	6.17	6.17	5.4411	
613	1	6.18	6.18	5.4676	
614	1	6.17	6.17	5.4411	
615	1	6.15	6.15	5.4475	
616	1	6.14	6.14	5.4404	
617	1	6.15	6.15	5.6275	
618	1	6.18	6.18	5.7276	
619	1	6.19	6.19	5.7339	
620	1	6.16	6.16	5.7744	
621	1	6.23	6.23	5.7171	
622	1	6.24	6.24	5.6224	
623	1	6.21	6.21	5.6659	
624	1	6.22	6.22	5.6316	
625	1	6.19	6.19	5.6739	
626	1	6.23	6.23	5.6171	
627	1	6.3	6.3	5.89	
628	1	6.29	6.29	5.9059	
629	1	6.29	6.29	5.9059	
630	1	6.25	6.25	5.5675	
631	1	6.25	6.25	5.5875	
632	1	6.34	6.34	5.8044	
633	1	6.4	6.4	6.14	
634	1	6.41	6.41	6.1419	
635	1	6.38	6.38	5.8956	
636	1	6.28	6.28	5.6816	
637	1	6.29	6.29	5.7259	
638	1	6.37	6.37	5.7331	
639	1	6.36	6.36	5.7304	
640	1	6.34	6.34	5.5644	
641	1	6.35	6.35	5.6075	
642	1	6.36	6.36	5.6704	
643	1	6.38	6.38	5.6556	
644	1	6.4	6.4	5.7	
645	1	6.4	6.4	5.7	
646	1	6.39	6.39	5.6179	
647	1	6.38	6.38	5.6156	
648	1	6.35	6.35	5.8675	
649	1	6.39	6.39	5.6979	
650	1	6.39	6.39	5.8379	
651	1	6.44	6.44	5.8064	
652	1	6.45	6.45	5.7875	
653	1	6.45	6.45	5.9475	
654	1	6.49	6.49	5.8699	
655	1	6.43	6.43	6.0851	
656	1	6.47	6.47	5.9291	
657	1	6.48	6.48	6.2696	
658	1	6.56	6.56	6.0464	
659	1	6.49	6.49	6.1299	
660	1	6.51	6.51	6.2299	
661	1	6.57	6.57	6.1251	
662	1	6.51	6.51	6.2699	
663	1	6.59	6.59	6.1619	
664	1	6.57	6.57	6.1451	
665	1	6.59	6.59	6.1619	
666	1	6.62	6.62	6.1756	
667	1	6.58	6.58	6.3436	
668	1	6.63	6.63	6.2131	
669	1	6.65	6.65	6.3075	
670	1	6.56	6.56	6.1864	
671	1	6.55	6.55	6.3075	
672	1	6.57	6.57	6.2851	
673	1	6.64	6.64	6.2704	
674	1	6.63	6.63	6.2731	
675	1	6.64	6.64	6.1304	
676	1	6.63	6.63	6.1731	
677	1	6.63	6.63	6.1731	
678	1	6.71	6.71	6.2659	
679	1	6.66	6.66	6.1844	
680	1	6.61	6.61	6.2179	
681	1	6.64	6.64	6.1504	
682	1	6.67	6.67	6.1611	
683	1	6.75	6.75	6.1075	
684	1	6.72	6.72	6.1216	
685	1	6.75	6.75	6.1475	
686	1	6.74	6.74	6.0724	
687	1	6.84	6.84	6.4144	
688	1	6.75	6.75	6.1275	
689	1	6.73	6.73	6.1571	
690	1	6.79	6.79	6.1859	
691	1	6.78	6.78	6.1716	
692	1	6.81	6.81	6.1539	
693	1	6.78	6.78	6.2916	
694	1	6.74	6.74	6.5124	
695	1	6.79	6.79	6.3859	
696	1	6.87	6.87	6.1731	
697	1	6.86	6.86	6.2604	
698	1	6.94	6.94	6.1364	
699	1	6.91	6.91	6.1819	
700	1	6.95	6.95	6.2275	
701	1	6.91	6.91	6.1219	
702	1	6.95	6.95	6.1875	
703	1	6.97	6.97	6.3091	
704	1	6.92	6.92	6.2736	
705	1	6.97	6.97	6.2291	
706	1	6.99	6.99	6.1299	
707	1	6.98	6.98	6.1196	
708	1	6.98	6.98	6.0996	
709	1	7.08	7.08	6.3336	
710	1	7	7	6.18	
711	1	7.02	7.02	6.0596	
712	1	6.99	6.99	6.1299	
713	1	7.09	7.09	6.2419	
714	1	7.05	7.05	6.0475	
715	1	7.02	7.02	6.3596	
716	1	7.02	7.02	6.2196	
717	1	7.03	7.03	6.2091	
718	1	7.12	7.12	6.0456	
719	1	7.11	7.11	6.0179	
720	1	7.08	7.08	6.1336	
721	1	7.05	7.05	6.2275	
722	1	7.12	7.12	6.1256	
723	1	7.21	7.21	6.2859	
724	1	7.19	7.19	6.0139	
725	1	7.19	7.19	5.9539	
726	1	7.16	7.16	6.0544	
727	1	7.19	7.19	5.9939	
728	1	7.19	7.19	6.0139	
729	1	7.25	7.25	5.8875	
730	1	7.25	7.25	5.8875	
731	1	7.17	7.17	6.1211	
732	1	7.3	7.3	6.09	
733	1	7.3	7.3	6.01	
734	1	7.23	7.23	6.0371	
735	1	7.26	7.26	5.9324	
736	1	7.3	7.3	6.23	
737	1	7.37	7.37	6.1331	
738	1	7.29	7.29	6.0859	
739	1	7.31	7.31	5.9939	
740	1	7.34	7.34	6.0844	
741	1	7.32	7.32	6.0776	
742	1	7.34	7.34	6.0444	
743	1	7.35	7.35	6.1475	
744	1	7.41	7.41	6.0619	
745	1	7.35	7.35	6.2275	
746	1	7.38	7.38	6.0156	
747	1	7.36	7.36	6.0704	
748	1	7.47	7.47	6.3891	
749	1	7.47	7.47	6.4891	
750	1	7.46	7.46	6.6284	
751	1	7.45	7.45	6.6875	
752	1	7.42	7.42	6.1036	
753	1	7.33	7.33	6.5811	
754	1	7.48	7.48	6.1896	
755	1	7.4	7.4	6.24	
756	1	7.49	7.49	6.1099	
757	1	7.58	7.58	6.4636	
758	1	7.49	7.49	6.2499	
759	1	7.56	7.56	6.1064	
760	1	7.56	7.56	6.0464	
761	1	7.54	7.54	5.9684	
762	1	7.52	7.52	6.1096	
763	1	7.49	7.49	6.3099	
764	1	7.52	7.52	6.3096	
765	1	7.58	7.58	6.1236	
766	1	7.6	7.6	6.12	
767	1	7.61	7.61	6.0779	
768	1	7.64	7.64	6.1304	
769	1	7.62	7.62	6.1156	
770	1	7.59	7.59	6.2619	
771	1	7.58	7.58	6.3836	
772	1	7.65	7.65	6.2275	
773	1	7.64	7.64	6.0704	
774	1	7.61	7.61	6.1379	
775	1	7.72	7.72	6.0616	
776	1	7.7	7.7	6.25	
777	1	7.74	7.74	6.1924	
778	1	7.72	7.72	6.1016	
779	1	7.78	7.78	6.2116	
780	1	7.78	7.78	6.2316	
781	1	7.8	7.8	6.32	
782	1	7.76	7.76	6.1824	
783	1	7.76	7.76	6.2024	
784	1	7.76	7.76	6.1224	
785	1	7.81	7.81	6.1539	
786	1	7.77	7.77	6.1371	
787	1	7.81	7.81	6.0139	
788	1	7.83	7.83	6.0011	
789	1	7.87	7.87	6.0931	
790	1	7.88	7.88	5.9656	
791	1	7.86	7.86	6.0004	
792	1	7.8	7.8	6.18	
793	1	7.82	7.82	6.0676	
794	1	7.8	7.8	6.18	
795	1	7.87	7.87	5.9331	
796	1	7.88	7.88	6.0056	
797	1	7.82	7.82	6.1076	
798	1	7.85	7.85	5.9075	
799	1	7.83	7.83	6.0011	
800	1	7.95	7.95	6.0075	
801	1	7.9	7.9	5.89	
802	1	7.95	7.95	5.9275	
803	1	7.94	7.94	5.9164	
804	1	7.94	7.94	6.1564	
805	1	7.94	7.94	5.8964	
806	1	7.97	7.97	5.8091	
807	1	8.02	8.02	5.9596	
808	1	7.98	7.98	5.9196	
809	1	7.99	7.99	5.9299	
810	1	8.01	8.01	5.8499	
811	1	7.99	7.99	5.9099	
812	1	7.99	7.99	5.8899	
813	1	8.01	8.01	5.8699	
814	1	8.04	8.04	5.9184	
815	1	8.02	8.02	5.9196	
816	1	8.04	8.04	5.8384	
817	1	8.09	8.09	5.8819	
818	1	8.05	8.05	6.0475	
819	1	8.05	8.05	5.8675	
820	1	8.07	8.07	5.9051	
821	1	8.08	8.08	6.1136	
822	1	8.15	8.15	6.1675	
823	1	8.12	8.12	6.1456	
824	1	8.13	8.13	6.2331	
825	1	8.15	8.15	6.1475	
826	1	8.15	8.15	6.0675	
827	1	8.18	8.18	6.0876	
828	1	8.22	8.22	6.0716	
829	1	8.23	8.23	6.0571	
830	1	8.23	8.23	5.9371	
831	1	8.23	8.23	6.0371	
832	1	8.17	8.17	5.9611	
833	1	8.23	8.23	6.1771	
834	1	8.19	8.19	6.1539	
835	1	8.24	8.24	5.9624	
836	1	8.24	8.24	6.0424	
837	1	8.25	8.25	5.9875	
838	1	8.28	8.28	6.0016	
839	1	8.23	8.23	6.0771	
840	1	8.27	8.27	6.0371	
841	1	8.32	8.32	6.0576	
842	1	8.29	8.29	6.2659	
843	1	8.3	8.3	6.23	
844	1	8.38	8.38	6.3356	
845	1	8.37	8.37	6.2931	
846	1	8.38	8.38	6.6956	
847	1	8.42	8.42	6.6636	
848	1	8.37	8.37	6.3931	
849	1	8.39	8.39	6.1579	
850	1	8.43	8.43	6.3451	
851	1	8.42	8.42	6.3036	
852	1	8.43	8.43	6.3451	
853	1	8.45	8.45	6.3875	
854	1	8.45	8.45	6.3875	
855	1	8.44	8.44	6.3664	
856	1	8.43	8.43	6.2851	
857	1	8.5	8.5	6.25	
858	1	8.46	8.46	6.1684	
859	1	8.46	8.46	6.1684	
860	1	8.45	8.45	6.4475	
861	1	8.4	8.4	6.54	
862	1	8.52	8.52	6.1696	
863	1	8.54	8.54	6.2684	
864	1	8.49	8.49	6.2699	
865	1	8.53	8.53	6.1491	
866	1	8.53	8.53	6.0891	
867	1	8.51	8.51	6.1099	
868	1	8.5	8.5	6.17	
869	1	8.53	8.53	6.1491	
870	1	8.55	8.55	6.2475	
871	1	8.63	8.63	6.3731	
872	1	8.57	8.57	6.3051	
873	1	8.66	8.66	6.2244	
874	1	8.67	8.67	6.2211	
875	1	8.62	8.62	6.4356	
876	1	8.64	8.64	6.3104	
877	1	8.63	8.63	6.3131	
878	1	8.71	8.71	6.3059	
879	1	8.7	8.7	6.25	
880	1	8.63	8.63	6.6731	
881	1	8.71	8.71	6.4659	
882	1	8.8	8.8	6.72	
883	1	8.84	8.84	6.4944	
884	1	8.8	8.8	6.32	
885	1	8.79	8.79	6.3259	
886	1	8.82	8.82	6.3076	
887	1	8.83	8.83	6.2811	
888	1	8.82	8.82	6.3276	
889	1	8.91	8.91	6.3419	
890	1	8.92	8.92	6.3736	
891	1	8.85	8.85	6.1875	
892	1	8.9	8.9	6.13	
893	1	8.96	8.96	6.2784	
894	1	8.95	8.95	6.1675	
895	1	8.91	8.91	6.4019	
896	1	8.91	8.91	6.4019	
897	1	8.88	8.88	6.5256	
898	1	8.93	8.93	6.2051	
899	1	8.95	8.95	6.1875	
900	1	8.98	8.98	6.0396	
901	1	8.98	8.98	6.0596	
902	1	8.97	8.97	6.1091	
903	1	9.01	9.01	6.0699	
904	1	8.94	8.94	6.4764	
905	1	9.03	9.03	5.9891	
906	1	9.01	9.01	6.1899	
907	1	9.03	9.03	6.0491	
908	1	9.06	9.06	6.0364	
909	1	9.14	9.14	6.0204	
910	1	9.13	9.13	6.0931	
911	1	9.11	9.11	5.9979	
912	1	9.16	9.16	6.1144	
913	1	9.12	9.12	6.1056	
914	1	9.14	9.14	6.5404	
915	1	9.1	9.1	6.39	
916	1	9.16	9.16	6.1744	
917	1	9.15	9.15	6.1475	
918	1	9.15	9.15	6.1875	
919	1	9.17	9.17	6.2011	
920	1	9.23	9.23	6.2771	
921	1	9.21	9.21	6.2059	
922	1	9.16	9.16	6.1344	
923	1	9.18	9.18	6.3676	
924	1	9.16	9.16	6.2744	
925	1	9.21	9.21	6.4059	
926	1	9.3	9.3	6.61	
927	1	9.3	9.3	6.61	
928	1	9.19	9.19	6.4139	
929	1	9.25	9.25	6.3875	
930	1	9.21	9.21	6.3659	
931	1	9.21	9.21	6.3259	
932	1	9.17	9.17	6.5811	
933	1	9.2	9.2	6.58	
934	1	9.31	9.31	6.5739	
935	1	9.24	9.24	6.4624	
936	1	9.28	9.28	6.5216	
937	1	9.26	9.26	6.4524	
938	1	9.29	9.29	6.5859	
939	1	9.22	9.22	6.5516	
940	1	9.28	9.28	6.5216	
941	1	9.26	9.26	6.5524	
942	1	9.3	9.3	6.63	
943	1	9.28	9.28	6.7016	
944	1	9.35	9.35	6.5675	
945	1	9.38	9.38	6.6956	
946	1	9.39	9.39	6.7979	
947	1	9.33	9.33	6.6611	
948	1	9.36	9.36	6.6704	
949	1	9.37	9.37	6.5331	
950	1	9.34	9.34	6.7444	
951	1	9.48	9.48	7.3296	
952	1	9.51	9.51	7.3899	
953	1	9.53	9.53	7.4091	
954	1	9.52	9.52	7.4296	
955	1	9.53	9.53	7.4891	
956	1	9.59	9.59	7.5819	
957	1	9.56	9.56	7.4464	
958	1	9.51	9.51	6.8899	
959	1	9.46	9.46	7.0084	
960	1	9.49	9.49	6.8899	
961	1	9.54	9.54	7.0084	
962	1	9.48	9.48	6.9096	
963	1	9.56	9.56	7.0064	
964	1	9.55	9.55	6.8275	
965	1	9.54	9.54	6.7884	
966	1	9.5	9.5	6.99	
967	1	9.54	9.54	6.8684	
968	1	9.5	9.5	7.15	
969	1	9.5	9.5	7.09	
970	1	9.5	9.5	7.15	
971	1	9.6	9.6	7.22	
972	1	9.6	9.6	7.26	
973	1	9.66	9.66	7.0244	
974	1	9.63	9.63	6.9531	
975	1	9.66	9.66	6.9244	
976	1	9.65	9.65	6.9475	
977	1	9.68	9.68	7.0176	
978	1	9.72	9.72	6.9416	
979	1	9.74	9.74	6.9524	
980	1	9.77	9.77	7.0971	
981	1	9.72	9.72	6.9416	
982	1	9.78	9.78	7.3716	
983	1	9.77	9.77	7.0371	
984	1	9.71	9.71	7.0659	
985	1	9.72	9.72	7.0616	
986	1	9.7	9.7	7.13	
987	1	9.71	9.71	7.0859	
988	1	9.76	9.76	6.9024	
989	1	9.82	9.82	6.9276	
990	1	9.86	9.86	7.2604	
991	1	9.78	9.78	6.9516	
992	1	9.82	9.82	6.9276	
993	1	9.83	9.83	6.8211	
994	1	9.82	9.82	6.7076	
995	1	9.84	9.84	6.7144	
996	1	9.8	9.8	6.78	
997	1	9.83	9.83	6.7011	
998	1	9.91	9.91	6.9619	
999	1	9.8	9.8	6.86	
1000	1	9.92	9.92	6.9736	
1001	1	9.84	9.84	6.8944	
1002	1	9.87	9.87	6.7531	
1003	1	9.88	9.88	6.7656	
1004	1	9.9	9.9	6.71	
1005	1	9.91	9.91	6.7019	
1006	1	9.93	9.93	6.7051	
1007	1	9.96	9.96	6.7584	
1008	1	9.96	9.96	6.7584	
1009	1	9.96	9.96	6.6184	
1010	1	9.95	9.95	6.6475	
1011	1	9.97	9.97	6.6091	
1012	1	9.98	9.98	6.7796	
1013	1	10.04	10.04	7.6784	
1014	1	9.96	9.96	6.7984	
1015	1	9.96	9.96	6.7984	
1016	1	9.98	9.98	6.7196	
1017	1	10.01	10.01	6.7499	
1018	1	10.1	10.1	7.49	
1019	1	9.99	9.99	6.7499	
1020	1	10.04	10.04	6.7384	
1021	1	10.08	10.08	6.8336	
1022	1	10.08	10.08	6.8136	
1023	1	10.11	10.11	7.0379	
1024	1	10.08	10.08	7.1136	
1025	1	10.14	10.14	7.0604	
1026	1	10.19	10.19	7.0939	
1027	1	10.14	10.14	7.0604	
1028	1	10.17	10.17	7.0611	
1029	1	10.17	10.17	6.9811	
1030	1	10.16	10.16	6.9944	
1031	1	10.22	10.22	6.9916	
1032	1	10.25	10.25	7.1275	
1033	1	10.16	10.16	7.1144	
1034	1	10.17	10.17	7.0811	
1035	1	10.16	10.16	7.2944	
1036	1	10.32	10.32	7.8376	
1037	1	10.23	10.23	7.1771	
1038	1	10.24	10.24	7.1424	
1039	1	10.24	10.24	7.1624	
1040	1	10.23	10.23	7.0971	
1041	1	10.19	10.19	7.3539	
1042	1	10.3	10.3	7.09	
1043	1	10.39	10.39	7.5779	
1044	1	10.31	10.31	7.2739	
1045	1	10.28	10.28	7.0216	
1046	1	10.27	10.27	7.0371	
1047	1	10.28	10.28	7.0016	
1048	1	10.3	10.3	7.07	
1049	1	10.35	10.35	7.0275	
1050	1	10.29	10.29	7.0259	
1051	1	10.3	10.3	6.99	
1052	1	10.38	10.38	7.0556	
1053	1	10.38	10.38	6.9956	
1054	1	10.35	10.35	6.9075	
1055	1	10.38	10.38	6.8956	
1056	1	10.44	10.44	7.0464	
1057	1	10.47	10.47	6.9491	
1058	1	10.52	10.52	7.0296	
1059	1	10.47	10.47	7.2891	
1060	1	10.54	10.54	7.1484	
1061	1	10.56	10.56	7.1864	
1062	1	10.56	10.56	7.2264	
1063	1	10.52	10.52	7.5096	
1064	1	10.6	10.6	7.26	
1065	1	10.54	10.54	7.1684	
1066	1	10.52	10.52	7.5296	
1067	1	10.68	10.68	8.0176	
1068	1	10.59	10.59	7.3419	
1069	1	10.67	10.67	7.4811	
1070	1	10.67	10.67	7.3811	
1071	1	10.7	10.7	7.37	
1072	1	10.68	10.68	7.5776	
1073	1	10.66	10.66	7.7844	
1074	1	10.76	10.76	7.3424	
1075	1	10.75	10.75	7.4475	
1076	1	10.83	10.83	7.6011	
1077	1	10.78	10.78	7.5316	
1078	1	10.77	10.77	7.6171	
1079	1	10.78	10.78	7.6116	
1080	1	10.83	10.83	7.6611	
1081	1	10.93	10.93	8.1651	
1082	1	10.88	10.88	7.5456	
1083	1	10.89	10.89	7.5579	
1084	1	10.87	10.87	7.5531	
1085	1	10.87	10.87	7.5731	
1086	1	10.92	10.92	7.6336	
1087	1	10.91	10.91	7.5219	
1088	1	10.83	10.83	7.9211	
1089	1	10.84	10.84	7.6744	
1090	1	10.85	10.85	7.6275	
1091	1	10.89	10.89	7.6379	
1092	1	10.88	10.88	7.5456	
1093	1	10.88	10.88	7.5656	
1094	1	10.9	10.9	7.49	
1095	1	10.95	10.95	7.6275	
1096	1	10.95	10.95	7.5675	
1097	1	10.91	10.91	7.6019	
1098	1	10.93	10.93	7.6051	
1099	1	10.95	10.95	7.5475	
1100	1	11.06	11.06	7.7564	
1101	1	11.01	11.01	7.5099	
1102	1	10.95	10.95	7.5475	
1103	1	10.96	10.96	7.5184	
1104	1	11.02	11.02	7.4596	
1105	1	11	11	7.44	
1106	1	11.02	11.02	7.4396	
1107	1	11	11	7.56	
1108	1	11.09	11.09	7.6219	
1109	1	11.11	11.11	7.6779	
1110	1	11.1	11.1	7.57	
1111	1	11.06	11.06	7.6564	
1112	1	11.15	11.15	7.6675	
1113	1	11.13	11.13	7.6331	
1114	1	11.18	11.18	7.7076	
1115	1	11.06	11.06	7.6564	
1116	1	11.16	11.16	7.3344	
1117	1	11.13	11.13	7.2731	
1118	1	11.2	11.2	7.48	
1119	1	11.12	11.12	7.3056	
1120	1	11.16	11.16	7.2544	
1121	1	11.21	11.21	7.3459	
1122	1	11.25	11.25	7.4875	
1123	1	11.25	11.25	7.5275	
1124	1	11.31	11.31	7.8539	
1125	1	11.29	11.29	7.4859	
1126	1	11.27	11.27	7.3971	
1127	1	11.3	11.3	7.39	
1128	1	11.39	11.39	8.1379	
1129	1	11.3	11.3	7.39	
1130	1	11.36	11.36	7.6704	
1131	1	11.38	11.38	7.6356	
1132	1	11.33	11.33	7.7211	
1133	1	11.34	11.34	7.9244	
1134	1	11.43	11.43	8.0451	
1135	1	11.35	11.35	7.9475	
1136	1	11.49	11.49	8.5699	
1137	1	11.42	11.42	7.7836	
1138	1	11.43	11.43	7.7851	
1139	1	11.44	11.44	7.9264	
1140	1	11.51	11.51	7.7299	
1141	1	11.53	11.53	7.8091	
1142	1	11.52	11.52	7.8296	
1143	1	11.57	11.57	8.0451	
1144	1	11.65	11.65	8.6475	
1145	1	11.59	11.59	7.9219	
1146	1	11.48	11.48	8.3096	
1147	1	11.57	11.57	8.3051	
1148	1	11.51	11.51	8.1299	
1149	1	11.57	11.57	8.0051	
1150	1	11.56	11.56	8.0864	
1151	1	11.55	11.55	8.0475	
1152	1	11.63	11.63	7.9331	
1153	1	11.61	11.61	7.9979	
1154	1	11.73	11.73	8.2371	
1155	1	11.66	11.66	8.0844	
1156	1	11.71	11.71	8.0659	
1157	1	11.67	11.67	8.0411	
1158	1	11.68	11.68	8.1176	
1159	1	11.74	11.74	8.1124	
1160	1	11.68	11.68	8.2376	
1161	1	11.76	11.76	8.2424	
1162	1	11.71	11.71	8.2859	
1163	1	11.72	11.72	8.4016	
1164	1	11.73	11.73	8.4171	
1165	1	11.74	11.74	8.3924	
1166	1	11.79	11.79	8.3259	
1167	1	11.81	11.81	8.2739	
1168	1	11.82	11.82	8.2476	
1169	1	11.87	11.87	8.2931	
1170	1	11.81	11.81	8.1539	
1171	1	11.79	11.79	8.2259	
1172	1	11.84	11.84	8.1544	
1173	1	11.85	11.85	8.1875	
1174	1	11.93	11.93	8.4651	
1175	1	11.96	11.96	8.5784	
1176	1	11.83	11.83	8.2411	
1177	1	11.83	11.83	8.2211	
1178	1	11.83	11.83	8.2211	
1179	1	11.86	11.86	8.4404	
1180	1	11.87	11.87	8.3331	
1181	1	11.9	11.9	8.15	
1182	1	11.97	11.97	7.9491	
1183	1	11.93	11.93	7.9451	
1184	1	12.01	12.01	7.9499	
1185	1	11.98	11.98	8.0396	
1186	1	12.04	12.04	8.0384	
1187	1	11.96	11.96	7.8784	
1188	1	11.97	11.97	7.8491	
1189	1	11.94	11.94	8.3564	
1190	1	12.01	12.01	7.8699	
1191	1	11.98	11.98	7.8796	
1192	1	12.07	12.07	8.5051	
1193	1	12.12	12.12	8.4456	
1194	1	12.21	12.21	9.1259	
1195	1	12.03	12.03	8.2091	
1196	1	12.06	12.06	8.0364	
1197	1	12.06	12.06	8.1964	
1198	1	12.08	12.08	8.2136	
1199	1	12.11	12.11	8.1179	
1200	1	12.19	12.19	8.0539	
1201	1	12.17	12.17	8.0211	
1202	1	12.16	12.16	8.0544	
1203	1	12.1	12.1	8.25	
1204	1	12.16	12.16	8.0544	
1205	1	12.15	12.15	8.1075	
1206	1	12.12	12.12	8.0856	
1207	1	12.11	12.11	8.2379	
1208	1	12.21	12.21	8.1259	
1209	1	12.16	12.16	8.2944	
1210	1	12.21	12.21	8.1259	
1211	1	12.15	12.15	8.0275	
1212	1	12.19	12.19	8.1339	
1213	1	12.19	12.19	8.0339	
1214	1	12.22	12.22	8.1716	
1215	1	12.19	12.19	8.2739	
1216	1	12.26	12.26	8.2524	
1217	1	12.19	12.19	8.2339	
1218	1	12.22	12.22	8.1516	
1219	1	12.28	12.28	8.1216	
1220	1	12.35	12.35	8.3275	
1221	1	12.33	12.33	8.5011	
1222	1	12.28	12.28	8.2616	
1223	1	12.38	12.38	8.3556	
1224	1	12.29	12.29	8.2059	
1225	1	12.25	12.25	8.4675	
1226	1	12.33	12.33	8.6611	
1227	1	12.35	12.35	7.9675	
1228	1	12.33	12.33	8.2411	
1229	1	12.39	12.39	8.1979	
1230	1	12.39	12.39	8.3579	
1231	1	12.37	12.37	8.4531	
1232	1	12.43	12.43	8.6251	
1233	1	12.41	12.41	8.5419	
1234	1	12.47	12.47	8.8291	
1235	1	12.41	12.41	8.7619	
1236	1	12.44	12.44	8.6664	
1237	1	12.48	12.48	8.6696	
1238	1	12.48	12.48	8.6496	
1239	1	12.48	12.48	8.6696	
1240	1	12.46	12.46	8.8484	
1241	1	12.5	12.5	8.65	
1242	1	12.51	12.51	9.0499	
1243	1	12.52	12.52	9.1296	
1244	1	12.58	12.58	8.7036	
1245	1	12.49	12.49	9.1699	
1246	1	12.61	12.61	8.9579	
1247	1	12.61	12.61	8.9979	
1248	1	12.57	12.57	8.8051	
1249	1	12.61	12.61	8.6779	
1250	1	12.64	12.64	9.0304	
1251	1	12.6	12.6	8.76	
1252	1	12.66	12.66	8.6844	
1253	1	12.68	12.68	8.7976	
1254	1	12.63	12.63	8.9131	
1255	1	12.64	12.64	8.9904	
1256	1	12.67	12.67	9.0211	
1257	1	12.69	12.69	8.8739	
1258	1	12.63	12.63	9.0531	
1259	1	12.81	12.81	9.3739	
1260	1	12.79	12.79	9.2059	
1261	1	12.73	12.73	8.8971	
1262	1	12.75	12.75	8.8675	
1263	1	12.76	12.76	8.8624	
1264	1	12.73	12.73	9.0171	
1265	1	12.73	12.73	9.0571	
1266	1	12.75	12.75	9.2075	
1267	1	12.8	12.8	9.2	
1268	1	12.84	12.84	9.3144	
1269	1	12.79	12.79	9.4459	
1270	1	12.85	12.85	9.3475	
1271	1	12.79	12.79	9.3259	
1272	1	12.78	12.78	9.2516	
1273	1	12.75	12.75	9.7875	
1274	1	12.91	12.91	9.5819	
1275	1	12.93	12.93	9.6051	
1276	1	12.88	12.88	9.6256	
1277	1	12.93	12.93	9.5051	
1278	1	12.86	12.86	9.5804	
1279	1	12.94	12.94	9.6764	
1280	1	12.86	12.86	9.7004	
1281	1	12.86	12.86	9.5404	
1282	1	12.91	12.91	9.5019	
1283	1	12.9	12.9	9.61	
1284	1	12.92	12.92	9.5136	
1285	1	12.95	12.95	9.4275	
1286	1	12.93	12.93	9.4651	
1287	1	12.95	12.95	9.3875	
1288	1	12.98	12.98	9.3596	
1289	1	13.06	13.06	9.9764	
1290	1	12.98	12.98	9.2996	
1291	1	12.96	12.96	9.3384	
1292	1	13.01	13.01	9.4099	
1293	1	13.1	13.1	9.57	
1294	1	13.1	13.1	9.51	
1295	1	13.06	13.06	9.4364	
1296	1	13.03	13.03	9.3291	
1297	1	13.01	13.01	9.4499	
1298	1	13.14	13.14	9.4604	
1299	1	13.15	13.15	9.4475	
1300	1	13.1	13.1	9.61	
1301	1	13.09	13.09	9.4819	
1302	1	13.09	13.09	9.7019	
1303	1	13.07	13.07	9.8251	
1304	1	13.13	13.13	9.5531	
1305	1	13.15	13.15	9.5075	
1306	1	13.1	13.1	9.87	
1307	1	13.14	13.14	9.7604	
1308	1	13.22	13.22	9.8916	
1309	1	13.19	13.19	9.8139	
1310	1	13.15	13.15	9.9475	
1311	1	13.32	13.32	9.7576	
1312	1	13.3	13.3	9.77	
1313	1	13.28	13.28	9.7616	
1314	1	13.33	13.33	9.8011	
1315	1	13.29	13.29	9.7459	
1316	1	13.29	13.29	9.9059	
1317	1	13.31	13.31	9.8139	
1318	1	13.32	13.32	9.8376	
1319	1	13.4	13.4	10.12	
1320	1	13.37	13.37	9.7931	
1321	1	13.38	13.38	9.9156	
1322	1	13.44	13.44	9.9664	
1323	1	13.37	13.37	9.9531	
1324	1	13.39	13.39	9.9179	
1325	1	13.4	13.4	9.9	
1326	1	13.41	13.41	9.9219	
1327	1	13.41	13.41	9.9819	
1328	1	13.41	13.41	10.1019	
1329	1	13.4	13.4	10.18	
1330	1	13.41	13.41	10.1019	
1331	1	13.55	13.55	10.1675	
1332	1	13.51	13.51	10.3899	
1333	1	13.51	13.51	10.3899	
1334	1	13.59	13.59	10.2819	
1335	1	13.61	13.61	10.4379	
1336	1	13.54	13.54	10.3084	
1337	1	13.53	13.53	10.1891	
1338	1	13.57	13.57	10.1651	
1339	1	13.64	13.64	10.4304	
1340	1	13.54	13.54	10.5484	
1341	1	13.59	13.59	10.3019	
1342	1	13.57	13.57	10.4851	
1343	1	13.56	13.56	10.3664	
1344	1	13.58	13.58	10.3036	
1345	1	13.6	13.6	10.28	
1346	1	13.69	13.69	10.4339	
1347	1	13.67	13.67	10.3411	
1348	1	13.66	13.66	10.3644	
1349	1	13.67	13.67	10.2811	
1350	1	13.71	13.71	10.3059	
1351	1	13.65	13.65	10.4475	
1352	1	13.65	13.65	10.4875	
1353	1	13.71	13.71	10.2859	
1354	1	13.72	13.72	10.3016	
1355	1	13.72	13.72	10.3016	
1356	1	13.77	13.77	10.3971	
1357	1	13.72	13.72	10.4216	
1358	1	13.78	13.78	10.2316	
1359	1	13.79	13.79	10.2259	
1360	1	13.75	13.75	10.2475	
1361	1	13.79	13.79	10.1659	
1362	1	13.81	13.81	10.1939	
1363	1	13.82	13.82	10.1476	
1364	1	13.84	13.84	10.2344	
1365	1	13.9	13.9	10.27	
1366	1	13.9	13.9	10.31	
1367	1	13.82	13.82	10.2876	
1368	1	13.88	13.88	10.7056	
1369	1	13.93	13.93	11.4651	
1370	1	13.87	13.87	10.6131	
1371	1	13.9	13.9	10.47	
1372	1	13.88	13.88	10.5056	
1373	1	13.81	13.81	10.8139	
1374	1	13.89	13.89	10.6779	
1375	1	13.86	13.86	10.5804	
1376	1	13.93	13.93	10.3651	
1377	1	13.87	13.87	10.4731	
1378	1	13.92	13.92	10.3136	
1379	1	13.94	13.94	10.2964	
1380	1	13.94	13.94	10.3764	
1381	1	13.91	13.91	10.3619	
1382	1	14	14	10.36	
1383	1	13.98	13.98	10.3596	
1384	1	14.07	14.07	10.5451	
1385	1	13.95	13.95	10.2875	
1386	1	13.98	13.98	10.1996	
1387	1	14.01	14.01	11.0299	
1388	1	14.02	14.02	10.6596	
1389	1	14.12	14.12	10.5456	
1390	1	14.07	14.07	10.8851	
1391	1	14.1	14.1	10.79	
1392	1	14.11	14.11	10.5779	
1393	1	14.13	14.13	10.5931	
1394	1	14.08	14.08	10.5336	
1395	1	14.19	14.19	10.7139	
1396	1	14.07	14.07	10.9251	
1397	1	14.14	14.14	10.6004	
1398	1	14.1	14.1	10.77	
1399	1	14.14	14.14	10.7004	
1400	1	14.11	14.11	10.8579	
1401	1	14.19	14.19	11.9739	
1402	1	14.27	14.27	11.4371	
1403	1	14.16	14.16	10.7344	
1404	1	14.16	14.16	10.7744	
1405	1	14.24	14.24	10.5224	
1406	1	14.29	14.29	10.7659	
1407	1	14.3	14.3	10.73	
1408	1	14.28	14.28	10.5616	
1409	1	14.2	14.2	10.8	
1410	1	14.22	14.22	10.6716	
1411	1	14.19	14.19	10.8939	
1412	1	14.25	14.25	10.8275	
1413	1	14.3	14.3	10.85	
1414	1	14.26	14.26	10.5924	
1415	1	14.29	14.29	10.5059	
1416	1	14.34	14.34	10.4244	
1417	1	14.31	14.31	10.3739	
1418	1	14.35	14.35	10.7275	
1419	1	14.3	14.3	10.33	
1420	1	14.32	14.32	10.6176	
1421	1	14.35	14.35	10.3075	
1422	1	14.3	14.3	10.53	
1423	1	14.26	14.26	11.0924	
1424	1	14.37	14.37	10.5331	
1425	1	14.4	14.4	10.36	
1426	1	14.38	14.38	10.6556	
1427	1	14.33	14.33	10.9611	
1428	1	14.39	14.39	10.7579	
1429	1	14.4	14.4	10.68	
1430	1	14.4	14.4	10.46	
1431	1	14.48	14.48	10.6296	
1432	1	14.44	14.44	10.5064	
1433	1	14.52	14.52	10.4496	
1434	1	14.46	14.46	10.3884	
1435	1	14.46	14.46	10.4684	
1436	1	14.5	14.5	10.27	
1437	1	14.56	14.56	10.4664	
1438	1	14.51	14.51	10.2099	
1439	1	14.58	14.58	10.2436	
1440	1	14.6	14.6	10.62	
1441	1	14.57	14.57	10.1851	
1442	1	14.52	14.52	10.3296	
1443	1	14.6	14.6	10.12	
1444	1	14.59	14.59	10.1019	
1445	1	14.61	14.61	10.1779	
1446	1	14.54	14.54	10.1884	
1447	1	14.73	14.73	10.9171	
1448	1	14.61	14.61	10.1979	
1449	1	14.62	14.62	10.2156	
1450	1	14.61	14.61	10.2579	
1451	1	14.64	14.64	10.3104	
1452	1	14.66	14.66	10.2844	
1453	1	14.69	14.69	10.2939	
1454	1	14.62	14.62	10.3156	
1455	1	14.66	14.66	10.2044	
1456	1	14.59	14.59	10.5019	
1457	1	14.67	14.67	10.3211	
1458	1	14.65	14.65	10.3475	
1459	1	14.74	14.74	10.3724	
1460	1	14.74	14.74	10.3724	
1461	1	14.63	14.63	11.0531	
1462	1	14.78	14.78	10.2716	
1463	1	14.78	14.78	10.2716	
1464	1	14.8	14.8	10.46	
1465	1	14.87	14.87	10.4531	
1466	1	14.93	14.93	10.6651	
1467	1	14.85	14.85	10.2675	
1468	1	14.87	14.87	10.2931	
1469	1	14.93	14.93	10.3051	
1470	1	14.91	14.91	10.3219	
1471	1	14.97	14.97	10.4091	
1472	1	14.91	14.91	10.2819	
1473	1	14.89	14.89	10.4579	
1474	1	14.96	14.96	10.2984	
1475	1	15.06	15.06	11.2364	
1476	1	14.99	14.99	10.3899	
1477	1	14.94	14.94	10.6364	
1478	1	14.98	14.98	10.5596	
1479	1	15.03	15.03	11.0691	
1480	1	15	15	10.86	
1481	1	15.07	15.07	10.7851	
1482	1	15.07	15.07	10.4251	
1483	1	15.08	15.08	10.4536	
1484	1	15.1	15.1	10.59	
1485	1	15.16	15.16	10.8144	
1486	1	15.03	15.03	10.6291	
1487	1	15.09	15.09	10.3219	
1488	1	15.16	15.16	10.3144	
1489	1	15.16	15.16	10.2144	
1490	1	15.24	15.24	10.4624	
1491	1	15.19	15.19	10.2339	
1492	1	15.22	15.22	10.2516	
1493	1	15.22	15.22	10.3316	
1494	1	15.22	15.22	10.3316	
1495	1	15.21	15.21	10.4259	
1496	1	15.23	15.23	10.4171	
1497	1	15.16	15.16	10.4744	
1498	1	15.32	15.32	11.3776	
1499	1	15.14	15.14	10.7404	
1500	1	15.23	15.23	10.1771	
1501	1	15.24	15.24	10.1824	
1502	1	15.26	15.26	10.2324	
1503	1	15.29	15.29	10.2659	
1504	1	15.26	15.26	10.2724	
1505	1	15.28	15.28	10.2016	
1506	1	15.32	15.32	10.2376	
1507	1	15.26	15.26	10.3124	
1508	1	15.33	15.33	10.3011	
1509	1	15.37	15.37	10.1731	
1510	1	15.37	15.37	10.1331	
1511	1	15.34	15.34	10.0644	
1512	1	15.39	15.39	10.2779	
1513	1	15.38	15.38	10.1356	
1514	1	15.44	15.44	10.2864	
1515	1	15.35	15.35	10.6275	
1516	1	15.33	15.33	10.4411	
1517	1	15.38	15.38	10.2756	
1518	1	15.45	15.45	10.0075	
1519	1	15.42	15.42	10.8436	
1520	1	15.34	15.34	10.7444	
1521	1	15.37	15.37	10.3931	
1522	1	15.45	15.45	10.2675	
1523	1	15.47	15.47	10.3491	
1524	1	15.48	15.48	10.3096	
1525	1	15.46	15.46	10.4084	
1526	1	15.59	15.59	10.4419	
1527	1	15.54	15.54	10.2484	
1528	1	15.49	15.49	10.4099	
1529	1	15.5	15.5	10.41	
1530	1	15.57	15.57	10.5451	
1531	1	15.62	15.62	10.5356	
1532	1	15.6	15.6	10.7	
1533	1	15.56	15.56	10.6464	
1534	1	15.62	15.62	10.6756	
1535	1	15.6	15.6	11.12	
1536	1	15.57	15.57	10.6051	
1537	1	15.58	15.58	10.5636	
1538	1	15.56	15.56	10.8064	
1539	1	15.6	15.6	10.7	
1540	1	15.59	15.59	10.8019	
1541	1	15.59	15.59	10.8819	
1542	1	15.65	15.65	11.0875	
1543	1	15.63	15.63	10.9331	
1544	1	15.62	15.62	10.8356	
1545	1	15.65	15.65	10.7675	
1546	1	15.7	15.7	10.53	
1547	1	15.79	15.79	10.7859	
1548	1	15.76	15.76	10.6224	
1549	1	15.77	15.77	10.8971	
1550	1	15.8	15.8	10.8	
1551	1	15.7	15.7	10.73	
1552	1	15.81	15.81	11.1139	
1553	1	15.81	15.81	11.1139	
1554	1	15.86	15.86	11.4604	
1555	1	15.75	15.75	10.6075	
1556	1	15.8	15.8	10.56	
1557	1	15.87	15.87	10.7331	
1558	1	15.85	15.85	10.5875	
1559	1	15.91	15.91	10.9019	
1560	1	15.82	15.82	10.6876	
1561	1	15.89	15.89	10.6379	
1562	1	15.88	15.88	10.7656	
1563	1	15.9	15.9	10.65	
1564	1	15.87	15.87	10.9131	
1565	1	15.93	15.93	10.6451	
1566	1	15.95	15.95	10.6475	
1567	1	15.92	15.92	10.4936	
1568	1	15.95	15.95	11.0275	
1569	1	15.98	15.98	10.5396	
1570	1	15.88	15.88	10.6856	
1571	1	15.89	15.89	10.5979	
1572	1	16	16	10.5	
1573	1	15.9	15.9	10.77	
1574	1	15.9	15.9	10.77	
1575	1	16.02	16.02	10.5396	
1576	1	15.89	15.89	11.0379	
1577	1	16	16	10.42	
1578	1	15.97	15.97	10.5291	
1579	1	15.98	15.98	10.4796	
1580	1	16.02	16.02	10.6396	
1581	1	15.97	15.97	10.7091	
1582	1	15.98	15.98	10.6196	
1583	1	16.08	16.08	10.5136	
1584	1	16.05	16.05	10.5675	
1585	1	15.98	15.98	10.7196	
1586	1	16.06	16.06	10.3964	
1587	1	16.06	16.06	10.8364	
1588	1	16.06	16.06	10.4364	
1589	1	16.13	16.13	10.6731	
1590	1	16.05	16.05	10.4875	
1591	1	16.17	16.17	10.6011	
1592	1	16.15	16.15	10.5075	
1593	1	16.19	16.19	10.5139	
1594	1	16.16	16.16	10.4744	
1595	1	16.2	16.2	10.54	
1596	1	16.15	16.15	10.9275	
1597	1	16.23	16.23	10.4771	
1598	1	16.16	16.16	10.6544	
1599	1	16.22	16.22	10.3916	
1600	1	16.29	16.29	10.6059	
1601	1	16.26	16.26	10.4124	
1602	1	16.3	16.3	10.51	
1603	1	16.25	16.25	10.6875	
1604	1	16.15	16.15	10.9275	
1605	1	16.16	16.16	10.8144	
1606	1	16.17	16.17	10.7211	
1607	1	16.27	16.27	10.2571	
1608	1	16.27	16.27	10.6371	
1609	1	16.27	16.27	10.4371	
1610	1	16.23	16.23	10.7771	
1611	1	16.31	16.31	10.3739	
1612	1	16.35	16.35	10.7275	
1613	1	16.33	16.33	10.7811	
1614	1	16.41	16.41	10.6619	
1615	1	16.39	16.39	10.4179	
1616	1	16.37	16.37	10.3931	
1617	1	16.36	16.36	10.5704	
1618	1	16.33	16.33	10.6411	
1619	1	16.39	16.39	10.6779	
1620	1	16.38	16.38	10.3756	
1621	1	16.36	16.36	10.3704	
1622	1	16.3	16.3	10.65	
1623	1	16.37	16.37	10.5331	
1624	1	16.39	16.39	10.3179	
1625	1	16.39	16.39	10.3979	
1626	1	16.31	16.31	10.6539	
1627	1	16.36	16.36	10.9904	
1628	1	16.39	16.39	11.2379	
1629	1	16.35	16.35	10.7275	
1630	1	16.46	16.46	10.4084	
1631	1	16.37	16.37	10.6731	
1632	1	16.44	16.44	10.4064	
1633	1	16.45	16.45	10.4475	
1634	1	16.45	16.45	10.3075	
1635	1	16.46	16.46	10.5684	
1636	1	16.44	16.44	10.5664	
1637	1	16.49	16.49	10.4699	
1638	1	16.43	16.43	10.6851	
1639	1	16.52	16.52	10.5896	
1640	1	16.5	16.5	10.69	
1641	1	16.56	16.56	11.2264	
1642	1	16.49	16.49	10.6699	
1643	1	16.61	16.61	10.8579	
1644	1	16.49	16.49	10.6299	
1645	1	16.6	16.6	10.76	
1646	1	16.54	16.54	10.9484	
1647	1	16.57	16.57	10.9451	
1648	1	16.64	16.64	10.8504	
1649	1	16.57	16.57	11.0051	
1650	1	16.68	16.68	10.9176	
1651	1	16.68	16.68	10.7976	
1652	1	16.57	16.57	11.0651	
1653	1	16.76	16.76	11.3024	
1654	1	16.71	16.71	10.6659	
1655	1	16.61	16.61	11.0979	
1656	1	16.68	16.68	10.7776	
1657	1	16.7	16.7	10.77	
1658	1	16.65	16.65	11.1675	
1659	1	16.67	16.67	11.2211	
1660	1	16.78	16.78	10.8716	
1661	1	16.76	16.76	10.7824	
1662	1	16.76	16.76	10.7824	
1663	1	16.76	16.76	10.7824	
1664	1	16.74	16.74	10.7724	
1665	1	16.75	16.75	10.7475	
1666	1	16.74	16.74	10.7924	
1667	1	16.77	16.77	10.7171	
1668	1	16.75	16.75	11.1675	
1669	1	16.78	16.78	10.9716	
1670	1	16.83	16.83	11.0411	
1671	1	16.85	16.85	11.1875	
1672	1	16.79	16.79	11.2859	
1673	1	16.89	16.89	11.3179	
1674	1	16.85	16.85	11.2475	
1675	1	16.84	16.84	11.4744	
1676	1	16.86	16.86	11.4604	
1677	1	16.81	16.81	11.6939	
1678	1	16.96	16.96	11.6184	
1679	1	16.87	16.87	11.6531	
1680	1	16.88	16.88	11.5656	
1681	1	16.86	16.86	11.9004	
1682	1	16.95	16.95	11.7475	
1683	1	16.96	16.96	11.8384	
1684	1	17.09	17.09	12.2219	
1685	1	17.08	17.08	11.5736	
1686	1	16.98	16.98	11.4996	
1687	1	17.03	17.03	11.5091	
1688	1	17.07	17.07	11.4251	
1689	1	17.02	17.02	11.6796	
1690	1	17.06	17.06	11.3564	
1691	1	16.99	16.99	11.6099	
1692	1	17.09	17.09	11.5819	
1693	1	17.09	17.09	11.5819	
1694	1	17.13	17.13	11.5331	
1695	1	17.11	17.11	11.4579	
1696	1	17.11	17.11	11.4779	
1697	1	17.06	17.06	11.7364	
1698	1	17.11	17.11	11.4779	
1699	1	17.03	17.03	11.6891	
1700	1	17.11	17.11	11.5179	
1701	1	17.06	17.06	11.7764	
1702	1	17.27	17.27	12.7571	
1703	1	17.21	17.21	12.0059	
1704	1	17.14	17.14	11.5004	
1705	1	17.26	17.26	12.2324	
1706	1	17.12	17.12	11.6256	
1707	1	17.16	17.16	11.4744	
1708	1	17.17	17.17	11.4611	
1709	1	17.17	17.17	11.7011	
1710	1	17.17	17.17	11.7011	
1711	1	17.21	17.21	11.7059	
1712	1	17.18	17.18	11.8276	
1713	1	17.29	17.29	11.5659	
1714	1	17.26	17.26	11.5924	
1715	1	17.26	17.26	11.5324	
1716	1	17.29	17.29	11.3659	
1717	1	17.35	17.35	11.4075	
1718	1	17.3	17.3	11.59	
1719	1	17.38	17.38	11.8356	
1720	1	17.38	17.38	11.8356	
1721	1	17.39	17.39	11.7979	
1722	1	17.46	17.46	12.2484	
1723	1	17.48	17.48	12.5496	
1724	1	17.39	17.39	11.8779	
1725	1	17.43	17.43	11.8251	
1726	1	17.38	17.38	12.1356	
1727	1	17.49	17.49	12.6699	
1728	1	17.53	17.53	12.0691	
1729	1	17.48	17.48	12.0696	
1730	1	17.42	17.42	12.2436	
1731	1	17.52	17.52	11.9896	
1732	1	17.49	17.49	12.0499	
1733	1	17.53	17.53	11.8891	
1734	1	17.6	17.6	12.06	
1735	1	17.55	17.55	11.8675	
1736	1	17.53	17.53	11.9291	
1737	1	17.56	17.56	11.9864	
1738	1	17.6	17.6	12.32	
1739	1	17.61	17.61	12.0579	
1740	1	17.53	17.53	12.1891	
1741	1	17.67	17.67	12.7211	
1742	1	17.63	17.63	12.0131	
1743	1	17.64	17.64	12.0304	
1744	1	17.6	17.6	12.18	
1745	1	17.73	17.73	12.3771	
1746	1	17.64	17.64	12.3304	
1747	1	17.58	17.58	12.3836	
1748	1	17.65	17.65	12.1075	
1749	1	17.7	17.7	12.01	
1750	1	17.7	17.7	12.01	
1751	1	17.73	17.73	11.9971	
1752	1	17.82	17.82	12.2876	
1753	1	17.8	17.8	12.3	
1754	1	17.9	17.9	13.33	
1755	1	17.85	17.85	12.2675	
1756	1	17.74	17.74	12.3524	
1757	1	17.93	17.93	13.0851	
1758	1	17.86	17.86	12.9204	
1759	1	17.97	17.97	13.4291	
1760	1	17.91	17.91	13.0619	
1761	1	17.8	17.8	13.14	
1762	1	17.87	17.87	12.7331	
1763	1	17.9	17.9	12.87	
1764	1	17.94	17.94	12.9564	
1765	1	17.91	17.91	13.0219	
1766	1	17.95	17.95	12.9875	
1767	1	17.96	17.96	12.9784	
1768	1	17.91	17.91	13.1619	
1769	1	18.01	18.01	13.8699	
1770	1	17.89	17.89	13.1379	
1771	1	17.95	17.95	13.2475	
1772	1	18.01	18.01	12.8899	
1773	1	18.01	18.01	12.9899	
1774	1	18.1	18.1	13.23	
1775	1	18.07	18.07	13.0451	
1776	1	18.06	18.06	13.3564	
1777	1	18	18	13.34	
1778	1	18.01	18.01	13.3299	
1779	1	18.08	18.08	13.4336	
1780	1	18.19	18.19	13.0739	
1781	1	18.13	18.13	13.2531	
1782	1	18.22	18.22	13.3516	
1783	1	18.16	18.16	13.1344	
1784	1	18.15	18.15	12.9875	
1785	1	18.13	18.13	12.9531	
1786	1	18.1	18.1	13.09	
1787	1	18.14	18.14	13.2404	
1788	1	18.29	18.29	14.2259	
1789	1	18.09	18.09	13.3419	
1790	1	18.13	18.13	13.2331	
1791	1	18.16	18.16	13.3944	
1792	1	18.11	18.11	13.4579	
1793	1	18.34	18.34	14.0244	
1794	1	18.32	18.32	13.6376	
1795	1	18.22	18.22	13.2916	
1796	1	18.21	18.21	13.3659	
1797	1	18.22	18.22	13.2516	
1798	1	18.24	18.24	13.3224	
1799	1	18.21	18.21	13.5059	
1800	1	18.24	18.24	13.7024	
1801	1	18.31	18.31	13.4539	
1802	1	18.23	18.23	13.6571	
1803	1	18.24	18.24	13.4224	
1804	1	18.27	18.27	13.4371	
1805	1	18.26	18.26	13.3724	
1806	1	18.27	18.27	13.3771	
1807	1	18.31	18.31	13.4739	
1808	1	18.29	18.29	13.3659	
1809	1	18.27	18.27	13.3371	
1810	1	18.33	18.33	13.8811	
1811	1	18.24	18.24	13.5624	
1812	1	18.39	18.39	13.5979	
1813	1	18.36	18.36	13.6104	
1814	1	18.37	18.37	13.7131	
1815	1	18.27	18.27	13.6971	
1816	1	18.28	18.28	13.7016	
1817	1	18.39	18.39	13.4179	
1818	1	18.33	18.33	13.4011	
1819	1	18.38	18.38	13.3156	
1820	1	18.38	18.38	13.3156	
1821	1	18.41	18.41	13.3219	
1822	1	18.41	18.41	13.3219	
1823	1	18.53	18.53	14.1691	
1824	1	18.61	18.61	15.1979	
1825	1	18.5	18.5	14.23	
1826	1	18.3	18.3	14.39	
1827	1	18.41	18.41	13.6819	
1828	1	18.43	18.43	13.5851	
1829	1	18.48	18.48	13.8096	
1830	1	18.48	18.48	13.9496	
1831	1	18.49	18.49	13.8899	
1832	1	18.48	18.48	13.9496	
1833	1	18.49	18.49	13.8099	
1834	1	18.57	18.57	13.7451	
1835	1	18.53	18.53	14.0691	
1836	1	18.6	18.6	13.92	
1837	1	18.59	18.59	13.9219	
1838	1	18.61	18.61	14.0179	
1839	1	18.67	18.67	14.1211	
1840	1	18.62	18.62	13.8356	
1841	1	18.62	18.62	14.1156	
1842	1	18.64	18.64	13.9304	
1843	1	18.64	18.64	14.0504	
1844	1	18.72	18.72	14.7616	
1845	1	18.57	18.57	14.5051	
1846	1	18.64	18.64	14.1104	
1847	1	18.67	18.67	14.0611	
1848	1	18.72	18.72	14.0616	
1849	1	18.81	18.81	14.5539	
1850	1	18.76	18.76	14.2224	
1851	1	18.72	18.72	14.2216	
1852	1	18.71	18.71	14.3859	
1853	1	18.77	18.77	13.9771	
1854	1	18.74	18.74	13.9324	
1855	1	18.78	18.78	13.8916	
1856	1	18.78	18.78	13.9316	
1857	1	18.83	18.83	14.3411	
1858	1	18.81	18.81	14.1339	
1859	1	18.76	18.76	14.1624	
1860	1	18.83	18.83	14.0011	
1861	1	18.77	18.77	14.2171	
1862	1	18.88	18.88	14.2656	
1863	1	18.8	18.8	14.08	
1864	1	18.89	18.89	14.2979	
1865	1	18.78	18.78	14.6316	
1866	1	18.93	18.93	14.6651	
1867	1	18.88	18.88	14.1656	
1868	1	18.84	18.84	14.9144	
1869	1	18.87	18.87	14.0531	
1870	1	18.95	18.95	14.8675	
1871	1	18.88	18.88	14.0656	
1872	1	18.78	18.78	14.8116	
1873	1	18.89	18.89	13.9179	
1874	1	18.87	18.87	14.4531	
1875	1	18.99	18.99	13.9299	
1876	1	18.96	18.96	14.0984	
1877	1	19.14	19.14	15.1604	
1878	1	19.1	19.1	14.41	
1879	1	19.11	19.11	14.4979	
1880	1	19.03	19.03	14.7691	
1881	1	19.07	19.07	14.2651	
1882	1	19.07	19.07	14.5851	
1883	1	19.04	19.04	14.4384	
1884	1	19.08	19.08	15.1936	
1885	1	19.03	19.03	15.0691	
1886	1	19.22	19.22	15.1516	
1887	1	19.22	19.22	15.0516	
1888	1	19.25	19.25	15.2475	
1889	1	19.17	19.17	15.4411	
1890	1	19.27	19.27	15.3971	
1891	1	19.17	19.17	15.4411	
1892	1	19.19	19.19	14.7139	
1893	1	19.25	19.25	15.7475	
1894	1	19.37	19.37	16.1331	
1895	1	19.26	19.26	15.8524	
1896	1	19.23	19.23	14.7171	
1897	1	19.2	19.2	14.82	
1898	1	19.27	19.27	15.0171	
1899	1	19.17	19.17	15.1611	
1900	1	19.24	19.24	15.0424	
1901	1	19.2	19.2	15.48	
1902	1	19.38	19.38	15.8556	
1903	1	19.31	19.31	15.0139	
1904	1	19.36	19.36	15.1504	
1905	1	19.38	19.38	15.1556	
1906	1	19.31	19.31	15.1139	
1907	1	19.36	19.36	15.1304	
1908	1	19.39	19.39	15.2179	
1909	1	19.4	19.4	15.28	
1910	1	19.4	19.4	15.2	
1911	1	19.36	19.36	15.1504	
1912	1	19.29	19.29	15.6859	
1913	1	19.35	19.35	15.7675	
1914	1	19.42	19.42	15.8236	
1915	1	19.29	19.29	15.9459	
1916	1	19.35	19.35	15.4275	
1917	1	19.44	19.44	15.4064	
1918	1	19.36	19.36	15.4304	
1919	1	19.35	19.35	15.5075	
1920	1	19.37	19.37	15.3731	
1921	1	19.38	19.38	15.7156	
1922	1	19.41	19.41	15.4419	
1923	1	19.58	19.58	16.2436	
1924	1	19.53	19.53	15.2691	
1925	1	19.38	19.38	15.6756	
1926	1	19.6	19.6	15.62	
1927	1	19.6	19.6	15.38	
1928	1	19.45	19.45	15.2075	
1929	1	19.45	19.45	15.4875	
1930	1	19.45	19.45	15.5475	
1931	1	19.5	19.5	15.41	
1932	1	19.53	19.53	14.8891	
1933	1	19.52	19.52	15.0696	
1934	1	19.6	19.6	14.86	
1935	1	19.71	19.71	15.7859	
1936	1	19.63	19.63	14.7531	
1937	1	19.6	19.6	14.94	
1938	1	19.55	19.55	15.6675	
1939	1	19.69	19.69	14.9739	
1940	1	19.63	19.63	15.1331	
1941	1	19.66	19.66	15.3044	
1942	1	19.58	19.58	15.5636	
1943	1	19.67	19.67	15.0811	
1944	1	19.77	19.77	15.2171	
1945	1	19.72	19.72	14.9416	
1946	1	19.79	19.79	15.1659	
1947	1	19.76	19.76	15.0624	
1948	1	19.75	19.75	15.0875	
1949	1	19.78	19.78	15.1916	
1950	1	19.83	19.83	15.7411	
1951	1	19.91	19.91	16.1819	
1952	1	19.69	19.69	16.3539	
1953	1	19.71	19.71	16.3059	
1954	1	19.82	19.82	16.0276	
1955	1	19.75	19.75	15.9275	
1956	1	19.82	19.82	15.6076	
1957	1	19.88	19.88	15.8456	
1958	1	19.88	19.88	16.0056	
1959	1	19.88	19.88	15.6656	
1960	1	19.94	19.94	15.7964	
1961	1	19.93	19.93	15.6251	
1962	1	19.87	19.87	15.7131	
1963	1	19.96	19.96	15.8784	
1964	1	19.86	19.86	15.6604	
1965	1	20.04	20.04	16.4184	
1966	1	19.86	19.86	15.8404	
1967	1	19.86	19.86	15.9804	
1968	1	19.94	19.94	15.3564	
1969	1	19.96	19.96	15.4984	
1970	1	20.08	20.08	16.4536	
1971	1	20.03	20.03	15.5491	
1972	1	20.04	20.04	15.6184	
1973	1	20.01	20.01	15.5299	
1974	1	20.12	20.12	15.7056	
1975	1	20.16	20.16	15.7744	
1976	1	20.08	20.08	15.3736	
1977	1	20.16	20.16	15.9344	
1978	1	20.1	20.1	16.25	
1979	1	20.07	20.07	15.4451	
1980	1	20.07	20.07	15.3851	
1981	1	20.07	20.07	15.4451	
1982	1	20.16	20.16	16.4144	
1983	1	20.21	20.21	16.2859	
1984	1	20	20	16.44	
1985	1	20.12	20.12	15.9656	
1986	1	20.07	20.07	16.2251	
1987	1	20.19	20.19	16.0339	
1988	1	20.2	20.2	15.78	
1989	1	20.25	20.25	16.0275	
1990	1	20.1	20.1	16.29	
1991	1	20.27	20.27	15.6571	
1992	1	20.24	20.24	15.7824	
1993	1	20.21	20.21	16.2059	
1994	1	20.24	20.24	16.0024	
1995	1	20.29	20.29	16.0859	
1996	1	20.29	20.29	16.0859	
1997	1	20.45	20.45	16.9675	
1998	1	20.41	20.41	16.8019	
1999	1	20.35	20.35	16.2875	
2000	1	20.32	20.32	16.2176	
