# mu = 0.1, s = -1, trials requested = 1, runtime = 0:00:00
# "Time"	"Actual trials"	"Mean mutation"	"Average mean mutation"	"Average mutation variance"
0	1	0	0	0	
1	1	0.02	0.02	0.0196	
2	1	0.03	0.03	0.0291	
3	1	0.04	0.04	0.0384	
4	1	0.05	0.05	0.0475	
5	1	0.06	0.06	0.0564	
6	1	0.06	0.06	0.0564	
7	1	0.05	0.05	0.0475	
8	1	0.06	0.06	0.0564	
9	1	0.06	0.06	0.0564	
10	1	0.06	0.06	0.0564	
11	1	0.05	0.05	0.0475	
12	1	0.07	0.07	0.0651	
13	1	0.06	0.06	0.0564	
14	1	0.08	0.08	0.0736	
15	1	0.08	0.08	0.0736	
16	1	0.08	0.08	0.0736	
17	1	0.08	0.08	0.0736	
18	1	0.07	0.07	0.0651	
19	1	0.06	0.06	0.0564	
20	1	0.08	0.08	0.0736	
21	1	0.07	0.07	0.0651	
22	1	0.08	0.08	0.0736	
23	1	0.1	0.1	0.09	
24	1	0.11	0.11	0.0979	
25	1	0.13	0.13	0.1131	
26	1	0.11	0.11	0.0979	
27	1	0.13	0.13	0.1131	
28	1	0.14	0.14	0.1204	
29	1	0.14	0.14	0.1204	
30	1	0.12	0.12	0.1056	
31	1	0.11	0.11	0.0979	
32	1	0.09	0.09	0.0819	
33	1	0.08	0.08	0.0736	
34	1	0.09	0.09	0.0819	
35	1	0.09	0.09	0.0819	
36	1	0.08	0.08	0.0736	
37	1	0.08	0.08	0.0736	
38	1	0.09	0.09	0.0819	
39	1	0.1	0.1	0.09	
40	1	0.09	0.09	0.0819	
41	1	0.09	0.09	0.0819	
42	1	0.08	0.08	0.0736	
43	1	0.09	0.09	0.0819	
44	1	0.08	0.08	0.0736	
45	1	0.08	0.08	0.0736	
46	1	0.08	0.08	0.0736	
47	1	0.09	0.09	0.0819	
48	1	0.07	0.07	0.0651	
49	1	0.08	0.08	0.0736	
50	1	0.08	0.08	0.0736	
51	1	0.07	0.07	0.0651	
52	1	0.1	0.1	0.09	
53	1	0.1	0.1	0.09	
54	1	0.1	0.1	0.09	
55	1	0.09	0.09	0.0819	
56	1	0.07	0.07	0.0651	
57	1	0.08	0.08	0.0736	
58	1	0.07	0.07	0.0651	
59	1	0.08	0.08	0.0736	
60	1	0.08	0.08	0.0736	
61	1	0.1	0.1	0.09	
62	1	0.11	0.11	0.0979	
63	1	0.11	0.11	0.0979	
64	1	0.13	0.13	0.1131	
65	1	0.13	0.13	0.1131	
66	1	0.12	0.12	0.1056	
67	1	0.13	0.13	0.1131	
68	1	0.13	0.13	0.1131	
69	1	0.14	0.14	0.1204	
70	1	0.14	0.14	0.1204	
71	1	0.14	0.14	0.1204	
72	1	0.13	0.13	0.1131	
73	1	0.14	0.14	0.1204	
74	1	0.15	0.15	0.1275	
75	1	0.13	0.13	0.1131	
76	1	0.12	0.12	0.1056	
77	1	0.1	0.1	0.09	
78	1	0.09	0.09	0.0819	
79	1	0.08	0.08	0.0736	
80	1	0.08	0.08	0.0736	
81	1	0.09	0.09	0.0819	
82	1	0.09	0.09	0.0819	
83	1	0.1	0.1	0.09	
84	1	0.09	0.09	0.0819	
85	1	0.1	0.1	0.09	
86	1	0.11	0.11	0.0979	
87	1	0.11	0.11	0.0979	
88	1	0.13	0.13	0.1131	
89	1	0.14	0.14	0.1204	
90	1	0.11	0.11	0.0979	
91	1	0.11	0.11	0.0979	
92	1	0.11	0.11	0.0979	
93	1	0.12	0.12	0.1056	
94	1	0.12	0.12	0.1056	
95	1	0.12	0.12	0.1056	
96	1	0.13	0.13	0.1131	
97	1	0.13	0.13	0.1131	
98	1	0.12	0.12	0.1056	
99	1	0.12	0.12	0.1056	
100	1	0.12	0.12	0.1056	
101	1	0.14	0.14	0.1204	
102	1	0.14	0.14	0.1204	
103	1	0.12	0.12	0.1056	
104	1	0.14	0.14	0.1204	
105	1	0.13	0.13	0.1131	
106	1	0.14	0.14	0.1204	
107	1	0.13	0.13	0.1131	
108	1	0.12	0.12	0.1056	
109	1	0.12	0.12	0.1056	
110	1	0.08	0.08	0.0736	
111	1	0.1	0.1	0.09	
112	1	0.09	0.09	0.0819	
113	1	0.1	0.1	0.09	
114	1	0.11	0.11	0.0979	
115	1	0.1	0.1	0.09	
116	1	0.1	0.1	0.09	
117	1	0.1	0.1	0.09	
118	1	0.11	0.11	0.0979	
119	1	0.1	0.1	0.09	
120	1	0.1	0.1	0.09	
121	1	0.1	0.1	0.09	
122	1	0.08	0.08	0.0736	
123	1	0.06	0.06	0.0564	
124	1	0.05	0.05	0.0475	
125	1	0.06	0.06	0.0564	
126	1	0.09	0.09	0.0819	
127	1	0.09	0.09	0.0819	
128	1	0.09	0.09	0.0819	
129	1	0.1	0.1	0.09	
130	1	0.09	0.09	0.0819	
131	1	0.12	0.12	0.1056	
132	1	0.12	0.12	0.1056	
133	1	0.12	0.12	0.1056	
134	1	0.11	0.11	0.0979	
135	1	0.1	0.1	0.09	
136	1	0.08	0.08	0.0736	
137	1	0.07	0.07	0.0651	
138	1	0.06	0.06	0.0564	
139	1	0.07	0.07	0.0651	
140	1	0.09	0.09	0.0819	
141	1	0.06	0.06	0.0564	
142	1	0.07	0.07	0.0651	
143	1	0.07	0.07	0.0651	
144	1	0.07	0.07	0.0651	
145	1	0.1	0.1	0.09	
146	1	0.08	0.08	0.0736	
147	1	0.06	0.06	0.0564	
148	1	0.08	0.08	0.0736	
149	1	0.1	0.1	0.09	
150	1	0.1	0.1	0.09	
151	1	0.12	0.12	0.1056	
152	1	0.13	0.13	0.1131	
153	1	0.11	0.11	0.0979	
154	1	0.12	0.12	0.1056	
155	1	0.12	0.12	0.1056	
156	1	0.12	0.12	0.1056	
157	1	0.12	0.12	0.1056	
158	1	0.15	0.15	0.1275	
159	1	0.15	0.15	0.1275	
160	1	0.13	0.13	0.1131	
161	1	0.13	0.13	0.1131	
162	1	0.13	0.13	0.1131	
163	1	0.14	0.14	0.1204	
164	1	0.16	0.16	0.1344	
165	1	0.17	0.17	0.1411	
166	1	0.17	0.17	0.1411	
167	1	0.15	0.15	0.1275	
168	1	0.15	0.15	0.1275	
169	1	0.15	0.15	0.1275	
170	1	0.15	0.15	0.1275	
171	1	0.14	0.14	0.1204	
172	1	0.13	0.13	0.1131	
173	1	0.12	0.12	0.1056	
174	1	0.12	0.12	0.1056	
175	1	0.13	0.13	0.1131	
176	1	0.12	0.12	0.1056	
177	1	0.13	0.13	0.1131	
178	1	0.13	0.13	0.1131	
179	1	0.11	0.11	0.0979	
180	1	0.13	0.13	0.1131	
181	1	0.12	0.12	0.1056	
182	1	0.12	0.12	0.1056	
183	1	0.12	0.12	0.1056	
184	1	0.13	0.13	0.1131	
185	1	0.13	0.13	0.1131	
186	1	0.14	0.14	0.1204	
187	1	0.14	0.14	0.1204	
188	1	0.14	0.14	0.1204	
189	1	0.14	0.14	0.1204	
190	1	0.12	0.12	0.1056	
191	1	0.11	0.11	0.0979	
192	1	0.12	0.12	0.1056	
193	1	0.12	0.12	0.1056	
194	1	0.09	0.09	0.0819	
195	1	0.09	0.09	0.0819	
196	1	0.08	0.08	0.0736	
197	1	0.07	0.07	0.0651	
198	1	0.06	0.06	0.0564	
199	1	0.06	0.06	0.0564	
200	1	0.05	0.05	0.0475	
201	1	0.05	0.05	0.0475	
202	1	0.06	0.06	0.0564	
203	1	0.08	0.08	0.0736	
204	1	0.08	0.08	0.0736	
205	1	0.08	0.08	0.0736	
206	1	0.09	0.09	0.0819	
207	1	0.09	0.09	0.0819	
208	1	0.09	0.09	0.0819	
209	1	0.1	0.1	0.09	
210	1	0.07	0.07	0.0651	
211	1	0.05	0.05	0.0475	
212	1	0.07	0.07	0.0651	
213	1	0.08	0.08	0.0736	
214	1	0.08	0.08	0.0736	
215	1	0.1	0.1	0.09	
216	1	0.09	0.09	0.0819	
217	1	0.11	0.11	0.0979	
218	1	0.12	0.12	0.1056	
219	1	0.1	0.1	0.09	
220	1	0.11	0.11	0.0979	
221	1	0.12	0.12	0.1056	
222	1	0.11	0.11	0.0979	
223	1	0.13	0.13	0.1131	
224	1	0.14	0.14	0.1204	
225	1	0.16	0.16	0.1344	
226	1	0.15	0.15	0.1275	
227	1	0.13	0.13	0.1131	
228	1	0.13	0.13	0.1131	
229	1	0.12	0.12	0.1056	
230	1	0.1	0.1	0.09	
231	1	0.1	0.1	0.09	
232	1	0.09	0.09	0.0819	
233	1	0.1	0.1	0.09	
234	1	0.11	0.11	0.0979	
235	1	0.11	0.11	0.0979	
236	1	0.11	0.11	0.0979	
237	1	0.11	0.11	0.0979	
238	1	0.11	0.11	0.0979	
239	1	0.11	0.11	0.0979	
240	1	0.08	0.08	0.0736	
241	1	0.08	0.08	0.0736	
242	1	0.1	0.1	0.09	
243	1	0.12	0.12	0.1056	
244	1	0.12	0.12	0.1056	
245	1	0.13	0.13	0.1131	
246	1	0.12	0.12	0.1056	
247	1	0.13	0.13	0.1131	
248	1	0.12	0.12	0.1056	
249	1	0.11	0.11	0.0979	
250	1	0.1	0.1	0.09	
251	1	0.12	0.12	0.1056	
252	1	0.12	0.12	0.1056	
253	1	0.14	0.14	0.1204	
254	1	0.15	0.15	0.1275	
255	1	0.15	0.15	0.1275	
256	1	0.15	0.15	0.1275	
257	1	0.13	0.13	0.1131	
258	1	0.12	0.12	0.1056	
259	1	0.1	0.1	0.09	
260	1	0.12	0.12	0.1056	
261	1	0.11	0.11	0.0979	
262	1	0.12	0.12	0.1056	
263	1	0.12	0.12	0.1056	
264	1	0.11	0.11	0.0979	
265	1	0.11	0.11	0.0979	
266	1	0.1	0.1	0.09	
267	1	0.1	0.1	0.09	
268	1	0.09	0.09	0.0819	
269	1	0.09	0.09	0.0819	
270	1	0.08	0.08	0.0736	
271	1	0.12	0.12	0.1056	
272	1	0.12	0.12	0.1056	
273	1	0.12	0.12	0.1056	
274	1	0.12	0.12	0.1056	
275	1	0.1	0.1	0.09	
276	1	0.11	0.11	0.0979	
277	1	0.13	0.13	0.1131	
278	1	0.13	0.13	0.1131	
279	1	0.13	0.13	0.1131	
280	1	0.11	0.11	0.0979	
281	1	0.11	0.11	0.0979	
282	1	0.12	0.12	0.1056	
283	1	0.12	0.12	0.1056	
284	1	0.12	0.12	0.1056	
285	1	0.11	0.11	0.0979	
286	1	0.11	0.11	0.0979	
287	1	0.08	0.08	0.0736	
288	1	0.09	0.09	0.0819	
289	1	0.1	0.1	0.09	
290	1	0.1	0.1	0.09	
291	1	0.1	0.1	0.09	
292	1	0.1	0.1	0.09	
293	1	0.11	0.11	0.0979	
294	1	0.1	0.1	0.09	
295	1	0.12	0.12	0.1056	
296	1	0.11	0.11	0.0979	
297	1	0.1	0.1	0.09	
298	1	0.11	0.11	0.0979	
299	1	0.1	0.1	0.09	
300	1	0.11	0.11	0.0979	
301	1	0.11	0.11	0.0979	
302	1	0.11	0.11	0.0979	
303	1	0.11	0.11	0.0979	
304	1	0.09	0.09	0.0819	
305	1	0.08	0.08	0.0736	
306	1	0.08	0.08	0.0736	
307	1	0.08	0.08	0.0736	
308	1	0.06	0.06	0.0564	
309	1	0.1	0.1	0.09	
310	1	0.08	0.08	0.0736	
311	1	0.08	0.08	0.0736	
312	1	0.08	0.08	0.0736	
313	1	0.08	0.08	0.0736	
314	1	0.06	0.06	0.0564	
315	1	0.07	0.07	0.0651	
316	1	0.08	0.08	0.0736	
317	1	0.1	0.1	0.09	
318	1	0.12	0.12	0.1056	
319	1	0.11	0.11	0.0979	
320	1	0.14	0.14	0.1204	
321	1	0.12	0.12	0.1056	
322	1	0.1	0.1	0.09	
323	1	0.1	0.1	0.09	
324	1	0.1	0.1	0.09	
325	1	0.09	0.09	0.0819	
326	1	0.08	0.08	0.0736	
327	1	0.08	0.08	0.0736	
328	1	0.08	0.08	0.0736	
329	1	0.09	0.09	0.0819	
330	1	0.09	0.09	0.0819	
331	1	0.11	0.11	0.0979	
332	1	0.12	0.12	0.1056	
333	1	0.13	0.13	0.1131	
334	1	0.13	0.13	0.1131	
335	1	0.12	0.12	0.1056	
336	1	0.12	0.12	0.1056	
337	1	0.11	0.11	0.0979	
338	1	0.1	0.1	0.09	
339	1	0.11	0.11	0.0979	
340	1	0.09	0.09	0.0819	
341	1	0.09	0.09	0.0819	
342	1	0.08	0.08	0.0736	
343	1	0.07	0.07	0.0651	
344	1	0.08	0.08	0.0736	
345	1	0.09	0.09	0.0819	
346	1	0.08	0.08	0.0736	
347	1	0.1	0.1	0.09	
348	1	0.1	0.1	0.09	
349	1	0.11	0.11	0.0979	
350	1	0.12	0.12	0.1056	
351	1	0.09	0.09	0.0819	
352	1	0.11	0.11	0.0979	
353	1	0.11	0.11	0.0979	
354	1	0.09	0.09	0.0819	
355	1	0.1	0.1	0.09	
356	1	0.1	0.1	0.09	
357	1	0.11	0.11	0.0979	
358	1	0.08	0.08	0.0736	
359	1	0.1	0.1	0.09	
360	1	0.11	0.11	0.0979	
361	1	0.09	0.09	0.0819	
362	1	0.07	0.07	0.0651	
363	1	0.07	0.07	0.0651	
364	1	0.08	0.08	0.0736	
365	1	0.08	0.08	0.0736	
366	1	0.1	0.1	0.09	
367	1	0.1	0.1	0.09	
368	1	0.1	0.1	0.09	
369	1	0.08	0.08	0.0736	
370	1	0.09	0.09	0.0819	
371	1	0.08	0.08	0.0736	
372	1	0.08	0.08	0.0736	
373	1	0.06	0.06	0.0564	
374	1	0.07	0.07	0.0651	
375	1	0.09	0.09	0.0819	
376	1	0.12	0.12	0.1056	
377	1	0.13	0.13	0.1131	
378	1	0.13	0.13	0.1131	
379	1	0.11	0.11	0.0979	
380	1	0.1	0.1	0.09	
381	1	0.12	0.12	0.1056	
382	1	0.1	0.1	0.09	
383	1	0.08	0.08	0.0736	
384	1	0.07	0.07	0.0651	
385	1	0.06	0.06	0.0564	
386	1	0.06	0.06	0.0564	
387	1	0.04	0.04	0.0384	
388	1	0.04	0.04	0.0384	
389	1	0.05	0.05	0.0475	
390	1	0.04	0.04	0.0384	
391	1	0.05	0.05	0.0475	
392	1	0.06	0.06	0.0564	
393	1	0.06	0.06	0.0564	
394	1	0.08	0.08	0.0736	
395	1	0.08	0.08	0.0736	
396	1	0.08	0.08	0.0736	
397	1	0.11	0.11	0.0979	
398	1	0.13	0.13	0.1131	
399	1	0.14	0.14	0.1204	
400	1	0.14	0.14	0.1204	
401	1	0.14	0.14	0.1204	
402	1	0.13	0.13	0.1131	
403	1	0.12	0.12	0.1056	
404	1	0.12	0.12	0.1056	
405	1	0.14	0.14	0.1204	
406	1	0.13	0.13	0.1131	
407	1	0.16	0.16	0.1344	
408	1	0.18	0.18	0.1476	
409	1	0.17	0.17	0.1411	
410	1	0.18	0.18	0.1476	
411	1	0.19	0.19	0.1539	
412	1	0.18	0.18	0.1476	
413	1	0.19	0.19	0.1539	
414	1	0.18	0.18	0.1476	
415	1	0.17	0.17	0.1411	
416	1	0.15	0.15	0.1275	
417	1	0.16	0.16	0.1344	
418	1	0.16	0.16	0.1344	
419	1	0.18	0.18	0.1476	
420	1	0.2	0.2	0.16	
421	1	0.18	0.18	0.1476	
422	1	0.18	0.18	0.1476	
423	1	0.18	0.18	0.1476	
424	1	0.15	0.15	0.1275	
425	1	0.14	0.14	0.1204	
426	1	0.14	0.14	0.1204	
427	1	0.14	0.14	0.1204	
428	1	0.14	0.14	0.1204	
429	1	0.14	0.14	0.1204	
430	1	0.14	0.14	0.1204	
431	1	0.13	0.13	0.1131	
432	1	0.12	0.12	0.1056	
433	1	0.11	0.11	0.0979	
434	1	0.13	0.13	0.1131	
435	1	0.14	0.14	0.1204	
436	1	0.17	0.17	0.1411	
437	1	0.17	0.17	0.1411	
438	1	0.17	0.17	0.1411	
439	1	0.15	0.15	0.1275	
440	1	0.16	0.16	0.1344	
441	1	0.17	0.17	0.1411	
442	1	0.18	0.18	0.1476	
443	1	0.17	0.17	0.1411	
444	1	0.18	0.18	0.1476	
445	1	0.16	0.16	0.1344	
446	1	0.16	0.16	0.1344	
447	1	0.15	0.15	0.1275	
448	1	0.14	0.14	0.1204	
449	1	0.14	0.14	0.1204	
450	1	0.13	0.13	0.1131	
451	1	0.14	0.14	0.1204	
452	1	0.14	0.14	0.1204	
453	1	0.12	0.12	0.1056	
454	1	0.09	0.09	0.0819	
455	1	0.08	0.08	0.0736	
456	1	0.09	0.09	0.0819	
457	1	0.1	0.1	0.09	
458	1	0.08	0.08	0.0736	
459	1	0.08	0.08	0.0736	
460	1	0.08	0.08	0.0736	
461	1	0.09	0.09	0.0819	
462	1	0.1	0.1	0.09	
463	1	0.08	0.08	0.0736	
464	1	0.1	0.1	0.09	
465	1	0.09	0.09	0.0819	
466	1	0.11	0.11	0.0979	
467	1	0.11	0.11	0.0979	
468	1	0.11	0.11	0.0979	
469	1	0.08	0.08	0.0736	
470	1	0.06	0.06	0.0564	
471	1	0.06	0.06	0.0564	
472	1	0.06	0.06	0.0564	
473	1	0.06	0.06	0.0564	
474	1	0.05	0.05	0.0475	
475	1	0.06	0.06	0.0564	
476	1	0.08	0.08	0.0736	
477	1	0.08	0.08	0.0736	
478	1	0.09	0.09	0.0819	
479	1	0.08	0.08	0.0736	
480	1	0.07	0.07	0.0651	
481	1	0.07	0.07	0.0651	
482	1	0.06	0.06	0.0564	
483	1	0.06	0.06	0.0564	
484	1	0.05	0.05	0.0475	
485	1	0.06	0.06	0.0564	
486	1	0.06	0.06	0.0564	
487	1	0.07	0.07	0.0651	
488	1	0.09	0.09	0.0819	
489	1	0.11	0.11	0.0979	
490	1	0.1	0.1	0.09	
491	1	0.09	0.09	0.0819	
492	1	0.09	0.09	0.0819	
493	1	0.07	0.07	0.0651	
494	1	0.08	0.08	0.0736	
495	1	0.07	0.07	0.0651	
496	1	0.07	0.07	0.0651	
497	1	0.06	0.06	0.0564	
498	1	0.07	0.07	0.0651	
499	1	0.07	0.07	0.0651	
500	1	0.06	0.06	0.0564	
501	1	0.1	0.1	0.09	
502	1	0.09	0.09	0.0819	
503	1	0.08	0.08	0.0736	
504	1	0.1	0.1	0.09	
505	1	0.09	0.09	0.0819	
506	1	0.1	0.1	0.09	
507	1	0.09	0.09	0.0819	
508	1	0.09	0.09	0.0819	
509	1	0.1	0.1	0.09	
510	1	0.1	0.1	0.09	
511	1	0.1	0.1	0.09	
512	1	0.09	0.09	0.0819	
513	1	0.09	0.09	0.0819	
514	1	0.09	0.09	0.0819	
515	1	0.11	0.11	0.0979	
516	1	0.1	0.1	0.09	
517	1	0.11	0.11	0.0979	
518	1	0.12	0.12	0.1056	
519	1	0.12	0.12	0.1056	
520	1	0.13	0.13	0.1131	
521	1	0.13	0.13	0.1131	
522	1	0.12	0.12	0.1056	
523	1	0.14	0.14	0.1204	
524	1	0.14	0.14	0.1204	
525	1	0.15	0.15	0.1275	
526	1	0.15	0.15	0.1275	
527	1	0.13	0.13	0.1131	
528	1	0.12	0.12	0.1056	
529	1	0.1	0.1	0.09	
530	1	0.12	0.12	0.1056	
531	1	0.12	0.12	0.1056	
532	1	0.13	0.13	0.1131	
533	1	0.13	0.13	0.1131	
534	1	0.12	0.12	0.1056	
535	1	0.13	0.13	0.1131	
536	1	0.14	0.14	0.1204	
537	1	0.14	0.14	0.1204	
538	1	0.14	0.14	0.1204	
539	1	0.15	0.15	0.1275	
540	1	0.16	0.16	0.1344	
541	1	0.17	0.17	0.1411	
542	1	0.15	0.15	0.1275	
543	1	0.14	0.14	0.1204	
544	1	0.16	0.16	0.1344	
545	1	0.14	0.14	0.1204	
546	1	0.16	0.16	0.1344	
547	1	0.14	0.14	0.1204	
548	1	0.17	0.17	0.1411	
549	1	0.18	0.18	0.1476	
550	1	0.18	0.18	0.1476	
551	1	0.17	0.17	0.1411	
552	1	0.18	0.18	0.1476	
553	1	0.16	0.16	0.1344	
554	1	0.16	0.16	0.1344	
555	1	0.14	0.14	0.1204	
556	1	0.14	0.14	0.1204	
557	1	0.13	0.13	0.1131	
558	1	0.12	0.12	0.1056	
559	1	0.11	0.11	0.0979	
560	1	0.11	0.11	0.0979	
561	1	0.1	0.1	0.09	
562	1	0.08	0.08	0.0736	
563	1	0.09	0.09	0.0819	
564	1	0.09	0.09	0.0819	
565	1	0.1	0.1	0.09	
566	1	0.09	0.09	0.0819	
567	1	0.09	0.09	0.0819	
568	1	0.09	0.09	0.0819	
569	1	0.06	0.06	0.0564	
570	1	0.08	0.08	0.0736	
571	1	0.08	0.08	0.0736	
572	1	0.08	0.08	0.0736	
573	1	0.1	0.1	0.09	
574	1	0.1	0.1	0.09	
575	1	0.1	0.1	0.09	
576	1	0.1	0.1	0.09	
577	1	0.09	0.09	0.0819	
578	1	0.08	0.08	0.0736	
579	1	0.09	0.09	0.0819	
580	1	0.09	0.09	0.0819	
581	1	0.1	0.1	0.09	
582	1	0.1	0.1	0.09	
583	1	0.12	0.12	0.1056	
584	1	0.1	0.1	0.09	
585	1	0.11	0.11	0.0979	
586	1	0.12	0.12	0.1056	
587	1	0.1	0.1	0.09	
588	1	0.08	0.08	0.0736	
589	1	0.05	0.05	0.0475	
590	1	0.06	0.06	0.0564	
591	1	0.05	0.05	0.0475	
592	1	0.05	0.05	0.0475	
593	1	0.05	0.05	0.0475	
594	1	0.05	0.05	0.0475	
595	1	0.03	0.03	0.0291	
596	1	0.04	0.04	0.0384	
597	1	0.06	0.06	0.0564	
598	1	0.07	0.07	0.0651	
599	1	0.07	0.07	0.0651	
600	1	0.08	0.08	0.0736	
601	1	0.07	0.07	0.0651	
602	1	0.09	0.09	0.0819	
603	1	0.08	0.08	0.0736	
604	1	0.09	0.09	0.0819	
605	1	0.11	0.11	0.0979	
606	1	0.13	0.13	0.1131	
607	1	0.15	0.15	0.1275	
608	1	0.14	0.14	0.1204	
609	1	0.14	0.14	0.1204	
610	1	0.14	0.14	0.1204	
611	1	0.15	0.15	0.1275	
612	1	0.14	0.14	0.1204	
613	1	0.11	0.11	0.0979	
614	1	0.13	0.13	0.1131	
615	1	0.1	0.1	0.09	
616	1	0.11	0.11	0.0979	
617	1	0.11	0.11	0.0979	
618	1	0.1	0.1	0.09	
619	1	0.1	0.1	0.09	
620	1	0.09	0.09	0.0819	
621	1	0.1	0.1	0.09	
622	1	0.12	0.12	0.1056	
623	1	0.11	0.11	0.0979	
624	1	0.1	0.1	0.09	
625	1	0.09	0.09	0.0819	
626	1	0.08	0.08	0.0736	
627	1	0.09	0.09	0.0819	
628	1	0.1	0.1	0.09	
629	1	0.08	0.08	0.0736	
630	1	0.1	0.1	0.09	
631	1	0.12	0.12	0.1056	
632	1	0.13	0.13	0.1131	
633	1	0.12	0.12	0.1056	
634	1	0.1	0.1	0.09	
635	1	0.12	0.12	0.1056	
636	1	0.12	0.12	0.1056	
637	1	0.12	0.12	0.1056	
638	1	0.11	0.11	0.0979	
639	1	0.11	0.11	0.0979	
640	1	0.12	0.12	0.1056	
641	1	0.11	0.11	0.0979	
642	1	0.11	0.11	0.0979	
643	1	0.13	0.13	0.1131	
644	1	0.13	0.13	0.1131	
645	1	0.13	0.13	0.1131	
646	1	0.13	0.13	0.1131	
647	1	0.13	0.13	0.1131	
648	1	0.16	0.16	0.1344	
649	1	0.15	0.15	0.1275	
650	1	0.15	0.15	0.1275	
651	1	0.15	0.15	0.1275	
652	1	0.16	0.16	0.1344	
653	1	0.17	0.17	0.1411	
654	1	0.17	0.17	0.1411	
655	1	0.18	0.18	0.1476	
656	1	0.18	0.18	0.1476	
657	1	0.16	0.16	0.1344	
658	1	0.16	0.16	0.1344	
659	1	0.16	0.16	0.1344	
660	1	0.14	0.14	0.1204	
661	1	0.13	0.13	0.1131	
662	1	0.16	0.16	0.1344	
663	1	0.15	0.15	0.1275	
664	1	0.15	0.15	0.1275	
665	1	0.14	0.14	0.1204	
666	1	0.17	0.17	0.1411	
667	1	0.18	0.18	0.1476	
668	1	0.17	0.17	0.1411	
669	1	0.15	0.15	0.1275	
670	1	0.17	0.17	0.1411	
671	1	0.15	0.15	0.1275	
672	1	0.13	0.13	0.1131	
673	1	0.13	0.13	0.1131	
674	1	0.11	0.11	0.0979	
675	1	0.1	0.1	0.09	
676	1	0.11	0.11	0.0979	
677	1	0.1	0.1	0.09	
678	1	0.08	0.08	0.0736	
679	1	0.09	0.09	0.0819	
680	1	0.08	0.08	0.0736	
681	1	0.08	0.08	0.0736	
682	1	0.09	0.09	0.0819	
683	1	0.1	0.1	0.09	
684	1	0.1	0.1	0.09	
685	1	0.12	0.12	0.1056	
686	1	0.14	0.14	0.1204	
687	1	0.14	0.14	0.1204	
688	1	0.16	0.16	0.1344	
689	1	0.16	0.16	0.1344	
690	1	0.17	0.17	0.1411	
691	1	0.17	0.17	0.1411	
692	1	0.14	0.14	0.1204	
693	1	0.12	0.12	0.1056	
694	1	0.13	0.13	0.1131	
695	1	0.14	0.14	0.1204	
696	1	0.15	0.15	0.1275	
697	1	0.16	0.16	0.1344	
698	1	0.15	0.15	0.1275	
699	1	0.16	0.16	0.1344	
700	1	0.17	0.17	0.1411	
701	1	0.15	0.15	0.1275	
702	1	0.15	0.15	0.1275	
703	1	0.13	0.13	0.1131	
704	1	0.13	0.13	0.1131	
705	1	0.12	0.12	0.1056	
706	1	0.11	0.11	0.0979	
707	1	0.1	0.1	0.09	
708	1	0.11	0.11	0.0979	
709	1	0.1	0.1	0.09	
710	1	0.09	0.09	0.0819	
711	1	0.1	0.1	0.09	
712	1	0.11	0.11	0.0979	
713	1	0.12	0.12	0.1056	
714	1	0.11	0.11	0.0979	
715	1	0.12	0.12	0.1056	
716	1	0.11	0.11	0.0979	
717	1	0.1	0.1	0.09	
718	1	0.09	0.09	0.0819	
719	1	0.08	0.08	0.0736	
720	1	0.08	0.08	0.0736	
721	1	0.07	0.07	0.0651	
722	1	0.09	0.09	0.0819	
723	1	0.09	0.09	0.0819	
724	1	0.08	0.08	0.0736	
725	1	0.1	0.1	0.09	
726	1	0.09	0.09	0.0819	
727	1	0.07	0.07	0.0651	
728	1	0.07	0.07	0.0651	
729	1	0.07	0.07	0.0651	
730	1	0.08	0.08	0.0736	
731	1	0.08	0.08	0.0736	
732	1	0.07	0.07	0.0651	
733	1	0.08	0.08	0.0736	
734	1	0.08	0.08	0.0736	
735	1	0.09	0.09	0.0819	
736	1	0.1	0.1	0.09	
737	1	0.09	0.09	0.0819	
738	1	0.08	0.08	0.0736	
739	1	0.1	0.1	0.09	
740	1	0.1	0.1	0.09	
741	1	0.1	0.1	0.09	
742	1	0.08	0.08	0.0736	
743	1	0.08	0.08	0.0736	
744	1	0.05	0.05	0.0475	
745	1	0.07	0.07	0.0651	
746	1	0.06	0.06	0.0564	
747	1	0.06	0.06	0.0564	
748	1	0.07	0.07	0.0651	
749	1	0.05	0.05	0.0475	
750	1	0.05	0.05	0.0475	
751	1	0.07	0.07	0.0651	
752	1	0.06	0.06	0.0564	
753	1	0.07	0.07	0.0651	
754	1	0.07	0.07	0.0651	
755	1	0.06	0.06	0.0564	
756	1	0.08	0.08	0.0736	
757	1	0.07	0.07	0.0651	
758	1	0.09	0.09	0.0819	
759	1	0.09	0.09	0.0819	
760	1	0.09	0.09	0.0819	
761	1	0.1	0.1	0.09	
762	1	0.09	0.09	0.0819	
763	1	0.08	0.08	0.0736	
764	1	0.07	0.07	0.0651	
765	1	0.07	0.07	0.0651	
766	1	0.08	0.08	0.0736	
767	1	0.07	0.07	0.0651	
768	1	0.08	0.08	0.0736	
769	1	0.08	0.08	0.0736	
770	1	0.07	0.07	0.0651	
771	1	0.06	0.06	0.0564	
772	1	0.05	0.05	0.0475	
773	1	0.08	0.08	0.0736	
774	1	0.08	0.08	0.0736	
775	1	0.07	0.07	0.0651	
776	1	0.06	0.06	0.0564	
777	1	0.05	0.05	0.0475	
778	1	0.05	0.05	0.0475	
779	1	0.06	0.06	0.0564	
780	1	0.07	0.07	0.0651	
781	1	0.07	0.07	0.0651	
782	1	0.09	0.09	0.0819	
783	1	0.09	0.09	0.0819	
784	1	0.09	0.09	0.0819	
785	1	0.1	0.1	0.09	
786	1	0.09	0.09	0.0819	
787	1	0.09	0.09	0.0819	
788	1	0.08	0.08	0.0736	
789	1	0.08	0.08	0.0736	
790	1	0.09	0.09	0.0819	
791	1	0.08	0.08	0.0736	
792	1	0.07	0.07	0.0651	
793	1	0.08	0.08	0.0736	
794	1	0.07	0.07	0.0651	
795	1	0.07	0.07	0.0651	
796	1	0.1	0.1	0.09	
797	1	0.1	0.1	0.09	
798	1	0.09	0.09	0.0819	
799	1	0.1	0.1	0.09	
800	1	0.1	0.1	0.09	
801	1	0.1	0.1	0.09	
802	1	0.09	0.09	0.0819	
803	1	0.07	0.07	0.0651	
804	1	0.08	0.08	0.0736	
805	1	0.07	0.07	0.0651	
806	1	0.09	0.09	0.0819	
807	1	0.12	0.12	0.1056	
808	1	0.1	0.1	0.09	
809	1	0.1	0.1	0.09	
810	1	0.09	0.09	0.0819	
811	1	0.09	0.09	0.0819	
812	1	0.1	0.1	0.09	
813	1	0.11	0.11	0.0979	
814	1	0.11	0.11	0.0979	
815	1	0.14	0.14	0.1204	
816	1	0.13	0.13	0.1131	
817	1	0.14	0.14	0.1204	
818	1	0.16	0.16	0.1344	
819	1	0.15	0.15	0.1275	
820	1	0.15	0.15	0.1275	
821	1	0.17	0.17	0.1411	
822	1	0.16	0.16	0.1344	
823	1	0.16	0.16	0.1344	
824	1	0.15	0.15	0.1275	
825	1	0.14	0.14	0.1204	
826	1	0.12	0.12	0.1056	
827	1	0.11	0.11	0.0979	
828	1	0.11	0.11	0.0979	
829	1	0.11	0.11	0.0979	
830	1	0.11	0.11	0.0979	
831	1	0.12	0.12	0.1056	
832	1	0.11	0.11	0.0979	
833	1	0.07	0.07	0.0651	
834	1	0.08	0.08	0.0736	
835	1	0.07	0.07	0.0651	
836	1	0.06	0.06	0.0564	
837	1	0.05	0.05	0.0475	
838	1	0.05	0.05	0.0475	
839	1	0.04	0.04	0.0384	
840	1	0.05	0.05	0.0475	
841	1	0.05	0.05	0.0475	
842	1	0.05	0.05	0.0475	
843	1	0.04	0.04	0.0384	
844	1	0.06	0.06	0.0564	
845	1	0.07	0.07	0.0651	
846	1	0.09	0.09	0.0819	
847	1	0.07	0.07	0.0651	
848	1	0.1	0.1	0.09	
849	1	0.1	0.1	0.09	
850	1	0.11	0.11	0.0979	
851	1	0.15	0.15	0.1275	
852	1	0.15	0.15	0.1275	
853	1	0.12	0.12	0.1056	
854	1	0.12	0.12	0.1056	
855	1	0.15	0.15	0.1275	
856	1	0.16	0.16	0.1344	
857	1	0.16	0.16	0.1344	
858	1	0.16	0.16	0.1344	
859	1	0.15	0.15	0.1275	
860	1	0.13	0.13	0.1131	
861	1	0.14	0.14	0.1204	
862	1	0.16	0.16	0.1344	
863	1	0.15	0.15	0.1275	
864	1	0.16	0.16	0.1344	
865	1	0.17	0.17	0.1411	
866	1	0.17	0.17	0.1411	
867	1	0.15	0.15	0.1275	
868	1	0.15	0.15	0.1275	
869	1	0.16	0.16	0.1344	
870	1	0.16	0.16	0.1344	
871	1	0.15	0.15	0.1275	
872	1	0.16	0.16	0.1344	
873	1	0.19	0.19	0.1539	
874	1	0.18	0.18	0.1476	
875	1	0.17	0.17	0.1411	
876	1	0.14	0.14	0.1204	
877	1	0.12	0.12	0.1056	
878	1	0.13	0.13	0.1131	
879	1	0.09	0.09	0.0819	
880	1	0.08	0.08	0.0736	
881	1	0.13	0.13	0.1131	
882	1	0.12	0.12	0.1056	
883	1	0.14	0.14	0.1204	
884	1	0.16	0.16	0.1344	
885	1	0.15	0.15	0.1275	
886	1	0.16	0.16	0.1344	
887	1	0.16	0.16	0.1344	
888	1	0.16	0.16	0.1344	
889	1	0.15	0.15	0.1275	
890	1	0.14	0.14	0.1204	
891	1	0.13	0.13	0.1131	
892	1	0.14	0.14	0.1204	
893	1	0.13	0.13	0.1131	
894	1	0.13	0.13	0.1131	
895	1	0.14	0.14	0.1204	
896	1	0.12	0.12	0.1056	
897	1	0.12	0.12	0.1056	
898	1	0.11	0.11	0.0979	
899	1	0.09	0.09	0.0819	
900	1	0.09	0.09	0.0819	
901	1	0.1	0.1	0.09	
902	1	0.08	0.08	0.0736	
903	1	0.09	0.09	0.0819	
904	1	0.09	0.09	0.0819	
905	1	0.08	0.08	0.0736	
906	1	0.07	0.07	0.0651	
907	1	0.07	0.07	0.0651	
908	1	0.07	0.07	0.0651	
909	1	0.06	0.06	0.0564	
910	1	0.07	0.07	0.0651	
911	1	0.07	0.07	0.0651	
912	1	0.06	0.06	0.0564	
913	1	0.07	0.07	0.0651	
914	1	0.08	0.08	0.0736	
915	1	0.1	0.1	0.09	
916	1	0.11	0.11	0.0979	
917	1	0.13	0.13	0.1131	
918	1	0.12	0.12	0.1056	
919	1	0.13	0.13	0.1131	
920	1	0.11	0.11	0.0979	
921	1	0.12	0.12	0.1056	
922	1	0.11	0.11	0.0979	
923	1	0.1	0.1	0.09	
924	1	0.09	0.09	0.0819	
925	1	0.09	0.09	0.0819	
926	1	0.09	0.09	0.0819	
927	1	0.1	0.1	0.09	
928	1	0.08	0.08	0.0736	
929	1	0.08	0.08	0.0736	
930	1	0.09	0.09	0.0819	
931	1	0.1	0.1	0.09	
932	1	0.09	0.09	0.0819	
933	1	0.1	0.1	0.09	
934	1	0.08	0.08	0.0736	
935	1	0.09	0.09	0.0819	
936	1	0.08	0.08	0.0736	
937	1	0.08	0.08	0.0736	
938	1	0.09	0.09	0.0819	
939	1	0.09	0.09	0.0819	
940	1	0.09	0.09	0.0819	
941	1	0.09	0.09	0.0819	
942	1	0.1	0.1	0.09	
943	1	0.1	0.1	0.09	
944	1	0.1	0.1	0.09	
945	1	0.12	0.12	0.1056	
946	1	0.13	0.13	0.1131	
947	1	0.14	0.14	0.1204	
948	1	0.16	0.16	0.1344	
949	1	0.15	0.15	0.1275	
950	1	0.15	0.15	0.1275	
951	1	0.15	0.15	0.1275	
952	1	0.15	0.15	0.1275	
953	1	0.17	0.17	0.1411	
954	1	0.18	0.18	0.1476	
955	1	0.17	0.17	0.1411	
956	1	0.17	0.17	0.1411	
957	1	0.17	0.17	0.1411	
958	1	0.17	0.17	0.1411	
959	1	0.18	0.18	0.1476	
960	1	0.14	0.14	0.1204	
961	1	0.11	0.11	0.0979	
962	1	0.12	0.12	0.1056	
963	1	0.12	0.12	0.1056	
964	1	0.12	0.12	0.1056	
965	1	0.11	0.11	0.0979	
966	1	0.13	0.13	0.1131	
967	1	0.14	0.14	0.1204	
968	1	0.14	0.14	0.1204	
969	1	0.13	0.13	0.1131	
970	1	0.11	0.11	0.0979	
971	1	0.14	0.14	0.1204	
972	1	0.16	0.16	0.1344	
973	1	0.18	0.18	0.1476	
974	1	0.17	0.17	0.1411	
975	1	0.16	0.16	0.1344	
976	1	0.14	0.14	0.1204	
977	1	0.15	0.15	0.1275	
978	1	0.13	0.13	0.1131	
979	1	0.11	0.11	0.0979	
980	1	0.12	0.12	0.1056	
981	1	0.13	0.13	0.1131	
982	1	0.14	0.14	0.1204	
983	1	0.14	0.14	0.1204	
984	1	0.13	0.13	0.1131	
985	1	0.13	0.13	0.1131	
986	1	0.12	0.12	0.1056	
987	1	0.12	0.12	0.1056	
988	1	0.12	0.12	0.1056	
989	1	0.13	0.13	0.1131	
990	1	0.14	0.14	0.1204	
991	1	0.14	0.14	0.1204	
992	1	0.14	0.14	0.1204	
993	1	0.14	0.14	0.1204	
994	1	0.13	0.13	0.1131	
995	1	0.11	0.11	0.0979	
996	1	0.09	0.09	0.0819	
997	1	0.11	0.11	0.0979	
998	1	0.12	0.12	0.1056	
999	1	0.11	0.11	0.0979	
1000	1	0.1	0.1	0.09	
1001	1	0.09	0.09	0.0819	
1002	1	0.1	0.1	0.09	
1003	1	0.1	0.1	0.09	
1004	1	0.11	0.11	0.0979	
1005	1	0.13	0.13	0.1131	
1006	1	0.1	0.1	0.09	
1007	1	0.11	0.11	0.0979	
1008	1	0.1	0.1	0.09	
1009	1	0.09	0.09	0.0819	
1010	1	0.08	0.08	0.0736	
1011	1	0.09	0.09	0.0819	
1012	1	0.07	0.07	0.0651	
1013	1	0.09	0.09	0.0819	
1014	1	0.08	0.08	0.0736	
1015	1	0.07	0.07	0.0651	
1016	1	0.08	0.08	0.0736	
1017	1	0.08	0.08	0.0736	
1018	1	0.08	0.08	0.0736	
1019	1	0.09	0.09	0.0819	
1020	1	0.09	0.09	0.0819	
1021	1	0.09	0.09	0.0819	
1022	1	0.08	0.08	0.0736	
1023	1	0.07	0.07	0.0651	
1024	1	0.08	0.08	0.0736	
1025	1	0.09	0.09	0.0819	
1026	1	0.08	0.08	0.0736	
1027	1	0.07	0.07	0.0651	
1028	1	0.07	0.07	0.0651	
1029	1	0.07	0.07	0.0651	
1030	1	0.06	0.06	0.0564	
1031	1	0.06	0.06	0.0564	
1032	1	0.05	0.05	0.0475	
1033	1	0.05	0.05	0.0475	
1034	1	0.06	0.06	0.0564	
1035	1	0.06	0.06	0.0564	
1036	1	0.06	0.06	0.0564	
1037	1	0.08	0.08	0.0736	
1038	1	0.09	0.09	0.0819	
1039	1	0.1	0.1	0.09	
1040	1	0.12	0.12	0.1056	
1041	1	0.1	0.1	0.09	
1042	1	0.1	0.1	0.09	
1043	1	0.1	0.1	0.09	
1044	1	0.12	0.12	0.1056	
1045	1	0.15	0.15	0.1275	
1046	1	0.15	0.15	0.1275	
1047	1	0.15	0.15	0.1275	
1048	1	0.15	0.15	0.1275	
1049	1	0.15	0.15	0.1275	
1050	1	0.15	0.15	0.1275	
1051	1	0.16	0.16	0.1344	
1052	1	0.14	0.14	0.1204	
1053	1	0.12	0.12	0.1056	
1054	1	0.13	0.13	0.1131	
1055	1	0.12	0.12	0.1056	
1056	1	0.09	0.09	0.0819	
1057	1	0.09	0.09	0.0819	
1058	1	0.08	0.08	0.0736	
1059	1	0.08	0.08	0.0736	
1060	1	0.09	0.09	0.0819	
1061	1	0.1	0.1	0.09	
1062	1	0.07	0.07	0.0651	
1063	1	0.08	0.08	0.0736	
1064	1	0.11	0.11	0.0979	
1065	1	0.11	0.11	0.0979	
1066	1	0.12	0.12	0.1056	
1067	1	0.11	0.11	0.0979	
1068	1	0.1	0.1	0.09	
1069	1	0.1	0.1	0.09	
1070	1	0.11	0.11	0.0979	
1071	1	0.12	0.12	0.1056	
1072	1	0.12	0.12	0.1056	
1073	1	0.12	0.12	0.1056	
1074	1	0.12	0.12	0.1056	
1075	1	0.12	0.12	0.1056	
1076	1	0.14	0.14	0.1204	
1077	1	0.14	0.14	0.1204	
1078	1	0.14	0.14	0.1204	
1079	1	0.13	0.13	0.1131	
1080	1	0.12	0.12	0.1056	
1081	1	0.1	0.1	0.09	
1082	1	0.1	0.1	0.09	
1083	1	0.1	0.1	0.09	
1084	1	0.1	0.1	0.09	
1085	1	0.08	0.08	0.0736	
1086	1	0.08	0.08	0.0736	
1087	1	0.08	0.08	0.0736	
1088	1	0.09	0.09	0.0819	
1089	1	0.08	0.08	0.0736	
1090	1	0.09	0.09	0.0819	
1091	1	0.09	0.09	0.0819	
1092	1	0.08	0.08	0.0736	
1093	1	0.11	0.11	0.0979	
1094	1	0.11	0.11	0.0979	
1095	1	0.12	0.12	0.1056	
1096	1	0.13	0.13	0.1131	
1097	1	0.12	0.12	0.1056	
1098	1	0.11	0.11	0.0979	
1099	1	0.11	0.11	0.0979	
1100	1	0.11	0.11	0.0979	
1101	1	0.11	0.11	0.0979	
1102	1	0.13	0.13	0.1131	
1103	1	0.12	0.12	0.1056	
1104	1	0.11	0.11	0.0979	
1105	1	0.12	0.12	0.1056	
1106	1	0.12	0.12	0.1056	
1107	1	0.14	0.14	0.1204	
1108	1	0.13	0.13	0.1131	
1109	1	0.15	0.15	0.1275	
1110	1	0.13	0.13	0.1131	
1111	1	0.11	0.11	0.0979	
1112	1	0.11	0.11	0.0979	
1113	1	0.11	0.11	0.0979	
1114	1	0.12	0.12	0.1056	
1115	1	0.13	0.13	0.1131	
1116	1	0.12	0.12	0.1056	
1117	1	0.12	0.12	0.1056	
1118	1	0.15	0.15	0.1275	
1119	1	0.14	0.14	0.1204	
1120	1	0.15	0.15	0.1275	
1121	1	0.15	0.15	0.1275	
1122	1	0.13	0.13	0.1131	
1123	1	0.14	0.14	0.1204	
1124	1	0.13	0.13	0.1131	
1125	1	0.13	0.13	0.1131	
1126	1	0.11	0.11	0.0979	
1127	1	0.12	0.12	0.1056	
1128	1	0.12	0.12	0.1056	
1129	1	0.11	0.11	0.0979	
1130	1	0.1	0.1	0.09	
1131	1	0.09	0.09	0.0819	
1132	1	0.11	0.11	0.0979	
1133	1	0.1	0.1	0.09	
1134	1	0.1	0.1	0.09	
1135	1	0.09	0.09	0.0819	
1136	1	0.1	0.1	0.09	
1137	1	0.13	0.13	0.1131	
1138	1	0.12	0.12	0.1056	
1139	1	0.14	0.14	0.1204	
1140	1	0.13	0.13	0.1131	
1141	1	0.12	0.12	0.1056	
1142	1	0.11	0.11	0.0979	
1143	1	0.12	0.12	0.1056	
1144	1	0.11	0.11	0.0979	
1145	1	0.12	0.12	0.1056	
1146	1	0.11	0.11	0.0979	
1147	1	0.11	0.11	0.0979	
1148	1	0.09	0.09	0.0819	
1149	1	0.1	0.1	0.09	
1150	1	0.12	0.12	0.1056	
1151	1	0.11	0.11	0.0979	
1152	1	0.09	0.09	0.0819	
1153	1	0.1	0.1	0.09	
1154	1	0.09	0.09	0.0819	
1155	1	0.09	0.09	0.0819	
1156	1	0.1	0.1	0.09	
1157	1	0.1	0.1	0.09	
1158	1	0.11	0.11	0.0979	
1159	1	0.11	0.11	0.0979	
1160	1	0.12	0.12	0.1056	
1161	1	0.11	0.11	0.0979	
1162	1	0.1	0.1	0.09	
1163	1	0.08	0.08	0.0736	
1164	1	0.08	0.08	0.0736	
1165	1	0.09	0.09	0.0819	
1166	1	0.1	0.1	0.09	
1167	1	0.1	0.1	0.09	
1168	1	0.09	0.09	0.0819	
1169	1	0.09	0.09	0.0819	
1170	1	0.1	0.1	0.09	
1171	1	0.1	0.1	0.09	
1172	1	0.11	0.11	0.0979	
1173	1	0.1	0.1	0.09	
1174	1	0.1	0.1	0.09	
1175	1	0.1	0.1	0.09	
1176	1	0.08	0.08	0.0736	
1177	1	0.09	0.09	0.0819	
1178	1	0.08	0.08	0.0736	
1179	1	0.06	0.06	0.0564	
1180	1	0.06	0.06	0.0564	
1181	1	0.05	0.05	0.0475	
1182	1	0.04	0.04	0.0384	
1183	1	0.06	0.06	0.0564	
1184	1	0.08	0.08	0.0736	
1185	1	0.06	0.06	0.0564	
1186	1	0.05	0.05	0.0475	
1187	1	0.03	0.03	0.0291	
1188	1	0.04	0.04	0.0384	
1189	1	0.06	0.06	0.0564	
1190	1	0.07	0.07	0.0651	
1191	1	0.1	0.1	0.09	
1192	1	0.12	0.12	0.1056	
1193	1	0.13	0.13	0.1131	
1194	1	0.13	0.13	0.1131	
1195	1	0.13	0.13	0.1131	
1196	1	0.13	0.13	0.1131	
1197	1	0.12	0.12	0.1056	
1198	1	0.13	0.13	0.1131	
1199	1	0.11	0.11	0.0979	
1200	1	0.11	0.11	0.0979	
1201	1	0.11	0.11	0.0979	
1202	1	0.13	0.13	0.1131	
1203	1	0.14	0.14	0.1204	
1204	1	0.12	0.12	0.1056	
1205	1	0.11	0.11	0.0979	
1206	1	0.11	0.11	0.0979	
1207	1	0.1	0.1	0.09	
1208	1	0.1	0.1	0.09	
1209	1	0.11	0.11	0.0979	
1210	1	0.11	0.11	0.0979	
1211	1	0.1	0.1	0.09	
1212	1	0.11	0.11	0.0979	
1213	1	0.09	0.09	0.0819	
1214	1	0.1	0.1	0.09	
1215	1	0.09	0.09	0.0819	
1216	1	0.09	0.09	0.0819	
1217	1	0.09	0.09	0.0819	
1218	1	0.09	0.09	0.0819	
1219	1	0.09	0.09	0.0819	
1220	1	0.09	0.09	0.0819	
1221	1	0.08	0.08	0.0736	
1222	1	0.08	0.08	0.0736	
1223	1	0.09	0.09	0.0819	
1224	1	0.09	0.09	0.0819	
1225	1	0.08	0.08	0.0736	
1226	1	0.08	0.08	0.0736	
1227	1	0.08	0.08	0.0736	
1228	1	0.07	0.07	0.0651	
1229	1	0.06	0.06	0.0564	
1230	1	0.09	0.09	0.0819	
1231	1	0.09	0.09	0.0819	
1232	1	0.09	0.09	0.0819	
1233	1	0.09	0.09	0.0819	
1234	1	0.09	0.09	0.0819	
1235	1	0.12	0.12	0.1056	
1236	1	0.11	0.11	0.0979	
1237	1	0.11	0.11	0.0979	
1238	1	0.1	0.1	0.09	
1239	1	0.1	0.1	0.09	
1240	1	0.09	0.09	0.0819	
1241	1	0.1	0.1	0.09	
1242	1	0.08	0.08	0.0736	
1243	1	0.08	0.08	0.0736	
1244	1	0.09	0.09	0.0819	
1245	1	0.1	0.1	0.09	
1246	1	0.11	0.11	0.0979	
1247	1	0.11	0.11	0.0979	
1248	1	0.11	0.11	0.0979	
1249	1	0.14	0.14	0.1204	
1250	1	0.14	0.14	0.1204	
1251	1	0.13	0.13	0.1131	
1252	1	0.13	0.13	0.1131	
1253	1	0.13	0.13	0.1131	
1254	1	0.12	0.12	0.1056	
1255	1	0.11	0.11	0.0979	
1256	1	0.1	0.1	0.09	
1257	1	0.09	0.09	0.0819	
1258	1	0.1	0.1	0.09	
1259	1	0.07	0.07	0.0651	
1260	1	0.09	0.09	0.0819	
1261	1	0.09	0.09	0.0819	
1262	1	0.08	0.08	0.0736	
1263	1	0.1	0.1	0.09	
1264	1	0.11	0.11	0.0979	
1265	1	0.09	0.09	0.0819	
1266	1	0.1	0.1	0.09	
1267	1	0.11	0.11	0.0979	
1268	1	0.12	0.12	0.1056	
1269	1	0.12	0.12	0.1056	
1270	1	0.12	0.12	0.1056	
1271	1	0.12	0.12	0.1056	
1272	1	0.12	0.12	0.1056	
1273	1	0.13	0.13	0.1131	
1274	1	0.1	0.1	0.09	
1275	1	0.1	0.1	0.09	
1276	1	0.1	0.1	0.09	
1277	1	0.09	0.09	0.0819	
1278	1	0.09	0.09	0.0819	
1279	1	0.09	0.09	0.0819	
1280	1	0.08	0.08	0.0736	
1281	1	0.08	0.08	0.0736	
1282	1	0.06	0.06	0.0564	
1283	1	0.08	0.08	0.0736	
1284	1	0.09	0.09	0.0819	
1285	1	0.09	0.09	0.0819	
1286	1	0.13	0.13	0.1131	
1287	1	0.14	0.14	0.1204	
1288	1	0.14	0.14	0.1204	
1289	1	0.12	0.12	0.1056	
1290	1	0.11	0.11	0.0979	
1291	1	0.09	0.09	0.0819	
1292	1	0.1	0.1	0.09	
1293	1	0.1	0.1	0.09	
1294	1	0.1	0.1	0.09	
1295	1	0.09	0.09	0.0819	
1296	1	0.08	0.08	0.0736	
1297	1	0.08	0.08	0.0736	
1298	1	0.08	0.08	0.0736	
1299	1	0.09	0.09	0.0819	
1300	1	0.1	0.1	0.09	
1301	1	0.11	0.11	0.0979	
1302	1	0.1	0.1	0.09	
1303	1	0.12	0.12	0.1056	
1304	1	0.13	0.13	0.1131	
1305	1	0.12	0.12	0.1056	
1306	1	0.11	0.11	0.0979	
1307	1	0.12	0.12	0.1056	
1308	1	0.13	0.13	0.1131	
1309	1	0.15	0.15	0.1275	
1310	1	0.16	0.16	0.1344	
1311	1	0.14	0.14	0.1204	
1312	1	0.13	0.13	0.1131	
1313	1	0.12	0.12	0.1056	
1314	1	0.13	0.13	0.1131	
1315	1	0.12	0.12	0.1056	
1316	1	0.12	0.12	0.1056	
1317	1	0.13	0.13	0.1131	
1318	1	0.13	0.13	0.1131	
1319	1	0.13	0.13	0.1131	
1320	1	0.14	0.14	0.1204	
1321	1	0.16	0.16	0.1344	
1322	1	0.16	0.16	0.1344	
1323	1	0.17	0.17	0.1411	
1324	1	0.18	0.18	0.1476	
1325	1	0.17	0.17	0.1411	
1326	1	0.15	0.15	0.1275	
1327	1	0.13	0.13	0.1131	
1328	1	0.14	0.14	0.1204	
1329	1	0.15	0.15	0.1275	
1330	1	0.15	0.15	0.1275	
1331	1	0.14	0.14	0.1204	
1332	1	0.15	0.15	0.1275	
1333	1	0.13	0.13	0.1131	
1334	1	0.15	0.15	0.1275	
1335	1	0.13	0.13	0.1131	
1336	1	0.17	0.17	0.1411	
1337	1	0.15	0.15	0.1275	
1338	1	0.14	0.14	0.1204	
1339	1	0.15	0.15	0.1275	
1340	1	0.14	0.14	0.1204	
1341	1	0.11	0.11	0.0979	
1342	1	0.1	0.1	0.09	
1343	1	0.1	0.1	0.09	
1344	1	0.11	0.11	0.0979	
1345	1	0.13	0.13	0.1131	
1346	1	0.14	0.14	0.1204	
1347	1	0.13	0.13	0.1131	
1348	1	0.14	0.14	0.1204	
1349	1	0.15	0.15	0.1275	
1350	1	0.13	0.13	0.1131	
1351	1	0.13	0.13	0.1131	
1352	1	0.09	0.09	0.0819	
1353	1	0.1	0.1	0.09	
1354	1	0.1	0.1	0.09	
1355	1	0.11	0.11	0.0979	
1356	1	0.12	0.12	0.1056	
1357	1	0.14	0.14	0.1204	
1358	1	0.11	0.11	0.0979	
1359	1	0.1	0.1	0.09	
1360	1	0.1	0.1	0.09	
1361	1	0.11	0.11	0.0979	
1362	1	0.11	0.11	0.0979	
1363	1	0.13	0.13	0.1131	
1364	1	0.1	0.1	0.09	
1365	1	0.11	0.11	0.0979	
1366	1	0.14	0.14	0.1204	
1367	1	0.16	0.16	0.1344	
1368	1	0.15	0.15	0.1275	
1369	1	0.16	0.16	0.1344	
1370	1	0.16	0.16	0.1344	
1371	1	0.16	0.16	0.1344	
1372	1	0.16	0.16	0.1344	
1373	1	0.14	0.14	0.1204	
1374	1	0.16	0.16	0.1344	
1375	1	0.16	0.16	0.1344	
1376	1	0.17	0.17	0.1411	
1377	1	0.15	0.15	0.1275	
1378	1	0.12	0.12	0.1056	
1379	1	0.13	0.13	0.1131	
1380	1	0.12	0.12	0.1056	
1381	1	0.11	0.11	0.0979	
1382	1	0.11	0.11	0.0979	
1383	1	0.11	0.11	0.0979	
1384	1	0.1	0.1	0.09	
1385	1	0.08	0.08	0.0736	
1386	1	0.08	0.08	0.0736	
1387	1	0.09	0.09	0.0819	
1388	1	0.1	0.1	0.09	
1389	1	0.1	0.1	0.09	
1390	1	0.11	0.11	0.0979	
1391	1	0.09	0.09	0.0819	
1392	1	0.07	0.07	0.0651	
1393	1	0.07	0.07	0.0651	
1394	1	0.06	0.06	0.0564	
1395	1	0.06	0.06	0.0564	
1396	1	0.05	0.05	0.0475	
1397	1	0.05	0.05	0.0475	
1398	1	0.06	0.06	0.0564	
1399	1	0.06	0.06	0.0564	
1400	1	0.07	0.07	0.0651	
1401	1	0.07	0.07	0.0651	
1402	1	0.09	0.09	0.0819	
1403	1	0.09	0.09	0.0819	
1404	1	0.09	0.09	0.0819	
1405	1	0.09	0.09	0.0819	
1406	1	0.11	0.11	0.0979	
1407	1	0.1	0.1	0.09	
1408	1	0.08	0.08	0.0736	
1409	1	0.08	0.08	0.0736	
1410	1	0.09	0.09	0.0819	
1411	1	0.09	0.09	0.0819	
1412	1	0.09	0.09	0.0819	
1413	1	0.08	0.08	0.0736	
1414	1	0.06	0.06	0.0564	
1415	1	0.08	0.08	0.0736	
1416	1	0.09	0.09	0.0819	
1417	1	0.09	0.09	0.0819	
1418	1	0.1	0.1	0.09	
1419	1	0.1	0.1	0.09	
1420	1	0.12	0.12	0.1056	
1421	1	0.11	0.11	0.0979	
1422	1	0.11	0.11	0.0979	
1423	1	0.12	0.12	0.1056	
1424	1	0.13	0.13	0.1131	
1425	1	0.14	0.14	0.1204	
1426	1	0.15	0.15	0.1275	
1427	1	0.13	0.13	0.1131	
1428	1	0.13	0.13	0.1131	
1429	1	0.13	0.13	0.1131	
1430	1	0.13	0.13	0.1131	
1431	1	0.13	0.13	0.1131	
1432	1	0.12	0.12	0.1056	
1433	1	0.11	0.11	0.0979	
1434	1	0.11	0.11	0.0979	
1435	1	0.1	0.1	0.09	
1436	1	0.09	0.09	0.0819	
1437	1	0.09	0.09	0.0819	
1438	1	0.09	0.09	0.0819	
1439	1	0.06	0.06	0.0564	
1440	1	0.08	0.08	0.0736	
1441	1	0.08	0.08	0.0736	
1442	1	0.09	0.09	0.0819	
1443	1	0.11	0.11	0.0979	
1444	1	0.12	0.12	0.1056	
1445	1	0.13	0.13	0.1131	
1446	1	0.13	0.13	0.1131	
1447	1	0.1	0.1	0.09	
1448	1	0.11	0.11	0.0979	
1449	1	0.13	0.13	0.1131	
1450	1	0.1	0.1	0.09	
1451	1	0.12	0.12	0.1056	
1452	1	0.11	0.11	0.0979	
1453	1	0.12	0.12	0.1056	
1454	1	0.12	0.12	0.1056	
1455	1	0.12	0.12	0.1056	
1456	1	0.12	0.12	0.1056	
1457	1	0.13	0.13	0.1131	
1458	1	0.15	0.15	0.1275	
1459	1	0.16	0.16	0.1344	
1460	1	0.14	0.14	0.1204	
1461	1	0.12	0.12	0.1056	
1462	1	0.12	0.12	0.1056	
1463	1	0.14	0.14	0.1204	
1464	1	0.11	0.11	0.0979	
1465	1	0.09	0.09	0.0819	
1466	1	0.09	0.09	0.0819	
1467	1	0.09	0.09	0.0819	
1468	1	0.09	0.09	0.0819	
1469	1	0.09	0.09	0.0819	
1470	1	0.12	0.12	0.1056	
1471	1	0.13	0.13	0.1131	
1472	1	0.14	0.14	0.1204	
1473	1	0.13	0.13	0.1131	
1474	1	0.15	0.15	0.1275	
1475	1	0.12	0.12	0.1056	
1476	1	0.12	0.12	0.1056	
1477	1	0.11	0.11	0.0979	
1478	1	0.11	0.11	0.0979	
1479	1	0.13	0.13	0.1131	
1480	1	0.12	0.12	0.1056	
1481	1	0.13	0.13	0.1131	
1482	1	0.11	0.11	0.0979	
1483	1	0.11	0.11	0.0979	
1484	1	0.12	0.12	0.1056	
1485	1	0.11	0.11	0.0979	
1486	1	0.1	0.1	0.09	
1487	1	0.1	0.1	0.09	
1488	1	0.09	0.09	0.0819	
1489	1	0.08	0.08	0.0736	
1490	1	0.08	0.08	0.0736	
1491	1	0.09	0.09	0.0819	
1492	1	0.08	0.08	0.0736	
1493	1	0.07	0.07	0.0651	
1494	1	0.06	0.06	0.0564	
1495	1	0.06	0.06	0.0564	
1496	1	0.05	0.05	0.0475	
1497	1	0.04	0.04	0.0384	
1498	1	0.06	0.06	0.0564	
1499	1	0.07	0.07	0.0651	
1500	1	0.08	0.08	0.0736	
1501	1	0.07	0.07	0.0651	
1502	1	0.07	0.07	0.0651	
1503	1	0.06	0.06	0.0564	
1504	1	0.07	0.07	0.0651	
1505	1	0.08	0.08	0.0736	
1506	1	0.09	0.09	0.0819	
1507	1	0.1	0.1	0.09	
1508	1	0.11	0.11	0.0979	
1509	1	0.11	0.11	0.0979	
1510	1	0.1	0.1	0.09	
1511	1	0.08	0.08	0.0736	
1512	1	0.09	0.09	0.0819	
1513	1	0.11	0.11	0.0979	
1514	1	0.1	0.1	0.09	
1515	1	0.1	0.1	0.09	
1516	1	0.09	0.09	0.0819	
1517	1	0.09	0.09	0.0819	
1518	1	0.11	0.11	0.0979	
1519	1	0.12	0.12	0.1056	
1520	1	0.12	0.12	0.1056	
1521	1	0.12	0.12	0.1056	
1522	1	0.11	0.11	0.0979	
1523	1	0.12	0.12	0.1056	
1524	1	0.12	0.12	0.1056	
1525	1	0.13	0.13	0.1131	
1526	1	0.13	0.13	0.1131	
1527	1	0.13	0.13	0.1131	
1528	1	0.11	0.11	0.0979	
1529	1	0.08	0.08	0.0736	
1530	1	0.07	0.07	0.0651	
1531	1	0.08	0.08	0.0736	
1532	1	0.13	0.13	0.1131	
1533	1	0.14	0.14	0.1204	
1534	1	0.12	0.12	0.1056	
1535	1	0.12	0.12	0.1056	
1536	1	0.09	0.09	0.0819	
1537	1	0.09	0.09	0.0819	
1538	1	0.08	0.08	0.0736	
1539	1	0.08	0.08	0.0736	
1540	1	0.08	0.08	0.0736	
1541	1	0.07	0.07	0.0651	
1542	1	0.06	0.06	0.0564	
1543	1	0.06	0.06	0.0564	
1544	1	0.05	0.05	0.0475	
1545	1	0.05	0.05	0.0475	
1546	1	0.06	0.06	0.0564	
1547	1	0.08	0.08	0.0736	
1548	1	0.07	0.07	0.0651	
1549	1	0.09	0.09	0.0819	
1550	1	0.1	0.1	0.09	
1551	1	0.1	0.1	0.09	
1552	1	0.1	0.1	0.09	
1553	1	0.1	0.1	0.09	
1554	1	0.1	0.1	0.09	
1555	1	0.06	0.06	0.0564	
1556	1	0.08	0.08	0.0736	
1557	1	0.09	0.09	0.0819	
1558	1	0.09	0.09	0.0819	
1559	1	0.12	0.12	0.1056	
1560	1	0.1	0.1	0.09	
1561	1	0.13	0.13	0.1131	
1562	1	0.13	0.13	0.1131	
1563	1	0.12	0.12	0.1056	
1564	1	0.13	0.13	0.1131	
1565	1	0.12	0.12	0.1056	
1566	1	0.13	0.13	0.1131	
1567	1	0.14	0.14	0.1204	
1568	1	0.12	0.12	0.1056	
1569	1	0.13	0.13	0.1131	
1570	1	0.12	0.12	0.1056	
1571	1	0.13	0.13	0.1131	
1572	1	0.13	0.13	0.1131	
1573	1	0.13	0.13	0.1131	
1574	1	0.13	0.13	0.1131	
1575	1	0.13	0.13	0.1131	
1576	1	0.13	0.13	0.1131	
1577	1	0.13	0.13	0.1131	
1578	1	0.1	0.1	0.09	
1579	1	0.08	0.08	0.0736	
1580	1	0.08	0.08	0.0736	
1581	1	0.08	0.08	0.0736	
1582	1	0.06	0.06	0.0564	
1583	1	0.06	0.06	0.0564	
1584	1	0.06	0.06	0.0564	
1585	1	0.09	0.09	0.0819	
1586	1	0.09	0.09	0.0819	
1587	1	0.09	0.09	0.0819	
1588	1	0.09	0.09	0.0819	
1589	1	0.09	0.09	0.0819	
1590	1	0.1	0.1	0.09	
1591	1	0.1	0.1	0.09	
1592	1	0.1	0.1	0.09	
1593	1	0.12	0.12	0.1056	
1594	1	0.12	0.12	0.1056	
1595	1	0.11	0.11	0.0979	
1596	1	0.11	0.11	0.0979	
1597	1	0.11	0.11	0.0979	
1598	1	0.1	0.1	0.09	
1599	1	0.12	0.12	0.1056	
1600	1	0.1	0.1	0.09	
1601	1	0.09	0.09	0.0819	
1602	1	0.06	0.06	0.0564	
1603	1	0.06	0.06	0.0564	
1604	1	0.07	0.07	0.0651	
1605	1	0.07	0.07	0.0651	
1606	1	0.09	0.09	0.0819	
1607	1	0.09	0.09	0.0819	
1608	1	0.08	0.08	0.0736	
1609	1	0.08	0.08	0.0736	
1610	1	0.09	0.09	0.0819	
1611	1	0.09	0.09	0.0819	
1612	1	0.09	0.09	0.0819	
1613	1	0.09	0.09	0.0819	
1614	1	0.1	0.1	0.09	
1615	1	0.09	0.09	0.0819	
1616	1	0.09	0.09	0.0819	
1617	1	0.07	0.07	0.0651	
1618	1	0.08	0.08	0.0736	
1619	1	0.08	0.08	0.0736	
1620	1	0.08	0.08	0.0736	
1621	1	0.06	0.06	0.0564	
1622	1	0.06	0.06	0.0564	
1623	1	0.07	0.07	0.0651	
1624	1	0.07	0.07	0.0651	
1625	1	0.08	0.08	0.0736	
1626	1	0.08	0.08	0.0736	
1627	1	0.08	0.08	0.0736	
1628	1	0.11	0.11	0.0979	
1629	1	0.09	0.09	0.0819	
1630	1	0.09	0.09	0.0819	
1631	1	0.1	0.1	0.09	
1632	1	0.11	0.11	0.0979	
1633	1	0.1	0.1	0.09	
1634	1	0.1	0.1	0.09	
1635	1	0.09	0.09	0.0819	
1636	1	0.09	0.09	0.0819	
1637	1	0.09	0.09	0.0819	
1638	1	0.1	0.1	0.09	
1639	1	0.1	0.1	0.09	
1640	1	0.1	0.1	0.09	
1641	1	0.1	0.1	0.09	
1642	1	0.08	0.08	0.0736	
1643	1	0.11	0.11	0.0979	
1644	1	0.13	0.13	0.1131	
1645	1	0.12	0.12	0.1056	
1646	1	0.14	0.14	0.1204	
1647	1	0.14	0.14	0.1204	
1648	1	0.14	0.14	0.1204	
1649	1	0.12	0.12	0.1056	
1650	1	0.11	0.11	0.0979	
1651	1	0.11	0.11	0.0979	
1652	1	0.11	0.11	0.0979	
1653	1	0.11	0.11	0.0979	
1654	1	0.1	0.1	0.09	
1655	1	0.09	0.09	0.0819	
1656	1	0.08	0.08	0.0736	
1657	1	0.06	0.06	0.0564	
1658	1	0.08	0.08	0.0736	
1659	1	0.09	0.09	0.0819	
1660	1	0.08	0.08	0.0736	
1661	1	0.09	0.09	0.0819	
1662	1	0.09	0.09	0.0819	
1663	1	0.05	0.05	0.0475	
1664	1	0.05	0.05	0.0475	
1665	1	0.05	0.05	0.0475	
1666	1	0.08	0.08	0.0736	
1667	1	0.09	0.09	0.0819	
1668	1	0.07	0.07	0.0651	
1669	1	0.07	0.07	0.0651	
1670	1	0.07	0.07	0.0651	
1671	1	0.07	0.07	0.0651	
1672	1	0.07	0.07	0.0651	
1673	1	0.09	0.09	0.0819	
1674	1	0.09	0.09	0.0819	
1675	1	0.09	0.09	0.0819	
1676	1	0.09	0.09	0.0819	
1677	1	0.1	0.1	0.09	
1678	1	0.1	0.1	0.09	
1679	1	0.1	0.1	0.09	
1680	1	0.12	0.12	0.1056	
1681	1	0.13	0.13	0.1131	
1682	1	0.12	0.12	0.1056	
1683	1	0.13	0.13	0.1131	
1684	1	0.14	0.14	0.1204	
1685	1	0.1	0.1	0.09	
1686	1	0.11	0.11	0.0979	
1687	1	0.1	0.1	0.09	
1688	1	0.09	0.09	0.0819	
1689	1	0.13	0.13	0.1131	
1690	1	0.13	0.13	0.1131	
1691	1	0.14	0.14	0.1204	
1692	1	0.15	0.15	0.1275	
1693	1	0.15	0.15	0.1275	
1694	1	0.14	0.14	0.1204	
1695	1	0.12	0.12	0.1056	
1696	1	0.12	0.12	0.1056	
1697	1	0.11	0.11	0.0979	
1698	1	0.09	0.09	0.0819	
1699	1	0.09	0.09	0.0819	
1700	1	0.08	0.08	0.0736	
1701	1	0.09	0.09	0.0819	
1702	1	0.11	0.11	0.0979	
1703	1	0.11	0.11	0.0979	
1704	1	0.1	0.1	0.09	
1705	1	0.1	0.1	0.09	
1706	1	0.09	0.09	0.0819	
1707	1	0.09	0.09	0.0819	
1708	1	0.09	0.09	0.0819	
1709	1	0.1	0.1	0.09	
1710	1	0.09	0.09	0.0819	
1711	1	0.08	0.08	0.0736	
1712	1	0.1	0.1	0.09	
1713	1	0.12	0.12	0.1056	
1714	1	0.12	0.12	0.1056	
1715	1	0.11	0.11	0.0979	
1716	1	0.09	0.09	0.0819	
1717	1	0.08	0.08	0.0736	
1718	1	0.08	0.08	0.0736	
1719	1	0.08	0.08	0.0736	
1720	1	0.09	0.09	0.0819	
1721	1	0.09	0.09	0.0819	
1722	1	0.09	0.09	0.0819	
1723	1	0.09	0.09	0.0819	
1724	1	0.08	0.08	0.0736	
1725	1	0.08	0.08	0.0736	
1726	1	0.08	0.08	0.0736	
1727	1	0.06	0.06	0.0564	
1728	1	0.06	0.06	0.0564	
1729	1	0.05	0.05	0.0475	
1730	1	0.06	0.06	0.0564	
1731	1	0.07	0.07	0.0651	
1732	1	0.07	0.07	0.0651	
1733	1	0.08	0.08	0.0736	
1734	1	0.08	0.08	0.0736	
1735	1	0.09	0.09	0.0819	
1736	1	0.09	0.09	0.0819	
1737	1	0.07	0.07	0.0651	
1738	1	0.07	0.07	0.0651	
1739	1	0.05	0.05	0.0475	
1740	1	0.07	0.07	0.0651	
1741	1	0.08	0.08	0.0736	
1742	1	0.09	0.09	0.0819	
1743	1	0.1	0.1	0.09	
1744	1	0.1	0.1	0.09	
1745	1	0.12	0.12	0.1056	
1746	1	0.15	0.15	0.1275	
1747	1	0.15	0.15	0.1275	
1748	1	0.13	0.13	0.1131	
1749	1	0.12	0.12	0.1056	
1750	1	0.13	0.13	0.1131	
1751	1	0.13	0.13	0.1131	
1752	1	0.11	0.11	0.0979	
1753	1	0.1	0.1	0.09	
1754	1	0.1	0.1	0.09	
1755	1	0.09	0.09	0.0819	
1756	1	0.08	0.08	0.0736	
1757	1	0.1	0.1	0.09	
1758	1	0.1	0.1	0.09	
1759	1	0.09	0.09	0.0819	
1760	1	0.07	0.07	0.0651	
1761	1	0.09	0.09	0.0819	
1762	1	0.09	0.09	0.0819	
1763	1	0.08	0.08	0.0736	
1764	1	0.08	0.08	0.0736	
1765	1	0.07	0.07	0.0651	
1766	1	0.08	0.08	0.0736	
1767	1	0.09	0.09	0.0819	
1768	1	0.08	0.08	0.0736	
1769	1	0.09	0.09	0.0819	
1770	1	0.08	0.08	0.0736	
1771	1	0.08	0.08	0.0736	
1772	1	0.09	0.09	0.0819	
1773	1	0.08	0.08	0.0736	
1774	1	0.09	0.09	0.0819	
1775	1	0.08	0.08	0.0736	
1776	1	0.09	0.09	0.0819	
1777	1	0.1	0.1	0.09	
1778	1	0.1	0.1	0.09	
1779	1	0.11	0.11	0.0979	
1780	1	0.11	0.11	0.0979	
1781	1	0.12	0.12	0.1056	
1782	1	0.12	0.12	0.1056	
1783	1	0.13	0.13	0.1131	
1784	1	0.14	0.14	0.1204	
1785	1	0.14	0.14	0.1204	
1786	1	0.13	0.13	0.1131	
1787	1	0.14	0.14	0.1204	
1788	1	0.14	0.14	0.1204	
1789	1	0.13	0.13	0.1131	
1790	1	0.12	0.12	0.1056	
1791	1	0.1	0.1	0.09	
1792	1	0.09	0.09	0.0819	
1793	1	0.11	0.11	0.0979	
1794	1	0.09	0.09	0.0819	
1795	1	0.09	0.09	0.0819	
1796	1	0.1	0.1	0.09	
1797	1	0.1	0.1	0.09	
1798	1	0.12	0.12	0.1056	
1799	1	0.12	0.12	0.1056	
1800	1	0.12	0.12	0.1056	
1801	1	0.1	0.1	0.09	
1802	1	0.1	0.1	0.09	
1803	1	0.09	0.09	0.0819	
1804	1	0.1	0.1	0.09	
1805	1	0.09	0.09	0.0819	
1806	1	0.1	0.1	0.09	
1807	1	0.09	0.09	0.0819	
1808	1	0.11	0.11	0.0979	
1809	1	0.11	0.11	0.0979	
1810	1	0.13	0.13	0.1131	
1811	1	0.13	0.13	0.1131	
1812	1	0.14	0.14	0.1204	
1813	1	0.14	0.14	0.1204	
1814	1	0.15	0.15	0.1275	
1815	1	0.14	0.14	0.1204	
1816	1	0.11	0.11	0.0979	
1817	1	0.13	0.13	0.1131	
1818	1	0.13	0.13	0.1131	
1819	1	0.12	0.12	0.1056	
1820	1	0.13	0.13	0.1131	
1821	1	0.14	0.14	0.1204	
1822	1	0.14	0.14	0.1204	
1823	1	0.14	0.14	0.1204	
1824	1	0.16	0.16	0.1344	
1825	1	0.14	0.14	0.1204	
1826	1	0.12	0.12	0.1056	
1827	1	0.11	0.11	0.0979	
1828	1	0.11	0.11	0.0979	
1829	1	0.09	0.09	0.0819	
1830	1	0.09	0.09	0.0819	
1831	1	0.1	0.1	0.09	
1832	1	0.09	0.09	0.0819	
1833	1	0.09	0.09	0.0819	
1834	1	0.09	0.09	0.0819	
1835	1	0.08	0.08	0.0736	
1836	1	0.08	0.08	0.0736	
1837	1	0.07	0.07	0.0651	
1838	1	0.11	0.11	0.0979	
1839	1	0.11	0.11	0.0979	
1840	1	0.13	0.13	0.1131	
1841	1	0.13	0.13	0.1131	
1842	1	0.12	0.12	0.1056	
1843	1	0.12	0.12	0.1056	
1844	1	0.11	0.11	0.0979	
1845	1	0.11	0.11	0.0979	
1846	1	0.12	0.12	0.1056	
1847	1	0.15	0.15	0.1275	
1848	1	0.15	0.15	0.1275	
1849	1	0.16	0.16	0.1344	
1850	1	0.17	0.17	0.1411	
1851	1	0.16	0.16	0.1344	
1852	1	0.16	0.16	0.1344	
1853	1	0.16	0.16	0.1344	
1854	1	0.17	0.17	0.1411	
1855	1	0.17	0.17	0.1411	
1856	1	0.16	0.16	0.1344	
1857	1	0.18	0.18	0.1476	
1858	1	0.18	0.18	0.1476	
1859	1	0.16	0.16	0.1344	
1860	1	0.12	0.12	0.1056	
1861	1	0.11	0.11	0.0979	
1862	1	0.1	0.1	0.09	
1863	1	0.1	0.1	0.09	
1864	1	0.08	0.08	0.0736	
1865	1	0.06	0.06	0.0564	
1866	1	0.06	0.06	0.0564	
1867	1	0.08	0.08	0.0736	
1868	1	0.09	0.09	0.0819	
1869	1	0.08	0.08	0.0736	
1870	1	0.08	0.08	0.0736	
1871	1	0.07	0.07	0.0651	
1872	1	0.07	0.07	0.0651	
1873	1	0.07	0.07	0.0651	
1874	1	0.08	0.08	0.0736	
1875	1	0.06	0.06	0.0564	
1876	1	0.05	0.05	0.0475	
1877	1	0.08	0.08	0.0736	
1878	1	0.08	0.08	0.0736	
1879	1	0.09	0.09	0.0819	
1880	1	0.09	0.09	0.0819	
1881	1	0.1	0.1	0.09	
1882	1	0.11	0.11	0.0979	
1883	1	0.11	0.11	0.0979	
1884	1	0.11	0.11	0.0979	
1885	1	0.14	0.14	0.1204	
1886	1	0.12	0.12	0.1056	
1887	1	0.12	0.12	0.1056	
1888	1	0.11	0.11	0.0979	
1889	1	0.11	0.11	0.0979	
1890	1	0.11	0.11	0.0979	
1891	1	0.11	0.11	0.0979	
1892	1	0.1	0.1	0.09	
1893	1	0.1	0.1	0.09	
1894	1	0.09	0.09	0.0819	
1895	1	0.07	0.07	0.0651	
1896	1	0.07	0.07	0.0651	
1897	1	0.07	0.07	0.0651	
1898	1	0.08	0.08	0.0736	
1899	1	0.08	0.08	0.0736	
1900	1	0.1	0.1	0.09	
1901	1	0.11	0.11	0.0979	
1902	1	0.09	0.09	0.0819	
1903	1	0.08	0.08	0.0736	
1904	1	0.08	0.08	0.0736	
1905	1	0.08	0.08	0.0736	
1906	1	0.07	0.07	0.0651	
1907	1	0.06	0.06	0.0564	
1908	1	0.08	0.08	0.0736	
1909	1	0.07	0.07	0.0651	
1910	1	0.07	0.07	0.0651	
1911	1	0.07	0.07	0.0651	
1912	1	0.06	0.06	0.0564	
1913	1	0.05	0.05	0.0475	
1914	1	0.05	0.05	0.0475	
1915	1	0.05	0.05	0.0475	
1916	1	0.06	0.06	0.0564	
1917	1	0.04	0.04	0.0384	
1918	1	0.04	0.04	0.0384	
1919	1	0.05	0.05	0.0475	
1920	1	0.06	0.06	0.0564	
1921	1	0.08	0.08	0.0736	
1922	1	0.07	0.07	0.0651	
1923	1	0.05	0.05	0.0475	
1924	1	0.07	0.07	0.0651	
1925	1	0.09	0.09	0.0819	
1926	1	0.09	0.09	0.0819	
1927	1	0.07	0.07	0.0651	
1928	1	0.06	0.06	0.0564	
1929	1	0.07	0.07	0.0651	
1930	1	0.07	0.07	0.0651	
1931	1	0.08	0.08	0.0736	
1932	1	0.09	0.09	0.0819	
1933	1	0.07	0.07	0.0651	
1934	1	0.08	0.08	0.0736	
1935	1	0.08	0.08	0.0736	
1936	1	0.1	0.1	0.09	
1937	1	0.08	0.08	0.0736	
1938	1	0.09	0.09	0.0819	
1939	1	0.09	0.09	0.0819	
1940	1	0.1	0.1	0.09	
1941	1	0.09	0.09	0.0819	
1942	1	0.1	0.1	0.09	
1943	1	0.09	0.09	0.0819	
1944	1	0.09	0.09	0.0819	
1945	1	0.09	0.09	0.0819	
1946	1	0.11	0.11	0.0979	
1947	1	0.09	0.09	0.0819	
1948	1	0.1	0.1	0.09	
1949	1	0.1	0.1	0.09	
1950	1	0.11	0.11	0.0979	
1951	1	0.12	0.12	0.1056	
1952	1	0.12	0.12	0.1056	
1953	1	0.13	0.13	0.1131	
1954	1	0.12	0.12	0.1056	
1955	1	0.12	0.12	0.1056	
1956	1	0.13	0.13	0.1131	
1957	1	0.11	0.11	0.0979	
1958	1	0.09	0.09	0.0819	
1959	1	0.09	0.09	0.0819	
1960	1	0.09	0.09	0.0819	
1961	1	0.09	0.09	0.0819	
1962	1	0.11	0.11	0.0979	
1963	1	0.12	0.12	0.1056	
1964	1	0.12	0.12	0.1056	
1965	1	0.13	0.13	0.1131	
1966	1	0.1	0.1	0.09	
1967	1	0.11	0.11	0.0979	
1968	1	0.09	0.09	0.0819	
1969	1	0.09	0.09	0.0819	
1970	1	0.09	0.09	0.0819	
1971	1	0.09	0.09	0.0819	
1972	1	0.09	0.09	0.0819	
1973	1	0.09	0.09	0.0819	
1974	1	0.07	0.07	0.0651	
1975	1	0.08	0.08	0.0736	
1976	1	0.08	0.08	0.0736	
1977	1	0.09	0.09	0.0819	
1978	1	0.1	0.1	0.09	
1979	1	0.1	0.1	0.09	
1980	1	0.09	0.09	0.0819	
1981	1	0.1	0.1	0.09	
1982	1	0.13	0.13	0.1131	
1983	1	0.16	0.16	0.1344	
1984	1	0.16	0.16	0.1344	
1985	1	0.16	0.16	0.1344	
1986	1	0.15	0.15	0.1275	
1987	1	0.16	0.16	0.1344	
1988	1	0.15	0.15	0.1275	
1989	1	0.16	0.16	0.1344	
1990	1	0.16	0.16	0.1344	
1991	1	0.16	0.16	0.1344	
1992	1	0.16	0.16	0.1344	
1993	1	0.15	0.15	0.1275	
1994	1	0.15	0.15	0.1275	
1995	1	0.14	0.14	0.1204	
1996	1	0.15	0.15	0.1275	
1997	1	0.12	0.12	0.1056	
1998	1	0.11	0.11	0.0979	
1999	1	0.09	0.09	0.0819	
2000	1	0.1	0.1	0.09	
