0	0	0	0	0	0	0	0	0	0	0	0	0	0	0	0	
0	0	0	0	0	0	0	0	0	0	0	0	0	0	0	0	
0	0	0	0	0	0	0	0	0	0	0	0	0	0	0	0	
0	0	0	0	0	0	0	0	0	0	0	0	0	0	0	0	
0	0	0	0	0	0	0	0	0	1	0	0	0	0	0	0	
0	0	1	0	0	0	0	0	0	1	1	0	0	0	0	0	
0	0	1	0	0	0	0	0	0	2	1	0	0	0	0	2	
0	0	1	0	0	0	0	0	0	2	1	0	0	0	0	1	
0	0	2	0	0	0	0	0	0	3	1	0	0	0	0	0	
1	0	2	0	0	0	0	0	0	3	1	0	0	0	0	0	
3	0	2	0	0	0	0	0	0	3	1	0	0	0	0	3	
3	0	2	0	0	0	0	0	0	3	1	0	0	0	0	1	
3	0	3	0	0	0	0	0	0	3	1	0	0	0	0	3	
0	0	3	1	0	0	0	0	0	3	1	0	0	0	0	1	
4	0	4	1	0	0	0	0	0	3	1	0	0	0	0	5	
1	1	4	1	0	0	0	0	0	4	1	0	0	0	0	4	
1	1	4	1	0	0	0	0	0	4	1	0	0	0	0	1	
1	2	4	1	0	0	0	0	0	4	1	0	0	0	0	4	
0	2	4	1	0	0	0	0	0	4	1	0	0	0	0	0	
0	2	4	1	0	0	0	0	0	4	2	0	0	0	0	0	
0	2	4	1	0	0	0	0	0	4	2	0	0	0	0	0	
2	2	4	1	0	0	0	0	0	4	2	0	0	0	0	1	
2	2	4	2	0	0	0	0	0	4	2	0	1	0	0	4	
0	3	4	2	0	0	0	0	0	4	2	0	1	0	0	0	
0	3	4	2	0	0	0	0	0	4	2	0	1	0	0	0	
4	3	4	2	0	0	0	0	0	4	2	0	1	0	0	4	
0	3	4	2	0	0	0	0	0	4	2	0	1	0	0	0	
0	3	4	2	0	0	0	0	0	4	2	0	1	0	0	0	
0	3	4	2	1	1	0	0	0	4	2	0	1	0	0	0	
0	3	4	2	1	1	0	1	0	4	2	0	1	0	0	3	
2	3	4	2	1	1	0	2	0	4	2	0	1	0	0	2	
0	3	4	2	1	1	0	2	0	4	2	0	2	0	0	2	
4	3	4	3	1	1	0	2	0	4	2	0	2	0	0	3	
1	3	4	3	1	1	0	3	0	4	2	0	2	0	0	0	
4	3	4	3	1	1	0	3	0	4	2	0	2	0	0	4	
1	3	4	3	1	1	0	3	0	4	2	1	2	0	0	0	
2	3	5	3	1	1	0	3	1	4	2	1	2	0	0	2	
3	3	5	3	1	1	0	3	2	4	2	1	2	0	0	5	
2	3	5	3	1	1	0	3	2	4	2	1	2	0	0	2	
3	3	5	3	1	2	0	3	2	4	2	1	2	0	0	1	
2	3	5	3	1	2	0	3	2	4	2	1	2	0	0	3	
1	3	5	3	1	2	0	3	3	4	2	1	2	0	0	4	
3	3	6	3	1	2	0	3	3	4	2	1	2	0	0	3	
7	3	7	3	1	2	1	3	3	4	2	1	2	0	1	1	
1	4	7	3	1	2	1	4	3	4	2	1	3	0	1	4	
0	4	7	3	1	2	1	4	3	4	2	1	3	0	1	1	
3	4	7	3	1	2	1	4	3	4	2	1	3	0	1	4	
4	4	7	3	1	2	2	4	3	4	2	1	3	0	1	3	
4	4	7	3	1	2	2	4	3	4	2	1	3	0	1	3	
4	4	7	3	1	2	2	4	3	4	2	2	3	0	1	7	
4	4	7	3	1	2	2	4	3	4	2	2	3	0	1	4	
4	4	7	3	1	2	2	4	3	4	2	2	3	1	1	1	
4	4	7	3	1	2	2	4	3	4	2	2	3	1	1	3	
7	5	7	3	1	2	2	4	3	4	2	3	3	1	1	2	
2	5	7	3	1	2	2	4	3	4	2	3	3	1	1	4	
1	5	7	3	1	2	2	4	3	4	2	3	3	1	1	2	
3	5	7	3	1	2	2	5	3	4	2	3	4	1	1	7	
3	5	7	3	1	2	2	5	3	4	2	3	4	1	1	5	
2	5	7	3	2	2	2	5	4	4	2	3	4	1	1	2	
4	5	7	3	2	2	2	5	4	4	2	3	4	1	1	5	
2	5	7	3	2	2	2	5	4	4	2	3	4	1	1	2	
5	5	7	3	2	2	2	5	5	4	2	3	4	2	1	7	
2	5	7	3	2	2	2	5	5	4	2	3	4	2	1	7	
5	5	7	3	2	2	2	6	5	4	2	3	4	2	1	4	
4	5	7	4	2	2	2	6	5	4	2	3	4	2	1	2	
7	5	7	4	2	2	2	6	5	4	2	3	4	2	2	5	
2	5	7	4	2	2	2	6	5	4	2	3	4	2	2	6	
5	6	7	4	2	2	2	6	5	4	2	4	4	2	2	2	
6	6	7	4	2	2	2	6	5	4	2	4	4	2	2	2	
8	6	8	4	2	2	2	6	5	4	2	4	4	2	2	6	
2	6	8	4	3	2	2	6	5	4	2	5	4	2	3	5	
8	6	8	4	3	2	2	6	5	4	2	5	4	2	3	6	
2	6	8	4	3	2	2	7	5	4	2	5	4	2	3	5	
3	6	8	4	3	2	2	7	5	5	2	5	4	2	3	3	
2	6	8	4	3	2	2	7	5	5	2	5	4	2	3	5	
5	6	8	4	3	2	2	7	5	5	2	5	4	2	3	4	
5	6	8	4	3	2	2	7	5	5	2	5	4	2	3	8	
5	6	9	4	3	2	2	7	5	5	2	5	4	2	3	5	
2	6	9	5	3	2	2	7	5	5	2	5	4	2	3	9	
4	6	9	5	4	2	3	7	5	5	2	5	4	2	3	5	
5	6	10	5	4	2	3	7	5	5	2	5	4	2	3	10	
3	6	10	5	4	2	3	7	5	5	2	5	4	2	3	5	
6	6	10	5	4	2	3	7	6	5	2	5	5	2	3	10	
11	6	11	5	4	2	3	7	6	5	2	5	5	2	3	11	
5	6	11	5	4	2	3	7	6	5	2	5	5	2	3	11	
3	6	11	5	4	2	3	7	7	5	2	5	5	2	3	5	
4	6	11	5	4	2	4	7	7	5	2	5	5	2	3	7	
5	6	11	5	4	2	4	7	8	5	2	5	5	2	3	4	
5	6	11	5	4	2	4	7	8	5	2	5	5	2	3	4	
5	7	11	5	4	2	4	7	8	5	2	5	5	2	3	8	
2	7	11	7	4	2	4	7	8	5	2	5	5	2	3	7	
11	7	11	7	4	2	4	7	8	5	2	5	5	4	3	8	
5	7	11	7	4	2	4	7	8	5	2	5	5	4	3	11	
8	7	11	7	4	2	4	7	8	5	2	5	5	4	3	4	
8	7	11	7	4	2	4	7	8	5	2	5	5	4	3	11	
7	7	11	7	4	2	4	7	8	5	2	5	6	4	3	4	
7	7	11	7	4	2	4	7	8	5	2	5	6	4	3	11	
8	7	11	7	4	2	4	7	8	5	2	5	6	4	3	11	
12	7	12	7	4	2	4	7	8	5	2	5	6	4	4	12	
4	7	12	7	4	2	4	7	8	5	2	5	6	4	4	8	
7	7	12	7	4	2	4	7	9	5	2	5	6	4	4	2	
12	7	12	7	4	2	4	7	9	5	2	5	6	4	4	6	
7	7	12	7	4	2	4	7	9	5	2	5	6	4	4	7	
4	7	12	7	4	2	4	8	9	5	2	5	6	4	4	4	
4	7	12	7	4	2	4	8	9	5	2	5	6	4	4	9	
8	7	12	7	5	2	4	8	9	5	2	5	6	4	4	12	
5	7	12	7	5	2	4	8	9	5	2	5	6	4	5	7	
6	7	12	7	5	2	4	8	9	5	2	5	6	4	5	8	
6	7	12	7	5	2	4	8	9	5	2	5	6	4	5	5	
4	7	12	7	5	2	4	9	9	5	3	5	6	4	5	5	
5	7	12	7	5	2	4	9	9	5	3	5	6	4	5	6	
9	7	13	7	5	3	4	9	9	5	3	5	6	4	5	13	
5	7	14	7	5	3	4	9	9	5	3	5	6	4	5	5	
9	8	14	7	5	3	4	9	9	5	3	5	6	4	5	3	
6	8	14	7	5	3	4	9	9	5	3	5	6	4	5	9	
10	10	14	7	5	4	4	9	9	5	3	5	6	4	5	14	
5	10	14	7	5	4	4	9	9	5	3	6	7	4	5	9	
14	10	14	7	5	4	4	9	9	5	3	6	7	4	5	5	
5	10	15	7	5	4	4	10	9	5	3	6	7	4	5	10	
10	10	15	7	5	4	5	10	9	5	3	6	7	4	5	10	
15	10	15	7	5	4	5	10	9	5	3	6	7	4	5	15	
6	11	15	7	5	4	5	11	9	5	3	6	7	4	5	15	
5	11	16	8	5	4	5	11	9	6	3	6	7	4	5	16	
11	11	16	8	5	4	5	11	9	6	3	6	7	4	5	16	
11	11	16	8	5	4	5	11	9	6	3	6	7	4	5	5	
8	11	16	8	5	4	5	11	9	6	3	6	7	4	5	5	
8	11	16	8	5	4	5	11	9	7	4	6	7	4	5	11	
10	11	16	8	5	4	5	11	10	7	4	6	7	4	5	8	
5	11	17	8	5	4	5	11	10	7	4	6	7	4	5	7	
17	11	17	8	5	4	5	11	11	7	4	6	7	4	5	4	
17	11	17	8	5	4	5	11	11	7	4	6	7	4	5	17	
17	11	17	8	5	4	5	11	11	7	4	6	8	4	5	17	
17	11	17	8	5	4	5	11	11	7	4	6	8	4	5	17	
11	11	17	8	5	4	5	11	11	7	4	6	8	4	5	11	
8	11	17	8	5	4	5	11	11	7	4	6	8	4	5	17	
11	11	17	8	5	4	5	11	11	7	4	6	8	4	5	11	
8	11	17	8	5	4	5	11	11	7	4	6	8	4	5	4	
4	11	17	8	5	4	5	11	11	7	4	6	8	4	5	17	
12	11	17	8	5	4	5	12	12	7	4	6	8	4	5	17	
5	11	17	8	5	4	5	12	13	7	4	6	8	4	5	17	
13	11	17	8	5	4	5	12	13	7	4	6	8	4	5	11	
12	11	17	8	5	4	5	12	13	7	4	6	8	4	5	11	
8	11	17	8	5	4	5	12	13	7	4	6	8	4	5	13	
5	11	17	8	5	4	5	12	13	8	4	6	8	4	5	11	
5	11	17	8	5	4	5	13	13	8	4	6	8	4	5	8	
11	11	17	8	5	4	5	13	13	8	4	6	8	4	5	13	
8	11	17	8	5	4	5	14	13	8	4	6	9	4	5	17	
5	11	17	8	5	4	5	14	13	8	4	6	9	4	5	8	
14	11	19	8	5	4	5	14	14	8	4	6	9	4	5	14	
20	11	20	8	5	5	5	14	14	9	4	6	10	4	5	20	
9	11	20	8	5	5	5	14	14	9	4	6	10	4	5	14	
14	11	20	8	5	5	5	14	14	9	4	6	10	4	5	14	
11	11	20	8	5	5	5	14	14	9	4	6	10	4	5	4	
20	11	20	8	5	5	5	14	14	9	4	6	10	4	5	20	
15	11	20	8	5	6	5	15	14	9	4	6	10	4	5	20	
15	11	20	8	5	6	5	15	14	9	4	6	10	4	5	14	
10	11	20	8	5	6	5	15	14	9	4	6	10	4	5	15	
10	11	21	8	5	6	5	15	14	9	4	6	10	4	5	9	
21	11	21	8	5	6	5	15	14	9	4	6	10	4	5	21	
14	11	23	8	5	6	5	15	14	9	4	6	10	4	5	23	
24	11	24	8	5	6	5	15	14	9	4	6	10	4	5	24	
5	11	24	8	5	6	5	15	14	9	4	6	11	4	5	11	
15	11	24	8	5	6	5	15	14	9	4	6	11	4	5	5	
24	11	24	8	5	6	5	15	14	9	4	6	12	4	5	24	
24	11	24	8	5	6	5	15	14	9	4	6	12	4	5	24	
24	11	24	8	5	6	5	15	14	9	4	6	12	4	5	24	
24	11	24	8	5	6	5	15	14	9	4	6	12	4	5	24	
14	11	24	8	5	6	5	16	14	9	4	6	12	4	5	6	
5	12	24	8	5	6	5	16	14	9	4	6	12	4	5	24	
17	12	25	8	5	6	5	17	14	9	4	6	12	4	5	14	
4	12	26	8	5	6	5	17	14	9	4	6	12	4	5	6	
5	12	26	8	5	6	5	17	14	9	4	6	12	4	5	26	
26	12	26	8	5	6	5	17	14	9	4	6	12	4	5	26	
4	12	26	8	5	6	5	17	14	9	4	6	12	4	5	14	
6	12	26	8	5	6	5	17	14	9	4	6	12	4	5	26	
17	12	26	8	5	6	5	17	14	9	4	6	12	4	5	17	
6	12	26	8	5	6	5	17	14	9	4	6	12	4	5	26	
12	12	26	8	5	6	5	17	14	9	4	6	12	4	5	12	
17	12	26	8	5	6	5	17	14	9	5	6	12	4	5	26	
17	12	28	8	5	6	5	17	14	9	6	6	12	4	5	14	
9	12	28	8	5	6	5	17	14	9	6	6	12	4	5	9	
28	12	28	8	5	6	5	17	14	9	6	6	12	4	5	28	
28	12	28	8	5	6	5	17	14	9	6	6	12	4	5	28	
28	12	28	8	5	6	5	17	14	9	6	6	12	5	5	28	
28	12	28	8	5	6	5	17	15	9	6	6	12	5	5	28	
6	12	28	8	5	6	5	17	15	9	6	6	12	5	5	28	
28	12	28	8	5	6	5	17	15	9	6	6	12	5	5	28	
28	12	28	8	5	6	5	17	15	9	6	6	12	5	5	28	
6	12	28	8	6	6	5	17	16	9	6	6	12	5	6	28	
12	12	28	8	6	6	5	17	16	9	6	6	12	5	6	28	
6	12	28	8	6	6	5	17	16	9	6	6	12	5	6	12	
28	12	28	8	6	6	5	17	16	9	6	6	12	5	6	28	
29	13	29	8	6	6	5	17	16	9	6	6	12	5	6	29	
29	13	29	8	6	6	5	17	16	9	6	6	12	5	6	29	
5	13	29	8	6	6	5	17	16	9	6	6	13	5	6	29	
17	13	30	8	6	6	5	17	16	9	6	6	13	5	6	30	
30	13	30	8	6	6	5	17	16	10	6	6	13	5	6	30	
17	13	30	8	6	6	5	17	16	10	6	6	13	5	6	30	
30	13	30	8	6	6	5	17	16	10	6	6	13	5	6	30	
6	13	30	8	6	6	5	17	16	10	6	6	13	5	6	30	
6	13	30	8	6	6	5	17	16	10	6	6	13	5	6	30	
6	13	31	8	6	6	5	17	16	10	6	6	13	5	6	16	
16	13	31	8	6	6	5	17	16	10	6	6	13	5	6	31	
5	13	31	8	6	6	5	17	16	10	6	6	13	5	6	31	
6	13	33	8	6	6	5	17	16	10	6	6	13	5	6	33	
16	13	33	8	6	6	5	17	16	10	6	6	13	5	6	33	
34	13	34	8	6	6	5	17	16	10	6	6	13	5	6	34	
34	13	34	8	6	6	5	17	16	10	6	6	13	5	6	34	
35	13	35	8	6	6	5	17	16	11	6	6	13	5	6	35	
36	13	36	8	6	6	5	17	16	11	6	6	13	5	6	36	
11	13	36	8	6	6	5	17	16	11	6	6	13	5	6	36	
36	13	36	8	6	6	5	17	16	11	6	6	13	5	6	16	
37	13	37	8	6	6	5	17	16	11	6	6	15	5	6	37	
37	13	37	8	6	6	5	17	16	11	6	6	15	5	6	37	
37	13	37	8	6	6	5	17	16	11	6	6	15	5	6	37	
37	13	37	8	6	6	5	17	16	11	6	6	15	5	6	37	
13	13	37	8	6	6	5	17	16	11	6	7	15	5	6	13	
17	13	38	8	6	6	5	17	16	11	6	7	15	5	6	38	
8	13	38	8	6	6	5	17	16	11	6	7	15	5	6	38	
38	13	38	8	6	6	5	18	16	11	6	7	15	5	6	38	
11	13	38	8	6	6	5	18	16	11	6	7	15	5	6	38	
38	13	38	8	6	6	5	18	16	11	6	7	15	5	6	38	
38	13	38	8	6	6	5	18	16	11	6	7	15	5	6	38	
39	13	39	8	6	6	5	18	16	11	6	7	15	5	6	39	
5	13	39	8	6	6	5	18	16	11	6	7	15	5	6	18	
39	13	39	8	6	6	5	18	17	11	6	7	15	5	6	39	
39	13	39	8	6	6	5	18	17	11	6	7	15	5	6	39	
39	13	39	8	6	6	5	18	17	11	6	7	15	5	6	39	
40	13	40	8	6	6	5	18	17	11	6	7	15	5	6	40	
40	13	40	9	6	6	5	18	17	11	6	7	15	5	6	40	
40	13	40	9	6	6	5	18	17	11	6	7	15	5	6	40	
40	13	40	9	6	6	5	18	17	11	6	7	15	5	6	40	
17	13	40	9	6	6	5	18	17	11	6	7	15	5	6	40	
40	13	40	9	6	6	5	18	17	11	6	7	15	5	6	40	
40	13	40	9	6	6	5	18	17	11	6	7	15	6	6	17	
41	13	41	9	6	6	5	18	17	11	6	7	16	6	6	41	
41	13	42	9	6	6	5	18	17	11	6	7	16	6	6	41	
43	13	43	9	6	6	5	18	17	11	6	7	16	6	6	43	
44	13	44	9	6	6	5	18	17	11	6	7	16	6	6	44	
11	13	45	9	6	6	5	18	17	11	6	7	16	6	6	45	
45	13	45	9	6	6	5	18	17	11	6	7	16	6	6	45	
47	13	47	9	6	6	6	18	17	11	6	7	16	6	6	47	
48	13	48	9	6	6	6	18	17	11	6	7	16	6	6	48	
13	13	49	9	6	6	6	18	17	11	6	7	16	6	6	49	
49	13	49	9	6	6	6	18	18	11	6	7	16	6	6	49	
49	13	49	9	6	6	6	18	18	11	6	7	16	6	6	49	
50	13	50	9	6	6	6	18	18	11	6	7	16	6	6	50	
50	13	50	9	6	6	6	18	18	11	6	7	16	6	6	50	
50	13	50	9	6	6	6	18	18	11	6	7	16	6	6	50	
50	13	50	9	6	6	6	18	18	11	6	7	16	6	6	50	
50	13	50	9	6	6	6	18	18	11	6	7	16	6	6	50	
50	13	50	9	6	7	6	18	18	11	6	7	16	6	6	50	
50	13	50	9	6	7	6	18	18	11	6	7	16	6	6	50	
50	13	50	9	6	7	6	18	18	11	6	7	16	6	6	50	
50	13	50	9	6	7	6	18	18	11	6	7	16	6	6	50	
50	13	50	9	6	7	6	18	18	11	6	7	16	6	6	50	
50	13	50	9	6	7	6	18	18	11	6	7	16	6	6	50	
18	13	51	9	6	7	6	18	18	11	6	7	16	6	6	51	
51	13	51	9	6	7	6	18	18	11	6	7	16	6	6	51	
52	13	52	9	6	7	6	18	18	11	6	7	16	6	6	52	
52	13	52	9	6	7	6	18	18	11	6	7	16	6	6	52	
52	13	52	9	6	7	6	18	18	11	6	7	16	6	6	52	
52	13	52	9	6	8	6	18	18	11	6	7	16	6	6	52	
52	13	52	9	6	8	6	18	18	11	6	7	16	6	6	52	
52	13	52	9	6	8	6	18	18	11	6	7	16	6	6	52	
56	13	56	9	6	8	6	18	18	11	6	7	16	6	6	56	
56	13	56	9	6	8	6	18	18	11	6	7	16	6	6	56	
56	13	56	9	6	8	6	18	18	11	6	7	16	6	6	56	
56	13	56	9	6	8	6	18	18	11	6	7	16	6	6	56	
57	13	57	9	6	8	6	18	18	11	6	7	16	6	6	57	
58	13	58	9	6	8	6	18	18	11	6	7	16	6	6	58	
58	13	58	9	6	8	6	18	18	11	6	7	16	6	6	58	
59	13	59	9	6	8	6	18	18	11	6	7	16	6	6	59	
59	13	59	9	6	8	6	18	18	11	6	7	16	6	6	59	
59	13	59	9	6	8	6	18	18	11	6	7	16	6	6	59	
59	13	59	9	6	8	6	18	18	11	6	7	16	6	6	59	
59	13	59	9	6	8	6	18	18	11	6	7	16	6	6	59	
60	13	60	9	6	8	6	18	18	11	6	7	16	6	6	60	
61	13	61	9	6	8	6	18	18	11	6	7	16	6	6	61	
61	13	61	9	6	8	6	18	18	11	6	7	16	6	6	61	
62	13	62	9	6	8	6	18	18	11	6	7	16	6	6	62	
62	13	62	9	6	8	6	18	18	11	6	7	16	6	6	62	
62	13	62	9	6	8	6	18	18	11	6	7	16	6	6	62	
63	13	63	9	6	8	6	18	18	11	6	7	16	6	6	63	
64	13	64	9	6	8	6	18	18	11	6	7	16	6	6	64	
64	13	64	9	6	8	6	18	18	11	6	7	16	6	6	64	
64	13	64	9	6	8	6	18	18	11	6	7	16	6	6	64	
64	13	64	9	6	8	6	18	18	11	6	7	16	6	6	64	
67	13	67	9	6	8	6	18	18	11	6	7	16	6	6	67	
67	13	67	9	6	8	6	18	18	11	6	7	16	6	6	67	
67	13	67	9	6	8	6	18	18	11	6	7	16	6	6	67	
67	13	67	9	6	8	6	18	18	11	6	7	16	6	6	67	
67	13	67	9	6	8	6	18	18	11	6	7	16	6	6	67	
68	13	68	9	6	8	6	18	18	11	6	7	16	6	6	68	
68	13	68	9	6	8	6	18	18	11	6	7	16	6	6	68	
68	13	68	9	6	8	6	18	18	11	6	7	16	6	6	68	
68	13	68	9	6	8	6	18	18	11	6	7	16	6	6	68	
68	13	68	9	6	8	6	18	18	11	6	7	16	6	6	68	
68	13	68	9	6	8	6	18	18	11	6	7	16	6	6	68	
69	13	69	9	6	8	6	18	18	11	6	7	16	6	6	69	
69	13	69	9	6	8	6	18	18	11	6	7	16	6	6	69	
69	13	69	9	6	8	6	18	18	11	6	7	16	6	6	69	
71	13	71	9	6	8	6	18	18	11	6	7	16	6	6	71	
71	13	71	9	6	8	6	18	18	11	6	7	16	6	6	71	
71	13	71	9	6	8	6	18	18	11	6	7	16	6	6	71	
72	13	72	9	6	8	6	18	18	11	6	7	16	6	6	72	
73	13	73	9	6	8	6	18	18	11	6	7	16	6	6	73	
73	13	73	9	6	8	6	18	18	11	6	7	16	6	6	73	
73	13	73	9	6	8	6	18	18	11	6	7	16	6	6	73	
74	13	74	9	6	8	6	18	18	11	6	7	16	6	6	74	
74	13	74	9	6	8	6	18	18	11	6	7	16	6	6	74	
74	13	74	9	6	8	6	18	18	11	6	7	16	6	6	74	
74	13	74	9	6	8	6	18	18	11	6	7	16	6	6	74	
75	13	75	9	6	8	6	18	18	11	6	7	16	6	6	75	
76	13	76	9	6	8	6	18	18	11	6	7	16	6	6	76	
76	13	76	9	6	8	6	18	18	11	6	7	16	6	6	76	
76	13	76	9	6	8	6	18	18	11	6	7	16	6	6	76	
76	13	76	9	6	8	6	18	18	11	6	7	16	7	6	76	
76	13	76	9	6	8	6	18	18	11	6	7	16	7	6	76	
76	13	76	9	6	8	6	18	18	11	6	7	16	7	6	76	
76	13	76	9	6	8	6	18	18	11	6	7	16	7	6	76	
76	13	76	9	6	8	6	18	18	11	6	7	16	7	6	76	
76	13	76	9	6	8	6	18	18	11	6	7	16	7	6	76	
77	13	77	9	6	8	6	18	18	11	6	7	16	7	6	77	
77	13	77	9	6	8	6	18	18	11	6	7	16	7	6	77	
77	13	77	9	6	8	6	18	18	11	6	7	16	7	6	77	
77	13	77	9	6	8	6	18	18	11	6	7	16	7	6	77	
78	13	78	9	6	8	6	18	18	11	6	7	16	7	6	78	
78	13	78	9	6	8	6	18	18	11	6	7	16	7	6	78	
79	13	79	9	6	8	6	18	18	11	6	7	16	7	6	79	
79	13	79	9	6	8	6	18	18	11	6	7	16	7	6	79	
80	14	80	9	6	8	6	18	18	11	6	7	16	7	6	80	
80	14	80	9	6	8	6	18	18	11	6	7	16	7	6	80	
80	14	80	9	6	8	6	18	18	11	6	7	16	7	6	80	
80	14	80	9	6	8	6	18	18	11	6	7	16	7	6	80	
80	14	80	9	6	8	6	18	18	11	6	7	16	7	6	80	
80	14	80	9	6	8	6	18	18	11	6	7	16	7	6	80	
80	14	80	9	6	8	6	18	18	11	6	7	16	7	6	80	
80	14	80	9	6	8	6	18	18	11	6	7	16	7	6	80	
80	14	80	9	6	8	6	18	18	11	6	7	16	7	6	80	
81	14	81	9	6	8	6	18	18	11	6	7	16	7	6	81	
81	14	81	9	6	8	6	18	18	11	6	7	16	7	6	81	
81	14	81	9	6	8	6	18	18	11	6	7	16	7	6	81	
81	14	81	9	6	8	6	18	18	11	6	7	16	7	6	81	
81	14	81	9	6	8	6	18	18	11	6	7	16	7	6	81	
81	14	81	9	6	8	6	18	18	11	6	7	16	7	6	81	
81	14	81	9	6	8	6	18	18	11	6	7	16	7	6	81	
81	14	81	9	6	8	6	18	18	11	6	7	16	7	6	81	
83	14	83	9	6	8	6	18	18	11	6	7	16	7	6	83	
83	14	83	9	6	8	6	18	18	11	6	7	16	7	6	83	
83	14	83	9	6	8	6	18	18	11	6	7	16	7	6	83	
83	14	83	9	6	8	6	18	18	11	6	7	16	7	6	83	
84	14	84	9	6	8	6	18	18	11	6	7	16	7	6	84	
85	14	85	9	6	8	6	18	18	11	6	7	16	7	6	85	
85	14	85	9	6	8	6	18	18	11	6	7	16	7	6	85	
85	14	85	9	6	8	6	18	18	11	6	7	16	7	6	85	
86	14	86	9	6	8	6	18	18	11	6	7	16	7	6	86	
87	14	87	9	6	8	6	18	18	11	6	7	16	7	6	87	
88	14	88	9	6	8	6	18	18	11	6	7	16	7	6	88	
90	14	90	9	6	8	6	18	18	11	6	7	16	7	6	90	
90	14	90	9	6	8	6	18	18	11	6	7	16	7	6	90	
90	14	90	9	6	8	6	18	18	11	6	7	16	7	6	90	
90	14	90	9	6	8	6	18	18	11	6	7	16	7	6	90	
90	14	90	9	6	8	6	18	18	11	6	7	16	7	6	90	
90	14	90	9	6	8	6	18	18	11	6	7	16	7	6	90	
90	14	90	9	6	8	6	18	18	11	6	7	16	7	6	90	
90	14	90	9	6	8	6	18	18	11	6	7	16	7	6	90	
90	14	90	9	6	8	6	18	18	11	6	7	16	7	6	90	
90	14	90	9	6	8	6	18	18	11	6	7	16	7	6	90	
91	14	91	9	6	8	6	18	18	11	6	7	16	7	6	91	
91	14	91	9	6	8	6	18	18	11	6	7	16	7	6	91	
91	14	91	9	6	8	6	18	18	11	6	7	16	7	6	91	
92	14	92	9	6	8	6	18	18	11	6	7	16	7	6	92	
92	14	92	9	6	8	6	18	18	11	6	7	16	7	6	92	
92	14	92	9	6	8	6	18	18	11	6	7	16	7	6	92	
92	14	92	9	6	8	6	18	18	11	6	7	16	7	6	92	
92	14	92	9	6	8	6	18	18	11	6	7	16	7	6	92	
92	14	92	9	6	8	6	18	18	11	6	7	16	7	6	92	
92	14	92	9	6	8	6	18	18	11	6	7	16	7	6	92	
92	14	92	9	6	8	6	18	18	11	6	7	16	7	6	92	
92	14	92	9	6	8	6	18	18	11	6	7	16	7	6	92	
93	14	93	9	6	8	6	18	18	11	6	7	16	7	6	93	
93	14	93	9	6	8	6	18	18	11	6	7	16	7	6	93	
93	14	93	9	6	8	6	18	18	11	6	7	16	7	6	93	
93	14	93	9	6	8	6	18	18	11	6	7	16	7	6	93	
94	14	94	9	6	8	6	18	18	11	6	7	16	7	6	94	
94	14	94	9	6	8	6	18	18	11	6	7	16	7	6	94	
94	14	94	9	6	8	6	18	18	11	6	7	16	7	6	94	
94	14	94	9	6	8	6	18	18	11	6	7	16	7	6	94	
94	14	94	9	6	8	6	18	18	11	6	7	16	7	6	94	
94	14	94	9	6	8	6	18	18	11	6	7	16	7	6	94	
94	14	94	9	6	8	6	18	18	11	6	7	16	7	6	94	
94	14	94	9	6	8	6	18	18	11	6	7	16	7	6	94	
95	14	95	9	6	8	6	18	18	11	6	7	16	7	6	95	
95	14	95	9	6	8	6	18	18	11	6	7	16	7	6	95	
95	14	95	9	6	8	6	18	18	11	6	7	16	7	6	95	
95	14	95	9	6	8	6	18	18	11	6	7	16	7	6	95	
95	14	95	9	6	8	6	18	18	11	6	7	16	7	6	95	
95	14	95	9	6	8	6	18	18	11	6	7	16	7	6	95	
95	14	95	9	6	8	6	18	18	11	6	7	16	7	6	95	
95	14	95	9	6	8	6	18	18	11	6	7	16	7	6	95	
95	14	95	9	6	8	6	18	18	11	6	7	16	7	6	95	
96	14	96	9	6	8	6	18	18	11	6	7	16	7	6	96	
96	14	96	9	6	8	6	18	18	11	6	7	16	7	6	96	
96	14	96	9	6	8	6	18	18	11	6	7	16	7	6	96	
96	14	96	9	6	8	6	18	18	11	6	7	16	7	6	96	
96	14	96	9	6	8	6	18	18	11	6	7	16	7	6	96	
97	14	97	9	6	8	6	18	18	11	6	7	16	7	6	97	
97	14	98	9	6	8	6	18	18	11	6	7	16	7	6	97	
99	14	99	9	6	8	6	18	18	11	6	7	16	7	6	99	
99	14	99	9	6	8	6	18	18	11	6	7	16	7	6	99	
99	14	99	9	6	8	6	18	18	11	6	7	16	7	6	99	
99	14	99	9	6	8	6	18	18	11	6	7	16	7	6	99	
99	14	99	9	6	8	6	18	18	11	6	7	16	7	6	99	
100	14	100	9	6	8	6	18	18	11	6	7	16	7	6	100	
100	14	100	9	6	8	6	18	18	11	6	7	16	7	6	100	
102	14	102	9	6	8	6	18	18	11	6	7	16	7	6	102	
102	14	102	9	6	8	6	18	18	11	6	7	16	7	6	102	
102	14	102	9	6	8	6	18	18	11	6	7	16	7	6	102	
102	14	102	9	6	8	6	18	18	11	6	7	16	7	6	102	
103	14	103	9	6	8	6	18	18	11	6	7	16	7	6	103	
103	14	103	9	6	8	6	18	18	11	6	7	16	7	6	103	
104	14	104	9	6	8	6	18	18	11	6	7	16	7	6	104	
104	14	104	9	6	8	6	18	18	11	6	7	16	7	6	104	
104	14	104	9	6	8	6	18	18	11	6	7	16	7	6	104	
105	14	105	9	6	8	6	18	18	11	6	7	16	7	6	105	
105	14	105	9	6	8	6	18	18	11	6	7	16	7	6	105	
105	14	105	9	6	8	6	18	18	11	6	7	16	7	6	105	
106	14	106	9	6	8	6	18	18	11	6	7	16	7	6	106	
106	14	106	9	6	8	6	18	18	11	6	7	16	7	6	106	
106	14	106	9	6	8	6	18	18	11	6	7	16	7	6	106	
106	14	106	9	6	8	6	18	18	11	6	7	16	7	6	106	
106	14	106	9	6	8	6	18	18	11	6	7	16	7	6	106	
106	14	106	9	6	8	6	18	18	11	6	7	16	7	6	106	
106	14	106	9	6	8	6	18	18	11	6	7	16	7	6	106	
106	14	106	9	6	8	6	18	18	11	6	7	16	7	6	106	
106	14	106	9	6	8	6	18	18	11	6	7	16	7	6	106	
106	14	106	9	6	8	6	18	18	11	6	7	16	7	6	106	
107	14	107	9	6	8	6	18	18	11	6	7	16	7	6	107	
107	14	107	9	6	8	6	18	18	11	6	7	16	7	6	107	
107	14	107	9	6	8	6	18	18	11	6	7	16	7	6	107	
107	14	107	9	6	8	6	18	18	11	6	7	16	7	6	107	
107	14	107	9	6	8	6	18	18	11	6	7	16	7	6	107	
108	14	107	9	6	8	6	18	18	11	6	7	16	7	6	107	
109	14	109	9	6	8	6	18	18	11	6	7	16	7	6	109	
110	14	110	9	6	8	6	18	18	11	6	7	16	7	6	110	
111	14	111	9	6	8	6	18	18	11	6	7	16	7	6	111	
111	14	111	9	6	8	6	18	18	11	6	7	16	7	6	111	
111	14	111	9	6	8	6	18	18	11	6	7	16	7	6	111	
111	14	111	9	6	8	6	18	18	11	6	7	16	7	6	111	
112	14	112	9	6	8	6	18	18	11	6	7	16	7	6	112	
113	14	113	9	6	8	6	18	18	11	6	7	16	7	6	113	
113	14	113	9	6	8	6	18	18	11	6	7	16	7	6	113	
113	14	113	9	6	8	6	18	18	11	6	7	16	7	6	113	
113	14	113	9	6	8	6	18	18	11	6	7	16	7	6	113	
113	14	113	9	6	8	6	18	18	11	6	7	16	7	6	113	
113	14	113	9	6	8	6	18	18	11	6	7	16	7	6	113	
115	14	115	9	6	8	6	18	18	11	6	7	16	7	6	115	
116	14	116	9	6	8	6	18	18	11	6	7	16	7	6	116	
116	14	116	9	6	8	6	18	18	11	6	7	16	7	6	116	
116	14	116	9	6	8	6	18	18	11	6	7	16	7	6	116	
117	14	117	9	6	8	6	18	18	11	6	7	16	7	6	117	
118	14	118	9	6	8	6	18	18	11	6	7	16	7	6	118	
118	14	118	9	6	8	6	18	18	11	6	7	16	7	6	118	
118	14	118	9	6	8	6	18	18	11	6	7	16	7	6	118	
118	14	118	9	6	8	6	18	18	11	6	7	16	7	6	118	
118	14	118	9	6	8	6	18	18	11	6	7	16	7	6	118	
118	14	118	9	6	8	6	18	18	11	6	7	16	7	6	118	
120	14	120	9	6	8	6	18	18	11	6	7	16	7	6	120	
120	14	120	9	6	8	6	18	18	11	6	7	16	7	6	120	
120	14	120	9	6	8	6	18	18	11	6	7	16	7	6	120	
120	14	120	9	6	8	6	18	18	11	6	7	16	7	6	120	
122	14	122	9	6	8	6	18	18	11	6	7	16	7	6	122	
122	14	122	9	6	8	6	18	18	11	6	7	16	7	6	122	
122	14	122	9	6	8	6	18	18	11	6	7	16	7	6	122	
122	14	122	9	6	8	6	18	18	11	6	7	16	7	6	122	
123	14	123	9	6	8	6	18	18	11	6	7	16	7	6	123	
123	14	123	9	6	8	6	18	18	11	6	7	16	7	6	123	
123	14	123	9	6	8	6	18	18	11	6	7	16	7	6	123	
123	14	123	9	6	8	6	18	18	11	6	7	16	7	6	123	
124	14	124	9	6	8	6	18	18	11	6	7	16	7	6	124	
124	14	124	9	6	8	6	18	18	11	6	7	16	7	6	124	
124	14	124	9	6	8	6	18	18	11	6	7	16	7	6	124	
124	14	124	9	6	8	6	18	18	11	6	7	16	7	6	124	
125	14	125	9	6	8	6	18	18	11	6	7	16	7	6	125	
125	14	125	9	6	8	6	18	18	11	6	7	16	7	6	125	
125	14	125	9	6	8	6	18	18	11	6	7	16	7	6	125	
125	14	125	9	6	8	6	18	18	11	6	7	16	7	6	125	
125	14	125	9	6	8	6	18	18	11	6	7	16	7	6	125	
126	14	126	9	6	8	6	18	18	11	6	7	16	7	6	126	
128	14	128	9	6	8	6	18	18	11	6	7	16	7	6	128	
128	14	128	9	6	8	6	18	18	11	6	7	16	7	6	128	
128	14	128	9	6	8	6	18	18	11	6	7	16	7	6	128	
129	14	129	9	6	8	6	18	18	11	6	7	16	7	6	129	
130	14	130	9	6	8	6	18	18	11	6	7	16	7	6	130	
131	14	131	9	6	8	6	18	18	11	6	7	16	7	6	131	
131	14	131	9	6	8	6	18	18	11	6	7	16	7	6	131	
131	14	131	9	6	8	6	18	18	11	6	7	16	7	6	131	
131	14	131	9	6	8	6	18	18	11	6	7	16	7	6	131	
131	14	131	9	6	8	6	18	18	11	6	7	16	7	6	131	
131	14	131	9	6	8	6	18	18	11	6	7	16	7	6	131	
132	14	132	9	6	8	6	18	18	11	6	7	16	7	6	132	
132	14	132	9	6	8	6	18	18	11	6	7	16	7	6	132	
132	14	132	9	6	8	6	18	18	11	6	7	16	7	6	132	
132	14	132	9	6	8	6	18	18	11	6	7	16	7	6	132	
132	14	132	9	6	8	6	18	18	11	6	7	16	7	6	132	
132	14	132	9	6	8	6	18	18	11	6	7	16	7	6	132	
132	14	132	9	6	8	6	18	18	11	6	7	16	7	6	132	
133	14	133	9	6	8	6	18	18	11	6	7	16	7	6	133	
133	14	133	9	6	8	6	18	18	11	6	7	16	7	6	133	
133	14	133	9	6	8	6	18	18	11	6	7	16	7	6	133	
133	14	133	9	6	8	6	18	18	11	6	7	16	7	6	133	
135	14	135	9	6	8	6	18	18	11	6	7	16	7	6	135	
136	14	136	9	6	8	6	18	18	11	6	7	16	7	6	136	
136	14	136	9	6	8	6	18	18	11	6	7	16	7	6	136	
136	14	136	9	6	8	6	18	18	11	6	7	16	7	6	136	
137	14	137	9	6	8	6	18	18	11	6	7	16	7	6	137	
137	14	137	9	6	8	6	18	18	11	6	7	16	7	6	137	
137	14	137	9	6	8	6	18	18	11	6	7	16	7	6	137	
137	14	137	9	6	8	6	18	18	11	6	7	16	7	6	137	
139	14	139	9	6	8	6	18	18	11	6	7	16	7	6	139	
139	14	139	9	6	8	6	18	18	11	6	7	16	7	6	139	
139	14	139	9	6	8	6	18	18	11	6	7	16	7	6	139	
139	14	139	9	6	8	6	18	18	11	6	7	16	7	6	139	
139	14	139	9	6	8	6	18	18	11	6	7	16	7	6	139	
139	14	139	9	6	8	6	18	18	11	6	7	16	7	6	139	
139	14	139	9	6	8	6	18	18	11	6	7	16	7	6	139	
140	14	140	9	6	8	6	18	18	11	6	7	16	7	6	140	
141	14	141	9	6	8	6	18	18	11	6	7	16	7	6	141	
142	14	142	9	6	8	6	18	18	11	6	7	16	7	6	142	
143	14	143	9	6	8	6	18	18	11	6	7	16	7	6	143	
143	14	143	9	6	8	6	18	18	11	6	7	16	7	6	143	
143	14	143	9	6	8	6	18	18	11	6	7	16	7	6	143	
143	14	143	9	6	8	6	18	18	11	6	7	16	7	6	143	
143	14	143	9	6	8	6	18	18	11	6	7	16	7	6	143	
143	14	143	9	6	8	6	18	18	11	6	7	16	7	6	143	
143	14	143	9	6	8	6	18	18	11	6	7	16	7	6	143	
144	14	144	9	6	8	6	18	18	11	6	7	16	7	6	144	
145	14	145	9	6	8	6	18	18	11	6	7	16	7	6	145	
145	14	145	9	6	8	6	18	18	11	6	7	16	7	6	145	
146	14	146	9	6	8	6	18	18	11	6	7	16	7	6	146	
146	14	146	9	6	8	6	18	18	11	6	7	16	7	6	146	
146	14	146	9	6	8	6	18	18	11	6	7	16	7	6	146	
147	14	147	9	6	8	6	18	18	11	6	7	16	7	6	147	
148	14	148	9	6	8	6	18	18	11	6	7	16	7	6	148	
149	14	149	9	6	8	6	18	18	11	6	7	16	7	6	149	
149	14	149	9	6	8	6	18	18	11	6	7	16	7	6	149	
150	14	150	9	6	8	6	18	18	11	6	7	16	7	6	150	
151	14	151	9	6	8	6	18	18	11	6	7	16	7	6	151	
151	14	151	9	6	8	6	18	18	11	6	7	16	7	6	151	
152	14	152	9	6	8	6	18	18	11	6	7	16	7	6	152	
153	14	153	9	6	8	6	18	18	11	6	7	16	7	6	153	
154	14	154	9	6	8	6	18	18	11	6	7	16	7	6	154	
155	14	155	9	6	8	6	18	18	11	6	7	16	7	6	155	
155	14	155	9	6	8	6	18	18	11	6	7	16	7	6	155	
156	14	156	9	6	8	6	18	18	11	6	7	16	7	6	156	
156	14	156	9	6	8	6	18	18	11	6	7	16	7	6	156	
157	14	157	9	6	8	6	18	18	11	6	7	16	7	6	157	
157	14	157	9	6	8	6	18	18	11	6	7	16	7	6	157	
157	14	157	9	6	8	6	18	18	11	6	7	16	7	6	157	
157	14	157	9	6	8	6	18	18	11	6	7	16	7	6	157	
158	14	158	9	6	8	6	18	18	11	6	7	16	7	6	158	
158	14	158	9	6	8	6	18	18	11	6	7	16	7	6	158	
159	14	159	9	6	8	6	18	18	11	6	7	16	7	6	159	
159	14	159	9	6	8	6	18	18	11	6	7	16	7	6	159	
159	14	159	9	6	8	6	18	18	11	6	7	16	7	6	159	
159	14	159	9	6	8	6	18	18	11	6	7	16	7	6	159	
159	14	159	9	6	8	6	18	18	11	6	7	16	7	6	159	
159	14	159	9	6	8	6	18	18	11	6	7	16	7	6	159	
159	14	159	9	6	8	6	18	18	11	6	7	16	7	6	159	
159	14	159	9	6	8	6	18	18	11	6	7	16	7	6	159	
159	14	159	9	6	8	6	18	18	11	6	7	16	7	6	159	
159	14	159	9	6	8	6	18	18	11	6	7	16	7	6	159	
160	14	160	9	6	8	6	18	18	11	6	7	16	7	6	160	
160	14	160	9	6	8	6	18	18	11	6	7	16	7	6	160	
161	14	161	9	6	8	6	18	18	11	6	7	16	7	6	161	
161	14	161	9	6	8	6	18	18	11	6	7	16	7	6	161	
161	14	161	9	6	8	6	18	18	11	6	7	16	7	6	161	
162	14	162	9	6	8	6	18	18	11	6	7	16	7	6	162	
163	14	163	9	6	8	6	18	18	11	6	7	16	7	6	163	
163	14	163	9	6	8	6	18	18	11	6	7	16	7	6	163	
164	14	164	9	6	8	6	18	18	11	6	7	16	7	6	164	
164	14	164	9	6	8	6	18	18	11	6	7	16	7	6	164	
164	14	164	9	6	8	6	18	18	11	6	7	16	7	6	164	
164	14	164	9	6	8	6	18	18	11	6	7	16	7	6	164	
164	14	164	9	6	8	6	18	18	11	6	7	16	7	6	164	
164	14	164	9	6	8	6	18	18	11	6	7	16	7	6	164	
164	14	164	9	6	8	6	18	18	11	6	7	16	7	6	164	
164	14	164	9	6	8	6	18	18	11	6	7	16	7	6	164	
164	14	164	9	6	8	6	18	18	11	6	7	16	7	6	164	
164	14	164	9	6	8	6	18	18	11	6	7	16	7	6	164	
164	14	164	9	6	8	6	18	18	11	6	7	16	7	6	164	
164	14	164	9	6	8	6	18	18	11	6	7	16	7	6	164	
164	14	164	9	6	8	6	18	18	11	6	7	16	7	6	164	
164	14	164	9	6	8	6	18	18	11	6	7	16	7	6	164	
164	14	164	9	6	8	6	18	18	11	6	7	16	7	6	164	
164	14	164	9	6	8	6	18	18	11	6	7	16	7	6	164	
164	14	164	9	6	8	6	18	18	11	6	7	16	7	6	164	
165	14	165	9	6	8	6	18	18	11	6	7	16	7	6	165	
165	14	165	9	6	8	6	18	18	11	6	7	16	7	6	165	
166	14	166	9	6	8	6	18	18	11	6	7	16	7	6	166	
167	14	167	9	6	8	6	18	18	11	6	7	16	7	6	167	
168	14	168	9	6	8	6	18	18	11	6	7	16	7	6	168	
168	14	168	9	6	8	6	18	18	11	6	7	16	7	6	168	
168	14	168	9	6	8	6	18	18	11	6	7	16	7	6	168	
169	14	169	9	6	8	6	18	18	11	6	7	16	7	6	169	
169	14	169	9	6	8	6	18	18	11	6	7	16	7	6	169	
171	14	171	9	6	8	6	18	18	11	6	7	16	7	6	170	
172	14	172	9	6	8	6	18	18	11	6	7	16	7	6	172	
172	14	172	9	6	8	6	18	18	11	6	7	16	7	6	172	
172	14	172	9	6	8	6	18	18	11	6	7	16	7	6	172	
172	14	172	9	6	8	6	18	18	11	6	7	16	7	6	172	
172	14	172	9	6	8	6	18	18	11	6	7	16	7	6	172	
172	14	172	9	6	8	6	18	18	11	6	7	16	7	6	172	
172	14	172	9	6	8	6	18	18	11	6	7	16	7	6	172	
172	14	172	9	6	8	6	18	18	11	6	7	16	7	6	172	
173	14	173	9	6	8	6	18	18	11	6	7	16	7	6	173	
173	14	173	9	6	8	6	18	18	11	6	7	16	7	6	173	
175	14	175	9	6	8	6	18	18	11	6	7	16	7	6	175	
175	14	175	9	6	8	6	18	18	11	6	7	16	7	6	175	
176	14	176	9	6	8	6	18	18	11	6	7	16	7	6	176	
176	14	176	9	6	8	6	18	18	11	6	7	16	7	6	176	
177	14	177	9	6	8	6	18	18	11	6	7	16	7	6	177	
177	14	177	9	6	8	6	18	18	11	6	7	16	7	6	177	
177	14	177	9	6	8	6	18	18	11	6	7	16	7	6	177	
177	14	177	9	6	8	6	18	18	11	6	7	16	7	6	177	
178	14	178	9	6	8	6	18	18	11	6	7	16	7	6	178	
179	14	179	9	6	8	6	18	18	11	6	7	16	7	6	179	
179	14	179	9	6	8	6	18	18	11	6	7	16	7	6	179	
180	14	180	9	6	8	6	18	18	11	6	7	16	7	6	180	
180	14	180	9	6	8	6	18	18	11	6	7	16	7	6	180	
180	14	180	9	6	8	6	18	18	11	6	7	16	7	6	180	
181	14	181	9	6	8	6	18	18	11	6	7	16	7	6	181	
181	14	181	9	6	8	6	18	18	11	6	7	16	7	6	181	
181	14	181	9	6	8	6	18	18	11	6	7	16	7	6	181	
182	14	182	9	6	8	6	18	18	11	6	7	16	7	6	182	
182	14	182	9	6	8	6	18	18	11	6	7	16	7	6	182	
182	14	182	9	6	8	6	18	18	11	6	7	16	7	6	182	
182	14	182	9	6	8	6	18	18	11	6	7	16	7	6	182	
183	14	183	9	6	8	6	18	18	11	6	7	16	7	6	183	
183	14	183	9	6	8	6	18	18	11	6	7	16	7	6	183	
183	14	183	9	6	8	6	18	18	11	6	7	16	7	6	183	
184	14	184	9	6	8	6	18	18	11	6	7	16	7	6	184	
185	14	185	9	6	8	6	18	18	11	6	7	16	7	6	185	
185	14	185	9	6	8	6	18	18	11	6	7	16	7	6	185	
185	14	185	9	6	8	6	18	18	11	6	7	16	7	6	185	
186	14	186	9	6	8	6	18	18	11	6	7	16	7	6	186	
186	14	186	9	6	8	6	18	18	11	6	7	16	7	6	186	
186	14	186	9	6	8	6	18	18	11	6	7	16	7	6	186	
188	14	188	9	6	8	6	18	18	11	6	7	16	7	6	188	
188	14	188	9	6	8	6	18	18	11	6	7	16	7	6	188	
188	14	188	9	6	8	6	18	18	11	6	7	16	7	6	188	
188	14	188	9	6	8	6	18	18	11	6	7	16	7	6	188	
188	14	188	9	6	8	6	18	18	11	6	7	16	7	6	188	
188	14	188	9	6	8	6	18	18	11	6	7	16	7	6	188	
188	14	188	9	6	8	6	18	18	11	6	7	16	7	6	188	
189	14	189	9	6	8	6	18	18	11	6	7	16	7	6	189	
189	14	189	9	6	8	6	18	18	11	6	7	16	7	6	189	
189	14	189	9	6	8	6	18	18	11	6	7	16	7	6	189	
189	14	189	9	6	8	6	18	18	11	6	7	16	7	6	189	
192	14	192	9	6	8	6	18	18	11	6	7	16	7	6	192	
192	14	192	9	6	8	6	18	18	11	6	7	16	7	6	192	
192	14	192	9	6	8	6	18	18	11	6	7	16	7	6	192	
192	14	192	9	6	8	6	18	18	11	6	7	16	7	6	192	
192	14	192	9	6	8	6	18	18	11	6	7	16	7	6	192	
192	14	192	9	6	8	6	18	18	11	6	7	16	7	6	192	
192	14	192	9	6	8	6	18	18	11	6	7	16	7	6	192	
193	14	193	9	6	8	6	18	18	11	6	7	16	7	6	193	
193	14	193	9	6	8	6	18	18	11	6	7	16	7	6	193	
193	14	193	9	6	8	6	18	18	11	6	7	16	7	6	193	
194	14	194	9	6	8	6	18	18	11	6	7	16	7	6	194	
194	14	194	9	6	8	6	18	18	11	6	7	16	7	6	194	
194	14	194	9	6	8	6	18	18	11	6	7	16	7	6	194	
194	14	194	9	6	8	6	18	18	11	6	7	16	7	6	194	
194	14	194	9	6	8	6	18	18	11	6	7	16	7	6	194	
194	14	194	9	6	8	6	18	18	11	6	7	16	7	6	194	
194	14	194	9	6	8	6	18	18	11	6	7	16	7	6	194	
194	14	194	9	6	8	6	18	18	11	6	7	16	7	6	194	
195	14	195	9	6	8	6	18	18	11	6	7	16	7	6	195	
195	14	195	9	6	8	6	18	18	11	6	7	16	7	6	195	
198	14	198	9	6	8	6	18	18	11	6	7	16	7	6	198	
198	14	198	9	6	8	6	18	18	11	6	7	16	7	6	198	
198	14	198	9	6	8	6	18	18	11	6	7	16	7	6	198	
198	14	198	9	6	8	6	18	18	11	6	7	16	7	6	198	
198	14	198	9	6	8	6	18	18	11	6	7	16	7	6	198	
200	14	200	9	6	8	6	18	18	11	6	7	16	7	6	200	
200	14	200	9	6	8	6	18	18	11	6	7	16	7	6	200	
200	14	200	9	6	8	6	18	18	11	6	7	16	7	6	200	
200	14	200	9	6	8	6	18	18	11	6	7	16	7	6	200	
200	14	200	9	6	8	6	18	18	11	6	7	16	7	6	200	
200	14	200	9	6	8	6	18	18	11	6	7	16	7	6	200	
201	14	201	9	6	8	6	18	18	11	6	7	16	7	6	201	
202	14	202	9	6	8	6	18	18	11	6	7	16	7	6	202	
202	14	202	9	6	8	6	18	18	11	6	7	16	7	6	202	
202	14	202	9	6	8	6	18	18	11	6	7	16	7	6	202	
204	14	204	9	6	8	6	18	18	11	6	7	16	7	6	204	
205	14	205	9	6	8	6	18	18	11	6	7	16	7	6	205	
205	14	205	9	6	8	6	18	18	11	6	7	16	7	6	205	
205	14	205	9	6	8	6	18	18	11	6	7	16	7	6	205	
205	14	205	9	6	8	6	18	18	11	6	7	16	7	6	205	
205	14	205	9	6	8	6	18	18	11	6	7	16	7	6	205	
205	14	205	9	6	8	6	18	18	11	6	7	16	7	6	205	
205	14	205	9	6	8	6	18	18	11	6	7	16	7	6	205	
206	14	206	9	6	8	6	18	18	11	6	7	16	7	6	206	
207	14	207	9	6	8	6	18	18	11	6	7	16	7	6	207	
207	14	207	9	6	8	6	18	18	11	6	7	16	7	6	207	
208	14	208	9	6	8	6	18	18	11	6	7	16	7	6	208	
208	14	208	9	6	8	6	18	18	11	6	7	16	7	6	208	
208	14	208	9	6	8	6	18	18	11	6	7	16	7	6	208	
208	14	208	9	6	8	6	18	18	11	6	7	16	7	6	208	
208	14	208	9	6	8	6	18	18	11	6	7	16	7	6	208	
208	14	208	9	6	8	6	18	18	11	6	7	16	7	6	208	
208	14	208	9	6	8	6	18	18	11	6	7	16	7	6	208	
208	14	208	9	6	8	6	18	18	11	6	7	16	7	6	208	
208	14	208	9	6	8	6	18	18	11	6	7	16	7	6	208	
209	14	209	9	6	8	6	18	18	11	6	7	16	7	6	209	
210	14	210	9	6	8	6	18	18	11	6	7	16	7	6	210	
211	14	211	9	6	8	6	18	18	11	6	7	16	7	6	211	
212	14	212	9	6	8	6	18	18	11	6	7	16	7	6	212	
212	14	212	9	6	8	6	18	18	11	6	7	16	7	6	212	
212	14	212	9	6	8	6	18	18	11	6	7	16	7	6	212	
212	14	212	9	6	8	6	18	18	11	6	7	16	7	6	212	
213	14	213	9	6	8	6	18	18	11	6	7	16	7	6	213	
213	14	213	9	6	8	6	18	18	11	6	7	16	7	6	213	
213	14	213	9	6	8	6	18	18	11	6	7	16	7	6	213	
213	14	213	9	6	8	6	18	18	11	6	7	16	7	6	213	
213	14	213	9	6	8	6	18	18	11	6	7	16	7	6	213	
213	14	213	9	6	8	6	18	18	11	6	7	16	7	6	213	
213	14	213	9	6	8	6	18	18	11	6	7	16	7	6	213	
214	14	214	9	6	8	6	18	18	11	6	7	16	7	6	214	
214	14	214	9	6	8	6	18	18	11	6	7	16	7	6	214	
215	14	215	9	6	8	6	18	18	11	6	7	16	7	6	215	
215	14	215	9	6	8	6	18	18	11	6	7	16	7	6	215	
215	14	215	9	6	8	6	18	18	11	6	7	16	7	6	215	
217	14	217	9	6	8	6	18	18	11	6	7	16	7	6	217	
218	14	218	9	6	8	6	18	18	11	6	7	16	7	6	218	
218	14	218	9	6	8	6	18	18	11	6	7	16	7	6	218	
218	14	218	9	6	8	6	18	18	11	6	7	16	7	6	218	
218	14	218	9	6	8	6	18	18	11	6	7	16	7	6	218	
218	14	218	9	6	8	6	18	18	11	6	7	16	7	6	218	
218	14	218	9	6	8	6	18	18	11	6	7	16	7	6	218	
219	14	219	9	6	8	6	18	18	11	6	7	16	7	6	219	
219	14	219	9	6	8	6	18	18	11	6	7	16	7	6	219	
219	14	219	9	6	8	6	18	18	11	6	7	16	7	6	219	
219	14	219	9	6	8	6	18	18	11	6	7	16	7	6	219	
220	14	220	9	6	8	6	18	18	11	6	7	16	7	6	220	
220	14	220	9	6	8	6	18	18	11	6	7	16	7	6	220	
220	14	220	9	6	8	6	18	18	11	6	7	16	7	6	220	
220	14	220	9	6	8	6	18	18	11	6	7	16	7	6	220	
220	14	220	9	6	8	6	18	18	11	6	7	16	7	6	220	
220	14	220	9	6	8	6	18	18	11	6	7	16	7	6	220	
220	14	220	9	6	8	6	18	18	11	6	7	16	7	6	220	
220	14	220	9	6	8	6	18	18	11	6	7	16	7	6	220	
220	14	220	9	6	8	6	18	18	11	6	7	16	7	6	220	
221	14	221	9	6	8	6	18	18	11	6	7	16	7	6	221	
223	14	223	9	6	8	6	18	18	11	6	7	16	7	6	223	
224	14	224	9	6	8	6	18	18	11	6	7	16	7	6	224	
224	14	224	9	6	8	6	18	18	11	6	7	16	7	6	224	
224	14	224	9	6	8	6	18	18	11	6	7	16	7	6	224	
225	14	225	9	6	8	6	18	18	11	6	7	16	7	6	225	
226	14	226	9	6	8	6	18	18	11	6	7	16	7	6	226	
226	14	226	9	6	8	6	18	18	11	6	7	16	7	6	226	
226	14	226	9	6	8	6	18	18	11	6	7	16	7	6	226	
226	14	226	9	6	8	6	18	18	11	6	7	16	7	6	226	
226	14	226	9	6	8	6	18	18	11	6	7	16	7	6	226	
226	14	226	9	6	8	6	18	18	11	6	7	16	7	6	226	
228	14	228	9	6	8	6	18	18	11	6	7	16	7	6	228	
228	14	228	9	6	8	6	18	18	11	6	7	16	7	6	228	
228	14	228	9	6	8	6	18	18	11	6	7	16	7	6	228	
228	14	228	9	6	8	6	18	18	11	6	7	16	7	6	228	
228	14	228	9	6	8	6	18	18	11	6	7	16	7	6	228	
228	14	228	9	6	8	6	18	18	11	6	7	16	7	6	228	
228	14	228	9	6	8	6	18	18	11	6	7	16	7	6	228	
228	14	228	9	6	8	6	18	18	11	6	7	16	7	6	228	
228	14	228	9	6	8	6	18	18	11	6	7	16	7	6	228	
228	14	228	9	6	8	6	18	18	11	6	7	16	7	6	228	
228	14	228	9	6	8	6	18	18	11	6	7	16	7	6	228	
228	14	228	9	6	8	6	18	18	11	6	7	16	7	6	228	
228	14	228	9	6	8	6	18	18	11	6	7	16	7	6	228	
228	14	228	9	6	8	6	18	18	11	6	7	16	7	6	228	
228	14	228	9	6	8	6	18	18	11	6	7	16	7	6	228	
229	14	229	9	6	8	6	18	18	11	6	7	16	7	6	229	
229	14	229	9	6	8	6	18	18	11	6	7	16	7	6	229	
229	14	229	9	6	8	6	18	18	11	6	7	16	7	6	229	
230	14	230	9	6	8	6	18	18	11	6	7	16	7	6	230	
230	14	230	9	6	8	6	18	18	11	6	7	16	7	6	230	
231	14	231	9	6	8	6	18	18	11	6	7	16	7	6	231	
231	14	231	9	6	8	6	18	18	11	6	7	16	7	6	231	
231	14	231	9	6	8	6	18	18	11	6	7	16	7	6	231	
231	14	231	9	6	8	6	18	18	11	6	7	16	7	6	231	
231	14	231	9	6	8	6	18	18	11	6	7	16	7	6	231	
231	14	231	9	6	8	6	18	18	11	6	7	16	7	6	231	
231	14	231	9	6	8	6	18	18	11	6	7	16	7	6	231	
232	14	232	9	6	8	6	18	18	11	6	7	16	7	6	232	
232	14	232	9	6	8	6	18	18	11	6	7	16	7	6	232	
233	14	233	9	6	8	6	18	18	11	6	7	16	7	6	233	
234	14	234	9	6	8	6	18	18	11	6	7	16	7	6	234	
234	14	234	9	6	8	6	18	18	11	6	7	16	7	6	234	
234	14	234	9	6	8	6	18	18	11	6	7	16	7	6	234	
234	14	234	9	6	8	6	18	18	11	6	7	16	7	6	234	
234	14	234	9	6	8	6	18	18	11	6	7	16	7	6	234	
234	14	234	9	6	8	6	18	18	11	6	7	16	7	6	234	
235	14	235	9	6	8	6	18	18	11	6	7	16	7	6	235	
236	14	236	9	6	8	6	18	18	11	6	7	16	7	6	236	
236	14	236	9	6	8	6	18	18	11	6	7	16	7	6	236	
236	14	236	9	6	8	6	18	18	11	6	7	16	7	6	236	
236	14	236	9	6	8	6	18	18	11	6	7	16	7	6	236	
236	14	236	9	6	8	6	18	18	11	6	7	16	7	6	236	
240	14	240	9	6	8	6	18	18	11	6	7	16	7	6	240	
242	14	242	9	6	8	6	18	18	11	6	7	16	7	6	242	
243	14	243	9	6	8	6	18	18	11	6	7	16	7	6	243	
243	14	243	9	6	8	6	18	18	11	6	7	16	7	6	243	
243	14	243	9	6	8	6	18	18	11	6	7	16	7	6	243	
243	14	243	9	6	8	6	18	18	11	6	7	16	7	6	243	
243	14	243	9	6	8	6	18	18	11	6	7	16	7	6	243	
243	14	243	9	6	8	6	18	18	11	6	7	16	7	6	243	
244	14	244	9	6	8	6	18	18	11	6	7	16	7	6	244	
244	14	244	9	6	8	6	18	18	11	6	7	16	7	6	244	
246	14	246	9	6	8	6	18	18	11	6	7	16	7	6	246	
246	14	246	9	6	8	6	18	18	11	6	7	16	7	6	246	
247	14	247	9	6	8	6	18	18	11	6	7	16	7	6	247	
247	14	247	9	6	8	6	18	18	11	6	7	16	7	6	247	
247	14	247	9	6	8	6	18	18	11	6	7	16	7	6	247	
248	14	248	9	6	8	6	18	18	11	6	7	16	7	6	248	
250	14	250	9	6	8	6	18	18	11	6	7	16	7	6	250	
251	14	251	9	6	8	6	18	18	11	6	7	16	7	6	251	
252	14	252	9	6	8	6	18	18	11	6	7	16	7	6	252	
253	14	253	9	6	8	6	18	18	11	6	7	16	7	6	253	
253	14	253	9	6	8	6	18	18	11	6	7	16	7	6	253	
253	14	253	9	6	8	6	18	18	11	6	7	16	7	6	253	
253	14	253	9	6	8	6	18	18	11	6	7	16	7	6	253	
253	14	253	9	6	8	6	18	18	11	6	7	16	7	6	253	
253	14	253	9	6	8	6	18	18	11	6	7	16	7	6	253	
253	14	253	9	6	8	6	18	18	11	6	7	16	7	6	253	
254	14	254	9	6	8	6	18	18	11	6	7	16	7	6	254	
254	14	254	9	6	8	6	18	18	11	6	7	16	7	6	254	
256	14	256	9	6	8	6	18	18	11	6	7	16	7	6	256	
256	14	256	9	6	8	6	18	18	11	6	7	16	7	6	256	
256	14	256	9	6	8	6	18	18	11	6	7	16	7	6	256	
257	14	257	9	6	8	6	18	18	11	6	7	16	7	6	257	
257	14	257	9	6	8	6	18	18	11	6	7	16	7	6	257	
257	14	257	9	6	8	6	18	18	11	6	7	16	7	6	257	
257	14	257	9	6	8	6	18	18	11	6	7	16	7	6	257	
258	14	258	9	6	8	6	18	18	11	6	7	16	7	6	258	
258	14	258	9	6	8	6	18	18	11	6	7	16	7	6	258	
258	14	258	9	6	8	6	18	18	11	6	7	16	7	6	258	
258	14	258	9	6	8	6	18	18	11	6	7	16	7	6	258	
258	14	258	9	6	8	6	18	18	11	6	7	16	7	6	258	
259	14	259	9	6	8	6	18	18	11	6	7	16	7	6	259	
259	14	259	9	6	8	6	18	18	11	6	7	16	7	6	259	
259	14	259	9	6	8	6	18	18	11	6	7	16	7	6	259	
259	14	259	9	6	8	6	18	18	11	6	7	16	7	6	259	
259	14	259	9	6	8	6	18	18	11	6	7	16	7	6	259	
259	14	259	9	6	8	6	18	18	11	6	7	16	7	6	259	
259	14	259	9	6	8	6	18	18	11	6	7	16	7	6	259	
261	14	260	9	6	8	6	18	18	11	6	7	16	7	6	261	
260	14	260	9	6	8	6	18	18	11	6	7	16	7	6	260	
260	14	260	9	6	8	6	18	18	11	6	7	16	7	6	260	
261	14	261	9	6	8	6	18	18	11	6	7	16	7	6	261	
261	14	261	9	6	8	6	18	18	11	6	7	16	7	6	261	
261	14	261	9	6	8	6	18	18	11	6	7	16	7	6	261	
261	14	261	9	6	8	6	18	18	11	6	7	16	7	6	261	
262	14	262	9	6	8	6	18	18	11	6	7	16	7	6	262	
262	14	262	9	6	8	6	18	18	11	6	7	16	7	6	262	
263	14	263	9	6	8	6	18	18	11	6	7	16	7	6	263	
263	14	263	9	6	8	6	18	18	11	6	7	16	7	6	263	
263	14	263	9	6	8	6	18	18	11	6	7	16	7	6	263	
264	14	264	9	6	8	6	18	18	11	6	7	16	7	6	264	
266	14	266	9	6	8	6	18	18	11	6	7	16	7	6	266	
266	14	266	9	6	8	6	18	18	11	6	7	16	7	6	266	
266	14	266	9	6	8	6	18	18	11	6	7	16	7	6	266	
266	14	266	9	6	8	6	18	18	11	6	7	16	7	6	266	
267	14	267	9	6	8	6	18	18	11	6	7	16	7	6	267	
267	14	267	9	6	8	6	18	18	11	6	7	16	7	6	267	
268	14	268	9	6	8	6	18	18	11	6	7	16	7	6	268	
268	14	268	9	6	8	6	18	18	11	6	7	16	7	6	268	
269	14	269	9	6	8	6	18	18	11	6	7	16	7	6	269	
269	14	269	9	6	8	6	18	18	11	6	7	16	7	6	269	
269	14	269	9	6	8	6	18	18	11	6	7	16	7	6	269	
271	14	271	9	6	8	6	18	18	11	6	7	16	7	6	271	
271	14	271	9	6	8	6	18	18	11	6	7	16	7	6	271	
271	14	271	9	6	8	6	18	18	11	6	7	16	7	6	271	
274	14	274	9	6	8	6	18	18	11	6	7	16	7	6	274	
275	14	275	9	6	8	6	18	18	11	6	7	16	7	6	275	
275	14	275	9	6	8	6	18	18	11	6	7	16	7	6	275	
276	14	276	9	6	8	6	18	18	11	6	7	16	7	6	276	
277	14	277	9	6	8	6	18	18	11	6	7	16	7	6	277	
278	14	278	9	6	8	6	18	18	11	6	7	16	7	6	278	
278	14	278	9	6	8	6	18	18	11	6	7	16	7	6	278	
279	14	279	9	6	8	6	18	18	11	6	7	16	7	6	279	
280	14	280	9	6	8	6	18	18	11	6	7	16	7	6	280	
281	14	281	9	6	8	6	18	18	11	6	7	16	7	6	281	
283	14	283	9	6	8	6	18	18	11	6	7	16	7	6	283	
283	14	283	9	6	8	6	18	18	11	6	7	16	7	6	283	
283	14	283	9	6	8	6	18	18	11	6	7	16	7	6	283	
284	14	284	9	6	8	6	18	18	11	6	7	16	7	6	284	
284	14	284	9	6	8	6	18	18	11	6	7	16	7	6	284	
284	14	284	9	6	8	6	18	18	11	6	7	16	7	6	284	
286	14	286	9	6	8	6	18	18	11	6	7	16	7	6	286	
287	14	287	9	6	8	6	18	18	11	6	7	16	7	6	287	
287	14	287	9	6	8	6	18	18	11	6	7	16	7	6	287	
287	14	287	9	6	8	6	18	18	11	6	7	16	7	6	287	
288	14	288	9	6	8	6	18	18	11	6	7	16	7	6	288	
288	14	288	9	6	8	6	18	18	11	6	7	16	7	6	288	
288	14	288	9	6	8	6	18	18	11	6	7	16	7	6	288	
288	14	288	9	6	8	6	18	18	11	6	7	16	7	6	288	
288	14	288	9	6	8	6	18	18	11	6	7	16	7	6	288	
288	14	288	9	6	8	6	18	18	11	6	7	16	7	6	288	
288	14	288	9	6	8	6	18	18	11	6	7	16	7	6	288	
288	14	288	9	6	8	6	18	18	11	6	7	16	7	6	288	
288	14	288	9	6	8	6	18	18	11	6	7	16	7	6	288	
288	14	288	9	6	8	6	18	18	11	6	7	16	7	6	288	
289	14	289	9	6	8	6	18	18	11	6	7	16	7	6	289	
289	14	289	9	6	8	6	18	18	11	6	7	16	7	6	289	
289	14	289	9	6	8	6	18	18	11	6	7	16	7	6	289	
289	14	289	9	6	8	6	18	18	11	6	7	16	7	6	289	
290	14	290	9	6	8	6	18	18	11	6	7	16	7	6	290	
291	14	291	9	6	8	6	18	18	11	6	7	16	7	6	291	
291	14	291	9	6	8	6	18	18	11	6	7	16	7	6	291	
293	14	293	9	6	8	6	18	18	11	6	7	16	7	6	293	
293	14	293	9	6	8	6	18	18	11	6	7	16	7	6	293	
294	14	294	9	6	8	6	18	18	11	6	7	16	7	6	294	
294	14	294	9	6	8	6	18	18	11	6	7	16	7	6	294	
294	14	294	9	6	8	6	18	18	11	6	7	16	7	6	294	
294	14	294	9	6	8	6	18	18	11	6	7	16	7	6	294	
295	14	295	9	6	8	6	18	18	11	6	7	16	7	6	295	
295	14	295	9	6	8	6	18	18	11	6	7	16	7	6	295	
295	14	295	9	6	8	6	18	18	11	6	7	16	7	6	295	
295	14	295	9	6	8	6	18	18	11	6	7	16	7	6	295	
296	14	296	9	6	8	6	18	18	11	6	7	16	7	6	296	
296	14	296	9	6	8	6	18	18	11	6	7	16	7	6	296	
297	14	297	9	6	8	6	18	18	11	6	7	16	7	6	297	
297	14	297	9	6	8	6	18	18	11	6	7	16	7	6	297	
298	14	298	9	6	8	6	18	18	11	6	7	16	7	6	298	
298	14	298	9	6	8	6	18	18	11	6	7	16	7	6	298	
298	14	298	9	6	8	6	18	18	11	6	7	16	7	6	298	
298	14	298	9	6	8	6	18	18	11	6	7	16	7	6	298	
298	14	298	9	6	8	6	18	18	11	6	7	16	7	6	298	
300	14	300	9	6	8	6	18	18	11	6	7	16	7	6	300	
301	14	301	9	6	8	6	18	18	11	6	7	16	7	6	301	
301	14	301	9	6	8	6	18	18	11	6	7	16	7	6	301	
301	14	301	9	6	8	6	18	18	11	6	7	16	7	6	301	
301	14	301	9	6	8	6	18	18	11	6	7	16	7	6	301	
301	14	301	9	6	8	6	18	18	11	6	7	16	7	6	301	
301	14	301	9	6	8	6	18	18	11	6	7	16	7	6	301	
302	14	302	9	6	8	6	18	18	11	6	7	16	7	6	302	
302	14	302	9	6	8	6	18	18	11	6	7	16	7	6	302	
302	14	302	9	6	8	6	18	18	11	6	7	16	7	6	302	
304	14	304	9	6	8	6	18	18	11	6	7	16	7	6	304	
304	14	304	9	6	8	6	18	18	11	6	7	16	7	6	304	
304	14	304	9	6	8	6	18	18	11	6	7	16	7	6	304	
304	14	304	9	6	8	6	18	18	11	6	7	16	7	6	304	
304	14	304	9	6	8	6	18	18	11	6	7	16	7	6	304	
305	14	305	9	6	8	6	18	18	11	6	7	16	7	6	305	
306	14	306	9	6	8	6	18	18	11	6	7	16	7	6	306	
306	14	306	9	6	8	6	18	18	11	6	7	16	7	6	306	
307	14	307	9	6	8	6	18	18	11	6	7	16	7	6	307	
308	14	308	9	6	8	6	18	18	11	6	7	16	7	6	308	
308	14	308	9	6	8	6	18	18	11	6	7	16	7	6	308	
308	14	308	9	6	8	6	18	18	11	6	7	16	7	6	308	
308	14	308	9	6	8	6	18	18	11	6	7	16	7	6	308	
308	14	308	9	6	8	6	18	18	11	6	7	16	7	6	308	
308	14	308	9	6	8	6	18	18	11	6	7	16	7	6	308	
308	14	308	9	6	8	6	18	18	11	6	7	16	7	6	308	
309	14	309	9	6	8	6	18	18	11	6	7	16	7	6	309	
309	14	309	9	6	8	6	18	18	11	6	7	16	7	6	309	
310	14	310	9	6	8	6	18	18	11	6	7	16	7	6	310	
310	14	310	9	6	8	6	18	18	11	6	7	16	7	6	310	
312	14	312	9	6	8	6	18	18	11	6	7	16	7	6	312	
312	14	312	9	6	8	6	18	18	11	6	7	16	7	6	312	
312	14	312	9	6	8	6	18	18	11	6	7	16	7	6	312	
312	14	312	9	6	8	6	18	18	11	6	7	16	7	6	312	
312	14	312	9	6	8	6	18	18	11	6	7	16	7	6	312	
312	14	312	9	6	8	6	18	18	11	6	7	16	7	6	312	
312	14	312	9	6	8	6	18	18	11	6	7	16	7	6	312	
312	14	312	9	6	8	6	18	18	11	6	7	16	7	6	312	
312	14	312	9	6	8	6	18	18	11	6	7	16	7	6	312	
314	14	314	9	6	8	6	18	18	11	6	7	16	7	6	314	
314	14	314	9	6	8	6	18	18	11	6	7	16	7	6	314	
315	14	315	9	6	8	6	18	18	11	6	7	16	7	6	315	
315	14	315	9	6	8	6	18	18	11	6	7	16	7	6	315	
316	14	316	9	6	8	6	18	18	11	6	7	16	7	6	316	
316	14	316	9	6	8	6	18	18	11	6	7	16	7	6	316	
316	14	316	9	6	8	6	18	18	11	6	7	16	7	6	316	
316	14	316	9	6	8	6	18	18	11	6	7	16	7	6	316	
317	14	317	9	6	8	6	18	18	11	6	7	16	7	6	317	
317	14	317	9	6	8	6	18	18	11	6	7	16	7	6	317	
317	14	317	9	6	8	6	18	18	11	6	7	16	7	6	317	
317	14	317	9	6	8	6	18	18	11	6	7	16	7	6	317	
318	14	318	9	6	8	6	18	18	11	6	7	16	7	6	318	
318	14	318	9	6	8	6	18	18	11	6	7	16	7	6	318	
318	14	318	9	6	8	6	18	18	11	6	7	16	7	6	318	
318	14	318	9	6	8	6	18	18	11	6	7	16	7	6	318	
318	14	318	9	6	8	6	18	18	11	6	7	16	7	6	318	
319	14	319	9	6	8	6	18	18	11	6	7	16	7	6	319	
319	14	319	9	6	8	6	18	18	11	6	7	16	7	6	319	
319	14	319	9	6	8	6	18	18	11	6	7	16	7	6	319	
319	14	319	9	6	8	6	18	18	11	6	7	16	7	6	319	
319	14	319	9	6	8	6	18	18	11	6	7	16	7	6	319	
319	14	319	9	6	8	6	18	18	11	6	7	16	7	6	319	
320	14	320	9	6	8	6	18	18	11	6	7	16	7	6	320	
320	14	320	9	6	8	6	18	18	11	6	7	16	7	6	320	
320	14	320	9	6	8	6	18	18	11	6	7	16	7	6	320	
320	14	320	9	6	8	6	18	18	11	6	7	16	7	6	320	
321	14	321	9	6	8	6	18	18	11	6	7	16	7	6	321	
321	14	321	9	6	8	6	18	18	11	6	7	16	7	6	321	
322	14	322	9	6	8	6	18	18	11	6	7	16	7	6	322	
322	14	322	9	6	8	6	18	18	11	6	7	16	7	6	322	
322	14	322	9	6	8	6	18	18	11	6	7	16	7	6	322	
322	14	322	9	6	8	6	18	18	11	6	7	16	7	6	322	
322	14	322	9	6	8	6	18	18	11	6	7	16	7	6	322	
322	14	322	9	6	8	6	18	18	11	6	7	16	7	6	322	
323	14	323	9	6	8	6	18	18	11	6	7	16	7	6	323	
323	14	323	9	6	8	6	18	18	11	6	7	16	7	6	323	
323	14	323	9	6	8	6	18	18	11	6	7	16	7	6	323	
324	14	324	9	6	8	6	18	18	11	6	7	16	7	6	324	
324	14	324	9	6	8	6	18	18	11	6	7	16	7	6	324	
325	14	325	9	6	8	6	18	18	11	6	7	16	7	6	325	
325	14	325	9	6	8	6	18	18	11	6	7	16	7	6	325	
325	14	325	9	6	8	6	18	18	11	6	7	16	7	6	325	
325	14	325	9	6	8	6	18	18	11	6	7	16	7	6	325	
325	14	325	9	6	8	6	18	18	11	6	7	16	7	6	325	
325	14	325	9	6	8	6	18	18	11	6	7	16	7	6	325	
326	14	326	9	6	8	6	18	18	11	6	7	16	7	6	326	
326	14	326	9	6	8	6	18	18	11	6	7	16	7	6	326	
326	14	326	9	6	8	6	18	18	11	6	7	16	7	6	326	
326	14	326	9	6	8	6	18	18	11	6	7	16	7	6	326	
327	14	327	9	6	8	6	18	18	11	6	7	16	7	6	327	
327	14	327	9	6	8	6	18	18	11	6	7	16	7	6	327	
327	14	327	9	6	8	6	18	18	11	6	7	16	7	6	327	
327	14	327	9	6	8	6	18	18	11	6	7	16	7	6	327	
328	14	328	9	6	8	6	18	18	11	6	7	16	7	6	328	
328	14	328	9	6	8	6	18	18	11	6	7	16	7	6	328	
328	14	328	9	6	8	6	18	18	11	6	7	16	7	6	328	
328	14	328	9	6	8	6	18	18	11	6	7	16	7	6	328	
328	14	328	9	6	8	6	18	18	11	6	7	16	7	6	328	
328	14	328	9	6	8	6	18	18	11	6	7	16	7	6	328	
328	14	328	9	6	8	6	18	18	11	6	7	16	7	6	328	
329	14	329	9	6	8	6	18	18	11	6	7	16	7	6	329	
329	14	329	9	6	8	6	18	18	11	6	7	16	7	6	329	
330	14	330	9	6	8	6	18	18	11	6	7	16	7	6	330	
331	14	331	9	6	8	6	18	18	11	6	7	16	7	6	331	
332	14	332	9	6	8	6	18	18	11	6	7	16	7	6	332	
332	14	332	9	6	8	6	18	18	11	6	7	16	7	6	332	
333	14	333	9	6	8	6	18	18	11	6	7	16	7	6	333	
333	14	333	9	6	8	6	18	18	11	6	7	16	7	6	333	
335	14	335	9	6	8	6	18	18	11	6	7	16	7	6	335	
335	14	335	9	6	8	6	18	18	11	6	7	16	7	6	335	
335	14	335	9	6	8	6	18	18	11	6	7	16	7	6	335	
335	14	335	9	6	8	6	18	18	11	6	7	16	7	6	335	
335	14	335	9	6	8	6	18	18	11	6	7	16	7	6	335	
336	14	336	9	6	8	6	18	18	11	6	7	16	7	6	336	
336	14	336	9	6	8	6	18	18	11	6	7	16	7	6	336	
336	14	336	9	6	8	6	18	18	11	6	7	16	7	6	336	
336	14	336	9	6	8	6	18	18	11	6	7	16	7	6	336	
337	14	337	9	6	8	6	18	18	11	6	7	16	7	6	337	
338	14	338	9	6	8	6	18	18	11	6	7	16	7	6	338	
338	14	338	9	6	8	6	18	18	11	6	7	16	7	6	338	
338	14	338	9	6	8	6	18	18	11	6	7	16	7	6	338	
339	14	339	9	6	8	6	18	18	11	6	7	16	7	6	339	
339	14	339	9	6	8	6	18	18	11	6	7	16	7	6	339	
341	14	341	9	6	8	6	18	18	11	6	7	16	7	6	341	
342	14	342	9	6	8	6	18	18	11	6	7	16	7	6	342	
342	14	342	9	6	8	6	18	18	11	6	7	16	7	6	342	
343	14	343	9	6	8	6	18	18	11	6	7	16	7	6	343	
344	14	344	9	6	8	6	18	18	11	6	7	16	7	6	344	
345	14	345	9	6	8	6	18	18	11	6	7	16	7	6	345	
345	14	345	9	6	8	6	18	18	11	6	7	16	7	6	345	
345	14	345	9	6	8	6	18	18	11	6	7	16	7	6	345	
345	14	345	9	6	8	6	18	18	11	6	7	16	7	6	345	
345	14	345	9	6	8	6	18	18	11	6	7	16	7	6	345	
346	14	346	9	6	8	6	18	18	11	6	7	16	7	6	346	
346	14	346	9	6	8	6	18	18	11	6	7	16	7	6	346	
346	14	346	9	6	8	6	18	18	11	6	7	16	7	6	346	
346	14	346	9	6	8	6	18	18	11	6	7	16	7	6	346	
347	14	347	9	6	8	6	18	18	11	6	7	16	7	6	347	
347	14	347	9	6	8	6	18	18	11	6	7	16	7	6	347	
347	14	347	9	6	8	6	18	18	11	6	7	16	7	6	347	
347	14	347	9	6	8	6	18	18	11	6	7	16	7	6	347	
347	14	347	9	6	8	6	18	18	11	6	7	16	7	6	347	
347	14	347	9	6	8	6	18	18	11	6	7	16	7	6	347	
347	14	347	9	6	8	6	18	18	11	6	7	16	7	6	347	
347	14	347	9	6	8	6	18	18	11	6	7	16	7	6	347	
348	14	348	9	6	8	6	18	18	11	6	7	16	7	6	348	
348	14	348	9	6	8	6	18	18	11	6	7	16	7	6	348	
348	14	348	9	6	8	6	18	18	11	6	7	16	7	6	348	
348	14	348	9	6	8	6	18	18	11	6	7	16	7	6	348	
348	14	348	9	6	8	6	18	18	11	6	7	16	7	6	348	
348	14	348	9	6	8	6	18	18	11	6	7	16	7	6	348	
348	14	348	9	6	8	6	18	18	11	6	7	16	7	6	348	
348	14	348	9	6	8	6	18	18	11	6	7	16	7	6	348	
350	14	350	9	6	8	6	18	18	11	6	7	16	7	6	350	
350	14	350	9	6	8	6	18	18	11	6	7	16	7	6	350	
351	14	351	9	6	8	6	18	18	11	6	7	16	7	6	351	
352	14	352	9	6	8	6	18	18	11	6	7	16	7	6	352	
352	14	352	9	6	8	6	18	18	11	6	7	16	7	6	352	
353	14	353	9	6	8	6	18	18	11	6	7	16	7	6	353	
353	14	353	9	6	8	6	18	18	11	6	7	16	7	6	353	
353	14	353	9	6	8	6	18	18	11	6	7	16	7	6	353	
355	14	355	9	6	8	6	18	18	11	6	7	16	7	6	355	
355	14	355	9	6	8	6	18	18	11	6	7	16	7	6	355	
356	14	356	9	6	8	6	18	18	11	6	7	16	7	6	356	
356	14	356	9	6	8	6	18	18	11	6	7	16	7	6	356	
356	14	356	9	6	8	6	18	18	11	6	7	16	7	6	356	
357	14	357	9	6	8	6	18	18	11	6	7	16	7	6	357	
357	14	357	9	6	8	6	18	18	11	6	7	16	7	6	357	
358	14	358	9	6	8	6	18	18	11	6	7	16	7	6	358	
360	14	360	9	6	8	6	18	18	11	6	7	16	7	6	360	
360	14	360	9	6	8	6	18	18	11	6	7	16	7	6	360	
360	14	360	9	6	8	6	18	18	11	6	7	16	7	6	360	
360	14	360	9	6	8	6	18	18	11	6	7	16	7	6	360	
360	14	360	9	6	8	6	18	18	11	6	7	16	7	6	360	
362	14	362	9	6	8	6	18	18	11	6	7	16	7	6	362	
362	14	362	9	6	8	6	18	18	11	6	7	16	7	6	362	
362	14	362	9	6	8	6	18	18	11	6	7	16	7	6	362	
363	14	363	9	6	8	6	18	18	11	6	7	16	7	6	363	
363	14	363	9	6	8	6	18	18	11	6	7	16	7	6	363	
363	14	363	9	6	8	6	18	18	11	6	7	16	7	6	363	
364	14	364	9	6	8	6	18	18	11	6	7	16	7	6	364	
364	14	364	9	6	8	6	18	18	11	6	7	16	7	6	364	
365	14	365	9	6	8	6	18	18	11	6	7	16	7	6	365	
366	14	366	9	6	8	6	18	18	11	6	7	16	7	6	366	
367	14	367	9	6	8	6	18	18	11	6	7	16	7	6	367	
367	14	367	9	6	8	6	18	18	11	6	7	16	7	6	367	
367	14	367	9	6	8	6	18	18	11	6	7	16	7	6	367	
367	14	367	9	6	8	6	18	18	11	6	7	16	7	6	367	
368	14	368	9	6	8	6	18	18	11	6	7	16	7	6	368	
368	14	368	9	6	8	6	18	18	11	6	7	16	7	6	368	
368	14	368	9	6	8	6	18	18	11	6	7	16	7	6	368	
368	14	368	9	6	8	6	18	18	11	6	7	16	7	6	368	
368	14	368	9	6	8	6	18	18	11	6	7	16	7	6	368	
368	14	368	9	6	8	6	18	18	11	6	7	16	7	6	368	
368	14	368	9	6	8	6	18	18	11	6	7	16	7	6	368	
368	14	368	9	6	8	6	18	18	11	6	7	16	7	6	368	
368	14	368	9	6	8	6	18	18	11	6	7	16	7	6	368	
368	14	368	9	6	8	6	18	18	11	6	7	16	7	6	368	
368	14	368	9	6	8	6	18	18	11	6	7	16	7	6	368	
368	14	368	9	6	8	6	18	18	11	6	7	16	7	6	368	
369	14	369	9	6	8	6	18	18	11	6	7	16	7	6	369	
371	14	371	9	6	8	6	18	18	11	6	7	16	7	6	371	
372	14	372	9	6	8	6	18	18	11	6	7	16	7	6	372	
372	14	372	9	6	8	6	18	18	11	6	7	16	7	6	372	
373	14	373	9	6	8	6	18	18	11	6	7	16	7	6	373	
373	14	373	9	6	8	6	18	18	11	6	7	16	7	6	373	
374	14	374	9	6	8	6	18	18	11	6	7	16	7	6	374	
374	14	374	9	6	8	6	18	18	11	6	7	16	7	6	374	
374	14	374	9	6	8	6	18	18	11	6	7	16	7	6	374	
376	14	376	9	6	8	6	18	18	11	6	7	16	7	6	376	
376	14	376	9	6	8	6	18	18	11	6	7	16	7	6	376	
376	14	376	9	6	8	6	18	18	11	6	7	16	7	6	376	
377	14	377	9	6	8	6	18	18	11	6	7	16	7	6	377	
377	14	377	9	6	8	6	18	18	11	6	7	16	7	6	377	
378	14	378	9	6	8	6	18	18	11	6	7	16	7	6	378	
378	14	378	9	6	8	6	18	18	11	6	7	16	7	6	378	
379	14	379	9	6	8	6	18	18	11	6	7	16	7	6	379	
379	14	379	9	6	8	6	18	18	11	6	7	16	7	6	379	
379	14	379	9	6	8	6	18	18	11	6	7	16	7	6	379	
379	14	379	9	6	8	6	18	18	11	6	7	16	7	6	379	
380	14	380	9	6	8	6	18	18	11	6	7	16	7	6	380	
380	14	380	9	6	8	6	18	18	11	6	7	16	7	6	380	
380	14	380	9	6	8	6	18	18	11	6	7	16	7	6	380	
380	14	380	9	6	8	6	18	18	11	6	7	16	7	6	380	
380	14	380	9	6	8	6	18	18	11	6	7	16	7	6	380	
380	14	380	9	6	8	6	18	18	11	6	7	16	7	6	380	
381	14	381	9	6	8	6	18	18	11	6	7	16	7	6	381	
381	14	381	9	6	8	6	18	18	11	6	7	16	7	6	381	
381	14	381	9	6	8	6	18	18	11	6	7	16	7	6	381	
381	14	381	9	6	8	6	18	18	11	6	7	16	7	6	381	
381	14	381	9	6	8	6	18	18	11	6	7	16	7	6	381	
381	14	381	9	6	8	6	18	18	11	6	7	16	7	6	381	
381	14	381	9	6	8	6	18	18	11	6	7	16	7	6	381	
382	14	382	9	6	8	6	18	18	11	6	7	16	7	6	382	
382	14	382	9	6	8	6	18	18	11	6	7	16	7	6	382	
383	14	383	9	6	8	6	18	18	11	6	7	16	7	6	383	
384	14	384	9	6	8	6	18	18	11	6	7	16	7	6	384	
384	14	384	9	6	8	6	18	18	11	6	7	16	7	6	384	
384	14	384	9	6	8	6	18	18	11	6	7	16	7	6	384	
384	14	384	9	6	8	6	18	18	11	6	7	16	7	6	384	
384	14	384	9	6	8	6	18	18	11	6	7	16	7	6	384	
384	14	384	9	6	8	6	18	18	11	6	7	16	7	6	384	
385	14	385	9	6	8	6	18	18	11	6	7	16	7	6	385	
386	14	386	9	6	8	6	18	18	11	6	7	16	7	6	386	
387	14	387	9	6	8	6	18	18	11	6	7	16	7	6	387	
388	14	388	9	6	8	6	18	18	11	6	7	16	7	6	388	
389	14	389	9	6	8	6	18	18	11	6	7	16	7	6	389	
389	14	389	9	6	8	6	18	18	11	6	7	16	7	6	389	
390	14	390	9	6	8	6	18	18	11	6	7	16	7	6	390	
390	14	390	9	6	8	6	18	18	11	6	7	16	7	6	390	
390	14	390	9	6	8	6	18	18	11	6	7	16	7	6	390	
390	14	390	9	6	8	6	18	18	11	6	7	16	7	6	390	
390	14	390	9	6	8	6	18	18	11	6	7	16	7	6	390	
390	14	390	9	6	8	6	18	18	11	6	7	16	7	6	390	
390	14	390	9	6	8	6	18	18	11	6	7	16	7	6	390	
390	14	390	9	6	8	6	18	18	11	6	7	16	7	6	390	
390	14	390	9	6	8	6	18	18	11	6	7	16	7	6	390	
391	14	391	9	6	8	6	18	18	11	6	7	16	7	6	391	
391	14	391	9	6	8	6	18	18	11	6	7	16	7	6	391	
392	14	392	9	6	8	6	18	18	11	6	7	16	7	6	392	
392	14	392	9	6	8	6	18	18	11	6	7	16	7	6	392	
393	14	393	9	6	8	6	18	18	11	6	7	16	7	6	393	
393	14	393	9	6	8	6	18	18	11	6	7	16	7	6	393	
393	14	393	9	6	8	6	18	18	11	6	7	16	7	6	393	
395	14	395	9	6	8	6	18	18	11	6	7	16	7	6	395	
395	14	395	9	6	8	6	18	18	11	6	7	16	7	6	395	
395	14	395	9	6	8	6	18	18	11	6	7	16	7	6	395	
396	14	396	9	6	8	6	18	18	11	6	7	16	7	6	396	
396	14	396	9	6	8	6	18	18	11	6	7	16	7	6	396	
396	14	396	9	6	8	6	18	18	11	6	7	16	7	6	396	
397	14	397	9	6	8	6	18	18	11	6	7	16	7	6	397	
397	14	397	9	6	8	6	18	18	11	6	7	16	7	6	397	
397	14	397	9	6	8	6	18	18	11	6	7	16	7	6	397	
398	14	398	9	6	8	6	18	18	11	6	7	16	7	6	398	
398	14	398	9	6	8	6	18	18	11	6	7	16	7	6	398	
398	14	398	9	6	8	6	18	18	11	6	7	16	7	6	398	
398	14	398	9	6	8	6	18	18	11	6	7	16	7	6	398	
398	14	398	9	6	8	6	18	18	11	6	7	16	7	6	398	
398	14	398	9	6	8	6	18	18	11	6	7	16	7	6	398	
398	14	398	9	6	8	6	18	18	11	6	7	16	7	6	398	
398	14	398	9	6	8	6	18	18	11	6	7	16	7	6	398	
399	14	399	9	6	8	6	18	18	11	6	7	16	7	6	399	
399	14	399	9	6	8	6	18	18	11	6	7	16	7	6	399	
399	14	399	9	6	8	6	18	18	11	6	7	16	7	6	399	
399	14	399	9	6	8	6	18	18	11	6	7	16	7	6	399	
401	14	401	9	6	8	6	18	18	11	6	7	16	7	6	401	
401	14	401	9	6	8	6	18	18	11	6	7	16	7	6	401	
401	14	401	9	6	8	6	18	18	11	6	7	16	7	6	401	
402	14	402	9	6	8	6	18	18	11	6	7	16	7	6	402	
403	14	403	9	6	8	6	18	18	11	6	7	16	7	6	403	
403	14	403	9	6	8	6	18	18	11	6	7	16	7	6	403	
403	14	403	9	6	8	6	18	18	11	6	7	16	7	6	403	
404	14	404	9	6	8	6	18	18	11	6	7	16	7	6	404	
404	14	404	9	6	8	6	18	18	11	6	7	16	7	6	404	
404	14	404	9	6	8	6	18	18	11	6	7	16	7	6	404	
404	14	404	9	6	8	6	18	18	11	6	7	16	7	6	404	
405	14	405	9	6	8	6	18	18	11	6	7	16	7	6	405	
405	14	405	9	6	8	6	18	18	11	6	7	16	7	6	405	
405	14	405	9	6	8	6	18	18	11	6	7	16	7	6	405	
405	14	405	9	6	8	6	18	18	11	6	7	16	7	6	405	
405	14	405	9	6	8	6	18	18	11	6	7	16	7	6	405	
405	14	405	9	6	8	6	18	18	11	6	7	16	7	6	405	
406	14	406	9	6	8	6	18	18	11	6	7	16	7	6	406	
406	14	406	9	6	8	6	18	18	11	6	7	16	7	6	406	
407	14	407	9	6	8	6	18	18	11	6	7	16	7	6	407	
407	14	407	9	6	8	6	18	18	11	6	7	16	7	6	407	
408	14	408	9	6	8	6	18	18	11	6	7	16	7	6	408	
408	14	408	9	6	8	6	18	18	11	6	7	16	7	6	408	
408	14	408	9	6	8	6	18	18	11	6	7	16	7	6	408	
408	14	408	9	6	8	6	18	18	11	6	7	16	7	6	408	
409	14	409	9	6	8	6	18	18	11	6	7	16	7	6	409	
409	14	409	9	6	8	6	18	18	11	6	7	16	7	6	409	
409	14	409	9	6	8	6	18	18	11	6	7	16	7	6	409	
409	14	409	9	6	8	6	18	18	11	6	7	16	7	6	409	
409	14	409	9	6	8	6	18	18	11	6	7	16	7	6	409	
411	14	411	9	6	8	6	18	18	11	6	7	16	7	6	411	
412	14	412	9	6	8	6	18	18	11	6	7	16	7	6	412	
412	14	412	9	6	8	6	18	18	11	6	7	16	7	6	412	
413	14	413	9	6	8	6	18	18	11	6	7	16	7	6	413	
414	14	414	9	6	8	6	18	18	11	6	7	16	7	6	414	
414	14	414	9	6	8	6	18	18	11	6	7	16	7	6	414	
414	14	414	9	6	8	6	18	18	11	6	7	16	7	6	414	
414	14	414	9	6	8	6	18	18	11	6	7	16	7	6	414	
415	14	415	9	6	8	6	18	18	11	6	7	16	7	6	415	
415	14	415	9	6	8	6	18	18	11	6	7	16	7	6	415	
415	14	415	9	6	8	6	18	18	11	6	7	16	7	6	415	
415	14	415	9	6	8	6	18	18	11	6	7	16	7	6	415	
415	14	415	9	6	8	6	18	18	11	6	7	16	7	6	415	
415	14	415	9	6	8	6	18	18	11	6	7	16	7	6	415	
415	14	415	9	6	8	6	18	18	11	6	7	16	7	6	415	
415	14	415	9	6	8	6	18	18	11	6	7	16	7	6	415	
415	14	415	9	6	8	6	18	18	11	6	7	16	7	6	415	
415	14	415	9	6	8	6	18	18	11	6	7	16	7	6	415	
415	14	415	9	6	8	6	18	18	11	6	7	16	7	6	415	
415	14	415	9	6	8	6	18	18	11	6	7	16	7	6	415	
416	14	416	9	6	8	6	18	18	11	6	7	16	7	6	416	
416	14	416	9	6	8	6	18	18	11	6	7	16	7	6	416	
416	14	416	9	6	8	6	18	18	11	6	7	16	7	6	416	
417	14	417	9	6	8	6	18	18	11	6	7	16	7	6	417	
417	14	417	9	6	8	6	18	18	11	6	7	16	7	6	417	
417	14	417	9	6	8	6	18	18	11	6	7	16	7	6	417	
418	14	418	9	6	8	6	18	18	11	6	7	16	7	6	418	
418	14	418	9	6	8	6	18	18	11	6	7	16	7	6	418	
418	14	418	9	6	8	6	18	18	11	6	7	16	7	6	418	
418	14	418	9	6	8	6	18	18	11	6	7	16	7	6	418	
419	14	419	9	6	8	6	18	18	11	6	7	16	7	6	419	
419	14	419	9	6	8	6	18	18	11	6	7	16	7	6	419	
419	14	419	9	6	8	6	18	18	11	6	7	16	7	6	419	
419	14	419	9	6	8	6	18	18	11	6	7	16	7	6	419	
419	14	419	9	6	8	6	18	18	11	6	7	16	7	6	419	
420	14	420	9	6	8	6	18	18	11	6	7	16	7	6	420	
420	14	420	9	6	8	6	18	18	11	6	7	16	7	6	420	
420	14	420	9	6	8	6	18	18	11	6	7	16	7	6	420	
420	14	420	9	6	8	6	18	18	11	6	7	16	7	6	420	
420	14	420	9	6	8	6	18	18	11	6	7	16	7	6	420	
420	14	420	9	6	8	6	18	18	11	6	7	16	7	6	420	
420	14	420	9	6	8	6	18	18	11	6	7	16	7	6	420	
420	14	420	9	6	8	6	18	18	11	6	7	16	7	6	420	
420	14	420	9	6	8	6	18	18	11	6	7	16	7	6	420	
421	14	421	9	6	8	6	18	18	11	6	7	16	7	6	421	
421	14	421	9	6	8	6	18	18	11	6	7	16	7	6	421	
421	14	421	9	6	8	6	18	18	11	6	7	16	7	6	421	
421	14	421	9	6	8	6	18	18	11	6	7	16	7	6	421	
421	14	421	9	6	8	6	18	18	11	6	7	16	7	6	421	
421	14	421	9	6	8	6	18	18	11	6	7	16	7	6	421	
421	14	421	9	6	8	6	18	18	11	6	7	16	7	6	421	
421	14	421	9	6	8	6	18	18	11	6	7	16	7	6	421	
421	14	421	9	6	8	6	18	18	11	6	7	16	7	6	421	
421	14	421	9	6	8	6	18	18	11	6	7	16	7	6	421	
422	14	422	9	6	8	6	18	18	11	6	7	16	7	6	422	
423	14	423	9	6	8	6	18	18	11	6	7	16	7	6	423	
423	14	423	9	6	8	6	18	18	11	6	7	16	7	6	423	
423	14	423	9	6	8	6	18	18	11	6	7	16	7	6	423	
423	14	423	9	6	8	6	18	18	11	6	7	16	7	6	423	
424	14	424	9	6	8	6	18	18	11	6	7	16	7	6	424	
424	14	424	9	6	8	6	18	18	11	6	7	16	7	6	424	
425	14	425	9	6	8	6	18	18	11	6	7	16	7	6	425	
425	14	425	9	6	8	6	18	18	11	6	7	16	7	6	425	
425	14	425	9	6	8	6	18	18	11	6	7	16	7	6	425	
425	14	425	9	6	8	6	18	18	11	6	7	16	7	6	425	
427	14	427	9	6	8	6	18	18	11	6	7	16	7	6	427	
427	14	427	9	6	8	6	18	18	11	6	7	16	7	6	427	
428	14	428	9	6	8	6	18	18	11	6	7	16	7	6	428	
428	14	428	9	6	8	6	18	18	11	6	7	16	7	6	428	
428	14	428	9	6	8	6	18	18	11	6	7	16	7	6	428	
428	14	428	9	6	8	6	18	18	11	6	7	16	7	6	428	
429	14	429	9	6	8	6	18	18	11	6	7	16	7	6	429	
429	14	429	9	6	8	6	18	18	11	6	7	16	7	6	429	
429	14	429	9	6	8	6	18	18	11	6	7	16	7	6	429	
430	14	430	9	6	8	6	18	18	11	6	7	16	7	6	430	
431	14	431	9	6	8	6	18	18	11	6	7	16	7	6	431	
432	14	432	9	6	8	6	18	18	11	6	7	16	7	6	432	
434	14	434	9	6	8	6	18	18	11	6	7	16	7	6	434	
436	14	436	9	6	8	6	18	18	11	6	7	16	7	6	436	
436	14	436	9	6	8	6	18	18	11	6	7	16	7	6	436	
436	14	436	9	6	8	6	18	18	11	6	7	16	7	6	436	
436	14	436	9	6	8	6	18	18	11	6	7	16	7	6	436	
436	14	436	9	6	8	6	18	18	11	6	7	16	7	6	436	
436	14	436	9	6	8	6	18	18	11	6	7	16	7	6	436	
437	14	437	9	6	8	6	18	18	11	6	7	16	7	6	437	
438	14	438	9	6	8	6	18	18	11	6	7	16	7	6	438	
438	14	438	9	6	8	6	18	18	11	6	7	16	7	6	438	
438	14	438	9	6	8	6	18	18	11	6	7	16	7	6	438	
438	14	438	9	6	8	6	18	18	11	6	7	16	7	6	438	
438	14	438	9	6	8	6	18	18	11	6	7	16	7	6	438	
438	14	438	9	6	8	6	18	18	11	6	7	16	7	6	438	
438	14	438	9	6	8	6	18	18	11	6	7	16	7	6	438	
438	14	438	9	6	8	6	18	18	11	6	7	16	7	6	438	
439	14	439	9	6	8	6	18	18	11	6	7	16	7	6	439	
439	14	439	9	6	8	6	18	18	11	6	7	16	7	6	439	
439	14	439	9	6	8	6	18	18	11	6	7	16	7	6	439	
439	14	439	9	6	8	6	18	18	11	6	7	16	7	6	439	
439	14	439	9	6	8	6	18	18	11	6	7	16	7	6	439	
439	14	439	9	6	8	6	18	18	11	6	7	16	7	6	439	
439	14	439	9	6	8	6	18	18	11	6	7	16	7	6	439	
440	14	440	9	6	8	6	18	18	11	6	7	16	7	6	440	
440	14	440	9	6	8	6	18	18	11	6	7	16	7	6	440	
440	14	440	9	6	8	6	18	18	11	6	7	16	7	6	440	
440	14	440	9	6	8	6	18	18	11	6	7	16	7	6	440	
440	14	440	9	6	8	6	18	18	11	6	7	16	7	6	440	
442	14	442	9	6	8	6	18	18	11	6	7	16	7	6	442	
442	14	442	9	6	8	6	18	18	11	6	7	16	7	6	442	
442	14	442	9	6	8	6	18	18	11	6	7	16	7	6	442	
442	14	442	9	6	8	6	18	18	11	6	7	16	7	6	442	
442	14	442	9	6	8	6	18	18	11	6	7	16	7	6	442	
442	14	442	9	6	8	6	18	18	11	6	7	16	7	6	442	
443	14	443	9	6	8	6	18	18	11	6	7	16	7	6	443	
443	14	443	9	6	8	6	18	18	11	6	7	16	7	6	443	
444	14	444	9	6	8	6	18	18	11	6	7	16	7	6	444	
444	14	444	9	6	8	6	18	18	11	6	7	16	7	6	444	
444	14	444	9	6	8	6	18	18	11	6	7	16	7	6	444	
444	14	444	9	6	8	6	18	18	11	6	7	16	7	6	444	
445	14	445	9	6	8	6	18	18	11	6	7	16	7	6	445	
446	14	446	9	6	8	6	18	18	11	6	7	16	7	6	446	
446	14	446	9	6	8	6	18	18	11	6	7	16	7	6	446	
446	14	446	9	6	8	6	18	18	11	6	7	16	7	6	446	
447	14	447	9	6	8	6	18	18	11	6	7	16	7	6	447	
447	14	447	9	6	8	6	18	18	11	6	7	16	7	6	447	
447	14	447	9	6	8	6	18	18	11	6	7	16	7	6	447	
447	14	447	9	6	8	6	18	18	11	6	7	16	7	6	447	
447	14	447	9	6	8	6	18	18	11	6	7	16	7	6	447	
447	14	447	9	6	8	6	18	18	11	6	7	16	7	6	447	
449	14	449	9	6	8	6	18	18	11	6	7	16	7	6	449	
449	14	449	9	6	8	6	18	18	11	6	7	16	7	6	449	
449	14	449	9	6	8	6	18	18	11	6	7	16	7	6	449	
449	14	449	9	6	8	6	18	18	11	6	7	16	7	6	449	
450	14	450	9	6	8	6	18	18	11	6	7	16	7	6	450	
451	14	451	9	6	8	6	18	18	11	6	7	16	7	6	451	
451	14	451	9	6	8	6	18	18	11	6	7	16	7	6	451	
451	14	451	9	6	8	6	18	18	11	6	7	16	7	6	451	
451	14	451	9	6	8	6	18	18	11	6	7	16	7	6	451	
452	14	452	9	6	8	6	18	18	11	6	7	16	7	6	452	
452	14	452	9	6	8	6	18	18	11	6	7	16	7	6	452	
452	14	452	9	6	8	6	18	18	11	6	7	16	7	6	452	
453	14	453	9	6	8	6	18	18	11	6	7	16	7	6	453	
454	14	454	9	6	8	6	18	18	11	6	7	16	7	6	454	
454	14	454	9	6	8	6	18	18	11	6	7	16	7	6	454	
454	14	454	9	6	8	6	18	18	11	6	7	16	7	6	454	
454	14	454	9	6	8	6	18	18	11	6	7	16	7	6	454	
454	14	454	9	6	8	6	18	18	11	6	7	16	7	6	454	
455	14	455	9	6	8	6	18	18	11	6	7	16	7	6	455	
455	14	455	9	6	8	6	18	18	11	6	7	16	7	6	455	
455	14	455	9	6	8	6	18	18	11	6	7	16	7	6	455	
455	14	455	9	6	8	6	18	18	11	6	7	16	7	6	455	
456	14	456	9	6	8	6	18	18	11	6	7	16	7	6	456	
456	14	456	9	6	8	6	18	18	11	6	7	16	7	6	456	
456	14	456	9	6	8	6	18	18	11	6	7	16	7	6	456	
456	14	456	9	6	8	6	18	18	11	6	7	16	7	6	456	
456	14	456	9	6	8	6	18	18	11	6	7	16	7	6	456	
457	14	457	9	6	8	6	18	18	11	6	7	16	7	6	457	
457	14	457	9	6	8	6	18	18	11	6	7	16	7	6	457	
457	14	457	9	6	8	6	18	18	11	6	7	16	7	6	457	
457	14	457	9	6	8	6	18	18	11	6	7	16	7	6	457	
457	14	457	9	6	8	6	18	18	11	6	7	16	7	6	457	
457	14	457	9	6	8	6	18	18	11	6	7	16	7	6	457	
458	14	458	9	6	8	6	18	18	11	6	7	16	7	6	458	
458	14	458	9	6	8	6	18	18	11	6	7	16	7	6	458	
458	14	458	9	6	8	6	18	18	11	6	7	16	7	6	458	
458	14	458	9	6	8	6	18	18	11	6	7	16	7	6	458	
459	14	459	9	6	8	6	18	18	11	6	7	16	7	6	459	
460	14	460	9	6	8	6	18	18	11	6	7	16	7	6	460	
460	14	460	9	6	8	6	18	18	11	6	7	16	7	6	460	
460	14	460	9	6	8	6	18	18	11	6	7	16	7	6	460	
460	14	460	9	6	8	6	18	18	11	6	7	16	7	6	460	
461	14	461	9	6	8	6	18	18	11	6	7	16	7	6	461	
461	14	461	9	6	8	6	18	18	11	6	7	16	7	6	461	
462	14	462	9	6	8	6	18	18	11	6	7	16	7	6	462	
462	14	462	9	6	8	6	18	18	11	6	7	16	7	6	462	
462	14	462	9	6	8	6	18	18	11	6	7	16	7	6	462	
462	14	462	9	6	8	6	18	18	11	6	7	16	7	6	462	
463	14	463	9	6	8	6	18	18	11	6	7	16	7	6	463	
463	14	463	9	6	8	6	18	18	11	6	7	16	7	6	463	
464	14	464	9	6	8	6	18	18	11	6	7	16	7	6	464	
464	14	464	9	6	8	6	18	18	11	6	7	16	7	6	464	
464	14	464	9	6	8	6	18	18	11	6	7	16	7	6	464	
464	14	464	9	6	8	6	18	18	11	6	7	16	7	6	464	
464	14	464	9	6	8	6	18	18	11	6	7	16	7	6	464	
464	14	464	9	6	8	6	18	18	11	6	7	16	7	6	464	
464	14	464	9	6	8	6	18	18	11	6	7	16	7	6	464	
464	14	464	9	6	8	6	18	18	11	6	7	16	7	6	464	
465	14	465	9	6	8	6	18	18	11	6	7	16	7	6	465	
466	14	466	9	6	8	6	18	18	11	6	7	16	7	6	466	
467	14	467	9	6	8	6	18	18	11	6	7	16	7	6	467	
468	14	468	9	6	8	6	18	18	11	6	7	16	7	6	468	
469	14	469	9	6	8	6	18	18	11	6	7	16	7	6	469	
470	14	470	9	6	8	6	18	18	11	6	7	16	7	6	470	
470	14	470	9	6	8	6	18	18	11	6	7	16	7	6	470	
471	14	471	9	6	8	6	18	18	11	6	7	16	7	6	471	
471	14	471	9	6	8	6	18	18	11	6	7	16	7	6	471	
471	14	471	9	6	8	6	18	18	11	6	7	16	7	6	471	
472	14	472	9	6	8	6	18	18	11	6	7	16	7	6	472	
472	14	472	9	6	8	6	18	18	11	6	7	16	7	6	472	
472	14	472	9	6	8	6	18	18	11	6	7	16	7	6	472	
472	14	472	9	6	8	6	18	18	11	6	7	16	7	6	472	
472	14	472	9	6	8	6	18	18	11	6	7	16	7	6	472	
472	14	472	9	6	8	6	18	18	11	6	7	16	7	6	472	
472	14	472	9	6	8	6	18	18	11	6	7	16	7	6	472	
473	14	473	9	6	8	6	18	18	11	6	7	16	7	6	473	
473	14	473	9	6	8	6	18	18	11	6	7	16	7	6	473	
474	14	474	9	6	8	6	18	18	11	6	7	16	7	6	474	
474	14	474	9	6	8	6	18	18	11	6	7	16	7	6	474	
474	14	474	9	6	8	6	18	18	11	6	7	16	7	6	474	
474	14	474	9	6	8	6	18	18	11	6	7	16	7	6	474	
474	14	474	9	6	8	6	18	18	11	6	7	16	7	6	474	
474	14	474	9	6	8	6	18	18	11	6	7	16	7	6	474	
474	14	474	9	6	8	6	18	18	11	6	7	16	7	6	474	
474	14	474	9	6	8	6	18	18	11	6	7	16	7	6	474	
474	14	474	9	6	8	6	18	18	11	6	7	16	7	6	474	
474	14	474	9	6	8	6	18	18	11	6	7	16	7	6	474	
474	14	474	9	6	8	6	18	18	11	6	7	16	7	6	474	
474	14	474	9	6	8	6	18	18	11	6	7	16	7	6	474	
474	14	474	9	6	8	6	18	18	11	6	7	16	7	6	474	
474	14	474	9	6	8	6	18	18	11	6	7	16	7	6	474	
475	14	475	9	6	8	6	18	18	11	6	7	16	7	6	475	
475	14	475	9	6	8	6	18	18	11	6	7	16	7	6	475	
478	14	478	9	6	8	6	18	18	11	6	7	16	7	6	478	
478	14	478	9	6	8	6	18	18	11	6	7	16	7	6	478	
478	14	478	9	6	8	6	18	18	11	6	7	16	7	6	478	
478	14	478	9	6	8	6	18	18	11	6	7	16	7	6	478	
478	14	478	9	6	8	6	18	18	11	6	7	16	7	6	478	
479	14	479	9	6	8	6	18	18	11	6	7	16	7	6	479	
480	14	480	9	6	8	6	18	18	11	6	7	16	7	6	480	
481	14	481	9	6	8	6	18	18	11	6	7	16	7	6	481	
481	14	481	9	6	8	6	18	18	11	6	7	16	7	6	481	
481	14	481	9	6	8	6	18	18	11	6	7	16	7	6	481	
481	14	481	9	6	8	6	18	18	11	6	7	16	7	6	481	
481	14	481	9	6	8	6	18	18	11	6	7	16	7	6	481	
482	14	482	9	6	8	6	18	18	11	6	7	16	7	6	482	
482	14	482	9	6	8	6	18	18	11	6	7	16	7	6	482	
482	14	482	9	6	8	6	18	18	11	6	7	16	7	6	482	
482	14	482	9	6	8	6	18	18	11	6	7	16	7	6	482	
482	14	482	9	6	8	6	18	18	11	6	7	16	7	6	482	
482	14	482	9	6	8	6	18	18	11	6	7	16	7	6	482	
484	14	484	9	6	8	6	18	18	11	6	7	16	7	6	484	
484	14	484	9	6	8	6	18	18	11	6	7	16	7	6	484	
484	14	484	9	6	8	6	18	18	11	6	7	16	7	6	484	
485	14	485	9	6	8	6	18	18	11	6	7	16	7	6	485	
485	14	485	9	6	8	6	18	18	11	6	7	16	7	6	485	
486	14	486	9	6	8	6	18	18	11	6	7	16	7	6	486	
487	14	487	9	6	8	6	18	18	11	6	7	16	7	6	487	
488	14	488	9	6	8	6	18	18	11	6	7	16	7	6	488	
489	14	489	9	6	8	6	18	18	11	6	7	16	7	6	489	
489	14	489	9	6	8	6	18	18	11	6	7	16	7	6	489	
489	14	489	9	6	8	6	18	18	11	6	7	16	7	6	489	
490	14	490	9	6	8	6	18	18	11	6	7	16	7	6	490	
490	14	490	9	6	8	6	18	18	11	6	7	16	7	6	490	
490	14	490	9	6	8	6	18	18	11	6	7	16	7	6	490	
490	14	490	9	6	8	6	18	18	11	6	7	16	7	6	490	
490	14	490	9	6	8	6	18	18	11	6	7	16	7	6	490	
490	14	490	9	6	8	6	18	18	11	6	7	16	7	6	490	
490	14	490	9	6	8	6	18	18	11	6	7	16	7	6	490	
490	14	490	9	6	8	6	18	18	11	6	7	16	7	6	490	
491	14	491	9	6	8	6	18	18	11	6	7	16	7	6	491	
493	14	493	9	6	8	6	18	18	11	6	7	16	7	6	493	
494	14	494	9	6	8	6	18	18	11	6	7	16	7	6	494	
494	14	494	9	6	8	6	18	18	11	6	7	16	7	6	494	
497	14	497	9	6	8	6	18	18	11	6	7	16	7	6	497	
497	14	497	9	6	8	6	18	18	11	6	7	16	7	6	497	
499	14	499	9	6	8	6	18	18	11	6	7	16	7	6	499	
499	14	499	9	6	8	6	18	18	11	6	7	16	7	6	499	
499	14	499	9	6	8	6	18	18	11	6	7	16	7	6	499	
501	14	501	9	6	8	6	18	18	11	6	7	16	7	6	501	
503	14	503	9	6	8	6	18	18	11	6	7	16	7	6	503	
503	14	503	9	6	8	6	18	18	11	6	7	16	7	6	503	
504	14	504	9	6	8	6	18	18	11	6	7	16	7	6	504	
505	14	505	9	6	8	6	18	18	11	6	7	16	7	6	505	
505	14	505	9	6	8	6	18	18	11	6	7	16	7	6	505	
506	14	506	9	6	8	6	18	18	11	6	7	16	7	6	506	
506	14	506	9	6	8	6	18	18	11	6	7	16	7	6	506	
506	14	506	9	6	8	6	18	18	11	6	7	16	7	6	506	
506	14	506	9	6	8	6	18	18	11	6	7	16	7	6	506	
506	14	506	9	6	8	6	18	18	11	6	7	16	7	6	506	
506	14	506	9	6	8	6	18	18	11	6	7	16	7	6	506	
507	14	507	9	6	8	6	18	18	11	6	7	16	7	6	507	
507	14	507	9	6	8	6	18	18	11	6	7	16	7	6	507	
507	14	507	9	6	8	6	18	18	11	6	7	16	7	6	507	
508	14	508	9	6	8	6	18	18	11	6	7	16	7	6	508	
508	14	508	9	6	8	6	18	18	11	6	7	16	7	6	508	
508	14	508	9	6	8	6	18	18	11	6	7	16	7	6	508	
508	14	508	9	6	8	6	18	18	11	6	7	16	7	6	508	
508	14	508	9	6	8	6	18	18	11	6	7	16	7	6	508	
508	14	508	9	6	8	6	18	18	11	6	7	16	7	6	508	
509	14	509	9	6	8	6	18	18	11	6	7	16	7	6	509	
510	14	510	9	6	8	6	18	18	11	6	7	16	7	6	510	
510	14	510	9	6	8	6	18	18	11	6	7	16	7	6	510	
510	14	510	9	6	8	6	18	18	11	6	7	16	7	6	510	
511	14	511	9	6	8	6	18	18	11	6	7	16	7	6	511	
511	14	511	9	6	8	6	18	18	11	6	7	16	7	6	511	
511	14	511	9	6	8	6	18	18	11	6	7	16	7	6	511	
511	14	511	9	6	8	6	18	18	11	6	7	16	7	6	511	
511	14	511	9	6	8	6	18	18	11	6	7	16	7	6	511	
511	14	511	9	6	8	6	18	18	11	6	7	16	7	6	511	
512	14	512	9	6	8	6	18	18	11	6	7	16	7	6	512	
515	14	515	9	6	8	6	18	18	11	6	7	16	7	6	515	
515	14	515	9	6	8	6	18	18	11	6	7	16	7	6	515	
515	14	515	9	6	8	6	18	18	11	6	7	16	7	6	515	
515	14	515	9	6	8	6	18	18	11	6	7	16	7	6	515	
516	14	516	9	6	8	6	18	18	11	6	7	16	7	6	516	
516	14	516	9	6	8	6	18	18	11	6	7	16	7	6	516	
516	14	516	9	6	8	6	18	18	11	6	7	16	7	6	516	
516	14	516	9	6	8	6	18	18	11	6	7	16	7	6	516	
517	14	517	9	6	8	6	18	18	11	6	7	16	7	6	517	
517	14	517	9	6	8	6	18	18	11	6	7	16	7	6	517	
518	14	518	9	6	8	6	18	18	11	6	7	16	7	6	518	
518	14	518	9	6	8	6	18	18	11	6	7	16	7	6	518	
518	14	518	9	6	8	6	18	18	11	6	7	16	7	6	518	
518	14	518	9	6	8	6	18	18	11	6	7	16	7	6	518	
519	14	519	9	6	8	6	18	18	11	6	7	16	7	6	519	
519	14	519	9	6	8	6	18	18	11	6	7	16	7	6	519	
519	14	519	9	6	8	6	18	18	11	6	7	16	7	6	519	
520	14	520	9	6	8	6	18	18	11	6	7	16	7	6	520	
520	14	520	9	6	8	6	18	18	11	6	7	16	7	6	520	
520	14	520	9	6	8	6	18	18	11	6	7	16	7	6	520	
520	14	520	9	6	8	6	18	18	11	6	7	16	7	6	520	
520	14	520	9	6	8	6	18	18	11	6	7	16	7	6	520	
520	14	520	9	6	8	6	18	18	11	6	7	16	7	6	520	
521	14	521	9	6	8	6	18	18	11	6	7	16	7	6	521	
522	14	522	9	6	8	6	18	18	11	6	7	16	7	6	522	
522	14	522	9	6	8	6	18	18	11	6	7	16	7	6	522	
522	14	522	9	6	8	6	18	18	11	6	7	16	7	6	522	
524	14	524	9	6	8	6	18	18	11	6	7	16	7	6	524	
524	14	524	9	6	8	6	18	18	11	6	7	16	7	6	524	
524	14	524	9	6	8	6	18	18	11	6	7	16	7	6	524	
525	14	525	9	6	8	6	18	18	11	6	7	16	7	6	525	
525	14	525	9	6	8	6	18	18	11	6	7	16	7	6	525	
525	14	525	9	6	8	6	18	18	11	6	7	16	7	6	525	
527	14	527	9	6	8	6	18	18	11	6	7	16	7	6	527	
527	14	527	9	6	8	6	18	18	11	6	7	16	7	6	527	
527	14	527	9	6	8	6	18	18	11	6	7	16	7	6	527	
527	14	527	9	6	8	6	18	18	11	6	7	16	7	6	527	
527	14	527	9	6	8	6	18	18	11	6	7	16	7	6	527	
528	14	528	9	6	8	6	18	18	11	6	7	16	7	6	528	
531	14	531	9	6	8	6	18	18	11	6	7	16	7	6	531	
533	14	533	9	6	8	6	18	18	11	6	7	16	7	6	533	
533	14	533	9	6	8	6	18	18	11	6	7	16	7	6	533	
533	14	533	9	6	8	6	18	18	11	6	7	16	7	6	533	
533	14	533	9	6	8	6	18	18	11	6	7	16	7	6	533	
534	14	534	9	6	8	6	18	18	11	6	7	16	7	6	534	
534	14	534	9	6	8	6	18	18	11	6	7	16	7	6	534	
534	14	534	9	6	8	6	18	18	11	6	7	16	7	6	534	
534	14	534	9	6	8	6	18	18	11	6	7	16	7	6	534	
534	14	534	9	6	8	6	18	18	11	6	7	16	7	6	534	
534	14	534	9	6	8	6	18	18	11	6	7	16	7	6	534	
534	14	534	9	6	8	6	18	18	11	6	7	16	7	6	534	
534	14	534	9	6	8	6	18	18	11	6	7	16	7	6	534	
534	14	534	9	6	8	6	18	18	11	6	7	16	7	6	534	
534	14	534	9	6	8	6	18	18	11	6	7	16	7	6	534	
534	14	534	9	6	8	6	18	18	11	6	7	16	7	6	534	
535	14	535	9	6	8	6	18	18	11	6	7	16	7	6	535	
535	14	535	9	6	8	6	18	18	11	6	7	16	7	6	535	
535	14	535	9	6	8	6	18	18	11	6	7	16	7	6	535	
536	14	536	9	6	8	6	18	18	11	6	7	16	7	6	536	
537	14	537	9	6	8	6	18	18	11	6	7	16	7	6	537	
539	14	539	9	6	8	6	18	18	11	6	7	16	7	6	539	
539	14	539	9	6	8	6	18	18	11	6	7	16	7	6	539	
539	14	539	9	6	8	6	18	18	11	6	7	16	7	6	539	
539	14	539	9	6	8	6	18	18	11	6	7	16	7	6	539	
539	14	539	9	6	8	6	18	18	11	6	7	16	7	6	539	
541	14	541	9	6	8	6	18	18	11	6	7	16	7	6	541	
542	14	542	9	6	8	6	18	18	11	6	7	16	7	6	542	
542	14	542	9	6	8	6	18	18	11	6	7	16	7	6	542	
544	14	544	9	6	8	6	18	18	11	6	7	16	7	6	544	
544	14	544	9	6	8	6	18	18	11	6	7	16	7	6	544	
544	14	544	9	6	8	6	18	18	11	6	7	16	7	6	544	
544	14	544	9	6	8	6	18	18	11	6	7	16	7	6	544	
544	14	544	9	6	8	6	18	18	11	6	7	16	7	6	544	
544	14	544	9	6	8	6	18	18	11	6	7	16	7	6	544	
546	14	546	9	6	8	6	18	18	11	6	7	16	7	6	546	
546	14	546	9	6	8	6	18	18	11	6	7	16	7	6	546	
546	14	546	9	6	8	6	18	18	11	6	7	16	7	6	546	
546	14	546	9	6	8	6	18	18	11	6	7	16	7	6	546	
546	14	546	9	6	8	6	18	18	11	6	7	16	7	6	546	
546	14	546	9	6	8	6	18	18	11	6	7	16	7	6	546	
546	14	546	9	6	8	6	18	18	11	6	7	16	7	6	546	
546	14	546	9	6	8	6	18	18	11	6	7	16	7	6	546	
548	14	548	9	6	8	6	18	18	11	6	7	16	7	6	548	
548	14	548	9	6	8	6	18	18	11	6	7	16	7	6	548	
548	14	548	9	6	8	6	18	18	11	6	7	16	7	6	548	
548	14	548	9	6	8	6	18	18	11	6	7	16	7	6	548	
549	14	549	9	6	8	6	18	18	11	6	7	16	7	6	549	
549	14	549	9	6	8	6	18	18	11	6	7	16	7	6	549	
549	14	549	9	6	8	6	18	18	11	6	7	16	7	6	549	
550	14	550	9	6	8	6	18	18	11	6	7	16	7	6	550	
550	14	550	9	6	8	6	18	18	11	6	7	16	7	6	550	
550	14	550	9	6	8	6	18	18	11	6	7	16	7	6	550	
551	14	551	9	6	8	6	18	18	11	6	7	16	7	6	551	
551	14	551	9	6	8	6	18	18	11	6	7	16	7	6	551	
552	14	552	9	6	8	6	18	18	11	6	7	16	7	6	552	
552	14	552	9	6	8	6	18	18	11	6	7	16	7	6	552	
552	14	552	9	6	8	6	18	18	11	6	7	16	7	6	552	
552	14	552	9	6	8	6	18	18	11	6	7	16	7	6	552	
552	14	552	9	6	8	6	18	18	11	6	7	16	7	6	552	
552	14	552	9	6	8	6	18	18	11	6	7	16	7	6	552	
552	14	552	9	6	8	6	18	18	11	6	7	16	7	6	552	
553	14	553	9	6	8	6	18	18	11	6	7	16	7	6	553	
553	14	553	9	6	8	6	18	18	11	6	7	16	7	6	553	
553	14	553	9	6	8	6	18	18	11	6	7	16	7	6	553	
553	14	553	9	6	8	6	18	18	11	6	7	16	7	6	553	
554	14	554	9	6	8	6	18	18	11	6	7	16	7	6	554	
555	14	555	9	6	8	6	18	18	11	6	7	16	7	6	555	
555	14	555	9	6	8	6	18	18	11	6	7	16	7	6	555	
555	14	555	9	6	8	6	18	18	11	6	7	16	7	6	555	
555	14	555	9	6	8	6	18	18	11	6	7	16	7	6	555	
555	14	555	9	6	8	6	18	18	11	6	7	16	7	6	555	
555	14	555	9	6	8	6	18	18	11	6	7	16	7	6	555	
556	14	556	9	6	8	6	18	18	11	6	7	16	7	6	556	
556	14	556	9	6	8	6	18	18	11	6	7	16	7	6	556	
556	14	556	9	6	8	6	18	18	11	6	7	16	7	6	556	
556	14	556	9	6	8	6	18	18	11	6	7	16	7	6	556	
556	14	556	9	6	8	6	18	18	11	6	7	16	7	6	556	
557	14	557	9	6	8	6	18	18	11	6	7	16	7	6	557	
557	14	557	9	6	8	6	18	18	11	6	7	16	7	6	557	
557	14	557	9	6	8	6	18	18	11	6	7	16	7	6	557	
559	14	559	9	6	8	6	18	18	11	6	7	16	7	6	559	
559	14	559	9	6	8	6	18	18	11	6	7	16	7	6	559	
559	14	559	9	6	8	6	18	18	11	6	7	16	7	6	559	
559	14	559	9	6	8	6	18	18	11	6	7	16	7	6	559	
560	14	560	9	6	8	6	18	18	11	6	7	16	7	6	560	
560	14	560	9	6	8	6	18	18	11	6	7	16	7	6	560	
560	14	560	9	6	8	6	18	18	11	6	7	16	7	6	560	
560	14	560	9	6	8	6	18	18	11	6	7	16	7	6	560	
561	14	561	9	6	8	6	18	18	11	6	7	16	7	6	561	
561	14	561	9	6	8	6	18	18	11	6	7	16	7	6	561	
561	14	561	9	6	8	6	18	18	11	6	7	16	7	6	561	
561	14	561	9	6	8	6	18	18	11	6	7	16	7	6	561	
562	14	562	9	6	8	6	18	18	11	6	7	16	7	6	562	
562	14	562	9	6	8	6	18	18	11	6	7	16	7	6	562	
562	14	562	9	6	8	6	18	18	11	6	7	16	7	6	562	
562	14	562	9	6	8	6	18	18	11	6	7	16	7	6	562	
563	14	563	9	6	8	6	18	18	11	6	7	16	7	6	563	
563	14	563	9	6	8	6	18	18	11	6	7	16	7	6	563	
563	14	563	9	6	8	6	18	18	11	6	7	16	7	6	563	
563	14	563	9	6	8	6	18	18	11	6	7	16	7	6	563	
563	14	563	9	6	8	6	18	18	11	6	7	16	7	6	563	
563	14	563	9	6	8	6	18	18	11	6	7	16	7	6	563	
564	14	564	9	6	8	6	18	18	11	6	7	16	7	6	564	
565	14	565	9	6	8	6	18	18	11	6	7	16	7	6	565	
565	14	565	9	6	8	6	18	18	11	6	7	16	7	6	565	
565	14	565	9	6	8	6	18	18	11	6	7	16	7	6	565	
566	14	566	9	6	8	6	18	18	11	6	7	16	7	6	566	
566	14	566	9	6	8	6	18	18	11	6	7	16	7	6	566	
566	14	566	9	6	8	6	18	18	11	6	7	16	7	6	566	
566	14	566	9	6	8	6	18	18	11	6	7	16	7	6	566	
566	14	566	9	6	8	6	18	18	11	6	7	16	7	6	566	
567	14	567	9	6	8	6	18	18	11	6	7	16	7	6	567	
567	14	567	9	6	8	6	18	18	11	6	7	16	7	6	567	
567	14	567	9	6	8	6	18	18	11	6	7	16	7	6	567	
567	14	567	9	6	8	6	18	18	11	6	7	16	7	6	567	
567	14	567	9	6	8	6	18	18	11	6	7	16	7	6	567	
567	14	567	9	6	8	6	18	18	11	6	7	16	7	6	567	
567	14	567	9	6	8	6	18	18	11	6	7	16	7	6	567	
568	14	568	9	6	8	6	18	18	11	6	7	16	7	6	568	
569	14	569	9	6	8	6	18	18	11	6	7	16	7	6	569	
569	14	569	9	6	8	6	18	18	11	6	7	16	7	6	569	
569	14	569	9	6	8	6	18	18	11	6	7	16	7	6	569	
569	14	569	9	6	8	6	18	18	11	6	7	16	7	6	569	
569	14	569	9	6	8	6	18	18	11	6	7	16	7	6	569	
569	14	569	9	6	8	6	18	18	11	6	7	16	7	6	569	
570	14	570	9	6	8	6	18	18	11	6	7	16	7	6	570	
571	14	571	9	6	8	6	18	18	11	6	7	16	7	6	571	
571	14	571	9	6	8	6	18	18	11	6	7	16	7	6	571	
571	14	571	9	6	8	6	18	18	11	6	7	16	7	6	571	
572	14	572	9	6	8	6	18	18	11	6	7	16	7	6	572	
573	14	573	9	6	8	6	18	18	11	6	7	16	7	6	573	
575	14	575	9	6	8	6	18	18	11	6	7	16	7	6	575	
575	14	575	9	6	8	6	18	18	11	6	7	16	7	6	575	
576	14	576	9	6	8	6	18	18	11	6	7	16	7	6	576	
576	14	576	9	6	8	6	18	18	11	6	7	16	7	6	576	
577	14	577	9	6	8	6	18	18	11	6	7	16	7	6	577	
577	14	577	9	6	8	6	18	18	11	6	7	16	7	6	577	
577	14	577	9	6	8	6	18	18	11	6	7	16	7	6	577	
577	14	577	9	6	8	6	18	18	11	6	7	16	7	6	577	
578	14	578	9	6	8	6	18	18	11	6	7	16	7	6	578	
579	14	579	9	6	8	6	18	18	11	6	7	16	7	6	579	
579	14	579	9	6	8	6	18	18	11	6	7	16	7	6	579	
579	14	579	9	6	8	6	18	18	11	6	7	16	7	6	579	
579	14	579	9	6	8	6	18	18	11	6	7	16	7	6	579	
579	14	579	9	6	8	6	18	18	11	6	7	16	7	6	579	
579	14	579	9	6	8	6	18	18	11	6	7	16	7	6	579	
579	14	579	9	6	8	6	18	18	11	6	7	16	7	6	579	
579	14	579	9	6	8	6	18	18	11	6	7	16	7	6	579	
580	14	580	9	6	8	6	18	18	11	6	7	16	7	6	580	
581	14	581	9	6	8	6	18	18	11	6	7	16	7	6	581	
582	14	582	9	6	8	6	18	18	11	6	7	16	7	6	582	
582	14	582	9	6	8	6	18	18	11	6	7	16	7	6	582	
582	14	582	9	6	8	6	18	18	11	6	7	16	7	6	582	
583	14	583	9	6	8	6	18	18	11	6	7	16	7	6	583	
583	14	583	9	6	8	6	18	18	11	6	7	16	7	6	583	
583	14	583	9	6	8	6	18	18	11	6	7	16	7	6	583	
583	14	583	9	6	8	6	18	18	11	6	7	16	7	6	583	
583	14	583	9	6	8	6	18	18	11	6	7	16	7	6	583	
583	14	583	9	6	8	6	18	18	11	6	7	16	7	6	583	
583	14	583	9	6	8	6	18	18	11	6	7	16	7	6	583	
583	14	583	9	6	8	6	18	18	11	6	7	16	7	6	583	
583	14	583	9	6	8	6	18	18	11	6	7	16	7	6	583	
583	14	583	9	6	8	6	18	18	11	6	7	16	7	6	583	
583	14	583	9	6	8	6	18	18	11	6	7	16	7	6	583	
583	14	583	9	6	8	6	18	18	11	6	7	16	7	6	583	
583	14	583	9	6	8	6	18	18	11	6	7	16	7	6	583	
583	14	583	9	6	8	6	18	18	11	6	7	16	7	6	583	
583	14	583	9	6	8	6	18	18	11	6	7	16	7	6	583	
583	14	583	9	6	8	6	18	18	11	6	7	16	7	6	583	
583	14	583	9	6	8	6	18	18	11	6	7	16	7	6	583	
583	14	583	9	6	8	6	18	18	11	6	7	16	7	6	583	
584	14	584	9	6	8	6	18	18	11	6	7	16	7	6	584	
584	14	584	9	6	8	6	18	18	11	6	7	16	7	6	584	
584	14	584	9	6	8	6	18	18	11	6	7	16	7	6	584	
584	14	584	9	6	8	6	18	18	11	6	7	16	7	6	584	
584	14	584	9	6	8	6	18	18	11	6	7	16	7	6	584	
584	14	584	9	6	8	6	18	18	11	6	7	16	7	6	584	
584	14	584	9	6	8	6	18	18	11	6	7	16	7	6	584	
584	14	584	9	6	8	6	18	18	11	6	7	16	7	6	584	
584	14	584	9	6	8	6	18	18	11	6	7	16	7	6	584	
584	14	584	9	6	8	6	18	18	11	6	7	16	7	6	584	
584	14	584	9	6	8	6	18	18	11	6	7	16	7	6	584	
585	14	585	9	6	8	6	18	18	11	6	7	16	7	6	585	
585	14	585	9	6	8	6	18	18	11	6	7	16	7	6	585	
585	14	585	9	6	8	6	18	18	11	6	7	16	7	6	585	
586	14	586	9	6	8	6	18	18	11	6	7	16	7	6	586	
586	14	586	9	6	8	6	18	18	11	6	7	16	7	6	586	
587	14	587	9	6	8	6	18	18	11	6	7	16	7	6	587	
588	14	588	9	6	8	6	18	18	11	6	7	16	7	6	588	
588	14	588	9	6	8	6	18	18	11	6	7	16	7	6	588	
588	14	588	9	6	8	6	18	18	11	6	7	16	7	6	588	
589	14	589	9	6	8	6	18	18	11	6	7	16	7	6	589	
589	14	589	9	6	8	6	18	18	11	6	7	16	7	6	589	
589	14	589	9	6	8	6	18	18	11	6	7	16	7	6	589	
589	14	589	9	6	8	6	18	18	11	6	7	16	7	6	589	
589	14	589	9	6	8	6	18	18	11	6	7	16	7	6	589	
589	14	589	9	6	8	6	18	18	11	6	7	16	7	6	589	
589	14	589	9	6	8	6	18	18	11	6	7	16	7	6	589	
590	14	590	9	6	8	6	18	18	11	6	7	16	7	6	590	
590	14	590	9	6	8	6	18	18	11	6	7	16	7	6	590	
591	14	591	9	6	8	6	18	18	11	6	7	16	7	6	591	
592	14	592	9	6	8	6	18	18	11	6	7	16	7	6	592	
592	14	592	9	6	8	6	18	18	11	6	7	16	7	6	592	
594	14	594	9	6	8	6	18	18	11	6	7	16	7	6	594	
594	14	594	9	6	8	6	18	18	11	6	7	16	7	6	594	
594	14	594	9	6	8	6	18	18	11	6	7	16	7	6	594	
595	14	595	9	6	8	6	18	18	11	6	7	16	7	6	595	
595	14	595	9	6	8	6	18	18	11	6	7	16	7	6	595	
595	14	595	9	6	8	6	18	18	11	6	7	16	7	6	595	
596	14	596	9	6	8	6	18	18	11	6	7	16	7	6	596	
597	14	597	9	6	8	6	18	18	11	6	7	16	7	6	597	
597	14	597	9	6	8	6	18	18	11	6	7	16	7	6	597	
597	14	597	9	6	8	6	18	18	11	6	7	16	7	6	597	
598	14	598	9	6	8	6	18	18	11	6	7	16	7	6	598	
599	14	599	9	6	8	6	18	18	11	6	7	16	7	6	599	
599	14	599	9	6	8	6	18	18	11	6	7	16	7	6	599	
599	14	599	9	6	8	6	18	18	11	6	7	16	7	6	599	
599	14	599	9	6	8	6	18	18	11	6	7	16	7	6	599	
599	14	599	9	6	8	6	18	18	11	6	7	16	7	6	599	
599	14	599	9	6	8	6	18	18	11	6	7	16	7	6	599	
599	14	599	9	6	8	6	18	18	11	6	7	16	7	6	599	
600	14	600	9	6	8	6	18	18	11	6	7	16	7	6	600	
601	14	601	9	6	8	6	18	18	11	6	7	16	7	6	601	
601	14	601	9	6	8	6	18	18	11	6	7	16	7	6	601	
601	14	601	9	6	8	6	18	18	11	6	7	16	7	6	601	
601	14	601	9	6	8	6	18	18	11	6	7	16	7	6	601	
601	14	601	9	6	8	6	18	18	11	6	7	16	7	6	601	
601	14	601	9	6	8	6	18	18	11	6	7	16	7	6	601	
601	14	601	9	6	8	6	18	18	11	6	7	16	7	6	601	
601	14	601	9	6	8	6	18	18	11	6	7	16	7	6	601	
602	14	602	9	6	8	6	18	18	11	6	7	16	7	6	602	
602	14	602	9	6	8	6	18	18	11	6	7	16	7	6	602	
603	14	603	9	6	8	6	18	18	11	6	7	16	7	6	603	
603	14	603	9	6	8	6	18	18	11	6	7	16	7	6	604	
603	14	603	9	6	8	6	18	18	11	6	7	16	7	6	603	
603	14	603	9	6	8	6	18	18	11	6	7	16	7	6	603	
603	14	603	9	6	8	6	18	18	11	6	7	16	7	6	603	
603	14	603	9	6	8	6	18	18	11	6	7	16	7	6	603	
604	14	604	9	6	8	6	18	18	11	6	7	16	7	6	604	
605	14	605	9	6	8	6	18	18	11	6	7	16	7	6	605	
605	14	605	9	6	8	6	18	18	11	6	7	16	7	6	605	
606	14	606	9	6	8	6	18	18	11	6	7	16	7	6	606	
606	14	606	9	6	8	6	18	18	11	6	7	16	7	6	606	
607	14	607	9	6	8	6	18	18	11	6	7	16	7	6	607	
607	14	607	9	6	8	6	18	18	11	6	7	16	7	6	607	
607	14	607	9	6	8	6	18	18	11	6	7	16	7	6	607	
607	14	607	9	6	8	6	18	18	11	6	7	16	7	6	607	
608	14	608	9	6	8	6	18	18	11	6	7	16	7	6	608	
608	14	608	9	6	8	6	18	18	11	6	7	16	7	6	608	
608	14	608	9	6	8	6	18	18	11	6	7	16	7	6	608	
608	14	608	9	6	8	6	18	18	11	6	7	16	7	6	608	
608	14	608	9	6	8	6	18	18	11	6	7	16	7	6	608	
608	14	608	9	6	8	6	18	18	11	6	7	16	7	6	608	
608	14	608	9	6	8	6	18	18	11	6	7	16	7	6	608	
608	14	608	9	6	8	6	18	18	11	6	7	16	7	6	608	
608	14	608	9	6	8	6	18	18	11	6	7	16	7	6	608	
608	14	608	9	6	8	6	18	18	11	6	7	16	7	6	608	
608	14	608	9	6	8	6	18	18	11	6	7	16	7	6	608	
608	14	608	9	6	8	6	18	18	11	6	7	16	7	6	608	
608	14	608	9	6	8	6	18	18	11	6	7	16	7	6	608	
608	14	608	9	6	8	6	18	18	11	6	7	16	7	6	608	
609	14	609	9	6	8	6	18	18	11	6	7	16	7	6	609	
610	14	610	9	6	8	6	18	18	11	6	7	16	7	6	610	
612	14	612	9	6	8	6	18	18	11	6	7	16	7	6	612	
613	14	613	9	6	8	6	18	18	11	6	7	16	7	6	613	
613	14	613	9	6	8	6	18	18	11	6	7	16	7	6	613	
614	14	614	9	6	8	6	18	18	11	6	7	16	7	6	614	
614	14	614	9	6	8	6	18	18	11	6	7	16	7	6	614	
615	14	615	9	6	8	6	18	18	11	6	7	16	7	6	615	
615	14	615	9	6	8	6	18	18	11	6	7	16	7	6	615	
615	14	615	9	6	8	6	18	18	11	6	7	16	7	6	615	
615	14	615	9	6	8	6	18	18	11	6	7	16	7	6	615	
615	14	615	9	6	8	6	18	18	11	6	7	16	7	6	615	
615	14	615	9	6	8	6	18	18	11	6	7	16	7	6	615	
615	14	615	9	6	8	6	18	18	11	6	7	16	7	6	615	
615	14	615	9	6	8	6	18	18	11	6	7	16	7	6	615	
615	14	615	9	6	8	6	18	18	11	6	7	16	7	6	615	
615	14	615	9	6	8	6	18	18	11	6	7	16	7	6	615	
615	14	615	9	6	8	6	18	18	11	6	7	16	7	6	615	
616	14	616	9	6	8	6	18	18	11	6	7	16	7	6	616	
616	14	616	9	6	8	6	18	18	11	6	7	16	7	6	616	
616	14	616	9	6	8	6	18	18	11	6	7	16	7	6	616	
617	14	617	9	6	8	6	18	18	11	6	7	16	7	6	617	
617	14	617	9	6	8	6	18	18	11	6	7	16	7	6	617	
617	14	617	9	6	8	6	18	18	11	6	7	16	7	6	617	
617	14	617	9	6	8	6	18	18	11	6	7	16	7	6	617	
618	14	618	9	6	8	6	18	18	11	6	7	16	7	6	618	
618	14	618	9	6	8	6	18	18	11	6	7	16	7	6	618	
619	14	619	9	6	8	6	18	18	11	6	7	16	7	6	619	
619	14	619	9	6	8	6	18	18	11	6	7	16	7	6	619	
620	14	620	9	6	8	6	18	18	11	6	7	16	7	6	620	
620	14	620	9	6	8	6	18	18	11	6	7	16	7	6	620	
620	14	620	9	6	8	6	18	18	11	6	7	16	7	6	620	
620	14	620	9	6	8	6	18	18	11	6	7	16	7	6	620	
620	14	620	9	6	8	6	18	18	11	6	7	16	7	6	620	
621	14	621	9	6	8	6	18	18	11	6	7	16	7	6	621	
621	14	621	9	6	8	6	18	18	11	6	7	16	7	6	621	
622	14	622	9	6	8	6	18	18	11	6	7	16	7	6	622	
623	14	623	9	6	8	6	18	18	11	6	7	16	7	6	623	
624	14	624	9	6	8	6	18	18	11	6	7	16	7	6	624	
626	14	626	9	6	8	6	18	18	11	6	7	16	7	6	626	
626	14	626	9	6	8	6	18	18	11	6	7	16	7	6	626	
626	14	626	9	6	8	6	18	18	11	6	7	16	7	6	626	
628	14	628	9	6	8	6	18	18	11	6	7	16	7	6	627	
628	14	628	9	6	8	6	18	18	11	6	7	16	7	6	628	
628	14	628	9	6	8	6	18	18	11	6	7	16	7	6	628	
628	14	628	9	6	8	6	18	18	11	6	7	16	7	6	628	
628	14	628	9	6	8	6	18	18	11	6	7	16	7	6	628	
628	14	628	9	6	8	6	18	18	11	6	7	16	7	6	628	
628	14	628	9	6	8	6	18	18	11	6	7	16	7	6	628	
628	14	628	9	6	8	6	18	18	11	6	7	16	7	6	628	
628	14	628	9	6	8	6	18	18	11	6	7	16	7	6	628	
629	14	629	9	6	8	6	18	18	11	6	7	16	7	6	629	
629	14	629	9	6	8	6	18	18	11	6	7	16	7	6	629	
630	14	630	9	6	8	6	18	18	11	6	7	16	7	6	630	
630	14	630	9	6	8	6	18	18	11	6	7	16	7	6	630	
632	14	632	9	6	8	6	18	18	11	6	7	16	7	6	632	
632	14	632	9	6	8	6	18	18	11	6	7	16	7	6	632	
632	14	632	9	6	8	6	18	18	11	6	7	16	7	6	632	
632	14	632	9	6	8	6	18	18	11	6	7	16	7	6	632	
632	14	632	9	6	8	6	18	18	11	6	7	16	7	6	632	
632	14	632	9	6	8	6	18	18	11	6	7	16	7	6	632	
632	14	632	9	6	8	6	18	18	11	6	7	16	7	6	632	
632	14	632	9	6	8	6	18	18	11	6	7	16	7	6	632	
632	14	632	9	6	8	6	18	18	11	6	7	16	7	6	632	
632	14	632	9	6	8	6	18	18	11	6	7	16	7	6	632	
633	14	633	9	6	8	6	18	18	11	6	7	16	7	6	633	
634	14	634	9	6	8	6	18	18	11	6	7	16	7	6	634	
635	14	635	9	6	8	6	18	18	11	6	7	16	7	6	635	
635	14	635	9	6	8	6	18	18	11	6	7	16	7	6	635	
635	14	635	9	6	8	6	18	18	11	6	7	16	7	6	635	
635	14	635	9	6	8	6	18	18	11	6	7	16	7	6	635	
635	14	635	9	6	8	6	18	18	11	6	7	16	7	6	635	
635	14	635	9	6	8	6	18	18	11	6	7	16	7	6	635	
635	14	635	9	6	8	6	18	18	11	6	7	16	7	6	635	
635	14	635	9	6	8	6	18	18	11	6	7	16	7	6	635	
637	14	637	9	6	8	6	18	18	11	6	7	16	7	6	637	
637	14	637	9	6	8	6	18	18	11	6	7	16	7	6	637	
637	14	637	9	6	8	6	18	18	11	6	7	16	7	6	637	
638	14	638	9	6	8	6	18	18	11	6	7	16	7	6	638	
638	14	638	9	6	8	6	18	18	11	6	7	16	7	6	638	
639	14	639	9	6	8	6	18	18	11	6	7	16	7	6	639	
639	14	639	9	6	8	6	18	18	11	6	7	16	7	6	639	
640	14	640	9	6	8	6	18	18	11	6	7	16	7	6	640	
640	14	640	9	6	8	6	18	18	11	6	7	16	7	6	640	
640	14	640	9	6	8	6	18	18	11	6	7	16	7	6	640	
640	14	640	9	6	8	6	18	18	11	6	7	16	7	6	640	
640	14	640	9	6	8	6	18	18	11	6	7	16	7	6	640	
641	14	641	9	6	8	6	18	18	11	6	7	16	7	6	641	
642	14	642	9	6	8	6	18	18	11	6	7	16	7	6	642	
644	14	644	9	6	8	6	18	18	11	6	7	16	7	6	644	
644	14	644	9	6	8	6	18	18	11	6	7	16	7	6	644	
645	14	645	9	6	8	6	18	18	11	6	7	16	7	6	645	
646	14	646	9	6	8	6	18	18	11	6	7	16	7	6	646	
646	14	646	9	6	8	6	18	18	11	6	7	16	7	6	646	
646	14	646	9	6	8	6	18	18	11	6	7	16	7	6	646	
646	14	646	9	6	8	6	18	18	11	6	7	16	7	6	646	
646	14	646	9	6	8	6	18	18	11	6	7	16	7	6	646	
646	14	646	9	6	8	6	18	18	11	6	7	16	7	6	646	
646	14	646	9	6	8	6	18	18	11	6	7	16	7	6	646	
646	14	646	9	6	8	6	18	18	11	6	7	16	7	6	646	
647	14	647	9	6	8	6	18	18	11	6	7	16	7	6	647	
647	14	647	9	6	8	6	18	18	11	6	7	16	7	6	647	
647	14	647	9	6	8	6	18	18	11	6	7	16	7	6	647	
648	14	648	9	6	8	6	18	18	11	6	7	16	7	6	648	
648	14	648	9	6	8	6	18	18	11	6	7	16	7	6	648	
648	14	648	9	6	8	6	18	18	11	6	7	16	7	6	648	
650	14	650	9	6	8	6	18	18	11	6	7	16	7	6	650	
651	14	651	9	6	8	6	18	18	11	6	7	16	7	6	651	
651	14	651	9	6	8	6	18	18	11	6	7	16	7	6	651	
652	14	652	9	6	8	6	18	18	11	6	7	16	7	6	652	
652	14	652	9	6	8	6	18	18	11	6	7	16	7	6	652	
652	14	652	9	6	8	6	18	18	11	6	7	16	7	6	652	
652	14	652	9	6	8	6	18	18	11	6	7	16	7	6	652	
652	14	652	9	6	8	6	18	18	11	6	7	16	7	6	652	
652	14	652	9	6	8	6	18	18	11	6	7	16	7	6	652	
652	14	652	9	6	8	6	18	18	11	6	7	16	7	6	652	
652	14	652	9	6	8	6	18	18	11	6	7	16	7	6	652	
652	14	652	9	6	8	6	18	18	11	6	7	16	7	6	652	
652	14	652	9	6	8	6	18	18	11	6	7	16	7	6	652	
652	14	652	9	6	8	6	18	18	11	6	7	16	7	6	652	
652	14	652	9	6	8	6	18	18	11	6	7	16	7	6	652	
652	14	652	9	6	8	6	18	18	11	6	7	16	7	6	652	
652	14	652	9	6	8	6	18	18	11	6	7	16	7	6	652	
652	14	652	9	6	8	6	18	18	11	6	7	16	7	6	652	
652	14	652	9	6	8	6	18	18	11	6	7	16	7	6	652	
652	14	652	9	6	8	6	18	18	11	6	7	16	7	6	652	
652	14	652	9	6	8	6	18	18	11	6	7	16	7	6	652	
652	14	652	9	6	8	6	18	18	11	6	7	16	7	6	652	
652	14	652	9	6	8	6	18	18	11	6	7	16	7	6	652	
652	14	652	9	6	8	6	18	18	11	6	7	16	7	6	652	
653	14	653	9	6	8	6	18	18	11	6	7	16	7	6	653	
653	14	653	9	6	8	6	18	18	11	6	7	16	7	6	653	
654	14	654	9	6	8	6	18	18	11	6	7	16	7	6	654	
655	14	655	9	6	8	6	18	18	11	6	7	16	7	6	655	
655	14	655	9	6	8	6	18	18	11	6	7	16	7	6	655	
655	14	655	9	6	8	6	18	18	11	6	7	16	7	6	655	
655	14	655	9	6	8	6	18	18	11	6	7	16	7	6	655	
655	14	655	9	6	8	6	18	18	11	6	7	16	7	6	655	
655	14	655	9	6	8	6	18	18	11	6	7	16	7	6	655	
656	14	656	9	6	8	6	18	18	11	6	7	16	7	6	656	
656	14	656	9	6	8	6	18	18	11	6	7	16	7	6	656	
656	14	656	9	6	8	6	18	18	11	6	7	16	7	6	656	
656	14	656	9	6	8	6	18	18	11	6	7	16	7	6	656	
656	14	656	9	6	8	6	18	18	11	6	7	16	7	6	656	
656	14	656	9	6	8	6	18	18	11	6	7	16	7	6	656	
656	14	656	9	6	8	6	18	18	11	6	7	16	7	6	656	
657	14	657	9	6	8	6	18	18	11	6	7	16	7	6	657	
658	14	658	9	6	8	6	18	18	11	6	7	16	7	6	658	
659	14	659	9	6	8	6	18	18	11	6	7	16	7	6	659	
