# mu = 1e-05, s = -0.01, trials requested = 1, runtime = 0:18:48
# "Time"	"Actual trials"	"Mean mutation"	"Average mean mutation"	"Average mutation variance"
0	1	0	0	0	
1	1	0	0	0	
2	1	0.125	0.125	0.109375	
3	1	0.125	0.125	0.109375	
4	1	0.1875	0.1875	0.152344	
5	1	0.3125	0.3125	0.214844	
6	1	0.25	0.25	0.1875	
7	1	0.25	0.25	0.1875	
8	1	0.4375	0.4375	0.246094	
9	1	0.4375	0.4375	0.371094	
10	1	0.5	0.5	0.375	
11	1	0.5	0.5	0.375	
12	1	0.5625	0.5625	0.371094	
13	1	0.75	0.75	0.3125	
14	1	0.9375	0.9375	0.683594	
15	1	1.1875	1.1875	1.02734	
16	1	1.125	1.125	0.859375	
17	1	1.125	1.125	0.859375	
18	1	1.1875	1.1875	0.902344	
19	1	1.3125	1.3125	1.21484	
20	1	1.375	1.375	1.23438	
21	1	1.25	1.25	1.3125	
22	1	1.5625	1.5625	1.49609	
23	1	1.5	1.5	1.5	
24	1	1.6875	1.6875	1.33984	
25	1	1.6875	1.6875	1.83984	
26	1	1.8125	1.8125	2.02734	
27	1	1.875	1.875	2.10938	
28	1	2.25	2.25	2.0625	
29	1	2	2	2.25	
30	1	2.4375	2.4375	2.24609	
31	1	2.25	2.25	2.1875	
32	1	2.4375	2.4375	1.99609	
33	1	2.4375	2.4375	2.49609	
34	1	2.5	2.5	2.75	
35	1	2.4375	2.4375	2.37109	
36	1	2.4375	2.4375	2.37109	
37	1	2.375	2.375	2.60938	
38	1	2.625	2.625	2.48438	
39	1	2.6875	2.6875	2.83984	
40	1	3.0625	3.0625	3.55859	
41	1	3.3125	3.3125	4.33984	
42	1	2.6875	2.6875	3.58984	
43	1	3.1875	3.1875	4.90234	
44	1	3.125	3.125	4.73438	
45	1	3.3125	3.3125	4.46484	
46	1	3.4375	3.4375	4.87109	
47	1	3.375	3.375	4.73438	
48	1	3.3125	3.3125	5.46484	
49	1	3.375	3.375	5.48438	
50	1	3.3125	3.3125	5.33984	
51	1	3.5	3.5	5.375	
52	1	3.25	3.25	5.9375	
53	1	3.9375	3.9375	6.43359	
54	1	3.5625	3.5625	5.99609	
55	1	3.4375	3.4375	6.24609	
56	1	3.8125	3.8125	6.27734	
57	1	4.25	4.25	7.4375	
58	1	4.125	4.125	7.98438	
59	1	4.125	4.125	6.23438	
60	1	4.1875	4.1875	6.40234	
61	1	4.6875	4.6875	7.08984	
62	1	4.3125	4.3125	5.96484	
63	1	4.8125	4.8125	7.40234	
64	1	4.75	4.75	7.1875	
65	1	4.5	4.5	6	
66	1	4.875	4.875	6.23438	
67	1	4.25	4.25	7.4375	
68	1	5	5	6.5	
69	1	4.5625	4.5625	7.37109	
70	1	5.1875	5.1875	6.77734	
71	1	5.625	5.625	9.23438	
72	1	5.125	5.125	6.60938	
73	1	5.4375	5.4375	7.24609	
74	1	5	5	6.5	
75	1	4.875	4.875	7.35938	
76	1	5.5	5.5	7.375	
77	1	5.4375	5.4375	8.87109	
78	1	5.5	5.5	9	
79	1	5.6875	5.6875	8.21484	
80	1	5.1875	5.1875	8.27734	
81	1	5.75	5.75	8.4375	
82	1	5.75	5.75	7.9375	
83	1	5.9375	5.9375	8.30859	
84	1	5.5	5.5	9.375	
85	1	6.125	6.125	9.23438	
86	1	6.3125	6.3125	10.5898	
87	1	6.0625	6.0625	8.43359	
88	1	5.8125	5.8125	9.27734	
89	1	6.1875	6.1875	11.4023	
90	1	6.5	6.5	8.875	
91	1	5.9375	5.9375	8.93359	
92	1	6.4375	6.4375	9.49609	
93	1	6.1875	6.1875	8.52734	
94	1	6.4375	6.4375	8.37109	
95	1	6.875	6.875	9.60938	
96	1	6.8125	6.8125	9.52734	
97	1	6.25	6.25	11.1875	
98	1	6.3125	6.3125	12.2148	
99	1	6.8125	6.8125	9.52734	
100	1	7.375	7.375	11.1094	
101	1	7.4375	7.4375	11.7461	
102	1	7.0625	7.0625	10.3086	
103	1	7.6875	7.6875	11.5898	
104	1	6.8125	6.8125	12.2773	
105	1	7.1875	7.1875	10.1523	
106	1	7.125	7.125	10.9844	
107	1	7.3125	7.3125	10.7148	
108	1	7.125	7.125	11.4844	
109	1	7.1875	7.1875	13.5273	
110	1	7.625	7.625	11.2344	
111	1	7.875	7.875	11.2344	
112	1	8.375	8.375	11.3594	
113	1	7.875	7.875	9.98438	
114	1	8.625	8.625	11.6094	
115	1	8.625	8.625	11.4844	
116	1	8.4375	8.4375	9.49609	
117	1	8.9375	8.9375	11.9336	
118	1	8.25	8.25	9.3125	
119	1	8.6875	8.6875	9.83984	
120	1	8.4375	8.4375	9.24609	
121	1	8.375	8.375	10.8594	
122	1	8.75	8.75	9.3125	
123	1	8.4375	8.4375	10.9961	
124	1	8.6875	8.6875	12.2148	
125	1	9	9	8.5	
126	1	9	9	8.5	
127	1	8.6875	8.6875	10.7148	
128	1	9.1875	9.1875	8.77734	
129	1	8.75	8.75	8.9375	
130	1	9.25	9.25	10.1875	
131	1	9.4375	9.4375	13.1211	
132	1	9.1875	9.1875	10.5273	
133	1	8.9375	8.9375	11.0586	
134	1	9.0625	9.0625	10.8086	
135	1	8.9375	8.9375	11.0586	
136	1	9.0625	9.0625	12.0586	
137	1	9	9	13.25	
138	1	9.1875	9.1875	12.9023	
139	1	9.625	9.625	12.8594	
140	1	9.3125	9.3125	14.0898	
141	1	9.375	9.375	13.3594	
142	1	9.3125	9.3125	14.3398	
143	1	9.9375	9.9375	11.6836	
144	1	10.3125	10.3125	13.9648	
145	1	10.25	10.25	16.0625	
146	1	10.25	10.25	16.0625	
147	1	10	10	13.625	
148	1	9.75	9.75	12.9375	
149	1	9.5625	9.5625	14.1211	
150	1	10.375	10.375	11.6094	
151	1	10.0625	10.0625	11.4336	
152	1	10	10	11.625	
153	1	10.1875	10.1875	11.4023	
154	1	10.25	10.25	11.4375	
155	1	10.3125	10.3125	11.0898	
156	1	10.5	10.5	11.5	
157	1	10.4375	10.4375	11.4961	
158	1	10	10	14.375	
159	1	10.25	10.25	13.0625	
160	1	10.625	10.625	14.9844	
161	1	10.25	10.25	13.8125	
162	1	9.875	9.875	15.3594	
163	1	10.8125	10.8125	13.4023	
164	1	10.75	10.75	12.1875	
165	1	11.1875	11.1875	13.4023	
166	1	10.5625	10.5625	14.4961	
167	1	11.1875	11.1875	14.5273	
168	1	11.4375	11.4375	13.7461	
169	1	11.4375	11.4375	15.8711	
170	1	10.875	10.875	13.2344	
171	1	11.125	11.125	12.4844	
172	1	11.0625	11.0625	12.6836	
173	1	11.625	11.625	15.1094	
174	1	11.9375	11.9375	15.1836	
175	1	11.1875	11.1875	13.9023	
176	1	12	12	19.75	
177	1	12	12	19.75	
178	1	11.6875	11.6875	15.2148	
179	1	12.1875	12.1875	16.2773	
180	1	12.5	12.5	18.75	
181	1	12	12	15	
182	1	11.625	11.625	17.7344	
183	1	11.5625	11.5625	18.7461	
184	1	11.875	11.875	16.1094	
185	1	12.3125	12.3125	16.4648	
186	1	12.4375	12.4375	16.7461	
187	1	12.0625	12.0625	15.4336	
188	1	11.6875	11.6875	18.3398	
189	1	12.1875	12.1875	15.4023	
190	1	13	13	19.375	
191	1	12.75	12.75	17.6875	
192	1	12.3125	12.3125	15.0898	
193	1	12.5625	12.5625	15.1211	
194	1	12.75	12.75	16.0625	
195	1	13.75	13.75	19.1875	
196	1	13.6875	13.6875	19.4648	
197	1	13	13	20.625	
198	1	13.375	13.375	22.4844	
199	1	14.125	14.125	22.3594	
200	1	14.0625	14.0625	22.5586	
201	1	13.3125	13.3125	18.9648	
202	1	13.375	13.375	18.9844	
203	1	14.1875	14.1875	22.2773	
204	1	13.125	13.125	21.7344	
205	1	14.75	14.75	25.6875	
206	1	13.5	13.5	18.625	
207	1	14.875	14.875	25.1094	
208	1	13.8125	13.8125	18.5273	
209	1	14.4375	14.4375	22.2461	
210	1	13.875	13.875	18.7344	
211	1	14.0625	14.0625	17.3086	
212	1	13.875	13.875	17.4844	
213	1	15.0625	15.0625	19.1836	
214	1	14.4375	14.4375	15.4961	
215	1	15.125	15.125	18.9844	
216	1	14.8125	14.8125	19.2773	
217	1	13.5625	13.5625	21.6211	
218	1	14.25	14.25	17.6875	
219	1	14.375	14.375	16.6094	
220	1	14.875	14.875	17.7344	
221	1	14.4375	14.4375	19.1211	
222	1	15.3125	15.3125	17.5898	
223	1	15.1875	15.1875	18.1523	
224	1	14.8125	14.8125	14.6523	
225	1	15.25	15.25	16.0625	
226	1	15	15	14.375	
227	1	14.9375	14.9375	14.4336	
228	1	15.5625	15.5625	18.9961	
229	1	15	15	16.25	
230	1	15.5625	15.5625	17.8711	
231	1	15.375	15.375	15.9844	
232	1	15.0625	15.0625	16.0586	
233	1	14.8125	14.8125	19.6523	
234	1	15.375	15.375	15.4844	
235	1	16.25	16.25	18.6875	
236	1	15.125	15.125	19.4844	
237	1	16.1875	16.1875	18.0273	
238	1	15.25	15.25	21.0625	
239	1	15.75	15.75	17.8125	
240	1	16.375	16.375	18.4844	
241	1	16.625	16.625	21.3594	
242	1	15.9375	15.9375	18.3086	
243	1	15.5625	15.5625	22.6211	
244	1	16.5	16.5	19.75	
245	1	15.5625	15.5625	22.6211	
246	1	16	16	18.125	
247	1	16.25	16.25	18.3125	
248	1	17.375	17.375	22.3594	
249	1	15.875	15.875	23.1094	
250	1	16.3125	16.3125	19.4648	
251	1	16.4375	16.4375	19.8711	
252	1	16.5	16.5	26.625	
253	1	16.5	16.5	21	
254	1	17.1875	17.1875	21.5273	
255	1	16.6875	16.6875	20.3398	
256	1	17.625	17.625	22.4844	
257	1	16.75	16.75	20.3125	
258	1	17	17	19.625	
259	1	16.9375	16.9375	19.8086	
260	1	16.9375	16.9375	21.0586	
261	1	16.375	16.375	26.8594	
262	1	16.9375	16.9375	22.8086	
263	1	17.5625	17.5625	22.9961	
264	1	16.75	16.75	29.0625	
265	1	17.5625	17.5625	22.9961	
266	1	17	17	29.125	
267	1	16.8125	16.8125	29.5273	
268	1	18.25	18.25	24.3125	
269	1	17.5625	17.5625	22.7461	
270	1	17.625	17.625	21.2344	
271	1	18.25	18.25	26.6875	
272	1	17.5	17.5	23.5	
273	1	17.875	17.875	22.4844	
274	1	18.3125	18.3125	27.0898	
275	1	17.8125	17.8125	22.9023	
276	1	17.4375	17.4375	27.1211	
277	1	18.0625	18.0625	22.4336	
278	1	18.4375	18.4375	21.4961	
279	1	18.6875	18.6875	25.8398	
280	1	19.125	19.125	24.3594	
281	1	18.6875	18.6875	22.0898	
282	1	18.5625	18.5625	28.8711	
283	1	18.5	18.5	24	
284	1	18.375	18.375	27.1094	
285	1	19.9375	19.9375	29.5586	
286	1	18.375	18.375	27.1094	
287	1	18.625	18.625	23.1094	
288	1	19.25	19.25	26.9375	
289	1	19.9375	19.9375	28.0586	
290	1	18.9375	18.9375	24.3086	
291	1	19.6875	19.6875	23.4648	
292	1	18.75	18.75	31.0625	
293	1	19.6875	19.6875	25.9648	
294	1	19.75	19.75	35.1875	
295	1	19.375	19.375	26.7344	
296	1	20.4375	20.4375	28.8711	
297	1	19.6875	19.6875	25.3398	
298	1	19.0625	19.0625	31.6836	
299	1	21.125	21.125	31.1094	
300	1	20.3125	20.3125	24.5898	
301	1	20	20	24.5	
302	1	19.6875	19.6875	25.8398	
303	1	19.6875	19.6875	25.8398	
304	1	20.375	20.375	24.4844	
305	1	19.4375	19.4375	31.8711	
306	1	21	21	29.75	
307	1	19.8125	19.8125	27.4023	
308	1	19.875	19.875	28.4844	
309	1	20.125	20.125	27.2344	
310	1	20.875	20.875	25.9844	
311	1	21.4375	21.4375	29.8711	
312	1	21.8125	21.8125	33.1523	
313	1	21.1875	21.1875	33.6523	
314	1	20.6875	20.6875	28.8398	
315	1	20.625	20.625	26.9844	
316	1	21.75	21.75	28.6875	
317	1	21.5625	21.5625	25.9961	
318	1	21.8125	21.8125	28.7773	
319	1	21.375	21.375	25.6094	
320	1	21.5	21.5	25.75	
321	1	22.1875	22.1875	30.6523	
322	1	21.375	21.375	27.9844	
323	1	20.875	20.875	29.8594	
324	1	21.3125	21.3125	28.4648	
325	1	21.375	21.375	28.7344	
326	1	20.9375	20.9375	30.0586	
327	1	21.0625	21.0625	29.8086	
328	1	21.5	21.5	28.25	
329	1	21.6875	21.6875	30.3398	
330	1	22.0625	22.0625	27.6836	
331	1	21.0625	21.0625	30.8086	
332	1	21.75	21.75	34.5625	
333	1	21.875	21.875	30.3594	
334	1	22.0625	22.0625	37.0586	
335	1	22.1875	22.1875	35.7773	
336	1	22.25	22.25	30.1875	
337	1	23.5	23.5	35	
338	1	21.875	21.875	30.6094	
339	1	21.875	21.875	30.6094	
340	1	22	22	29.5	
341	1	22.375	22.375	29.1094	
342	1	22.8125	22.8125	27.6523	
343	1	22.1875	22.1875	31.6523	
344	1	23.3125	23.3125	29.2148	
345	1	23.375	23.375	34.4844	
346	1	23.9375	23.9375	33.1836	
347	1	23.1875	23.1875	31.0273	
348	1	22.625	22.625	31.4844	
349	1	23.1875	23.1875	29.1523	
350	1	22.875	22.875	30.9844	
351	1	23.5625	23.5625	30.4961	
352	1	23	23	32.625	
353	1	23.9375	23.9375	30.0586	
354	1	23.5625	23.5625	32.8711	
355	1	22.375	22.375	41.4844	
356	1	22.9375	22.9375	33.6836	
357	1	23.1875	23.1875	32.1523	
358	1	23.5625	23.5625	30.8711	
359	1	23.9375	23.9375	28.9336	
360	1	23.4375	23.4375	35.8711	
361	1	24.9375	24.9375	33.1836	
362	1	25.0625	25.0625	31.4336	
363	1	23.5	23.5	34.375	
364	1	24.1875	24.1875	37.7773	
365	1	24.0625	24.0625	32.1836	
366	1	24.6875	24.6875	30.2148	
367	1	24.375	24.375	31.4844	
368	1	24	24	31.875	
369	1	24.1875	24.1875	32.9023	
370	1	24.5625	24.5625	36.3711	
371	1	24.875	24.875	35.4844	
372	1	24.5625	24.5625	36.1211	
373	1	24.125	24.125	35.9844	
374	1	24.9375	24.9375	38.4336	
375	1	25.0625	25.0625	36.6836	
376	1	24.625	24.625	34.8594	
377	1	24.8125	24.8125	36.6523	
378	1	25.9375	25.9375	37.5586	
379	1	25.1875	25.1875	35.4023	
380	1	25.125	25.125	34.1094	
381	1	24.8125	24.8125	31.4023	
382	1	25	25	30.875	
383	1	26.3125	26.3125	34.3398	
384	1	25.125	25.125	30.1094	
385	1	26.4375	26.4375	32.1211	
386	1	24.8125	24.8125	34.2773	
387	1	25	25	32.125	
388	1	25.9375	25.9375	35.5586	
389	1	25.3125	25.3125	31.0898	
390	1	25.8125	25.8125	29.6523	
391	1	26	26	31.375	
392	1	26.6875	26.6875	27.0898	
393	1	26.375	26.375	33.8594	
394	1	26.375	26.375	29.6094	
395	1	26.25	26.25	28.6875	
396	1	26.875	26.875	28.8594	
397	1	26.625	26.625	36.2344	
398	1	26.3125	26.3125	28.7148	
399	1	26.25	26.25	32.0625	
400	1	27.0625	27.0625	29.9336	
401	1	26.8125	26.8125	33.7773	
402	1	27.1875	27.1875	28.1523	
403	1	26.6875	26.6875	29.0898	
404	1	27.5625	27.5625	31.7461	
405	1	26.875	26.875	28.4844	
406	1	26.875	26.875	30.2344	
407	1	26.75	26.75	31.5625	
408	1	26.25	26.25	32.4375	
409	1	27.875	27.875	31.6094	
410	1	26.6875	26.6875	32.7148	
411	1	27.5625	27.5625	33.6211	
412	1	26.9375	26.9375	30.6836	
413	1	27.8125	27.8125	27.4023	
414	1	28.0625	28.0625	31.1836	
415	1	27.3125	27.3125	30.0898	
416	1	28.4375	28.4375	28.1211	
417	1	27.3125	27.3125	29.0898	
418	1	27.5625	27.5625	31.2461	
419	1	28.0625	28.0625	33.0586	
420	1	28	28	27.375	
421	1	29.1875	29.1875	33.6523	
422	1	28.375	28.375	28.4844	
423	1	27.4375	27.4375	37.6211	
424	1	28.3125	28.3125	31.0898	
425	1	28.875	28.875	30.6094	
426	1	27.6875	27.6875	35.4648	
427	1	29.3125	29.3125	33.2148	
428	1	28.25	28.25	30.3125	
429	1	29.375	29.375	34.2344	
430	1	28.375	28.375	30.6094	
431	1	28.8125	28.8125	29.6523	
432	1	29.1875	29.1875	33.4023	
433	1	29.0625	29.0625	35.9336	
434	1	28.75	28.75	32.4375	
435	1	28.1875	28.1875	37.7773	
436	1	29.1875	29.1875	39.7773	
437	1	30.5625	30.5625	44.6211	
438	1	28.875	28.875	35.2344	
439	1	29.3125	29.3125	34.8398	
440	1	29	29	35.125	
441	1	28.9375	28.9375	34.8086	
442	1	29.4375	29.4375	33.6211	
443	1	30.375	30.375	38.4844	
444	1	30.1875	30.1875	35.4023	
445	1	28.75	28.75	36.8125	
446	1	29.125	29.125	33.8594	
447	1	28.8125	28.8125	38.2773	
448	1	29.875	29.875	38.6094	
449	1	29.6875	29.6875	41.7148	
450	1	30.25	30.25	41.5625	
451	1	30.4375	30.4375	34.7461	
452	1	29.875	29.875	30.6094	
453	1	30.25	30.25	42.6875	
454	1	30.3125	30.3125	30.8398	
455	1	31.0625	31.0625	36.0586	
456	1	31.625	31.625	37.9844	
457	1	30.9375	30.9375	30.1836	
458	1	30.4375	30.4375	31.3711	
459	1	30.1875	30.1875	30.5273	
460	1	30.6875	30.6875	29.0898	
461	1	30.875	30.875	38.1094	
462	1	30.6875	30.6875	30.5898	
463	1	31.5625	31.5625	35.6211	
464	1	30.8125	30.8125	40.9023	
465	1	30.9375	30.9375	28.9336	
466	1	31.4375	31.4375	33.1211	
467	1	31.6875	31.6875	32.2148	
468	1	31.4375	31.4375	29.9961	
469	1	31.625	31.625	36.1094	
470	1	31.125	31.125	30.1094	
471	1	31.5	31.5	30	
472	1	32.0625	32.0625	30.8086	
473	1	31.25	31.25	29.9375	
474	1	31.8125	31.8125	28.7773	
475	1	31.25	31.25	29.3125	
476	1	31.9375	31.9375	28.5586	
477	1	30.625	30.625	33.8594	
478	1	31.8125	31.8125	27.2773	
479	1	32	32	34.875	
480	1	32.5	32.5	31.625	
481	1	31.4375	31.4375	34.8711	
482	1	31.25	31.25	28.8125	
483	1	31.1875	31.1875	34.6523	
484	1	32.0625	32.0625	32.3086	
485	1	31.4375	31.4375	31.9961	
486	1	31.4375	31.4375	31.3711	
487	1	32.75	32.75	30.5625	
488	1	31.75	31.75	33.4375	
489	1	31.6875	31.6875	30.2148	
490	1	33.25	33.25	32.9375	
491	1	32.6875	32.6875	26.7148	
492	1	32.5625	32.5625	27.8711	
493	1	32.1875	32.1875	26.9023	
494	1	33.5	33.5	32.375	
495	1	32.4375	32.4375	30.6211	
496	1	32.625	32.625	30.4844	
497	1	33.125	33.125	26.1094	
498	1	32.6875	32.6875	27.0898	
499	1	32.3125	32.3125	27.0898	
500	1	33.4375	33.4375	23.9961	
501	1	33.4375	33.4375	23.9961	
502	1	32.8125	32.8125	27.5273	
503	1	32.625	32.625	26.2344	
504	1	33.5625	33.5625	23.9961	
505	1	32.8125	32.8125	25.9023	
506	1	33.75	33.75	22.0625	
507	1	33	33	24.25	
508	1	32.9375	32.9375	24.6836	
509	1	33.625	33.625	22.7344	
510	1	33.1875	33.1875	23.4023	
511	1	33.625	33.625	23.8594	
512	1	33.75	33.75	25.5625	
513	1	33.25	33.25	25.4375	
514	1	33.5625	33.5625	24.3711	
515	1	34.5	34.5	22.875	
516	1	34	34	22.875	
517	1	34.125	34.125	22.7344	
518	1	34.0625	34.0625	22.4336	
519	1	33.875	33.875	21.7344	
520	1	34.3125	34.3125	20.9648	
521	1	34.75	34.75	20.1875	
522	1	34.9375	34.9375	21.1836	
523	1	34.5	34.5	22.75	
524	1	35.4375	35.4375	20.9961	
525	1	35	35	20.125	
526	1	35.625	35.625	22.3594	
527	1	35.25	35.25	20.1875	
528	1	35.1875	35.1875	28.0273	
529	1	34.5	34.5	23.875	
530	1	34.5	34.5	25.25	
531	1	35.25	35.25	21.3125	
532	1	35.3125	35.3125	24.4648	
533	1	36	36	24.25	
534	1	34.8125	34.8125	25.5273	
535	1	34.875	34.875	26.1094	
536	1	36	36	23.125	
537	1	36.125	36.125	23.1094	
538	1	35.375	35.375	24.7344	
539	1	35.5625	35.5625	23.7461	
540	1	35.625	35.625	23.6094	
541	1	35.375	35.375	26.2344	
542	1	36.0625	36.0625	25.4336	
543	1	35.625	35.625	26.7344	
544	1	36.1875	36.1875	27.4023	
545	1	35.6875	35.6875	27.2148	
546	1	36.0625	36.0625	29.0586	
547	1	36.5	36.5	27.375	
548	1	36.125	36.125	29.3594	
549	1	37.125	37.125	25.2344	
550	1	37.125	37.125	25.4844	
551	1	36.125	36.125	26.9844	
552	1	36.625	36.625	23.6094	
553	1	36.8125	36.8125	31.7773	
554	1	36.625	36.625	24.9844	
555	1	36.6875	36.6875	22.9648	
556	1	36.8125	36.8125	32.0273	
557	1	36.875	36.875	31.1094	
558	1	36.8125	36.8125	26.4023	
559	1	37.375	37.375	28.2344	
560	1	36.5625	36.5625	28.8711	
561	1	36.625	36.625	27.9844	
562	1	37.1875	37.1875	25.1523	
563	1	37.375	37.375	25.2344	
564	1	36.375	36.375	25.4844	
565	1	37	37	24.875	
566	1	37.1875	37.1875	23.1523	
567	1	38.0625	38.0625	24.5586	
568	1	37.4375	37.4375	24.8711	
569	1	37.5	37.5	22.25	
570	1	37.9375	37.9375	29.6836	
571	1	37.4375	37.4375	27.4961	
572	1	37.875	37.875	27.2344	
573	1	38.375	38.375	24.2344	
574	1	37.5625	37.5625	25.9961	
575	1	37.875	37.875	28.3594	
576	1	38	38	27.875	
577	1	37.8125	37.8125	24.1523	
578	1	37.5	37.5	25.875	
579	1	38.3125	38.3125	30.4648	
580	1	38.125	38.125	23.9844	
581	1	38.25	38.25	25.1875	
582	1	38.4375	38.4375	31.2461	
583	1	38.8125	38.8125	23.2773	
584	1	37.5625	37.5625	27.7461	
585	1	38.9375	38.9375	23.0586	
586	1	38.9375	38.9375	23.4336	
587	1	38.9375	38.9375	23.4336	
588	1	38.4375	38.4375	24.8711	
589	1	39.0625	39.0625	22.9336	
590	1	37.875	37.875	26.8594	
591	1	38.3125	38.3125	27.0898	
592	1	39.125	39.125	23.4844	
593	1	37.875	37.875	28.4844	
594	1	38.75	38.75	29.9375	
595	1	39.25	39.25	23.6875	
596	1	38.25	38.25	25.9375	
597	1	39.6875	39.6875	25.3398	
598	1	38.6875	38.6875	24.8398	
599	1	38.1875	38.1875	28.9023	
600	1	39.5	39.5	24.5	
601	1	39.1875	39.1875	23.9023	
602	1	39.25	39.25	31.5625	
603	1	40.0625	40.0625	26.4336	
604	1	39.375	39.375	25.7344	
605	1	39.625	39.625	24.4844	
606	1	39.625	39.625	24.4844	
607	1	39.1875	39.1875	30.7773	
608	1	39.4375	39.4375	26.6211	
609	1	39.875	39.875	27.4844	
610	1	38.875	38.875	30.2344	
611	1	39.75	39.75	31.0625	
612	1	39.625	39.625	34.8594	
613	1	39.1875	39.1875	31.5273	
614	1	39.6875	39.6875	26.9648	
615	1	39.5625	39.5625	32.7461	
616	1	40.125	40.125	26.1094	
617	1	40.125	40.125	26.7344	
618	1	40.1875	40.1875	27.5273	
619	1	41.0625	41.0625	30.0586	
620	1	39.9375	39.9375	27.4336	
621	1	40.25	40.25	27.8125	
622	1	40.5	40.5	25.375	
623	1	40.5625	40.5625	24.9961	
624	1	40.6875	40.6875	24.5898	
625	1	40.625	40.625	27.1094	
626	1	40.8125	40.8125	25.2773	
627	1	41.125	41.125	28.7344	
628	1	41.1875	41.1875	28.2773	
629	1	41.3125	41.3125	27.0898	
630	1	40.5	40.5	25.375	
631	1	41.1875	41.1875	29.0273	
632	1	40.75	40.75	27.5625	
633	1	41.8125	41.8125	25.2773	
634	1	41.6875	41.6875	27.3398	
635	1	41.8125	41.8125	24.6523	
636	1	42.5625	42.5625	31.8711	
637	1	41.375	41.375	24.8594	
638	1	41.4375	41.4375	24.3711	
639	1	41.625	41.625	31.1094	
640	1	42.125	42.125	32.2344	
641	1	40.9375	40.9375	32.3086	
642	1	42.1875	42.1875	25.1523	
643	1	42.25	42.25	24.6875	
644	1	42.375	42.375	29.4844	
645	1	41.9375	41.9375	25.6836	
646	1	41.9375	41.9375	25.1836	
647	1	42.3125	42.3125	25.5898	
648	1	41.5	41.5	29.625	
649	1	42.3125	42.3125	28.9648	
650	1	41.4375	41.4375	32.2461	
651	1	42.6875	42.6875	27.7148	
652	1	42.8125	42.8125	31.2773	
653	1	42.125	42.125	25.6094	
654	1	42.5	42.5	25.875	
655	1	41.75	41.75	30.5625	
656	1	42.5	42.5	26.625	
657	1	42.6875	42.6875	25.4648	
658	1	43.3125	43.3125	29.0898	
659	1	42.625	42.625	35.2344	
660	1	43.1875	43.1875	27.9023	
661	1	42.6875	42.6875	27.8398	
662	1	42.625	42.625	31.7344	
663	1	42.625	42.625	27.2344	
664	1	41.625	41.625	37.4844	
665	1	42.875	42.875	39.3594	
666	1	43.1875	43.1875	30.1523	
667	1	42.5625	42.5625	28.7461	
668	1	44.125	44.125	35.2344	
669	1	42.125	42.125	34.2344	
670	1	43.5	43.5	29.875	
671	1	42	42	36.25	
672	1	42.6875	42.6875	30.9648	
673	1	43.8125	43.8125	29.5273	
674	1	43.8125	43.8125	32.5273	
675	1	43	43	27.5	
676	1	42.875	42.875	30.2344	
677	1	43.9375	43.9375	27.3086	
678	1	44.0625	44.0625	28.8086	
679	1	44.5	44.5	32.375	
680	1	44.1875	44.1875	28.7773	
681	1	43.9375	43.9375	25.8086	
682	1	43.5625	43.5625	26.3711	
683	1	43.3125	43.3125	29.9648	
684	1	43.0625	43.0625	31.6836	
685	1	44	44	26.125	
686	1	44.6875	44.6875	29.3398	
687	1	43.9375	43.9375	26.0586	
688	1	44.25	44.25	24.9375	
689	1	43.875	43.875	32.8594	
690	1	44.5625	44.5625	23.9961	
691	1	43.8125	43.8125	24.2773	
692	1	44.375	44.375	26.1094	
693	1	44.6875	44.6875	24.8398	
694	1	45.375	45.375	31.2344	
695	1	44.6875	44.6875	23.3398	
696	1	44.4375	44.4375	22.4961	
697	1	45.25	45.25	23.6875	
698	1	44.9375	44.9375	23.5586	
699	1	44.9375	44.9375	23.5586	
700	1	45.5	45.5	24.375	
701	1	45.3125	45.3125	23.2148	
702	1	44.9375	44.9375	20.5586	
703	1	45.75	45.75	25.0625	
704	1	45.125	45.125	21.2344	
705	1	45.1875	45.1875	20.4023	
706	1	45.6875	45.6875	21.4648	
707	1	44.875	44.875	24.3594	
708	1	45.375	45.375	20.1094	
709	1	45.75	45.75	22.5625	
710	1	45.5625	45.5625	21.1211	
711	1	45.5625	45.5625	28.2461	
712	1	46	46	23.125	
713	1	46.375	46.375	22.8594	
714	1	45.375	45.375	25.2344	
715	1	46.125	46.125	22.8594	
716	1	45.8125	45.8125	23.6523	
717	1	46	46	23.5	
718	1	46.9375	46.9375	27.8086	
719	1	46.5625	46.5625	27.6211	
720	1	46.1875	46.1875	24.6523	
721	1	46.4375	46.4375	31.8711	
722	1	47.8125	47.8125	35.5273	
723	1	47.4375	47.4375	30.3711	
724	1	47.5	47.5	31.25	
725	1	46.5	46.5	31.625	
726	1	48.125	48.125	39.1094	
727	1	47	47	29.875	
728	1	47.625	47.625	35.9844	
729	1	46.8125	46.8125	33.2773	
730	1	46.8125	46.8125	33.9023	
731	1	46.75	46.75	35.9375	
732	1	46.5	46.5	37.375	
733	1	48.4375	48.4375	33.9961	
734	1	47.6875	47.6875	29.2148	
735	1	46.875	46.875	36.4844	
736	1	47.625	47.625	29.2344	
737	1	47.4375	47.4375	36.4961	
738	1	47.375	47.375	36.1094	
739	1	47.3125	47.3125	33.8398	
740	1	48.25	48.25	30.5625	
741	1	48.0625	48.0625	31.4336	
742	1	49.1875	49.1875	38.1523	
743	1	48.75	48.75	32.9375	
744	1	48.375	48.375	31.8594	
745	1	48.125	48.125	30.2344	
746	1	48.0625	48.0625	30.3086	
747	1	49.25	49.25	34.8125	
748	1	49.0625	49.0625	36.5586	
749	1	49.125	49.125	36.2344	
750	1	49.25	49.25	36.9375	
751	1	48.5625	48.5625	31.6211	
752	1	48.25	48.25	35.9375	
753	1	49.25	49.25	32.4375	
754	1	49.5	49.5	35.5	
755	1	49.625	49.625	32.6094	
756	1	48.75	48.75	33.1875	
757	1	49.375	49.375	34.1094	
758	1	49.125	49.125	33.9844	
759	1	48.5625	48.5625	38.1211	
760	1	49.8125	49.8125	32.7773	
761	1	49.0625	49.0625	39.4336	
762	1	49.75	49.75	38.6875	
763	1	49.3125	49.3125	40.0898	
764	1	49.5	49.5	31.625	
765	1	49.375	49.375	40.1094	
766	1	49.5625	49.5625	42.2461	
767	1	50.375	50.375	33.9844	
768	1	50.1875	50.1875	33.9023	
769	1	49.9375	49.9375	32.8086	
770	1	50.125	50.125	32.8594	
771	1	49.1875	49.1875	38.7773	
772	1	49.5625	49.5625	33.2461	
773	1	49.9375	49.9375	32.9336	
774	1	50	50	32.875	
775	1	50.8125	50.8125	37.4023	
776	1	50.125	50.125	33.2344	
777	1	49.8125	49.8125	34.1523	
778	1	50.3125	50.3125	31.4648	
779	1	49.75	49.75	40.6875	
780	1	50.875	50.875	33.9844	
781	1	51	51	37.375	
782	1	50.25	50.25	42.8125	
783	1	51	51	37.375	
784	1	50.875	50.875	33.8594	
785	1	50.75	50.75	32.6875	
786	1	51.75	51.75	40.1875	
787	1	50.375	50.375	33.4844	
788	1	50.75	50.75	31.5625	
789	1	49.5625	49.5625	44.2461	
790	1	51.6875	51.6875	34.0898	
791	1	51.4375	51.4375	35.4961	
792	1	50.875	50.875	33.4844	
793	1	50.625	50.625	39.6094	
794	1	52.25	52.25	38.4375	
795	1	51.125	51.125	32.2344	
796	1	51.375	51.375	30.8594	
797	1	51.375	51.375	30.6094	
798	1	51.4375	51.4375	41.7461	
799	1	50.5	50.5	39.875	
800	1	51.75	51.75	30.8125	
801	1	52	52	30.875	
802	1	52.0625	52.0625	32.5586	
803	1	51.4375	51.4375	32.7461	
804	1	51.8125	51.8125	34.5273	
805	1	52.4375	52.4375	36.6211	
806	1	51.8125	51.8125	32.9023	
807	1	52.125	52.125	32.4844	
808	1	52	52	36.875	
809	1	51.8125	51.8125	34.0273	
810	1	52.125	52.125	33.3594	
811	1	52.8125	52.8125	34.5273	
812	1	52.0625	52.0625	33.4336	
813	1	51.9375	51.9375	35.0586	
814	1	51.25	51.25	42.0625	
815	1	52.3125	52.3125	31.4648	
816	1	53.1875	53.1875	36.1523	
817	1	52.9375	52.9375	33.3086	
818	1	52.1875	52.1875	40.6523	
819	1	51.8125	51.8125	36.5273	
820	1	52.5625	52.5625	43.1211	
821	1	53.1875	53.1875	33.9023	
822	1	52.625	52.625	43.1094	
823	1	53.1875	53.1875	33.9023	
824	1	51.5	51.5	45.625	
825	1	52.25	52.25	39.8125	
826	1	52.9375	52.9375	46.4336	
827	1	53.375	53.375	34.2344	
828	1	53.6875	53.6875	36.0898	
829	1	54.0625	54.0625	38.5586	
830	1	52.875	52.875	43.4844	
831	1	52.9375	52.9375	43.8086	
832	1	52.8125	52.8125	42.4023	
833	1	53.875	53.875	35.2344	
834	1	52.6875	52.6875	43.8398	
835	1	53.4375	53.4375	36.1211	
836	1	54.875	54.875	42.6094	
837	1	53	53	40.5	
838	1	53	53	43.875	
839	1	53.1875	53.1875	41.4023	
840	1	53.3125	53.3125	44.4648	
841	1	53.5625	53.5625	43.4961	
842	1	54.75	54.75	40.4375	
843	1	54.375	54.375	36.7344	
844	1	54.4375	54.4375	35.2461	
845	1	54.4375	54.4375	35.3711	
846	1	53.375	53.375	42.6094	
847	1	55	55	36.125	
848	1	54.6875	54.6875	33.4648	
849	1	54.625	54.625	35.2344	
850	1	55.0625	55.0625	35.4336	
851	1	54.875	54.875	34.3594	
852	1	54.625	54.625	33.9844	
853	1	54.8125	54.8125	33.5273	
854	1	55.4375	55.4375	33.6211	
855	1	55.0625	55.0625	43.1836	
856	1	55.8125	55.8125	36.4023	
857	1	56.5	56.5	42.25	
858	1	54.8125	54.8125	37.0273	
859	1	54.875	54.875	37.1094	
860	1	56	56	36.125	
861	1	56	56	36.25	
862	1	56.125	56.125	37.2344	
863	1	55.5625	55.5625	32.1211	
864	1	55.4375	55.4375	31.9961	
865	1	54.875	54.875	40.9844	
866	1	55.75	55.75	34.3125	
867	1	55.8125	55.8125	34.6523	
868	1	54.3125	54.3125	49.8398	
869	1	56.3125	56.3125	37.7148	
870	1	56	56	35.75	
871	1	54.3125	54.3125	49.8398	
872	1	55.4375	55.4375	36.6211	
873	1	54.625	54.625	46.2344	
874	1	55.5625	55.5625	36.9961	
875	1	54.875	54.875	42.8594	
876	1	55.875	55.875	35.7344	
877	1	55.9375	55.9375	35.6836	
878	1	55.9375	55.9375	35.8086	
879	1	55.75	55.75	36.1875	
880	1	56.75	56.75	37.8125	
881	1	56.3125	56.3125	31.8398	
882	1	55.9375	55.9375	33.4336	
883	1	56.0625	56.0625	31.9336	
884	1	56.1875	56.1875	31.9023	
885	1	55.625	55.625	34.2344	
886	1	55.5	55.5	39.125	
887	1	56.1875	56.1875	31.9023	
888	1	56.375	56.375	32.7344	
889	1	56.8125	56.8125	36.2773	
890	1	55.75	55.75	40.3125	
891	1	56.4375	56.4375	36.6211	
892	1	55.8125	55.8125	33.4023	
893	1	56.25	56.25	31.8125	
894	1	56.4375	56.4375	36.6211	
895	1	56.25	56.25	34.0625	
896	1	57.125	57.125	39.4844	
897	1	57.5	57.5	42.125	
898	1	56.3125	56.3125	36.7148	
899	1	56.9375	56.9375	36.3086	
900	1	57.0625	57.0625	36.9336	
901	1	56.9375	56.9375	34.9336	
902	1	56.1875	56.1875	37.7773	
903	1	57	57	34.75	
904	1	56.9375	56.9375	46.5586	
905	1	56.375	56.375	41.1094	
906	1	57.1875	57.1875	34.4023	
907	1	57.9375	57.9375	41.0586	
908	1	56.625	56.625	36.6094	
909	1	57.3125	57.3125	36.7148	
910	1	57.3125	57.3125	47.2148	
911	1	56.8125	56.8125	37.7773	
912	1	58.3125	58.3125	39.2148	
913	1	57.625	57.625	47.1094	
914	1	56.5625	56.5625	44.1211	
915	1	57.0625	57.0625	42.9336	
916	1	58.1875	58.1875	33.1523	
917	1	57.25	57.25	41.5625	
918	1	57.1875	57.1875	40.2773	
919	1	57.5625	57.5625	42.2461	
920	1	57.0625	57.0625	42.5586	
921	1	57.6875	57.6875	35.8398	
922	1	58.8125	58.8125	36.9023	
923	1	57.3125	57.3125	39.2148	
924	1	57.75	57.75	38.4375	
925	1	57.75	57.75	39.0625	
926	1	58.1875	58.1875	38.1523	
927	1	58.625	58.625	39.1094	
928	1	58.875	58.875	38.8594	
929	1	58.6875	58.6875	41.7148	
930	1	58.5	58.5	45.875	
931	1	59.25	59.25	40.0625	
932	1	58.125	58.125	45.2344	
933	1	58.5	58.5	46.625	
934	1	57.75	57.75	50.8125	
935	1	59.1875	59.1875	39.1523	
936	1	59.125	59.125	38.3594	
937	1	59.375	59.375	37.6094	
938	1	59.375	59.375	38.9844	
939	1	58.875	58.875	41.2344	
940	1	59.5625	59.5625	57.2461	
941	1	60.1875	60.1875	44.9023	
942	1	59	59	41.5	
943	1	58.6875	58.6875	47.5898	
944	1	60.0625	60.0625	47.6836	
945	1	58.9375	58.9375	47.1836	
946	1	59.375	59.375	47.4844	
947	1	59.4375	59.4375	43.4961	
948	1	60.25	60.25	41.4375	
949	1	60.5	60.5	46	
950	1	60.125	60.125	50.7344	
951	1	59.3125	59.3125	48.7148	
952	1	60.6875	60.6875	45.7148	
953	1	59.3125	59.3125	49.7148	
954	1	60.1875	60.1875	42.4023	
955	1	59.9375	59.9375	42.6836	
956	1	60.3125	60.3125	43.0898	
957	1	61.1875	61.1875	46.5273	
958	1	60.5625	60.5625	50.1211	
959	1	60.8125	60.8125	45.7773	
960	1	60.375	60.375	55.6094	
961	1	60.3125	60.3125	43.2148	
962	1	59.9375	59.9375	46.6836	
963	1	59.5625	59.5625	52.1211	
964	1	61.0625	61.0625	47.1836	
965	1	60.625	60.625	44.2344	
966	1	61.0625	61.0625	49.1836	
967	1	61.5625	61.5625	43.8711	
968	1	61.5	61.5	49.875	
969	1	60.5625	60.5625	42.7461	
970	1	60.375	60.375	44.6094	
971	1	60.4375	60.4375	43.7461	
972	1	60.8125	60.8125	46.2773	
973	1	61.875	61.875	46.6094	
974	1	60.1875	60.1875	51.4023	
975	1	60.5625	60.5625	44.9961	
976	1	60.375	60.375	50.8594	
977	1	61.8125	61.8125	48.6523	
978	1	60.1875	60.1875	55.9023	
979	1	61.75	61.75	43.3125	
980	1	60.625	60.625	49.3594	
981	1	62.625	62.625	50.8594	
982	1	61	61	46.5	
983	1	61.5	61.5	58.125	
984	1	61.6875	61.6875	44.7148	
985	1	62.0625	62.0625	50.1836	
986	1	62.75	62.75	51.3125	
987	1	60.875	60.875	54.2344	
988	1	61.8125	61.8125	47.5273	
989	1	61.5625	61.5625	46.7461	
990	1	62.125	62.125	60.2344	
991	1	62.75	62.75	50.9375	
992	1	61.5625	61.5625	47.7461	
993	1	62.4375	62.4375	43.9961	
994	1	63.0625	63.0625	49.6836	
995	1	63.25	63.25	49.4375	
996	1	62.125	62.125	44.2344	
997	1	61.8125	61.8125	46.6523	
998	1	63.0625	63.0625	49.5586	
999	1	62.1875	62.1875	46.1523	
1000	1	62.5	62.5	61.125	
1001	1	63.25	63.25	53.4375	
1002	1	63	63	54.375	
1003	1	62.125	62.125	50.9844	
1004	1	62.875	62.875	48.8594	
1005	1	63.875	63.875	49.8594	
1006	1	63.3125	63.3125	50.9648	
1007	1	62.625	62.625	46.9844	
1008	1	63	63	47.75	
1009	1	62.9375	62.9375	45.3086	
1010	1	62.375	62.375	54.1094	
1011	1	63.0625	63.0625	47.1836	
1012	1	63.125	63.125	46.2344	
1013	1	63.125	63.125	45.3594	
1014	1	62.8125	62.8125	55.0273	
1015	1	62.25	62.25	57.3125	
1016	1	62.5	62.5	54.75	
1017	1	63.1875	63.1875	45.4023	
1018	1	64.4375	64.4375	48.1211	
1019	1	64.1875	64.1875	50.0273	
1020	1	63.5	63.5	55.75	
1021	1	64.0625	64.0625	44.1836	
1022	1	63.9375	63.9375	58.1836	
1023	1	64.875	64.875	44.1094	
1024	1	63.9375	63.9375	46.9336	
1025	1	64.5	64.5	42.75	
1026	1	64.8125	64.8125	45.1523	
1027	1	63.875	63.875	46.7344	
1028	1	64.4375	64.4375	44.1211	
1029	1	64.375	64.375	44.4844	
1030	1	64.6875	64.6875	55.0898	
1031	1	63.625	63.625	50.1094	
1032	1	64.0625	64.0625	45.4336	
1033	1	64.375	64.375	60.3594	
1034	1	65.3125	65.3125	49.0898	
1035	1	64.5	64.5	62.75	
1036	1	64.3125	64.3125	43.9648	
1037	1	63	63	65.75	
1038	1	65.4375	65.4375	47.6211	
1039	1	64.625	64.625	43.4844	
1040	1	65.0625	65.0625	41.8086	
1041	1	66	66	48.5	
1042	1	65.5	65.5	41	
1043	1	65.4375	65.4375	41.3711	
1044	1	64.4375	64.4375	47.2461	
1045	1	65.3125	65.3125	47.4648	
1046	1	65.375	65.375	43.8594	
1047	1	65.8125	65.8125	49.0273	
1048	1	65.6875	65.6875	53.8398	
1049	1	65.9375	65.9375	46.0586	
1050	1	65.1875	65.1875	47.5273	
1051	1	66.1875	66.1875	50.6523	
1052	1	66.1875	66.1875	50.6523	
1053	1	65.6875	65.6875	50.2148	
1054	1	65	65	47.75	
1055	1	66	66	45.875	
1056	1	65.875	65.875	48.4844	
1057	1	66.75	66.75	46.0625	
1058	1	65.6875	65.6875	58.2148	
1059	1	66.75	66.75	47.8125	
1060	1	65.25	65.25	56.3125	
1061	1	65.4375	65.4375	56.3711	
1062	1	66	66	44.875	
1063	1	66	66	48.125	
1064	1	66.3125	66.3125	51.4648	
1065	1	65.625	65.625	47.9844	
1066	1	66	66	46	
1067	1	66.3125	66.3125	45.5898	
1068	1	65.625	65.625	49.4844	
1069	1	66.9375	66.9375	49.3086	
1070	1	64.875	64.875	63.2344	
1071	1	65.9375	65.9375	46.1836	
1072	1	67.0625	67.0625	50.6836	
1073	1	67.25	67.25	49.6875	
1074	1	66.75	66.75	45.4375	
1075	1	67.0625	67.0625	43.3086	
1076	1	67.625	67.625	48.3594	
1077	1	66.375	66.375	50.8594	
1078	1	68.5	68.5	53.375	
1079	1	66.75	66.75	45.0625	
1080	1	67.4375	67.4375	43.2461	
1081	1	66.625	66.625	50.3594	
1082	1	66.625	66.625	49.9844	
1083	1	67.6875	67.6875	42.4648	
1084	1	68.375	68.375	46.1094	
1085	1	66.4375	66.4375	54.3711	
1086	1	67.5625	67.5625	44.9961	
1087	1	67.6875	67.6875	46.7148	
1088	1	67.5625	67.5625	46.4961	
1089	1	68.4375	68.4375	47.4961	
1090	1	67.5625	67.5625	44.2461	
1091	1	67.5	67.5	46.625	
1092	1	68.75	68.75	42.6875	
1093	1	68.25	68.25	56.3125	
1094	1	67.1875	67.1875	50.7773	
1095	1	68	68	42	
1096	1	68.375	68.375	55.7344	
1097	1	68.875	68.875	47.1094	
1098	1	69	69	43.25	
1099	1	68.125	68.125	43.3594	
1100	1	68.8125	68.8125	49.6523	
1101	1	69	69	41.75	
1102	1	68.25	68.25	46.3125	
1103	1	68.25	68.25	46.9375	
1104	1	67.9375	67.9375	51.1836	
1105	1	69.125	69.125	51.1094	
1106	1	70.3125	70.3125	48.2148	
1107	1	69.5	69.5	48.375	
1108	1	69.125	69.125	49.1094	
1109	1	68.75	68.75	42.8125	
1110	1	68.5	68.5	46.625	
1111	1	69.625	69.625	47.7344	
1112	1	69	69	46.875	
1113	1	69	69	43.375	
1114	1	69.4375	69.4375	42.7461	
1115	1	69.0625	69.0625	44.3086	
1116	1	68.6875	68.6875	49.4648	
1117	1	70.375	70.375	46.4844	
1118	1	69.6875	69.6875	43.4648	
1119	1	70.6875	70.6875	48.8398	
1120	1	68.5	68.5	55.375	
1121	1	69.0625	69.0625	48.1836	
1122	1	71.1875	71.1875	50.2773	
1123	1	69.375	69.375	44.7344	
1124	1	71.3125	71.3125	50.3398	
1125	1	69.8125	69.8125	49.0273	
1126	1	70.625	70.625	47.9844	
1127	1	69.6875	69.6875	43.5898	
1128	1	70.5625	70.5625	40.2461	
1129	1	71.375	71.375	46.9844	
1130	1	71.25	71.25	49.5625	
1131	1	70.0625	70.0625	46.1836	
1132	1	70.4375	70.4375	43.4961	
1133	1	70.3125	70.3125	44.0898	
1134	1	70.875	70.875	45.7344	
1135	1	70.5625	70.5625	44.6211	
1136	1	70.125	70.125	53.3594	
1137	1	70.375	70.375	52.9844	
1138	1	71.125	71.125	44.3594	
1139	1	70	70	55.625	
1140	1	71.6875	71.6875	49.4648	
1141	1	71.75	71.75	50.4375	
1142	1	72.8125	72.8125	56.7773	
1143	1	70.9375	70.9375	46.9336	
1144	1	71.25	71.25	54.0625	
1145	1	71.5625	71.5625	57.3711	
1146	1	71.9375	71.9375	48.9336	
1147	1	71.5	71.5	45.625	
1148	1	71.5	71.5	55.25	
1149	1	71.5	71.5	45.625	
1150	1	71.75	71.75	47.9375	
1151	1	71.375	71.375	47.8594	
1152	1	71.6875	71.6875	57.7148	
1153	1	71.4375	71.4375	49.2461	
1154	1	71.3125	71.3125	57.2148	
1155	1	72.25	72.25	48.3125	
1156	1	72.5625	72.5625	53.1211	
1157	1	72.5625	72.5625	54.4961	
1158	1	72.4375	72.4375	51.1211	
1159	1	72.5	72.5	50.25	
1160	1	72.8125	72.8125	53.5273	
1161	1	72.4375	72.4375	49.6211	
1162	1	72.8125	72.8125	53.2773	
1163	1	73.3125	73.3125	55.5898	
1164	1	72.4375	72.4375	52.7461	
1165	1	73.5	73.5	57.5	
1166	1	73.25	73.25	58.1875	
1167	1	73.375	73.375	55.6094	
1168	1	73.125	73.125	56.6094	
1169	1	73.4375	73.4375	59.7461	
1170	1	74	74	55.875	
1171	1	72.4375	72.4375	55.7461	
1172	1	72.125	72.125	62.3594	
1173	1	72.75	72.75	64.3125	
1174	1	72.6875	72.6875	57.7148	
1175	1	71.8125	71.8125	65.1523	
1176	1	72.6875	72.6875	51.7148	
1177	1	74.3125	74.3125	55.3398	
1178	1	73.5625	73.5625	49.7461	
1179	1	72.75	72.75	56.4375	
1180	1	74.3125	74.3125	51.3398	
1181	1	73.9375	73.9375	51.1836	
1182	1	73.4375	73.4375	45.8711	
1183	1	74.25	74.25	52.6875	
1184	1	73	73	55.75	
1185	1	74.4375	74.4375	48.7461	
1186	1	74.1875	74.1875	61.1523	
1187	1	73.3125	73.3125	57.0898	
1188	1	73.0625	73.0625	63.1836	
1189	1	75.25	75.25	54.1875	
1190	1	73.1875	73.1875	64.4023	
1191	1	74.1875	74.1875	60.0273	
1192	1	73.4375	73.4375	68.1211	
1193	1	74.1875	74.1875	56.4023	
1194	1	75.0625	75.0625	57.1836	
1195	1	75.375	75.375	57.7344	
1196	1	74.1875	74.1875	55.7773	
1197	1	73.9375	73.9375	60.5586	
1198	1	75.3125	75.3125	62.7148	
1199	1	75	75	64	
1200	1	74.125	74.125	63.8594	
1201	1	74.5625	74.5625	56.9961	
1202	1	74.6875	74.6875	57.4648	
1203	1	75.25	75.25	69.6875	
1204	1	75.75	75.75	64.5625	
1205	1	75.9375	75.9375	65.3086	
1206	1	75.0625	75.0625	64.8086	
1207	1	75.4375	75.4375	61.1211	
1208	1	76.3125	76.3125	60.0898	
1209	1	76.25	76.25	65.3125	
1210	1	74.5625	74.5625	77.3711	
1211	1	76.4375	76.4375	62.2461	
1212	1	76.3125	76.3125	61.0898	
1213	1	75.9375	75.9375	60.4336	
1214	1	75.125	75.125	71.4844	
1215	1	77.3125	77.3125	65.5898	
1216	1	77.5625	77.5625	67.8711	
1217	1	76.0625	76.0625	71.3086	
1218	1	75.875	75.875	65.6094	
1219	1	77.75	77.75	64.3125	
1220	1	77.6875	77.6875	63.7148	
1221	1	76.0625	76.0625	67.0586	
1222	1	77.8125	77.8125	59.0273	
1223	1	77.4375	77.4375	66.4961	
1224	1	77.75	77.75	56.5625	
1225	1	76.875	76.875	56.2344	
1226	1	77.0625	77.0625	66.6836	
1227	1	77.5	77.5	59.875	
1228	1	78.4375	78.4375	61.4961	
1229	1	77.0625	77.0625	56.4336	
1230	1	77.6875	77.6875	57.2148	
1231	1	77.875	77.875	58.1094	
1232	1	76.8125	76.8125	60.6523	
1233	1	77.625	77.625	64.3594	
1234	1	78.625	78.625	58.4844	
1235	1	76.625	76.625	64.6094	
1236	1	77.25	77.25	56.4375	
1237	1	79.0625	79.0625	61.6836	
1238	1	77.3125	77.3125	55.2148	
1239	1	78.5625	78.5625	55.3711	
1240	1	76.875	76.875	61.9844	
1241	1	78	78	63	
1242	1	77.25	77.25	61.5625	
1243	1	77	77	67.125	
1244	1	77	77	64	
1245	1	77.5625	77.5625	57.2461	
1246	1	76.6875	76.6875	72.5898	
1247	1	79.3125	79.3125	64.3398	
1248	1	76.8125	76.8125	75.1523	
1249	1	78.5625	78.5625	62.7461	
1250	1	78	78	65.875	
1251	1	78.5625	78.5625	62.7461	
1252	1	77.125	77.125	71.1094	
1253	1	79.4375	79.4375	62.7461	
1254	1	78	78	59.625	
1255	1	78.625	78.625	69.8594	
1256	1	79.625	79.625	65.1094	
1257	1	79.6875	79.6875	66.3398	
1258	1	77.75	77.75	66.6875	
1259	1	77.9375	77.9375	66.8086	
1260	1	78.9375	78.9375	64.6836	
1261	1	79.4375	79.4375	72.6211	
1262	1	78.8125	78.8125	68.2773	
1263	1	78.5625	78.5625	63.9961	
1264	1	80.375	80.375	69.2344	
1265	1	78.1875	78.1875	74.0273	
1266	1	79.25	79.25	69.1875	
1267	1	79.125	79.125	78.8594	
1268	1	78.9375	78.9375	65.1836	
1269	1	79	79	77.75	
1270	1	79.75	79.75	68.9375	
1271	1	80.875	80.875	72.3594	
1272	1	78.6875	78.6875	69.9648	
1273	1	80.8125	80.8125	71.7773	
1274	1	80.1875	80.1875	72.7773	
1275	1	78.1875	78.1875	85.5273	
1276	1	80.375	80.375	74.7344	
1277	1	79.0625	79.0625	70.5586	
1278	1	79.375	79.375	66.3594	
1279	1	79.3125	79.3125	66.9648	
1280	1	78.6875	78.6875	75.7148	
1281	1	79	79	71.75	
1282	1	79.75	79.75	72.8125	
1283	1	80.9375	80.9375	68.6836	
1284	1	79.875	79.875	82.4844	
1285	1	79.0625	79.0625	72.9336	
1286	1	80.5625	80.5625	74.2461	
1287	1	81.1875	81.1875	70.5273	
1288	1	79.75	79.75	65.6875	
1289	1	80.75	80.75	69.1875	
1290	1	78.8125	78.8125	81.7773	
1291	1	80.125	80.125	77.2344	
1292	1	80.375	80.375	75.6094	
1293	1	81.5625	81.5625	67.6211	
1294	1	80.5625	80.5625	81.6211	
1295	1	79.75	79.75	70.6875	
1296	1	80.625	80.625	71.9844	
1297	1	81.1875	81.1875	66.6523	
1298	1	81	81	61.75	
1299	1	80.5625	80.5625	61.1211	
1300	1	80.75	80.75	69.5625	
1301	1	80.8125	80.8125	68.2773	
1302	1	81.3125	81.3125	76.4648	
1303	1	80.3125	80.3125	69.4648	
1304	1	82.625	82.625	72.2344	
1305	1	81.6875	81.6875	69.7148	
1306	1	82.0625	82.0625	76.1836	
1307	1	80.625	80.625	72.8594	
1308	1	81.375	81.375	67.4844	
1309	1	82.1875	82.1875	70.6523	
1310	1	83.3125	83.3125	76.9648	
1311	1	81.875	81.875	78.7344	
1312	1	81.4375	81.4375	70.8711	
1313	1	81.3125	81.3125	72.4648	
1314	1	81.4375	81.4375	75.3711	
1315	1	81.625	81.625	74.3594	
1316	1	82.4375	82.4375	74.1211	
1317	1	84.0625	84.0625	81.0586	
1318	1	83.375	83.375	81.3594	
1319	1	82.0625	82.0625	70.6836	
1320	1	82.4375	82.4375	75.8711	
1321	1	83.5	83.5	70.75	
1322	1	81.75	81.75	76.4375	
1323	1	83.9375	83.9375	75.6836	
1324	1	81.6875	81.6875	83.9648	
1325	1	81.8125	81.8125	81.2773	
1326	1	84.1875	84.1875	79.2773	
1327	1	82.4375	82.4375	75.9961	
1328	1	82.8125	82.8125	84.2773	
1329	1	82.0625	82.0625	82.5586	
1330	1	83.125	83.125	75.9844	
1331	1	82.8125	82.8125	72.1523	
1332	1	82.5625	82.5625	79.7461	
1333	1	82.4375	82.4375	83.9961	
1334	1	83.625	83.625	79.1094	
1335	1	83.4375	83.4375	82.1211	
1336	1	82.9375	82.9375	77.8086	
1337	1	85.6875	85.6875	103.09	
1338	1	85.5	85.5	97.875	
1339	1	82.25	82.25	92.8125	
1340	1	82.4375	82.4375	89.1211	
1341	1	83	83	82.5	
1342	1	83	83	85.875	
1343	1	83.9375	83.9375	93.5586	
1344	1	82.5625	82.5625	94.6211	
1345	1	84.375	84.375	79.4844	
1346	1	84.9375	84.9375	79.3086	
1347	1	85.0625	85.0625	80.5586	
1348	1	85.3125	85.3125	84.5898	
1349	1	85.125	85.125	79.6094	
1350	1	84	84	79.25	
1351	1	82.875	82.875	90.6094	
1352	1	84.625	84.625	79.6094	
1353	1	83.375	83.375	84.8594	
1354	1	83.625	83.625	82.9844	
1355	1	83.125	83.125	93.6094	
1356	1	84.375	84.375	83.3594	
1357	1	83.3125	83.3125	90.4648	
1358	1	84.4375	84.4375	83.9961	
1359	1	85.5	85.5	76.125	
1360	1	84	84	81.375	
1361	1	85.25	85.25	99.9375	
1362	1	83.6875	83.6875	87.9648	
1363	1	85.625	85.625	74.4844	
1364	1	85.0625	85.0625	92.4336	
1365	1	85.6875	85.6875	74.9648	
1366	1	84.6875	84.6875	73.5898	
1367	1	85.8125	85.8125	74.2773	
1368	1	86.25	86.25	79.4375	
1369	1	85.125	85.125	77.8594	
1370	1	86.8125	86.8125	94.4023	
1371	1	84.5	84.5	86.5	
1372	1	84.75	84.75	82.9375	
1373	1	86.1875	86.1875	87.6523	
1374	1	86.25	86.25	84.0625	
1375	1	84.75	84.75	93.4375	
1376	1	87.1875	87.1875	84.1523	
1377	1	86.875	86.875	78.3594	
1378	1	85.25	85.25	86.4375	
1379	1	85.5	85.5	86.25	
1380	1	86.8125	86.8125	92.4023	
1381	1	87.25	87.25	77.4375	
1382	1	86	86	82	
1383	1	88.0625	88.0625	84.1836	
1384	1	85.375	85.375	92.7344	
1385	1	85.875	85.875	85.1094	
1386	1	87.5625	87.5625	85.3711	
1387	1	87	87	76.125	
1388	1	86.625	86.625	80.2344	
1389	1	87.0625	87.0625	75.9336	
1390	1	87.4375	87.4375	80.2461	
1391	1	86.4375	86.4375	80.1211	
1392	1	86.125	86.125	87.2344	
1393	1	88.8125	88.8125	87.7773	
1394	1	86.8125	86.8125	82.2773	
1395	1	87.125	87.125	79.9844	
1396	1	88.5	88.5	76.5	
1397	1	88.375	88.375	92.3594	
1398	1	87.9375	87.9375	79.0586	
1399	1	89.8125	89.8125	91.6523	
1400	1	88	88	79.625	
1401	1	89.4375	89.4375	83.3711	
1402	1	88.1875	88.1875	79.1523	
1403	1	88.5625	88.5625	75.4961	
1404	1	87.375	87.375	83.4844	
1405	1	88.3125	88.3125	89.9648	
1406	1	88.875	88.875	91.6094	
1407	1	87.75	87.75	79.1875	
1408	1	88.875	88.875	70.6094	
1409	1	87.75	87.75	78.1875	
1410	1	88	88	75.25	
1411	1	89	89	71.5	
1412	1	89.3125	89.3125	76.9648	
1413	1	88.125	88.125	83.8594	
1414	1	90.8125	90.8125	86.6523	
1415	1	89.9375	89.9375	85.5586	
1416	1	89.875	89.875	71.4844	
1417	1	88.375	88.375	78.9844	
1418	1	89.375	89.375	81.2344	
1419	1	90.5625	90.5625	72.2461	
1420	1	89.5625	89.5625	70.3711	
1421	1	89.8125	89.8125	72.6523	
1422	1	90.75	90.75	71.9375	
1423	1	89.8125	89.8125	79.6523	
1424	1	89.25	89.25	69.6875	
1425	1	89.25	89.25	69.6875	
1426	1	89.9375	89.9375	68.1836	
1427	1	88.8125	88.8125	78.0273	
1428	1	90.3125	90.3125	73.9648	
1429	1	90.0625	90.0625	69.1836	
1430	1	90.375	90.375	69.7344	
1431	1	90.4375	90.4375	93.2461	
1432	1	90.75	90.75	70.3125	
1433	1	89.9375	89.9375	71.1836	
1434	1	89.375	89.375	81.4844	
1435	1	89.5	89.5	78.625	
1436	1	91.9375	91.9375	79.3086	
1437	1	89.8125	89.8125	75.2773	
1438	1	90.125	90.125	77.6094	
1439	1	91.5625	91.5625	79.8711	
1440	1	90.625	90.625	68.4844	
1441	1	89.875	89.875	79.1094	
1442	1	90.5625	90.5625	79.4961	
1443	1	90.4375	90.4375	80.4961	
1444	1	89.375	89.375	87.7344	
1445	1	91.4375	91.4375	72.9961	
1446	1	90.5	90.5	78.875	
1447	1	91.6875	91.6875	71.7148	
1448	1	91.3125	91.3125	72.0898	
1449	1	91.875	91.875	78.7344	
1450	1	91.625	91.625	73.6094	
1451	1	91.125	91.125	72.3594	
1452	1	92.3125	92.3125	74.9648	
1453	1	90.625	90.625	73.3594	
1454	1	90.3125	90.3125	81.3398	
1455	1	91.125	91.125	82.9844	
1456	1	91.5625	91.5625	91.4961	
1457	1	90.375	90.375	83.1094	
1458	1	91.5625	91.5625	72.6211	
1459	1	92.75	92.75	78.1875	
1460	1	91.4375	91.4375	71.8711	
1461	1	91.375	91.375	80.4844	
1462	1	91.0625	91.0625	71.9336	
1463	1	90.8125	90.8125	77.9023	
1464	1	92	92	64.25	
1465	1	91.375	91.375	66.9844	
1466	1	92.9375	92.9375	62.8086	
1467	1	92.9375	92.9375	62.8086	
1468	1	92.5	92.5	84.5	
1469	1	92.75	92.75	80.6875	
1470	1	92.5	92.5	63.25	
1471	1	93.3125	93.3125	64.2148	
1472	1	93.3125	93.3125	64.2148	
1473	1	91.9375	91.9375	71.8086	
1474	1	92.25	92.25	64.0625	
1475	1	92.375	92.375	62.8594	
1476	1	92.375	92.375	62.8594	
1477	1	93.4375	93.4375	63.7461	
1478	1	92.9375	92.9375	86.4336	
1479	1	92.625	92.625	64.6094	
1480	1	93.25	93.25	74.4375	
1481	1	93.75	93.75	64.3125	
1482	1	92.5	92.5	68.625	
1483	1	92.4375	92.4375	67.7461	
1484	1	94.875	94.875	75.8594	
1485	1	92.9375	92.9375	67.4336	
1486	1	93.375	93.375	65.8594	
1487	1	93.125	93.125	64.8594	
1488	1	93.3125	93.3125	68.4648	
1489	1	93.625	93.625	66.1094	
1490	1	94.0625	94.0625	67.8086	
1491	1	94.4375	94.4375	71.6211	
1492	1	93	93	72.25	
1493	1	93.1875	93.1875	69.6523	
1494	1	93.375	93.375	68.3594	
1495	1	93.875	93.875	71.2344	
1496	1	94.0625	94.0625	67.1836	
1497	1	95.8125	95.8125	69.4023	
1498	1	94	94	65.75	
1499	1	94.3125	94.3125	61.5898	
1500	1	94.25	94.25	60.4375	
1501	1	93.5	93.5	70.75	
1502	1	95.5	95.5	57.5	
1503	1	94.75	94.75	60.6875	
1504	1	94.3125	94.3125	58.7148	
1505	1	94.6875	94.6875	60.4648	
1506	1	94.4375	94.4375	61.7461	
1507	1	95.0625	95.0625	63.3086	
1508	1	95.625	95.625	54.2344	
1509	1	96.4375	96.4375	66.2461	
1510	1	95.125	95.125	56.4844	
1511	1	96.25	96.25	58.1875	
1512	1	95.0625	95.0625	57.5586	
1513	1	96.5625	96.5625	62.2461	
1514	1	94.75	94.75	61.5625	
1515	1	94.75	94.75	61.5625	
1516	1	96.5	96.5	61.75	
1517	1	96	96	72.625	
1518	1	95.75	95.75	58.3125	
1519	1	96.125	96.125	63.6094	
1520	1	96.375	96.375	66.3594	
1521	1	95.6875	95.6875	56.0898	
1522	1	94.5625	94.5625	66.1211	
1523	1	95.9375	95.9375	56.4336	
1524	1	96.4375	96.4375	55.2461	
1525	1	95.125	95.125	61.3594	
1526	1	96.25	96.25	57.0625	
1527	1	96.6875	96.6875	64.4648	
1528	1	96.4375	96.4375	55.1211	
1529	1	96.0625	96.0625	63.3086	
1530	1	95.9375	95.9375	60.3086	
1531	1	95.4375	95.4375	60.9961	
1532	1	95.1875	95.1875	64.1523	
1533	1	96.6875	96.6875	60.8398	
1534	1	95.75	95.75	56.5625	
1535	1	95.5	95.5	61.5	
1536	1	97	97	55.5	
1537	1	96.375	96.375	54.7344	
1538	1	96.1875	96.1875	53.4023	
1539	1	96.25	96.25	57.3125	
1540	1	95.5625	95.5625	62.3711	
1541	1	96.375	96.375	58.3594	
1542	1	96.0625	96.0625	61.0586	
1543	1	98.25	98.25	65.0625	
1544	1	96.6875	96.6875	62.8398	
1545	1	95.6875	95.6875	67.2148	
1546	1	97	97	57.625	
1547	1	96.1875	96.1875	61.7773	
1548	1	97.5625	97.5625	54.7461	
1549	1	96.4375	96.4375	60.1211	
1550	1	97.125	97.125	55.4844	
1551	1	96.3125	96.3125	63.3398	
1552	1	97.9375	97.9375	56.9336	
1553	1	97.1875	97.1875	56.7773	
1554	1	96.625	96.625	60.8594	
1555	1	97.25	97.25	58.3125	
1556	1	97.625	97.625	56.3594	
1557	1	96.25	96.25	67.5625	
1558	1	97.375	97.375	55.6094	
1559	1	97.875	97.875	60.2344	
1560	1	97.0625	97.0625	56.9336	
1561	1	97.25	97.25	62.5625	
1562	1	99.0625	99.0625	64.9336	
1563	1	96.5625	96.5625	68.9961	
1564	1	96.875	96.875	65.2344	
1565	1	98	98	72.5	
1566	1	96.875	96.875	64.4844	
1567	1	96.875	96.875	65.2344	
1568	1	96.6875	96.6875	68.4648	
1569	1	96.6875	96.6875	68.4648	
1570	1	97.6875	97.6875	55.4648	
1571	1	96.8125	96.8125	66.1523	
1572	1	97.75	97.75	62.8125	
1573	1	98.1875	98.1875	55.6523	
1574	1	98.3125	98.3125	69.5898	
1575	1	98.4375	98.4375	69.3711	
1576	1	98.5	98.5	70.5	
1577	1	100.062	100.062	66.8086	
1578	1	98.25	98.25	54.0625	
1579	1	98.875	98.875	53.1094	
1580	1	97.9375	97.9375	58.5586	
1581	1	98.8125	98.8125	53.6523	
1582	1	99.875	99.875	58.3594	
1583	1	99.3125	99.3125	59.5898	
1584	1	97.375	97.375	66.4844	
1585	1	98.0625	98.0625	59.3086	
1586	1	99.4375	99.4375	52.9961	
1587	1	98.75	98.75	53.9375	
1588	1	99.25	99.25	67.5625	
1589	1	100.375	100.375	60.7344	
1590	1	98.5	98.5	58.625	
1591	1	99.1875	99.1875	64.7773	
1592	1	99.125	99.125	58.3594	
1593	1	98.625	98.625	57.2344	
1594	1	99.8125	99.8125	55.9023	
1595	1	99.3125	99.3125	61.0898	
1596	1	99.3125	99.3125	61.0898	
1597	1	98.9375	98.9375	59.0586	
1598	1	98.5	98.5	66.625	
1599	1	100.875	100.875	55.7344	
1600	1	100.125	100.125	50.7344	
1601	1	99.25	99.25	60.3125	
1602	1	100.188	100.188	50.5273	
1603	1	99.375	99.375	58.8594	
1604	1	101.375	101.375	59.6094	
1605	1	99.5	99.5	58.625	
1606	1	98.75	98.75	67.8125	
1607	1	100.5	100.5	50.75	
1608	1	100.375	100.375	63.4844	
1609	1	100	100	52.75	
1610	1	99.5	99.5	60	
1611	1	100.625	100.625	57.6094	
1612	1	100.312	100.312	52.4648	
1613	1	99.1875	99.1875	68.1523	
1614	1	101.375	101.375	56.7344	
1615	1	101.312	101.312	59.4648	
1616	1	100.312	100.312	55.0898	
1617	1	100.062	100.062	56.6836	
1618	1	100.188	100.188	57.4023	
1619	1	99.9375	99.9375	59.0586	
1620	1	101.562	101.562	57.8711	
1621	1	101.375	101.375	52.8594	
1622	1	101.812	101.812	58.0273	
1623	1	100.812	100.812	61.0273	
1624	1	101	101	64.25	
1625	1	101.938	101.938	54.6836	
1626	1	101.062	101.062	66.6836	
1627	1	101.688	101.688	49.8398	
1628	1	101.875	101.875	54.7344	
1629	1	101.188	101.188	56.9023	
1630	1	102.188	102.188	51.1523	
1631	1	100.688	100.688	52.9648	
1632	1	100.312	100.312	59.3398	
1633	1	101.75	101.75	47.9375	
1634	1	102.25	102.25	53.9375	
1635	1	102.188	102.188	52.7773	
1636	1	100.5	100.5	60.5	
1637	1	100.562	100.562	61.6211	
1638	1	100.625	100.625	60.3594	
1639	1	102.688	102.688	51.9648	
1640	1	103.188	103.188	57.1523	
1641	1	101.375	101.375	55.4844	
1642	1	102.125	102.125	47.4844	
1643	1	102	102	62.25	
1644	1	102.625	102.625	53.1094	
1645	1	103.375	103.375	56.7344	
1646	1	102.688	102.688	53.3398	
1647	1	102.5	102.5	47.5	
1648	1	101.75	101.75	53.6875	
1649	1	102.562	102.562	47.7461	
1650	1	102.875	102.875	52.7344	
1651	1	102.75	102.75	53.1875	
1652	1	102.375	102.375	50.1094	
1653	1	103.375	103.375	54.2344	
1654	1	102.812	102.812	48.2773	
1655	1	101.25	101.25	62.9375	
1656	1	102.188	102.188	53.6523	
1657	1	102.5	102.5	54.75	
1658	1	102.25	102.25	54.4375	
1659	1	102.375	102.375	54.3594	
1660	1	102.438	102.438	51.2461	
1661	1	103.875	103.875	52.6094	
1662	1	104.062	104.062	53.1836	
1663	1	103.25	103.25	48.3125	
1664	1	104.125	104.125	54.3594	
1665	1	102.5	102.5	56.5	
1666	1	103.125	103.125	59.3594	
1667	1	102.75	102.75	54.9375	
1668	1	102.5	102.5	58.25	
1669	1	103.875	103.875	55.2344	
1670	1	103	103	56.5	
1671	1	102.688	102.688	59.2148	
1672	1	103.688	103.688	55.7148	
1673	1	105.125	105.125	59.7344	
1674	1	104.25	104.25	50.0625	
1675	1	104.188	104.188	56.7773	
1676	1	104.438	104.438	54.6211	
1677	1	104.312	104.312	57.3398	
1678	1	104.188	104.188	50.2773	
1679	1	102.938	102.938	63.1836	
1680	1	105	105	56.875	
1681	1	104.375	104.375	65.2344	
1682	1	103.688	103.688	57.7148	
1683	1	103.312	103.312	58.4648	
1684	1	103.188	103.188	62.4023	
1685	1	105.188	105.188	53.9023	
1686	1	105.5	105.5	56	
1687	1	103.438	103.438	61.3711	
1688	1	103.812	103.812	59.4023	
1689	1	104.188	104.188	54.6523	
1690	1	104.438	104.438	61.1211	
1691	1	104.562	104.562	55.9961	
1692	1	104.125	104.125	60.7344	
1693	1	104	104	60.75	
1694	1	105.062	105.062	49.9336	
1695	1	105.688	105.688	56.9648	
1696	1	106.438	106.438	61.9961	
1697	1	104.5	104.5	60.25	
1698	1	105.125	105.125	56.2344	
1699	1	104.625	104.625	58.9844	
1700	1	105.875	105.875	53.7344	
1701	1	105.312	105.312	57.3398	
1702	1	103.875	103.875	73.2344	
1703	1	105.75	105.75	62.3125	
1704	1	105.188	105.188	56.6523	
1705	1	106.125	106.125	54.4844	
1706	1	104.438	104.438	65.4961	
1707	1	105.125	105.125	56.8594	
1708	1	105.188	105.188	56.7773	
1709	1	105.938	105.938	53.5586	
1710	1	106.5	106.5	59.5	
1711	1	107.125	107.125	64.8594	
1712	1	106.25	106.25	54.3125	
1713	1	107.125	107.125	61.7344	
1714	1	105.812	105.812	70.2773	
1715	1	106.312	106.312	53.7148	
1716	1	107.562	107.562	60.9961	
1717	1	107.25	107.25	57.3125	
1718	1	106.188	106.188	54.5273	
1719	1	106.562	106.562	51.9961	
1720	1	107.562	107.562	57.3711	
1721	1	106.5	106.5	56.75	
1722	1	107	107	54	
1723	1	105.312	105.312	69.9648	
1724	1	105.875	105.875	61.6094	
1725	1	106.625	106.625	55.1094	
1726	1	106.5	106.5	57.625	
1727	1	108.312	108.312	67.0898	
1728	1	107	107	56.625	
1729	1	107.438	107.438	66.1211	
1730	1	106.125	106.125	69.2344	
1731	1	107.125	107.125	55.9844	
1732	1	107.062	107.062	56.4336	
1733	1	107	107	58.625	
1734	1	107.5	107.5	56.5	
1735	1	108	108	59.625	
1736	1	107.125	107.125	55.9844	
1737	1	107.625	107.625	65.7344	
1738	1	108.062	108.062	60.6836	
1739	1	105.75	105.75	75.1875	
1740	1	106.75	106.75	65.6875	
1741	1	107.812	107.812	58.5273	
1742	1	107.438	107.438	58.3711	
1743	1	106.5	106.5	67.75	
1744	1	108	108	56.875	
1745	1	108	108	54.875	
1746	1	107	107	61.875	
1747	1	109.188	109.188	62.1523	
1748	1	108.5	108.5	60	
1749	1	107.875	107.875	54.3594	
1750	1	107.5	107.5	60.75	
1751	1	109.438	109.438	59.7461	
1752	1	109.125	109.125	52.9844	
1753	1	109.812	109.812	60.5273	
1754	1	109.25	109.25	56.5625	
1755	1	109.812	109.812	55.1523	
1756	1	109.062	109.062	51.3086	
1757	1	109.375	109.375	55.2344	
1758	1	110.125	110.125	58.6094	
1759	1	108.938	108.938	63.5586	
1760	1	108.125	108.125	57.1094	
1761	1	110.125	110.125	58.6094	
1762	1	110.188	110.188	59.6523	
1763	1	109	109	49.75	
1764	1	110	110	54.875	
1765	1	110.375	110.375	56.9844	
1766	1	109.312	109.312	48.7148	
1767	1	109.688	109.688	49.0898	
1768	1	109.062	109.062	46.4336	
1769	1	108.938	108.938	47.0586	
1770	1	110.5	110.5	53.125	
1771	1	109.25	109.25	45.4375	
1772	1	109.438	109.438	46.4961	
1773	1	109.875	109.875	49.2344	
1774	1	108.75	108.75	54.9375	
1775	1	110.375	110.375	50.3594	
1776	1	110.062	110.062	53.4336	
1777	1	110.375	110.375	47.4844	
1778	1	111.25	111.25	51.3125	
1779	1	108.562	108.562	62.2461	
1780	1	110.875	110.875	46.8594	
1781	1	109.688	109.688	54.5898	
1782	1	111.312	111.312	48.9648	
1783	1	110.5	110.5	44.875	
1784	1	110.875	110.875	45.6094	
1785	1	109.25	109.25	61.5625	
1786	1	110.625	110.625	50.9844	
1787	1	110.375	110.375	48.1094	
1788	1	110.625	110.625	51.1094	
1789	1	110.438	110.438	49.2461	
1790	1	111.188	111.188	49.2773	
1791	1	110.688	110.688	53.9648	
1792	1	111.375	111.375	59.7344	
1793	1	112.188	112.188	48.9023	
1794	1	113.125	113.125	59.8594	
1795	1	111.562	111.562	44.7461	
1796	1	112.375	112.375	44.2344	
1797	1	111.5	111.5	45.125	
1798	1	112.938	112.938	49.6836	
1799	1	111.562	111.562	53.6211	
1800	1	112.438	112.438	43.4961	
1801	1	111.562	111.562	44.4961	
1802	1	111.25	111.25	47.4375	
1803	1	111.625	111.625	44.8594	
1804	1	110.812	110.812	53.6523	
1805	1	112.25	112.25	43.6875	
1806	1	111.562	111.562	42.8711	
1807	1	113.312	113.312	48.3398	
1808	1	111.75	111.75	40.9375	
1809	1	112.375	112.375	41.9844	
1810	1	113.438	113.438	46.3711	
1811	1	111.875	111.875	41.7344	
1812	1	112.188	112.188	45.2773	
1813	1	111.875	111.875	41.8594	
1814	1	112.688	112.688	45.3398	
1815	1	113.438	113.438	45.9961	
1816	1	111.75	111.75	43.0625	
1817	1	112.125	112.125	39.6094	
1818	1	112.688	112.688	40.5898	
1819	1	112.5	112.5	38.75	
1820	1	112.375	112.375	47.1094	
1821	1	113.5	113.5	41.75	
1822	1	112.875	112.875	36.6094	
1823	1	112.312	112.312	45.3398	
1824	1	113	113	37.625	
1825	1	113.125	113.125	44.3594	
1826	1	113.5	113.5	38.125	
1827	1	114.312	114.312	41.3398	
1828	1	112.188	112.188	49.5273	
1829	1	113.5	113.5	36.375	
1830	1	112.938	112.938	42.6836	
1831	1	114.188	114.188	41.4023	
1832	1	114.188	114.188	36.5273	
1833	1	114.125	114.125	37.1094	
1834	1	113.812	113.812	35.7773	
1835	1	115.25	115.25	40.9375	
1836	1	114.812	114.812	41.6523	
1837	1	114.188	114.188	36.1523	
1838	1	114	114	38.5	
1839	1	114.688	114.688	38.7148	
1840	1	114.312	114.312	39.3398	
1841	1	114.562	114.562	45.3711	
1842	1	115	115	40.25	
1843	1	116.188	116.188	45.1523	
1844	1	114.562	114.562	38.7461	
1845	1	115.312	115.312	44.0898	
1846	1	115.75	115.75	38.8125	
1847	1	115.062	115.062	40.0586	
1848	1	114.188	114.188	46.4023	
1849	1	116.625	116.625	48.7344	
1850	1	115.75	115.75	45.4375	
1851	1	115.5	115.5	40.5	
1852	1	115	115	40.5	
1853	1	115.562	115.562	40.7461	
1854	1	115.062	115.062	40.9336	
1855	1	114.625	114.625	49.3594	
1856	1	115.938	115.938	47.3086	
1857	1	116.625	116.625	44.8594	
1858	1	116.375	116.375	40.3594	
1859	1	116.438	116.438	40.9961	
1860	1	116	116	40.625	
1861	1	116.125	116.125	39.2344	
1862	1	117.125	117.125	42.3594	
1863	1	116.25	116.25	40.0625	
1864	1	116.125	116.125	42.2344	
1865	1	116.25	116.25	51.9375	
1866	1	115.812	115.812	43.0273	
1867	1	116.438	116.438	42.8711	
1868	1	116.188	116.188	41.9023	
1869	1	117.562	117.562	42.8711	
1870	1	116.5	116.5	43.875	
1871	1	117.062	117.062	45.4336	
1872	1	117.75	117.75	42.9375	
1873	1	116.688	116.688	39.0898	
1874	1	118	118	44.875	
1875	1	117.25	117.25	44.8125	
1876	1	117.812	117.812	40.1523	
1877	1	116.812	116.812	40.4023	
1878	1	117.625	117.625	38.7344	
1879	1	118.375	118.375	42.3594	
1880	1	117.75	117.75	40.0625	
1881	1	118.312	118.312	40.0898	
1882	1	117.812	117.812	43.9023	
1883	1	118.562	118.562	43.1211	
1884	1	116.938	116.938	42.8086	
1885	1	118.625	118.625	42.4844	
1886	1	116.875	116.875	45.1094	
1887	1	118	118	40.625	
1888	1	118.75	118.75	42.9375	
1889	1	118.875	118.875	44.4844	
1890	1	117.312	117.312	43.4648	
1891	1	118.375	118.375	43.6094	
1892	1	118.5	118.5	47.375	
1893	1	118.25	118.25	49.3125	
1894	1	118.438	118.438	45.9961	
1895	1	118.5	118.5	50.5	
1896	1	118.938	118.938	42.8086	
1897	1	118.688	118.688	46.2148	
1898	1	118.625	118.625	50.6094	
1899	1	118.75	118.75	47.1875	
1900	1	117.75	117.75	47.0625	
1901	1	118.438	118.438	51.4961	
1902	1	118	118	45.75	
1903	1	118.125	118.125	43.9844	
1904	1	118	118	46	
1905	1	119.25	119.25	44.5625	
1906	1	118.438	118.438	44.9961	
1907	1	119.5	119.5	42.625	
1908	1	119.688	119.688	45.2148	
1909	1	118.375	118.375	46.1094	
1910	1	119.438	119.438	48.1211	
1911	1	119.688	119.688	48.3398	
1912	1	120	120	40	
1913	1	120.312	120.312	40.4648	
1914	1	118.688	118.688	47.4648	
1915	1	119	119	45.375	
1916	1	120.312	120.312	40.4648	
1917	1	120.688	120.688	44.3398	
1918	1	119.875	119.875	42.2344	
1919	1	119.812	119.812	43.0273	
1920	1	121.062	121.062	42.5586	
1921	1	120.188	120.188	34.6523	
1922	1	120.188	120.188	34.9023	
1923	1	121.25	121.25	33.6875	
1924	1	121.25	121.25	33.1875	
1925	1	120.125	120.125	31.9844	
1926	1	120.125	120.125	32.1094	
1927	1	119.875	119.875	37.2344	
1928	1	120.25	120.25	32.6875	
1929	1	121.688	121.688	33.3398	
1930	1	121.062	121.062	34.8086	
1931	1	121	121	34.125	
1932	1	120.188	120.188	35.7773	
1933	1	121.438	121.438	31.3711	
1934	1	120.5	120.5	34.25	
1935	1	120.812	120.812	39.0273	
1936	1	121.938	121.938	34.5586	
1937	1	120.562	120.562	37.3711	
1938	1	121.438	121.438	36.2461	
1939	1	120.75	120.75	35.9375	
1940	1	120.438	120.438	43.9961	
1941	1	121.75	121.75	31.9375	
1942	1	121.938	121.938	32.3086	
1943	1	122.062	122.062	33.5586	
1944	1	121.938	121.938	33.0586	
1945	1	122.375	122.375	37.4844	
1946	1	122.188	122.188	35.1523	
1947	1	121.25	121.25	39.9375	
1948	1	122.375	122.375	33.6094	
1949	1	122.562	122.562	34.4961	
1950	1	121.688	121.688	35.5898	
1951	1	122.562	122.562	35.8711	
1952	1	123.25	123.25	33.9375	
1953	1	122.125	122.125	35.1094	
1954	1	122.625	122.625	44.2344	
1955	1	122.625	122.625	32.6094	
1956	1	122	122	40	
1957	1	123.062	123.062	41.3086	
1958	1	124.062	124.062	30.3086	
1959	1	123.75	123.75	31.3125	
1960	1	123.625	123.625	29.7344	
1961	1	122.5	122.5	33.625	
1962	1	124.062	124.062	30.4336	
1963	1	122.812	122.812	34.6523	
1964	1	123.5	123.5	26.5	
1965	1	123.625	123.625	34.7344	
1966	1	124	124	26.625	
1967	1	123.438	123.438	26.7461	
1968	1	124.062	124.062	29.6836	
1969	1	123.875	123.875	27.4844	
1970	1	124.562	124.562	27.8711	
1971	1	123.312	123.312	28.2148	
1972	1	124.312	124.312	23.8398	
1973	1	123.375	123.375	28.1094	
1974	1	124.812	124.812	24.5273	
1975	1	124.438	124.438	28.4961	
1976	1	124.312	124.312	24.3398	
1977	1	124.312	124.312	23.4648	
1978	1	124.438	124.438	24.3711	
1979	1	124.75	124.75	25.5625	
1980	1	124.562	124.562	23.1211	
1981	1	125.5	125.5	26.375	
1982	1	125.5	125.5	26.625	
1983	1	124.938	124.938	26.8086	
1984	1	125.812	125.812	25.6523	
1985	1	125.25	125.25	23.5625	
1986	1	125.188	125.188	23.9023	
1987	1	125.25	125.25	23.4375	
1988	1	125.75	125.75	22.3125	
1989	1	125.25	125.25	28.8125	
1990	1	125.5	125.5	23	
1991	1	126.25	126.25	23.8125	
1992	1	125.5	125.5	22.625	
1993	1	125.062	125.062	22.3086	
1994	1	125.438	125.438	24.7461	
1995	1	125.25	125.25	21.9375	
1996	1	125.062	125.062	24.4336	
1997	1	126.5	126.5	24.625	
1998	1	126.25	126.25	22.3125	
1999	1	125.938	125.938	24.0586	
2000	1	125.312	125.312	22.3398	
