# mu = 1e-05, s = -1, trials requested = 1, runtime = 0:16:15
# "Time"	"Actual trials"	"Mean mutation"	"Average mean mutation"	"Average mutation variance"
0	1	0	0	0	
1	1	0	0	0	
2	1	0.125	0.125	0.109375	
3	1	0.125	0.125	0.109375	
4	1	0.125	0.125	0.109375	
5	1	0.1875	0.1875	0.152344	
6	1	0.1875	0.1875	0.152344	
7	1	0.25	0.25	0.1875	
8	1	0.3125	0.3125	0.214844	
9	1	0.375	0.375	0.234375	
10	1	0.4375	0.4375	0.246094	
11	1	0.4375	0.4375	0.246094	
12	1	0.4375	0.4375	0.246094	
13	1	0.5625	0.5625	0.246094	
14	1	0.75	0.75	0.1875	
15	1	0.8125	0.8125	0.152344	
16	1	0.8125	0.8125	0.152344	
17	1	0.875	0.875	0.109375	
18	1	0.875	0.875	0.109375	
19	1	0.875	0.875	0.109375	
20	1	0.875	0.875	0.109375	
21	1	0.875	0.875	0.109375	
22	1	0.875	0.875	0.109375	
23	1	0.875	0.875	0.109375	
24	1	0.875	0.875	0.109375	
25	1	0.875	0.875	0.109375	
26	1	0.875	0.875	0.109375	
27	1	0.875	0.875	0.109375	
28	1	0.875	0.875	0.109375	
29	1	0.875	0.875	0.109375	
30	1	0.875	0.875	0.109375	
31	1	0.875	0.875	0.109375	
32	1	0.875	0.875	0.109375	
33	1	0.875	0.875	0.109375	
34	1	0.875	0.875	0.109375	
35	1	0.875	0.875	0.109375	
36	1	0.875	0.875	0.109375	
37	1	0.875	0.875	0.109375	
38	1	0.875	0.875	0.109375	
39	1	0.875	0.875	0.109375	
40	1	0.875	0.875	0.109375	
41	1	0.875	0.875	0.109375	
42	1	0.875	0.875	0.109375	
43	1	0.875	0.875	0.109375	
44	1	0.875	0.875	0.109375	
45	1	0.875	0.875	0.109375	
46	1	0.875	0.875	0.109375	
47	1	0.875	0.875	0.109375	
48	1	0.875	0.875	0.109375	
49	1	0.875	0.875	0.109375	
50	1	0.875	0.875	0.109375	
51	1	0.875	0.875	0.109375	
52	1	0.875	0.875	0.109375	
53	1	0.875	0.875	0.109375	
54	1	0.875	0.875	0.109375	
55	1	0.875	0.875	0.109375	
56	1	0.875	0.875	0.109375	
57	1	0.875	0.875	0.109375	
58	1	0.875	0.875	0.109375	
59	1	0.875	0.875	0.109375	
60	1	0.875	0.875	0.109375	
61	1	0.875	0.875	0.109375	
62	1	0.875	0.875	0.109375	
63	1	0.875	0.875	0.109375	
64	1	0.875	0.875	0.109375	
65	1	0.875	0.875	0.109375	
66	1	0.875	0.875	0.109375	
67	1	0.875	0.875	0.109375	
68	1	0.875	0.875	0.109375	
69	1	0.875	0.875	0.109375	
70	1	0.875	0.875	0.109375	
71	1	0.875	0.875	0.109375	
72	1	0.875	0.875	0.109375	
73	1	0.875	0.875	0.109375	
74	1	0.875	0.875	0.109375	
75	1	0.875	0.875	0.109375	
76	1	0.875	0.875	0.109375	
77	1	0.875	0.875	0.109375	
78	1	0.875	0.875	0.109375	
79	1	0.875	0.875	0.109375	
80	1	0.875	0.875	0.109375	
81	1	0.875	0.875	0.109375	
82	1	0.875	0.875	0.109375	
83	1	0.875	0.875	0.109375	
84	1	0.875	0.875	0.109375	
85	1	0.875	0.875	0.109375	
86	1	0.875	0.875	0.109375	
87	1	0.875	0.875	0.109375	
88	1	0.875	0.875	0.109375	
89	1	0.875	0.875	0.109375	
90	1	0.875	0.875	0.109375	
91	1	0.875	0.875	0.109375	
92	1	0.875	0.875	0.109375	
93	1	0.875	0.875	0.109375	
94	1	0.875	0.875	0.109375	
95	1	0.875	0.875	0.109375	
96	1	0.875	0.875	0.109375	
97	1	0.875	0.875	0.109375	
98	1	0.875	0.875	0.109375	
99	1	0.875	0.875	0.109375	
100	1	0.875	0.875	0.109375	
101	1	0.875	0.875	0.109375	
102	1	0.875	0.875	0.109375	
103	1	0.875	0.875	0.109375	
104	1	0.875	0.875	0.109375	
105	1	0.875	0.875	0.109375	
106	1	0.875	0.875	0.109375	
107	1	0.875	0.875	0.109375	
108	1	0.875	0.875	0.109375	
109	1	0.875	0.875	0.109375	
110	1	0.875	0.875	0.109375	
111	1	0.875	0.875	0.109375	
112	1	0.875	0.875	0.109375	
113	1	0.875	0.875	0.109375	
114	1	0.875	0.875	0.109375	
115	1	0.875	0.875	0.109375	
116	1	0.875	0.875	0.109375	
117	1	0.875	0.875	0.109375	
118	1	0.875	0.875	0.109375	
119	1	0.875	0.875	0.109375	
120	1	0.875	0.875	0.109375	
121	1	0.875	0.875	0.109375	
122	1	0.875	0.875	0.109375	
123	1	0.875	0.875	0.109375	
124	1	0.875	0.875	0.109375	
125	1	0.875	0.875	0.109375	
126	1	0.875	0.875	0.109375	
127	1	0.875	0.875	0.109375	
128	1	0.875	0.875	0.109375	
129	1	0.875	0.875	0.109375	
130	1	0.875	0.875	0.109375	
131	1	0.875	0.875	0.109375	
132	1	0.875	0.875	0.109375	
133	1	0.875	0.875	0.109375	
134	1	0.875	0.875	0.109375	
135	1	0.875	0.875	0.109375	
136	1	0.875	0.875	0.109375	
137	1	0.875	0.875	0.109375	
138	1	0.875	0.875	0.109375	
139	1	0.875	0.875	0.109375	
140	1	0.875	0.875	0.109375	
141	1	0.875	0.875	0.109375	
142	1	0.875	0.875	0.109375	
143	1	0.875	0.875	0.109375	
144	1	0.875	0.875	0.109375	
145	1	0.875	0.875	0.109375	
146	1	0.875	0.875	0.109375	
147	1	0.875	0.875	0.109375	
148	1	0.875	0.875	0.109375	
149	1	0.875	0.875	0.109375	
150	1	0.875	0.875	0.109375	
151	1	0.875	0.875	0.109375	
152	1	0.875	0.875	0.109375	
153	1	0.875	0.875	0.109375	
154	1	0.875	0.875	0.109375	
155	1	0.875	0.875	0.109375	
156	1	0.875	0.875	0.109375	
157	1	0.875	0.875	0.109375	
158	1	0.875	0.875	0.109375	
159	1	0.875	0.875	0.109375	
160	1	0.875	0.875	0.109375	
161	1	0.875	0.875	0.109375	
162	1	0.875	0.875	0.109375	
163	1	0.875	0.875	0.109375	
164	1	0.875	0.875	0.109375	
165	1	0.875	0.875	0.109375	
166	1	0.875	0.875	0.109375	
167	1	0.875	0.875	0.109375	
168	1	0.875	0.875	0.109375	
169	1	0.875	0.875	0.109375	
170	1	0.875	0.875	0.109375	
171	1	0.875	0.875	0.109375	
172	1	0.875	0.875	0.109375	
173	1	0.875	0.875	0.109375	
174	1	0.875	0.875	0.109375	
175	1	0.875	0.875	0.109375	
176	1	0.875	0.875	0.109375	
177	1	0.875	0.875	0.109375	
178	1	0.875	0.875	0.109375	
179	1	0.875	0.875	0.109375	
180	1	0.875	0.875	0.109375	
181	1	0.875	0.875	0.109375	
182	1	0.875	0.875	0.109375	
183	1	0.875	0.875	0.109375	
184	1	0.875	0.875	0.109375	
185	1	0.875	0.875	0.109375	
186	1	0.875	0.875	0.109375	
187	1	0.875	0.875	0.109375	
188	1	0.875	0.875	0.109375	
189	1	0.875	0.875	0.109375	
190	1	0.875	0.875	0.109375	
191	1	0.875	0.875	0.109375	
192	1	0.875	0.875	0.109375	
193	1	0.875	0.875	0.109375	
194	1	0.875	0.875	0.109375	
195	1	0.875	0.875	0.109375	
196	1	0.875	0.875	0.109375	
197	1	0.875	0.875	0.109375	
198	1	0.875	0.875	0.109375	
199	1	0.875	0.875	0.109375	
200	1	0.875	0.875	0.109375	
201	1	0.875	0.875	0.109375	
202	1	0.875	0.875	0.109375	
203	1	0.875	0.875	0.109375	
204	1	0.875	0.875	0.109375	
205	1	0.875	0.875	0.109375	
206	1	0.875	0.875	0.109375	
207	1	0.875	0.875	0.109375	
208	1	0.875	0.875	0.109375	
209	1	0.875	0.875	0.109375	
210	1	0.875	0.875	0.109375	
211	1	0.875	0.875	0.109375	
212	1	0.875	0.875	0.109375	
213	1	0.875	0.875	0.109375	
214	1	0.875	0.875	0.109375	
215	1	0.875	0.875	0.109375	
216	1	0.875	0.875	0.109375	
217	1	0.875	0.875	0.109375	
218	1	0.875	0.875	0.109375	
219	1	0.875	0.875	0.109375	
220	1	0.875	0.875	0.109375	
221	1	0.875	0.875	0.109375	
222	1	0.875	0.875	0.109375	
223	1	0.875	0.875	0.109375	
224	1	0.875	0.875	0.109375	
225	1	0.875	0.875	0.109375	
226	1	0.875	0.875	0.109375	
227	1	0.875	0.875	0.109375	
228	1	0.875	0.875	0.109375	
229	1	0.875	0.875	0.109375	
230	1	0.875	0.875	0.109375	
231	1	0.875	0.875	0.109375	
232	1	0.875	0.875	0.109375	
233	1	0.875	0.875	0.109375	
234	1	0.875	0.875	0.109375	
235	1	0.875	0.875	0.109375	
236	1	0.875	0.875	0.109375	
237	1	0.875	0.875	0.109375	
238	1	0.875	0.875	0.109375	
239	1	0.875	0.875	0.109375	
240	1	0.875	0.875	0.109375	
241	1	0.875	0.875	0.109375	
242	1	0.875	0.875	0.109375	
243	1	0.875	0.875	0.109375	
244	1	0.875	0.875	0.109375	
245	1	0.875	0.875	0.109375	
246	1	0.875	0.875	0.109375	
247	1	0.875	0.875	0.109375	
248	1	0.875	0.875	0.109375	
249	1	0.875	0.875	0.109375	
250	1	0.875	0.875	0.109375	
251	1	0.875	0.875	0.109375	
252	1	0.875	0.875	0.109375	
253	1	0.875	0.875	0.109375	
254	1	0.875	0.875	0.109375	
255	1	0.875	0.875	0.109375	
256	1	0.875	0.875	0.109375	
257	1	0.875	0.875	0.109375	
258	1	0.875	0.875	0.109375	
259	1	0.875	0.875	0.109375	
260	1	0.875	0.875	0.109375	
261	1	0.875	0.875	0.109375	
262	1	0.875	0.875	0.109375	
263	1	0.875	0.875	0.109375	
264	1	0.875	0.875	0.109375	
265	1	0.875	0.875	0.109375	
266	1	0.875	0.875	0.109375	
267	1	0.875	0.875	0.109375	
268	1	0.875	0.875	0.109375	
269	1	0.875	0.875	0.109375	
270	1	0.875	0.875	0.109375	
271	1	0.875	0.875	0.109375	
272	1	0.875	0.875	0.109375	
273	1	0.875	0.875	0.109375	
274	1	0.875	0.875	0.109375	
275	1	0.875	0.875	0.109375	
276	1	0.875	0.875	0.109375	
277	1	0.875	0.875	0.109375	
278	1	0.875	0.875	0.109375	
279	1	0.875	0.875	0.109375	
280	1	0.875	0.875	0.109375	
281	1	0.875	0.875	0.109375	
282	1	0.875	0.875	0.109375	
283	1	0.875	0.875	0.109375	
284	1	0.875	0.875	0.109375	
285	1	0.875	0.875	0.109375	
286	1	0.875	0.875	0.109375	
287	1	0.875	0.875	0.109375	
288	1	0.875	0.875	0.109375	
289	1	0.875	0.875	0.109375	
290	1	0.875	0.875	0.109375	
291	1	0.875	0.875	0.109375	
292	1	0.875	0.875	0.109375	
293	1	0.875	0.875	0.109375	
294	1	0.875	0.875	0.109375	
295	1	0.875	0.875	0.109375	
296	1	0.875	0.875	0.109375	
297	1	0.875	0.875	0.109375	
298	1	0.875	0.875	0.109375	
299	1	0.875	0.875	0.109375	
300	1	0.875	0.875	0.109375	
301	1	0.875	0.875	0.109375	
302	1	0.875	0.875	0.109375	
303	1	0.875	0.875	0.109375	
304	1	0.875	0.875	0.109375	
305	1	0.875	0.875	0.109375	
306	1	0.875	0.875	0.109375	
307	1	0.875	0.875	0.109375	
308	1	0.875	0.875	0.109375	
309	1	0.875	0.875	0.109375	
310	1	0.875	0.875	0.109375	
311	1	0.875	0.875	0.109375	
312	1	0.875	0.875	0.109375	
313	1	0.875	0.875	0.109375	
314	1	0.875	0.875	0.109375	
315	1	0.875	0.875	0.109375	
316	1	0.875	0.875	0.109375	
317	1	0.875	0.875	0.109375	
318	1	0.875	0.875	0.109375	
319	1	0.875	0.875	0.109375	
320	1	0.875	0.875	0.109375	
321	1	0.875	0.875	0.109375	
322	1	0.875	0.875	0.109375	
323	1	0.875	0.875	0.109375	
324	1	0.875	0.875	0.109375	
325	1	0.875	0.875	0.109375	
326	1	0.875	0.875	0.109375	
327	1	0.875	0.875	0.109375	
328	1	0.875	0.875	0.109375	
329	1	0.875	0.875	0.109375	
330	1	0.875	0.875	0.109375	
331	1	0.875	0.875	0.109375	
332	1	0.875	0.875	0.109375	
333	1	0.875	0.875	0.109375	
334	1	0.875	0.875	0.109375	
335	1	0.875	0.875	0.109375	
336	1	0.875	0.875	0.109375	
337	1	0.875	0.875	0.109375	
338	1	0.875	0.875	0.109375	
339	1	0.875	0.875	0.109375	
340	1	0.875	0.875	0.109375	
341	1	0.875	0.875	0.109375	
342	1	0.875	0.875	0.109375	
343	1	0.875	0.875	0.109375	
344	1	0.875	0.875	0.109375	
345	1	0.875	0.875	0.109375	
346	1	0.875	0.875	0.109375	
347	1	0.875	0.875	0.109375	
348	1	0.875	0.875	0.109375	
349	1	0.875	0.875	0.109375	
350	1	0.875	0.875	0.109375	
351	1	0.875	0.875	0.109375	
352	1	0.875	0.875	0.109375	
353	1	0.875	0.875	0.109375	
354	1	0.875	0.875	0.109375	
355	1	0.875	0.875	0.109375	
356	1	0.875	0.875	0.109375	
357	1	0.875	0.875	0.109375	
358	1	0.875	0.875	0.109375	
359	1	0.875	0.875	0.109375	
360	1	0.875	0.875	0.109375	
361	1	0.875	0.875	0.109375	
362	1	0.875	0.875	0.109375	
363	1	0.875	0.875	0.109375	
364	1	0.875	0.875	0.109375	
365	1	0.875	0.875	0.109375	
366	1	0.875	0.875	0.109375	
367	1	0.875	0.875	0.109375	
368	1	0.875	0.875	0.109375	
369	1	0.875	0.875	0.109375	
370	1	0.875	0.875	0.109375	
371	1	0.875	0.875	0.109375	
372	1	0.875	0.875	0.109375	
373	1	0.875	0.875	0.109375	
374	1	0.875	0.875	0.109375	
375	1	0.875	0.875	0.109375	
376	1	0.875	0.875	0.109375	
377	1	0.875	0.875	0.109375	
378	1	0.875	0.875	0.109375	
379	1	0.875	0.875	0.109375	
380	1	0.875	0.875	0.109375	
381	1	0.875	0.875	0.109375	
382	1	0.875	0.875	0.109375	
383	1	0.875	0.875	0.109375	
384	1	0.875	0.875	0.109375	
385	1	0.875	0.875	0.109375	
386	1	0.875	0.875	0.109375	
387	1	0.875	0.875	0.109375	
388	1	0.875	0.875	0.109375	
389	1	0.875	0.875	0.109375	
390	1	0.875	0.875	0.109375	
391	1	0.875	0.875	0.109375	
392	1	0.875	0.875	0.109375	
393	1	0.875	0.875	0.109375	
394	1	0.875	0.875	0.109375	
395	1	0.875	0.875	0.109375	
396	1	0.875	0.875	0.109375	
397	1	0.875	0.875	0.109375	
398	1	0.875	0.875	0.109375	
399	1	0.875	0.875	0.109375	
400	1	0.875	0.875	0.109375	
401	1	0.875	0.875	0.109375	
402	1	0.875	0.875	0.109375	
403	1	0.875	0.875	0.109375	
404	1	0.875	0.875	0.109375	
405	1	0.875	0.875	0.109375	
406	1	0.875	0.875	0.109375	
407	1	0.875	0.875	0.109375	
408	1	0.875	0.875	0.109375	
409	1	0.875	0.875	0.109375	
410	1	0.875	0.875	0.109375	
411	1	0.875	0.875	0.109375	
412	1	0.875	0.875	0.109375	
413	1	0.875	0.875	0.109375	
414	1	0.875	0.875	0.109375	
415	1	0.875	0.875	0.109375	
416	1	0.875	0.875	0.109375	
417	1	0.875	0.875	0.109375	
418	1	0.875	0.875	0.109375	
419	1	0.875	0.875	0.109375	
420	1	0.875	0.875	0.109375	
421	1	0.875	0.875	0.109375	
422	1	0.875	0.875	0.109375	
423	1	0.875	0.875	0.109375	
424	1	0.875	0.875	0.109375	
425	1	0.875	0.875	0.109375	
426	1	0.875	0.875	0.109375	
427	1	0.875	0.875	0.109375	
428	1	0.875	0.875	0.109375	
429	1	0.875	0.875	0.109375	
430	1	0.875	0.875	0.109375	
431	1	0.875	0.875	0.109375	
432	1	0.875	0.875	0.109375	
433	1	0.875	0.875	0.109375	
434	1	0.875	0.875	0.109375	
435	1	0.875	0.875	0.109375	
436	1	0.875	0.875	0.109375	
437	1	0.875	0.875	0.109375	
438	1	0.875	0.875	0.109375	
439	1	0.875	0.875	0.109375	
440	1	0.875	0.875	0.109375	
441	1	0.875	0.875	0.109375	
442	1	0.875	0.875	0.109375	
443	1	0.875	0.875	0.109375	
444	1	0.875	0.875	0.109375	
445	1	0.875	0.875	0.109375	
446	1	0.875	0.875	0.109375	
447	1	0.875	0.875	0.109375	
448	1	0.875	0.875	0.109375	
449	1	0.875	0.875	0.109375	
450	1	0.875	0.875	0.109375	
451	1	0.875	0.875	0.109375	
452	1	0.875	0.875	0.109375	
453	1	0.875	0.875	0.109375	
454	1	0.875	0.875	0.109375	
455	1	0.875	0.875	0.109375	
456	1	0.875	0.875	0.109375	
457	1	0.875	0.875	0.109375	
458	1	0.875	0.875	0.109375	
459	1	0.875	0.875	0.109375	
460	1	0.875	0.875	0.109375	
461	1	0.875	0.875	0.109375	
462	1	0.875	0.875	0.109375	
463	1	0.875	0.875	0.109375	
464	1	0.875	0.875	0.109375	
465	1	0.875	0.875	0.109375	
466	1	0.875	0.875	0.109375	
467	1	0.875	0.875	0.109375	
468	1	0.875	0.875	0.109375	
469	1	0.875	0.875	0.109375	
470	1	0.875	0.875	0.109375	
471	1	0.875	0.875	0.109375	
472	1	0.875	0.875	0.109375	
473	1	0.875	0.875	0.109375	
474	1	0.875	0.875	0.109375	
475	1	0.875	0.875	0.109375	
476	1	0.875	0.875	0.109375	
477	1	0.875	0.875	0.109375	
478	1	0.875	0.875	0.109375	
479	1	0.875	0.875	0.109375	
480	1	0.875	0.875	0.109375	
481	1	0.875	0.875	0.109375	
482	1	0.875	0.875	0.109375	
483	1	0.875	0.875	0.109375	
484	1	0.875	0.875	0.109375	
485	1	0.875	0.875	0.109375	
486	1	0.875	0.875	0.109375	
487	1	0.875	0.875	0.109375	
488	1	0.875	0.875	0.109375	
489	1	0.875	0.875	0.109375	
490	1	0.875	0.875	0.109375	
491	1	0.875	0.875	0.109375	
492	1	0.875	0.875	0.109375	
493	1	0.875	0.875	0.109375	
494	1	0.875	0.875	0.109375	
495	1	0.875	0.875	0.109375	
496	1	0.875	0.875	0.109375	
497	1	0.875	0.875	0.109375	
498	1	0.875	0.875	0.109375	
499	1	0.875	0.875	0.109375	
500	1	0.875	0.875	0.109375	
501	1	0.875	0.875	0.109375	
502	1	0.875	0.875	0.109375	
503	1	0.875	0.875	0.109375	
504	1	0.875	0.875	0.109375	
505	1	0.875	0.875	0.109375	
506	1	0.875	0.875	0.109375	
507	1	0.875	0.875	0.109375	
508	1	0.875	0.875	0.109375	
509	1	0.875	0.875	0.109375	
510	1	0.875	0.875	0.109375	
511	1	0.875	0.875	0.109375	
512	1	0.875	0.875	0.109375	
513	1	0.875	0.875	0.109375	
514	1	0.875	0.875	0.109375	
515	1	0.875	0.875	0.109375	
516	1	0.875	0.875	0.109375	
517	1	0.875	0.875	0.109375	
518	1	0.875	0.875	0.109375	
519	1	0.875	0.875	0.109375	
520	1	0.875	0.875	0.109375	
521	1	0.875	0.875	0.109375	
522	1	0.875	0.875	0.109375	
523	1	0.875	0.875	0.109375	
524	1	0.875	0.875	0.109375	
525	1	0.875	0.875	0.109375	
526	1	0.875	0.875	0.109375	
527	1	0.875	0.875	0.109375	
528	1	0.875	0.875	0.109375	
529	1	0.875	0.875	0.109375	
530	1	0.875	0.875	0.109375	
531	1	0.875	0.875	0.109375	
532	1	0.875	0.875	0.109375	
533	1	0.875	0.875	0.109375	
534	1	0.875	0.875	0.109375	
535	1	0.875	0.875	0.109375	
536	1	0.875	0.875	0.109375	
537	1	0.875	0.875	0.109375	
538	1	0.875	0.875	0.109375	
539	1	0.875	0.875	0.109375	
540	1	0.875	0.875	0.109375	
541	1	0.875	0.875	0.109375	
542	1	0.875	0.875	0.109375	
543	1	0.875	0.875	0.109375	
544	1	0.875	0.875	0.109375	
545	1	0.875	0.875	0.109375	
546	1	0.875	0.875	0.109375	
547	1	0.875	0.875	0.109375	
548	1	0.875	0.875	0.109375	
549	1	0.875	0.875	0.109375	
550	1	0.875	0.875	0.109375	
551	1	0.875	0.875	0.109375	
552	1	0.875	0.875	0.109375	
553	1	0.875	0.875	0.109375	
554	1	0.875	0.875	0.109375	
555	1	0.875	0.875	0.109375	
556	1	0.875	0.875	0.109375	
557	1	0.875	0.875	0.109375	
558	1	0.875	0.875	0.109375	
559	1	0.875	0.875	0.109375	
560	1	0.875	0.875	0.109375	
561	1	0.875	0.875	0.109375	
562	1	0.875	0.875	0.109375	
563	1	0.875	0.875	0.109375	
564	1	0.875	0.875	0.109375	
565	1	0.875	0.875	0.109375	
566	1	0.875	0.875	0.109375	
567	1	0.875	0.875	0.109375	
568	1	0.875	0.875	0.109375	
569	1	0.875	0.875	0.109375	
570	1	0.875	0.875	0.109375	
571	1	0.875	0.875	0.109375	
572	1	0.875	0.875	0.109375	
573	1	0.875	0.875	0.109375	
574	1	0.875	0.875	0.109375	
575	1	0.875	0.875	0.109375	
576	1	0.875	0.875	0.109375	
577	1	0.875	0.875	0.109375	
578	1	0.875	0.875	0.109375	
579	1	0.875	0.875	0.109375	
580	1	0.875	0.875	0.109375	
581	1	0.875	0.875	0.109375	
582	1	0.875	0.875	0.109375	
583	1	0.875	0.875	0.109375	
584	1	0.875	0.875	0.109375	
585	1	0.875	0.875	0.109375	
586	1	0.875	0.875	0.109375	
587	1	0.875	0.875	0.109375	
588	1	0.875	0.875	0.109375	
589	1	0.875	0.875	0.109375	
590	1	0.875	0.875	0.109375	
591	1	0.875	0.875	0.109375	
592	1	0.875	0.875	0.109375	
593	1	0.875	0.875	0.109375	
594	1	0.875	0.875	0.109375	
595	1	0.875	0.875	0.109375	
596	1	0.875	0.875	0.109375	
597	1	0.875	0.875	0.109375	
598	1	0.875	0.875	0.109375	
599	1	0.875	0.875	0.109375	
600	1	0.875	0.875	0.109375	
601	1	0.875	0.875	0.109375	
602	1	0.875	0.875	0.109375	
603	1	0.875	0.875	0.109375	
604	1	0.875	0.875	0.109375	
605	1	0.875	0.875	0.109375	
606	1	0.875	0.875	0.109375	
607	1	0.875	0.875	0.109375	
608	1	0.875	0.875	0.109375	
609	1	0.875	0.875	0.109375	
610	1	0.875	0.875	0.109375	
611	1	0.875	0.875	0.109375	
612	1	0.875	0.875	0.109375	
613	1	0.875	0.875	0.109375	
614	1	0.875	0.875	0.109375	
615	1	0.875	0.875	0.109375	
616	1	0.875	0.875	0.109375	
617	1	0.875	0.875	0.109375	
618	1	0.875	0.875	0.109375	
619	1	0.875	0.875	0.109375	
620	1	0.875	0.875	0.109375	
621	1	0.875	0.875	0.109375	
622	1	0.875	0.875	0.109375	
623	1	0.875	0.875	0.109375	
624	1	0.875	0.875	0.109375	
625	1	0.875	0.875	0.109375	
626	1	0.875	0.875	0.109375	
627	1	0.875	0.875	0.109375	
628	1	0.875	0.875	0.109375	
629	1	0.875	0.875	0.109375	
630	1	0.875	0.875	0.109375	
631	1	0.875	0.875	0.109375	
632	1	0.875	0.875	0.109375	
633	1	0.875	0.875	0.109375	
634	1	0.875	0.875	0.109375	
635	1	0.875	0.875	0.109375	
636	1	0.875	0.875	0.109375	
637	1	0.875	0.875	0.109375	
638	1	0.875	0.875	0.109375	
639	1	0.875	0.875	0.109375	
640	1	0.875	0.875	0.109375	
641	1	0.875	0.875	0.109375	
642	1	0.875	0.875	0.109375	
643	1	0.875	0.875	0.109375	
644	1	0.875	0.875	0.109375	
645	1	0.875	0.875	0.109375	
646	1	0.875	0.875	0.109375	
647	1	0.875	0.875	0.109375	
648	1	0.875	0.875	0.109375	
649	1	0.875	0.875	0.109375	
650	1	0.875	0.875	0.109375	
651	1	0.875	0.875	0.109375	
652	1	0.875	0.875	0.109375	
653	1	0.875	0.875	0.109375	
654	1	0.875	0.875	0.109375	
655	1	0.875	0.875	0.109375	
656	1	0.875	0.875	0.109375	
657	1	0.875	0.875	0.109375	
658	1	0.875	0.875	0.109375	
659	1	0.875	0.875	0.109375	
660	1	0.875	0.875	0.109375	
661	1	0.875	0.875	0.109375	
662	1	0.875	0.875	0.109375	
663	1	0.875	0.875	0.109375	
664	1	0.875	0.875	0.109375	
665	1	0.875	0.875	0.109375	
666	1	0.875	0.875	0.109375	
667	1	0.875	0.875	0.109375	
668	1	0.875	0.875	0.109375	
669	1	0.875	0.875	0.109375	
670	1	0.875	0.875	0.109375	
671	1	0.875	0.875	0.109375	
672	1	0.875	0.875	0.109375	
673	1	0.875	0.875	0.109375	
674	1	0.875	0.875	0.109375	
675	1	0.875	0.875	0.109375	
676	1	0.875	0.875	0.109375	
677	1	0.875	0.875	0.109375	
678	1	0.875	0.875	0.109375	
679	1	0.875	0.875	0.109375	
680	1	0.875	0.875	0.109375	
681	1	0.875	0.875	0.109375	
682	1	0.875	0.875	0.109375	
683	1	0.875	0.875	0.109375	
684	1	0.875	0.875	0.109375	
685	1	0.875	0.875	0.109375	
686	1	0.875	0.875	0.109375	
687	1	0.875	0.875	0.109375	
688	1	0.875	0.875	0.109375	
689	1	0.875	0.875	0.109375	
690	1	0.875	0.875	0.109375	
691	1	0.875	0.875	0.109375	
692	1	0.875	0.875	0.109375	
693	1	0.875	0.875	0.109375	
694	1	0.875	0.875	0.109375	
695	1	0.875	0.875	0.109375	
696	1	0.875	0.875	0.109375	
697	1	0.875	0.875	0.109375	
698	1	0.875	0.875	0.109375	
699	1	0.875	0.875	0.109375	
700	1	0.875	0.875	0.109375	
701	1	0.875	0.875	0.109375	
702	1	0.875	0.875	0.109375	
703	1	0.875	0.875	0.109375	
704	1	0.875	0.875	0.109375	
705	1	0.875	0.875	0.109375	
706	1	0.875	0.875	0.109375	
707	1	0.875	0.875	0.109375	
708	1	0.875	0.875	0.109375	
709	1	0.875	0.875	0.109375	
710	1	0.875	0.875	0.109375	
711	1	0.875	0.875	0.109375	
712	1	0.875	0.875	0.109375	
713	1	0.875	0.875	0.109375	
714	1	0.875	0.875	0.109375	
715	1	0.875	0.875	0.109375	
716	1	0.875	0.875	0.109375	
717	1	0.875	0.875	0.109375	
718	1	0.875	0.875	0.109375	
719	1	0.875	0.875	0.109375	
720	1	0.875	0.875	0.109375	
721	1	0.875	0.875	0.109375	
722	1	0.875	0.875	0.109375	
723	1	0.875	0.875	0.109375	
724	1	0.875	0.875	0.109375	
725	1	0.875	0.875	0.109375	
726	1	0.875	0.875	0.109375	
727	1	0.875	0.875	0.109375	
728	1	0.875	0.875	0.109375	
729	1	0.875	0.875	0.109375	
730	1	0.875	0.875	0.109375	
731	1	0.875	0.875	0.109375	
732	1	0.875	0.875	0.109375	
733	1	0.875	0.875	0.109375	
734	1	0.875	0.875	0.109375	
735	1	0.875	0.875	0.109375	
736	1	0.875	0.875	0.109375	
737	1	0.875	0.875	0.109375	
738	1	0.875	0.875	0.109375	
739	1	0.875	0.875	0.109375	
740	1	0.875	0.875	0.109375	
741	1	0.875	0.875	0.109375	
742	1	0.875	0.875	0.109375	
743	1	0.875	0.875	0.109375	
744	1	0.875	0.875	0.109375	
745	1	0.875	0.875	0.109375	
746	1	0.875	0.875	0.109375	
747	1	0.875	0.875	0.109375	
748	1	0.875	0.875	0.109375	
749	1	0.875	0.875	0.109375	
750	1	0.875	0.875	0.109375	
751	1	0.875	0.875	0.109375	
752	1	0.875	0.875	0.109375	
753	1	0.875	0.875	0.109375	
754	1	0.875	0.875	0.109375	
755	1	0.875	0.875	0.109375	
756	1	0.875	0.875	0.109375	
757	1	0.875	0.875	0.109375	
758	1	0.875	0.875	0.109375	
759	1	0.875	0.875	0.109375	
760	1	0.875	0.875	0.109375	
761	1	0.875	0.875	0.109375	
762	1	0.875	0.875	0.109375	
763	1	0.875	0.875	0.109375	
764	1	0.875	0.875	0.109375	
765	1	0.875	0.875	0.109375	
766	1	0.875	0.875	0.109375	
767	1	0.875	0.875	0.109375	
768	1	0.875	0.875	0.109375	
769	1	0.875	0.875	0.109375	
770	1	0.875	0.875	0.109375	
771	1	0.875	0.875	0.109375	
772	1	0.875	0.875	0.109375	
773	1	0.875	0.875	0.109375	
774	1	0.875	0.875	0.109375	
775	1	0.875	0.875	0.109375	
776	1	0.875	0.875	0.109375	
777	1	0.875	0.875	0.109375	
778	1	0.875	0.875	0.109375	
779	1	0.875	0.875	0.109375	
780	1	0.875	0.875	0.109375	
781	1	0.875	0.875	0.109375	
782	1	0.875	0.875	0.109375	
783	1	0.875	0.875	0.109375	
784	1	0.875	0.875	0.109375	
785	1	0.875	0.875	0.109375	
786	1	0.875	0.875	0.109375	
787	1	0.875	0.875	0.109375	
788	1	0.875	0.875	0.109375	
789	1	0.875	0.875	0.109375	
790	1	0.875	0.875	0.109375	
791	1	0.875	0.875	0.109375	
792	1	0.875	0.875	0.109375	
793	1	0.875	0.875	0.109375	
794	1	0.875	0.875	0.109375	
795	1	0.875	0.875	0.109375	
796	1	0.875	0.875	0.109375	
797	1	0.875	0.875	0.109375	
798	1	0.875	0.875	0.109375	
799	1	0.875	0.875	0.109375	
800	1	0.875	0.875	0.109375	
801	1	0.875	0.875	0.109375	
802	1	0.875	0.875	0.109375	
803	1	0.875	0.875	0.109375	
804	1	0.875	0.875	0.109375	
805	1	0.875	0.875	0.109375	
806	1	0.875	0.875	0.109375	
807	1	0.875	0.875	0.109375	
808	1	0.875	0.875	0.109375	
809	1	0.875	0.875	0.109375	
810	1	0.875	0.875	0.109375	
811	1	0.875	0.875	0.109375	
812	1	0.875	0.875	0.109375	
813	1	0.875	0.875	0.109375	
814	1	0.875	0.875	0.109375	
815	1	0.875	0.875	0.109375	
816	1	0.875	0.875	0.109375	
817	1	0.875	0.875	0.109375	
818	1	0.875	0.875	0.109375	
819	1	0.875	0.875	0.109375	
820	1	0.875	0.875	0.109375	
821	1	0.875	0.875	0.109375	
822	1	0.875	0.875	0.109375	
823	1	0.875	0.875	0.109375	
824	1	0.875	0.875	0.109375	
825	1	0.875	0.875	0.109375	
826	1	0.875	0.875	0.109375	
827	1	0.875	0.875	0.109375	
828	1	0.875	0.875	0.109375	
829	1	0.875	0.875	0.109375	
830	1	0.875	0.875	0.109375	
831	1	0.875	0.875	0.109375	
832	1	0.875	0.875	0.109375	
833	1	0.875	0.875	0.109375	
834	1	0.875	0.875	0.109375	
835	1	0.875	0.875	0.109375	
836	1	0.875	0.875	0.109375	
837	1	0.875	0.875	0.109375	
838	1	0.875	0.875	0.109375	
839	1	0.875	0.875	0.109375	
840	1	0.875	0.875	0.109375	
841	1	0.875	0.875	0.109375	
842	1	0.875	0.875	0.109375	
843	1	0.875	0.875	0.109375	
844	1	0.875	0.875	0.109375	
845	1	0.875	0.875	0.109375	
846	1	0.875	0.875	0.109375	
847	1	0.875	0.875	0.109375	
848	1	0.875	0.875	0.109375	
849	1	0.875	0.875	0.109375	
850	1	0.875	0.875	0.109375	
851	1	0.875	0.875	0.109375	
852	1	0.875	0.875	0.109375	
853	1	0.875	0.875	0.109375	
854	1	0.875	0.875	0.109375	
855	1	0.875	0.875	0.109375	
856	1	0.875	0.875	0.109375	
857	1	0.875	0.875	0.109375	
858	1	0.875	0.875	0.109375	
859	1	0.875	0.875	0.109375	
860	1	0.875	0.875	0.109375	
861	1	0.875	0.875	0.109375	
862	1	0.875	0.875	0.109375	
863	1	0.875	0.875	0.109375	
864	1	0.875	0.875	0.109375	
865	1	0.875	0.875	0.109375	
866	1	0.875	0.875	0.109375	
867	1	0.875	0.875	0.109375	
868	1	0.875	0.875	0.109375	
869	1	0.875	0.875	0.109375	
870	1	0.875	0.875	0.109375	
871	1	0.875	0.875	0.109375	
872	1	0.875	0.875	0.109375	
873	1	0.875	0.875	0.109375	
874	1	0.875	0.875	0.109375	
875	1	0.875	0.875	0.109375	
876	1	0.875	0.875	0.109375	
877	1	0.875	0.875	0.109375	
878	1	0.875	0.875	0.109375	
879	1	0.875	0.875	0.109375	
880	1	0.875	0.875	0.109375	
881	1	0.875	0.875	0.109375	
882	1	0.875	0.875	0.109375	
883	1	0.875	0.875	0.109375	
884	1	0.875	0.875	0.109375	
885	1	0.875	0.875	0.109375	
886	1	0.875	0.875	0.109375	
887	1	0.875	0.875	0.109375	
888	1	0.875	0.875	0.109375	
889	1	0.875	0.875	0.109375	
890	1	0.875	0.875	0.109375	
891	1	0.875	0.875	0.109375	
892	1	0.875	0.875	0.109375	
893	1	0.875	0.875	0.109375	
894	1	0.875	0.875	0.109375	
895	1	0.875	0.875	0.109375	
896	1	0.875	0.875	0.109375	
897	1	0.875	0.875	0.109375	
898	1	0.875	0.875	0.109375	
899	1	0.875	0.875	0.109375	
900	1	0.875	0.875	0.109375	
901	1	0.875	0.875	0.109375	
902	1	0.875	0.875	0.109375	
903	1	0.875	0.875	0.109375	
904	1	0.875	0.875	0.109375	
905	1	0.875	0.875	0.109375	
906	1	0.875	0.875	0.109375	
907	1	0.875	0.875	0.109375	
908	1	0.875	0.875	0.109375	
909	1	0.875	0.875	0.109375	
910	1	0.875	0.875	0.109375	
911	1	0.875	0.875	0.109375	
912	1	0.875	0.875	0.109375	
913	1	0.875	0.875	0.109375	
914	1	0.875	0.875	0.109375	
915	1	0.875	0.875	0.109375	
916	1	0.875	0.875	0.109375	
917	1	0.875	0.875	0.109375	
918	1	0.875	0.875	0.109375	
919	1	0.875	0.875	0.109375	
920	1	0.875	0.875	0.109375	
921	1	0.875	0.875	0.109375	
922	1	0.875	0.875	0.109375	
923	1	0.875	0.875	0.109375	
924	1	0.875	0.875	0.109375	
925	1	0.875	0.875	0.109375	
926	1	0.875	0.875	0.109375	
927	1	0.875	0.875	0.109375	
928	1	0.875	0.875	0.109375	
929	1	0.875	0.875	0.109375	
930	1	0.875	0.875	0.109375	
931	1	0.875	0.875	0.109375	
932	1	0.875	0.875	0.109375	
933	1	0.875	0.875	0.109375	
934	1	0.875	0.875	0.109375	
935	1	0.875	0.875	0.109375	
936	1	0.875	0.875	0.109375	
937	1	0.875	0.875	0.109375	
938	1	0.875	0.875	0.109375	
939	1	0.875	0.875	0.109375	
940	1	0.875	0.875	0.109375	
941	1	0.875	0.875	0.109375	
942	1	0.875	0.875	0.109375	
943	1	0.875	0.875	0.109375	
944	1	0.875	0.875	0.109375	
945	1	0.875	0.875	0.109375	
946	1	0.875	0.875	0.109375	
947	1	0.875	0.875	0.109375	
948	1	0.875	0.875	0.109375	
949	1	0.875	0.875	0.109375	
950	1	0.875	0.875	0.109375	
951	1	0.875	0.875	0.109375	
952	1	0.875	0.875	0.109375	
953	1	0.875	0.875	0.109375	
954	1	0.875	0.875	0.109375	
955	1	0.875	0.875	0.109375	
956	1	0.875	0.875	0.109375	
957	1	0.875	0.875	0.109375	
958	1	0.875	0.875	0.109375	
959	1	0.875	0.875	0.109375	
960	1	0.875	0.875	0.109375	
961	1	0.875	0.875	0.109375	
962	1	0.875	0.875	0.109375	
963	1	0.875	0.875	0.109375	
964	1	0.875	0.875	0.109375	
965	1	0.875	0.875	0.109375	
966	1	0.875	0.875	0.109375	
967	1	0.875	0.875	0.109375	
968	1	0.875	0.875	0.109375	
969	1	0.875	0.875	0.109375	
970	1	0.875	0.875	0.109375	
971	1	0.875	0.875	0.109375	
972	1	0.875	0.875	0.109375	
973	1	0.875	0.875	0.109375	
974	1	0.875	0.875	0.109375	
975	1	0.875	0.875	0.109375	
976	1	0.875	0.875	0.109375	
977	1	0.875	0.875	0.109375	
978	1	0.875	0.875	0.109375	
979	1	0.875	0.875	0.109375	
980	1	0.875	0.875	0.109375	
981	1	0.875	0.875	0.109375	
982	1	0.875	0.875	0.109375	
983	1	0.875	0.875	0.109375	
984	1	0.875	0.875	0.109375	
985	1	0.875	0.875	0.109375	
986	1	0.875	0.875	0.109375	
987	1	0.875	0.875	0.109375	
988	1	0.875	0.875	0.109375	
989	1	0.875	0.875	0.109375	
990	1	0.875	0.875	0.109375	
991	1	0.875	0.875	0.109375	
992	1	0.875	0.875	0.109375	
993	1	0.875	0.875	0.109375	
994	1	0.875	0.875	0.109375	
995	1	0.875	0.875	0.109375	
996	1	0.875	0.875	0.109375	
997	1	0.875	0.875	0.109375	
998	1	0.875	0.875	0.109375	
999	1	0.875	0.875	0.109375	
1000	1	0.875	0.875	0.109375	
1001	1	0.875	0.875	0.109375	
1002	1	0.875	0.875	0.109375	
1003	1	0.875	0.875	0.109375	
1004	1	0.875	0.875	0.109375	
1005	1	0.875	0.875	0.109375	
1006	1	0.875	0.875	0.109375	
1007	1	0.875	0.875	0.109375	
1008	1	0.875	0.875	0.109375	
1009	1	0.875	0.875	0.109375	
1010	1	0.875	0.875	0.109375	
1011	1	0.875	0.875	0.109375	
1012	1	0.875	0.875	0.109375	
1013	1	0.875	0.875	0.109375	
1014	1	0.875	0.875	0.109375	
1015	1	0.875	0.875	0.109375	
1016	1	0.875	0.875	0.109375	
1017	1	0.875	0.875	0.109375	
1018	1	0.875	0.875	0.109375	
1019	1	0.875	0.875	0.109375	
1020	1	0.875	0.875	0.109375	
1021	1	0.875	0.875	0.109375	
1022	1	0.875	0.875	0.109375	
1023	1	0.875	0.875	0.109375	
1024	1	0.875	0.875	0.109375	
1025	1	0.875	0.875	0.109375	
1026	1	0.875	0.875	0.109375	
1027	1	0.875	0.875	0.109375	
1028	1	0.875	0.875	0.109375	
1029	1	0.875	0.875	0.109375	
1030	1	0.875	0.875	0.109375	
1031	1	0.875	0.875	0.109375	
1032	1	0.875	0.875	0.109375	
1033	1	0.875	0.875	0.109375	
1034	1	0.875	0.875	0.109375	
1035	1	0.875	0.875	0.109375	
1036	1	0.875	0.875	0.109375	
1037	1	0.875	0.875	0.109375	
1038	1	0.875	0.875	0.109375	
1039	1	0.875	0.875	0.109375	
1040	1	0.875	0.875	0.109375	
1041	1	0.875	0.875	0.109375	
1042	1	0.875	0.875	0.109375	
1043	1	0.875	0.875	0.109375	
1044	1	0.875	0.875	0.109375	
1045	1	0.875	0.875	0.109375	
1046	1	0.875	0.875	0.109375	
1047	1	0.875	0.875	0.109375	
1048	1	0.875	0.875	0.109375	
1049	1	0.875	0.875	0.109375	
1050	1	0.875	0.875	0.109375	
1051	1	0.875	0.875	0.109375	
1052	1	0.875	0.875	0.109375	
1053	1	0.875	0.875	0.109375	
1054	1	0.875	0.875	0.109375	
1055	1	0.875	0.875	0.109375	
1056	1	0.875	0.875	0.109375	
1057	1	0.875	0.875	0.109375	
1058	1	0.875	0.875	0.109375	
1059	1	0.875	0.875	0.109375	
1060	1	0.875	0.875	0.109375	
1061	1	0.875	0.875	0.109375	
1062	1	0.875	0.875	0.109375	
1063	1	0.875	0.875	0.109375	
1064	1	0.875	0.875	0.109375	
1065	1	0.875	0.875	0.109375	
1066	1	0.875	0.875	0.109375	
1067	1	0.875	0.875	0.109375	
1068	1	0.875	0.875	0.109375	
1069	1	0.875	0.875	0.109375	
1070	1	0.875	0.875	0.109375	
1071	1	0.875	0.875	0.109375	
1072	1	0.875	0.875	0.109375	
1073	1	0.875	0.875	0.109375	
1074	1	0.875	0.875	0.109375	
1075	1	0.875	0.875	0.109375	
1076	1	0.875	0.875	0.109375	
1077	1	0.875	0.875	0.109375	
1078	1	0.875	0.875	0.109375	
1079	1	0.875	0.875	0.109375	
1080	1	0.875	0.875	0.109375	
1081	1	0.875	0.875	0.109375	
1082	1	0.875	0.875	0.109375	
1083	1	0.875	0.875	0.109375	
1084	1	0.875	0.875	0.109375	
1085	1	0.875	0.875	0.109375	
1086	1	0.875	0.875	0.109375	
1087	1	0.875	0.875	0.109375	
1088	1	0.875	0.875	0.109375	
1089	1	0.875	0.875	0.109375	
1090	1	0.875	0.875	0.109375	
1091	1	0.875	0.875	0.109375	
1092	1	0.875	0.875	0.109375	
1093	1	0.875	0.875	0.109375	
1094	1	0.875	0.875	0.109375	
1095	1	0.875	0.875	0.109375	
1096	1	0.875	0.875	0.109375	
1097	1	0.875	0.875	0.109375	
1098	1	0.875	0.875	0.109375	
1099	1	0.875	0.875	0.109375	
1100	1	0.875	0.875	0.109375	
1101	1	0.875	0.875	0.109375	
1102	1	0.875	0.875	0.109375	
1103	1	0.875	0.875	0.109375	
1104	1	0.875	0.875	0.109375	
1105	1	0.875	0.875	0.109375	
1106	1	0.875	0.875	0.109375	
1107	1	0.875	0.875	0.109375	
1108	1	0.875	0.875	0.109375	
1109	1	0.875	0.875	0.109375	
1110	1	0.875	0.875	0.109375	
1111	1	0.875	0.875	0.109375	
1112	1	0.875	0.875	0.109375	
1113	1	0.875	0.875	0.109375	
1114	1	0.875	0.875	0.109375	
1115	1	0.875	0.875	0.109375	
1116	1	0.875	0.875	0.109375	
1117	1	0.875	0.875	0.109375	
1118	1	0.875	0.875	0.109375	
1119	1	0.875	0.875	0.109375	
1120	1	0.875	0.875	0.109375	
1121	1	0.875	0.875	0.109375	
1122	1	0.875	0.875	0.109375	
1123	1	0.875	0.875	0.109375	
1124	1	0.875	0.875	0.109375	
1125	1	0.875	0.875	0.109375	
1126	1	0.875	0.875	0.109375	
1127	1	0.875	0.875	0.109375	
1128	1	0.875	0.875	0.109375	
1129	1	0.875	0.875	0.109375	
1130	1	0.875	0.875	0.109375	
1131	1	0.875	0.875	0.109375	
1132	1	0.875	0.875	0.109375	
1133	1	0.875	0.875	0.109375	
1134	1	0.875	0.875	0.109375	
1135	1	0.875	0.875	0.109375	
1136	1	0.875	0.875	0.109375	
1137	1	0.875	0.875	0.109375	
1138	1	0.875	0.875	0.109375	
1139	1	0.875	0.875	0.109375	
1140	1	0.875	0.875	0.109375	
1141	1	0.875	0.875	0.109375	
1142	1	0.875	0.875	0.109375	
1143	1	0.875	0.875	0.109375	
1144	1	0.875	0.875	0.109375	
1145	1	0.875	0.875	0.109375	
1146	1	0.875	0.875	0.109375	
1147	1	0.875	0.875	0.109375	
1148	1	0.875	0.875	0.109375	
1149	1	0.875	0.875	0.109375	
1150	1	0.875	0.875	0.109375	
1151	1	0.875	0.875	0.109375	
1152	1	0.875	0.875	0.109375	
1153	1	0.875	0.875	0.109375	
1154	1	0.875	0.875	0.109375	
1155	1	0.875	0.875	0.109375	
1156	1	0.875	0.875	0.109375	
1157	1	0.875	0.875	0.109375	
1158	1	0.875	0.875	0.109375	
1159	1	0.875	0.875	0.109375	
1160	1	0.875	0.875	0.109375	
1161	1	0.875	0.875	0.109375	
1162	1	0.875	0.875	0.109375	
1163	1	0.875	0.875	0.109375	
1164	1	0.875	0.875	0.109375	
1165	1	0.875	0.875	0.109375	
1166	1	0.875	0.875	0.109375	
1167	1	0.875	0.875	0.109375	
1168	1	0.875	0.875	0.109375	
1169	1	0.875	0.875	0.109375	
1170	1	0.875	0.875	0.109375	
1171	1	0.875	0.875	0.109375	
1172	1	0.875	0.875	0.109375	
1173	1	0.875	0.875	0.109375	
1174	1	0.875	0.875	0.109375	
1175	1	0.875	0.875	0.109375	
1176	1	0.875	0.875	0.109375	
1177	1	0.875	0.875	0.109375	
1178	1	0.875	0.875	0.109375	
1179	1	0.875	0.875	0.109375	
1180	1	0.875	0.875	0.109375	
1181	1	0.875	0.875	0.109375	
1182	1	0.875	0.875	0.109375	
1183	1	0.875	0.875	0.109375	
1184	1	0.875	0.875	0.109375	
1185	1	0.875	0.875	0.109375	
1186	1	0.875	0.875	0.109375	
1187	1	0.875	0.875	0.109375	
1188	1	0.875	0.875	0.109375	
1189	1	0.875	0.875	0.109375	
1190	1	0.875	0.875	0.109375	
1191	1	0.875	0.875	0.109375	
1192	1	0.875	0.875	0.109375	
1193	1	0.875	0.875	0.109375	
1194	1	0.875	0.875	0.109375	
1195	1	0.875	0.875	0.109375	
1196	1	0.875	0.875	0.109375	
1197	1	0.875	0.875	0.109375	
1198	1	0.875	0.875	0.109375	
1199	1	0.875	0.875	0.109375	
1200	1	0.875	0.875	0.109375	
1201	1	0.875	0.875	0.109375	
1202	1	0.875	0.875	0.109375	
1203	1	0.875	0.875	0.109375	
1204	1	0.875	0.875	0.109375	
1205	1	0.875	0.875	0.109375	
1206	1	0.875	0.875	0.109375	
1207	1	0.875	0.875	0.109375	
1208	1	0.875	0.875	0.109375	
1209	1	0.875	0.875	0.109375	
1210	1	0.875	0.875	0.109375	
1211	1	0.875	0.875	0.109375	
1212	1	0.875	0.875	0.109375	
1213	1	0.875	0.875	0.109375	
1214	1	0.875	0.875	0.109375	
1215	1	0.875	0.875	0.109375	
1216	1	0.875	0.875	0.109375	
1217	1	0.875	0.875	0.109375	
1218	1	0.875	0.875	0.109375	
1219	1	0.875	0.875	0.109375	
1220	1	0.875	0.875	0.109375	
1221	1	0.875	0.875	0.109375	
1222	1	0.875	0.875	0.109375	
1223	1	0.875	0.875	0.109375	
1224	1	0.875	0.875	0.109375	
1225	1	0.875	0.875	0.109375	
1226	1	0.875	0.875	0.109375	
1227	1	0.875	0.875	0.109375	
1228	1	0.875	0.875	0.109375	
1229	1	0.875	0.875	0.109375	
1230	1	0.875	0.875	0.109375	
1231	1	0.875	0.875	0.109375	
1232	1	0.875	0.875	0.109375	
1233	1	0.875	0.875	0.109375	
1234	1	0.875	0.875	0.109375	
1235	1	0.875	0.875	0.109375	
1236	1	0.875	0.875	0.109375	
1237	1	0.875	0.875	0.109375	
1238	1	0.875	0.875	0.109375	
1239	1	0.875	0.875	0.109375	
1240	1	0.875	0.875	0.109375	
1241	1	0.875	0.875	0.109375	
1242	1	0.875	0.875	0.109375	
1243	1	0.875	0.875	0.109375	
1244	1	0.875	0.875	0.109375	
1245	1	0.875	0.875	0.109375	
1246	1	0.875	0.875	0.109375	
1247	1	0.875	0.875	0.109375	
1248	1	0.875	0.875	0.109375	
1249	1	0.875	0.875	0.109375	
1250	1	0.875	0.875	0.109375	
1251	1	0.875	0.875	0.109375	
1252	1	0.875	0.875	0.109375	
1253	1	0.875	0.875	0.109375	
1254	1	0.875	0.875	0.109375	
1255	1	0.875	0.875	0.109375	
1256	1	0.875	0.875	0.109375	
1257	1	0.875	0.875	0.109375	
1258	1	0.875	0.875	0.109375	
1259	1	0.875	0.875	0.109375	
1260	1	0.875	0.875	0.109375	
1261	1	0.875	0.875	0.109375	
1262	1	0.875	0.875	0.109375	
1263	1	0.875	0.875	0.109375	
1264	1	0.875	0.875	0.109375	
1265	1	0.875	0.875	0.109375	
1266	1	0.875	0.875	0.109375	
1267	1	0.875	0.875	0.109375	
1268	1	0.875	0.875	0.109375	
1269	1	0.875	0.875	0.109375	
1270	1	0.875	0.875	0.109375	
1271	1	0.875	0.875	0.109375	
1272	1	0.875	0.875	0.109375	
1273	1	0.875	0.875	0.109375	
1274	1	0.875	0.875	0.109375	
1275	1	0.875	0.875	0.109375	
1276	1	0.875	0.875	0.109375	
1277	1	0.875	0.875	0.109375	
1278	1	0.875	0.875	0.109375	
1279	1	0.875	0.875	0.109375	
1280	1	0.875	0.875	0.109375	
1281	1	0.875	0.875	0.109375	
1282	1	0.875	0.875	0.109375	
1283	1	0.875	0.875	0.109375	
1284	1	0.875	0.875	0.109375	
1285	1	0.875	0.875	0.109375	
1286	1	0.875	0.875	0.109375	
1287	1	0.875	0.875	0.109375	
1288	1	0.875	0.875	0.109375	
1289	1	0.875	0.875	0.109375	
1290	1	0.875	0.875	0.109375	
1291	1	0.875	0.875	0.109375	
1292	1	0.875	0.875	0.109375	
1293	1	0.875	0.875	0.109375	
1294	1	0.875	0.875	0.109375	
1295	1	0.875	0.875	0.109375	
1296	1	0.875	0.875	0.109375	
1297	1	0.875	0.875	0.109375	
1298	1	0.875	0.875	0.109375	
1299	1	0.875	0.875	0.109375	
1300	1	0.875	0.875	0.109375	
1301	1	0.875	0.875	0.109375	
1302	1	0.875	0.875	0.109375	
1303	1	0.875	0.875	0.109375	
1304	1	0.875	0.875	0.109375	
1305	1	0.875	0.875	0.109375	
1306	1	0.875	0.875	0.109375	
1307	1	0.875	0.875	0.109375	
1308	1	0.875	0.875	0.109375	
1309	1	0.875	0.875	0.109375	
1310	1	0.875	0.875	0.109375	
1311	1	0.875	0.875	0.109375	
1312	1	0.875	0.875	0.109375	
1313	1	0.875	0.875	0.109375	
1314	1	0.875	0.875	0.109375	
1315	1	0.875	0.875	0.109375	
1316	1	0.875	0.875	0.109375	
1317	1	0.875	0.875	0.109375	
1318	1	0.875	0.875	0.109375	
1319	1	0.875	0.875	0.109375	
1320	1	0.875	0.875	0.109375	
1321	1	0.875	0.875	0.109375	
1322	1	0.875	0.875	0.109375	
1323	1	0.875	0.875	0.109375	
1324	1	0.875	0.875	0.109375	
1325	1	0.875	0.875	0.109375	
1326	1	0.875	0.875	0.109375	
1327	1	0.875	0.875	0.109375	
1328	1	0.875	0.875	0.109375	
1329	1	0.875	0.875	0.109375	
1330	1	0.875	0.875	0.109375	
1331	1	0.875	0.875	0.109375	
1332	1	0.875	0.875	0.109375	
1333	1	0.875	0.875	0.109375	
1334	1	0.875	0.875	0.109375	
1335	1	0.875	0.875	0.109375	
1336	1	0.875	0.875	0.109375	
1337	1	0.875	0.875	0.109375	
1338	1	0.875	0.875	0.109375	
1339	1	0.875	0.875	0.109375	
1340	1	0.875	0.875	0.109375	
1341	1	0.875	0.875	0.109375	
1342	1	0.875	0.875	0.109375	
1343	1	0.875	0.875	0.109375	
1344	1	0.875	0.875	0.109375	
1345	1	0.875	0.875	0.109375	
1346	1	0.875	0.875	0.109375	
1347	1	0.875	0.875	0.109375	
1348	1	0.875	0.875	0.109375	
1349	1	0.875	0.875	0.109375	
1350	1	0.875	0.875	0.109375	
1351	1	0.875	0.875	0.109375	
1352	1	0.875	0.875	0.109375	
1353	1	0.875	0.875	0.109375	
1354	1	0.875	0.875	0.109375	
1355	1	0.875	0.875	0.109375	
1356	1	0.875	0.875	0.109375	
1357	1	0.875	0.875	0.109375	
1358	1	0.875	0.875	0.109375	
1359	1	0.875	0.875	0.109375	
1360	1	0.875	0.875	0.109375	
1361	1	0.875	0.875	0.109375	
1362	1	0.875	0.875	0.109375	
1363	1	0.875	0.875	0.109375	
1364	1	0.875	0.875	0.109375	
1365	1	0.875	0.875	0.109375	
1366	1	0.875	0.875	0.109375	
1367	1	0.875	0.875	0.109375	
1368	1	0.875	0.875	0.109375	
1369	1	0.875	0.875	0.109375	
1370	1	0.875	0.875	0.109375	
1371	1	0.875	0.875	0.109375	
1372	1	0.875	0.875	0.109375	
1373	1	0.875	0.875	0.109375	
1374	1	0.875	0.875	0.109375	
1375	1	0.875	0.875	0.109375	
1376	1	0.875	0.875	0.109375	
1377	1	0.875	0.875	0.109375	
1378	1	0.875	0.875	0.109375	
1379	1	0.875	0.875	0.109375	
1380	1	0.875	0.875	0.109375	
1381	1	0.875	0.875	0.109375	
1382	1	0.875	0.875	0.109375	
1383	1	0.875	0.875	0.109375	
1384	1	0.875	0.875	0.109375	
1385	1	0.875	0.875	0.109375	
1386	1	0.875	0.875	0.109375	
1387	1	0.875	0.875	0.109375	
1388	1	0.875	0.875	0.109375	
1389	1	0.875	0.875	0.109375	
1390	1	0.875	0.875	0.109375	
1391	1	0.875	0.875	0.109375	
1392	1	0.875	0.875	0.109375	
1393	1	0.875	0.875	0.109375	
1394	1	0.875	0.875	0.109375	
1395	1	0.875	0.875	0.109375	
1396	1	0.875	0.875	0.109375	
1397	1	0.875	0.875	0.109375	
1398	1	0.875	0.875	0.109375	
1399	1	0.875	0.875	0.109375	
1400	1	0.875	0.875	0.109375	
1401	1	0.875	0.875	0.109375	
1402	1	0.875	0.875	0.109375	
1403	1	0.875	0.875	0.109375	
1404	1	0.875	0.875	0.109375	
1405	1	0.875	0.875	0.109375	
1406	1	0.875	0.875	0.109375	
1407	1	0.875	0.875	0.109375	
1408	1	0.875	0.875	0.109375	
1409	1	0.875	0.875	0.109375	
1410	1	0.875	0.875	0.109375	
1411	1	0.875	0.875	0.109375	
1412	1	0.875	0.875	0.109375	
1413	1	0.875	0.875	0.109375	
1414	1	0.875	0.875	0.109375	
1415	1	0.875	0.875	0.109375	
1416	1	0.875	0.875	0.109375	
1417	1	0.875	0.875	0.109375	
1418	1	0.875	0.875	0.109375	
1419	1	0.875	0.875	0.109375	
1420	1	0.875	0.875	0.109375	
1421	1	0.875	0.875	0.109375	
1422	1	0.875	0.875	0.109375	
1423	1	0.875	0.875	0.109375	
1424	1	0.875	0.875	0.109375	
1425	1	0.875	0.875	0.109375	
1426	1	0.875	0.875	0.109375	
1427	1	0.875	0.875	0.109375	
1428	1	0.875	0.875	0.109375	
1429	1	0.875	0.875	0.109375	
1430	1	0.875	0.875	0.109375	
1431	1	0.875	0.875	0.109375	
1432	1	0.875	0.875	0.109375	
1433	1	0.875	0.875	0.109375	
1434	1	0.875	0.875	0.109375	
1435	1	0.875	0.875	0.109375	
1436	1	0.875	0.875	0.109375	
1437	1	0.875	0.875	0.109375	
1438	1	0.875	0.875	0.109375	
1439	1	0.875	0.875	0.109375	
1440	1	0.875	0.875	0.109375	
1441	1	0.875	0.875	0.109375	
1442	1	0.875	0.875	0.109375	
1443	1	0.875	0.875	0.109375	
1444	1	0.875	0.875	0.109375	
1445	1	0.875	0.875	0.109375	
1446	1	0.875	0.875	0.109375	
1447	1	0.875	0.875	0.109375	
1448	1	0.875	0.875	0.109375	
1449	1	0.875	0.875	0.109375	
1450	1	0.875	0.875	0.109375	
1451	1	0.875	0.875	0.109375	
1452	1	0.875	0.875	0.109375	
1453	1	0.875	0.875	0.109375	
1454	1	0.875	0.875	0.109375	
1455	1	0.875	0.875	0.109375	
1456	1	0.875	0.875	0.109375	
1457	1	0.875	0.875	0.109375	
1458	1	0.875	0.875	0.109375	
1459	1	0.875	0.875	0.109375	
1460	1	0.875	0.875	0.109375	
1461	1	0.875	0.875	0.109375	
1462	1	0.875	0.875	0.109375	
1463	1	0.875	0.875	0.109375	
1464	1	0.875	0.875	0.109375	
1465	1	0.875	0.875	0.109375	
1466	1	0.875	0.875	0.109375	
1467	1	0.875	0.875	0.109375	
1468	1	0.875	0.875	0.109375	
1469	1	0.875	0.875	0.109375	
1470	1	0.875	0.875	0.109375	
1471	1	0.875	0.875	0.109375	
1472	1	0.875	0.875	0.109375	
1473	1	0.875	0.875	0.109375	
1474	1	0.875	0.875	0.109375	
1475	1	0.875	0.875	0.109375	
1476	1	0.875	0.875	0.109375	
1477	1	0.875	0.875	0.109375	
1478	1	0.875	0.875	0.109375	
1479	1	0.875	0.875	0.109375	
1480	1	0.875	0.875	0.109375	
1481	1	0.875	0.875	0.109375	
1482	1	0.875	0.875	0.109375	
1483	1	0.875	0.875	0.109375	
1484	1	0.875	0.875	0.109375	
1485	1	0.875	0.875	0.109375	
1486	1	0.875	0.875	0.109375	
1487	1	0.875	0.875	0.109375	
1488	1	0.875	0.875	0.109375	
1489	1	0.875	0.875	0.109375	
1490	1	0.875	0.875	0.109375	
1491	1	0.875	0.875	0.109375	
1492	1	0.875	0.875	0.109375	
1493	1	0.875	0.875	0.109375	
1494	1	0.875	0.875	0.109375	
1495	1	0.875	0.875	0.109375	
1496	1	0.875	0.875	0.109375	
1497	1	0.875	0.875	0.109375	
1498	1	0.875	0.875	0.109375	
1499	1	0.875	0.875	0.109375	
1500	1	0.875	0.875	0.109375	
1501	1	0.875	0.875	0.109375	
1502	1	0.875	0.875	0.109375	
1503	1	0.875	0.875	0.109375	
1504	1	0.875	0.875	0.109375	
1505	1	0.875	0.875	0.109375	
1506	1	0.875	0.875	0.109375	
1507	1	0.875	0.875	0.109375	
1508	1	0.875	0.875	0.109375	
1509	1	0.875	0.875	0.109375	
1510	1	0.875	0.875	0.109375	
1511	1	0.875	0.875	0.109375	
1512	1	0.875	0.875	0.109375	
1513	1	0.875	0.875	0.109375	
1514	1	0.875	0.875	0.109375	
1515	1	0.875	0.875	0.109375	
1516	1	0.875	0.875	0.109375	
1517	1	0.875	0.875	0.109375	
1518	1	0.875	0.875	0.109375	
1519	1	0.875	0.875	0.109375	
1520	1	0.875	0.875	0.109375	
1521	1	0.875	0.875	0.109375	
1522	1	0.875	0.875	0.109375	
1523	1	0.875	0.875	0.109375	
1524	1	0.875	0.875	0.109375	
1525	1	0.875	0.875	0.109375	
1526	1	0.875	0.875	0.109375	
1527	1	0.875	0.875	0.109375	
1528	1	0.875	0.875	0.109375	
1529	1	0.875	0.875	0.109375	
1530	1	0.875	0.875	0.109375	
1531	1	0.875	0.875	0.109375	
1532	1	0.875	0.875	0.109375	
1533	1	0.875	0.875	0.109375	
1534	1	0.875	0.875	0.109375	
1535	1	0.875	0.875	0.109375	
1536	1	0.875	0.875	0.109375	
1537	1	0.875	0.875	0.109375	
1538	1	0.875	0.875	0.109375	
1539	1	0.875	0.875	0.109375	
1540	1	0.875	0.875	0.109375	
1541	1	0.875	0.875	0.109375	
1542	1	0.875	0.875	0.109375	
1543	1	0.875	0.875	0.109375	
1544	1	0.875	0.875	0.109375	
1545	1	0.875	0.875	0.109375	
1546	1	0.875	0.875	0.109375	
1547	1	0.875	0.875	0.109375	
1548	1	0.875	0.875	0.109375	
1549	1	0.875	0.875	0.109375	
1550	1	0.875	0.875	0.109375	
1551	1	0.875	0.875	0.109375	
1552	1	0.875	0.875	0.109375	
1553	1	0.875	0.875	0.109375	
1554	1	0.875	0.875	0.109375	
1555	1	0.875	0.875	0.109375	
1556	1	0.875	0.875	0.109375	
1557	1	0.875	0.875	0.109375	
1558	1	0.875	0.875	0.109375	
1559	1	0.875	0.875	0.109375	
1560	1	0.875	0.875	0.109375	
1561	1	0.875	0.875	0.109375	
1562	1	0.875	0.875	0.109375	
1563	1	0.875	0.875	0.109375	
1564	1	0.875	0.875	0.109375	
1565	1	0.875	0.875	0.109375	
1566	1	0.875	0.875	0.109375	
1567	1	0.875	0.875	0.109375	
1568	1	0.875	0.875	0.109375	
1569	1	0.875	0.875	0.109375	
1570	1	0.875	0.875	0.109375	
1571	1	0.875	0.875	0.109375	
1572	1	0.875	0.875	0.109375	
1573	1	0.875	0.875	0.109375	
1574	1	0.875	0.875	0.109375	
1575	1	0.875	0.875	0.109375	
1576	1	0.875	0.875	0.109375	
1577	1	0.875	0.875	0.109375	
1578	1	0.875	0.875	0.109375	
1579	1	0.875	0.875	0.109375	
1580	1	0.875	0.875	0.109375	
1581	1	0.875	0.875	0.109375	
1582	1	0.875	0.875	0.109375	
1583	1	0.875	0.875	0.109375	
1584	1	0.875	0.875	0.109375	
1585	1	0.875	0.875	0.109375	
1586	1	0.875	0.875	0.109375	
1587	1	0.875	0.875	0.109375	
1588	1	0.875	0.875	0.109375	
1589	1	0.875	0.875	0.109375	
1590	1	0.875	0.875	0.109375	
1591	1	0.875	0.875	0.109375	
1592	1	0.875	0.875	0.109375	
1593	1	0.875	0.875	0.109375	
1594	1	0.875	0.875	0.109375	
1595	1	0.875	0.875	0.109375	
1596	1	0.875	0.875	0.109375	
1597	1	0.875	0.875	0.109375	
1598	1	0.875	0.875	0.109375	
1599	1	0.875	0.875	0.109375	
1600	1	0.875	0.875	0.109375	
1601	1	0.875	0.875	0.109375	
1602	1	0.875	0.875	0.109375	
1603	1	0.875	0.875	0.109375	
1604	1	0.875	0.875	0.109375	
1605	1	0.875	0.875	0.109375	
1606	1	0.875	0.875	0.109375	
1607	1	0.875	0.875	0.109375	
1608	1	0.875	0.875	0.109375	
1609	1	0.875	0.875	0.109375	
1610	1	0.875	0.875	0.109375	
1611	1	0.875	0.875	0.109375	
1612	1	0.875	0.875	0.109375	
1613	1	0.875	0.875	0.109375	
1614	1	0.875	0.875	0.109375	
1615	1	0.875	0.875	0.109375	
1616	1	0.875	0.875	0.109375	
1617	1	0.875	0.875	0.109375	
1618	1	0.875	0.875	0.109375	
1619	1	0.875	0.875	0.109375	
1620	1	0.875	0.875	0.109375	
1621	1	0.875	0.875	0.109375	
1622	1	0.875	0.875	0.109375	
1623	1	0.875	0.875	0.109375	
1624	1	0.875	0.875	0.109375	
1625	1	0.875	0.875	0.109375	
1626	1	0.875	0.875	0.109375	
1627	1	0.875	0.875	0.109375	
1628	1	0.875	0.875	0.109375	
1629	1	0.875	0.875	0.109375	
1630	1	0.875	0.875	0.109375	
1631	1	0.875	0.875	0.109375	
1632	1	0.875	0.875	0.109375	
1633	1	0.875	0.875	0.109375	
1634	1	0.875	0.875	0.109375	
1635	1	0.875	0.875	0.109375	
1636	1	0.875	0.875	0.109375	
1637	1	0.875	0.875	0.109375	
1638	1	0.875	0.875	0.109375	
1639	1	0.875	0.875	0.109375	
1640	1	0.875	0.875	0.109375	
1641	1	0.875	0.875	0.109375	
1642	1	0.875	0.875	0.109375	
1643	1	0.875	0.875	0.109375	
1644	1	0.875	0.875	0.109375	
1645	1	0.875	0.875	0.109375	
1646	1	0.875	0.875	0.109375	
1647	1	0.875	0.875	0.109375	
1648	1	0.875	0.875	0.109375	
1649	1	0.875	0.875	0.109375	
1650	1	0.875	0.875	0.109375	
1651	1	0.875	0.875	0.109375	
1652	1	0.875	0.875	0.109375	
1653	1	0.875	0.875	0.109375	
1654	1	0.875	0.875	0.109375	
1655	1	0.875	0.875	0.109375	
1656	1	0.875	0.875	0.109375	
1657	1	0.875	0.875	0.109375	
1658	1	0.875	0.875	0.109375	
1659	1	0.875	0.875	0.109375	
1660	1	0.875	0.875	0.109375	
1661	1	0.875	0.875	0.109375	
1662	1	0.875	0.875	0.109375	
1663	1	0.875	0.875	0.109375	
1664	1	0.875	0.875	0.109375	
1665	1	0.875	0.875	0.109375	
1666	1	0.875	0.875	0.109375	
1667	1	0.875	0.875	0.109375	
1668	1	0.875	0.875	0.109375	
1669	1	0.875	0.875	0.109375	
1670	1	0.875	0.875	0.109375	
1671	1	0.875	0.875	0.109375	
1672	1	0.875	0.875	0.109375	
1673	1	0.875	0.875	0.109375	
1674	1	0.875	0.875	0.109375	
1675	1	0.875	0.875	0.109375	
1676	1	0.875	0.875	0.109375	
1677	1	0.875	0.875	0.109375	
1678	1	0.875	0.875	0.109375	
1679	1	0.875	0.875	0.109375	
1680	1	0.875	0.875	0.109375	
1681	1	0.875	0.875	0.109375	
1682	1	0.875	0.875	0.109375	
1683	1	0.875	0.875	0.109375	
1684	1	0.875	0.875	0.109375	
1685	1	0.875	0.875	0.109375	
1686	1	0.875	0.875	0.109375	
1687	1	0.875	0.875	0.109375	
1688	1	0.875	0.875	0.109375	
1689	1	0.875	0.875	0.109375	
1690	1	0.875	0.875	0.109375	
1691	1	0.875	0.875	0.109375	
1692	1	0.875	0.875	0.109375	
1693	1	0.875	0.875	0.109375	
1694	1	0.875	0.875	0.109375	
1695	1	0.875	0.875	0.109375	
1696	1	0.875	0.875	0.109375	
1697	1	0.875	0.875	0.109375	
1698	1	0.875	0.875	0.109375	
1699	1	0.875	0.875	0.109375	
1700	1	0.875	0.875	0.109375	
1701	1	0.875	0.875	0.109375	
1702	1	0.875	0.875	0.109375	
1703	1	0.875	0.875	0.109375	
1704	1	0.875	0.875	0.109375	
1705	1	0.875	0.875	0.109375	
1706	1	0.875	0.875	0.109375	
1707	1	0.875	0.875	0.109375	
1708	1	0.875	0.875	0.109375	
1709	1	0.875	0.875	0.109375	
1710	1	0.875	0.875	0.109375	
1711	1	0.875	0.875	0.109375	
1712	1	0.875	0.875	0.109375	
1713	1	0.875	0.875	0.109375	
1714	1	0.875	0.875	0.109375	
1715	1	0.875	0.875	0.109375	
1716	1	0.875	0.875	0.109375	
1717	1	0.875	0.875	0.109375	
1718	1	0.875	0.875	0.109375	
1719	1	0.875	0.875	0.109375	
1720	1	0.875	0.875	0.109375	
1721	1	0.875	0.875	0.109375	
1722	1	0.875	0.875	0.109375	
1723	1	0.875	0.875	0.109375	
1724	1	0.875	0.875	0.109375	
1725	1	0.875	0.875	0.109375	
1726	1	0.875	0.875	0.109375	
1727	1	0.875	0.875	0.109375	
1728	1	0.875	0.875	0.109375	
1729	1	0.875	0.875	0.109375	
1730	1	0.875	0.875	0.109375	
1731	1	0.875	0.875	0.109375	
1732	1	0.875	0.875	0.109375	
1733	1	0.875	0.875	0.109375	
1734	1	0.875	0.875	0.109375	
1735	1	0.875	0.875	0.109375	
1736	1	0.875	0.875	0.109375	
1737	1	0.875	0.875	0.109375	
1738	1	0.875	0.875	0.109375	
1739	1	0.875	0.875	0.109375	
1740	1	0.875	0.875	0.109375	
1741	1	0.875	0.875	0.109375	
1742	1	0.875	0.875	0.109375	
1743	1	0.875	0.875	0.109375	
1744	1	0.875	0.875	0.109375	
1745	1	0.875	0.875	0.109375	
1746	1	0.875	0.875	0.109375	
1747	1	0.875	0.875	0.109375	
1748	1	0.875	0.875	0.109375	
1749	1	0.875	0.875	0.109375	
1750	1	0.875	0.875	0.109375	
1751	1	0.875	0.875	0.109375	
1752	1	0.875	0.875	0.109375	
1753	1	0.875	0.875	0.109375	
1754	1	0.875	0.875	0.109375	
1755	1	0.875	0.875	0.109375	
1756	1	0.875	0.875	0.109375	
1757	1	0.875	0.875	0.109375	
1758	1	0.875	0.875	0.109375	
1759	1	0.875	0.875	0.109375	
1760	1	0.875	0.875	0.109375	
1761	1	0.875	0.875	0.109375	
1762	1	0.875	0.875	0.109375	
1763	1	0.875	0.875	0.109375	
1764	1	0.875	0.875	0.109375	
1765	1	0.875	0.875	0.109375	
1766	1	0.875	0.875	0.109375	
1767	1	0.875	0.875	0.109375	
1768	1	0.875	0.875	0.109375	
1769	1	0.875	0.875	0.109375	
1770	1	0.875	0.875	0.109375	
1771	1	0.875	0.875	0.109375	
1772	1	0.875	0.875	0.109375	
1773	1	0.875	0.875	0.109375	
1774	1	0.875	0.875	0.109375	
1775	1	0.875	0.875	0.109375	
1776	1	0.875	0.875	0.109375	
1777	1	0.875	0.875	0.109375	
1778	1	0.875	0.875	0.109375	
1779	1	0.875	0.875	0.109375	
1780	1	0.875	0.875	0.109375	
1781	1	0.875	0.875	0.109375	
1782	1	0.875	0.875	0.109375	
1783	1	0.875	0.875	0.109375	
1784	1	0.875	0.875	0.109375	
1785	1	0.875	0.875	0.109375	
1786	1	0.875	0.875	0.109375	
1787	1	0.875	0.875	0.109375	
1788	1	0.875	0.875	0.109375	
1789	1	0.875	0.875	0.109375	
1790	1	0.875	0.875	0.109375	
1791	1	0.875	0.875	0.109375	
1792	1	0.875	0.875	0.109375	
1793	1	0.875	0.875	0.109375	
1794	1	0.875	0.875	0.109375	
1795	1	0.875	0.875	0.109375	
1796	1	0.875	0.875	0.109375	
1797	1	0.875	0.875	0.109375	
1798	1	0.875	0.875	0.109375	
1799	1	0.875	0.875	0.109375	
1800	1	0.875	0.875	0.109375	
1801	1	0.875	0.875	0.109375	
1802	1	0.875	0.875	0.109375	
1803	1	0.875	0.875	0.109375	
1804	1	0.875	0.875	0.109375	
1805	1	0.875	0.875	0.109375	
1806	1	0.875	0.875	0.109375	
1807	1	0.875	0.875	0.109375	
1808	1	0.875	0.875	0.109375	
1809	1	0.875	0.875	0.109375	
1810	1	0.875	0.875	0.109375	
1811	1	0.875	0.875	0.109375	
1812	1	0.875	0.875	0.109375	
1813	1	0.875	0.875	0.109375	
1814	1	0.875	0.875	0.109375	
1815	1	0.875	0.875	0.109375	
1816	1	0.875	0.875	0.109375	
1817	1	0.875	0.875	0.109375	
1818	1	0.875	0.875	0.109375	
1819	1	0.875	0.875	0.109375	
1820	1	0.875	0.875	0.109375	
1821	1	0.875	0.875	0.109375	
1822	1	0.875	0.875	0.109375	
1823	1	0.875	0.875	0.109375	
1824	1	0.875	0.875	0.109375	
1825	1	0.875	0.875	0.109375	
1826	1	0.875	0.875	0.109375	
1827	1	0.875	0.875	0.109375	
1828	1	0.875	0.875	0.109375	
1829	1	0.875	0.875	0.109375	
1830	1	0.875	0.875	0.109375	
1831	1	0.875	0.875	0.109375	
1832	1	0.875	0.875	0.109375	
1833	1	0.875	0.875	0.109375	
1834	1	0.875	0.875	0.109375	
1835	1	0.875	0.875	0.109375	
1836	1	0.875	0.875	0.109375	
1837	1	0.875	0.875	0.109375	
1838	1	0.875	0.875	0.109375	
1839	1	0.875	0.875	0.109375	
1840	1	0.875	0.875	0.109375	
1841	1	0.875	0.875	0.109375	
1842	1	0.875	0.875	0.109375	
1843	1	0.875	0.875	0.109375	
1844	1	0.875	0.875	0.109375	
1845	1	0.875	0.875	0.109375	
1846	1	0.875	0.875	0.109375	
1847	1	0.875	0.875	0.109375	
1848	1	0.875	0.875	0.109375	
1849	1	0.875	0.875	0.109375	
1850	1	0.875	0.875	0.109375	
1851	1	0.875	0.875	0.109375	
1852	1	0.875	0.875	0.109375	
1853	1	0.875	0.875	0.109375	
1854	1	0.875	0.875	0.109375	
1855	1	0.875	0.875	0.109375	
1856	1	0.875	0.875	0.109375	
1857	1	0.875	0.875	0.109375	
1858	1	0.875	0.875	0.109375	
1859	1	0.875	0.875	0.109375	
1860	1	0.875	0.875	0.109375	
1861	1	0.875	0.875	0.109375	
1862	1	0.875	0.875	0.109375	
1863	1	0.875	0.875	0.109375	
1864	1	0.875	0.875	0.109375	
1865	1	0.875	0.875	0.109375	
1866	1	0.875	0.875	0.109375	
1867	1	0.875	0.875	0.109375	
1868	1	0.875	0.875	0.109375	
1869	1	0.875	0.875	0.109375	
1870	1	0.875	0.875	0.109375	
1871	1	0.875	0.875	0.109375	
1872	1	0.875	0.875	0.109375	
1873	1	0.875	0.875	0.109375	
1874	1	0.875	0.875	0.109375	
1875	1	0.875	0.875	0.109375	
1876	1	0.875	0.875	0.109375	
1877	1	0.875	0.875	0.109375	
1878	1	0.875	0.875	0.109375	
1879	1	0.875	0.875	0.109375	
1880	1	0.875	0.875	0.109375	
1881	1	0.875	0.875	0.109375	
1882	1	0.875	0.875	0.109375	
1883	1	0.875	0.875	0.109375	
1884	1	0.875	0.875	0.109375	
1885	1	0.875	0.875	0.109375	
1886	1	0.875	0.875	0.109375	
1887	1	0.875	0.875	0.109375	
1888	1	0.875	0.875	0.109375	
1889	1	0.875	0.875	0.109375	
1890	1	0.875	0.875	0.109375	
1891	1	0.875	0.875	0.109375	
1892	1	0.875	0.875	0.109375	
1893	1	0.875	0.875	0.109375	
1894	1	0.875	0.875	0.109375	
1895	1	0.875	0.875	0.109375	
1896	1	0.875	0.875	0.109375	
1897	1	0.875	0.875	0.109375	
1898	1	0.875	0.875	0.109375	
1899	1	0.875	0.875	0.109375	
1900	1	0.875	0.875	0.109375	
1901	1	0.875	0.875	0.109375	
1902	1	0.875	0.875	0.109375	
1903	1	0.875	0.875	0.109375	
1904	1	0.875	0.875	0.109375	
1905	1	0.875	0.875	0.109375	
1906	1	0.875	0.875	0.109375	
1907	1	0.875	0.875	0.109375	
1908	1	0.875	0.875	0.109375	
1909	1	0.875	0.875	0.109375	
1910	1	0.875	0.875	0.109375	
1911	1	0.875	0.875	0.109375	
1912	1	0.875	0.875	0.109375	
1913	1	0.875	0.875	0.109375	
1914	1	0.875	0.875	0.109375	
1915	1	0.875	0.875	0.109375	
1916	1	0.875	0.875	0.109375	
1917	1	0.875	0.875	0.109375	
1918	1	0.875	0.875	0.109375	
1919	1	0.875	0.875	0.109375	
1920	1	0.875	0.875	0.109375	
1921	1	0.875	0.875	0.109375	
1922	1	0.875	0.875	0.109375	
1923	1	0.875	0.875	0.109375	
1924	1	0.875	0.875	0.109375	
1925	1	0.875	0.875	0.109375	
1926	1	0.875	0.875	0.109375	
1927	1	0.875	0.875	0.109375	
1928	1	0.875	0.875	0.109375	
1929	1	0.875	0.875	0.109375	
1930	1	0.875	0.875	0.109375	
1931	1	0.875	0.875	0.109375	
1932	1	0.875	0.875	0.109375	
1933	1	0.875	0.875	0.109375	
1934	1	0.875	0.875	0.109375	
1935	1	0.875	0.875	0.109375	
1936	1	0.875	0.875	0.109375	
1937	1	0.875	0.875	0.109375	
1938	1	0.875	0.875	0.109375	
1939	1	0.875	0.875	0.109375	
1940	1	0.875	0.875	0.109375	
1941	1	0.875	0.875	0.109375	
1942	1	0.875	0.875	0.109375	
1943	1	0.875	0.875	0.109375	
1944	1	0.875	0.875	0.109375	
1945	1	0.875	0.875	0.109375	
1946	1	0.875	0.875	0.109375	
1947	1	0.875	0.875	0.109375	
1948	1	0.875	0.875	0.109375	
1949	1	0.875	0.875	0.109375	
1950	1	0.875	0.875	0.109375	
1951	1	0.875	0.875	0.109375	
1952	1	0.875	0.875	0.109375	
1953	1	0.875	0.875	0.109375	
1954	1	0.875	0.875	0.109375	
1955	1	0.875	0.875	0.109375	
1956	1	0.875	0.875	0.109375	
1957	1	0.875	0.875	0.109375	
1958	1	0.875	0.875	0.109375	
1959	1	0.875	0.875	0.109375	
1960	1	0.875	0.875	0.109375	
1961	1	0.875	0.875	0.109375	
1962	1	0.875	0.875	0.109375	
1963	1	0.875	0.875	0.109375	
1964	1	0.875	0.875	0.109375	
1965	1	0.875	0.875	0.109375	
1966	1	0.875	0.875	0.109375	
1967	1	0.875	0.875	0.109375	
1968	1	0.875	0.875	0.109375	
1969	1	0.875	0.875	0.109375	
1970	1	0.875	0.875	0.109375	
1971	1	0.875	0.875	0.109375	
1972	1	0.875	0.875	0.109375	
1973	1	0.875	0.875	0.109375	
1974	1	0.875	0.875	0.109375	
1975	1	0.875	0.875	0.109375	
1976	1	0.875	0.875	0.109375	
1977	1	0.875	0.875	0.109375	
1978	1	0.875	0.875	0.109375	
1979	1	0.875	0.875	0.109375	
1980	1	0.875	0.875	0.109375	
1981	1	0.875	0.875	0.109375	
1982	1	0.875	0.875	0.109375	
1983	1	0.875	0.875	0.109375	
1984	1	0.875	0.875	0.109375	
1985	1	0.875	0.875	0.109375	
1986	1	0.875	0.875	0.109375	
1987	1	0.875	0.875	0.109375	
1988	1	0.875	0.875	0.109375	
1989	1	0.875	0.875	0.109375	
1990	1	0.875	0.875	0.109375	
1991	1	0.875	0.875	0.109375	
1992	1	0.875	0.875	0.109375	
1993	1	0.875	0.875	0.109375	
1994	1	0.875	0.875	0.109375	
1995	1	0.875	0.875	0.109375	
1996	1	0.875	0.875	0.109375	
1997	1	0.875	0.875	0.109375	
1998	1	0.875	0.875	0.109375	
1999	1	0.875	0.875	0.109375	
2000	1	0.875	0.875	0.109375	
