# mu = 0.01, s = -0.1, trials requested = 1, runtime = 0:00:06
# "Time"	"Actual trials"	"Mean mutation"	"Average mean mutation"	"Average mutation variance"
0	1	0	0	0	
1	1	0.01	0.01	0.0099	
2	1	0.01	0.01	0.0099	
3	1	0.03	0.03	0.0291	
4	1	0.08	0.08	0.0736	
5	1	0.02	0.02	0.0196	
6	1	0.02	0.02	0.0196	
7	1	0.05	0.05	0.0475	
8	1	0.1	0.1	0.09	
9	1	0.09	0.09	0.0819	
10	1	0.09	0.09	0.0819	
11	1	0.13	0.13	0.1131	
12	1	0.11	0.11	0.0979	
13	1	0.14	0.14	0.1204	
14	1	0.12	0.12	0.1056	
15	1	0.12	0.12	0.1056	
16	1	0.13	0.13	0.1131	
17	1	0.1	0.1	0.09	
18	1	0.15	0.15	0.1275	
19	1	0.19	0.19	0.1539	
20	1	0.19	0.19	0.1539	
21	1	0.16	0.16	0.1344	
22	1	0.16	0.16	0.1344	
23	1	0.15	0.15	0.1275	
24	1	0.13	0.13	0.1131	
25	1	0.15	0.15	0.1275	
26	1	0.16	0.16	0.1344	
27	1	0.15	0.15	0.1275	
28	1	0.21	0.21	0.1659	
29	1	0.2	0.2	0.16	
30	1	0.13	0.13	0.1131	
31	1	0.18	0.18	0.1476	
32	1	0.19	0.19	0.1539	
33	1	0.24	0.24	0.1824	
34	1	0.31	0.31	0.2139	
35	1	0.31	0.31	0.2139	
36	1	0.31	0.31	0.2139	
37	1	0.34	0.34	0.2244	
38	1	0.38	0.38	0.2356	
39	1	0.33	0.33	0.2211	
40	1	0.39	0.39	0.2379	
41	1	0.33	0.33	0.2211	
42	1	0.33	0.33	0.2411	
43	1	0.32	0.32	0.2176	
44	1	0.34	0.34	0.2244	
45	1	0.36	0.36	0.2304	
46	1	0.32	0.32	0.2776	
47	1	0.31	0.31	0.2539	
48	1	0.42	0.42	0.3036	
49	1	0.48	0.48	0.4896	
50	1	0.43	0.43	0.4451	
51	1	0.32	0.32	0.2576	
52	1	0.26	0.26	0.2124	
53	1	0.26	0.26	0.1924	
54	1	0.17	0.17	0.1411	
55	1	0.16	0.16	0.1344	
56	1	0.23	0.23	0.2171	
57	1	0.14	0.14	0.1404	
58	1	0.12	0.12	0.1056	
59	1	0.09	0.09	0.0819	
60	1	0.12	0.12	0.1056	
61	1	0.09	0.09	0.0819	
62	1	0.19	0.19	0.1539	
63	1	0.17	0.17	0.1411	
64	1	0.13	0.13	0.1131	
65	1	0.12	0.12	0.1056	
66	1	0.15	0.15	0.1275	
67	1	0.18	0.18	0.1476	
68	1	0.06	0.06	0.0564	
69	1	0.08	0.08	0.0736	
70	1	0.09	0.09	0.0819	
71	1	0.07	0.07	0.0651	
72	1	0.08	0.08	0.0736	
73	1	0.07	0.07	0.0651	
74	1	0.02	0.02	0.0196	
75	1	0.02	0.02	0.0196	
76	1	0.04	0.04	0.0384	
77	1	0.07	0.07	0.0651	
78	1	0.03	0.03	0.0291	
79	1	0.02	0.02	0.0196	
80	1	0.02	0.02	0.0196	
81	1	0.02	0.02	0.0196	
82	1	0.03	0.03	0.0291	
83	1	0.01	0.01	0.0099	
84	1	0.01	0.01	0.0099	
85	1	0.01	0.01	0.0099	
86	1	0.03	0.03	0.0291	
87	1	0.09	0.09	0.0819	
88	1	0.12	0.12	0.1056	
89	1	0.16	0.16	0.1544	
90	1	0.15	0.15	0.1875	
91	1	0.16	0.16	0.1744	
92	1	0.08	0.08	0.0736	
93	1	0.12	0.12	0.1056	
94	1	0.12	0.12	0.1056	
95	1	0.07	0.07	0.0651	
96	1	0.07	0.07	0.0651	
97	1	0.06	0.06	0.0564	
98	1	0.02	0.02	0.0196	
99	1	0.05	0.05	0.0675	
100	1	0.04	0.04	0.0384	
101	1	0.07	0.07	0.0651	
102	1	0.08	0.08	0.0736	
103	1	0.11	0.11	0.0979	
104	1	0.13	0.13	0.1131	
105	1	0.13	0.13	0.1131	
106	1	0.09	0.09	0.0819	
107	1	0.13	0.13	0.1131	
108	1	0.21	0.21	0.1659	
109	1	0.2	0.2	0.16	
110	1	0.17	0.17	0.1411	
111	1	0.15	0.15	0.1275	
112	1	0.19	0.19	0.1539	
113	1	0.23	0.23	0.1971	
114	1	0.18	0.18	0.1476	
115	1	0.2	0.2	0.16	
116	1	0.15	0.15	0.1275	
117	1	0.18	0.18	0.1476	
118	1	0.24	0.24	0.1824	
119	1	0.17	0.17	0.1411	
120	1	0.18	0.18	0.1476	
121	1	0.25	0.25	0.1875	
122	1	0.27	0.27	0.1971	
123	1	0.37	0.37	0.2331	
124	1	0.42	0.42	0.2436	
125	1	0.42	0.42	0.2436	
126	1	0.38	0.38	0.2356	
127	1	0.34	0.34	0.2244	
128	1	0.33	0.33	0.2211	
129	1	0.25	0.25	0.1875	
130	1	0.24	0.24	0.2024	
131	1	0.1	0.1	0.09	
132	1	0.05	0.05	0.0475	
133	1	0.05	0.05	0.0475	
134	1	0.06	0.06	0.0564	
135	1	0.04	0.04	0.0384	
136	1	0.06	0.06	0.0564	
137	1	0.06	0.06	0.0564	
138	1	0.06	0.06	0.0564	
139	1	0.06	0.06	0.0564	
140	1	0.07	0.07	0.0651	
141	1	0.05	0.05	0.0475	
142	1	0.02	0.02	0.0196	
143	1	0.03	0.03	0.0291	
144	1	0.01	0.01	0.0099	
145	1	0.01	0.01	0.0099	
146	1	0	0	0	
147	1	0.04	0.04	0.0384	
148	1	0.06	0.06	0.0564	
149	1	0.04	0.04	0.0384	
150	1	0.01	0.01	0.0099	
151	1	0.02	0.02	0.0196	
152	1	0.02	0.02	0.0196	
153	1	0.01	0.01	0.0099	
154	1	0.01	0.01	0.0099	
155	1	0.02	0.02	0.0196	
156	1	0.04	0.04	0.0384	
157	1	0.04	0.04	0.0384	
158	1	0.05	0.05	0.0475	
159	1	0.07	0.07	0.0651	
160	1	0.08	0.08	0.0736	
161	1	0.06	0.06	0.0564	
162	1	0.04	0.04	0.0384	
163	1	0.09	0.09	0.0819	
164	1	0.15	0.15	0.1275	
165	1	0.13	0.13	0.1131	
166	1	0.18	0.18	0.1476	
167	1	0.11	0.11	0.0979	
168	1	0.08	0.08	0.0936	
169	1	0.02	0.02	0.0196	
170	1	0.01	0.01	0.0099	
171	1	0.01	0.01	0.0099	
172	1	0.01	0.01	0.0099	
173	1	0.01	0.01	0.0099	
174	1	0.01	0.01	0.0099	
175	1	0.02	0.02	0.0196	
176	1	0.01	0.01	0.0099	
177	1	0.03	0.03	0.0291	
178	1	0.06	0.06	0.0564	
179	1	0.1	0.1	0.09	
180	1	0.28	0.28	0.2016	
181	1	0.26	0.26	0.1924	
182	1	0.27	0.27	0.1971	
183	1	0.38	0.38	0.3156	
184	1	0.27	0.27	0.2571	
185	1	0.25	0.25	0.2075	
186	1	0.26	0.26	0.2124	
187	1	0.25	0.25	0.1875	
188	1	0.24	0.24	0.1824	
189	1	0.21	0.21	0.1659	
190	1	0.24	0.24	0.1824	
191	1	0.22	0.22	0.1716	
192	1	0.27	0.27	0.2171	
193	1	0.24	0.24	0.1824	
194	1	0.17	0.17	0.1411	
195	1	0.18	0.18	0.1476	
196	1	0.19	0.19	0.1539	
197	1	0.1	0.1	0.09	
198	1	0.09	0.09	0.0819	
199	1	0.09	0.09	0.0819	
200	1	0.08	0.08	0.0736	
201	1	0.04	0.04	0.0384	
202	1	0.02	0.02	0.0196	
203	1	0.03	0.03	0.0291	
204	1	0.02	0.02	0.0196	
205	1	0.03	0.03	0.0291	
206	1	0.02	0.02	0.0196	
207	1	0.02	0.02	0.0196	
208	1	0.03	0.03	0.0291	
209	1	0.04	0.04	0.0384	
210	1	0.02	0.02	0.0196	
211	1	0.04	0.04	0.0384	
212	1	0.05	0.05	0.0475	
213	1	0.07	0.07	0.0651	
214	1	0.04	0.04	0.0384	
215	1	0.09	0.09	0.0819	
216	1	0.09	0.09	0.0819	
217	1	0.08	0.08	0.0736	
218	1	0.1	0.1	0.09	
219	1	0.16	0.16	0.1344	
220	1	0.1	0.1	0.09	
221	1	0.11	0.11	0.0979	
222	1	0.15	0.15	0.1275	
223	1	0.14	0.14	0.1204	
224	1	0.1	0.1	0.11	
225	1	0.07	0.07	0.0651	
226	1	0.08	0.08	0.0736	
227	1	0.15	0.15	0.1475	
228	1	0.12	0.12	0.1056	
229	1	0.2	0.2	0.18	
230	1	0.17	0.17	0.1411	
231	1	0.16	0.16	0.1344	
232	1	0.26	0.26	0.1924	
233	1	0.2	0.2	0.16	
234	1	0.19	0.19	0.1939	
235	1	0.18	0.18	0.1476	
236	1	0.2	0.2	0.16	
237	1	0.2	0.2	0.16	
238	1	0.17	0.17	0.1411	
239	1	0.2	0.2	0.16	
240	1	0.16	0.16	0.1344	
241	1	0.18	0.18	0.1476	
242	1	0.18	0.18	0.1476	
243	1	0.22	0.22	0.1716	
244	1	0.19	0.19	0.1539	
245	1	0.21	0.21	0.1659	
246	1	0.24	0.24	0.1824	
247	1	0.29	0.29	0.2059	
248	1	0.26	0.26	0.1924	
249	1	0.34	0.34	0.2444	
250	1	0.41	0.41	0.2419	
251	1	0.42	0.42	0.2436	
252	1	0.43	0.43	0.2451	
253	1	0.42	0.42	0.2436	
254	1	0.51	0.51	0.2499	
255	1	0.41	0.41	0.2419	
256	1	0.36	0.36	0.2304	
257	1	0.33	0.33	0.2611	
258	1	0.37	0.37	0.2531	
259	1	0.42	0.42	0.3436	
260	1	0.42	0.42	0.3036	
261	1	0.39	0.39	0.3179	
262	1	0.29	0.29	0.2259	
263	1	0.23	0.23	0.1771	
264	1	0.3	0.3	0.23	
265	1	0.33	0.33	0.3011	
266	1	0.27	0.27	0.2371	
267	1	0.33	0.33	0.2411	
268	1	0.31	0.31	0.2539	
269	1	0.3	0.3	0.33	
270	1	0.34	0.34	0.3644	
271	1	0.31	0.31	0.2939	
272	1	0.29	0.29	0.2259	
273	1	0.25	0.25	0.1875	
274	1	0.22	0.22	0.1716	
275	1	0.28	0.28	0.2016	
276	1	0.27	0.27	0.1971	
277	1	0.28	0.28	0.2016	
278	1	0.21	0.21	0.1659	
279	1	0.24	0.24	0.1824	
280	1	0.24	0.24	0.1824	
281	1	0.23	0.23	0.1771	
282	1	0.25	0.25	0.1875	
283	1	0.24	0.24	0.1824	
284	1	0.22	0.22	0.1716	
285	1	0.24	0.24	0.1824	
286	1	0.22	0.22	0.1916	
287	1	0.21	0.21	0.2459	
288	1	0.2	0.2	0.24	
289	1	0.17	0.17	0.2011	
290	1	0.14	0.14	0.1604	
291	1	0.13	0.13	0.1331	
292	1	0.19	0.19	0.1739	
293	1	0.25	0.25	0.2275	
294	1	0.31	0.31	0.2939	
295	1	0.33	0.33	0.3011	
296	1	0.35	0.35	0.2875	
297	1	0.4	0.4	0.3	
298	1	0.43	0.43	0.3651	
299	1	0.44	0.44	0.3464	
300	1	0.42	0.42	0.3236	
301	1	0.46	0.46	0.3284	
302	1	0.46	0.46	0.3884	
303	1	0.45	0.45	0.3475	
304	1	0.46	0.46	0.3884	
305	1	0.41	0.41	0.4019	
306	1	0.43	0.43	0.3851	
307	1	0.46	0.46	0.3684	
308	1	0.46	0.46	0.3084	
309	1	0.45	0.45	0.2875	
310	1	0.45	0.45	0.2875	
311	1	0.45	0.45	0.2875	
312	1	0.55	0.55	0.3675	
313	1	0.54	0.54	0.4284	
314	1	0.49	0.49	0.4299	
315	1	0.49	0.49	0.4699	
316	1	0.51	0.51	0.4699	
317	1	0.58	0.58	0.4436	
318	1	0.63	0.63	0.4131	
319	1	0.62	0.62	0.3756	
320	1	0.65	0.65	0.4075	
321	1	0.66	0.66	0.3844	
322	1	0.68	0.68	0.5176	
323	1	0.65	0.65	0.5275	
324	1	0.75	0.75	0.5075	
325	1	0.74	0.74	0.5724	
326	1	0.66	0.66	0.5444	
327	1	0.65	0.65	0.4675	
328	1	0.71	0.71	0.4659	
329	1	0.68	0.68	0.4376	
330	1	0.59	0.59	0.3819	
331	1	0.52	0.52	0.3896	
332	1	0.62	0.62	0.4156	
333	1	0.45	0.45	0.3075	
334	1	0.45	0.45	0.3275	
335	1	0.51	0.51	0.3699	
336	1	0.46	0.46	0.3684	
337	1	0.37	0.37	0.3131	
338	1	0.32	0.32	0.2576	
339	1	0.31	0.31	0.2339	
340	1	0.32	0.32	0.2576	
341	1	0.28	0.28	0.2016	
342	1	0.28	0.28	0.2016	
343	1	0.21	0.21	0.1659	
344	1	0.21	0.21	0.1659	
345	1	0.15	0.15	0.1275	
346	1	0.24	0.24	0.2024	
347	1	0.26	0.26	0.1924	
348	1	0.28	0.28	0.2016	
349	1	0.3	0.3	0.21	
350	1	0.31	0.31	0.2539	
351	1	0.29	0.29	0.2059	
352	1	0.33	0.33	0.2411	
353	1	0.29	0.29	0.2059	
354	1	0.29	0.29	0.2059	
355	1	0.32	0.32	0.2376	
356	1	0.26	0.26	0.2124	
357	1	0.27	0.27	0.1971	
358	1	0.28	0.28	0.2216	
359	1	0.35	0.35	0.2875	
360	1	0.18	0.18	0.1476	
361	1	0.27	0.27	0.1971	
362	1	0.28	0.28	0.2016	
363	1	0.31	0.31	0.2339	
364	1	0.37	0.37	0.2331	
365	1	0.38	0.38	0.2356	
366	1	0.33	0.33	0.2211	
367	1	0.35	0.35	0.2275	
368	1	0.34	0.34	0.2244	
369	1	0.38	0.38	0.2356	
370	1	0.33	0.33	0.2211	
371	1	0.33	0.33	0.2211	
372	1	0.36	0.36	0.2304	
373	1	0.34	0.34	0.2244	
374	1	0.29	0.29	0.2059	
375	1	0.3	0.3	0.21	
376	1	0.31	0.31	0.2139	
377	1	0.33	0.33	0.2211	
378	1	0.35	0.35	0.2275	
379	1	0.36	0.36	0.2704	
380	1	0.35	0.35	0.2475	
381	1	0.3	0.3	0.21	
382	1	0.34	0.34	0.2444	
383	1	0.39	0.39	0.2379	
384	1	0.45	0.45	0.2475	
385	1	0.4	0.4	0.24	
386	1	0.35	0.35	0.2275	
387	1	0.41	0.41	0.2619	
388	1	0.38	0.38	0.2756	
389	1	0.38	0.38	0.2356	
390	1	0.41	0.41	0.2419	
391	1	0.51	0.51	0.2699	
392	1	0.5	0.5	0.29	
393	1	0.45	0.45	0.3075	
394	1	0.53	0.53	0.2691	
395	1	0.47	0.47	0.2691	
396	1	0.49	0.49	0.3499	
397	1	0.47	0.47	0.3091	
398	1	0.47	0.47	0.2691	
399	1	0.52	0.52	0.3496	
400	1	0.5	0.5	0.31	
401	1	0.39	0.39	0.2379	
402	1	0.37	0.37	0.2331	
403	1	0.31	0.31	0.2139	
404	1	0.31	0.31	0.2139	
405	1	0.28	0.28	0.2016	
406	1	0.23	0.23	0.1771	
407	1	0.27	0.27	0.1971	
408	1	0.23	0.23	0.1771	
409	1	0.18	0.18	0.1476	
410	1	0.24	0.24	0.1824	
411	1	0.26	0.26	0.1924	
412	1	0.25	0.25	0.2275	
413	1	0.24	0.24	0.2224	
414	1	0.26	0.26	0.2324	
415	1	0.24	0.24	0.2224	
416	1	0.18	0.18	0.1476	
417	1	0.17	0.17	0.1411	
418	1	0.16	0.16	0.1344	
419	1	0.15	0.15	0.1275	
420	1	0.15	0.15	0.1275	
421	1	0.2	0.2	0.16	
422	1	0.22	0.22	0.1716	
423	1	0.24	0.24	0.1824	
424	1	0.22	0.22	0.1716	
425	1	0.19	0.19	0.1539	
426	1	0.21	0.21	0.1659	
427	1	0.15	0.15	0.1275	
428	1	0.16	0.16	0.1344	
429	1	0.16	0.16	0.1344	
430	1	0.1	0.1	0.09	
431	1	0.07	0.07	0.0651	
432	1	0.08	0.08	0.0736	
433	1	0.06	0.06	0.0564	
434	1	0.05	0.05	0.0475	
435	1	0.05	0.05	0.0475	
436	1	0.07	0.07	0.0651	
437	1	0.07	0.07	0.0651	
438	1	0.08	0.08	0.0736	
439	1	0.09	0.09	0.0819	
440	1	0.09	0.09	0.0819	
441	1	0.11	0.11	0.0979	
442	1	0.08	0.08	0.0736	
443	1	0.1	0.1	0.09	
444	1	0.15	0.15	0.1275	
445	1	0.23	0.23	0.1771	
446	1	0.27	0.27	0.1971	
447	1	0.3	0.3	0.21	
448	1	0.28	0.28	0.2016	
449	1	0.32	0.32	0.2576	
450	1	0.29	0.29	0.2059	
451	1	0.35	0.35	0.2275	
452	1	0.26	0.26	0.1924	
453	1	0.32	0.32	0.2176	
454	1	0.36	0.36	0.2304	
455	1	0.31	0.31	0.2139	
456	1	0.32	0.32	0.2176	
457	1	0.35	0.35	0.2275	
458	1	0.36	0.36	0.2304	
459	1	0.3	0.3	0.21	
460	1	0.3	0.3	0.21	
461	1	0.35	0.35	0.2275	
462	1	0.33	0.33	0.2211	
463	1	0.27	0.27	0.1971	
464	1	0.27	0.27	0.1971	
465	1	0.23	0.23	0.1771	
466	1	0.25	0.25	0.1875	
467	1	0.2	0.2	0.16	
468	1	0.23	0.23	0.1771	
469	1	0.31	0.31	0.2139	
470	1	0.43	0.43	0.2451	
471	1	0.41	0.41	0.2419	
472	1	0.47	0.47	0.2491	
473	1	0.43	0.43	0.2451	
474	1	0.46	0.46	0.2484	
475	1	0.4	0.4	0.24	
476	1	0.43	0.43	0.2451	
477	1	0.42	0.42	0.2836	
478	1	0.51	0.51	0.2499	
479	1	0.47	0.47	0.2491	
480	1	0.56	0.56	0.2664	
481	1	0.6	0.6	0.3	
482	1	0.54	0.54	0.2484	
483	1	0.46	0.46	0.2484	
484	1	0.46	0.46	0.2484	
485	1	0.41	0.41	0.2419	
486	1	0.42	0.42	0.2436	
487	1	0.51	0.51	0.2699	
488	1	0.54	0.54	0.2484	
489	1	0.51	0.51	0.2499	
490	1	0.48	0.48	0.2496	
491	1	0.48	0.48	0.2496	
492	1	0.51	0.51	0.2499	
493	1	0.54	0.54	0.2484	
494	1	0.55	0.55	0.2475	
495	1	0.53	0.53	0.2491	
496	1	0.55	0.55	0.2675	
497	1	0.56	0.56	0.2464	
498	1	0.62	0.62	0.2356	
499	1	0.63	0.63	0.2331	
500	1	0.62	0.62	0.2356	
501	1	0.63	0.63	0.2731	
502	1	0.62	0.62	0.2356	
503	1	0.59	0.59	0.2619	
504	1	0.55	0.55	0.3075	
505	1	0.54	0.54	0.3484	
506	1	0.56	0.56	0.3864	
507	1	0.58	0.58	0.3836	
508	1	0.66	0.66	0.3844	
509	1	0.68	0.68	0.3576	
510	1	0.72	0.72	0.2816	
511	1	0.75	0.75	0.3275	
512	1	0.78	0.78	0.2516	
513	1	0.78	0.78	0.2916	
514	1	0.79	0.79	0.2859	
515	1	0.8	0.8	0.26	
516	1	0.76	0.76	0.2624	
517	1	0.87	0.87	0.3131	
518	1	0.91	0.91	0.3419	
519	1	0.89	0.89	0.3779	
520	1	0.87	0.87	0.3331	
521	1	0.84	0.84	0.2944	
522	1	0.94	0.94	0.3364	
523	1	0.9	0.9	0.45	
524	1	0.85	0.85	0.5275	
525	1	0.87	0.87	0.5131	
526	1	0.79	0.79	0.5459	
527	1	0.83	0.83	0.5411	
528	1	0.87	0.87	0.5731	
529	1	0.9	0.9	0.55	
530	1	0.95	0.95	0.5275	
531	1	0.98	0.98	0.5396	
532	1	0.96	0.96	0.6384	
533	1	0.94	0.94	0.5964	
534	1	0.91	0.91	0.5619	
535	1	0.85	0.85	0.5875	
536	1	0.79	0.79	0.5859	
537	1	0.87	0.87	0.6131	
538	1	0.72	0.72	0.6416	
539	1	0.67	0.67	0.6411	
540	1	0.72	0.72	0.6416	
541	1	0.71	0.71	0.6659	
542	1	0.74	0.74	0.6524	
543	1	0.72	0.72	0.6416	
544	1	0.74	0.74	0.6724	
545	1	0.67	0.67	0.6411	
546	1	0.76	0.76	0.6024	
547	1	0.71	0.71	0.6259	
548	1	0.7	0.7	0.69	
549	1	0.64	0.64	0.7104	
550	1	0.61	0.61	0.6579	
551	1	0.59	0.59	0.6819	
552	1	0.49	0.49	0.6099	
553	1	0.31	0.31	0.4539	
554	1	0.36	0.36	0.4904	
555	1	0.27	0.27	0.3571	
556	1	0.36	0.36	0.4504	
557	1	0.26	0.26	0.3124	
558	1	0.37	0.37	0.4331	
559	1	0.31	0.31	0.3739	
560	1	0.3	0.3	0.37	
561	1	0.25	0.25	0.2675	
562	1	0.28	0.28	0.2816	
563	1	0.27	0.27	0.2971	
564	1	0.23	0.23	0.2571	
565	1	0.27	0.27	0.2771	
566	1	0.26	0.26	0.2124	
567	1	0.2	0.2	0.16	
568	1	0.2	0.2	0.16	
569	1	0.17	0.17	0.1411	
570	1	0.22	0.22	0.1716	
571	1	0.14	0.14	0.1204	
572	1	0.11	0.11	0.0979	
573	1	0.11	0.11	0.0979	
574	1	0.14	0.14	0.1204	
575	1	0.06	0.06	0.0564	
576	1	0.03	0.03	0.0291	
577	1	0.04	0.04	0.0384	
578	1	0.02	0.02	0.0196	
579	1	0.01	0.01	0.0099	
580	1	0.01	0.01	0.0099	
581	1	0.01	0.01	0.0099	
582	1	0.01	0.01	0.0099	
583	1	0.01	0.01	0.0099	
584	1	0.01	0.01	0.0099	
585	1	0.01	0.01	0.0099	
586	1	0.01	0.01	0.0099	
587	1	0.01	0.01	0.0099	
588	1	0.01	0.01	0.0099	
589	1	0.03	0.03	0.0291	
590	1	0.02	0.02	0.0196	
591	1	0.02	0.02	0.0196	
592	1	0.02	0.02	0.0196	
593	1	0.02	0.02	0.0196	
594	1	0.01	0.01	0.0099	
595	1	0.01	0.01	0.0099	
596	1	0.02	0.02	0.0196	
597	1	0.01	0.01	0.0099	
598	1	0.01	0.01	0.0099	
599	1	0.02	0.02	0.0196	
600	1	0.01	0.01	0.0099	
601	1	0.01	0.01	0.0099	
602	1	0.07	0.07	0.0651	
603	1	0.02	0.02	0.0196	
604	1	0.02	0.02	0.0196	
605	1	0.02	0.02	0.0196	
606	1	0.01	0.01	0.0099	
607	1	0.01	0.01	0.0099	
608	1	0.02	0.02	0.0196	
609	1	0.05	0.05	0.0475	
610	1	0.09	0.09	0.0819	
611	1	0.07	0.07	0.0651	
612	1	0.09	0.09	0.0819	
613	1	0.09	0.09	0.0819	
614	1	0.11	0.11	0.1179	
615	1	0.11	0.11	0.1179	
616	1	0.12	0.12	0.1056	
617	1	0.11	0.11	0.1179	
618	1	0.14	0.14	0.1604	
619	1	0.19	0.19	0.1939	
620	1	0.11	0.11	0.1379	
621	1	0.12	0.12	0.1256	
622	1	0.14	0.14	0.1204	
623	1	0.14	0.14	0.1404	
624	1	0.21	0.21	0.2059	
625	1	0.22	0.22	0.2116	
626	1	0.3	0.3	0.33	
627	1	0.29	0.29	0.3059	
628	1	0.32	0.32	0.3376	
629	1	0.19	0.19	0.2139	
630	1	0.28	0.28	0.4016	
631	1	0.33	0.33	0.4411	
632	1	0.34	0.34	0.3644	
633	1	0.36	0.36	0.3304	
634	1	0.34	0.34	0.2844	
635	1	0.32	0.32	0.3176	
636	1	0.19	0.19	0.2339	
637	1	0.19	0.19	0.2339	
638	1	0.16	0.16	0.1744	
639	1	0.17	0.17	0.1411	
640	1	0.17	0.17	0.1411	
641	1	0.14	0.14	0.1404	
642	1	0.16	0.16	0.1344	
643	1	0.14	0.14	0.1204	
644	1	0.11	0.11	0.0979	
645	1	0.11	0.11	0.0979	
646	1	0.11	0.11	0.0979	
647	1	0.1	0.1	0.09	
648	1	0.14	0.14	0.1204	
649	1	0.16	0.16	0.1344	
650	1	0.21	0.21	0.1659	
651	1	0.15	0.15	0.1275	
652	1	0.15	0.15	0.1275	
653	1	0.15	0.15	0.1275	
654	1	0.17	0.17	0.1411	
655	1	0.11	0.11	0.0979	
656	1	0.15	0.15	0.1275	
657	1	0.1	0.1	0.09	
658	1	0.09	0.09	0.0819	
659	1	0.11	0.11	0.0979	
660	1	0.14	0.14	0.1204	
661	1	0.17	0.17	0.1411	
662	1	0.17	0.17	0.1411	
663	1	0.17	0.17	0.1411	
664	1	0.18	0.18	0.1876	
665	1	0.23	0.23	0.2171	
666	1	0.2	0.2	0.2	
667	1	0.27	0.27	0.2171	
668	1	0.24	0.24	0.1824	
669	1	0.25	0.25	0.1875	
670	1	0.24	0.24	0.1824	
671	1	0.29	0.29	0.2059	
672	1	0.34	0.34	0.2244	
673	1	0.3	0.3	0.21	
674	1	0.34	0.34	0.2244	
675	1	0.36	0.36	0.2704	
676	1	0.43	0.43	0.2651	
677	1	0.38	0.38	0.2356	
678	1	0.31	0.31	0.2139	
679	1	0.32	0.32	0.2176	
680	1	0.26	0.26	0.1924	
681	1	0.23	0.23	0.1971	
682	1	0.18	0.18	0.1676	
683	1	0.17	0.17	0.1811	
684	1	0.16	0.16	0.1544	
685	1	0.14	0.14	0.1204	
686	1	0.11	0.11	0.0979	
687	1	0.13	0.13	0.1131	
688	1	0.13	0.13	0.1131	
689	1	0.12	0.12	0.1056	
690	1	0.13	0.13	0.1131	
691	1	0.15	0.15	0.1475	
692	1	0.16	0.16	0.1544	
693	1	0.18	0.18	0.2076	
694	1	0.23	0.23	0.3171	
695	1	0.3	0.3	0.45	
696	1	0.36	0.36	0.5504	
697	1	0.35	0.35	0.5275	
698	1	0.47	0.47	0.7491	
699	1	0.45	0.45	0.7275	
700	1	0.49	0.49	0.7899	
701	1	0.48	0.48	0.7496	
702	1	0.51	0.51	0.6499	
703	1	0.45	0.45	0.5875	
704	1	0.41	0.41	0.6019	
705	1	0.61	0.61	0.8179	
706	1	0.57	0.57	0.7851	
707	1	0.5	0.5	0.71	
708	1	0.39	0.39	0.5979	
709	1	0.4	0.4	0.58	
710	1	0.32	0.32	0.4776	
711	1	0.35	0.35	0.5075	
712	1	0.32	0.32	0.4976	
713	1	0.33	0.33	0.5211	
714	1	0.38	0.38	0.5956	
715	1	0.29	0.29	0.4059	
716	1	0.33	0.33	0.4011	
717	1	0.25	0.25	0.2875	
718	1	0.23	0.23	0.2771	
719	1	0.26	0.26	0.2724	
720	1	0.29	0.29	0.3059	
721	1	0.39	0.39	0.4379	
722	1	0.36	0.36	0.3704	
723	1	0.38	0.38	0.3956	
724	1	0.36	0.36	0.4104	
725	1	0.44	0.44	0.4664	
726	1	0.47	0.47	0.5091	
727	1	0.51	0.51	0.5499	
728	1	0.52	0.52	0.5496	
729	1	0.45	0.45	0.4475	
730	1	0.49	0.49	0.4299	
731	1	0.42	0.42	0.3836	
732	1	0.35	0.35	0.2875	
733	1	0.37	0.37	0.3331	
734	1	0.35	0.35	0.3475	
735	1	0.24	0.24	0.2224	
736	1	0.23	0.23	0.2171	
737	1	0.23	0.23	0.2171	
738	1	0.2	0.2	0.16	
739	1	0.22	0.22	0.1716	
740	1	0.2	0.2	0.16	
741	1	0.23	0.23	0.1771	
742	1	0.14	0.14	0.1204	
743	1	0.21	0.21	0.2459	
744	1	0.14	0.14	0.1204	
745	1	0.2	0.2	0.16	
746	1	0.26	0.26	0.1924	
747	1	0.29	0.29	0.2259	
748	1	0.26	0.26	0.1924	
749	1	0.23	0.23	0.1771	
750	1	0.22	0.22	0.1716	
751	1	0.27	0.27	0.1971	
752	1	0.25	0.25	0.1875	
753	1	0.21	0.21	0.1659	
754	1	0.18	0.18	0.1476	
755	1	0.15	0.15	0.1275	
756	1	0.1	0.1	0.09	
757	1	0.11	0.11	0.1179	
758	1	0.08	0.08	0.0936	
759	1	0.08	0.08	0.0936	
760	1	0.14	0.14	0.1804	
761	1	0.19	0.19	0.2339	
762	1	0.14	0.14	0.1404	
763	1	0.1	0.1	0.09	
764	1	0.14	0.14	0.1204	
765	1	0.1	0.1	0.09	
766	1	0.12	0.12	0.1056	
767	1	0.09	0.09	0.0819	
768	1	0.1	0.1	0.09	
769	1	0.1	0.1	0.09	
770	1	0.13	0.13	0.1131	
771	1	0.19	0.19	0.1539	
772	1	0.15	0.15	0.1275	
773	1	0.09	0.09	0.0819	
774	1	0.16	0.16	0.1344	
775	1	0.18	0.18	0.1476	
776	1	0.17	0.17	0.1411	
777	1	0.12	0.12	0.1056	
778	1	0.13	0.13	0.1131	
779	1	0.12	0.12	0.1056	
780	1	0.14	0.14	0.1204	
781	1	0.14	0.14	0.1204	
782	1	0.18	0.18	0.1476	
783	1	0.13	0.13	0.1331	
784	1	0.18	0.18	0.1676	
785	1	0.18	0.18	0.1676	
786	1	0.11	0.11	0.0979	
787	1	0.12	0.12	0.1256	
788	1	0.16	0.16	0.1544	
789	1	0.17	0.17	0.1411	
790	1	0.15	0.15	0.1275	
791	1	0.16	0.16	0.1344	
792	1	0.13	0.13	0.1131	
793	1	0.18	0.18	0.1476	
794	1	0.21	0.21	0.1659	
795	1	0.21	0.21	0.1659	
796	1	0.26	0.26	0.1924	
797	1	0.27	0.27	0.1971	
798	1	0.34	0.34	0.2444	
799	1	0.32	0.32	0.2176	
800	1	0.35	0.35	0.2275	
801	1	0.3	0.3	0.23	
802	1	0.25	0.25	0.2075	
803	1	0.17	0.17	0.1411	
804	1	0.22	0.22	0.1716	
805	1	0.26	0.26	0.1924	
806	1	0.31	0.31	0.2339	
807	1	0.32	0.32	0.2376	
808	1	0.28	0.28	0.2616	
809	1	0.28	0.28	0.3016	
810	1	0.34	0.34	0.3844	
811	1	0.35	0.35	0.3675	
812	1	0.28	0.28	0.2416	
813	1	0.33	0.33	0.3611	
814	1	0.27	0.27	0.2771	
815	1	0.26	0.26	0.2524	
816	1	0.23	0.23	0.1771	
817	1	0.16	0.16	0.1544	
818	1	0.18	0.18	0.1476	
819	1	0.17	0.17	0.1411	
820	1	0.17	0.17	0.1411	
821	1	0.12	0.12	0.1056	
822	1	0.08	0.08	0.0736	
823	1	0.07	0.07	0.0651	
824	1	0.05	0.05	0.0475	
825	1	0.05	0.05	0.0475	
826	1	0.08	0.08	0.0736	
827	1	0.09	0.09	0.0819	
828	1	0.05	0.05	0.0475	
829	1	0.06	0.06	0.0564	
830	1	0.09	0.09	0.0819	
831	1	0.07	0.07	0.0651	
832	1	0.1	0.1	0.09	
833	1	0.13	0.13	0.1131	
834	1	0.11	0.11	0.0979	
835	1	0.07	0.07	0.0651	
836	1	0.11	0.11	0.0979	
837	1	0.17	0.17	0.1411	
838	1	0.15	0.15	0.1275	
839	1	0.1	0.1	0.09	
840	1	0.13	0.13	0.1131	
841	1	0.07	0.07	0.0651	
842	1	0.01	0.01	0.0099	
843	1	0.05	0.05	0.0475	
844	1	0.02	0.02	0.0196	
845	1	0.04	0.04	0.0384	
846	1	0.06	0.06	0.0564	
847	1	0.07	0.07	0.0651	
848	1	0.15	0.15	0.1475	
849	1	0.11	0.11	0.0979	
850	1	0.13	0.13	0.1131	
851	1	0.12	0.12	0.1056	
852	1	0.12	0.12	0.1056	
853	1	0.19	0.19	0.1939	
854	1	0.13	0.13	0.1931	
855	1	0.14	0.14	0.1804	
856	1	0.18	0.18	0.1476	
857	1	0.2	0.2	0.16	
858	1	0.25	0.25	0.1875	
859	1	0.24	0.24	0.1824	
860	1	0.21	0.21	0.1659	
861	1	0.22	0.22	0.1716	
862	1	0.23	0.23	0.1771	
863	1	0.27	0.27	0.2971	
864	1	0.25	0.25	0.2475	
865	1	0.26	0.26	0.2724	
866	1	0.27	0.27	0.2571	
867	1	0.16	0.16	0.1344	
868	1	0.15	0.15	0.1275	
869	1	0.16	0.16	0.1344	
870	1	0.19	0.19	0.1539	
871	1	0.15	0.15	0.1275	
872	1	0.1	0.1	0.09	
873	1	0.09	0.09	0.0819	
874	1	0.1	0.1	0.09	
875	1	0.06	0.06	0.0564	
876	1	0.05	0.05	0.0475	
877	1	0.06	0.06	0.0564	
878	1	0.06	0.06	0.0564	
879	1	0.05	0.05	0.0675	
880	1	0.06	0.06	0.0964	
881	1	0.07	0.07	0.1251	
882	1	0.07	0.07	0.1251	
883	1	0.1	0.1	0.13	
884	1	0.11	0.11	0.1379	
885	1	0.09	0.09	0.1419	
886	1	0.08	0.08	0.0936	
887	1	0.08	0.08	0.1136	
888	1	0.06	0.06	0.0564	
889	1	0.06	0.06	0.0564	
890	1	0.07	0.07	0.0651	
891	1	0.14	0.14	0.1204	
892	1	0.12	0.12	0.1056	
893	1	0.15	0.15	0.1275	
894	1	0.16	0.16	0.1344	
895	1	0.2	0.2	0.16	
896	1	0.24	0.24	0.1824	
897	1	0.28	0.28	0.2016	
898	1	0.29	0.29	0.2259	
899	1	0.25	0.25	0.1875	
900	1	0.3	0.3	0.23	
901	1	0.26	0.26	0.2124	
902	1	0.26	0.26	0.2124	
903	1	0.25	0.25	0.2075	
904	1	0.24	0.24	0.1824	
905	1	0.3	0.3	0.21	
906	1	0.3	0.3	0.21	
907	1	0.25	0.25	0.1875	
908	1	0.23	0.23	0.1771	
909	1	0.2	0.2	0.16	
910	1	0.25	0.25	0.1875	
911	1	0.24	0.24	0.1824	
912	1	0.21	0.21	0.1659	
913	1	0.19	0.19	0.1539	
914	1	0.18	0.18	0.1476	
915	1	0.17	0.17	0.1411	
916	1	0.22	0.22	0.1716	
917	1	0.21	0.21	0.1859	
918	1	0.25	0.25	0.2075	
919	1	0.22	0.22	0.1716	
920	1	0.17	0.17	0.1411	
921	1	0.18	0.18	0.1476	
922	1	0.2	0.2	0.16	
923	1	0.18	0.18	0.1476	
924	1	0.19	0.19	0.1539	
925	1	0.19	0.19	0.1539	
926	1	0.12	0.12	0.1056	
927	1	0.07	0.07	0.0651	
928	1	0.04	0.04	0.0384	
929	1	0.07	0.07	0.0651	
930	1	0.08	0.08	0.0736	
931	1	0.14	0.14	0.1204	
932	1	0.07	0.07	0.0651	
933	1	0.09	0.09	0.0819	
934	1	0.13	0.13	0.1131	
935	1	0.25	0.25	0.1875	
936	1	0.27	0.27	0.1971	
937	1	0.21	0.21	0.1659	
938	1	0.19	0.19	0.1539	
939	1	0.14	0.14	0.1204	
940	1	0.09	0.09	0.0819	
941	1	0.02	0.02	0.0196	
942	1	0.01	0.01	0.0099	
943	1	0.01	0.01	0.0099	
944	1	0.01	0.01	0.0099	
945	1	0.01	0.01	0.0099	
946	1	0.01	0.01	0.0099	
947	1	0.01	0.01	0.0099	
948	1	0.01	0.01	0.0099	
949	1	0.02	0.02	0.0196	
950	1	0.02	0.02	0.0196	
951	1	0.02	0.02	0.0196	
952	1	0.01	0.01	0.0099	
953	1	0.01	0.01	0.0099	
954	1	0.02	0.02	0.0196	
955	1	0.05	0.05	0.0475	
956	1	0.05	0.05	0.0475	
957	1	0.09	0.09	0.0819	
958	1	0.11	0.11	0.0979	
959	1	0.16	0.16	0.1344	
960	1	0.09	0.09	0.0819	
961	1	0.1	0.1	0.09	
962	1	0.14	0.14	0.1204	
963	1	0.13	0.13	0.1131	
964	1	0.16	0.16	0.1344	
965	1	0.1	0.1	0.09	
966	1	0.16	0.16	0.1744	
967	1	0.15	0.15	0.1875	
968	1	0.11	0.11	0.1379	
969	1	0.11	0.11	0.1379	
970	1	0.1	0.1	0.11	
971	1	0.11	0.11	0.1179	
972	1	0.1	0.1	0.09	
973	1	0.06	0.06	0.0564	
974	1	0.06	0.06	0.0564	
975	1	0.07	0.07	0.0651	
976	1	0.08	0.08	0.0736	
977	1	0.06	0.06	0.0564	
978	1	0.07	0.07	0.0651	
979	1	0.09	0.09	0.0819	
980	1	0.15	0.15	0.1275	
981	1	0.18	0.18	0.1676	
982	1	0.2	0.2	0.18	
983	1	0.17	0.17	0.1611	
984	1	0.19	0.19	0.1939	
985	1	0.26	0.26	0.2924	
986	1	0.23	0.23	0.2771	
987	1	0.25	0.25	0.3075	
988	1	0.22	0.22	0.2916	
989	1	0.25	0.25	0.3275	
990	1	0.17	0.17	0.1811	
991	1	0.2	0.2	0.22	
992	1	0.22	0.22	0.2516	
993	1	0.24	0.24	0.2624	
994	1	0.29	0.29	0.3059	
995	1	0.41	0.41	0.4019	
996	1	0.54	0.54	0.5084	
997	1	0.64	0.64	0.5504	
998	1	0.61	0.61	0.4579	
999	1	0.63	0.63	0.4531	
1000	1	0.74	0.74	0.5124	
1001	1	0.73	0.73	0.6371	
1002	1	0.75	0.75	0.7075	
1003	1	0.8	0.8	0.66	
1004	1	0.81	0.81	0.6339	
1005	1	0.8	0.8	0.66	
1006	1	0.78	0.78	0.5716	
1007	1	0.73	0.73	0.5371	
1008	1	0.74	0.74	0.5324	
1009	1	0.78	0.78	0.4316	
1010	1	0.76	0.76	0.4424	
1011	1	0.75	0.75	0.4475	
1012	1	0.8	0.8	0.46	
1013	1	0.82	0.82	0.4076	
1014	1	0.84	0.84	0.4344	
1015	1	0.85	0.85	0.4075	
1016	1	0.8	0.8	0.4	
1017	1	0.74	0.74	0.4324	
1018	1	0.72	0.72	0.4216	
1019	1	0.77	0.77	0.3971	
1020	1	0.68	0.68	0.3776	
1021	1	0.63	0.63	0.4131	
1022	1	0.61	0.61	0.4379	
1023	1	0.63	0.63	0.4331	
1024	1	0.73	0.73	0.4371	
1025	1	0.91	0.91	0.4619	
1026	1	0.86	0.86	0.4804	
1027	1	0.88	0.88	0.5256	
1028	1	0.89	0.89	0.5179	
1029	1	0.84	0.84	0.4744	
1030	1	0.85	0.85	0.5275	
1031	1	0.82	0.82	0.5076	
1032	1	0.76	0.76	0.4624	
1033	1	0.77	0.77	0.5371	
1034	1	0.61	0.61	0.4579	
1035	1	0.61	0.61	0.5379	
1036	1	0.72	0.72	0.5416	
1037	1	0.76	0.76	0.6624	
1038	1	0.72	0.72	0.5616	
1039	1	0.81	0.81	0.5739	
1040	1	0.82	0.82	0.6676	
1041	1	0.72	0.72	0.6416	
1042	1	0.78	0.78	0.7316	
1043	1	0.77	0.77	0.7171	
1044	1	0.62	0.62	0.6756	
1045	1	0.7	0.7	0.75	
1046	1	0.76	0.76	0.7624	
1047	1	0.76	0.76	0.6424	
1048	1	0.76	0.76	0.6824	
1049	1	0.68	0.68	0.6576	
1050	1	0.76	0.76	0.7024	
1051	1	0.74	0.74	0.5724	
1052	1	0.7	0.7	0.57	
1053	1	0.67	0.67	0.5611	
1054	1	0.66	0.66	0.5844	
1055	1	0.64	0.64	0.6704	
1056	1	0.58	0.58	0.6236	
1057	1	0.59	0.59	0.6019	
1058	1	0.66	0.66	0.6444	
1059	1	0.65	0.65	0.7075	
1060	1	0.65	0.65	0.6675	
1061	1	0.6	0.6	0.7	
1062	1	0.48	0.48	0.5896	
1063	1	0.23	0.23	0.2971	
1064	1	0.27	0.27	0.3171	
1065	1	0.21	0.21	0.2659	
1066	1	0.28	0.28	0.3616	
1067	1	0.25	0.25	0.2875	
1068	1	0.26	0.26	0.2524	
1069	1	0.26	0.26	0.2124	
1070	1	0.18	0.18	0.1876	
1071	1	0.19	0.19	0.1539	
1072	1	0.22	0.22	0.1716	
1073	1	0.3	0.3	0.21	
1074	1	0.31	0.31	0.2139	
1075	1	0.27	0.27	0.1971	
1076	1	0.21	0.21	0.1659	
1077	1	0.38	0.38	0.2556	
1078	1	0.36	0.36	0.2304	
1079	1	0.37	0.37	0.2331	
1080	1	0.37	0.37	0.2331	
1081	1	0.34	0.34	0.2244	
1082	1	0.38	0.38	0.2556	
1083	1	0.39	0.39	0.2579	
1084	1	0.41	0.41	0.3219	
1085	1	0.42	0.42	0.3436	
1086	1	0.33	0.33	0.2411	
1087	1	0.2	0.2	0.16	
1088	1	0.3	0.3	0.23	
1089	1	0.32	0.32	0.2376	
1090	1	0.26	0.26	0.1924	
1091	1	0.29	0.29	0.2059	
1092	1	0.35	0.35	0.2275	
1093	1	0.32	0.32	0.2176	
1094	1	0.28	0.28	0.2016	
1095	1	0.26	0.26	0.1924	
1096	1	0.22	0.22	0.1716	
1097	1	0.16	0.16	0.1344	
1098	1	0.15	0.15	0.1275	
1099	1	0.14	0.14	0.1204	
1100	1	0.18	0.18	0.1476	
1101	1	0.21	0.21	0.1659	
1102	1	0.29	0.29	0.2059	
1103	1	0.29	0.29	0.2059	
1104	1	0.31	0.31	0.2139	
1105	1	0.24	0.24	0.1824	
1106	1	0.2	0.2	0.18	
1107	1	0.14	0.14	0.1204	
1108	1	0.11	0.11	0.0979	
1109	1	0.06	0.06	0.0564	
1110	1	0.08	0.08	0.0736	
1111	1	0.07	0.07	0.0651	
1112	1	0.05	0.05	0.0475	
1113	1	0.02	0.02	0.0196	
1114	1	0.04	0.04	0.0384	
1115	1	0.03	0.03	0.0291	
1116	1	0.01	0.01	0.0099	
1117	1	0.01	0.01	0.0099	
1118	1	0.01	0.01	0.0099	
1119	1	0.01	0.01	0.0099	
1120	1	0.02	0.02	0.0196	
1121	1	0.06	0.06	0.0564	
1122	1	0.04	0.04	0.0384	
1123	1	0.02	0.02	0.0196	
1124	1	0.02	0.02	0.0196	
1125	1	0.01	0.01	0.0099	
1126	1	0.02	0.02	0.0196	
1127	1	0.01	0.01	0.0099	
1128	1	0.04	0.04	0.0384	
1129	1	0.04	0.04	0.0384	
1130	1	0.05	0.05	0.0475	
1131	1	0.06	0.06	0.0564	
1132	1	0.05	0.05	0.0475	
1133	1	0.01	0.01	0.0099	
1134	1	0.01	0.01	0.0099	
1135	1	0.01	0.01	0.0099	
1136	1	0.01	0.01	0.0099	
1137	1	0.01	0.01	0.0099	
1138	1	0.01	0.01	0.0099	
1139	1	0.03	0.03	0.0291	
1140	1	0.02	0.02	0.0196	
1141	1	0.01	0.01	0.0099	
1142	1	0.01	0.01	0.0099	
1143	1	0.04	0.04	0.0384	
1144	1	0.03	0.03	0.0291	
1145	1	0.06	0.06	0.0564	
1146	1	0.07	0.07	0.0851	
1147	1	0.06	0.06	0.0564	
1148	1	0.05	0.05	0.0475	
1149	1	0.1	0.1	0.09	
1150	1	0.06	0.06	0.0564	
1151	1	0.08	0.08	0.0736	
1152	1	0.05	0.05	0.0475	
1153	1	0.01	0.01	0.0099	
1154	1	0.01	0.01	0.0099	
1155	1	0.02	0.02	0.0196	
1156	1	0.01	0.01	0.0099	
1157	1	0.01	0.01	0.0099	
1158	1	0.02	0.02	0.0196	
1159	1	0.04	0.04	0.0384	
1160	1	0.05	0.05	0.0475	
1161	1	0.08	0.08	0.0736	
1162	1	0.04	0.04	0.0384	
1163	1	0.01	0.01	0.0099	
1164	1	0.03	0.03	0.0291	
1165	1	0.01	0.01	0.0099	
1166	1	0.02	0.02	0.0196	
1167	1	0.02	0.02	0.0196	
1168	1	0.08	0.08	0.0736	
1169	1	0.07	0.07	0.0651	
1170	1	0.09	0.09	0.0819	
1171	1	0.08	0.08	0.0736	
1172	1	0.08	0.08	0.0736	
1173	1	0.04	0.04	0.0384	
1174	1	0.04	0.04	0.0384	
1175	1	0.04	0.04	0.0384	
1176	1	0.03	0.03	0.0291	
1177	1	0.07	0.07	0.0651	
1178	1	0.15	0.15	0.1275	
1179	1	0.12	0.12	0.1056	
1180	1	0.12	0.12	0.1056	
1181	1	0.18	0.18	0.1476	
1182	1	0.22	0.22	0.1716	
1183	1	0.23	0.23	0.2371	
1184	1	0.12	0.12	0.1456	
1185	1	0.1	0.1	0.11	
1186	1	0.17	0.17	0.2011	
1187	1	0.21	0.21	0.2259	
1188	1	0.16	0.16	0.1344	
1189	1	0.15	0.15	0.1275	
1190	1	0.12	0.12	0.1056	
1191	1	0.19	0.19	0.1539	
1192	1	0.1	0.1	0.09	
1193	1	0.1	0.1	0.09	
1194	1	0.12	0.12	0.1056	
1195	1	0.08	0.08	0.0736	
1196	1	0.14	0.14	0.1204	
1197	1	0.22	0.22	0.1716	
1198	1	0.21	0.21	0.1659	
1199	1	0.23	0.23	0.1771	
1200	1	0.24	0.24	0.2024	
1201	1	0.31	0.31	0.2739	
1202	1	0.29	0.29	0.2259	
1203	1	0.26	0.26	0.1924	
1204	1	0.26	0.26	0.1924	
1205	1	0.26	0.26	0.1924	
1206	1	0.31	0.31	0.2739	
1207	1	0.27	0.27	0.2571	
1208	1	0.26	0.26	0.2324	
1209	1	0.31	0.31	0.3139	
1210	1	0.25	0.25	0.2275	
1211	1	0.25	0.25	0.2075	
1212	1	0.2	0.2	0.16	
1213	1	0.2	0.2	0.18	
1214	1	0.15	0.15	0.1275	
1215	1	0.09	0.09	0.0819	
1216	1	0.07	0.07	0.0651	
1217	1	0.03	0.03	0.0291	
1218	1	0.02	0.02	0.0196	
1219	1	0.01	0.01	0.0099	
1220	1	0.06	0.06	0.0764	
1221	1	0.05	0.05	0.0675	
1222	1	0.06	0.06	0.0564	
1223	1	0.02	0.02	0.0196	
1224	1	0.04	0.04	0.0384	
1225	1	0.06	0.06	0.0564	
1226	1	0.08	0.08	0.0736	
1227	1	0.15	0.15	0.1275	
1228	1	0.06	0.06	0.0564	
1229	1	0.09	0.09	0.0819	
1230	1	0.08	0.08	0.0736	
1231	1	0.1	0.1	0.09	
1232	1	0.18	0.18	0.1476	
1233	1	0.21	0.21	0.1659	
1234	1	0.14	0.14	0.1204	
1235	1	0.13	0.13	0.1131	
1236	1	0.1	0.1	0.11	
1237	1	0.1	0.1	0.13	
1238	1	0.15	0.15	0.2075	
1239	1	0.17	0.17	0.2611	
1240	1	0.13	0.13	0.1931	
1241	1	0.09	0.09	0.1419	
1242	1	0.16	0.16	0.2544	
1243	1	0.18	0.18	0.2676	
1244	1	0.24	0.24	0.3024	
1245	1	0.18	0.18	0.1876	
1246	1	0.12	0.12	0.1456	
1247	1	0.13	0.13	0.1531	
1248	1	0.2	0.2	0.16	
1249	1	0.23	0.23	0.1971	
1250	1	0.25	0.25	0.1875	
1251	1	0.28	0.28	0.2016	
1252	1	0.26	0.26	0.1924	
1253	1	0.24	0.24	0.1824	
1254	1	0.25	0.25	0.1875	
1255	1	0.33	0.33	0.2211	
1256	1	0.36	0.36	0.2304	
1257	1	0.37	0.37	0.2331	
1258	1	0.41	0.41	0.2819	
1259	1	0.41	0.41	0.2619	
1260	1	0.45	0.45	0.2475	
1261	1	0.41	0.41	0.2419	
1262	1	0.42	0.42	0.2436	
1263	1	0.44	0.44	0.2464	
1264	1	0.47	0.47	0.2491	
1265	1	0.43	0.43	0.2651	
1266	1	0.42	0.42	0.3036	
1267	1	0.35	0.35	0.2475	
1268	1	0.37	0.37	0.2731	
1269	1	0.33	0.33	0.2611	
1270	1	0.4	0.4	0.32	
1271	1	0.42	0.42	0.3436	
1272	1	0.4	0.4	0.34	
1273	1	0.36	0.36	0.3504	
1274	1	0.39	0.39	0.3779	
1275	1	0.43	0.43	0.4451	
1276	1	0.44	0.44	0.4464	
1277	1	0.52	0.52	0.5496	
1278	1	0.51	0.51	0.4899	
1279	1	0.46	0.46	0.4084	
1280	1	0.36	0.36	0.3304	
1281	1	0.32	0.32	0.3176	
1282	1	0.36	0.36	0.2704	
1283	1	0.38	0.38	0.3156	
1284	1	0.42	0.42	0.3836	
1285	1	0.38	0.38	0.2556	
1286	1	0.36	0.36	0.2904	
1287	1	0.24	0.24	0.1824	
1288	1	0.3	0.3	0.21	
1289	1	0.31	0.31	0.2139	
1290	1	0.29	0.29	0.2059	
1291	1	0.24	0.24	0.2024	
1292	1	0.29	0.29	0.2059	
1293	1	0.3	0.3	0.21	
1294	1	0.3	0.3	0.21	
1295	1	0.2	0.2	0.16	
1296	1	0.11	0.11	0.0979	
1297	1	0.07	0.07	0.0651	
1298	1	0.05	0.05	0.0475	
1299	1	0.08	0.08	0.0736	
1300	1	0.14	0.14	0.1204	
1301	1	0.1	0.1	0.09	
1302	1	0.05	0.05	0.0475	
1303	1	0.04	0.04	0.0384	
1304	1	0.07	0.07	0.0651	
1305	1	0.06	0.06	0.0564	
1306	1	0.04	0.04	0.0384	
1307	1	0.04	0.04	0.0384	
1308	1	0.08	0.08	0.0936	
1309	1	0.04	0.04	0.0384	
1310	1	0.06	0.06	0.0564	
1311	1	0.17	0.17	0.1411	
1312	1	0.16	0.16	0.1344	
1313	1	0.14	0.14	0.1204	
1314	1	0.12	0.12	0.1056	
1315	1	0.03	0.03	0.0291	
1316	1	0.04	0.04	0.0384	
1317	1	0.05	0.05	0.0475	
1318	1	0.01	0.01	0.0099	
1319	1	0.03	0.03	0.0291	
1320	1	0.11	0.11	0.0979	
1321	1	0.13	0.13	0.1131	
1322	1	0.13	0.13	0.1131	
1323	1	0.21	0.21	0.1859	
1324	1	0.12	0.12	0.1256	
1325	1	0.12	0.12	0.1256	
1326	1	0.08	0.08	0.0936	
1327	1	0.11	0.11	0.1379	
1328	1	0.12	0.12	0.1456	
1329	1	0.11	0.11	0.1379	
1330	1	0.16	0.16	0.1944	
1331	1	0.05	0.05	0.0475	
1332	1	0.12	0.12	0.1056	
1333	1	0.1	0.1	0.09	
1334	1	0.09	0.09	0.0819	
1335	1	0.17	0.17	0.1611	
1336	1	0.17	0.17	0.1811	
1337	1	0.2	0.2	0.22	
1338	1	0.23	0.23	0.2971	
1339	1	0.22	0.22	0.3116	
1340	1	0.23	0.23	0.3771	
1341	1	0.18	0.18	0.3276	
1342	1	0.22	0.22	0.3716	
1343	1	0.25	0.25	0.4075	
1344	1	0.18	0.18	0.3276	
1345	1	0.15	0.15	0.2475	
1346	1	0.07	0.07	0.1251	
1347	1	0.05	0.05	0.0675	
1348	1	0.1	0.1	0.09	
1349	1	0.05	0.05	0.0475	
1350	1	0.12	0.12	0.1056	
1351	1	0.15	0.15	0.1275	
1352	1	0.12	0.12	0.1056	
1353	1	0.12	0.12	0.1056	
1354	1	0.14	0.14	0.1204	
1355	1	0.08	0.08	0.0736	
1356	1	0.07	0.07	0.0651	
1357	1	0.07	0.07	0.0651	
1358	1	0.08	0.08	0.0736	
1359	1	0.1	0.1	0.09	
1360	1	0.11	0.11	0.0979	
1361	1	0.1	0.1	0.09	
1362	1	0.14	0.14	0.1204	
1363	1	0.21	0.21	0.1659	
1364	1	0.19	0.19	0.1539	
1365	1	0.21	0.21	0.1659	
1366	1	0.15	0.15	0.1275	
1367	1	0.18	0.18	0.1476	
1368	1	0.18	0.18	0.1476	
1369	1	0.19	0.19	0.1539	
1370	1	0.16	0.16	0.1344	
1371	1	0.22	0.22	0.1716	
1372	1	0.25	0.25	0.1875	
1373	1	0.29	0.29	0.2059	
1374	1	0.3	0.3	0.23	
1375	1	0.33	0.33	0.2811	
1376	1	0.31	0.31	0.2539	
1377	1	0.31	0.31	0.2339	
1378	1	0.28	0.28	0.2016	
1379	1	0.25	0.25	0.1875	
1380	1	0.2	0.2	0.16	
1381	1	0.22	0.22	0.1716	
1382	1	0.16	0.16	0.1344	
1383	1	0.15	0.15	0.1275	
1384	1	0.14	0.14	0.1204	
1385	1	0.16	0.16	0.1344	
1386	1	0.18	0.18	0.1676	
1387	1	0.17	0.17	0.1411	
1388	1	0.24	0.24	0.1824	
1389	1	0.19	0.19	0.1539	
1390	1	0.2	0.2	0.16	
1391	1	0.16	0.16	0.1344	
1392	1	0.21	0.21	0.1659	
1393	1	0.19	0.19	0.1539	
1394	1	0.21	0.21	0.1859	
1395	1	0.21	0.21	0.1659	
1396	1	0.24	0.24	0.1824	
1397	1	0.2	0.2	0.16	
1398	1	0.19	0.19	0.1539	
1399	1	0.22	0.22	0.1716	
1400	1	0.27	0.27	0.2571	
1401	1	0.22	0.22	0.1916	
1402	1	0.18	0.18	0.1476	
1403	1	0.2	0.2	0.16	
1404	1	0.18	0.18	0.1476	
1405	1	0.24	0.24	0.1824	
1406	1	0.22	0.22	0.1716	
1407	1	0.26	0.26	0.1924	
1408	1	0.28	0.28	0.2416	
1409	1	0.28	0.28	0.2216	
1410	1	0.4	0.4	0.24	
1411	1	0.45	0.45	0.2875	
1412	1	0.42	0.42	0.2436	
1413	1	0.38	0.38	0.2356	
1414	1	0.4	0.4	0.26	
1415	1	0.34	0.34	0.2644	
1416	1	0.28	0.28	0.2416	
1417	1	0.31	0.31	0.2739	
1418	1	0.19	0.19	0.1539	
1419	1	0.27	0.27	0.1971	
1420	1	0.17	0.17	0.1411	
1421	1	0.2	0.2	0.16	
1422	1	0.18	0.18	0.1476	
1423	1	0.21	0.21	0.1659	
1424	1	0.24	0.24	0.2024	
1425	1	0.21	0.21	0.1659	
1426	1	0.21	0.21	0.1659	
1427	1	0.14	0.14	0.1204	
1428	1	0.13	0.13	0.1131	
1429	1	0.12	0.12	0.1056	
1430	1	0.13	0.13	0.1531	
1431	1	0.12	0.12	0.1256	
1432	1	0.22	0.22	0.2716	
1433	1	0.2	0.2	0.24	
1434	1	0.23	0.23	0.2171	
1435	1	0.22	0.22	0.1916	
1436	1	0.18	0.18	0.1476	
1437	1	0.21	0.21	0.1659	
1438	1	0.23	0.23	0.2171	
1439	1	0.19	0.19	0.2339	
1440	1	0.22	0.22	0.3116	
1441	1	0.09	0.09	0.1619	
1442	1	0.03	0.03	0.0291	
1443	1	0.05	0.05	0.0475	
1444	1	0.03	0.03	0.0291	
1445	1	0.06	0.06	0.0564	
1446	1	0.06	0.06	0.0564	
1447	1	0.07	0.07	0.0651	
1448	1	0.04	0.04	0.0384	
1449	1	0.07	0.07	0.0651	
1450	1	0.1	0.1	0.09	
1451	1	0.1	0.1	0.09	
1452	1	0.1	0.1	0.09	
1453	1	0.09	0.09	0.0819	
1454	1	0.06	0.06	0.0564	
1455	1	0.07	0.07	0.0651	
1456	1	0.11	0.11	0.1179	
1457	1	0.18	0.18	0.1876	
1458	1	0.14	0.14	0.1404	
1459	1	0.13	0.13	0.1131	
1460	1	0.17	0.17	0.1411	
1461	1	0.18	0.18	0.1476	
1462	1	0.16	0.16	0.1344	
1463	1	0.22	0.22	0.1716	
1464	1	0.28	0.28	0.2016	
1465	1	0.24	0.24	0.1824	
1466	1	0.28	0.28	0.2016	
1467	1	0.35	0.35	0.2675	
1468	1	0.32	0.32	0.2376	
1469	1	0.32	0.32	0.2176	
1470	1	0.32	0.32	0.2376	
1471	1	0.36	0.36	0.2504	
1472	1	0.43	0.43	0.3451	
1473	1	0.42	0.42	0.3636	
1474	1	0.45	0.45	0.4275	
1475	1	0.39	0.39	0.3779	
1476	1	0.31	0.31	0.3139	
1477	1	0.2	0.2	0.2	
1478	1	0.25	0.25	0.1875	
1479	1	0.26	0.26	0.1924	
1480	1	0.27	0.27	0.1971	
1481	1	0.28	0.28	0.2016	
1482	1	0.21	0.21	0.1659	
1483	1	0.27	0.27	0.1971	
1484	1	0.23	0.23	0.1771	
1485	1	0.24	0.24	0.2224	
1486	1	0.25	0.25	0.2675	
1487	1	0.21	0.21	0.2259	
1488	1	0.15	0.15	0.1475	
1489	1	0.15	0.15	0.1475	
1490	1	0.12	0.12	0.1056	
1491	1	0.11	0.11	0.0979	
1492	1	0.12	0.12	0.1056	
1493	1	0.14	0.14	0.1204	
1494	1	0.18	0.18	0.1476	
1495	1	0.16	0.16	0.1344	
1496	1	0.15	0.15	0.1275	
1497	1	0.14	0.14	0.1204	
1498	1	0.12	0.12	0.1056	
1499	1	0.14	0.14	0.1204	
1500	1	0.18	0.18	0.1476	
1501	1	0.2	0.2	0.16	
1502	1	0.19	0.19	0.1539	
1503	1	0.2	0.2	0.18	
1504	1	0.22	0.22	0.1916	
1505	1	0.18	0.18	0.1676	
1506	1	0.15	0.15	0.1275	
1507	1	0.14	0.14	0.1204	
1508	1	0.13	0.13	0.1131	
1509	1	0.15	0.15	0.1275	
1510	1	0.11	0.11	0.0979	
1511	1	0.1	0.1	0.09	
1512	1	0.1	0.1	0.09	
1513	1	0.07	0.07	0.0651	
1514	1	0.07	0.07	0.0651	
1515	1	0.12	0.12	0.1056	
1516	1	0.11	0.11	0.0979	
1517	1	0.13	0.13	0.1131	
1518	1	0.14	0.14	0.1204	
1519	1	0.11	0.11	0.0979	
1520	1	0.07	0.07	0.0651	
1521	1	0.02	0.02	0.0196	
1522	1	0.03	0.03	0.0291	
1523	1	0.03	0.03	0.0291	
1524	1	0.09	0.09	0.1619	
1525	1	0.07	0.07	0.1051	
1526	1	0.07	0.07	0.1051	
1527	1	0.1	0.1	0.15	
1528	1	0.11	0.11	0.1779	
1529	1	0.03	0.03	0.0291	
1530	1	0.06	0.06	0.0564	
1531	1	0.06	0.06	0.0764	
1532	1	0.07	0.07	0.0651	
1533	1	0.08	0.08	0.0736	
1534	1	0.07	0.07	0.0651	
1535	1	0.07	0.07	0.0651	
1536	1	0.06	0.06	0.0564	
1537	1	0.05	0.05	0.0475	
1538	1	0.08	0.08	0.0736	
1539	1	0.15	0.15	0.1275	
1540	1	0.15	0.15	0.1275	
1541	1	0.16	0.16	0.1344	
1542	1	0.23	0.23	0.1971	
1543	1	0.21	0.21	0.1659	
1544	1	0.23	0.23	0.1971	
1545	1	0.32	0.32	0.2576	
1546	1	0.29	0.29	0.2059	
1547	1	0.24	0.24	0.1824	
1548	1	0.29	0.29	0.2059	
1549	1	0.2	0.2	0.16	
1550	1	0.19	0.19	0.1539	
1551	1	0.17	0.17	0.1411	
1552	1	0.17	0.17	0.2011	
1553	1	0.18	0.18	0.2476	
1554	1	0.15	0.15	0.1675	
1555	1	0.11	0.11	0.0979	
1556	1	0.09	0.09	0.0819	
1557	1	0.06	0.06	0.0564	
1558	1	0.09	0.09	0.0819	
1559	1	0.06	0.06	0.0564	
1560	1	0.02	0.02	0.0196	
1561	1	0.05	0.05	0.0475	
1562	1	0.04	0.04	0.0384	
1563	1	0.08	0.08	0.0736	
1564	1	0.13	0.13	0.1131	
1565	1	0.17	0.17	0.1411	
1566	1	0.18	0.18	0.1476	
1567	1	0.17	0.17	0.1411	
1568	1	0.21	0.21	0.1659	
1569	1	0.15	0.15	0.1275	
1570	1	0.18	0.18	0.1676	
1571	1	0.18	0.18	0.1876	
1572	1	0.13	0.13	0.1131	
1573	1	0.1	0.1	0.09	
1574	1	0.05	0.05	0.0475	
1575	1	0.03	0.03	0.0291	
1576	1	0.03	0.03	0.0291	
1577	1	0.07	0.07	0.0651	
1578	1	0.07	0.07	0.0651	
1579	1	0.1	0.1	0.11	
1580	1	0.11	0.11	0.0979	
1581	1	0.17	0.17	0.1411	
1582	1	0.14	0.14	0.1204	
1583	1	0.12	0.12	0.1056	
1584	1	0.16	0.16	0.1344	
1585	1	0.2	0.2	0.16	
1586	1	0.2	0.2	0.16	
1587	1	0.23	0.23	0.1771	
1588	1	0.2	0.2	0.16	
1589	1	0.17	0.17	0.1411	
1590	1	0.16	0.16	0.1344	
1591	1	0.15	0.15	0.1275	
1592	1	0.17	0.17	0.1411	
1593	1	0.12	0.12	0.1456	
1594	1	0.07	0.07	0.0651	
1595	1	0.15	0.15	0.1275	
1596	1	0.17	0.17	0.1411	
1597	1	0.17	0.17	0.1811	
1598	1	0.16	0.16	0.1744	
1599	1	0.15	0.15	0.1675	
1600	1	0.18	0.18	0.2276	
1601	1	0.06	0.06	0.0764	
1602	1	0.11	0.11	0.1579	
1603	1	0.17	0.17	0.2211	
1604	1	0.13	0.13	0.1331	
1605	1	0.18	0.18	0.1876	
1606	1	0.19	0.19	0.1939	
1607	1	0.09	0.09	0.1019	
1608	1	0.08	0.08	0.0736	
1609	1	0.07	0.07	0.0651	
1610	1	0.08	0.08	0.0736	
1611	1	0.07	0.07	0.0651	
1612	1	0.03	0.03	0.0291	
1613	1	0.08	0.08	0.0736	
1614	1	0.1	0.1	0.09	
1615	1	0.07	0.07	0.0651	
1616	1	0.08	0.08	0.0736	
1617	1	0.06	0.06	0.0564	
1618	1	0.06	0.06	0.0564	
1619	1	0.07	0.07	0.0651	
1620	1	0.06	0.06	0.0564	
1621	1	0.09	0.09	0.0819	
1622	1	0.04	0.04	0.0384	
1623	1	0.05	0.05	0.0475	
1624	1	0.12	0.12	0.1056	
1625	1	0.16	0.16	0.1744	
1626	1	0.16	0.16	0.1544	
1627	1	0.13	0.13	0.1331	
1628	1	0.25	0.25	0.3275	
1629	1	0.37	0.37	0.4531	
1630	1	0.33	0.33	0.4411	
1631	1	0.37	0.37	0.4731	
1632	1	0.43	0.43	0.4851	
1633	1	0.47	0.47	0.5091	
1634	1	0.45	0.45	0.5275	
1635	1	0.4	0.4	0.42	
1636	1	0.36	0.36	0.4304	
1637	1	0.41	0.41	0.4219	
1638	1	0.42	0.42	0.4636	
1639	1	0.38	0.38	0.4356	
1640	1	0.41	0.41	0.4419	
1641	1	0.43	0.43	0.4051	
1642	1	0.3	0.3	0.35	
1643	1	0.31	0.31	0.3739	
1644	1	0.38	0.38	0.3956	
1645	1	0.3	0.3	0.33	
1646	1	0.27	0.27	0.2771	
1647	1	0.23	0.23	0.2371	
1648	1	0.22	0.22	0.1716	
1649	1	0.21	0.21	0.1659	
1650	1	0.23	0.23	0.1771	
1651	1	0.27	0.27	0.1971	
1652	1	0.26	0.26	0.2124	
1653	1	0.25	0.25	0.1875	
1654	1	0.29	0.29	0.2059	
1655	1	0.18	0.18	0.1476	
1656	1	0.14	0.14	0.1204	
1657	1	0.16	0.16	0.1344	
1658	1	0.15	0.15	0.1275	
1659	1	0.19	0.19	0.1539	
1660	1	0.18	0.18	0.1476	
1661	1	0.16	0.16	0.1344	
1662	1	0.19	0.19	0.1539	
1663	1	0.2	0.2	0.16	
1664	1	0.28	0.28	0.2016	
1665	1	0.2	0.2	0.16	
1666	1	0.26	0.26	0.1924	
1667	1	0.28	0.28	0.2016	
1668	1	0.29	0.29	0.2059	
1669	1	0.34	0.34	0.2244	
1670	1	0.39	0.39	0.2379	
1671	1	0.41	0.41	0.2419	
1672	1	0.41	0.41	0.2419	
1673	1	0.36	0.36	0.2504	
1674	1	0.33	0.33	0.2611	
1675	1	0.34	0.34	0.2644	
1676	1	0.39	0.39	0.2979	
1677	1	0.35	0.35	0.3075	
1678	1	0.32	0.32	0.3576	
1679	1	0.29	0.29	0.2659	
1680	1	0.31	0.31	0.3139	
1681	1	0.3	0.3	0.27	
1682	1	0.31	0.31	0.3139	
1683	1	0.31	0.31	0.3339	
1684	1	0.31	0.31	0.3339	
1685	1	0.25	0.25	0.2875	
1686	1	0.23	0.23	0.2371	
1687	1	0.22	0.22	0.2116	
1688	1	0.16	0.16	0.1344	
1689	1	0.26	0.26	0.1924	
1690	1	0.26	0.26	0.1924	
1691	1	0.22	0.22	0.1716	
1692	1	0.19	0.19	0.1539	
1693	1	0.27	0.27	0.2371	
1694	1	0.36	0.36	0.4104	
1695	1	0.38	0.38	0.4156	
1696	1	0.39	0.39	0.5579	
1697	1	0.37	0.37	0.5131	
1698	1	0.42	0.42	0.6036	
1699	1	0.37	0.37	0.3931	
1700	1	0.38	0.38	0.3756	
1701	1	0.4	0.4	0.42	
1702	1	0.39	0.39	0.4579	
1703	1	0.34	0.34	0.2844	
1704	1	0.36	0.36	0.2704	
1705	1	0.4	0.4	0.28	
1706	1	0.47	0.47	0.2691	
1707	1	0.44	0.44	0.2864	
1708	1	0.36	0.36	0.2304	
1709	1	0.35	0.35	0.2275	
1710	1	0.26	0.26	0.1924	
1711	1	0.24	0.24	0.1824	
1712	1	0.22	0.22	0.1916	
1713	1	0.23	0.23	0.2171	
1714	1	0.23	0.23	0.1971	
1715	1	0.22	0.22	0.1716	
1716	1	0.18	0.18	0.1476	
1717	1	0.16	0.16	0.1344	
1718	1	0.18	0.18	0.1476	
1719	1	0.2	0.2	0.18	
1720	1	0.2	0.2	0.16	
1721	1	0.19	0.19	0.1539	
1722	1	0.22	0.22	0.1716	
1723	1	0.23	0.23	0.2171	
1724	1	0.24	0.24	0.2024	
1725	1	0.25	0.25	0.2275	
1726	1	0.24	0.24	0.1824	
1727	1	0.21	0.21	0.1659	
1728	1	0.18	0.18	0.1476	
1729	1	0.2	0.2	0.16	
1730	1	0.1	0.1	0.09	
1731	1	0.15	0.15	0.1275	
1732	1	0.05	0.05	0.0475	
1733	1	0.06	0.06	0.0564	
1734	1	0.09	0.09	0.0819	
1735	1	0.12	0.12	0.1056	
1736	1	0.13	0.13	0.1131	
1737	1	0.11	0.11	0.0979	
1738	1	0.12	0.12	0.1056	
1739	1	0.13	0.13	0.1131	
1740	1	0.23	0.23	0.1771	
1741	1	0.12	0.12	0.1056	
1742	1	0.19	0.19	0.1539	
1743	1	0.19	0.19	0.1739	
1744	1	0.14	0.14	0.1204	
1745	1	0.2	0.2	0.16	
1746	1	0.22	0.22	0.1716	
1747	1	0.32	0.32	0.2176	
1748	1	0.35	0.35	0.2275	
1749	1	0.31	0.31	0.2139	
1750	1	0.27	0.27	0.1971	
1751	1	0.27	0.27	0.2571	
1752	1	0.29	0.29	0.2259	
1753	1	0.34	0.34	0.2644	
1754	1	0.45	0.45	0.2875	
1755	1	0.41	0.41	0.2819	
1756	1	0.4	0.4	0.34	
1757	1	0.4	0.4	0.34	
1758	1	0.33	0.33	0.2811	
1759	1	0.38	0.38	0.3156	
1760	1	0.35	0.35	0.2675	
1761	1	0.34	0.34	0.2244	
1762	1	0.34	0.34	0.2244	
1763	1	0.31	0.31	0.2139	
1764	1	0.35	0.35	0.2275	
1765	1	0.33	0.33	0.2211	
1766	1	0.3	0.3	0.21	
1767	1	0.31	0.31	0.2139	
1768	1	0.32	0.32	0.2176	
1769	1	0.34	0.34	0.2244	
1770	1	0.29	0.29	0.2059	
1771	1	0.27	0.27	0.1971	
1772	1	0.23	0.23	0.1771	
1773	1	0.24	0.24	0.1824	
1774	1	0.19	0.19	0.1539	
1775	1	0.19	0.19	0.1539	
1776	1	0.19	0.19	0.1539	
1777	1	0.16	0.16	0.1544	
1778	1	0.17	0.17	0.1611	
1779	1	0.16	0.16	0.1344	
1780	1	0.21	0.21	0.1859	
1781	1	0.21	0.21	0.1859	
1782	1	0.2	0.2	0.18	
1783	1	0.24	0.24	0.1824	
1784	1	0.25	0.25	0.1875	
1785	1	0.29	0.29	0.2059	
1786	1	0.29	0.29	0.2059	
1787	1	0.24	0.24	0.1824	
1788	1	0.28	0.28	0.2016	
1789	1	0.33	0.33	0.2411	
1790	1	0.24	0.24	0.2224	
1791	1	0.25	0.25	0.2275	
1792	1	0.24	0.24	0.2424	
1793	1	0.18	0.18	0.1476	
1794	1	0.15	0.15	0.1275	
1795	1	0.15	0.15	0.1275	
1796	1	0.14	0.14	0.1204	
1797	1	0.1	0.1	0.09	
1798	1	0.17	0.17	0.1411	
1799	1	0.13	0.13	0.1131	
1800	1	0.06	0.06	0.0564	
1801	1	0.07	0.07	0.0651	
1802	1	0.1	0.1	0.09	
1803	1	0.1	0.1	0.09	
1804	1	0.09	0.09	0.0819	
1805	1	0.09	0.09	0.0819	
1806	1	0.12	0.12	0.1056	
1807	1	0.1	0.1	0.09	
1808	1	0.16	0.16	0.1344	
1809	1	0.18	0.18	0.1476	
1810	1	0.25	0.25	0.1875	
1811	1	0.26	0.26	0.1924	
1812	1	0.29	0.29	0.2059	
1813	1	0.28	0.28	0.2016	
1814	1	0.28	0.28	0.2016	
1815	1	0.26	0.26	0.2124	
1816	1	0.33	0.33	0.2611	
1817	1	0.32	0.32	0.3176	
1818	1	0.26	0.26	0.2924	
1819	1	0.18	0.18	0.2076	
1820	1	0.17	0.17	0.1611	
1821	1	0.15	0.15	0.1275	
1822	1	0.1	0.1	0.09	
1823	1	0.08	0.08	0.0736	
1824	1	0.1	0.1	0.09	
1825	1	0.08	0.08	0.0736	
1826	1	0.14	0.14	0.1204	
1827	1	0.14	0.14	0.1204	
1828	1	0.1	0.1	0.09	
1829	1	0.14	0.14	0.1204	
1830	1	0.13	0.13	0.1131	
1831	1	0.17	0.17	0.1411	
1832	1	0.19	0.19	0.1539	
1833	1	0.2	0.2	0.16	
1834	1	0.18	0.18	0.1476	
1835	1	0.11	0.11	0.0979	
1836	1	0.12	0.12	0.1056	
1837	1	0.08	0.08	0.0736	
1838	1	0.04	0.04	0.0384	
1839	1	0.06	0.06	0.0564	
1840	1	0.07	0.07	0.0651	
1841	1	0.08	0.08	0.0736	
1842	1	0.09	0.09	0.0819	
1843	1	0.09	0.09	0.0819	
1844	1	0.07	0.07	0.0651	
1845	1	0.11	0.11	0.0979	
1846	1	0.12	0.12	0.1056	
1847	1	0.15	0.15	0.1275	
1848	1	0.18	0.18	0.1476	
1849	1	0.18	0.18	0.1476	
1850	1	0.18	0.18	0.1476	
1851	1	0.28	0.28	0.2216	
1852	1	0.32	0.32	0.2176	
1853	1	0.39	0.39	0.2579	
1854	1	0.3	0.3	0.21	
1855	1	0.31	0.31	0.2139	
1856	1	0.29	0.29	0.2059	
1857	1	0.3	0.3	0.23	
1858	1	0.24	0.24	0.2024	
1859	1	0.22	0.22	0.2316	
1860	1	0.31	0.31	0.3139	
1861	1	0.33	0.33	0.3611	
1862	1	0.41	0.41	0.4019	
1863	1	0.36	0.36	0.3304	
1864	1	0.36	0.36	0.3704	
1865	1	0.41	0.41	0.4019	
1866	1	0.4	0.4	0.4	
1867	1	0.38	0.38	0.4156	
1868	1	0.44	0.44	0.5264	
1869	1	0.52	0.52	0.6296	
1870	1	0.46	0.46	0.5884	
1871	1	0.34	0.34	0.4244	
1872	1	0.31	0.31	0.3339	
1873	1	0.35	0.35	0.4075	
1874	1	0.39	0.39	0.3979	
1875	1	0.3	0.3	0.33	
1876	1	0.25	0.25	0.4075	
1877	1	0.34	0.34	0.5444	
1878	1	0.27	0.27	0.4371	
1879	1	0.26	0.26	0.4924	
1880	1	0.32	0.32	0.5776	
1881	1	0.31	0.31	0.5139	
1882	1	0.45	0.45	0.6075	
1883	1	0.5	0.5	0.87	
1884	1	0.61	0.61	1.0379	
1885	1	0.59	0.59	0.9619	
1886	1	0.46	0.46	0.6684	
1887	1	0.49	0.49	0.7699	
1888	1	0.42	0.42	0.5436	
1889	1	0.43	0.43	0.5451	
1890	1	0.37	0.37	0.4131	
1891	1	0.29	0.29	0.2259	
1892	1	0.36	0.36	0.2304	
1893	1	0.38	0.38	0.2356	
1894	1	0.35	0.35	0.2275	
1895	1	0.35	0.35	0.2275	
1896	1	0.3	0.3	0.23	
1897	1	0.25	0.25	0.1875	
1898	1	0.21	0.21	0.2059	
1899	1	0.28	0.28	0.2016	
1900	1	0.32	0.32	0.2176	
1901	1	0.26	0.26	0.1924	
1902	1	0.3	0.3	0.21	
1903	1	0.31	0.31	0.2139	
1904	1	0.26	0.26	0.1924	
1905	1	0.18	0.18	0.1476	
1906	1	0.14	0.14	0.1204	
1907	1	0.16	0.16	0.1344	
1908	1	0.18	0.18	0.1476	
1909	1	0.22	0.22	0.1916	
1910	1	0.2	0.2	0.16	
1911	1	0.27	0.27	0.1971	
1912	1	0.28	0.28	0.2016	
1913	1	0.27	0.27	0.2171	
1914	1	0.31	0.31	0.2139	
1915	1	0.35	0.35	0.2275	
1916	1	0.31	0.31	0.2139	
1917	1	0.29	0.29	0.2059	
1918	1	0.32	0.32	0.2176	
1919	1	0.33	0.33	0.2211	
1920	1	0.32	0.32	0.2176	
1921	1	0.3	0.3	0.21	
1922	1	0.27	0.27	0.1971	
1923	1	0.32	0.32	0.2176	
1924	1	0.31	0.31	0.2139	
1925	1	0.32	0.32	0.2176	
1926	1	0.38	0.38	0.2356	
1927	1	0.4	0.4	0.26	
1928	1	0.41	0.41	0.2619	
1929	1	0.44	0.44	0.3064	
1930	1	0.39	0.39	0.3379	
1931	1	0.42	0.42	0.3636	
1932	1	0.39	0.39	0.3179	
1933	1	0.38	0.38	0.2756	
1934	1	0.29	0.29	0.2459	
1935	1	0.28	0.28	0.2216	
1936	1	0.28	0.28	0.2216	
1937	1	0.24	0.24	0.1824	
1938	1	0.19	0.19	0.1539	
1939	1	0.18	0.18	0.1476	
1940	1	0.18	0.18	0.1476	
1941	1	0.13	0.13	0.1131	
1942	1	0.15	0.15	0.1275	
1943	1	0.12	0.12	0.1056	
1944	1	0.14	0.14	0.1204	
1945	1	0.08	0.08	0.0736	
1946	1	0.06	0.06	0.0564	
1947	1	0.06	0.06	0.0564	
1948	1	0.01	0.01	0.0099	
1949	1	0.01	0.01	0.0099	
1950	1	0.03	0.03	0.0291	
1951	1	0.02	0.02	0.0196	
1952	1	0.07	0.07	0.0651	
1953	1	0.02	0.02	0.0196	
1954	1	0.04	0.04	0.0384	
1955	1	0.03	0.03	0.0291	
1956	1	0.08	0.08	0.0736	
1957	1	0.05	0.05	0.0475	
1958	1	0.11	0.11	0.0979	
1959	1	0.1	0.1	0.09	
1960	1	0.08	0.08	0.0936	
1961	1	0.12	0.12	0.1256	
1962	1	0.15	0.15	0.1475	
1963	1	0.13	0.13	0.1331	
1964	1	0.09	0.09	0.0819	
1965	1	0.1	0.1	0.09	
1966	1	0.11	0.11	0.0979	
1967	1	0.13	0.13	0.1131	
1968	1	0.1	0.1	0.09	
1969	1	0.09	0.09	0.0819	
1970	1	0.11	0.11	0.0979	
1971	1	0.13	0.13	0.1131	
1972	1	0.12	0.12	0.1056	
1973	1	0.13	0.13	0.1131	
1974	1	0.15	0.15	0.1275	
1975	1	0.13	0.13	0.1131	
1976	1	0.19	0.19	0.1539	
1977	1	0.31	0.31	0.2139	
1978	1	0.26	0.26	0.1924	
1979	1	0.19	0.19	0.1539	
1980	1	0.18	0.18	0.1476	
1981	1	0.18	0.18	0.1476	
1982	1	0.12	0.12	0.1056	
1983	1	0.12	0.12	0.1056	
1984	1	0.09	0.09	0.0819	
1985	1	0.08	0.08	0.0736	
1986	1	0.08	0.08	0.0736	
1987	1	0.12	0.12	0.1256	
1988	1	0.1	0.1	0.09	
1989	1	0.12	0.12	0.1056	
1990	1	0.08	0.08	0.0736	
1991	1	0.1	0.1	0.09	
1992	1	0.13	0.13	0.1531	
1993	1	0.14	0.14	0.1604	
1994	1	0.15	0.15	0.1675	
1995	1	0.21	0.21	0.1859	
1996	1	0.17	0.17	0.1611	
1997	1	0.17	0.17	0.1411	
1998	1	0.2	0.2	0.16	
1999	1	0.24	0.24	0.2424	
2000	1	0.22	0.22	0.2316	
