# mu = 0.1, s = 0.01, trials requested = 1, runtime = 0:00:00
# "Time"	"Actual trials"	"Mean mutation"	"Average mean mutation"	"Average mutation variance"
0	1	0	0	0	
1	1	0	0	0	
2	1	0	0	0	
3	1	0	0	0	
4	1	0.0625	0.0625	0.0585938	
5	1	0.0625	0.0625	0.0585938	
6	1	0.125	0.125	0.234375	
7	1	0.125	0.125	0.234375	
8	1	0.1875	0.1875	0.277344	
9	1	0.25	0.25	0.3125	
10	1	0.4375	0.4375	0.371094	
11	1	0.5625	0.5625	0.371094	
12	1	0.5625	0.5625	0.496094	
13	1	0.5625	0.5625	0.746094	
14	1	0.6875	0.6875	0.839844	
15	1	0.8125	0.8125	1.02734	
16	1	0.875	0.875	1.10938	
17	1	0.8125	0.8125	1.02734	
18	1	1.0625	1.0625	0.933594	
19	1	1.125	1.125	0.984375	
20	1	1.0625	1.0625	1.05859	
21	1	1.0625	1.0625	1.05859	
22	1	1.125	1.125	0.984375	
23	1	1.3125	1.3125	1.08984	
24	1	1.5625	1.5625	1.74609	
25	1	1.25	1.25	1.3125	
26	1	1.375	1.375	1.23438	
27	1	1.3125	1.3125	1.21484	
28	1	1.4375	1.4375	1.37109	
29	1	1.75	1.75	2.0625	
30	1	1.5625	1.5625	1.87109	
31	1	1.625	1.625	1.73438	
32	1	1.5625	1.5625	1.74609	
33	1	2	2	2	
34	1	1.9375	1.9375	2.43359	
35	1	2	2	2.25	
36	1	2.3125	2.3125	3.08984	
37	1	2.0625	2.0625	1.55859	
38	1	1.9375	1.9375	1.80859	
39	1	2.125	2.125	1.98438	
40	1	2.125	2.125	2.23438	
41	1	2.6875	2.6875	3.71484	
42	1	2.5	2.5	3	
43	1	2.0625	2.0625	2.55859	
44	1	2.3125	2.3125	2.46484	
45	1	2.625	2.625	3.10938	
46	1	2.375	2.375	2.60938	
47	1	2.3125	2.3125	2.33984	
48	1	2.3125	2.3125	2.33984	
49	1	2.3125	2.3125	2.33984	
50	1	2.3125	2.3125	2.21484	
51	1	2.625	2.625	2.85938	
52	1	2.375	2.375	2.10938	
53	1	2.375	2.375	2.10938	
54	1	2.3125	2.3125	2.58984	
55	1	2.75	2.75	3.1875	
56	1	2.5625	2.5625	2.37109	
57	1	2.4375	2.4375	2.62109	
58	1	2.8125	2.8125	3.02734	
59	1	2.8125	2.8125	2.52734	
60	1	2.75	2.75	2.6875	
61	1	2.375	2.375	2.85938	
62	1	2.75	2.75	3.0625	
63	1	3	3	2.5	
64	1	2.9375	2.9375	2.43359	
65	1	2.875	2.875	2.60938	
66	1	2.875	2.875	2.85938	
67	1	3.1875	3.1875	2.02734	
68	1	3.1875	3.1875	2.02734	
69	1	3.4375	3.4375	2.24609	
70	1	3.3125	3.3125	1.83984	
71	1	3.3125	3.3125	1.83984	
72	1	3.375	3.375	1.85938	
73	1	3.4375	3.4375	1.99609	
74	1	3.1875	3.1875	2.15234	
75	1	3.4375	3.4375	1.99609	
76	1	3.5	3.5	2.125	
77	1	3.5	3.5	2.125	
78	1	3.625	3.625	2.73438	
79	1	3.75	3.75	3.3125	
80	1	3.6875	3.6875	4.08984	
81	1	4	4	4.5	
82	1	4.375	4.375	5.23438	
83	1	4	4	4.625	
84	1	4.3125	4.3125	4.21484	
85	1	4.125	4.125	5.35938	
86	1	4.3125	4.3125	4.58984	
87	1	4.4375	4.4375	4.49609	
88	1	4.125	4.125	4.60938	
89	1	4.25	4.25	5.9375	
90	1	4.4375	4.4375	5.24609	
91	1	4.5	4.5	6.125	
92	1	4.625	4.625	5.98438	
93	1	4.6875	4.6875	6.33984	
94	1	4.625	4.625	6.60938	
95	1	4.8125	4.8125	6.15234	
96	1	5	5	6.375	
97	1	4.875	4.875	6.10938	
98	1	5.0625	5.0625	6.68359	
99	1	4.8125	4.8125	6.27734	
100	1	4.875	4.875	5.98438	
101	1	4.9375	4.9375	5.93359	
102	1	5	5	5.75	
103	1	5.0625	5.0625	5.18359	
104	1	5.125	5.125	4.98438	
105	1	5.1875	5.1875	4.65234	
106	1	5.3125	5.3125	4.58984	
107	1	5.5	5.5	4.375	
108	1	5.4375	5.4375	4.49609	
109	1	5.5	5.5	4.25	
110	1	5.625	5.625	4.35938	
111	1	5.625	5.625	4.73438	
112	1	5.9375	5.9375	5.18359	
113	1	5.75	5.75	4.9375	
114	1	5.75	5.75	5.4375	
115	1	5.875	5.875	4.98438	
116	1	6	6	5.125	
117	1	6.125	6.125	4.98438	
118	1	5.875	5.875	4.98438	
119	1	6.0625	6.0625	4.55859	
120	1	6.0625	6.0625	4.55859	
121	1	6.4375	6.4375	4.12109	
122	1	6.4375	6.4375	3.99609	
123	1	6.625	6.625	3.98438	
124	1	6.6875	6.6875	4.83984	
125	1	6.625	6.625	4.85938	
126	1	6.8125	6.8125	5.15234	
127	1	7	7	5.375	
128	1	7.25	7.25	5.8125	
129	1	7.125	7.125	5.35938	
130	1	7.0625	7.0625	5.55859	
131	1	7.25	7.25	5.4375	
132	1	7	7	5.75	
133	1	7.125	7.125	5.48438	
134	1	7.5625	7.5625	6.37109	
135	1	7.4375	7.4375	6.24609	
136	1	7.5	7.5	6.25	
137	1	7.5625	7.5625	6.12109	
138	1	8	8	6.875	
139	1	7.5	7.5	4.625	
140	1	7.625	7.625	4.73438	
141	1	7.9375	7.9375	7.05859	
142	1	7.875	7.875	7.73438	
143	1	8	8	7.5	
144	1	8.125	8.125	7.48438	
145	1	8.25	8.25	7.4375	
146	1	7.75	7.75	6.4375	
147	1	7.75	7.75	6.4375	
148	1	7.875	7.875	6.35938	
149	1	8.125	8.125	5.85938	
150	1	8.625	8.625	8.48438	
151	1	8.4375	8.4375	6.62109	
152	1	8.1875	8.1875	7.27734	
153	1	8.5	8.5	8	
154	1	8.6875	8.6875	7.96484	
155	1	8.625	8.625	7.85938	
156	1	8.9375	8.9375	7.43359	
157	1	8.6875	8.6875	8.83984	
158	1	9.0625	9.0625	7.43359	
159	1	9.1875	9.1875	7.90234	
160	1	9.1875	9.1875	7.90234	
161	1	8.9375	8.9375	8.30859	
162	1	9.25	9.25	8.9375	
163	1	9.3125	9.3125	10.4648	
164	1	9.125	9.125	10.3594	
165	1	9	9	11.125	
166	1	9.75	9.75	13.5625	
167	1	10	10	10.125	
168	1	9.1875	9.1875	10.6523	
169	1	9.375	9.375	9.35938	
170	1	9.375	9.375	9.35938	
171	1	9.5	9.5	9.75	
172	1	9.6875	9.6875	9.46484	
173	1	9.75	9.75	9.1875	
174	1	9.875	9.875	9.35938	
175	1	9.9375	9.9375	9.55859	
176	1	10.125	10.125	8.73438	
177	1	10.1875	10.1875	8.77734	
178	1	10.4375	10.4375	8.24609	
179	1	10.125	10.125	10.1094	
180	1	10.4375	10.4375	9.24609	
181	1	10.5	10.5	9.625	
182	1	10.5625	10.5625	9.37109	
183	1	10.8125	10.8125	10.4023	
184	1	11	11	10.125	
185	1	10.75	10.75	10.5625	
186	1	11.375	11.375	10.3594	
187	1	11.6875	11.6875	10.9648	
188	1	11.5625	11.5625	9.87109	
189	1	11.4375	11.4375	8.74609	
190	1	11.8125	11.8125	10.0273	
191	1	11.875	11.875	10.4844	
192	1	11.8125	11.8125	10.7773	
193	1	12.1875	12.1875	11.9023	
194	1	11.6875	11.6875	11.8398	
195	1	11.8125	11.8125	11.2773	
196	1	11.75	11.75	8.6875	
197	1	12.125	12.125	10.2344	
198	1	11.6875	11.6875	10.3398	
199	1	12.375	12.375	10.9844	
200	1	12.3125	12.3125	10.2148	
201	1	12.3125	12.3125	9.21484	
202	1	12.4375	12.4375	9.12109	
203	1	12.75	12.75	9.9375	
204	1	12.9375	12.9375	9.93359	
205	1	13.0625	13.0625	10.1836	
206	1	12.875	12.875	9.35938	
207	1	12.625	12.625	8.23438	
208	1	12.9375	12.9375	9.18359	
209	1	12.6875	12.6875	8.58984	
210	1	12.4375	12.4375	9.87109	
211	1	12.75	12.75	8.5625	
212	1	13.1875	13.1875	9.40234	
213	1	12.6875	12.6875	9.33984	
214	1	13.25	13.25	8.9375	
215	1	13.125	13.125	10.4844	
216	1	13	13	9.75	
217	1	13	13	9.75	
218	1	13.0625	13.0625	9.30859	
219	1	13.4375	13.4375	10.1211	
220	1	13.375	13.375	10.6094	
221	1	13.875	13.875	8.60938	
222	1	13.8125	13.8125	10.5273	
223	1	13.75	13.75	8.1875	
224	1	13.9375	13.9375	8.68359	
225	1	13.8125	13.8125	8.65234	
226	1	14.1875	14.1875	7.52734	
227	1	14.0625	14.0625	7.55859	
228	1	14.1875	14.1875	7.65234	
229	1	14.1875	14.1875	7.65234	
230	1	14.375	14.375	6.98438	
231	1	14.5	14.5	7	
232	1	14.3125	14.3125	8.33984	
233	1	14.5625	14.5625	6.87109	
234	1	14.75	14.75	7.8125	
235	1	15.25	15.25	9.8125	
236	1	15.1875	15.1875	9.15234	
237	1	14.6875	14.6875	8.08984	
238	1	14.875	14.875	7.23438	
239	1	15	15	7.5	
240	1	15.3125	15.3125	9.08984	
241	1	15.5625	15.5625	8.99609	
242	1	15.0625	15.0625	7.43359	
243	1	15.4375	15.4375	8.49609	
244	1	15.25	15.25	6.5625	
245	1	15.625	15.625	7.73438	
246	1	16	16	8.625	
247	1	15.25	15.25	6.5625	
248	1	15.25	15.25	6.5625	
249	1	15.375	15.375	7.23438	
250	1	15.25	15.25	7.8125	
251	1	15.625	15.625	7.48438	
252	1	15.375	15.375	7.48438	
253	1	15.25	15.25	7.8125	
254	1	15.375	15.375	7.23438	
255	1	15.6875	15.6875	7.46484	
256	1	16.0625	16.0625	11.3086	
257	1	15.5625	15.5625	9.74609	
258	1	15.8125	15.8125	8.90234	
259	1	15.75	15.75	8.9375	
260	1	16.75	16.75	11.4375	
261	1	17.25	17.25	14.9375	
262	1	16.75	16.75	11.9375	
263	1	16.5	16.5	9.625	
264	1	16.625	16.625	9.23438	
265	1	16.625	16.625	9.23438	
266	1	16.8125	16.8125	10.1523	
267	1	16.875	16.875	10.1094	
268	1	17	17	10.375	
269	1	16.6875	16.6875	9.21484	
270	1	16.625	16.625	9.85938	
271	1	17	17	8.875	
272	1	18	18	13.625	
273	1	17.75	17.75	11.5625	
274	1	18.0625	18.0625	13.3086	
275	1	18.0625	18.0625	12.5586	
276	1	18.0625	18.0625	12.4336	
277	1	17.5	17.5	12.25	
278	1	17.5	17.5	8.875	
279	1	17.4375	17.4375	8.87109	
280	1	17.8125	17.8125	10.6523	
281	1	17.5625	17.5625	8.99609	
282	1	17.0625	17.0625	10.8086	
283	1	17.6875	17.6875	8.46484	
284	1	17.625	17.625	8.35938	
285	1	17.5625	17.5625	8.37109	
286	1	18.1875	18.1875	11.4023	
287	1	17.5625	17.5625	9.74609	
288	1	17.75	17.75	9.1875	
289	1	18.1875	18.1875	11.0273	
290	1	18.625	18.625	11.9844	
291	1	18.125	18.125	10.3594	
292	1	18.25	18.25	9.9375	
293	1	18.5625	18.5625	9.99609	
294	1	18.625	18.625	10.7344	
295	1	19	19	11.25	
296	1	19	19	10.125	
297	1	19	19	10.125	
298	1	18.8125	18.8125	10.2773	
299	1	18.9375	18.9375	10.1836	
300	1	19.0625	19.0625	11.9336	
301	1	18.875	18.875	14.1094	
302	1	19.125	19.125	12.1094	
303	1	19.0625	19.0625	12.4336	
304	1	19.625	19.625	11.6094	
305	1	19.625	19.625	11.6094	
306	1	19.25	19.25	14.1875	
307	1	19.3125	19.3125	10.9648	
308	1	19.5	19.5	10.625	
309	1	19.4375	19.4375	12.3711	
310	1	19.6875	19.6875	11.0898	
311	1	20.0625	20.0625	11.9336	
312	1	19.625	19.625	9.85938	
313	1	19.8125	19.8125	9.77734	
314	1	20.0625	20.0625	10.1836	
315	1	20.25	20.25	10.8125	
316	1	20.0625	20.0625	9.93359	
317	1	19.875	19.875	11.8594	
318	1	20.0625	20.0625	13.5586	
319	1	20.125	20.125	13.2344	
320	1	19.625	19.625	13.1094	
321	1	19.625	19.625	13.1094	
322	1	19.8125	19.8125	12.2773	
323	1	19.875	19.875	12.6094	
324	1	20.5	20.5	16.125	
325	1	19.75	19.75	14.0625	
326	1	19.9375	19.9375	14.9336	
327	1	20.25	20.25	16.0625	
328	1	20.5625	20.5625	16.8711	
329	1	21.3125	21.3125	22.9648	
330	1	21	21	18.375	
331	1	21.5625	21.5625	17.4961	
332	1	21.625	21.625	17.9844	
333	1	21.0625	21.0625	17.8086	
334	1	21.6875	21.6875	16.5898	
335	1	21.4375	21.4375	16.3711	
336	1	21.4375	21.4375	15.7461	
337	1	21	21	15.5	
338	1	21.3125	21.3125	15.4648	
339	1	21.5	21.5	14.375	
340	1	21.625	21.625	14.2344	
341	1	21.5625	21.5625	15.2461	
342	1	22.0625	22.0625	16.1836	
343	1	22.1875	22.1875	16.9023	
344	1	22.125	22.125	14.9844	
345	1	22.1875	22.1875	14.9023	
346	1	22.75	22.75	20.6875	
347	1	22.125	22.125	14.9844	
348	1	22.125	22.125	14.9844	
349	1	21.9375	21.9375	18.5586	
350	1	22.9375	22.9375	18.0586	
351	1	22.5625	22.5625	19.3711	
352	1	23.0625	23.0625	22.5586	
353	1	22.5	22.5	15.625	
354	1	22.1875	22.1875	17.4023	
355	1	22.3125	22.3125	16.9648	
356	1	22.5625	22.5625	15.7461	
357	1	22.4375	22.4375	16.6211	
358	1	22.5	22.5	17.375	
359	1	22.75	22.75	15.3125	
360	1	22.8125	22.8125	15.5273	
361	1	22.5625	22.5625	15.8711	
362	1	22.9375	22.9375	16.0586	
363	1	23.125	23.125	16.9844	
364	1	23.4375	23.4375	16.6211	
365	1	23.1875	23.1875	17.7773	
366	1	24.125	24.125	22.2344	
367	1	23.1875	23.1875	18.9023	
368	1	23.75	23.75	16.6875	
369	1	23.75	23.75	16.3125	
370	1	24.125	24.125	22.3594	
371	1	23.6875	23.6875	15.4648	
372	1	23.875	23.875	15.3594	
373	1	24.375	24.375	16.4844	
374	1	25	25	24.25	
375	1	24.3125	24.3125	17.5898	
376	1	24.0625	24.0625	18.6836	
377	1	23.8125	23.8125	17.6523	
378	1	23.625	23.625	18.6094	
379	1	24.125	24.125	18.7344	
380	1	23.9375	23.9375	17.3086	
381	1	24	24	16.875	
382	1	24	24	16.875	
383	1	24.1875	24.1875	17.0273	
384	1	24	24	17.375	
385	1	23.8125	23.8125	17.9023	
386	1	23.8125	23.8125	17.9023	
387	1	24	24	17.375	
388	1	24.375	24.375	16.3594	
389	1	24.0625	24.0625	16.8086	
390	1	24.6875	24.6875	16.8398	
391	1	24.6875	24.6875	16.0898	
392	1	24.75	24.75	15.9375	
393	1	24.125	24.125	17.7344	
394	1	24.1875	24.1875	18.2773	
395	1	24.5	24.5	17.125	
396	1	24.875	24.875	15.8594	
397	1	26.375	26.375	28.8594	
398	1	24.625	24.625	16.9844	
399	1	24.5625	24.5625	18.7461	
400	1	24.875	24.875	17.4844	
401	1	26.25	26.25	23.9375	
402	1	25.3125	25.3125	18.8398	
403	1	25.8125	25.8125	17.7773	
404	1	25.3125	25.3125	16.7148	
405	1	25.8125	25.8125	15.5273	
406	1	26.4375	26.4375	21.6211	
407	1	25.5625	25.5625	18.2461	
408	1	25.6875	25.6875	16.8398	
409	1	26	26	15.375	
410	1	26.375	26.375	16.8594	
411	1	25.9375	25.9375	18.6836	
412	1	26.0625	26.0625	18.1836	
413	1	25.75	25.75	18.3125	
414	1	26.4375	26.4375	14.9961	
415	1	26.125	26.125	16.7344	
416	1	26.5625	26.5625	16.6211	
417	1	26.375	26.375	15.4844	
418	1	26.8125	26.8125	16.2773	
419	1	27	27	16.5	
420	1	26.6875	26.6875	19.8398	
421	1	26.875	26.875	18.2344	
422	1	27.125	27.125	17.7344	
423	1	27	27	17.75	
424	1	26.8125	26.8125	18.6523	
425	1	27.25	27.25	17.3125	
426	1	26.9375	26.9375	16.3086	
427	1	27.1875	27.1875	16.1523	
428	1	27.75	27.75	21.8125	
429	1	27.125	27.125	16.1094	
430	1	27.125	27.125	15.4844	
431	1	26.9375	26.9375	16.1836	
432	1	27.8125	27.8125	15.9023	
433	1	27.1875	27.1875	15.1523	
434	1	27.375	27.375	14.4844	
435	1	26.9375	26.9375	16.8086	
436	1	27	27	17	
437	1	26.75	26.75	19.4375	
438	1	27.25	27.25	17.4375	
439	1	27.75	27.75	15.4375	
440	1	27.6875	27.6875	16.5898	
441	1	27.4375	27.4375	15.9961	
442	1	27.9375	27.9375	15.9336	
443	1	28	28	15.25	
444	1	28.0625	28.0625	14.8086	
445	1	28.4375	28.4375	14.4961	
446	1	28.125	28.125	14.2344	
447	1	28.3125	28.3125	14.3398	
448	1	28.9375	28.9375	19.5586	
449	1	28.5625	28.5625	15.4961	
450	1	27.6875	27.6875	20.7148	
451	1	28.25	28.25	19.3125	
452	1	28.9375	28.9375	15.3086	
453	1	28.875	28.875	15.1094	
454	1	29.3125	29.3125	17.4648	
455	1	28.875	28.875	17.1094	
456	1	29.25	29.25	17.4375	
457	1	28.75	28.75	16.4375	
458	1	29.5625	29.5625	21.8711	
459	1	29.1875	29.1875	16.9023	
460	1	29.6875	29.6875	21.9648	
461	1	30.4375	30.4375	26.2461	
462	1	30.5	30.5	26.25	
463	1	29	29	18.5	
464	1	29	29	18.5	
465	1	29.375	29.375	15.9844	
466	1	29.5	29.5	15.125	
467	1	29.375	29.375	15.9844	
468	1	29.4375	29.4375	15.6211	
469	1	29.6875	29.6875	15.3398	
470	1	29.375	29.375	15.9844	
471	1	29.5	29.5	15.25	
472	1	29.4375	29.4375	15.6211	
473	1	29.625	29.625	15.3594	
474	1	29.9375	29.9375	14.8086	
475	1	30	30	15	
476	1	29.9375	29.9375	23.9336	
477	1	30.625	30.625	18.7344	
478	1	31.1875	31.1875	22.6523	
479	1	30.375	30.375	19.8594	
480	1	30.875	30.875	16.7344	
481	1	30.875	30.875	16.6094	
482	1	30.375	30.375	12.2344	
483	1	30.1875	30.1875	13.5273	
484	1	30.6875	30.6875	11.9648	
485	1	30.875	30.875	12.2344	
486	1	30.75	30.75	13.9375	
487	1	30.875	30.875	13.7344	
488	1	32.1875	32.1875	21.4023	
489	1	31.5	31.5	20	
490	1	31.9375	31.9375	18.1836	
491	1	31.625	31.625	19.6094	
492	1	32.125	32.125	19.6094	
493	1	31.75	31.75	15.0625	
494	1	31.8125	31.8125	15.2773	
495	1	31.3125	31.3125	16.5898	
496	1	31.75	31.75	14.8125	
497	1	32.0625	32.0625	15.0586	
498	1	32.125	32.125	14.1094	
499	1	31.75	31.75	14.8125	
500	1	31.9375	31.9375	14.1836	
501	1	32.1875	32.1875	13.6523	
502	1	31.625	31.625	16.2344	
503	1	31.75	31.75	15.8125	
504	1	32	32	16.375	
505	1	32.0625	32.0625	16.6836	
506	1	32.625	32.625	14.6094	
507	1	32.25	32.25	16.6875	
508	1	32.4375	32.4375	14.8711	
509	1	32.25	32.25	16.6875	
510	1	32.75	32.75	13.8125	
511	1	32.9375	32.9375	14.0586	
512	1	32.9375	32.9375	14.0586	
513	1	32.8125	32.8125	13.7773	
514	1	32.5	32.5	14.25	
515	1	32.6875	32.6875	14.7148	
516	1	33.25	33.25	13.9375	
517	1	33.3125	33.3125	14.2148	
518	1	33.25	33.25	14.0625	
519	1	33.375	33.375	14.2344	
520	1	33.5	33.5	14.75	
521	1	33.6875	33.6875	13.5898	
522	1	33.3125	33.3125	13.9648	
523	1	33.125	33.125	16.2344	
524	1	33.75	33.75	13.1875	
525	1	33.25	33.25	15.6875	
526	1	33.875	33.875	12.6094	
527	1	33.4375	33.4375	15.2461	
528	1	33.375	33.375	16.4844	
529	1	34.1875	34.1875	17.5273	
530	1	34.5625	34.5625	18.1211	
531	1	34.1875	34.1875	13.7773	
532	1	34.125	34.125	13.8594	
533	1	34.375	34.375	14.6094	
534	1	34.1875	34.1875	13.9023	
535	1	34.25	34.25	13.6875	
536	1	33.9375	33.9375	17.8086	
537	1	34.3125	34.3125	13.9648	
538	1	34.25	34.25	13.3125	
539	1	34.5	34.5	13.375	
540	1	33.3125	33.3125	20.0898	
541	1	33.9375	33.9375	16.8086	
542	1	34.375	34.375	21.4844	
543	1	34.1875	34.1875	18.1523	
544	1	35.25	35.25	17.6875	
545	1	34.75	34.75	13.8125	
546	1	34.8125	34.8125	14.2773	
547	1	34.75	34.75	14.3125	
548	1	35.125	35.125	15.7344	
549	1	35.125	35.125	15.7344	
550	1	35.25	35.25	15.6875	
551	1	35.75	35.75	19.0625	
552	1	35.0625	35.0625	14.9336	
553	1	35.25	35.25	15.1875	
554	1	35.4375	35.4375	15.3711	
555	1	35.4375	35.4375	15.2461	
556	1	36	36	18.375	
557	1	36.1875	36.1875	20.2773	
558	1	35.4375	35.4375	18.3711	
559	1	35.375	35.375	21.3594	
560	1	36.25	36.25	14.8125	
561	1	36.25	36.25	14.9375	
562	1	36.1875	36.1875	15.6523	
563	1	36.6875	36.6875	15.0898	
564	1	36.4375	36.4375	14.8711	
565	1	36.6875	36.6875	17.5898	
566	1	35.1875	35.1875	23.4023	
567	1	36.5625	36.5625	14.6211	
568	1	36.8125	36.8125	15.2773	
569	1	36.8125	36.8125	15.2773	
570	1	36.9375	36.9375	16.6836	
571	1	37	37	16.375	
572	1	37.1875	37.1875	17.2773	
573	1	37.125	37.125	17.1094	
574	1	37.0625	37.0625	16.6836	
575	1	37.0625	37.0625	16.6836	
576	1	36.25	36.25	22.1875	
577	1	37.125	37.125	16.3594	
578	1	37.25	37.25	17.3125	
579	1	36.9375	36.9375	17.0586	
580	1	37.25	37.25	14.3125	
581	1	37.875	37.875	19.7344	
582	1	37.3125	37.3125	15.3398	
583	1	37.5	37.5	15.75	
584	1	37.4375	37.4375	14.8711	
585	1	37.625	37.625	14.8594	
586	1	37.75	37.75	14.9375	
587	1	37.3125	37.3125	17.3398	
588	1	37.8125	37.8125	15.6523	
589	1	37.9375	37.9375	15.4336	
590	1	37.9375	37.9375	15.4336	
591	1	37.9375	37.9375	15.5586	
592	1	38	38	15.75	
593	1	37.875	37.875	14.8594	
594	1	38.25	38.25	15.0625	
595	1	38.25	38.25	14.9375	
596	1	38.375	38.375	16.2344	
597	1	39.0625	39.0625	19.4336	
598	1	38.875	38.875	16.7344	
599	1	38.875	38.875	16.6094	
600	1	39.125	39.125	16.8594	
601	1	39.6875	39.6875	20.8398	
602	1	39.25	39.25	18.1875	
603	1	38.875	38.875	27.6094	
604	1	38.625	38.625	24.7344	
605	1	39.125	39.125	18.6094	
606	1	39.375	39.375	18.9844	
607	1	39.625	39.625	19.4844	
608	1	39.6875	39.6875	19.5898	
609	1	39.125	39.125	21.7344	
610	1	39.6875	39.6875	19.5898	
611	1	39.6875	39.6875	19.5898	
612	1	40.125	40.125	22.2344	
613	1	39.75	39.75	18.4375	
614	1	39.3125	39.3125	18.2148	
615	1	39.8125	39.8125	18.6523	
616	1	39.5625	39.5625	19.1211	
617	1	40.3125	40.3125	23.0898	
618	1	39.5625	39.5625	19.9961	
619	1	40.0625	40.0625	23.1836	
620	1	39.6875	39.6875	20.3398	
621	1	39.875	39.875	21.4844	
622	1	39.9375	39.9375	20.3086	
623	1	39.4375	39.4375	24.3711	
624	1	39	39	28.5	
625	1	39.75	39.75	24.9375	
626	1	40.1875	40.1875	19.6523	
627	1	40.4375	40.4375	20.1211	
628	1	40.375	40.375	20.2344	
629	1	39.8125	39.8125	21.7773	
630	1	39.75	39.75	23.3125	
631	1	40.125	40.125	20.3594	
632	1	40.5	40.5	21.125	
633	1	40.8125	40.8125	24.0273	
634	1	40.25	40.25	22.8125	
635	1	39.9375	39.9375	26.9336	
636	1	41.625	41.625	26.6094	
637	1	40.8125	40.8125	27.1523	
638	1	40.1875	40.1875	27.6523	
639	1	40.875	40.875	28.9844	
640	1	41.5625	41.5625	28.8711	
641	1	41.9375	41.9375	27.5586	
642	1	41.875	41.875	24.9844	
643	1	41.6875	41.6875	23.5898	
644	1	41.3125	41.3125	25.7148	
645	1	41.4375	41.4375	25.9961	
646	1	42.0625	42.0625	24.4336	
647	1	42.625	42.625	30.9844	
648	1	42.3125	42.3125	32.2148	
649	1	42.5	42.5	29	
650	1	42	42	25.5	
651	1	41.8125	41.8125	26.4023	
652	1	42.6875	42.6875	28.9648	
653	1	41.8125	41.8125	29.9023	
654	1	42.625	42.625	27.6094	
655	1	42	42	35	
656	1	41.6875	41.6875	32.9648	
657	1	42.625	42.625	39.3594	
658	1	42.5625	42.5625	38.1211	
659	1	42.75	42.75	38.6875	
660	1	41.9375	41.9375	31.6836	
661	1	43.125	43.125	31.8594	
662	1	42.4375	42.4375	26.7461	
663	1	42.625	42.625	31.6094	
664	1	42.8125	42.8125	24.7773	
665	1	43.125	43.125	25.1094	
666	1	43.375	43.375	25.3594	
667	1	43.3125	43.3125	26.5898	
668	1	43.25	43.25	26.8125	
669	1	43.625	43.625	27.2344	
670	1	44.0625	44.0625	29.1836	
671	1	43.6875	43.6875	28.7148	
672	1	43.625	43.625	30.1094	
673	1	43.4375	43.4375	34.3711	
674	1	43.8125	43.8125	28.1523	
675	1	44.5625	44.5625	35.6211	
676	1	44.8125	44.8125	36.4023	
677	1	43.875	43.875	29.9844	
678	1	43.9375	43.9375	32.8086	
679	1	45.0625	45.0625	33.9336	
680	1	44.5625	44.5625	32.7461	
681	1	44.5625	44.5625	30.3711	
682	1	44.1875	44.1875	32.1523	
683	1	45.25	45.25	38.0625	
684	1	45.3125	45.3125	37.3398	
685	1	44.75	44.75	30.1875	
686	1	44.3125	44.3125	32.0898	
687	1	44.625	44.625	30.2344	
688	1	44.625	44.625	30.2344	
689	1	44.8125	44.8125	29.7773	
690	1	45	45	29.125	
691	1	44.9375	44.9375	29.0586	
692	1	45.6875	45.6875	36.0898	
693	1	45.5	45.5	30.5	
694	1	45.5	45.5	31.375	
695	1	45.8125	45.8125	30.2773	
696	1	46	46	32.75	
697	1	45.3125	45.3125	29.8398	
698	1	45.875	45.875	34.2344	
699	1	46.0625	46.0625	33.3086	
700	1	46.125	46.125	33.2344	
701	1	45.0625	45.0625	31.5586	
702	1	45.125	45.125	31.6094	
703	1	44.4375	44.4375	38.8711	
704	1	45.0625	45.0625	31.6836	
705	1	45.5625	45.5625	30.2461	
706	1	45.75	45.75	30.1875	
707	1	45.5625	45.5625	30.7461	
708	1	44.875	44.875	39.3594	
709	1	44.875	44.875	39.3594	
710	1	46.9375	46.9375	39.5586	
711	1	45.6875	45.6875	34.4648	
712	1	45.875	45.875	33.9844	
713	1	45.5	45.5	38.875	
714	1	46.375	46.375	31.2344	
715	1	46.9375	46.9375	38.9336	
716	1	46.875	46.875	39.3594	
717	1	47.75	47.75	39.9375	
718	1	46.6875	46.6875	29.4648	
719	1	47.0625	47.0625	30.6836	
720	1	46.5625	46.5625	31.4961	
721	1	46.25	46.25	30.8125	
722	1	46.25	46.25	30.8125	
723	1	47.25	47.25	37.3125	
724	1	46.25	46.25	30.9375	
725	1	46.875	46.875	34.1094	
726	1	46.4375	46.4375	31.4961	
727	1	46.125	46.125	33.2344	
728	1	46.75	46.75	29.5625	
729	1	47.375	47.375	31.1094	
730	1	47.6875	47.6875	34.7148	
731	1	47.375	47.375	34.6094	
732	1	47.6875	47.6875	35.9648	
733	1	47.75	47.75	36.8125	
734	1	48.125	48.125	41.3594	
735	1	47.75	47.75	34.0625	
736	1	46.875	46.875	40.4844	
737	1	47.375	47.375	34.6094	
738	1	47.1875	47.1875	38.7773	
739	1	47.125	47.125	38.6094	
740	1	46.6875	46.6875	44.8398	
741	1	46.625	46.625	45.9844	
742	1	47.5625	47.5625	41.1211	
743	1	47.375	47.375	40.2344	
744	1	47.9375	47.9375	34.6836	
745	1	48.0625	48.0625	35.1836	
746	1	47.25	47.25	44.3125	
747	1	47.5625	47.5625	41.9961	
748	1	47.8125	47.8125	40.6523	
749	1	47.9375	47.9375	38.4336	
750	1	48.125	48.125	35.9844	
751	1	48.6875	48.6875	34.9648	
752	1	49.9375	49.9375	46.3086	
753	1	48.6875	48.6875	34.4648	
754	1	47.8125	47.8125	40.4023	
755	1	49.0625	49.0625	46.9336	
756	1	48.9375	48.9375	35.6836	
757	1	49	49	35.625	
758	1	49.75	49.75	44.0625	
759	1	48.375	48.375	44.2344	
760	1	49.9375	49.9375	41.4336	
761	1	49.1875	49.1875	45.5273	
762	1	50.1875	50.1875	42.1523	
763	1	50.1875	50.1875	42.1523	
764	1	50.25	50.25	43.5625	
765	1	50.625	50.625	49.9844	
766	1	50.3125	50.3125	43.4648	
767	1	50.9375	50.9375	49.3086	
768	1	49.3125	49.3125	38.5898	
769	1	49.25	49.25	39.3125	
770	1	49.625	49.625	36.7344	
771	1	49.8125	49.8125	36.0273	
772	1	49.0625	49.0625	41.1836	
773	1	49.4375	49.4375	38.1211	
774	1	49.3125	49.3125	39.5898	
775	1	50.9375	50.9375	41.8086	
776	1	50.375	50.375	37.3594	
777	1	50.375	50.375	35.9844	
778	1	50.4375	50.4375	35.8711	
779	1	51.125	51.125	40.9844	
780	1	50.5	50.5	35.75	
781	1	50.25	50.25	38.0625	
782	1	49.5625	49.5625	39.8711	
783	1	50.4375	50.4375	38.4961	
784	1	51.125	51.125	39.2344	
785	1	49.875	49.875	37.3594	
786	1	49.9375	49.9375	37.3086	
787	1	50.6875	50.6875	36.7148	
788	1	50.875	50.875	33.9844	
789	1	51.1875	51.1875	35.7773	
790	1	51.75	51.75	40.9375	
791	1	51.5	51.5	40.375	
792	1	51.3125	51.3125	37.3398	
793	1	52.0625	52.0625	45.6836	
794	1	51.5625	51.5625	45.3711	
795	1	51.3125	51.3125	39.0898	
796	1	52.25	52.25	44.1875	
797	1	51.8125	51.8125	39.2773	
798	1	52.5	52.5	47	
799	1	51.8125	51.8125	39.6523	
800	1	50.875	50.875	41.9844	
801	1	51.1875	51.1875	39.7773	
802	1	51.5625	51.5625	40.3711	
803	1	51.125	51.125	42.1094	
804	1	52.8125	52.8125	45.1523	
805	1	51.75	51.75	40.3125	
806	1	52.375	52.375	40.2344	
807	1	52.25	52.25	39.5625	
808	1	52.5625	52.5625	41.6211	
809	1	51.875	51.875	43.2344	
810	1	52	52	40.75	
811	1	51.8125	51.8125	43.5273	
812	1	53	53	49	
813	1	52.5625	52.5625	41.9961	
814	1	52.375	52.375	42.6094	
815	1	52.125	52.125	44.7344	
816	1	52.4375	52.4375	44.7461	
817	1	52.375	52.375	45.9844	
818	1	53.125	53.125	42.3594	
819	1	53.4375	53.4375	44.3711	
820	1	53	53	40.75	
821	1	52.75	52.75	42.6875	
822	1	53.75	53.75	46.1875	
823	1	53.75	53.75	41.6875	
824	1	53.75	53.75	41.6875	
825	1	53.8125	53.8125	42.9023	
826	1	53.25	53.25	44.6875	
827	1	53.9375	53.9375	42.0586	
828	1	54	54	42.5	
829	1	53.375	53.375	40.8594	
830	1	53.25	53.25	41.5625	
831	1	53.6875	53.6875	41.3398	
832	1	53.1875	53.1875	41.7773	
833	1	54.25	54.25	47.6875	
834	1	53.75	53.75	40.6875	
835	1	53.3125	53.3125	42.5898	
836	1	53.9375	53.9375	42.9336	
837	1	52.875	52.875	56.1094	
838	1	55.625	55.625	57.1094	
839	1	54.125	54.125	44.8594	
840	1	54.5625	54.5625	49.9961	
841	1	54.25	54.25	45.6875	
842	1	54.3125	54.3125	46.2148	
843	1	54.375	54.375	45.7344	
844	1	54.875	54.875	46.1094	
845	1	54.8125	54.8125	45.6523	
846	1	55.375	55.375	53.9844	
847	1	54.625	54.625	43.1094	
848	1	54.625	54.625	40.7344	
849	1	54.25	54.25	43.8125	
850	1	55	55	43.875	
851	1	54.5	54.5	45.25	
852	1	54.5625	54.5625	45.8711	
853	1	56.4375	56.4375	59.8711	
854	1	54.1875	54.1875	55.6523	
855	1	55.375	55.375	45.6094	
856	1	54.625	54.625	55.8594	
857	1	53.5625	53.5625	63.4961	
858	1	54	54	56.25	
859	1	55.3125	55.3125	68.8398	
860	1	55.4375	55.4375	72.3711	
861	1	54.125	54.125	59.9844	
862	1	54.6875	54.6875	59.4648	
863	1	53.875	53.875	70.7344	
864	1	54.375	54.375	64.2344	
865	1	54.9375	54.9375	54.9336	
866	1	56.125	56.125	66.9844	
867	1	56.1875	56.1875	66.0273	
868	1	55.6875	55.6875	53.2148	
869	1	55.875	55.875	49.1094	
870	1	55.875	55.875	49.1094	
871	1	55.625	55.625	49.8594	
872	1	56	56	48.5	
873	1	56.25	56.25	50.0625	
874	1	55.375	55.375	52.2344	
875	1	54.375	54.375	67.9844	
876	1	56.0625	56.0625	72.3086	
877	1	55.3125	55.3125	55.2148	
878	1	55.8125	55.8125	55.4023	
879	1	55.25	55.25	57.6875	
880	1	55.5625	55.5625	54.4961	
881	1	55.375	55.375	56.3594	
882	1	55.0625	55.0625	65.1836	
883	1	55.4375	55.4375	64.2461	
884	1	56.875	56.875	58.4844	
885	1	56.4375	56.4375	54.2461	
886	1	55.8125	55.8125	58.4023	
887	1	56	56	59.375	
888	1	56.5	56.5	60.75	
889	1	55.4375	55.4375	59.6211	
890	1	56	56	58.625	
891	1	56.375	56.375	56.7344	
892	1	57.125	57.125	54.1094	
893	1	58.1875	58.1875	69.1523	
894	1	58.1875	58.1875	69.1523	
895	1	57.9375	57.9375	64.6836	
896	1	58.3125	58.3125	68.3398	
897	1	56.875	56.875	51.9844	
898	1	56.0625	56.0625	62.5586	
899	1	57.1875	57.1875	52.0273	
900	1	57.1875	57.1875	52.0273	
901	1	58	58	63.25	
902	1	57.9375	57.9375	59.5586	
903	1	57.625	57.625	52.9844	
904	1	56.8125	56.8125	55.7773	
905	1	59.0625	59.0625	72.0586	
906	1	59.1875	59.1875	74.0273	
907	1	58.0625	58.0625	70.6836	
908	1	58.6875	58.6875	66.8398	
909	1	58.8125	58.8125	68.9023	
910	1	58.75	58.75	69.4375	
911	1	58.5625	58.5625	60.8711	
912	1	58.25	58.25	57.8125	
913	1	58.3125	58.3125	59.8398	
914	1	58.6875	58.6875	63.2148	
915	1	58.3125	58.3125	61.5898	
916	1	58.5	58.5	63.25	
917	1	58.375	58.375	63.1094	
918	1	58.9375	58.9375	66.4336	
919	1	59.5625	59.5625	75.3711	
920	1	59.375	59.375	64.6094	
921	1	58.125	58.125	73.7344	
922	1	60.875	60.875	83.3594	
923	1	60.4375	60.4375	75.6211	
924	1	58.8125	58.8125	70.2773	
925	1	57.9375	57.9375	74.4336	
926	1	58.625	58.625	67.7344	
927	1	58.625	58.625	68.9844	
928	1	59.375	59.375	68.8594	
929	1	59.0625	59.0625	66.8086	
930	1	59.625	59.625	68.9844	
931	1	59.75	59.75	69.8125	
932	1	58.5	58.5	78.75	
933	1	59.125	59.125	68.4844	
934	1	59.3125	59.3125	66.3398	
935	1	60	60	67.5	
936	1	59.6875	59.6875	65.0898	
937	1	59.6875	59.6875	65.0898	
938	1	59.4375	59.4375	69.6211	
939	1	59.8125	59.8125	63.9023	
940	1	62	62	83.125	
941	1	61.25	61.25	72.9375	
942	1	61.125	61.125	66.2344	
943	1	61.25	61.25	65.8125	
944	1	61	61	63.5	
945	1	60.9375	60.9375	63.1836	
946	1	61.3125	61.3125	64.3398	
947	1	61.125	61.125	62.7344	
948	1	61.8125	61.8125	72.5273	
949	1	58.75	58.75	88.5625	
950	1	60.4375	60.4375	71.9961	
951	1	61.9375	61.9375	75.6836	
952	1	61.4375	61.4375	80.9961	
953	1	61.6875	61.6875	68.0898	
954	1	61	61	69.375	
955	1	61.4375	61.4375	67.8711	
956	1	62.0625	62.0625	70.9336	
957	1	61.625	61.625	68.4844	
958	1	61.625	61.625	66.4844	
959	1	59.9375	59.9375	76.6836	
960	1	60.375	60.375	73.1094	
961	1	60.3125	60.3125	73.5898	
962	1	61.25	61.25	75.3125	
963	1	61.4375	61.4375	75.9961	
964	1	62.1875	62.1875	68.5273	
965	1	62.5625	62.5625	72.1211	
966	1	60.3125	60.3125	87.0898	
967	1	59.75	59.75	98.9375	
968	1	61.3125	61.3125	89.4648	
969	1	59.8125	59.8125	98.6523	
970	1	60.8125	60.8125	84.0273	
971	1	61.8125	61.8125	97.1523	
972	1	60.5625	60.5625	85.1211	
973	1	61.3125	61.3125	80.2148	
974	1	62.1875	62.1875	90.2773	
975	1	62.4375	62.4375	68.1211	
976	1	62.6875	62.6875	67.2148	
977	1	61.4375	61.4375	76.6211	
978	1	62.375	62.375	64.9844	
979	1	62.8125	62.8125	78.4023	
980	1	64.3125	64.3125	76.7148	
981	1	64.0625	64.0625	72.9336	
982	1	62	62	68	
983	1	62.5	62.5	60.625	
984	1	63.625	63.625	69.4844	
985	1	63.3125	63.3125	63.2148	
986	1	63.375	63.375	64.2344	
987	1	64.0625	64.0625	67.9336	
988	1	64.0625	64.0625	67.9336	
989	1	63.3125	63.3125	65.9648	
990	1	63.9375	63.9375	69.4336	
991	1	62.5625	62.5625	62.8711	
992	1	62.5625	62.5625	65.1211	
993	1	63.75	63.75	74.5625	
994	1	63	63	63.125	
995	1	63.625	63.625	69.2344	
996	1	63.875	63.875	63.9844	
997	1	63.5625	63.5625	76.1211	
998	1	63.625	63.625	77.3594	
999	1	64.0625	64.0625	72.4336	
1000	1	64.9375	64.9375	73.3086	
1001	1	65.25	65.25	75.0625	
1002	1	63.125	63.125	80.9844	
1003	1	62.75	62.75	81.0625	
1004	1	62	62	93.625	
1005	1	62.875	62.875	77.4844	
1006	1	64.0625	64.0625	81.6836	
1007	1	64.0625	64.0625	67.8086	
1008	1	64.9375	64.9375	58.9336	
1009	1	64.125	64.125	59.9844	
1010	1	64.1875	64.1875	59.6523	
1011	1	64.25	64.25	59.1875	
1012	1	65.4375	65.4375	71.8711	
1013	1	63.875	63.875	69.2344	
1014	1	65.5625	65.5625	66.8711	
1015	1	64.9375	64.9375	64.0586	
1016	1	66.4375	66.4375	70.9961	
1017	1	66.1875	66.1875	68.1523	
1018	1	66.5	66.5	70.375	
1019	1	64.8125	64.8125	65.0273	
1020	1	65.25	65.25	63.6875	
1021	1	66.125	66.125	64.9844	
1022	1	66.4375	66.4375	68.8711	
1023	1	66.1875	66.1875	65.7773	
1024	1	67.5625	67.5625	89.4961	
1025	1	67.0625	67.0625	79.8086	
1026	1	66.75	66.75	75.9375	
1027	1	65	65	82.25	
1028	1	66.5	66.5	68	
1029	1	65.8125	65.8125	66.1523	
1030	1	65.3125	65.3125	68.2148	
1031	1	65.375	65.375	67.7344	
1032	1	67.125	67.125	76.7344	
1033	1	66.875	66.875	73.7344	
1034	1	67	67	75	
1035	1	64.625	64.625	84.9844	
1036	1	66.0625	66.0625	101.934	
1037	1	65.75	65.75	91.4375	
1038	1	65.5625	65.5625	88.1211	
1039	1	64.5625	64.5625	89.9961	
1040	1	65.3125	65.3125	76.5898	
1041	1	64.125	64.125	101.109	
1042	1	64.9375	64.9375	89.0586	
1043	1	65.75	65.75	73.0625	
1044	1	67.3125	67.3125	73.2148	
1045	1	67	67	74.75	
1046	1	67.25	67.25	85.6875	
1047	1	66.5625	66.5625	69.8711	
1048	1	67.625	67.625	72.8594	
1049	1	67.625	67.625	72.8594	
1050	1	69.0625	69.0625	99.0586	
1051	1	68.4375	68.4375	83.7461	
1052	1	68.875	68.875	87.6094	
1053	1	67.8125	67.8125	72.4023	
1054	1	68.875	68.875	85.4844	
1055	1	68.6875	68.6875	82.2148	
1056	1	67.1875	67.1875	74.9023	
1057	1	67	67	73.375	
1058	1	68.125	68.125	92.3594	
1059	1	66.9375	66.9375	76.1836	
1060	1	66.8125	66.8125	77.4023	
1061	1	67.0625	67.0625	74.4336	
1062	1	68.375	68.375	94.1094	
1063	1	67.3125	67.3125	73.2148	
1064	1	67.25	67.25	76.1875	
1065	1	68.0625	68.0625	74.1836	
1066	1	67.3125	67.3125	78.3398	
1067	1	68.625	68.625	95.4844	
1068	1	69.5	69.5	83.125	
1069	1	70	70	91.375	
1070	1	69.8125	69.8125	88.2773	
1071	1	68.4375	68.4375	74.9961	
1072	1	68.625	68.625	75.6094	
1073	1	66.375	66.375	117.609	
1074	1	67.8125	67.8125	98.6523	
1075	1	69.25	69.25	76.0625	
1076	1	69.1875	69.1875	89.0273	
1077	1	70.625	70.625	93.4844	
1078	1	70.6875	70.6875	95.4648	
1079	1	70.1875	70.1875	87.9023	
1080	1	69.125	69.125	79.2344	
1081	1	68.3125	68.3125	81.2148	
1082	1	69	69	82.125	
1083	1	70.5625	70.5625	89.6211	
1084	1	71.4375	71.4375	102.371	
1085	1	70	70	94.125	
1086	1	69.5625	69.5625	117.246	
1087	1	68.0625	68.0625	99.0586	
1088	1	69.625	69.625	82.8594	
1089	1	69.8125	69.8125	81.5273	
1090	1	70.8125	70.8125	80.6523	
1091	1	71.5	71.5	87.875	
1092	1	69.3125	69.3125	80.7148	
1093	1	69.375	69.375	79.9844	
1094	1	70.875	70.875	94.6094	
1095	1	71.5625	71.5625	91.6211	
1096	1	68.875	68.875	96.6094	
1097	1	69.25	69.25	96.5625	
1098	1	69.25	69.25	96.5625	
1099	1	71.75	71.75	81.3125	
1100	1	70.8125	70.8125	81.1523	
1101	1	70.75	70.75	80.8125	
1102	1	72.625	72.625	96.3594	
1103	1	70.0625	70.0625	84.0586	
1104	1	70.125	70.125	83.4844	
1105	1	71	71	79.5	
1106	1	72.5	72.5	90.25	
1107	1	71.875	71.875	97.3594	
1108	1	70.5625	70.5625	82.3711	
1109	1	70.9375	70.9375	78.4336	
1110	1	70.8125	70.8125	79.1523	
1111	1	70.8125	70.8125	79.1523	
1112	1	72.1875	72.1875	87.5273	
1113	1	70.375	70.375	98.6094	
1114	1	71.8125	71.8125	108.402	
1115	1	71.0625	71.0625	95.5586	
1116	1	71.1875	71.1875	95.5273	
1117	1	70.875	70.875	95.2344	
1118	1	69.875	69.875	113.984	
1119	1	73	73	84.5	
1120	1	74.125	74.125	93.3594	
1121	1	73.4375	73.4375	82.8711	
1122	1	72.4375	72.4375	75.1211	
1123	1	72.3125	72.3125	74.5898	
1124	1	72.3125	72.3125	76.2148	
1125	1	71.9375	71.9375	79.6836	
1126	1	74.5	74.5	95.25	
1127	1	73.8125	73.8125	85.1523	
1128	1	73.875	73.875	86.7344	
1129	1	73.875	73.875	86.7344	
1130	1	73.875	73.875	87.2344	
1131	1	74.75	74.75	96.1875	
1132	1	73.5	73.5	89	
1133	1	74.3125	74.3125	86.7148	
1134	1	75.125	75.125	100.859	
1135	1	74.4375	74.4375	85.9961	
1136	1	74.6875	74.6875	89.4648	
1137	1	71.1875	71.1875	117.652	
1138	1	71.4375	71.4375	119.996	
1139	1	72.375	72.375	104.984	
1140	1	76	76	111.125	
1141	1	76	76	111.125	
1142	1	74.75	74.75	102.312	
1143	1	73.25	73.25	91.8125	
1144	1	73.25	73.25	92.3125	
1145	1	74.875	74.875	105.109	
1146	1	73.5	73.5	89.125	
1147	1	74.1875	74.1875	90.1523	
1148	1	75.125	75.125	110.484	
1149	1	74.3125	74.3125	134.965	
1150	1	74.375	74.375	93.6094	
1151	1	76.4375	76.4375	120.121	
1152	1	76.4375	76.4375	120.121	
1153	1	75.125	75.125	93.3594	
1154	1	74.375	74.375	95.9844	
1155	1	73.75	73.75	93.0625	
1156	1	73.875	73.875	92.7344	
1157	1	73.1875	73.1875	112.527	
1158	1	75.5	75.5	93.5	
1159	1	75.375	75.375	113.609	
1160	1	74.8125	74.8125	97.5273	
1161	1	75.0625	75.0625	95.6836	
1162	1	75.9375	75.9375	94.5586	
1163	1	75.0625	75.0625	97.1836	
1164	1	74.3125	74.3125	117.715	
1165	1	76.125	76.125	94.9844	
1166	1	74.5	74.5	118.875	
1167	1	76.25	76.25	96.5625	
1168	1	75.9375	75.9375	109.559	
1169	1	75.3125	75.3125	97.0898	
1170	1	76.0625	76.0625	112.559	
1171	1	74.625	74.625	94.8594	
1172	1	75.3125	75.3125	92.4648	
1173	1	75.3125	75.3125	93.4648	
1174	1	75.625	75.625	95.8594	
1175	1	75.375	75.375	92.6094	
1176	1	75.3125	75.3125	89.5898	
1177	1	74.75	74.75	111.938	
1178	1	76.8125	76.8125	94.7773	
1179	1	75.625	75.625	89.4844	
1180	1	76.3125	76.3125	87.4648	
1181	1	75.6875	75.6875	92.4648	
1182	1	75.6875	75.6875	92.4648	
1183	1	75.0625	75.0625	111.059	
1184	1	76.5625	76.5625	87.6211	
1185	1	75.4375	75.4375	117.746	
1186	1	76.5	76.5	95	
1187	1	77.3125	77.3125	95.8398	
1188	1	77.4375	77.4375	97.7461	
1189	1	77.625	77.625	104.234	
1190	1	75.625	75.625	91.4844	
1191	1	74.8125	74.8125	110.527	
1192	1	76.375	76.375	87.3594	
1193	1	75.875	75.875	90.2344	
1194	1	76.5625	76.5625	92.6211	
1195	1	77.625	77.625	112.609	
1196	1	77.625	77.625	112.609	
1197	1	78.1875	78.1875	109.902	
1198	1	77.5	77.5	116	
1199	1	77.875	77.875	113.609	
1200	1	75.5	75.5	118.5	
1201	1	75.3125	75.3125	118.965	
1202	1	76.9375	76.9375	98.9336	
1203	1	77	77	94.625	
1204	1	77.625	77.625	100.484	
1205	1	77.8125	77.8125	104.027	
1206	1	78.1875	78.1875	113.777	
1207	1	77.8125	77.8125	104.027	
1208	1	78.0625	78.0625	102.559	
1209	1	78.5	78.5	114.125	
1210	1	78.6875	78.6875	114.09	
1211	1	76.9375	76.9375	102.434	
1212	1	78.3125	78.3125	119.965	
1213	1	76.6875	76.6875	108.59	
1214	1	77.75	77.75	103.562	
1215	1	77.8125	77.8125	104.152	
1216	1	77.25	77.25	103.938	
1217	1	78.375	78.375	111.609	
1218	1	79.4375	79.4375	114.996	
1219	1	75.625	75.625	148.609	
1220	1	78	78	107.5	
1221	1	79.5625	79.5625	125.371	
1222	1	78.125	78.125	110.359	
1223	1	77.25	77.25	132.562	
1224	1	78.625	78.625	105.734	
1225	1	79.375	79.375	112.609	
1226	1	78.5	78.5	149.375	
1227	1	80.1875	80.1875	127.652	
1228	1	78.5	78.5	118.25	
1229	1	79.3125	79.3125	133.09	
1230	1	80.5625	80.5625	133.246	
1231	1	77.5	77.5	118.125	
1232	1	77.6875	77.6875	121.84	
1233	1	78.125	78.125	121.984	
1234	1	78.875	78.875	117.984	
1235	1	80.0625	80.0625	123.684	
1236	1	80.375	80.375	137.359	
1237	1	79.25	79.25	166.562	
1238	1	81.25	81.25	143.062	
1239	1	80	80	143.375	
1240	1	80.1875	80.1875	143.277	
1241	1	78.6875	78.6875	117.215	
1242	1	79.5625	79.5625	127.246	
1243	1	78.8125	78.8125	115.527	
1244	1	78.4375	78.4375	121.996	
1245	1	79.75	79.75	123.062	
1246	1	79.875	79.875	120.984	
1247	1	78.8125	78.8125	119.777	
1248	1	78.875	78.875	118.984	
1249	1	79.5	79.5	116.625	
1250	1	80.625	80.625	124.359	
1251	1	81.375	81.375	145.984	
1252	1	82.25	82.25	151.812	
1253	1	82.625	82.625	159.984	
1254	1	80.875	80.875	151.109	
1255	1	79.75	79.75	155.562	
1256	1	79.375	79.375	148.609	
1257	1	81.0625	81.0625	129.434	
1258	1	80	80	132.125	
1259	1	81.4375	81.4375	132.496	
1260	1	80.4375	80.4375	131.371	
1261	1	80.25	80.25	136.688	
1262	1	81.8125	81.8125	138.027	
1263	1	80.625	80.625	132.609	
1264	1	82.625	82.625	154.859	
1265	1	79.5625	79.5625	139.621	
1266	1	79.4375	79.4375	149.496	
1267	1	81	81	152.375	
1268	1	81.875	81.875	162.359	
1269	1	81.375	81.375	145.859	
1270	1	81.1875	81.1875	151.777	
1271	1	81.125	81.125	140.609	
1272	1	81.625	81.625	139.859	
1273	1	81.1875	81.1875	143.277	
1274	1	80.5	80.5	165.375	
1275	1	82.0625	82.0625	139.184	
1276	1	83.375	83.375	172.609	
1277	1	83.375	83.375	172.609	
1278	1	81.4375	81.4375	152.496	
1279	1	82.5625	82.5625	181.621	
1280	1	80.5	80.5	157	
1281	1	79.875	79.875	174.734	
1282	1	80.5	80.5	157	
1283	1	80.6875	80.6875	158.34	
1284	1	82.0625	82.0625	159.309	
1285	1	82.5	82.5	145.375	
1286	1	82.9375	82.9375	183.809	
1287	1	84.0625	84.0625	178.059	
1288	1	82.3125	82.3125	147.715	
1289	1	81.75	81.75	153.062	
1290	1	82.0625	82.0625	147.809	
1291	1	82.375	82.375	152.984	
1292	1	83.25	83.25	149.812	
1293	1	82.5	82.5	152.75	
1294	1	83.4375	83.4375	149.746	
1295	1	80.625	80.625	176.359	
1296	1	81.375	81.375	168.859	
1297	1	81.875	81.875	148.484	
1298	1	82.75	82.75	156.438	
1299	1	81.875	81.875	146.859	
1300	1	81.375	81.375	155.484	
1301	1	84.25	84.25	153.688	
1302	1	84.375	84.375	155.359	
1303	1	83	83	157.25	
1304	1	83.125	83.125	161.109	
1305	1	83.1875	83.1875	164.402	
1306	1	84.5	84.5	160.875	
1307	1	84.4375	84.4375	198.121	
1308	1	86.0625	86.0625	200.309	
1309	1	85.5	85.5	179	
1310	1	86.3125	86.3125	198.965	
1311	1	84.4375	84.4375	181.621	
1312	1	84.4375	84.4375	188.746	
1313	1	85.8125	85.8125	184.527	
1314	1	86.0625	86.0625	195.559	
1315	1	85.6875	85.6875	184.965	
1316	1	85.0625	85.0625	163.684	
1317	1	82.9375	82.9375	165.309	
1318	1	87.1875	87.1875	224.777	
1319	1	84.4375	84.4375	229.246	
1320	1	86.375	86.375	200.109	
1321	1	85.3125	85.3125	164.965	
1322	1	85.4375	85.4375	164.746	
1323	1	84.3125	84.3125	164.465	
1324	1	83.125	83.125	171.609	
1325	1	84.375	84.375	163.109	
1326	1	84.4375	84.4375	162.246	
1327	1	83.8125	83.8125	160.652	
1328	1	84.5625	84.5625	160.371	
1329	1	83.5625	83.5625	164.371	
1330	1	84	84	157.875	
1331	1	85.75	85.75	186.312	
1332	1	84.3125	84.3125	155.465	
1333	1	84.3125	84.3125	155.465	
1334	1	86.1875	86.1875	181.027	
1335	1	88.625	88.625	230.609	
1336	1	88.6875	88.6875	233.715	
1337	1	84.625	84.625	160.359	
1338	1	86.5	86.5	184.375	
1339	1	84.1875	84.1875	169.402	
1340	1	84.5	84.5	163.75	
1341	1	84.75	84.75	159.438	
1342	1	87.8125	87.8125	200.902	
1343	1	85.0625	85.0625	160.184	
1344	1	87.25	87.25	167.188	
1345	1	86.625	86.625	166.484	
1346	1	85.25	85.25	165.438	
1347	1	86.25	86.25	161.938	
1348	1	87.3125	87.3125	167.215	
1349	1	85.25	85.25	164.562	
1350	1	85.375	85.375	165.234	
1351	1	86.6875	86.6875	173.59	
1352	1	85.5	85.5	166	
1353	1	87.375	87.375	160.609	
1354	1	89.75	89.75	219.812	
1355	1	89.8125	89.8125	220.402	
1356	1	88.25	88.25	197.188	
1357	1	89	89	195.75	
1358	1	87.375	87.375	242.109	
1359	1	88.1875	88.1875	214.027	
1360	1	88.375	88.375	211.609	
1361	1	88.6875	88.6875	207.215	
1362	1	90.625	90.625	243.484	
1363	1	88.875	88.875	206.734	
1364	1	87.0625	87.0625	165.059	
1365	1	87.5	87.5	173.375	
1366	1	90.0625	90.0625	214.059	
1367	1	89.625	89.625	207.359	
1368	1	89.25	89.25	196.812	
1369	1	89.75	89.75	207.438	
1370	1	88.875	88.875	215.859	
1371	1	88.6875	88.6875	206.965	
1372	1	90.0625	90.0625	208.684	
1373	1	89.0625	89.0625	218.809	
1374	1	88.125	88.125	250.859	
1375	1	90.4375	90.4375	219.496	
1376	1	89.75	89.75	212.062	
1377	1	89.75	89.75	212.062	
1378	1	90.25	90.25	215.188	
1379	1	88.4375	88.4375	173.246	
1380	1	87.125	87.125	181.984	
1381	1	87.125	87.125	181.984	
1382	1	89.5625	89.5625	204.621	
1383	1	88.375	88.375	182.359	
1384	1	88.375	88.375	182.484	
1385	1	88.75	88.75	177.562	
1386	1	89.375	89.375	177.609	
1387	1	87.625	87.625	210.484	
1388	1	87.3125	87.3125	188.34	
1389	1	88.0625	88.0625	177.934	
1390	1	87.25	87.25	211.812	
1391	1	87.375	87.375	213.984	
1392	1	89.9375	89.9375	183.559	
1393	1	90.4375	90.4375	192.371	
1394	1	90.4375	90.4375	192.371	
1395	1	89.375	89.375	199.609	
1396	1	91.6875	91.6875	220.715	
1397	1	88.875	88.875	193.359	
1398	1	90.6875	90.6875	222.715	
1399	1	88.5	88.5	183.5	
1400	1	91.6875	91.6875	209.715	
1401	1	89.875	89.875	181.484	
1402	1	91.3125	91.3125	190.34	
1403	1	91	91	184.75	
1404	1	93	93	241.875	
1405	1	92.375	92.375	221.484	
1406	1	91.1875	91.1875	219.027	
1407	1	90.3125	90.3125	185.59	
1408	1	89.25	89.25	192.688	
1409	1	89.5	89.5	188.5	
1410	1	90.875	90.875	195.984	
1411	1	89.4375	89.4375	189.246	
1412	1	89.75	89.75	184.688	
1413	1	89.75	89.75	188.688	
1414	1	92.125	92.125	198.109	
1415	1	89.9375	89.9375	239.934	
1416	1	93.25	93.25	224.688	
1417	1	91.4375	91.4375	194.496	
1418	1	92.25	92.25	224.812	
1419	1	92.3125	92.3125	227.715	
1420	1	92.125	92.125	235.484	
1421	1	94.5	94.5	265.125	
1422	1	91.125	91.125	202.984	
1423	1	91.1875	91.1875	201.027	
1424	1	91.4375	91.4375	196.871	
1425	1	91.4375	91.4375	196.871	
1426	1	93.6875	93.6875	236.09	
1427	1	90.3125	90.3125	206.715	
1428	1	90.5	90.5	207.875	
1429	1	92.75	92.75	245.562	
1430	1	90.1875	90.1875	214.652	
1431	1	91.25	91.25	214.188	
1432	1	93.25	93.25	236.938	
1433	1	95.125	95.125	273.734	
1434	1	92.75	92.75	202.188	
1435	1	92.0625	92.0625	199.309	
1436	1	94	94	236.625	
1437	1	94.375	94.375	239.734	
1438	1	91.625	91.625	195.109	
1439	1	93.0625	93.0625	201.934	
1440	1	91.6875	91.6875	214.59	
1441	1	91	91	210.25	
1442	1	90.5625	90.5625	214.871	
1443	1	93.125	93.125	203.359	
1444	1	93.3125	93.3125	240.215	
1445	1	93.625	93.625	235.984	
1446	1	95.4375	95.4375	268.496	
1447	1	93.3125	93.3125	204.215	
1448	1	91.25	91.25	204.812	
1449	1	92.5	92.5	203.125	
1450	1	93.3125	93.3125	242.84	
1451	1	95.5625	95.5625	267.871	
1452	1	93.3125	93.3125	242.84	
1453	1	95.625	95.625	270.734	
1454	1	95	95	244.75	
1455	1	93.125	93.125	208.359	
1456	1	94.5	94.5	214.75	
1457	1	93.1875	93.1875	213.652	
1458	1	93.625	93.625	211.484	
1459	1	92.25	92.25	203.812	
1460	1	94.5625	94.5625	236.621	
1461	1	91.625	91.625	215.609	
1462	1	92.1875	92.1875	203.652	
1463	1	93.625	93.625	211.109	
1464	1	93.4375	93.4375	207.121	
1465	1	93.4375	93.4375	202.621	
1466	1	92	92	214.125	
1467	1	93.375	93.375	217.484	
1468	1	93.5625	93.5625	221.496	
1469	1	92.5625	92.5625	249.621	
1470	1	96.0625	96.0625	240.309	
1471	1	93.875	93.875	207.359	
1472	1	95.125	95.125	244.234	
1473	1	97.3125	97.3125	273.965	
1474	1	97.3125	97.3125	273.965	
1475	1	94.375	94.375	217.609	
1476	1	93.25	93.25	263.688	
1477	1	94.3125	94.3125	214.215	
1478	1	93.125	93.125	209.734	
1479	1	97.6875	97.6875	274.965	
1480	1	95.6875	95.6875	213.715	
1481	1	94.8125	94.8125	209.027	
1482	1	93.3125	93.3125	218.215	
1483	1	92.4375	92.4375	254.746	
1484	1	97.5625	97.5625	269.496	
1485	1	96.6875	96.6875	241.84	
1486	1	97.75	97.75	272.312	
1487	1	97.125	97.125	238.109	
1488	1	94.6875	94.6875	192.965	
1489	1	91.6875	91.6875	272.09	
1490	1	91.875	91.875	265.859	
1491	1	94.125	94.125	238.859	
1492	1	92.9375	92.9375	238.559	
1493	1	97.375	97.375	235.984	
1494	1	95.1875	95.1875	204.402	
1495	1	97.375	97.375	233.984	
1496	1	95.0625	95.0625	215.684	
1497	1	95.6875	95.6875	204.715	
1498	1	94.6875	94.6875	251.09	
1499	1	94.3125	94.3125	204.34	
1500	1	95.4375	95.4375	204.621	
1501	1	96.5625	96.5625	241.371	
1502	1	96.625	96.625	234.484	
1503	1	97.0625	97.0625	202.684	
1504	1	95.75	95.75	205.062	
1505	1	97.125	97.125	200.859	
1506	1	98.0625	98.0625	230.684	
1507	1	98.0625	98.0625	228.934	
1508	1	99.125	99.125	264.359	
1509	1	98.0625	98.0625	234.809	
1510	1	94.4375	94.4375	208.496	
1511	1	94.625	94.625	205.609	
1512	1	96	96	208	
1513	1	96	96	208	
1514	1	94.6875	94.6875	207.59	
1515	1	98.375	98.375	238.359	
1516	1	98.3125	98.3125	235.465	
1517	1	97.625	97.625	238.734	
1518	1	95.8125	95.8125	199.652	
1519	1	94.375	94.375	238.734	
1520	1	96.9375	96.9375	212.309	
1521	1	99.4375	99.4375	271.371	
1522	1	96.0625	96.0625	218.684	
1523	1	97.6875	97.6875	210.715	
1524	1	96.375	96.375	214.734	
1525	1	98.75	98.75	245.312	
1526	1	97.75	97.75	211.812	
1527	1	96.3125	96.3125	216.465	
1528	1	96.8125	96.8125	206.402	
1529	1	95.125	95.125	214.609	
1530	1	95.4375	95.4375	208.496	
1531	1	95.625	95.625	210.609	
1532	1	98.5625	98.5625	216.746	
1533	1	100.5	100.5	279.125	
1534	1	98.1875	98.1875	250.652	
1535	1	98.4375	98.4375	211.996	
1536	1	97.3125	97.3125	211.965	
1537	1	98.25	98.25	252.562	
1538	1	98.6875	98.6875	211.84	
1539	1	98.3125	98.3125	250.965	
1540	1	99.75	99.75	248.562	
1541	1	98.75	98.75	210.562	
1542	1	99.125	99.125	208.609	
1543	1	99.875	99.875	230.109	
1544	1	98.875	98.875	230.859	
1545	1	98.5	98.5	202.5	
1546	1	100.25	100.25	232.188	
1547	1	99.625	99.625	208.859	
1548	1	99.3125	99.3125	202.465	
1549	1	100.562	100.562	235.496	
1550	1	99.6875	99.6875	209.09	
1551	1	99.625	99.625	206.984	
1552	1	98.3125	98.3125	216.965	
1553	1	98.8125	98.8125	206.902	
1554	1	98.625	98.625	217.859	
1555	1	97.0625	97.0625	212.684	
1556	1	97.4375	97.4375	207.246	
1557	1	99.6875	99.6875	208.465	
1558	1	101.625	101.625	261.609	
1559	1	97.875	97.875	257.234	
1560	1	100.312	100.312	212.715	
1561	1	98.8125	98.8125	220.402	
1562	1	98.75	98.75	212.812	
1563	1	102.188	102.188	272.152	
1564	1	99.0625	99.0625	214.434	
1565	1	100.438	100.438	212.371	
1566	1	99.375	99.375	211.109	
1567	1	99.375	99.375	211.109	
1568	1	99.375	99.375	211.234	
1569	1	98.25	98.25	212.312	
1570	1	97.5625	97.5625	224.746	
1571	1	99.3125	99.3125	226.715	
1572	1	99.3125	99.3125	226.715	
1573	1	99.9375	99.9375	249.684	
1574	1	98.5625	98.5625	256.621	
1575	1	97	97	248.125	
1576	1	100	100	208.875	
1577	1	97.5625	97.5625	239.246	
1578	1	100.062	100.062	206.684	
1579	1	99.125	99.125	202.734	
1580	1	101.625	101.625	218.359	
1581	1	99.125	99.125	255.234	
1582	1	99.6875	99.6875	199.59	
1583	1	99.5625	99.5625	200.496	
1584	1	100.688	100.688	203.965	
1585	1	100.562	100.562	202.496	
1586	1	101.25	101.25	199.938	
1587	1	99.9375	99.9375	202.809	
1588	1	100.312	100.312	195.965	
1589	1	99.75	99.75	194.062	
1590	1	98.5625	98.5625	231.121	
1591	1	101.125	101.125	201.359	
1592	1	100.875	100.875	202.734	
1593	1	102.312	102.312	199.215	
1594	1	100.188	100.188	232.527	
1595	1	102.375	102.375	194.109	
1596	1	101.188	101.188	200.152	
1597	1	102.188	102.188	190.777	
1598	1	102.312	102.312	195.59	
1599	1	99.8125	99.8125	210.652	
1600	1	99.9375	99.9375	208.934	
1601	1	100.25	100.25	202.812	
1602	1	102.562	102.562	195.496	
1603	1	102.062	102.062	195.809	
1604	1	102.25	102.25	196.812	
1605	1	104	104	223.125	
1606	1	102.125	102.125	201.484	
1607	1	102.062	102.062	205.684	
1608	1	103.375	103.375	207.359	
1609	1	102.25	102.25	206.938	
1610	1	103.75	103.75	215.938	
1611	1	101.25	101.25	209.562	
1612	1	101.875	101.875	215.109	
1613	1	102.562	102.562	207.246	
1614	1	103.75	103.75	257.688	
1615	1	100.562	100.562	223.871	
1616	1	102	102	218.75	
1617	1	103.438	103.438	264.621	
1618	1	102.875	102.875	200.984	
1619	1	100.812	100.812	229.652	
1620	1	101.25	101.25	221.312	
1621	1	104	104	213.75	
1622	1	102.875	102.875	221.359	
1623	1	102.75	102.75	225.562	
1624	1	102.875	102.875	225.734	
1625	1	103.938	103.938	213.184	
1626	1	102.562	102.562	219.621	
1627	1	101.875	101.875	233.109	
1628	1	102.812	102.812	220.652	
1629	1	103.188	103.188	230.152	
1630	1	103.25	103.25	233.312	
1631	1	105.375	105.375	304.359	
1632	1	105.875	105.875	294.734	
1633	1	106.688	106.688	293.59	
1634	1	108.375	108.375	342.734	
1635	1	108.438	108.438	344.371	
1636	1	105.062	105.062	231.059	
1637	1	105	105	232.75	
1638	1	104.25	104.25	242.688	
1639	1	104.125	104.125	245.984	
1640	1	103.062	103.062	245.184	
1641	1	104.438	104.438	244.246	
1642	1	103.438	103.438	244.246	
1643	1	102.625	102.625	280.734	
1644	1	103.625	103.625	246.484	
1645	1	104.062	104.062	239.059	
1646	1	104.875	104.875	237.359	
1647	1	106.688	106.688	298.465	
1648	1	105	105	241.375	
1649	1	106.438	106.438	310.496	
1650	1	106.562	106.562	311.746	
1651	1	104.5	104.5	250	
1652	1	105.312	105.312	235.215	
1653	1	106.125	106.125	235.984	
1654	1	106.062	106.062	238.184	
1655	1	106.625	106.625	284.859	
1656	1	109.438	109.438	324.121	
1657	1	108.438	108.438	295.996	
1658	1	107.188	107.188	301.027	
1659	1	108.562	108.562	295.871	
1660	1	104.562	104.562	249.871	
1661	1	104.438	104.438	252.746	
1662	1	105.438	105.438	245.246	
1663	1	106.188	106.188	231.652	
1664	1	107.5	107.5	251.75	
1665	1	106.5	106.5	318.75	
1666	1	107.438	107.438	284.371	
1667	1	106.438	106.438	250.246	
1668	1	105	105	256.25	
1669	1	108	108	309.375	
1670	1	105.188	105.188	260.277	
1671	1	105.75	105.75	250.188	
1672	1	105.25	105.25	260.188	
1673	1	106.75	106.75	239.062	
1674	1	106.75	106.75	254.562	
1675	1	109.375	109.375	275.859	
1676	1	107.5	107.5	280.5	
1677	1	105.625	105.625	271.109	
1678	1	105.625	105.625	271.109	
1679	1	107.125	107.125	262.484	
1680	1	105.062	105.062	300.684	
1681	1	108.062	108.062	245.184	
1682	1	108.812	108.812	249.027	
1683	1	108.688	108.688	247.59	
1684	1	111.625	111.625	332.609	
1685	1	111.375	111.375	319.859	
1686	1	111	111	293.25	
1687	1	110.625	110.625	268.484	
1688	1	109.125	109.125	238.109	
1689	1	110.5	110.5	277.25	
1690	1	111.938	111.938	306.684	
1691	1	108.625	108.625	318.484	
1692	1	107	107	254.625	
1693	1	107.188	107.188	250.652	
1694	1	108.375	108.375	247.609	
1695	1	107.188	107.188	254.152	
1696	1	106.5	106.5	280.75	
1697	1	108.062	108.062	239.434	
1698	1	108.125	108.125	238.109	
1699	1	107.375	107.375	251.234	
1700	1	107.688	107.688	243.715	
1701	1	110.188	110.188	286.152	
1702	1	108.688	108.688	249.34	
1703	1	108.812	108.812	235.652	
1704	1	109	109	233.625	
1705	1	110.5	110.5	254	
1706	1	109.125	109.125	234.234	
1707	1	111.188	111.188	276.902	
1708	1	112.062	112.062	277.559	
1709	1	111.312	111.312	279.84	
1710	1	109.312	109.312	237.09	
1711	1	109.312	109.312	237.09	
1712	1	109.312	109.312	237.09	
1713	1	109.938	109.938	237.559	
1714	1	109.562	109.562	235.746	
1715	1	109.812	109.812	232.652	
1716	1	108.688	108.688	246.715	
1717	1	113.875	113.875	330.484	
1718	1	113.5	113.5	311.875	
1719	1	107.875	107.875	280.859	
1720	1	113.688	113.688	315.715	
1721	1	111.188	111.188	289.027	
1722	1	111.875	111.875	274.734	
1723	1	112.562	112.562	273.746	
1724	1	110.438	110.438	325.746	
1725	1	111.25	111.25	294.812	
1726	1	114	114	313.375	
1727	1	112	112	277.375	
1728	1	111.25	111.25	294.812	
1729	1	112	112	249	
1730	1	108.938	108.938	251.184	
1731	1	111.188	111.188	232.902	
1732	1	110	110	250.375	
1733	1	109.062	109.062	251.559	
1734	1	108.875	108.875	256.609	
1735	1	110.562	110.562	231.121	
1736	1	111.25	111.25	239.938	
1737	1	111.812	111.812	243.902	
1738	1	111.312	111.312	242.59	
1739	1	111.188	111.188	252.527	
1740	1	113.75	113.75	293.812	
1741	1	111.625	111.625	247.484	
1742	1	115.188	115.188	339.527	
1743	1	112.812	112.812	306.402	
1744	1	110.562	110.562	257.496	
1745	1	111.438	111.438	246.496	
1746	1	112.062	112.062	249.184	
1747	1	113.5	113.5	300.125	
1748	1	113.25	113.25	302.812	
1749	1	110.5	110.5	264.125	
1750	1	109.688	109.688	274.84	
1751	1	110.5	110.5	266.5	
1752	1	111.938	111.938	291.809	
1753	1	114.125	114.125	289.484	
1754	1	115.062	115.062	330.559	
1755	1	112.438	112.438	281.996	
1756	1	113.438	113.438	276.121	
1757	1	112.188	112.188	290.652	
1758	1	114.25	114.25	283.438	
1759	1	113.688	113.688	274.215	
1760	1	110.75	110.75	278.438	
1761	1	110.25	110.25	290.938	
1762	1	111.812	111.812	276.777	
1763	1	112.562	112.562	290.621	
1764	1	111.375	111.375	269.734	
1765	1	111.938	111.938	265.309	
1766	1	113.625	113.625	261.484	
1767	1	113.75	113.75	263.312	
1768	1	112.688	112.688	269.09	
1769	1	115.188	115.188	314.902	
1770	1	111.562	111.562	270.121	
1771	1	111.75	111.75	269.438	
1772	1	111.375	111.375	275.859	
1773	1	111.688	111.688	279.59	
1774	1	111.5	111.5	279.25	
1775	1	113.938	113.938	332.559	
1776	1	112.625	112.625	276.109	
1777	1	113.625	113.625	260.609	
1778	1	113.062	113.062	294.184	
1779	1	111	111	291.25	
1780	1	113.25	113.25	291.812	
1781	1	113.875	113.875	272.234	
1782	1	113.375	113.375	259.859	
1783	1	114.812	114.812	301.277	
1784	1	115	115	304.125	
1785	1	114.438	114.438	318.996	
1786	1	117.25	117.25	333.938	
1787	1	116.188	116.188	296.902	
1788	1	117.625	117.625	344.234	
1789	1	114.188	114.188	261.902	
1790	1	113.438	113.438	261.746	
1791	1	113.25	113.25	264.312	
1792	1	113	113	273.625	
1793	1	113.812	113.812	277.027	
1794	1	115.125	115.125	319.734	
1795	1	114.625	114.625	268.609	
1796	1	114.688	114.688	260.09	
1797	1	113.188	113.188	267.152	
1798	1	115.562	115.562	266.496	
1799	1	117.625	117.625	306.234	
1800	1	116.188	116.188	300.152	
1801	1	116.125	116.125	303.734	
1802	1	115.188	115.188	268.402	
1803	1	116.75	116.75	307.812	
1804	1	116.062	116.062	324.934	
1805	1	116.125	116.125	328.609	
1806	1	119	119	359.875	
1807	1	117.562	117.562	310.496	
1808	1	115.125	115.125	265.859	
1809	1	115.438	115.438	264.621	
1810	1	114.938	114.938	278.684	
1811	1	115.562	115.562	264.621	
1812	1	117.75	117.75	307.688	
1813	1	117.75	117.75	307.688	
1814	1	116.312	116.312	329.215	
1815	1	115.625	115.625	366.109	
1816	1	118.062	118.062	305.059	
1817	1	116.812	116.812	321.777	
1818	1	119.562	119.562	348.246	
1819	1	118.562	118.562	312.871	
1820	1	117.375	117.375	268.859	
1821	1	115.25	115.25	259.562	
1822	1	115.188	115.188	260.277	
1823	1	116.812	116.812	318.027	
1824	1	113.938	113.938	285.434	
1825	1	114.5	114.5	274.5	
1826	1	116.188	116.188	293.902	
1827	1	114.75	114.75	320.188	
1828	1	116.312	116.312	263.84	
1829	1	115.75	115.75	280.438	
1830	1	114.25	114.25	318.062	
1831	1	115.25	115.25	274.562	
1832	1	116	116	265.75	
1833	1	118.188	118.188	315.652	
1834	1	115.188	115.188	282.277	
1835	1	117.562	117.562	334.246	
1836	1	119.375	119.375	308.484	
1837	1	118.438	118.438	277.746	
1838	1	117.5	117.5	274.875	
1839	1	118.938	118.938	286.809	
1840	1	119.625	119.625	314.609	
1841	1	115.812	115.812	282.527	
1842	1	117.062	117.062	289.184	
1843	1	119.938	119.938	315.059	
1844	1	121.062	121.062	352.184	
1845	1	118.188	118.188	281.777	
1846	1	119.688	119.688	296.84	
1847	1	116.188	116.188	287.027	
1848	1	116.438	116.438	343.996	
1849	1	116.875	116.875	352.359	
1850	1	114.625	114.625	342.234	
1851	1	115.875	115.875	331.359	
1852	1	117.625	117.625	384.734	
1853	1	116.562	116.562	283.996	
1854	1	116.562	116.562	283.871	
1855	1	118	118	296	
1856	1	119.688	119.688	281.34	
1857	1	115.812	115.812	327.152	
1858	1	116.875	116.875	335.609	
1859	1	116.875	116.875	335.609	
1860	1	118.062	118.062	378.934	
1861	1	121	121	320	
1862	1	121.875	121.875	350.734	
1863	1	121.312	121.312	326.09	
1864	1	119.875	119.875	314.859	
1865	1	121.312	121.312	326.09	
1866	1	118.25	118.25	384.312	
1867	1	120.938	120.938	321.559	
1868	1	119.875	119.875	290.859	
1869	1	119.938	119.938	292.934	
1870	1	117.375	117.375	294.484	
1871	1	117.688	117.688	353.215	
1872	1	122.375	122.375	361.234	
1873	1	119.562	119.562	341.371	
1874	1	119.562	119.562	341.371	
1875	1	121.5	121.5	329.625	
1876	1	120.125	120.125	298.109	
1877	1	120.812	120.812	307.902	
1878	1	119.438	119.438	302.746	
1879	1	120.75	120.75	310.562	
1880	1	119.75	119.75	300.062	
1881	1	122.688	122.688	369.34	
1882	1	122.625	122.625	365.984	
1883	1	121.812	121.812	332.027	
1884	1	119.812	119.812	339.277	
1885	1	120.562	120.562	374.996	
1886	1	118.062	118.062	322.684	
1887	1	120.312	120.312	315.84	
1888	1	116.562	116.562	381.871	
1889	1	119.688	119.688	422.34	
1890	1	118.5	118.5	373.875	
1891	1	117.562	117.562	369.371	
1892	1	115.875	115.875	427.484	
1893	1	120.938	120.938	327.059	
1894	1	121.75	121.75	364.812	
1895	1	123.188	123.188	372.527	
1896	1	120.125	120.125	342.859	
1897	1	121.938	121.938	367.184	
1898	1	121.875	121.875	361.234	
1899	1	123.625	123.625	377.484	
1900	1	121.438	121.438	342.746	
1901	1	121.5	121.5	341.75	
1902	1	120.875	120.875	314.484	
1903	1	122.125	122.125	337.609	
1904	1	121.75	121.75	325.188	
1905	1	121.812	121.812	325.152	
1906	1	120	120	341.125	
1907	1	120	120	341.125	
1908	1	121.938	121.938	388.434	
1909	1	123.688	123.688	367.965	
1910	1	123.75	123.75	367.812	
1911	1	123.062	123.062	334.309	
1912	1	120.938	120.938	343.059	
1913	1	122.812	122.812	321.027	
1914	1	122.5	122.5	336.875	
1915	1	119.625	119.625	346.484	
1916	1	121.875	121.875	356.609	
1917	1	122.75	122.75	394.688	
1918	1	119.812	119.812	346.277	
1919	1	122.562	122.562	333.246	
1920	1	123.5	123.5	373.5	
1921	1	125.938	125.938	414.809	
1922	1	125	125	379.125	
1923	1	124.125	124.125	347.234	
1924	1	122.562	122.562	366.621	
1925	1	126.438	126.438	434.621	
1926	1	126.688	126.688	437.09	
1927	1	126.688	126.688	437.09	
1928	1	124.938	124.938	382.184	
1929	1	123.75	123.75	405.562	
1930	1	125.875	125.875	390.734	
1931	1	122.062	122.062	335.809	
1932	1	123.062	123.062	369.184	
1933	1	125.312	125.312	363.84	
1934	1	123.062	123.062	377.309	
1935	1	123.812	123.812	355.652	
1936	1	124.562	124.562	397.496	
1937	1	123.25	123.25	344.062	
1938	1	121.875	121.875	351.859	
1939	1	127.25	127.25	438.812	
1940	1	124.125	124.125	411.859	
1941	1	123.938	123.938	351.934	
1942	1	124	124	353.875	
1943	1	123.75	123.75	343.438	
1944	1	122.5	122.5	343.75	
1945	1	124.312	124.312	358.59	
1946	1	125.188	125.188	397.027	
1947	1	124.75	124.75	422.562	
1948	1	124.75	124.75	422.562	
1949	1	125.312	125.312	400.09	
1950	1	121.688	121.688	378.215	
1951	1	128	128	452.375	
1952	1	126.062	126.062	404.059	
1953	1	127.188	127.188	418.402	
1954	1	126.938	126.938	412.559	
1955	1	125.5	125.5	413.875	
1956	1	128.062	128.062	448.184	
1957	1	125.688	125.688	408.465	
1958	1	127.562	127.562	415.246	
1959	1	128.312	128.312	445.215	
1960	1	125.438	125.438	421.621	
1961	1	125.25	125.25	428.688	
1962	1	125.188	125.188	350.152	
1963	1	126.312	126.312	366.465	
1964	1	126.562	126.562	373.621	
1965	1	127.688	127.688	416.09	
1966	1	125.188	125.188	373.277	
1967	1	124.938	124.938	368.059	
1968	1	128.812	128.812	463.527	
1969	1	126.375	126.375	415.234	
1970	1	129	129	465.25	
1971	1	127.75	127.75	418.688	
1972	1	129.25	129.25	479.438	
1973	1	125.188	125.188	397.777	
1974	1	128.375	128.375	435.234	
1975	1	125.188	125.188	398.902	
1976	1	124.812	124.812	387.652	
1977	1	127.625	127.625	394.359	
1978	1	126.688	126.688	427.59	
1979	1	128.438	128.438	432.621	
1980	1	126.188	126.188	452.527	
1981	1	129.375	129.375	456.984	
1982	1	126.375	126.375	366.359	
1983	1	126.312	126.312	452.34	
1984	1	125.812	125.812	398.777	
1985	1	125.562	125.562	358.121	
1986	1	126.875	126.875	383.859	
1987	1	128.062	128.062	397.309	
1988	1	127.188	127.188	429.777	
1989	1	125.25	125.25	364.562	
1990	1	126.438	126.438	380.996	
1991	1	126.312	126.312	392.09	
1992	1	129.938	129.938	460.184	
1993	1	130.062	130.062	460.809	
1994	1	129.375	129.375	424.734	
1995	1	128.312	128.312	412.715	
1996	1	127.438	127.438	434.121	
1997	1	126.062	126.062	525.434	
1998	1	130.562	130.562	470.871	
1999	1	129.75	129.75	436.188	
2000	1	125.5	125.5	372.75	
