# mu = 0.0001, s = 0, trials requested = 1, runtime = 0:01:46
# "Time"	"Actual trials"	"Mean mutation"	"Average mean mutation"	"Average mutation variance"
0	1	0	0	0	
1	1	0.16	0.16	0.1344	
2	1	0.01	0.01	0.0099	
3	1	0.01	0.01	0.0099	
4	1	0.01	0.01	0.0099	
5	1	0.01	0.01	0.0099	
6	1	0.01	0.01	0.0099	
7	1	0.01	0.01	0.0099	
8	1	0.01	0.01	0.0099	
9	1	0.01	0.01	0.0099	
10	1	0.01	0.01	0.0099	
11	1	0.01	0.01	0.0099	
12	1	0.01	0.01	0.0099	
13	1	0.01	0.01	0.0099	
14	1	0.01	0.01	0.0099	
15	1	0.01	0.01	0.0099	
16	1	0.14	0.14	0.1204	
17	1	0.12	0.12	0.1056	
18	1	0.22	0.22	0.1716	
19	1	0.3	0.3	0.21	
20	1	0.16	0.16	0.1344	
21	1	0.34	0.34	0.2244	
22	1	0.21	0.21	0.1659	
23	1	0.22	0.22	0.1716	
24	1	0.01	0.01	0.0099	
25	1	0.01	0.01	0.0099	
26	1	0.01	0.01	0.0099	
27	1	0.01	0.01	0.0099	
28	1	0.01	0.01	0.0099	
29	1	0.04	0.04	0.0384	
30	1	0.27	0.27	0.1971	
31	1	0.19	0.19	0.1539	
32	1	0.13	0.13	0.1131	
33	1	0.22	0.22	0.1716	
34	1	0.32	0.32	0.2176	
35	1	0.51	0.51	0.2499	
36	1	0.72	0.72	0.2016	
37	1	1	1	0	
38	1	1	1	0	
39	1	1	1	0	
40	1	1	1	0	
41	1	1	1	0	
42	1	1	1	0	
43	1	1	1	0	
44	1	1	1	0	
45	1	1	1	0	
46	1	1.01	1.01	0.0099	
47	1	1.01	1.01	0.0099	
48	1	1.01	1.01	0.0099	
49	1	1.01	1.01	0.0099	
50	1	1.01	1.01	0.0099	
51	1	1.01	1.01	0.0099	
52	1	1.01	1.01	0.0099	
53	1	1.01	1.01	0.0099	
54	1	1.01	1.01	0.0099	
55	1	1.01	1.01	0.0099	
56	1	1.01	1.01	0.0099	
57	1	1.01	1.01	0.0099	
58	1	1.01	1.01	0.0099	
59	1	1.01	1.01	0.0099	
60	1	1.01	1.01	0.0099	
61	1	1.01	1.01	0.0099	
62	1	1.01	1.01	0.0099	
63	1	1.01	1.01	0.0099	
64	1	1.01	1.01	0.0099	
65	1	1.01	1.01	0.0099	
66	1	1.01	1.01	0.0099	
67	1	1.01	1.01	0.0099	
68	1	1.01	1.01	0.0099	
69	1	1.09	1.09	0.0819	
70	1	1.01	1.01	0.0099	
71	1	1.01	1.01	0.0099	
72	1	1.01	1.01	0.0099	
73	1	1.01	1.01	0.0099	
74	1	1.01	1.01	0.0099	
75	1	1.01	1.01	0.0099	
76	1	1.03	1.03	0.0291	
77	1	1.01	1.01	0.0099	
78	1	1.01	1.01	0.0099	
79	1	1.03	1.03	0.0291	
80	1	1.01	1.01	0.0099	
81	1	1.01	1.01	0.0099	
82	1	1.01	1.01	0.0099	
83	1	1.01	1.01	0.0099	
84	1	1.01	1.01	0.0099	
85	1	1.01	1.01	0.0099	
86	1	1.01	1.01	0.0099	
87	1	1.01	1.01	0.0099	
88	1	1.01	1.01	0.0099	
89	1	1.07	1.07	0.0651	
90	1	1.01	1.01	0.0099	
91	1	1.01	1.01	0.0099	
92	1	1.01	1.01	0.0099	
93	1	1.01	1.01	0.0099	
94	1	1.01	1.01	0.0099	
95	1	1.01	1.01	0.0099	
96	1	1.01	1.01	0.0099	
97	1	1.01	1.01	0.0099	
98	1	1.01	1.01	0.0099	
99	1	1.01	1.01	0.0099	
100	1	1.18	1.18	0.1476	
101	1	1.01	1.01	0.0099	
102	1	1.04	1.04	0.0384	
103	1	1.01	1.01	0.0099	
104	1	1.01	1.01	0.0099	
105	1	1.01	1.01	0.0099	
106	1	1.01	1.01	0.0099	
107	1	1.01	1.01	0.0099	
108	1	1.01	1.01	0.0099	
109	1	1.01	1.01	0.0099	
110	1	1.01	1.01	0.0099	
111	1	1.01	1.01	0.0099	
112	1	1.01	1.01	0.0099	
113	1	1.01	1.01	0.0099	
114	1	1.01	1.01	0.0099	
115	1	1.01	1.01	0.0099	
116	1	1.01	1.01	0.0099	
117	1	1.01	1.01	0.0099	
118	1	1.01	1.01	0.0099	
119	1	1.01	1.01	0.0099	
120	1	1.01	1.01	0.0099	
121	1	1.01	1.01	0.0099	
122	1	1.01	1.01	0.0099	
123	1	1.01	1.01	0.0099	
124	1	1.01	1.01	0.0099	
125	1	1.02	1.02	0.0196	
126	1	1.01	1.01	0.0099	
127	1	1.01	1.01	0.0099	
128	1	1.01	1.01	0.0099	
129	1	1.01	1.01	0.0099	
130	1	1.01	1.01	0.0099	
131	1	1.01	1.01	0.0099	
132	1	1.01	1.01	0.0099	
133	1	1.01	1.01	0.0099	
134	1	1.01	1.01	0.0099	
135	1	1.01	1.01	0.0099	
136	1	1.01	1.01	0.0099	
137	1	1.01	1.01	0.0099	
138	1	1.01	1.01	0.0099	
139	1	1.01	1.01	0.0099	
140	1	1.01	1.01	0.0099	
141	1	1.01	1.01	0.0099	
142	1	1.03	1.03	0.0291	
143	1	1.01	1.01	0.0099	
144	1	1.01	1.01	0.0099	
145	1	1.01	1.01	0.0099	
146	1	1.01	1.01	0.0099	
147	1	1.01	1.01	0.0099	
148	1	1.01	1.01	0.0099	
149	1	1.01	1.01	0.0099	
150	1	1.01	1.01	0.0099	
151	1	1.01	1.01	0.0099	
152	1	1.01	1.01	0.0099	
153	1	1.01	1.01	0.0099	
154	1	1.01	1.01	0.0099	
155	1	1.01	1.01	0.0099	
156	1	1.01	1.01	0.0099	
157	1	1.01	1.01	0.0099	
158	1	1.01	1.01	0.0099	
159	1	1.01	1.01	0.0099	
160	1	1.07	1.07	0.0651	
161	1	1.1	1.1	0.09	
162	1	1.38	1.38	0.2356	
163	1	1.46	1.46	0.2484	
164	1	1.67	1.67	0.2211	
165	1	1.73	1.73	0.1971	
166	1	1.59	1.59	0.2419	
167	1	1.99	1.99	0.0099	
168	1	2.01	2.01	0.0099	
169	1	2.01	2.01	0.0099	
170	1	2.01	2.01	0.0099	
171	1	2.01	2.01	0.0099	
172	1	2.01	2.01	0.0099	
173	1	2.01	2.01	0.0099	
174	1	2.01	2.01	0.0099	
175	1	2.01	2.01	0.0099	
176	1	2.01	2.01	0.0099	
177	1	2.01	2.01	0.0099	
178	1	2.01	2.01	0.0099	
179	1	2.01	2.01	0.0099	
180	1	2.04	2.04	0.0384	
181	1	2.25	2.25	0.1875	
182	1	2.02	2.02	0.0196	
183	1	2.43	2.43	0.2451	
184	1	2.63	2.63	0.2531	
185	1	2.67	2.67	0.2211	
186	1	2.82	2.82	0.1476	
187	1	2.61	2.61	0.2379	
188	1	2.71	2.71	0.2259	
189	1	3.04	3.04	0.1584	
190	1	3.27	3.27	0.1971	
191	1	3.48	3.48	0.2496	
192	1	3.26	3.26	0.2524	
193	1	3.38	3.38	0.2356	
194	1	3.02	3.02	0.0196	
195	1	3.01	3.01	0.0099	
196	1	3.01	3.01	0.0099	
197	1	3.01	3.01	0.0099	
198	1	3.01	3.01	0.0099	
199	1	3.01	3.01	0.0099	
200	1	3.01	3.01	0.0099	
201	1	3.01	3.01	0.0099	
202	1	3.01	3.01	0.0099	
203	1	3.01	3.01	0.0099	
204	1	3.01	3.01	0.0099	
205	1	3.01	3.01	0.0099	
206	1	3.01	3.01	0.0099	
207	1	3.01	3.01	0.0099	
208	1	3.01	3.01	0.0099	
209	1	3.01	3.01	0.0099	
210	1	3.01	3.01	0.0099	
211	1	3.01	3.01	0.0099	
212	1	3.01	3.01	0.0099	
213	1	3.01	3.01	0.0099	
214	1	3.01	3.01	0.0099	
215	1	3.01	3.01	0.0099	
216	1	3.01	3.01	0.0099	
217	1	3.01	3.01	0.0099	
218	1	3.01	3.01	0.0099	
219	1	3.01	3.01	0.0099	
220	1	3.01	3.01	0.0099	
221	1	3.01	3.01	0.0099	
222	1	3.01	3.01	0.0099	
223	1	3.01	3.01	0.0099	
224	1	3.01	3.01	0.0099	
225	1	3.01	3.01	0.0099	
226	1	3.01	3.01	0.0099	
227	1	3.02	3.02	0.0196	
228	1	3.01	3.01	0.0099	
229	1	3.01	3.01	0.0099	
230	1	3.01	3.01	0.0099	
231	1	3.22	3.22	0.1716	
232	1	3.24	3.24	0.1824	
233	1	3.4	3.4	0.24	
234	1	3.44	3.44	0.2464	
235	1	3.6	3.6	0.24	
236	1	3.3	3.3	0.21	
237	1	3.4	3.4	0.24	
238	1	3.42	3.42	0.2436	
239	1	3.37	3.37	0.2331	
240	1	3.53	3.53	0.2491	
241	1	3.3	3.3	0.21	
242	1	3.2	3.2	0.16	
243	1	3.46	3.46	0.2484	
244	1	3.51	3.51	0.2499	
245	1	3.56	3.56	0.2464	
246	1	3.22	3.22	0.1716	
247	1	3.23	3.23	0.1771	
248	1	3.51	3.51	0.5899	
249	1	3.53	3.53	0.4891	
250	1	3.73	3.73	0.6771	
251	1	3.69	3.69	0.7339	
252	1	3.58	3.58	0.4636	
253	1	3.49	3.49	0.2499	
254	1	3.39	3.39	0.2379	
255	1	3.33	3.33	0.2211	
256	1	3.3	3.3	0.21	
257	1	3.41	3.41	0.2419	
258	1	3.58	3.58	0.5236	
259	1	4.11	4.11	0.6579	
260	1	3.91	3.91	0.8219	
261	1	3.94	3.94	0.9164	
262	1	3.57	3.57	0.7251	
263	1	4.02	4.02	0.9996	
264	1	3.84	3.84	0.9744	
265	1	3.68	3.68	0.8976	
266	1	3.8	3.8	0.96	
267	1	3.82	3.82	0.9676	
268	1	3.82	3.82	0.9676	
269	1	3.8	3.8	0.74	
270	1	3.82	3.82	0.7076	
271	1	3.96	3.96	0.7784	
272	1	4.35	4.35	0.6075	
273	1	3.89	3.89	0.7579	
274	1	3.74	3.74	0.9324	
275	1	4.08	4.08	0.9936	
276	1	4.16	4.16	0.9744	
277	1	4.22	4.22	0.9516	
278	1	3.9	3.9	0.99	
279	1	3.54	3.54	0.7484	
280	1	4.08	4.08	1.1736	
281	1	3.79	3.79	0.7859	
282	1	3.94	3.94	0.9964	
283	1	4.5	4.5	0.75	
284	1	3.54	3.54	0.7884	
285	1	3.6	3.6	0.84	
286	1	4.18	4.18	0.9676	
287	1	4.39	4.39	1.8379	
288	1	3.77	3.77	1.4571	
289	1	3.66	3.66	0.4044	
290	1	3.64	3.64	0.3904	
291	1	3.2	3.2	0.16	
292	1	3.22	3.22	0.1716	
293	1	3.67	3.67	0.2211	
294	1	3.28	3.28	0.2016	
295	1	3.34	3.34	0.2244	
296	1	3.3	3.3	0.21	
297	1	3.65	3.65	0.5075	
298	1	3.76	3.76	0.5224	
299	1	3.67	3.67	0.2211	
300	1	3.23	3.23	0.1771	
301	1	3.4	3.4	0.24	
302	1	3.51	3.51	0.2499	
303	1	3.56	3.56	0.2464	
304	1	3.69	3.69	0.2139	
305	1	3.58	3.58	0.2436	
306	1	3.53	3.53	0.2491	
307	1	3.27	3.27	0.1971	
308	1	3.51	3.51	0.2499	
309	1	3.54	3.54	0.2484	
310	1	3.86	3.86	0.1204	
311	1	3.8	3.8	0.16	
312	1	3.99	3.99	0.0099	
313	1	4.01	4.01	0.0099	
314	1	4.01	4.01	0.0099	
315	1	4.01	4.01	0.0099	
316	1	4.01	4.01	0.0099	
317	1	4.02	4.02	0.0196	
318	1	4.01	4.01	0.0099	
319	1	4.13	4.13	0.1131	
320	1	4.22	4.22	0.1716	
321	1	4.26	4.26	0.1924	
322	1	4.19	4.19	0.1539	
323	1	4.29	4.29	0.2059	
324	1	4.55	4.55	0.3675	
325	1	4.54	4.54	0.2484	
326	1	4.5	4.5	0.25	
327	1	4.5	4.5	0.25	
328	1	4.59	4.59	0.2419	
329	1	4.14	4.14	0.1204	
330	1	4.28	4.28	0.2016	
331	1	4.01	4.01	0.0099	
332	1	4.01	4.01	0.0099	
333	1	4.01	4.01	0.0099	
334	1	4.01	4.01	0.0099	
335	1	4.01	4.01	0.0099	
336	1	4.01	4.01	0.0099	
337	1	4.01	4.01	0.0099	
338	1	4.01	4.01	0.0099	
339	1	4.01	4.01	0.0099	
340	1	4.01	4.01	0.0099	
341	1	4.01	4.01	0.0099	
342	1	4.01	4.01	0.0099	
343	1	4.01	4.01	0.0099	
344	1	4.01	4.01	0.0099	
345	1	4.01	4.01	0.0099	
346	1	4.14	4.14	0.1204	
347	1	4.11	4.11	0.0979	
348	1	4.33	4.33	0.2211	
349	1	4.44	4.44	0.2464	
350	1	4.48	4.48	0.2496	
351	1	4.84	4.84	0.1344	
352	1	4.62	4.62	0.2356	
353	1	4.99	4.99	0.0099	
354	1	4.99	4.99	0.0099	
355	1	4.99	4.99	0.0099	
356	1	4.99	4.99	0.0099	
357	1	5.01	5.01	0.0099	
358	1	5.01	5.01	0.0099	
359	1	5.01	5.01	0.0099	
360	1	5.01	5.01	0.0099	
361	1	5.01	5.01	0.0099	
362	1	5.01	5.01	0.0099	
363	1	5.01	5.01	0.0099	
364	1	5.01	5.01	0.0099	
365	1	5.01	5.01	0.0099	
366	1	5.01	5.01	0.0099	
367	1	5.01	5.01	0.0099	
368	1	5.01	5.01	0.0099	
369	1	5.01	5.01	0.0099	
370	1	5.01	5.01	0.0099	
371	1	5.01	5.01	0.0099	
372	1	5.1	5.1	0.09	
373	1	5.29	5.29	0.2059	
374	1	5.94	5.94	0.0564	
375	1	6.01	6.01	0.0099	
376	1	6.01	6.01	0.0099	
377	1	6.01	6.01	0.0099	
378	1	6.01	6.01	0.0099	
379	1	6.01	6.01	0.0099	
380	1	6.01	6.01	0.0099	
381	1	6.01	6.01	0.0099	
382	1	6.01	6.01	0.0099	
383	1	6.01	6.01	0.0099	
384	1	6.01	6.01	0.0099	
385	1	6.01	6.01	0.0099	
386	1	6.01	6.01	0.0099	
387	1	6.01	6.01	0.0099	
388	1	6.01	6.01	0.0099	
389	1	6.01	6.01	0.0099	
390	1	6.01	6.01	0.0099	
391	1	6.01	6.01	0.0099	
392	1	6.01	6.01	0.0099	
393	1	6.06	6.06	0.0564	
394	1	6.11	6.11	0.0979	
395	1	6.01	6.01	0.0099	
396	1	6.01	6.01	0.0099	
397	1	6.01	6.01	0.0099	
398	1	6.01	6.01	0.0099	
399	1	6.01	6.01	0.0099	
400	1	6.01	6.01	0.0099	
401	1	6.01	6.01	0.0099	
402	1	6.01	6.01	0.0099	
403	1	6.01	6.01	0.0099	
404	1	6.01	6.01	0.0099	
405	1	6.01	6.01	0.0099	
406	1	6.01	6.01	0.0099	
407	1	6.01	6.01	0.0099	
408	1	6.01	6.01	0.0099	
409	1	6.01	6.01	0.0099	
410	1	6.01	6.01	0.0099	
411	1	6.01	6.01	0.0099	
412	1	6.01	6.01	0.0099	
413	1	6.01	6.01	0.0099	
414	1	6.01	6.01	0.0099	
415	1	6.01	6.01	0.0099	
416	1	6.02	6.02	0.0196	
417	1	6.01	6.01	0.0099	
418	1	6.01	6.01	0.0099	
419	1	6.01	6.01	0.0099	
420	1	6.01	6.01	0.0099	
421	1	6.01	6.01	0.0099	
422	1	6.22	6.22	0.1716	
423	1	6.01	6.01	0.0099	
424	1	6.01	6.01	0.0099	
425	1	6.01	6.01	0.0099	
426	1	6.01	6.01	0.0099	
427	1	6.01	6.01	0.0099	
428	1	6.08	6.08	0.0736	
429	1	6.14	6.14	0.1204	
430	1	6.25	6.25	0.1875	
431	1	6.28	6.28	0.2016	
432	1	6.19	6.19	0.1539	
433	1	6.43	6.43	0.2451	
434	1	6.47	6.47	0.2491	
435	1	6.38	6.38	0.2356	
436	1	6.33	6.33	0.2211	
437	1	6.56	6.56	0.2464	
438	1	6.5	6.5	0.25	
439	1	6.53	6.53	0.2891	
440	1	6.74	6.74	0.1924	
441	1	6.97	6.97	0.0291	
442	1	7.01	7.01	0.0099	
443	1	7.01	7.01	0.0099	
444	1	7.01	7.01	0.0099	
445	1	7.01	7.01	0.0099	
446	1	7.01	7.01	0.0099	
447	1	7.01	7.01	0.0099	
448	1	7.01	7.01	0.0099	
449	1	7.01	7.01	0.0099	
450	1	7.01	7.01	0.0099	
451	1	7.01	7.01	0.0099	
452	1	7.01	7.01	0.0099	
453	1	7.01	7.01	0.0099	
454	1	7.01	7.01	0.0099	
455	1	7.01	7.01	0.0099	
456	1	7.01	7.01	0.0099	
457	1	7.01	7.01	0.0099	
458	1	7.01	7.01	0.0099	
459	1	7.01	7.01	0.0099	
460	1	7.01	7.01	0.0099	
461	1	7.01	7.01	0.0099	
462	1	7.01	7.01	0.0099	
463	1	7.1	7.1	0.09	
464	1	7.01	7.01	0.0099	
465	1	7.01	7.01	0.0099	
466	1	7.01	7.01	0.0099	
467	1	7.01	7.01	0.0099	
468	1	7.01	7.01	0.0099	
469	1	7.01	7.01	0.0099	
470	1	7.01	7.01	0.0099	
471	1	7.01	7.01	0.0099	
472	1	7.01	7.01	0.0099	
473	1	7.01	7.01	0.0099	
474	1	7.01	7.01	0.0099	
475	1	7.06	7.06	0.0564	
476	1	7.01	7.01	0.0099	
477	1	7.01	7.01	0.0099	
478	1	7.01	7.01	0.0099	
479	1	7.01	7.01	0.0099	
480	1	7.01	7.01	0.0099	
481	1	7.01	7.01	0.0099	
482	1	7.01	7.01	0.0099	
483	1	7.01	7.01	0.0099	
484	1	7.01	7.01	0.0099	
485	1	7.01	7.01	0.0099	
486	1	7.01	7.01	0.0099	
487	1	7.01	7.01	0.0099	
488	1	7.01	7.01	0.0099	
489	1	7.01	7.01	0.0099	
490	1	7.01	7.01	0.0099	
491	1	7.01	7.01	0.0099	
492	1	7.01	7.01	0.0099	
493	1	7.01	7.01	0.0099	
494	1	7.01	7.01	0.0099	
495	1	7.01	7.01	0.0099	
496	1	7.01	7.01	0.0099	
497	1	7.01	7.01	0.0099	
498	1	7.01	7.01	0.0099	
499	1	7.01	7.01	0.0099	
500	1	7.01	7.01	0.0099	
501	1	7.1	7.1	0.09	
502	1	7.11	7.11	0.0979	
503	1	7.01	7.01	0.0099	
504	1	7.01	7.01	0.0099	
505	1	7.01	7.01	0.0099	
506	1	7.01	7.01	0.0099	
507	1	7.01	7.01	0.0099	
508	1	7.01	7.01	0.0099	
509	1	7.01	7.01	0.0099	
510	1	7.01	7.01	0.0099	
511	1	7.01	7.01	0.0099	
512	1	7.01	7.01	0.0099	
513	1	7.11	7.11	0.0979	
514	1	7.07	7.07	0.0651	
515	1	7.34	7.34	0.2244	
516	1	7.35	7.35	0.2275	
517	1	7.69	7.69	0.2139	
518	1	7.49	7.49	0.2499	
519	1	7.66	7.66	0.3644	
520	1	7.82	7.82	0.1476	
521	1	7.8	7.8	0.16	
522	1	7.75	7.75	0.1875	
523	1	7.71	7.71	0.2059	
524	1	7.9	7.9	0.09	
525	1	7.83	7.83	0.1411	
526	1	7.82	7.82	0.1476	
527	1	7.66	7.66	0.2244	
528	1	7.9	7.9	0.21	
529	1	8.13	8.13	0.5731	
530	1	7.77	7.77	0.6371	
531	1	7.59	7.59	0.4819	
532	1	8.45	8.45	0.5075	
533	1	8.79	8.79	0.1659	
534	1	9.13	9.13	0.1131	
535	1	9.38	9.38	0.2356	
536	1	9.3	9.3	0.21	
537	1	9.2	9.2	0.16	
538	1	9.01	9.01	0.0099	
539	1	9.01	9.01	0.0099	
540	1	9.01	9.01	0.0099	
541	1	9.01	9.01	0.0099	
542	1	9.01	9.01	0.0099	
543	1	9.01	9.01	0.0099	
544	1	9.01	9.01	0.0099	
545	1	9.01	9.01	0.0099	
546	1	9.01	9.01	0.0099	
547	1	9.01	9.01	0.0099	
548	1	9.01	9.01	0.0099	
549	1	9.01	9.01	0.0099	
550	1	9.01	9.01	0.0099	
551	1	9.01	9.01	0.0099	
552	1	9.01	9.01	0.0099	
553	1	9.01	9.01	0.0099	
554	1	9.01	9.01	0.0099	
555	1	9.01	9.01	0.0099	
556	1	9.01	9.01	0.0099	
557	1	9.01	9.01	0.0099	
558	1	9.01	9.01	0.0099	
559	1	9.01	9.01	0.0099	
560	1	9.01	9.01	0.0099	
561	1	9.01	9.01	0.0099	
562	1	9.01	9.01	0.0099	
563	1	9.01	9.01	0.0099	
564	1	9.01	9.01	0.0099	
565	1	9.01	9.01	0.0099	
566	1	9.01	9.01	0.0099	
567	1	9.01	9.01	0.0099	
568	1	9.01	9.01	0.0099	
569	1	9.01	9.01	0.0099	
570	1	9.01	9.01	0.0099	
571	1	9.01	9.01	0.0099	
572	1	9.01	9.01	0.0099	
573	1	9.01	9.01	0.0099	
574	1	9.01	9.01	0.0099	
575	1	9.01	9.01	0.0099	
576	1	9.01	9.01	0.0099	
577	1	9.01	9.01	0.0099	
578	1	9.01	9.01	0.0099	
579	1	9.01	9.01	0.0099	
580	1	9.01	9.01	0.0099	
581	1	9.01	9.01	0.0099	
582	1	9.01	9.01	0.0099	
583	1	9.01	9.01	0.0099	
584	1	9.01	9.01	0.0099	
585	1	9.01	9.01	0.0099	
586	1	9.01	9.01	0.0099	
587	1	9.01	9.01	0.0099	
588	1	9.01	9.01	0.0099	
589	1	9.01	9.01	0.0099	
590	1	9.01	9.01	0.0099	
591	1	9.04	9.04	0.0384	
592	1	9.29	9.29	0.2059	
593	1	9.55	9.55	0.2475	
594	1	9.09	9.09	0.0819	
595	1	9.01	9.01	0.0099	
596	1	9.01	9.01	0.0099	
597	1	9.01	9.01	0.0099	
598	1	9.01	9.01	0.0099	
599	1	9.01	9.01	0.0099	
600	1	9.01	9.01	0.0099	
601	1	9.01	9.01	0.0099	
602	1	9.01	9.01	0.0099	
603	1	9.01	9.01	0.0099	
604	1	9.01	9.01	0.0099	
605	1	9.01	9.01	0.0099	
606	1	9.01	9.01	0.0099	
607	1	9.01	9.01	0.0099	
608	1	9.01	9.01	0.0099	
609	1	9.01	9.01	0.0099	
610	1	9.01	9.01	0.0099	
611	1	9.01	9.01	0.0099	
612	1	9.01	9.01	0.0099	
613	1	9.01	9.01	0.0099	
614	1	9.01	9.01	0.0099	
615	1	9.01	9.01	0.0099	
616	1	9.01	9.01	0.0099	
617	1	9.01	9.01	0.0099	
618	1	9.01	9.01	0.0099	
619	1	9.51	9.51	0.2499	
620	1	9.57	9.57	0.2451	
621	1	9.61	9.61	0.2379	
622	1	9.5	9.5	0.25	
623	1	9.58	9.58	0.2436	
624	1	9.62	9.62	0.2356	
625	1	9.56	9.56	0.2464	
626	1	9.22	9.22	0.1716	
627	1	9.06	9.06	0.0564	
628	1	9.01	9.01	0.0099	
629	1	9.01	9.01	0.0099	
630	1	9.01	9.01	0.0099	
631	1	9.01	9.01	0.0099	
632	1	9.01	9.01	0.0099	
633	1	9.01	9.01	0.0099	
634	1	9.01	9.01	0.0099	
635	1	9.01	9.01	0.0099	
636	1	9.01	9.01	0.0099	
637	1	9.01	9.01	0.0099	
638	1	9.01	9.01	0.0099	
639	1	9.01	9.01	0.0099	
640	1	9.01	9.01	0.0099	
641	1	9.01	9.01	0.0099	
642	1	9.01	9.01	0.0099	
643	1	9.01	9.01	0.0099	
644	1	9.01	9.01	0.0099	
645	1	9.01	9.01	0.0099	
646	1	9.01	9.01	0.0099	
647	1	9.01	9.01	0.0099	
648	1	9.09	9.09	0.0819	
649	1	9.01	9.01	0.0099	
650	1	9.01	9.01	0.0099	
651	1	9.01	9.01	0.0099	
652	1	9.01	9.01	0.0099	
653	1	9.03	9.03	0.0291	
654	1	9.01	9.01	0.0099	
655	1	9.01	9.01	0.0099	
656	1	9.01	9.01	0.0099	
657	1	9.01	9.01	0.0099	
658	1	9.01	9.01	0.0099	
659	1	9.01	9.01	0.0099	
660	1	9.01	9.01	0.0099	
661	1	9.01	9.01	0.0099	
662	1	9.01	9.01	0.0099	
663	1	9.01	9.01	0.0099	
664	1	9.01	9.01	0.0099	
665	1	9.01	9.01	0.0099	
666	1	9.01	9.01	0.0099	
667	1	9.01	9.01	0.0099	
668	1	9.01	9.01	0.0099	
669	1	9.01	9.01	0.0099	
670	1	9.01	9.01	0.0099	
671	1	9.01	9.01	0.0099	
672	1	9.01	9.01	0.0099	
673	1	9.01	9.01	0.0099	
674	1	9.01	9.01	0.0099	
675	1	9.01	9.01	0.0099	
676	1	9.01	9.01	0.0099	
677	1	9.01	9.01	0.0099	
678	1	9.01	9.01	0.0099	
679	1	9.12	9.12	0.1056	
680	1	9.16	9.16	0.1344	
681	1	9.01	9.01	0.0099	
682	1	9.01	9.01	0.0099	
683	1	9.09	9.09	0.0819	
684	1	9.06	9.06	0.0564	
685	1	9.01	9.01	0.0099	
686	1	9.01	9.01	0.0099	
687	1	9.01	9.01	0.0099	
688	1	9.01	9.01	0.0099	
689	1	9.01	9.01	0.0099	
690	1	9.01	9.01	0.0099	
691	1	9.01	9.01	0.0099	
692	1	9.01	9.01	0.0099	
693	1	9.01	9.01	0.0099	
694	1	9.01	9.01	0.0099	
695	1	9.01	9.01	0.0099	
696	1	9.01	9.01	0.0099	
697	1	9.01	9.01	0.0099	
698	1	9.01	9.01	0.0099	
699	1	9.01	9.01	0.0099	
700	1	9.01	9.01	0.0099	
701	1	9.01	9.01	0.0099	
702	1	9.01	9.01	0.0099	
703	1	9.01	9.01	0.0099	
704	1	9.01	9.01	0.0099	
705	1	9.06	9.06	0.0564	
706	1	9.17	9.17	0.1411	
707	1	9.01	9.01	0.0099	
708	1	9.01	9.01	0.0099	
709	1	9.01	9.01	0.0099	
710	1	9.01	9.01	0.0099	
711	1	9.01	9.01	0.0099	
712	1	9.01	9.01	0.0099	
713	1	9.01	9.01	0.0099	
714	1	9.01	9.01	0.0099	
715	1	9.01	9.01	0.0099	
716	1	9.01	9.01	0.0099	
717	1	9.01	9.01	0.0099	
718	1	9.01	9.01	0.0099	
719	1	9.01	9.01	0.0099	
720	1	9.01	9.01	0.0099	
721	1	9.01	9.01	0.0099	
722	1	9.01	9.01	0.0099	
723	1	9.01	9.01	0.0099	
724	1	9.02	9.02	0.0196	
725	1	9.01	9.01	0.0099	
726	1	9.01	9.01	0.0099	
727	1	9.01	9.01	0.0099	
728	1	9.01	9.01	0.0099	
729	1	9.01	9.01	0.0099	
730	1	9.01	9.01	0.0099	
731	1	9.01	9.01	0.0099	
732	1	9.01	9.01	0.0099	
733	1	9.01	9.01	0.0099	
734	1	9.11	9.11	0.0979	
735	1	9.2	9.2	0.16	
736	1	9.01	9.01	0.0099	
737	1	9.01	9.01	0.0099	
738	1	9.01	9.01	0.0099	
739	1	9.01	9.01	0.0099	
740	1	9.01	9.01	0.0099	
741	1	9.01	9.01	0.0099	
742	1	9.01	9.01	0.0099	
743	1	9.01	9.01	0.0099	
744	1	9.01	9.01	0.0099	
745	1	9.01	9.01	0.0099	
746	1	9.01	9.01	0.0099	
747	1	9.01	9.01	0.0099	
748	1	9.01	9.01	0.0099	
749	1	9.01	9.01	0.0099	
750	1	9.01	9.01	0.0099	
751	1	9.01	9.01	0.0099	
752	1	9.01	9.01	0.0099	
753	1	9.01	9.01	0.0099	
754	1	9.01	9.01	0.0099	
755	1	9.01	9.01	0.0099	
756	1	9.01	9.01	0.0099	
757	1	9.01	9.01	0.0099	
758	1	9.01	9.01	0.0099	
759	1	9.01	9.01	0.0099	
760	1	9.01	9.01	0.0099	
761	1	9.01	9.01	0.0099	
762	1	9.01	9.01	0.0099	
763	1	9.01	9.01	0.0099	
764	1	9.01	9.01	0.0099	
765	1	9.01	9.01	0.0099	
766	1	9.01	9.01	0.0099	
767	1	9.01	9.01	0.0099	
768	1	9.01	9.01	0.0099	
769	1	9.01	9.01	0.0099	
770	1	9.01	9.01	0.0099	
771	1	9.01	9.01	0.0099	
772	1	9.01	9.01	0.0099	
773	1	9.01	9.01	0.0099	
774	1	9.01	9.01	0.0099	
775	1	9.19	9.19	0.1539	
776	1	9.07	9.07	0.0651	
777	1	9.01	9.01	0.0099	
778	1	9.01	9.01	0.0099	
779	1	9.01	9.01	0.0099	
780	1	9.01	9.01	0.0099	
781	1	9.01	9.01	0.0099	
782	1	9.01	9.01	0.0099	
783	1	9.01	9.01	0.0099	
784	1	9.01	9.01	0.0099	
785	1	9.01	9.01	0.0099	
786	1	9.01	9.01	0.0099	
787	1	9.01	9.01	0.0099	
788	1	9.01	9.01	0.0099	
789	1	9.01	9.01	0.0099	
790	1	9.01	9.01	0.0099	
791	1	9.01	9.01	0.0099	
792	1	9.01	9.01	0.0099	
793	1	9.01	9.01	0.0099	
794	1	9.01	9.01	0.0099	
795	1	9.01	9.01	0.0099	
796	1	9.01	9.01	0.0099	
797	1	9.01	9.01	0.0099	
798	1	9.01	9.01	0.0099	
799	1	9.01	9.01	0.0099	
800	1	9.01	9.01	0.0099	
801	1	9.01	9.01	0.0099	
802	1	9.01	9.01	0.0099	
803	1	9.01	9.01	0.0099	
804	1	9.01	9.01	0.0099	
805	1	9.01	9.01	0.0099	
806	1	9.01	9.01	0.0099	
807	1	9.01	9.01	0.0099	
808	1	9.01	9.01	0.0099	
809	1	9.07	9.07	0.0651	
810	1	9.21	9.21	0.1659	
811	1	9.28	9.28	0.2016	
812	1	9.4	9.4	0.24	
813	1	9.57	9.57	0.2451	
814	1	9.4	9.4	0.24	
815	1	9.54	9.54	0.2484	
816	1	9.75	9.75	0.1875	
817	1	9.87	9.87	0.1131	
818	1	9.83	9.83	0.4211	
819	1	9.38	9.38	0.2356	
820	1	9.55	9.55	0.2475	
821	1	9.33	9.33	0.2211	
822	1	9.48	9.48	0.2496	
823	1	9.45	9.45	0.2475	
824	1	9.31	9.31	0.2139	
825	1	9.74	9.74	0.1924	
826	1	10.28	10.28	0.2016	
827	1	10.19	10.19	0.1539	
828	1	10.25	10.25	0.1875	
829	1	10.08	10.08	0.0736	
830	1	10.34	10.34	0.2244	
831	1	10.01	10.01	0.0099	
832	1	10.01	10.01	0.0099	
833	1	10.06	10.06	0.0564	
834	1	10.41	10.41	0.2419	
835	1	10.32	10.32	0.2176	
836	1	10.45	10.45	0.2475	
837	1	10.47	10.47	0.2491	
838	1	10.18	10.18	0.1476	
839	1	10.2	10.2	0.16	
840	1	10.14	10.14	0.1204	
841	1	10.05	10.05	0.0475	
842	1	10.01	10.01	0.0099	
843	1	10.01	10.01	0.0099	
844	1	10.01	10.01	0.0099	
845	1	10.01	10.01	0.0099	
846	1	10.01	10.01	0.0099	
847	1	10.01	10.01	0.0099	
848	1	10.01	10.01	0.0099	
849	1	10.01	10.01	0.0099	
850	1	10.01	10.01	0.0099	
851	1	10.01	10.01	0.0099	
852	1	10.01	10.01	0.0099	
853	1	10.01	10.01	0.0099	
854	1	10.09	10.09	0.0819	
855	1	10.01	10.01	0.0099	
856	1	10.01	10.01	0.0099	
857	1	10.01	10.01	0.0099	
858	1	10.01	10.01	0.0099	
859	1	10.01	10.01	0.0099	
860	1	10.01	10.01	0.0099	
861	1	10.1	10.1	0.09	
862	1	10.25	10.25	0.1875	
863	1	10.25	10.25	0.1875	
864	1	10.24	10.24	0.1824	
865	1	10.32	10.32	0.2176	
866	1	10.1	10.1	0.09	
867	1	10.06	10.06	0.0564	
868	1	10.01	10.01	0.0099	
869	1	10.01	10.01	0.0099	
870	1	10.01	10.01	0.0099	
871	1	10.09	10.09	0.0819	
872	1	10.03	10.03	0.0291	
873	1	10.01	10.01	0.0099	
874	1	10.02	10.02	0.0196	
875	1	10.01	10.01	0.0099	
876	1	10.01	10.01	0.0099	
877	1	10.01	10.01	0.0099	
878	1	10.01	10.01	0.0099	
879	1	10.01	10.01	0.0099	
880	1	10.01	10.01	0.0099	
881	1	10.01	10.01	0.0099	
882	1	10.01	10.01	0.0099	
883	1	10.01	10.01	0.0099	
884	1	10.1	10.1	0.09	
885	1	10.29	10.29	0.2059	
886	1	10.36	10.36	0.2304	
887	1	10.56	10.56	0.2464	
888	1	10.55	10.55	0.2475	
889	1	10.6	10.6	0.24	
890	1	10.62	10.62	0.2356	
891	1	10.63	10.63	0.2331	
892	1	10.73	10.73	0.1971	
893	1	10.72	10.72	0.2016	
894	1	10.72	10.72	0.2016	
895	1	10.6	10.6	0.24	
896	1	10.54	10.54	0.2484	
897	1	10.47	10.47	0.2491	
898	1	10.53	10.53	0.2491	
899	1	10.64	10.64	0.2304	
900	1	10.82	10.82	0.1476	
901	1	10.61	10.61	0.3979	
902	1	10.23	10.23	0.1771	
903	1	10.21	10.21	0.1659	
904	1	10.17	10.17	0.1411	
905	1	10.35	10.35	0.2275	
906	1	10.17	10.17	0.1411	
907	1	10.62	10.62	0.2356	
908	1	10.31	10.31	0.2139	
909	1	10.8	10.8	0.16	
910	1	10.76	10.76	0.1824	
911	1	10.5	10.5	0.25	
912	1	10.8	10.8	0.16	
913	1	10.81	10.81	0.1539	
914	1	10.99	10.99	0.3699	
915	1	10.82	10.82	0.6276	
916	1	10.88	10.88	0.3256	
917	1	11.2	11.2	0.5	
918	1	11.56	11.56	0.2464	
919	1	11.96	11.96	0.0384	
920	1	11.99	11.99	0.0099	
921	1	11.99	11.99	0.0099	
922	1	11.99	11.99	0.0099	
923	1	12.01	12.01	0.0099	
924	1	12.01	12.01	0.0099	
925	1	12.01	12.01	0.0099	
926	1	12.01	12.01	0.0099	
927	1	12.01	12.01	0.0099	
928	1	12.01	12.01	0.0099	
929	1	12.01	12.01	0.0099	
930	1	12.01	12.01	0.0099	
931	1	12.01	12.01	0.0099	
932	1	12.01	12.01	0.0099	
933	1	12.01	12.01	0.0099	
934	1	12.01	12.01	0.0099	
935	1	12.01	12.01	0.0099	
936	1	12.01	12.01	0.0099	
937	1	12.01	12.01	0.0099	
938	1	12.01	12.01	0.0099	
939	1	12.01	12.01	0.0099	
940	1	12.01	12.01	0.0099	
941	1	12.01	12.01	0.0099	
942	1	12.01	12.01	0.0099	
943	1	12.01	12.01	0.0099	
944	1	12.01	12.01	0.0099	
945	1	12.01	12.01	0.0099	
946	1	12.01	12.01	0.0099	
947	1	12.01	12.01	0.0099	
948	1	12.01	12.01	0.0099	
949	1	12.01	12.01	0.0099	
950	1	12.01	12.01	0.0099	
951	1	12.01	12.01	0.0099	
952	1	12.01	12.01	0.0099	
953	1	12.01	12.01	0.0099	
954	1	12.02	12.02	0.0196	
955	1	12.01	12.01	0.0099	
956	1	12.01	12.01	0.0099	
957	1	12.01	12.01	0.0099	
958	1	12.01	12.01	0.0099	
959	1	12.01	12.01	0.0099	
960	1	12.01	12.01	0.0099	
961	1	12.01	12.01	0.0099	
962	1	12.01	12.01	0.0099	
963	1	12.01	12.01	0.0099	
964	1	12.01	12.01	0.0099	
965	1	12.01	12.01	0.0099	
966	1	12.01	12.01	0.0099	
967	1	12.01	12.01	0.0099	
968	1	12.01	12.01	0.0099	
969	1	12.01	12.01	0.0099	
970	1	12.04	12.04	0.0384	
971	1	12.01	12.01	0.0099	
972	1	12.01	12.01	0.0099	
973	1	12.01	12.01	0.0099	
974	1	12.01	12.01	0.0099	
975	1	12.01	12.01	0.0099	
976	1	12.27	12.27	0.1971	
977	1	12.38	12.38	0.2356	
978	1	12.36	12.36	0.2304	
979	1	12.61	12.61	0.2379	
980	1	12.88	12.88	0.1056	
981	1	12.8	12.8	0.16	
982	1	12.92	12.92	0.0736	
983	1	13.14	13.14	0.1204	
984	1	13.43	13.43	0.2451	
985	1	13.38	13.38	0.2356	
986	1	13.13	13.13	0.1131	
987	1	13.17	13.17	0.1411	
988	1	13.6	13.6	0.24	
989	1	13.57	13.57	0.2451	
990	1	13.54	13.54	0.2484	
991	1	13.47	13.47	0.2491	
992	1	13.74	13.74	0.1924	
993	1	13.72	13.72	0.2016	
994	1	13.99	13.99	0.0099	
995	1	14.01	14.01	0.0099	
996	1	14.01	14.01	0.0099	
997	1	14.01	14.01	0.0099	
998	1	14.01	14.01	0.0099	
999	1	14.01	14.01	0.0099	
1000	1	14.01	14.01	0.0099	
1001	1	14.01	14.01	0.0099	
1002	1	14.01	14.01	0.0099	
1003	1	14.01	14.01	0.0099	
1004	1	14.01	14.01	0.0099	
1005	1	14.01	14.01	0.0099	
1006	1	14.01	14.01	0.0099	
1007	1	14.01	14.01	0.0099	
1008	1	14.01	14.01	0.0099	
1009	1	14.01	14.01	0.0099	
1010	1	14.01	14.01	0.0099	
1011	1	14.01	14.01	0.0099	
1012	1	14.01	14.01	0.0099	
1013	1	14.01	14.01	0.0099	
1014	1	14.01	14.01	0.0099	
1015	1	14.01	14.01	0.0099	
1016	1	14.01	14.01	0.0099	
1017	1	14.01	14.01	0.0099	
1018	1	14.13	14.13	0.1131	
1019	1	14.13	14.13	0.1131	
1020	1	14.01	14.01	0.0099	
1021	1	14.01	14.01	0.0099	
1022	1	14.01	14.01	0.0099	
1023	1	14.01	14.01	0.0099	
1024	1	14.01	14.01	0.0099	
1025	1	14.01	14.01	0.0099	
1026	1	14.01	14.01	0.0099	
1027	1	14.01	14.01	0.0099	
1028	1	14.01	14.01	0.0099	
1029	1	14.01	14.01	0.0099	
1030	1	14.01	14.01	0.0099	
1031	1	14.01	14.01	0.0099	
1032	1	14.01	14.01	0.0099	
1033	1	14.01	14.01	0.0099	
1034	1	14.01	14.01	0.0099	
1035	1	14.01	14.01	0.0099	
1036	1	14.01	14.01	0.0099	
1037	1	14.01	14.01	0.0099	
1038	1	14.01	14.01	0.0099	
1039	1	14.01	14.01	0.0099	
1040	1	14.01	14.01	0.0099	
1041	1	14.01	14.01	0.0099	
1042	1	14.2	14.2	0.16	
1043	1	14.16	14.16	0.1344	
1044	1	14.32	14.32	0.2176	
1045	1	14.16	14.16	0.1344	
1046	1	14.01	14.01	0.0099	
1047	1	14.01	14.01	0.0099	
1048	1	14.01	14.01	0.0099	
1049	1	14.01	14.01	0.0099	
1050	1	14.01	14.01	0.0099	
1051	1	14.01	14.01	0.0099	
1052	1	14.01	14.01	0.0099	
1053	1	14.01	14.01	0.0099	
1054	1	14.01	14.01	0.0099	
1055	1	14.01	14.01	0.0099	
1056	1	14.01	14.01	0.0099	
1057	1	14.11	14.11	0.0979	
1058	1	14.01	14.01	0.0099	
1059	1	14.02	14.02	0.0196	
1060	1	14.01	14.01	0.0099	
1061	1	14.01	14.01	0.0099	
1062	1	14.01	14.01	0.0099	
1063	1	14.01	14.01	0.0099	
1064	1	14.14	14.14	0.1204	
1065	1	14.14	14.14	0.1204	
1066	1	14.01	14.01	0.0099	
1067	1	14.01	14.01	0.0099	
1068	1	14.01	14.01	0.0099	
1069	1	14.01	14.01	0.0099	
1070	1	14.01	14.01	0.0099	
1071	1	14.01	14.01	0.0099	
1072	1	14.01	14.01	0.0099	
1073	1	14.01	14.01	0.0099	
1074	1	14.01	14.01	0.0099	
1075	1	14.04	14.04	0.0384	
1076	1	14.01	14.01	0.0099	
1077	1	14.01	14.01	0.0099	
1078	1	14.01	14.01	0.0099	
1079	1	14.01	14.01	0.0099	
1080	1	14.01	14.01	0.0099	
1081	1	14.01	14.01	0.0099	
1082	1	14.01	14.01	0.0099	
1083	1	14.01	14.01	0.0099	
1084	1	14.01	14.01	0.0099	
1085	1	14.01	14.01	0.0099	
1086	1	14.01	14.01	0.0099	
1087	1	14.01	14.01	0.0099	
1088	1	14.01	14.01	0.0099	
1089	1	14.01	14.01	0.0099	
1090	1	14.01	14.01	0.0099	
1091	1	14.01	14.01	0.0099	
1092	1	14.12	14.12	0.1056	
1093	1	14.09	14.09	0.0819	
1094	1	14.09	14.09	0.0819	
1095	1	14.17	14.17	0.1411	
1096	1	14.01	14.01	0.0099	
1097	1	14.01	14.01	0.0099	
1098	1	14.01	14.01	0.0099	
1099	1	14.01	14.01	0.0099	
1100	1	14.01	14.01	0.0099	
1101	1	14.01	14.01	0.0099	
1102	1	14.01	14.01	0.0099	
1103	1	14.01	14.01	0.0099	
1104	1	14.01	14.01	0.0099	
1105	1	14.01	14.01	0.0099	
1106	1	14.01	14.01	0.0099	
1107	1	14.01	14.01	0.0099	
1108	1	14.01	14.01	0.0099	
1109	1	14.01	14.01	0.0099	
1110	1	14.01	14.01	0.0099	
1111	1	14.01	14.01	0.0099	
1112	1	14.01	14.01	0.0099	
1113	1	14.01	14.01	0.0099	
1114	1	14.01	14.01	0.0099	
1115	1	14.01	14.01	0.0099	
1116	1	14.01	14.01	0.0099	
1117	1	14.01	14.01	0.0099	
1118	1	14.01	14.01	0.0099	
1119	1	14.01	14.01	0.0099	
1120	1	14.01	14.01	0.0099	
1121	1	14.01	14.01	0.0099	
1122	1	14.01	14.01	0.0099	
1123	1	14.01	14.01	0.0099	
1124	1	14.01	14.01	0.0099	
1125	1	14.01	14.01	0.0099	
1126	1	14.01	14.01	0.0099	
1127	1	14.01	14.01	0.0099	
1128	1	14.01	14.01	0.0099	
1129	1	14.01	14.01	0.0099	
1130	1	14.01	14.01	0.0099	
1131	1	14.01	14.01	0.0099	
1132	1	14.01	14.01	0.0099	
1133	1	14.01	14.01	0.0099	
1134	1	14.01	14.01	0.0099	
1135	1	14.01	14.01	0.0099	
1136	1	14.01	14.01	0.0099	
1137	1	14.01	14.01	0.0099	
1138	1	14.01	14.01	0.0099	
1139	1	14.01	14.01	0.0099	
1140	1	14.01	14.01	0.0099	
1141	1	14.01	14.01	0.0099	
1142	1	14.01	14.01	0.0099	
1143	1	14.01	14.01	0.0099	
1144	1	14.01	14.01	0.0099	
1145	1	14.01	14.01	0.0099	
1146	1	14.01	14.01	0.0099	
1147	1	14.01	14.01	0.0099	
1148	1	14.01	14.01	0.0099	
1149	1	14.03	14.03	0.0291	
1150	1	14.01	14.01	0.0099	
1151	1	14.01	14.01	0.0099	
1152	1	14.01	14.01	0.0099	
1153	1	14.01	14.01	0.0099	
1154	1	14.01	14.01	0.0099	
1155	1	14.01	14.01	0.0099	
1156	1	14.01	14.01	0.0099	
1157	1	14.33	14.33	0.2211	
1158	1	14.62	14.62	0.2356	
1159	1	14.67	14.67	0.2211	
1160	1	14.62	14.62	0.2356	
1161	1	14.99	14.99	0.0099	
1162	1	15.01	15.01	0.0099	
1163	1	15.01	15.01	0.0099	
1164	1	15.01	15.01	0.0099	
1165	1	15.01	15.01	0.0099	
1166	1	15.01	15.01	0.0099	
1167	1	15.01	15.01	0.0099	
1168	1	15.01	15.01	0.0099	
1169	1	15.01	15.01	0.0099	
1170	1	15.01	15.01	0.0099	
1171	1	15.01	15.01	0.0099	
1172	1	15.01	15.01	0.0099	
1173	1	15.01	15.01	0.0099	
1174	1	15.01	15.01	0.0099	
1175	1	15.01	15.01	0.0099	
1176	1	15.01	15.01	0.0099	
1177	1	15.01	15.01	0.0099	
1178	1	15.01	15.01	0.0099	
1179	1	15.01	15.01	0.0099	
1180	1	15.01	15.01	0.0099	
1181	1	15.01	15.01	0.0099	
1182	1	15.01	15.01	0.0099	
1183	1	15.01	15.01	0.0099	
1184	1	15.01	15.01	0.0099	
1185	1	15.01	15.01	0.0099	
1186	1	15.01	15.01	0.0099	
1187	1	15.01	15.01	0.0099	
1188	1	15.01	15.01	0.0099	
1189	1	15.01	15.01	0.0099	
1190	1	15.01	15.01	0.0099	
1191	1	15.01	15.01	0.0099	
1192	1	15.01	15.01	0.0099	
1193	1	15.01	15.01	0.0099	
1194	1	15.01	15.01	0.0099	
1195	1	15.01	15.01	0.0099	
1196	1	15.09	15.09	0.0819	
1197	1	15.44	15.44	0.2464	
1198	1	15.68	15.68	0.2176	
1199	1	16.01	16.01	0.0099	
1200	1	16.01	16.01	0.0099	
1201	1	16.01	16.01	0.0099	
1202	1	16.01	16.01	0.0099	
1203	1	16.01	16.01	0.0099	
1204	1	16.01	16.01	0.0099	
1205	1	16.02	16.02	0.0196	
1206	1	16.01	16.01	0.0099	
1207	1	16.01	16.01	0.0099	
1208	1	16.01	16.01	0.0099	
1209	1	16.01	16.01	0.0099	
1210	1	16.01	16.01	0.0099	
1211	1	16.01	16.01	0.0099	
1212	1	16.01	16.01	0.0099	
1213	1	16.01	16.01	0.0099	
1214	1	16.01	16.01	0.0099	
1215	1	16.01	16.01	0.0099	
1216	1	16.01	16.01	0.0099	
1217	1	16.01	16.01	0.0099	
1218	1	16.01	16.01	0.0099	
1219	1	16.01	16.01	0.0099	
1220	1	16.01	16.01	0.0099	
1221	1	16.01	16.01	0.0099	
1222	1	16.01	16.01	0.0099	
1223	1	16.01	16.01	0.0099	
1224	1	16.01	16.01	0.0099	
1225	1	16.01	16.01	0.0099	
1226	1	16.01	16.01	0.0099	
1227	1	16.01	16.01	0.0099	
1228	1	16.01	16.01	0.0099	
1229	1	16.01	16.01	0.0099	
1230	1	16.01	16.01	0.0099	
1231	1	16.01	16.01	0.0099	
1232	1	16.01	16.01	0.0099	
1233	1	16.01	16.01	0.0099	
1234	1	16.01	16.01	0.0099	
1235	1	16.01	16.01	0.0099	
1236	1	16.01	16.01	0.0099	
1237	1	16.01	16.01	0.0099	
1238	1	16.01	16.01	0.0099	
1239	1	16.01	16.01	0.0099	
1240	1	16.01	16.01	0.0099	
1241	1	16.01	16.01	0.0099	
1242	1	16.09	16.09	0.0819	
1243	1	16.19	16.19	0.1539	
1244	1	16.56	16.56	0.2464	
1245	1	16.64	16.64	0.2304	
1246	1	16.35	16.35	0.2275	
1247	1	16.26	16.26	0.1924	
1248	1	16.29	16.29	0.2059	
1249	1	16.01	16.01	0.0099	
1250	1	16.01	16.01	0.0099	
1251	1	16.01	16.01	0.0099	
1252	1	16.01	16.01	0.0099	
1253	1	16.01	16.01	0.0099	
1254	1	16.01	16.01	0.0099	
1255	1	16.01	16.01	0.0099	
1256	1	16.01	16.01	0.0099	
1257	1	16.01	16.01	0.0099	
1258	1	16.01	16.01	0.0099	
1259	1	16.01	16.01	0.0099	
1260	1	16.01	16.01	0.0099	
1261	1	16.01	16.01	0.0099	
1262	1	16.01	16.01	0.0099	
1263	1	16.01	16.01	0.0099	
1264	1	16.01	16.01	0.0099	
1265	1	16.01	16.01	0.0099	
1266	1	16.01	16.01	0.0099	
1267	1	16.01	16.01	0.0099	
1268	1	16.01	16.01	0.0099	
1269	1	16.01	16.01	0.0099	
1270	1	16.01	16.01	0.0099	
1271	1	16.01	16.01	0.0099	
1272	1	16.01	16.01	0.0099	
1273	1	16.01	16.01	0.0099	
1274	1	16.01	16.01	0.0099	
1275	1	16.01	16.01	0.0099	
1276	1	16.01	16.01	0.0099	
1277	1	16.01	16.01	0.0099	
1278	1	16.01	16.01	0.0099	
1279	1	16.01	16.01	0.0099	
1280	1	16.01	16.01	0.0099	
1281	1	16.01	16.01	0.0099	
1282	1	16.01	16.01	0.0099	
1283	1	16.01	16.01	0.0099	
1284	1	16.01	16.01	0.0099	
1285	1	16.01	16.01	0.0099	
1286	1	16.01	16.01	0.0099	
1287	1	16.08	16.08	0.0736	
1288	1	16.01	16.01	0.0099	
1289	1	16.01	16.01	0.0099	
1290	1	16.01	16.01	0.0099	
1291	1	16.01	16.01	0.0099	
1292	1	16.01	16.01	0.0099	
1293	1	16.01	16.01	0.0099	
1294	1	16.01	16.01	0.0099	
1295	1	16.01	16.01	0.0099	
1296	1	16.01	16.01	0.0099	
1297	1	16.01	16.01	0.0099	
1298	1	16.01	16.01	0.0099	
1299	1	16.01	16.01	0.0099	
1300	1	16.01	16.01	0.0099	
1301	1	16.01	16.01	0.0099	
1302	1	16.01	16.01	0.0099	
1303	1	16.01	16.01	0.0099	
1304	1	16.01	16.01	0.0099	
1305	1	16.01	16.01	0.0099	
1306	1	16.01	16.01	0.0099	
1307	1	16.01	16.01	0.0099	
1308	1	16.01	16.01	0.0099	
1309	1	16.09	16.09	0.0819	
1310	1	16.1	16.1	0.09	
1311	1	16.01	16.01	0.0099	
1312	1	16.01	16.01	0.0099	
1313	1	16.01	16.01	0.0099	
1314	1	16.01	16.01	0.0099	
1315	1	16.08	16.08	0.0736	
1316	1	16.01	16.01	0.0099	
1317	1	16.01	16.01	0.0099	
1318	1	16.01	16.01	0.0099	
1319	1	16.01	16.01	0.0099	
1320	1	16.01	16.01	0.0099	
1321	1	16.01	16.01	0.0099	
1322	1	16.01	16.01	0.0099	
1323	1	16.01	16.01	0.0099	
1324	1	16.01	16.01	0.0099	
1325	1	16.01	16.01	0.0099	
1326	1	16.01	16.01	0.0099	
1327	1	16.01	16.01	0.0099	
1328	1	16.01	16.01	0.0099	
1329	1	16.01	16.01	0.0099	
1330	1	16.01	16.01	0.0099	
1331	1	16.01	16.01	0.0099	
1332	1	16.01	16.01	0.0099	
1333	1	16.16	16.16	0.1344	
1334	1	16.16	16.16	0.1344	
1335	1	16.7	16.7	0.63	
1336	1	17.18	17.18	0.9676	
1337	1	17	17	1	
1338	1	16.5	16.5	0.75	
1339	1	16.54	16.54	0.7884	
1340	1	16.53	16.53	1.2891	
1341	1	16.48	16.48	1.2096	
1342	1	16.03	16.03	0.0291	
1343	1	16.01	16.01	0.0099	
1344	1	16.01	16.01	0.0099	
1345	1	16.01	16.01	0.0099	
1346	1	16.01	16.01	0.0099	
1347	1	16.01	16.01	0.0099	
1348	1	16.01	16.01	0.0099	
1349	1	16.01	16.01	0.0099	
1350	1	16.06	16.06	0.0564	
1351	1	16.01	16.01	0.0099	
1352	1	16.01	16.01	0.0099	
1353	1	16.01	16.01	0.0099	
1354	1	16.01	16.01	0.0099	
1355	1	16.01	16.01	0.0099	
1356	1	16.01	16.01	0.0099	
1357	1	16.23	16.23	0.1771	
1358	1	16.26	16.26	0.1924	
1359	1	16.01	16.01	0.0099	
1360	1	16.01	16.01	0.0099	
1361	1	16.01	16.01	0.0099	
1362	1	16.01	16.01	0.0099	
1363	1	16.04	16.04	0.0384	
1364	1	16.2	16.2	0.16	
1365	1	16.2	16.2	0.16	
1366	1	16.01	16.01	0.0099	
1367	1	16.01	16.01	0.0099	
1368	1	16.01	16.01	0.0099	
1369	1	16.01	16.01	0.0099	
1370	1	16.01	16.01	0.0099	
1371	1	16.05	16.05	0.0475	
1372	1	16.01	16.01	0.0099	
1373	1	16.01	16.01	0.0099	
1374	1	16.01	16.01	0.0099	
1375	1	16.01	16.01	0.0099	
1376	1	16.01	16.01	0.0099	
1377	1	16.01	16.01	0.0099	
1378	1	16.01	16.01	0.0099	
1379	1	16.01	16.01	0.0099	
1380	1	16.01	16.01	0.0099	
1381	1	16.02	16.02	0.0196	
1382	1	16.28	16.28	0.2016	
1383	1	16.01	16.01	0.0099	
1384	1	16.01	16.01	0.0099	
1385	1	16.01	16.01	0.0099	
1386	1	16.25	16.25	0.1875	
1387	1	16.01	16.01	0.0099	
1388	1	16.01	16.01	0.0099	
1389	1	16.01	16.01	0.0099	
1390	1	16.01	16.01	0.0099	
1391	1	16.01	16.01	0.0099	
1392	1	16.01	16.01	0.0099	
1393	1	16.01	16.01	0.0099	
1394	1	16.09	16.09	0.0819	
1395	1	16.01	16.01	0.0099	
1396	1	16.01	16.01	0.0099	
1397	1	16.01	16.01	0.0099	
1398	1	16.01	16.01	0.0099	
1399	1	16.01	16.01	0.0099	
1400	1	16.01	16.01	0.0099	
1401	1	16.01	16.01	0.0099	
1402	1	16.01	16.01	0.0099	
1403	1	16.01	16.01	0.0099	
1404	1	16.01	16.01	0.0099	
1405	1	16.01	16.01	0.0099	
1406	1	16.01	16.01	0.0099	
1407	1	16.01	16.01	0.0099	
1408	1	16.01	16.01	0.0099	
1409	1	16.01	16.01	0.0099	
1410	1	16.01	16.01	0.0099	
1411	1	16.05	16.05	0.0475	
1412	1	16.26	16.26	0.1924	
1413	1	16.01	16.01	0.0099	
1414	1	16.01	16.01	0.0099	
1415	1	16.01	16.01	0.0099	
1416	1	16.01	16.01	0.0099	
1417	1	16.01	16.01	0.0099	
1418	1	16.01	16.01	0.0099	
1419	1	16.01	16.01	0.0099	
1420	1	16.01	16.01	0.0099	
1421	1	16.01	16.01	0.0099	
1422	1	16.01	16.01	0.0099	
1423	1	16.06	16.06	0.0564	
1424	1	16.01	16.01	0.0099	
1425	1	16.01	16.01	0.0099	
1426	1	16.01	16.01	0.0099	
1427	1	16.01	16.01	0.0099	
1428	1	16.01	16.01	0.0099	
1429	1	16.01	16.01	0.0099	
1430	1	16.01	16.01	0.0099	
1431	1	16.01	16.01	0.0099	
1432	1	16.01	16.01	0.0099	
1433	1	16.01	16.01	0.0099	
1434	1	16.01	16.01	0.0099	
1435	1	16.01	16.01	0.0099	
1436	1	16.01	16.01	0.0099	
1437	1	16.01	16.01	0.0099	
1438	1	16.06	16.06	0.0564	
1439	1	16.1	16.1	0.09	
1440	1	16.12	16.12	0.1056	
1441	1	16.46	16.46	0.2484	
1442	1	16.53	16.53	0.2491	
1443	1	16.69	16.69	0.2139	
1444	1	16.57	16.57	0.2451	
1445	1	16.68	16.68	0.2176	
1446	1	16.8	16.8	0.16	
1447	1	16.56	16.56	0.2464	
1448	1	16.19	16.19	0.1539	
1449	1	16.01	16.01	0.0099	
1450	1	16.01	16.01	0.0099	
1451	1	16.01	16.01	0.0099	
1452	1	16.04	16.04	0.0384	
1453	1	16.01	16.01	0.0099	
1454	1	16.01	16.01	0.0099	
1455	1	16.01	16.01	0.0099	
1456	1	16.04	16.04	0.0384	
1457	1	16.14	16.14	0.1204	
1458	1	16.01	16.01	0.0099	
1459	1	16.01	16.01	0.0099	
1460	1	16.01	16.01	0.0099	
1461	1	16.48	16.48	0.2496	
1462	1	16.66	16.66	0.2244	
1463	1	16.59	16.59	0.2419	
1464	1	16.85	16.85	0.1275	
1465	1	16.93	16.93	0.0651	
1466	1	16.89	16.89	0.0979	
1467	1	16.96	16.96	0.0384	
1468	1	16.99	16.99	0.0099	
1469	1	17.03	17.03	0.0291	
1470	1	17.01	17.01	0.0099	
1471	1	17.01	17.01	0.0099	
1472	1	17.01	17.01	0.0099	
1473	1	17.01	17.01	0.0099	
1474	1	17.01	17.01	0.0099	
1475	1	17.01	17.01	0.0099	
1476	1	17.01	17.01	0.0099	
1477	1	17.01	17.01	0.0099	
1478	1	17.01	17.01	0.0099	
1479	1	17.01	17.01	0.0099	
1480	1	17.01	17.01	0.0099	
1481	1	17.01	17.01	0.0099	
1482	1	17.01	17.01	0.0099	
1483	1	17.01	17.01	0.0099	
1484	1	17.01	17.01	0.0099	
1485	1	17.01	17.01	0.0099	
1486	1	17.01	17.01	0.0099	
1487	1	17.01	17.01	0.0099	
1488	1	17.01	17.01	0.0099	
1489	1	17.01	17.01	0.0099	
1490	1	17.01	17.01	0.0099	
1491	1	17.01	17.01	0.0099	
1492	1	17.01	17.01	0.0099	
1493	1	17.01	17.01	0.0099	
1494	1	17.01	17.01	0.0099	
1495	1	17.01	17.01	0.0099	
1496	1	17.01	17.01	0.0099	
1497	1	17.01	17.01	0.0099	
1498	1	17.05	17.05	0.0475	
1499	1	17.03	17.03	0.0291	
1500	1	17.13	17.13	0.1131	
1501	1	17.01	17.01	0.0099	
1502	1	17.01	17.01	0.0099	
1503	1	17.01	17.01	0.0099	
1504	1	17.01	17.01	0.0099	
1505	1	17.01	17.01	0.0099	
1506	1	17.05	17.05	0.0475	
1507	1	17.01	17.01	0.0099	
1508	1	17.01	17.01	0.0099	
1509	1	17.01	17.01	0.0099	
1510	1	17.01	17.01	0.0099	
1511	1	17.01	17.01	0.0099	
1512	1	17.01	17.01	0.0099	
1513	1	17.01	17.01	0.0099	
1514	1	17.1	17.1	0.09	
1515	1	17.4	17.4	0.24	
1516	1	17.42	17.42	0.2436	
1517	1	17.58	17.58	0.2436	
1518	1	17.37	17.37	0.2331	
1519	1	17.6	17.6	0.24	
1520	1	17.42	17.42	0.2436	
1521	1	17.2	17.2	0.16	
1522	1	17.49	17.49	0.2499	
1523	1	17.24	17.24	0.1824	
1524	1	17.46	17.46	0.2484	
1525	1	17.56	17.56	0.2464	
1526	1	17.37	17.37	0.2331	
1527	1	17.63	17.63	0.2331	
1528	1	17.28	17.28	0.2016	
1529	1	17.34	17.34	0.2244	
1530	1	17.24	17.24	0.1824	
1531	1	17.24	17.24	0.1824	
1532	1	17.01	17.01	0.0099	
1533	1	17.01	17.01	0.0099	
1534	1	17.01	17.01	0.0099	
1535	1	17.01	17.01	0.0099	
1536	1	17.01	17.01	0.0099	
1537	1	17.01	17.01	0.0099	
1538	1	17.01	17.01	0.0099	
1539	1	17.01	17.01	0.0099	
1540	1	17.01	17.01	0.0099	
1541	1	17.01	17.01	0.0099	
1542	1	17.01	17.01	0.0099	
1543	1	17.01	17.01	0.0099	
1544	1	17.01	17.01	0.0099	
1545	1	17.09	17.09	0.0819	
1546	1	17.01	17.01	0.0099	
1547	1	17.01	17.01	0.0099	
1548	1	17.01	17.01	0.0099	
1549	1	17.01	17.01	0.0099	
1550	1	17.01	17.01	0.0099	
1551	1	17.01	17.01	0.0099	
1552	1	17.01	17.01	0.0099	
1553	1	17.01	17.01	0.0099	
1554	1	17.01	17.01	0.0099	
1555	1	17.01	17.01	0.0099	
1556	1	17.41	17.41	0.2419	
1557	1	17.52	17.52	0.2496	
1558	1	17.1	17.1	0.09	
1559	1	17.18	17.18	0.1476	
1560	1	17.09	17.09	0.0819	
1561	1	17.23	17.23	0.1771	
1562	1	17.01	17.01	0.0099	
1563	1	17.01	17.01	0.0099	
1564	1	17.01	17.01	0.0099	
1565	1	17.01	17.01	0.0099	
1566	1	17.01	17.01	0.0099	
1567	1	17.01	17.01	0.0099	
1568	1	17.01	17.01	0.0099	
1569	1	17.01	17.01	0.0099	
1570	1	17.01	17.01	0.0099	
1571	1	17.01	17.01	0.0099	
1572	1	17.01	17.01	0.0099	
1573	1	17.01	17.01	0.0099	
1574	1	17.01	17.01	0.0099	
1575	1	17.01	17.01	0.0099	
1576	1	17.01	17.01	0.0099	
1577	1	17.18	17.18	0.1476	
1578	1	17.39	17.39	0.2379	
1579	1	17.45	17.45	0.2475	
1580	1	17.42	17.42	0.2436	
1581	1	17.6	17.6	0.24	
1582	1	17.34	17.34	0.2244	
1583	1	17.42	17.42	0.2436	
1584	1	17.81	17.81	0.1539	
1585	1	17.71	17.71	0.2059	
1586	1	17.22	17.22	0.1716	
1587	1	17.04	17.04	0.0384	
1588	1	17.01	17.01	0.0099	
1589	1	17.36	17.36	0.2304	
1590	1	17.01	17.01	0.0099	
1591	1	17.01	17.01	0.0099	
1592	1	17.01	17.01	0.0099	
1593	1	17.01	17.01	0.0099	
1594	1	17.01	17.01	0.0099	
1595	1	17.01	17.01	0.0099	
1596	1	17.01	17.01	0.0099	
1597	1	17.01	17.01	0.0099	
1598	1	17.01	17.01	0.0099	
1599	1	17.01	17.01	0.0099	
1600	1	17.01	17.01	0.0099	
1601	1	17.01	17.01	0.0099	
1602	1	17.01	17.01	0.0099	
1603	1	17.01	17.01	0.0099	
1604	1	17.01	17.01	0.0099	
1605	1	17.01	17.01	0.0099	
1606	1	17.02	17.02	0.0196	
1607	1	17.24	17.24	0.1824	
1608	1	17.25	17.25	0.1875	
1609	1	17.44	17.44	0.2464	
1610	1	17.68	17.68	0.2176	
1611	1	17.32	17.32	0.2176	
1612	1	17.25	17.25	0.1875	
1613	1	17.11	17.11	0.0979	
1614	1	17.01	17.01	0.0099	
1615	1	17.01	17.01	0.0099	
1616	1	17.01	17.01	0.0099	
1617	1	17.01	17.01	0.0099	
1618	1	17.01	17.01	0.0099	
1619	1	17.01	17.01	0.0099	
1620	1	17.01	17.01	0.0099	
1621	1	17.01	17.01	0.0099	
1622	1	17.01	17.01	0.0099	
1623	1	17.01	17.01	0.0099	
1624	1	17.01	17.01	0.0099	
1625	1	17.01	17.01	0.0099	
1626	1	17.01	17.01	0.0099	
1627	1	17.08	17.08	0.0736	
1628	1	17.01	17.01	0.0099	
1629	1	17.01	17.01	0.0099	
1630	1	17.01	17.01	0.0099	
1631	1	17.01	17.01	0.0099	
1632	1	17.01	17.01	0.0099	
1633	1	17.01	17.01	0.0099	
1634	1	17.01	17.01	0.0099	
1635	1	17.01	17.01	0.0099	
1636	1	17.01	17.01	0.0099	
1637	1	17.02	17.02	0.0196	
1638	1	17.35	17.35	0.2275	
1639	1	17.3	17.3	0.21	
1640	1	17.24	17.24	0.1824	
1641	1	17.4	17.4	0.24	
1642	1	17.39	17.39	0.2379	
1643	1	17.32	17.32	0.2176	
1644	1	17.09	17.09	0.0819	
1645	1	17.39	17.39	0.2379	
1646	1	17.45	17.45	0.2475	
1647	1	17.52	17.52	0.2496	
1648	1	17.42	17.42	0.2436	
1649	1	17.51	17.51	0.2499	
1650	1	17.42	17.42	0.2436	
1651	1	17.44	17.44	0.2464	
1652	1	17.4	17.4	0.24	
1653	1	17.01	17.01	0.0099	
1654	1	17.01	17.01	0.0099	
1655	1	17.01	17.01	0.0099	
1656	1	17.01	17.01	0.0099	
1657	1	17.01	17.01	0.0099	
1658	1	17.01	17.01	0.0099	
1659	1	17.05	17.05	0.0475	
1660	1	17.01	17.01	0.0099	
1661	1	17.01	17.01	0.0099	
1662	1	17.01	17.01	0.0099	
1663	1	17.01	17.01	0.0099	
1664	1	17.01	17.01	0.0099	
1665	1	17.01	17.01	0.0099	
1666	1	17.01	17.01	0.0099	
1667	1	17.01	17.01	0.0099	
1668	1	17.01	17.01	0.0099	
1669	1	17.01	17.01	0.0099	
1670	1	17.01	17.01	0.0099	
1671	1	17.01	17.01	0.0099	
1672	1	17.01	17.01	0.0099	
1673	1	17.01	17.01	0.0099	
1674	1	17.01	17.01	0.0099	
1675	1	17.01	17.01	0.0099	
1676	1	17.01	17.01	0.0099	
1677	1	17.01	17.01	0.0099	
1678	1	17.01	17.01	0.0099	
1679	1	17.01	17.01	0.0099	
1680	1	17.07	17.07	0.0651	
1681	1	17.01	17.01	0.0099	
1682	1	17.01	17.01	0.0099	
1683	1	17.01	17.01	0.0099	
1684	1	17.01	17.01	0.0099	
1685	1	17.01	17.01	0.0099	
1686	1	17.01	17.01	0.0099	
1687	1	17.01	17.01	0.0099	
1688	1	17.01	17.01	0.0099	
1689	1	17.01	17.01	0.0099	
1690	1	17.01	17.01	0.0099	
1691	1	17.06	17.06	0.0564	
1692	1	17.01	17.01	0.0099	
1693	1	17.01	17.01	0.0099	
1694	1	17.01	17.01	0.0099	
1695	1	17.01	17.01	0.0099	
1696	1	17.01	17.01	0.0099	
1697	1	17.01	17.01	0.0099	
1698	1	17.01	17.01	0.0099	
1699	1	17.01	17.01	0.0099	
1700	1	17.01	17.01	0.0099	
1701	1	17.01	17.01	0.0099	
1702	1	17.01	17.01	0.0099	
1703	1	17.01	17.01	0.0099	
1704	1	17.01	17.01	0.0099	
1705	1	17.01	17.01	0.0099	
1706	1	17.01	17.01	0.0099	
1707	1	17.01	17.01	0.0099	
1708	1	17.01	17.01	0.0099	
1709	1	17.01	17.01	0.0099	
1710	1	17.01	17.01	0.0099	
1711	1	17.01	17.01	0.0099	
1712	1	17.01	17.01	0.0099	
1713	1	17.01	17.01	0.0099	
1714	1	17.1	17.1	0.09	
1715	1	17.22	17.22	0.1716	
1716	1	17.24	17.24	0.1824	
1717	1	17.25	17.25	0.1875	
1718	1	17.34	17.34	0.2244	
1719	1	17.42	17.42	0.2436	
1720	1	17.56	17.56	0.2464	
1721	1	17.57	17.57	0.2451	
1722	1	17.49	17.49	0.2499	
1723	1	17.74	17.74	0.1924	
1724	1	17.81	17.81	0.1539	
1725	1	17.53	17.53	0.2491	
1726	1	17.65	17.65	0.2275	
1727	1	17.69	17.69	0.2139	
1728	1	17.61	17.61	0.2379	
1729	1	17.56	17.56	0.2464	
1730	1	17.53	17.53	0.2491	
1731	1	17.33	17.33	0.2211	
1732	1	17.34	17.34	0.2244	
1733	1	17.55	17.55	0.2475	
1734	1	17.85	17.85	0.1275	
1735	1	17.99	17.99	0.0099	
1736	1	17.99	17.99	0.0099	
1737	1	17.99	17.99	0.0099	
1738	1	18.01	18.01	0.0099	
1739	1	18.01	18.01	0.0099	
1740	1	18.01	18.01	0.0099	
1741	1	18.01	18.01	0.0099	
1742	1	18.01	18.01	0.0099	
1743	1	18.15	18.15	0.1275	
1744	1	18.01	18.01	0.0099	
1745	1	18.01	18.01	0.0099	
1746	1	18.01	18.01	0.0099	
1747	1	18.01	18.01	0.0099	
1748	1	18.01	18.01	0.0099	
1749	1	18.01	18.01	0.0099	
1750	1	18.01	18.01	0.0099	
1751	1	18.01	18.01	0.0099	
1752	1	18.01	18.01	0.0099	
1753	1	18.01	18.01	0.0099	
1754	1	18.01	18.01	0.0099	
1755	1	18.05	18.05	0.0475	
1756	1	18.01	18.01	0.0099	
1757	1	18.01	18.01	0.0099	
1758	1	18.01	18.01	0.0099	
1759	1	18.01	18.01	0.0099	
1760	1	18.01	18.01	0.0099	
1761	1	18.1	18.1	0.09	
1762	1	18.01	18.01	0.0099	
1763	1	18.01	18.01	0.0099	
1764	1	18.32	18.32	0.2176	
1765	1	18.3	18.3	0.21	
1766	1	18.78	18.78	0.1716	
1767	1	18.52	18.52	0.2496	
1768	1	18.48	18.48	0.2496	
1769	1	18.22	18.22	0.1716	
1770	1	18.59	18.59	0.2419	
1771	1	18.66	18.66	0.2244	
1772	1	18.68	18.68	0.2176	
1773	1	18.76	18.76	0.1824	
1774	1	18.73	18.73	0.1971	
1775	1	18.65	18.65	0.2275	
1776	1	18.54	18.54	0.2484	
1777	1	18.47	18.47	0.2491	
1778	1	18.01	18.01	0.0099	
1779	1	18.01	18.01	0.0099	
1780	1	18.25	18.25	0.1875	
1781	1	18.01	18.01	0.0099	
1782	1	18.01	18.01	0.0099	
1783	1	18.01	18.01	0.0099	
1784	1	18.01	18.01	0.0099	
1785	1	18.01	18.01	0.0099	
1786	1	18.01	18.01	0.0099	
1787	1	18.08	18.08	0.0736	
1788	1	18.27	18.27	0.1971	
1789	1	18.19	18.19	0.1539	
1790	1	18.23	18.23	0.1771	
1791	1	18.41	18.41	0.2419	
1792	1	18.02	18.02	0.0396	
1793	1	18.01	18.01	0.0099	
1794	1	18.01	18.01	0.0099	
1795	1	18.01	18.01	0.0099	
1796	1	18.01	18.01	0.0099	
1797	1	18.01	18.01	0.0099	
1798	1	18.01	18.01	0.0099	
1799	1	18.01	18.01	0.0099	
1800	1	18.04	18.04	0.0384	
1801	1	18.01	18.01	0.0099	
1802	1	18.01	18.01	0.0099	
1803	1	18.01	18.01	0.0099	
1804	1	18.01	18.01	0.0099	
1805	1	18.01	18.01	0.0099	
1806	1	18.23	18.23	0.1771	
1807	1	18.01	18.01	0.0099	
1808	1	18.01	18.01	0.0099	
1809	1	18.01	18.01	0.0099	
1810	1	18.01	18.01	0.0099	
1811	1	18.01	18.01	0.0099	
1812	1	18.01	18.01	0.0099	
1813	1	18.01	18.01	0.0099	
1814	1	18.01	18.01	0.0099	
1815	1	18.01	18.01	0.0099	
1816	1	18.01	18.01	0.0099	
1817	1	18.01	18.01	0.0099	
1818	1	18.01	18.01	0.0099	
1819	1	18.01	18.01	0.0099	
1820	1	18.01	18.01	0.0099	
1821	1	18.01	18.01	0.0099	
1822	1	18.01	18.01	0.0099	
1823	1	18.01	18.01	0.0099	
1824	1	18.01	18.01	0.0099	
1825	1	18.01	18.01	0.0099	
1826	1	18.01	18.01	0.0099	
1827	1	18.01	18.01	0.0099	
1828	1	18.01	18.01	0.0099	
1829	1	18.01	18.01	0.0099	
1830	1	18.01	18.01	0.0099	
1831	1	18.01	18.01	0.0099	
1832	1	18.01	18.01	0.0099	
1833	1	18.01	18.01	0.0099	
1834	1	18.18	18.18	0.1476	
1835	1	18.01	18.01	0.0099	
1836	1	18.01	18.01	0.0099	
1837	1	18.01	18.01	0.0099	
1838	1	18.01	18.01	0.0099	
1839	1	18.01	18.01	0.0099	
1840	1	18.01	18.01	0.0099	
1841	1	18.04	18.04	0.0384	
1842	1	18.01	18.01	0.0099	
1843	1	18.01	18.01	0.0099	
1844	1	18.01	18.01	0.0099	
1845	1	18.01	18.01	0.0099	
1846	1	18.01	18.01	0.0099	
1847	1	18.2	18.2	0.16	
1848	1	18.52	18.52	0.2496	
1849	1	18.29	18.29	0.2059	
1850	1	18.49	18.49	0.2499	
1851	1	18.2	18.2	0.16	
1852	1	18.01	18.01	0.0099	
1853	1	18.01	18.01	0.0099	
1854	1	18.01	18.01	0.0099	
1855	1	18.01	18.01	0.0099	
1856	1	18.01	18.01	0.0099	
1857	1	18.01	18.01	0.0099	
1858	1	18.01	18.01	0.0099	
1859	1	18.01	18.01	0.0099	
1860	1	18.01	18.01	0.0099	
1861	1	18.01	18.01	0.0099	
1862	1	18.01	18.01	0.0099	
1863	1	18.01	18.01	0.0099	
1864	1	18.01	18.01	0.0099	
1865	1	18.01	18.01	0.0099	
1866	1	18.01	18.01	0.0099	
1867	1	18.01	18.01	0.0099	
1868	1	18.01	18.01	0.0099	
1869	1	18.01	18.01	0.0099	
1870	1	18.01	18.01	0.0099	
1871	1	18.15	18.15	0.1275	
1872	1	18.07	18.07	0.0651	
1873	1	18.01	18.01	0.0099	
1874	1	18.01	18.01	0.0099	
1875	1	18.01	18.01	0.0099	
1876	1	18.01	18.01	0.0099	
1877	1	18.01	18.01	0.0099	
1878	1	18.01	18.01	0.0099	
1879	1	18.01	18.01	0.0099	
1880	1	18.01	18.01	0.0099	
1881	1	18.01	18.01	0.0099	
1882	1	18.01	18.01	0.0099	
1883	1	18.01	18.01	0.0099	
1884	1	18.01	18.01	0.0099	
1885	1	18.01	18.01	0.0099	
1886	1	18.01	18.01	0.0099	
1887	1	18.01	18.01	0.0099	
1888	1	18.01	18.01	0.0099	
1889	1	18.01	18.01	0.0099	
1890	1	18.01	18.01	0.0099	
1891	1	18.01	18.01	0.0099	
1892	1	18.01	18.01	0.0099	
1893	1	18.01	18.01	0.0099	
1894	1	18.01	18.01	0.0099	
1895	1	18.01	18.01	0.0099	
1896	1	18.01	18.01	0.0099	
1897	1	18.01	18.01	0.0099	
1898	1	18.01	18.01	0.0099	
1899	1	18.01	18.01	0.0099	
1900	1	18.16	18.16	0.1344	
1901	1	18.2	18.2	0.16	
1902	1	18.35	18.35	0.2275	
1903	1	18.4	18.4	0.24	
1904	1	18.72	18.72	0.2016	
1905	1	19.01	19.01	0.0099	
1906	1	19.01	19.01	0.0099	
1907	1	19.01	19.01	0.0099	
1908	1	19.01	19.01	0.0099	
1909	1	19.01	19.01	0.0099	
1910	1	19.01	19.01	0.0099	
1911	1	19.01	19.01	0.0099	
1912	1	19.01	19.01	0.0099	
1913	1	19.01	19.01	0.0099	
1914	1	19.01	19.01	0.0099	
1915	1	19.01	19.01	0.0099	
1916	1	19.01	19.01	0.0099	
1917	1	19.01	19.01	0.0099	
1918	1	19.01	19.01	0.0099	
1919	1	19.01	19.01	0.0099	
1920	1	19.01	19.01	0.0099	
1921	1	19.01	19.01	0.0099	
1922	1	19.01	19.01	0.0099	
1923	1	19.01	19.01	0.0099	
1924	1	19.01	19.01	0.0099	
1925	1	19.01	19.01	0.0099	
1926	1	19.01	19.01	0.0099	
1927	1	19.01	19.01	0.0099	
1928	1	19.01	19.01	0.0099	
1929	1	19.01	19.01	0.0099	
1930	1	19.01	19.01	0.0099	
1931	1	19.09	19.09	0.0819	
1932	1	19.47	19.47	0.2491	
1933	1	19.56	19.56	0.2464	
1934	1	19.32	19.32	0.2176	
1935	1	19.51	19.51	0.2499	
1936	1	19.61	19.61	0.2379	
1937	1	19.63	19.63	0.2331	
1938	1	19.39	19.39	0.2379	
1939	1	19.67	19.67	0.2211	
1940	1	19.99	19.99	0.0099	
1941	1	20.01	20.01	0.0099	
1942	1	20.01	20.01	0.0099	
1943	1	20.01	20.01	0.0099	
1944	1	20.01	20.01	0.0099	
1945	1	20.01	20.01	0.0099	
1946	1	20.01	20.01	0.0099	
1947	1	20.01	20.01	0.0099	
1948	1	20.01	20.01	0.0099	
1949	1	20.01	20.01	0.0099	
1950	1	20.01	20.01	0.0099	
1951	1	20.26	20.26	0.1924	
1952	1	20.27	20.27	0.1971	
1953	1	20.23	20.23	0.1771	
1954	1	20.36	20.36	0.2304	
1955	1	20.23	20.23	0.1771	
1956	1	20.02	20.02	0.0196	
1957	1	20.01	20.01	0.0099	
1958	1	20.01	20.01	0.0099	
1959	1	20.01	20.01	0.0099	
1960	1	20.01	20.01	0.0099	
1961	1	20.01	20.01	0.0099	
1962	1	20.01	20.01	0.0099	
1963	1	20.01	20.01	0.0099	
1964	1	20.01	20.01	0.0099	
1965	1	20.01	20.01	0.0099	
1966	1	20.01	20.01	0.0099	
1967	1	20.01	20.01	0.0099	
1968	1	20.14	20.14	0.1204	
1969	1	20.01	20.01	0.0099	
1970	1	20.01	20.01	0.0099	
1971	1	20.01	20.01	0.0099	
1972	1	20.01	20.01	0.0099	
1973	1	20.01	20.01	0.0099	
1974	1	20.01	20.01	0.0099	
1975	1	20.01	20.01	0.0099	
1976	1	20.01	20.01	0.0099	
1977	1	20.01	20.01	0.0099	
1978	1	20.01	20.01	0.0099	
1979	1	20.01	20.01	0.0099	
1980	1	20.01	20.01	0.0099	
1981	1	20.01	20.01	0.0099	
1982	1	20.01	20.01	0.0099	
1983	1	20.01	20.01	0.0099	
1984	1	20.01	20.01	0.0099	
1985	1	20.01	20.01	0.0099	
1986	1	20.01	20.01	0.0099	
1987	1	20.01	20.01	0.0099	
1988	1	20.01	20.01	0.0099	
1989	1	20.01	20.01	0.0099	
1990	1	20.01	20.01	0.0099	
1991	1	20.01	20.01	0.0099	
1992	1	20.01	20.01	0.0099	
1993	1	20.01	20.01	0.0099	
1994	1	20.01	20.01	0.0099	
1995	1	20.01	20.01	0.0099	
1996	1	20.01	20.01	0.0099	
1997	1	20.01	20.01	0.0099	
1998	1	20.01	20.01	0.0099	
1999	1	20.01	20.01	0.0099	
2000	1	20.01	20.01	0.0099	
