# mu = 0.0001, s = -0.01, trials requested = 1, runtime = 0:02:09
# "Time"	"Actual trials"	"Mean mutation"	"Average mean mutation"	"Average mutation variance"
0	1	0	0	0	
1	1	0.16	0.16	0.1344	
2	1	0.01	0.01	0.0099	
3	1	0.01	0.01	0.0099	
4	1	0.01	0.01	0.0099	
5	1	0.01	0.01	0.0099	
6	1	0.01	0.01	0.0099	
7	1	0.01	0.01	0.0099	
8	1	0.01	0.01	0.0099	
9	1	0.01	0.01	0.0099	
10	1	0.01	0.01	0.0099	
11	1	0.01	0.01	0.0099	
12	1	0.01	0.01	0.0099	
13	1	0.01	0.01	0.0099	
14	1	0.06	0.06	0.0564	
15	1	0.01	0.01	0.0099	
16	1	0.01	0.01	0.0099	
17	1	0.01	0.01	0.0099	
18	1	0.01	0.01	0.0099	
19	1	0.01	0.01	0.0099	
20	1	0.01	0.01	0.0099	
21	1	0.01	0.01	0.0099	
22	1	0.01	0.01	0.0099	
23	1	0.06	0.06	0.0564	
24	1	0.16	0.16	0.1344	
25	1	0.16	0.16	0.1344	
26	1	0.01	0.01	0.0099	
27	1	0.01	0.01	0.0099	
28	1	0.01	0.01	0.0099	
29	1	0.01	0.01	0.0099	
30	1	0.01	0.01	0.0099	
31	1	0.01	0.01	0.0099	
32	1	0.22	0.22	0.1716	
33	1	0.17	0.17	0.1411	
34	1	0.18	0.18	0.1476	
35	1	0.01	0.01	0.0099	
36	1	0.01	0.01	0.0099	
37	1	0.01	0.01	0.0099	
38	1	0.01	0.01	0.0099	
39	1	0.01	0.01	0.0099	
40	1	0.01	0.01	0.0099	
41	1	0.01	0.01	0.0099	
42	1	0.01	0.01	0.0099	
43	1	0.01	0.01	0.0099	
44	1	0.01	0.01	0.0099	
45	1	0.01	0.01	0.0099	
46	1	0.06	0.06	0.0564	
47	1	0.29	0.29	0.2059	
48	1	0.11	0.11	0.0979	
49	1	0.15	0.15	0.1275	
50	1	0.5	0.5	0.25	
51	1	0.36	0.36	0.2304	
52	1	0.01	0.01	0.0099	
53	1	0.01	0.01	0.0099	
54	1	0.01	0.01	0.0099	
55	1	0.01	0.01	0.0099	
56	1	0.01	0.01	0.0099	
57	1	0.02	0.02	0.0196	
58	1	0.01	0.01	0.0099	
59	1	0.01	0.01	0.0099	
60	1	0.01	0.01	0.0099	
61	1	0.01	0.01	0.0099	
62	1	0.01	0.01	0.0099	
63	1	0.01	0.01	0.0099	
64	1	0.01	0.01	0.0099	
65	1	0.22	0.22	0.1716	
66	1	0.35	0.35	0.2275	
67	1	0.34	0.34	0.2244	
68	1	0.7	0.7	0.21	
69	1	0.41	0.41	0.2419	
70	1	0.41	0.41	0.2419	
71	1	0.44	0.44	0.2464	
72	1	0.26	0.26	0.1924	
73	1	0.57	0.57	0.2451	
74	1	0.62	0.62	0.2356	
75	1	0.22	0.22	0.1716	
76	1	0.63	0.63	0.2331	
77	1	0.42	0.42	0.2436	
78	1	0.3	0.3	0.21	
79	1	0.37	0.37	0.2331	
80	1	0.38	0.38	0.2356	
81	1	0.15	0.15	0.1275	
82	1	0.26	0.26	0.1924	
83	1	0.33	0.33	0.2211	
84	1	0.58	0.58	0.2436	
85	1	0.45	0.45	0.2475	
86	1	0.33	0.33	0.2211	
87	1	0.36	0.36	0.2304	
88	1	0.34	0.34	0.2244	
89	1	0.45	0.45	0.2475	
90	1	0.43	0.43	0.2451	
91	1	0.73	0.73	0.1971	
92	1	0.66	0.66	0.2244	
93	1	0.74	0.74	0.1924	
94	1	0.22	0.22	0.1716	
95	1	0.33	0.33	0.2211	
96	1	0.27	0.27	0.1971	
97	1	0.61	0.61	0.2379	
98	1	0.44	0.44	0.2464	
99	1	0.47	0.47	0.2491	
100	1	0.72	0.72	0.2016	
101	1	0.53	0.53	0.2491	
102	1	0.81	0.81	0.5739	
103	1	0.78	0.78	0.6116	
104	1	0.7	0.7	0.91	
105	1	0.8	0.8	0.96	
106	1	0.98	0.98	0.9996	
107	1	0.12	0.12	0.2256	
108	1	1.02	1.02	0.9996	
109	1	1.6	1.6	0.64	
110	1	1.68	1.68	0.4576	
111	1	1.83	1.83	0.1411	
112	1	1.95	1.95	0.0475	
113	1	2.01	2.01	0.0099	
114	1	2.01	2.01	0.0099	
115	1	2.01	2.01	0.0099	
116	1	2.01	2.01	0.0099	
117	1	2.01	2.01	0.0099	
118	1	2.01	2.01	0.0099	
119	1	2.01	2.01	0.0099	
120	1	2.01	2.01	0.0099	
121	1	2.01	2.01	0.0099	
122	1	2.01	2.01	0.0099	
123	1	2.01	2.01	0.0099	
124	1	2.01	2.01	0.0099	
125	1	2.01	2.01	0.0099	
126	1	2.01	2.01	0.0099	
127	1	2.01	2.01	0.0099	
128	1	2.01	2.01	0.0099	
129	1	2.01	2.01	0.0099	
130	1	2.01	2.01	0.0099	
131	1	2.01	2.01	0.0099	
132	1	2.01	2.01	0.0099	
133	1	2.01	2.01	0.0099	
134	1	2.03	2.03	0.0291	
135	1	2.01	2.01	0.0099	
136	1	2.01	2.01	0.0099	
137	1	2.01	2.01	0.0099	
138	1	2.01	2.01	0.0099	
139	1	2.01	2.01	0.0099	
140	1	2.02	2.02	0.0196	
141	1	2.01	2.01	0.0099	
142	1	2.01	2.01	0.0099	
143	1	2.01	2.01	0.0099	
144	1	2.04	2.04	0.0384	
145	1	2.27	2.27	0.1971	
146	1	2.38	2.38	0.2356	
147	1	2.18	2.18	0.1476	
148	1	2.01	2.01	0.0099	
149	1	2.01	2.01	0.0099	
150	1	2.01	2.01	0.0099	
151	1	2.01	2.01	0.0099	
152	1	2.01	2.01	0.0099	
153	1	2.01	2.01	0.0099	
154	1	2.01	2.01	0.0099	
155	1	2.01	2.01	0.0099	
156	1	2.01	2.01	0.0099	
157	1	2.01	2.01	0.0099	
158	1	2.01	2.01	0.0099	
159	1	2.01	2.01	0.0099	
160	1	2.01	2.01	0.0099	
161	1	2.01	2.01	0.0099	
162	1	2.01	2.01	0.0099	
163	1	2.01	2.01	0.0099	
164	1	2.01	2.01	0.0099	
165	1	2.01	2.01	0.0099	
166	1	2.01	2.01	0.0099	
167	1	2.16	2.16	0.1344	
168	1	2.07	2.07	0.0651	
169	1	2.01	2.01	0.0099	
170	1	2.01	2.01	0.0099	
171	1	2.01	2.01	0.0099	
172	1	2.01	2.01	0.0099	
173	1	2.04	2.04	0.0384	
174	1	2.01	2.01	0.0099	
175	1	2.01	2.01	0.0099	
176	1	2.01	2.01	0.0099	
177	1	2.01	2.01	0.0099	
178	1	2.01	2.01	0.0099	
179	1	2.01	2.01	0.0099	
180	1	2.01	2.01	0.0099	
181	1	2.01	2.01	0.0099	
182	1	2.01	2.01	0.0099	
183	1	2.01	2.01	0.0099	
184	1	2.01	2.01	0.0099	
185	1	2.01	2.01	0.0099	
186	1	2.01	2.01	0.0099	
187	1	2.06	2.06	0.0564	
188	1	2.01	2.01	0.0099	
189	1	2.01	2.01	0.0099	
190	1	2.01	2.01	0.0099	
191	1	2.01	2.01	0.0099	
192	1	2.01	2.01	0.0099	
193	1	2.01	2.01	0.0099	
194	1	2.01	2.01	0.0099	
195	1	2.01	2.01	0.0099	
196	1	2.01	2.01	0.0099	
197	1	2.01	2.01	0.0099	
198	1	2.26	2.26	0.1924	
199	1	2.7	2.7	0.65	
200	1	2.83	2.83	0.6811	
201	1	2.54	2.54	0.5284	
202	1	2.75	2.75	0.1875	
203	1	2.72	2.72	0.2016	
204	1	2.75	2.75	0.1875	
205	1	2.99	2.99	0.0099	
206	1	3.01	3.01	0.0099	
207	1	3.01	3.01	0.0099	
208	1	3.01	3.01	0.0099	
209	1	3.02	3.02	0.0196	
210	1	3.01	3.01	0.0099	
211	1	3.01	3.01	0.0099	
212	1	3.01	3.01	0.0099	
213	1	3.01	3.01	0.0099	
214	1	3.01	3.01	0.0099	
215	1	3.01	3.01	0.0099	
216	1	3.01	3.01	0.0099	
217	1	3.01	3.01	0.0099	
218	1	3.05	3.05	0.0475	
219	1	3.13	3.13	0.1131	
220	1	3.08	3.08	0.0736	
221	1	3.01	3.01	0.0099	
222	1	3.01	3.01	0.0099	
223	1	3.01	3.01	0.0099	
224	1	3.2	3.2	0.16	
225	1	3.34	3.34	0.2244	
226	1	3.54	3.54	0.2484	
227	1	3.47	3.47	0.2491	
228	1	3.16	3.16	0.1344	
229	1	3.14	3.14	0.1204	
230	1	3.01	3.01	0.0099	
231	1	3.01	3.01	0.0099	
232	1	3.01	3.01	0.0099	
233	1	3.01	3.01	0.0099	
234	1	3.01	3.01	0.0099	
235	1	3.01	3.01	0.0099	
236	1	3.01	3.01	0.0099	
237	1	3.01	3.01	0.0099	
238	1	3.01	3.01	0.0099	
239	1	3.01	3.01	0.0099	
240	1	3.01	3.01	0.0099	
241	1	3.01	3.01	0.0099	
242	1	3.01	3.01	0.0099	
243	1	3.01	3.01	0.0099	
244	1	3.01	3.01	0.0099	
245	1	3.01	3.01	0.0099	
246	1	3.01	3.01	0.0099	
247	1	3.01	3.01	0.0099	
248	1	3.01	3.01	0.0099	
249	1	3.01	3.01	0.0099	
250	1	3.01	3.01	0.0099	
251	1	3.01	3.01	0.0099	
252	1	3.01	3.01	0.0099	
253	1	3.01	3.01	0.0099	
254	1	3.01	3.01	0.0099	
255	1	3.01	3.01	0.0099	
256	1	3.02	3.02	0.0196	
257	1	3.01	3.01	0.0099	
258	1	3.01	3.01	0.0099	
259	1	3.01	3.01	0.0099	
260	1	3.01	3.01	0.0099	
261	1	3.01	3.01	0.0099	
262	1	3.01	3.01	0.0099	
263	1	3.01	3.01	0.0099	
264	1	3.01	3.01	0.0099	
265	1	3.13	3.13	0.1131	
266	1	3.28	3.28	0.2016	
267	1	3.22	3.22	0.1716	
268	1	3.17	3.17	0.1411	
269	1	3.25	3.25	0.1875	
270	1	3.65	3.65	0.2275	
271	1	3.54	3.54	0.2484	
272	1	3.24	3.24	0.1824	
273	1	3.42	3.42	0.2436	
274	1	3.41	3.41	0.2419	
275	1	3.65	3.65	0.2275	
276	1	3.31	3.31	0.2139	
277	1	3.82	3.82	0.5276	
278	1	3.81	3.81	0.1539	
279	1	3.74	3.74	0.1924	
280	1	3.99	3.99	0.0099	
281	1	4.01	4.01	0.0099	
282	1	4.01	4.01	0.0099	
283	1	4.01	4.01	0.0099	
284	1	4.01	4.01	0.0099	
285	1	4.01	4.01	0.0099	
286	1	4.01	4.01	0.0099	
287	1	4.01	4.01	0.0099	
288	1	4.01	4.01	0.0099	
289	1	4.01	4.01	0.0099	
290	1	4.01	4.01	0.0099	
291	1	4.01	4.01	0.0099	
292	1	4.01	4.01	0.0099	
293	1	4.01	4.01	0.0099	
294	1	4.01	4.01	0.0099	
295	1	4.01	4.01	0.0099	
296	1	4.01	4.01	0.0099	
297	1	4.01	4.01	0.0099	
298	1	4.01	4.01	0.0099	
299	1	4.01	4.01	0.0099	
300	1	4.01	4.01	0.0099	
301	1	4.01	4.01	0.0099	
302	1	4.01	4.01	0.0099	
303	1	4.01	4.01	0.0099	
304	1	4.01	4.01	0.0099	
305	1	4.01	4.01	0.0099	
306	1	4.01	4.01	0.0099	
307	1	4.03	4.03	0.0291	
308	1	4.01	4.01	0.0099	
309	1	4.01	4.01	0.0099	
310	1	4.01	4.01	0.0099	
311	1	4.01	4.01	0.0099	
312	1	4.01	4.01	0.0099	
313	1	4.01	4.01	0.0099	
314	1	4.01	4.01	0.0099	
315	1	4.01	4.01	0.0099	
316	1	4.01	4.01	0.0099	
317	1	4.01	4.01	0.0099	
318	1	4.18	4.18	0.1476	
319	1	4.17	4.17	0.1411	
320	1	4.11	4.11	0.0979	
321	1	4.31	4.31	0.2139	
322	1	4.29	4.29	0.2059	
323	1	4.33	4.33	0.2211	
324	1	4.63	4.63	0.2331	
325	1	5	5	0	
326	1	5	5	0	
327	1	5	5	0	
328	1	5	5	0	
329	1	5	5	0	
330	1	5	5	0	
331	1	5	5	0	
332	1	5	5	0	
333	1	5	5	0	
334	1	5	5	0	
335	1	5	5	0	
336	1	5	5	0	
337	1	5	5	0	
338	1	5	5	0	
339	1	5.05	5.05	0.0475	
340	1	5	5	0	
341	1	5	5	0	
342	1	5.29	5.29	0.2059	
343	1	5.17	5.17	0.1411	
344	1	5.59	5.59	0.2419	
345	1	5.56	5.56	0.2464	
346	1	5.52	5.52	0.2496	
347	1	5.34	5.34	0.2244	
348	1	5.51	5.51	0.2499	
349	1	5.51	5.51	0.2499	
350	1	5.2	5.2	0.16	
351	1	5.43	5.43	0.2451	
352	1	5.54	5.54	0.2484	
353	1	5.2	5.2	0.16	
354	1	5.59	5.59	0.2419	
355	1	5.65	5.65	0.2275	
356	1	5.64	5.64	0.2904	
357	1	5.82	5.82	0.1476	
358	1	5.9	5.9	0.09	
359	1	6	6	0	
360	1	6	6	0	
361	1	6	6	0	
362	1	6	6	0	
363	1	6.01	6.01	0.0099	
364	1	6.01	6.01	0.0099	
365	1	6.01	6.01	0.0099	
366	1	6.01	6.01	0.0099	
367	1	6.01	6.01	0.0099	
368	1	6.01	6.01	0.0099	
369	1	6.12	6.12	0.1056	
370	1	6.38	6.38	0.2356	
371	1	6.34	6.34	0.2244	
372	1	6.43	6.43	0.2451	
373	1	6.68	6.68	0.2176	
374	1	6.56	6.56	0.2464	
375	1	6.61	6.61	0.2379	
376	1	6.54	6.54	0.2484	
377	1	6.47	6.47	0.2491	
378	1	6.46	6.46	0.2484	
379	1	6.5	6.5	0.25	
380	1	6.19	6.19	0.1539	
381	1	6.22	6.22	0.1716	
382	1	6.22	6.22	0.1716	
383	1	6.01	6.01	0.0099	
384	1	6.01	6.01	0.0099	
385	1	6.01	6.01	0.0099	
386	1	6.01	6.01	0.0099	
387	1	6.01	6.01	0.0099	
388	1	6.01	6.01	0.0099	
389	1	6.01	6.01	0.0099	
390	1	6.01	6.01	0.0099	
391	1	6.01	6.01	0.0099	
392	1	6.01	6.01	0.0099	
393	1	6.07	6.07	0.0651	
394	1	6.01	6.01	0.0099	
395	1	6.01	6.01	0.0099	
396	1	6.01	6.01	0.0099	
397	1	6.01	6.01	0.0099	
398	1	6.01	6.01	0.0099	
399	1	6.01	6.01	0.0099	
400	1	6.01	6.01	0.0099	
401	1	6.01	6.01	0.0099	
402	1	6.01	6.01	0.0099	
403	1	6.01	6.01	0.0099	
404	1	6.01	6.01	0.0099	
405	1	6.03	6.03	0.0291	
406	1	6.01	6.01	0.0099	
407	1	6.01	6.01	0.0099	
408	1	6.01	6.01	0.0099	
409	1	6.01	6.01	0.0099	
410	1	6.01	6.01	0.0099	
411	1	6.01	6.01	0.0099	
412	1	6.01	6.01	0.0099	
413	1	6.01	6.01	0.0099	
414	1	6.01	6.01	0.0099	
415	1	6.01	6.01	0.0099	
416	1	6.01	6.01	0.0099	
417	1	6.01	6.01	0.0099	
418	1	6.01	6.01	0.0099	
419	1	6.01	6.01	0.0099	
420	1	6.01	6.01	0.0099	
421	1	6.01	6.01	0.0099	
422	1	6.01	6.01	0.0099	
423	1	6.01	6.01	0.0099	
424	1	6.01	6.01	0.0099	
425	1	6.01	6.01	0.0099	
426	1	6.01	6.01	0.0099	
427	1	6.01	6.01	0.0099	
428	1	6.01	6.01	0.0099	
429	1	6.01	6.01	0.0099	
430	1	6.01	6.01	0.0099	
431	1	6.01	6.01	0.0099	
432	1	6.01	6.01	0.0099	
433	1	6.01	6.01	0.0099	
434	1	6.01	6.01	0.0099	
435	1	6.01	6.01	0.0099	
436	1	6.01	6.01	0.0099	
437	1	6.01	6.01	0.0099	
438	1	6.01	6.01	0.0099	
439	1	6.01	6.01	0.0099	
440	1	6.01	6.01	0.0099	
441	1	6.01	6.01	0.0099	
442	1	6.01	6.01	0.0099	
443	1	6.01	6.01	0.0099	
444	1	6.01	6.01	0.0099	
445	1	6.01	6.01	0.0099	
446	1	6.01	6.01	0.0099	
447	1	6.01	6.01	0.0099	
448	1	6.01	6.01	0.0099	
449	1	6.01	6.01	0.0099	
450	1	6.06	6.06	0.0564	
451	1	6.01	6.01	0.0099	
452	1	6.01	6.01	0.0099	
453	1	6.01	6.01	0.0099	
454	1	6.01	6.01	0.0099	
455	1	6.01	6.01	0.0099	
456	1	6.01	6.01	0.0099	
457	1	6.01	6.01	0.0099	
458	1	6.01	6.01	0.0099	
459	1	6.01	6.01	0.0099	
460	1	6.01	6.01	0.0099	
461	1	6.01	6.01	0.0099	
462	1	6.01	6.01	0.0099	
463	1	6.01	6.01	0.0099	
464	1	6.01	6.01	0.0099	
465	1	6.01	6.01	0.0099	
466	1	6.01	6.01	0.0099	
467	1	6.01	6.01	0.0099	
468	1	6.01	6.01	0.0099	
469	1	6.2	6.2	0.16	
470	1	6.01	6.01	0.0099	
471	1	6.01	6.01	0.0099	
472	1	6.01	6.01	0.0099	
473	1	6.01	6.01	0.0099	
474	1	6.01	6.01	0.0099	
475	1	6.01	6.01	0.0099	
476	1	6.01	6.01	0.0099	
477	1	6.01	6.01	0.0099	
478	1	6.01	6.01	0.0099	
479	1	6.01	6.01	0.0099	
480	1	6.03	6.03	0.0291	
481	1	6.01	6.01	0.0099	
482	1	6.01	6.01	0.0099	
483	1	6.01	6.01	0.0099	
484	1	6.01	6.01	0.0099	
485	1	6.01	6.01	0.0099	
486	1	6.01	6.01	0.0099	
487	1	6.12	6.12	0.1056	
488	1	6.01	6.01	0.0099	
489	1	6.01	6.01	0.0099	
490	1	6.01	6.01	0.0099	
491	1	6.1	6.1	0.09	
492	1	6.29	6.29	0.2059	
493	1	6.3	6.3	0.21	
494	1	6.39	6.39	0.2379	
495	1	6.01	6.01	0.0099	
496	1	6.01	6.01	0.0099	
497	1	6.01	6.01	0.0099	
498	1	6.01	6.01	0.0099	
499	1	6.01	6.01	0.0099	
500	1	6.01	6.01	0.0099	
501	1	6.01	6.01	0.0099	
502	1	6.01	6.01	0.0099	
503	1	6.01	6.01	0.0099	
504	1	6.01	6.01	0.0099	
505	1	6.01	6.01	0.0099	
506	1	6.01	6.01	0.0099	
507	1	6.01	6.01	0.0099	
508	1	6.01	6.01	0.0099	
509	1	6.01	6.01	0.0099	
510	1	6.01	6.01	0.0099	
511	1	6.01	6.01	0.0099	
512	1	6.01	6.01	0.0099	
513	1	6.01	6.01	0.0099	
514	1	6.01	6.01	0.0099	
515	1	6.01	6.01	0.0099	
516	1	6.01	6.01	0.0099	
517	1	6.01	6.01	0.0099	
518	1	6.01	6.01	0.0099	
519	1	6.01	6.01	0.0099	
520	1	6.02	6.02	0.0196	
521	1	6.01	6.01	0.0099	
522	1	6.01	6.01	0.0099	
523	1	6.01	6.01	0.0099	
524	1	6.01	6.01	0.0099	
525	1	6.01	6.01	0.0099	
526	1	6.01	6.01	0.0099	
527	1	6.01	6.01	0.0099	
528	1	6.01	6.01	0.0099	
529	1	6.01	6.01	0.0099	
530	1	6.01	6.01	0.0099	
531	1	6.01	6.01	0.0099	
532	1	6.08	6.08	0.0736	
533	1	6.01	6.01	0.0099	
534	1	6.1	6.1	0.09	
535	1	6.05	6.05	0.0475	
536	1	6.14	6.14	0.1204	
537	1	6.01	6.01	0.0099	
538	1	6.01	6.01	0.0099	
539	1	6.01	6.01	0.0099	
540	1	6.01	6.01	0.0099	
541	1	6.01	6.01	0.0099	
542	1	6.01	6.01	0.0099	
543	1	6.01	6.01	0.0099	
544	1	6.01	6.01	0.0099	
545	1	6.01	6.01	0.0099	
546	1	6.01	6.01	0.0099	
547	1	6.01	6.01	0.0099	
548	1	6.01	6.01	0.0099	
549	1	6.01	6.01	0.0099	
550	1	6.01	6.01	0.0099	
551	1	6.01	6.01	0.0099	
552	1	6.01	6.01	0.0099	
553	1	6.01	6.01	0.0099	
554	1	6.01	6.01	0.0099	
555	1	6.01	6.01	0.0099	
556	1	6.22	6.22	0.1716	
557	1	6.01	6.01	0.0099	
558	1	6.01	6.01	0.0099	
559	1	6.16	6.16	0.1344	
560	1	6.01	6.01	0.0099	
561	1	6.01	6.01	0.0099	
562	1	6.01	6.01	0.0099	
563	1	6.01	6.01	0.0099	
564	1	6.01	6.01	0.0099	
565	1	6.01	6.01	0.0099	
566	1	6.01	6.01	0.0099	
567	1	6.01	6.01	0.0099	
568	1	6.01	6.01	0.0099	
569	1	6.01	6.01	0.0099	
570	1	6.03	6.03	0.0291	
571	1	6.22	6.22	0.1716	
572	1	6.06	6.06	0.0564	
573	1	6.01	6.01	0.0099	
574	1	6.01	6.01	0.0099	
575	1	6.01	6.01	0.0099	
576	1	6.01	6.01	0.0099	
577	1	6.01	6.01	0.0099	
578	1	6.01	6.01	0.0099	
579	1	6.01	6.01	0.0099	
580	1	6.01	6.01	0.0099	
581	1	6.01	6.01	0.0099	
582	1	6.24	6.24	0.1824	
583	1	6.25	6.25	0.1875	
584	1	6.42	6.42	0.2436	
585	1	6.36	6.36	0.2304	
586	1	6.45	6.45	0.2475	
587	1	6.46	6.46	0.2484	
588	1	6.36	6.36	0.2304	
589	1	6.43	6.43	0.2451	
590	1	6.38	6.38	0.2356	
591	1	6.22	6.22	0.1716	
592	1	6.51	6.51	0.2499	
593	1	6.82	6.82	0.1476	
594	1	6.7	6.7	0.21	
595	1	6.99	6.99	0.0099	
596	1	7.01	7.01	0.0099	
597	1	7.01	7.01	0.0099	
598	1	7.01	7.01	0.0099	
599	1	7.01	7.01	0.0099	
600	1	7.01	7.01	0.0099	
601	1	7.01	7.01	0.0099	
602	1	7.01	7.01	0.0099	
603	1	7.01	7.01	0.0099	
604	1	7.01	7.01	0.0099	
605	1	7.01	7.01	0.0099	
606	1	7.01	7.01	0.0099	
607	1	7.17	7.17	0.1411	
608	1	7.45	7.45	0.2475	
609	1	7.7	7.7	0.21	
610	1	7.55	7.55	0.2475	
611	1	7.28	7.28	0.2016	
612	1	7.36	7.36	0.2304	
613	1	7.48	7.48	0.2496	
614	1	7.37	7.37	0.2331	
615	1	7.43	7.43	0.2451	
616	1	7.4	7.4	0.24	
617	1	7.64	7.64	0.2304	
618	1	7.75	7.75	0.1875	
619	1	8.01	8.01	0.0099	
620	1	8.01	8.01	0.0099	
621	1	8.01	8.01	0.0099	
622	1	8.01	8.01	0.0099	
623	1	8.01	8.01	0.0099	
624	1	8.01	8.01	0.0099	
625	1	8.02	8.02	0.0196	
626	1	8.01	8.01	0.0099	
627	1	8.01	8.01	0.0099	
628	1	8.01	8.01	0.0099	
629	1	8.01	8.01	0.0099	
630	1	8.01	8.01	0.0099	
631	1	8.01	8.01	0.0099	
632	1	8.01	8.01	0.0099	
633	1	8.01	8.01	0.0099	
634	1	8.01	8.01	0.0099	
635	1	8.01	8.01	0.0099	
636	1	8.01	8.01	0.0099	
637	1	8.01	8.01	0.0099	
638	1	8.01	8.01	0.0099	
639	1	8.01	8.01	0.0099	
640	1	8.01	8.01	0.0099	
641	1	8.01	8.01	0.0099	
642	1	8.09	8.09	0.0819	
643	1	8.2	8.2	0.16	
644	1	8.23	8.23	0.1771	
645	1	8.43	8.43	0.2451	
646	1	8.31	8.31	0.2139	
647	1	8.34	8.34	0.2244	
648	1	8.35	8.35	0.2275	
649	1	8.32	8.32	0.2176	
650	1	8.46	8.46	0.2484	
651	1	8.46	8.46	0.2484	
652	1	8.43	8.43	0.2451	
653	1	8.89	8.89	0.0979	
654	1	8.99	8.99	0.0099	
655	1	9.02	9.02	0.0196	
656	1	9.01	9.01	0.0099	
657	1	9.01	9.01	0.0099	
658	1	9.01	9.01	0.0099	
659	1	9.01	9.01	0.0099	
660	1	9.01	9.01	0.0099	
661	1	9.01	9.01	0.0099	
662	1	9.01	9.01	0.0099	
663	1	9.01	9.01	0.0099	
664	1	9.01	9.01	0.0099	
665	1	9.16	9.16	0.1344	
666	1	9.34	9.34	0.2244	
667	1	9.01	9.01	0.0099	
668	1	9.01	9.01	0.0099	
669	1	9.01	9.01	0.0099	
670	1	9.01	9.01	0.0099	
671	1	9.02	9.02	0.0396	
672	1	9.01	9.01	0.0099	
673	1	9.01	9.01	0.0099	
674	1	9.01	9.01	0.0099	
675	1	9.11	9.11	0.0979	
676	1	9.17	9.17	0.1411	
677	1	9.22	9.22	0.1716	
678	1	9.61	9.61	0.2379	
679	1	9.38	9.38	0.2356	
680	1	9.51	9.51	0.2499	
681	1	9.41	9.41	0.2819	
682	1	9.68	9.68	0.2176	
683	1	9.68	9.68	0.2176	
684	1	9.51	9.51	0.2499	
685	1	9.71	9.71	0.2059	
686	1	9.99	9.99	0.0099	
687	1	10.24	10.24	0.1824	
688	1	10.42	10.42	0.2436	
689	1	10.05	10.05	0.0475	
690	1	10.01	10.01	0.0099	
691	1	10.01	10.01	0.0099	
692	1	10.01	10.01	0.0099	
693	1	10.01	10.01	0.0099	
694	1	10.01	10.01	0.0099	
695	1	10.07	10.07	0.0651	
696	1	10.01	10.01	0.0099	
697	1	10.01	10.01	0.0099	
698	1	10.01	10.01	0.0099	
699	1	10.01	10.01	0.0099	
700	1	10.01	10.01	0.0099	
701	1	10.01	10.01	0.0099	
702	1	10.01	10.01	0.0099	
703	1	10.01	10.01	0.0099	
704	1	10.01	10.01	0.0099	
705	1	10.01	10.01	0.0099	
706	1	10.01	10.01	0.0099	
707	1	10.01	10.01	0.0099	
708	1	10.01	10.01	0.0099	
709	1	10.06	10.06	0.0564	
710	1	10.37	10.37	0.2331	
711	1	10.47	10.47	0.3691	
712	1	10.48	10.48	0.2496	
713	1	10.44	10.44	0.2464	
714	1	10.03	10.03	0.0291	
715	1	10.01	10.01	0.0099	
716	1	10.01	10.01	0.0099	
717	1	10.01	10.01	0.0099	
718	1	10.01	10.01	0.0099	
719	1	10.01	10.01	0.0099	
720	1	10.01	10.01	0.0099	
721	1	10.01	10.01	0.0099	
722	1	10.01	10.01	0.0099	
723	1	10.01	10.01	0.0099	
724	1	10.01	10.01	0.0099	
725	1	10.01	10.01	0.0099	
726	1	10.01	10.01	0.0099	
727	1	10.01	10.01	0.0099	
728	1	10.01	10.01	0.0099	
729	1	10.01	10.01	0.0099	
730	1	10.01	10.01	0.0099	
731	1	10.01	10.01	0.0099	
732	1	10.01	10.01	0.0099	
733	1	10.01	10.01	0.0099	
734	1	10.01	10.01	0.0099	
735	1	10.01	10.01	0.0099	
736	1	10.01	10.01	0.0099	
737	1	10.01	10.01	0.0099	
738	1	10.01	10.01	0.0099	
739	1	10.18	10.18	0.1476	
740	1	10.72	10.72	0.2016	
741	1	11	11	0	
742	1	11	11	0	
743	1	11	11	0	
744	1	11	11	0	
745	1	11	11	0	
746	1	11	11	0	
747	1	11	11	0	
748	1	11	11	0	
749	1	11.01	11.01	0.0099	
750	1	11.01	11.01	0.0099	
751	1	11.01	11.01	0.0099	
752	1	11.01	11.01	0.0099	
753	1	11.01	11.01	0.0099	
754	1	11.01	11.01	0.0099	
755	1	11.14	11.14	0.1204	
756	1	11.01	11.01	0.0099	
757	1	11.01	11.01	0.0099	
758	1	11.01	11.01	0.0099	
759	1	11.01	11.01	0.0099	
760	1	11.01	11.01	0.0099	
761	1	11.01	11.01	0.0099	
762	1	11.01	11.01	0.0099	
763	1	11.01	11.01	0.0099	
764	1	11.01	11.01	0.0099	
765	1	11.01	11.01	0.0099	
766	1	11.01	11.01	0.0099	
767	1	11.01	11.01	0.0099	
768	1	11.01	11.01	0.0099	
769	1	11.01	11.01	0.0099	
770	1	11.01	11.01	0.0099	
771	1	11.01	11.01	0.0099	
772	1	11.01	11.01	0.0099	
773	1	11.01	11.01	0.0099	
774	1	11.01	11.01	0.0099	
775	1	11.01	11.01	0.0099	
776	1	11.01	11.01	0.0099	
777	1	11.08	11.08	0.0736	
778	1	11.01	11.01	0.0099	
779	1	11.01	11.01	0.0099	
780	1	11.01	11.01	0.0099	
781	1	11.01	11.01	0.0099	
782	1	11.01	11.01	0.0099	
783	1	11.01	11.01	0.0099	
784	1	11.01	11.01	0.0099	
785	1	11.01	11.01	0.0099	
786	1	11.01	11.01	0.0099	
787	1	11.01	11.01	0.0099	
788	1	11.01	11.01	0.0099	
789	1	11.01	11.01	0.0099	
790	1	11.01	11.01	0.0099	
791	1	11.01	11.01	0.0099	
792	1	11	11	0	
793	1	11.01	11.01	0.0099	
794	1	11.01	11.01	0.0099	
795	1	11.12	11.12	0.1056	
796	1	11.15	11.15	0.1275	
797	1	11.17	11.17	0.1411	
798	1	11.25	11.25	0.1875	
799	1	11.01	11.01	0.0099	
800	1	11.01	11.01	0.0099	
801	1	11.01	11.01	0.0099	
802	1	11.01	11.01	0.0099	
803	1	11.01	11.01	0.0099	
804	1	11.01	11.01	0.0099	
805	1	11.01	11.01	0.0099	
806	1	11.01	11.01	0.0099	
807	1	11.01	11.01	0.0099	
808	1	11.01	11.01	0.0099	
809	1	11.01	11.01	0.0099	
810	1	11.01	11.01	0.0099	
811	1	11.01	11.01	0.0099	
812	1	11.01	11.01	0.0099	
813	1	11.01	11.01	0.0099	
814	1	11.01	11.01	0.0099	
815	1	11.01	11.01	0.0099	
816	1	11.01	11.01	0.0099	
817	1	11.15	11.15	0.1275	
818	1	11.01	11.01	0.0099	
819	1	11.01	11.01	0.0099	
820	1	11.01	11.01	0.0099	
821	1	11.01	11.01	0.0099	
822	1	11.01	11.01	0.0099	
823	1	11.01	11.01	0.0099	
824	1	11.01	11.01	0.0099	
825	1	11.01	11.01	0.0099	
826	1	11.01	11.01	0.0099	
827	1	11.01	11.01	0.0099	
828	1	11.01	11.01	0.0099	
829	1	11.01	11.01	0.0099	
830	1	11.01	11.01	0.0099	
831	1	11.01	11.01	0.0099	
832	1	11.01	11.01	0.0099	
833	1	11.05	11.05	0.0475	
834	1	11.01	11.01	0.0099	
835	1	11.01	11.01	0.0099	
836	1	11.01	11.01	0.0099	
837	1	11.01	11.01	0.0099	
838	1	11.01	11.01	0.0099	
839	1	11.01	11.01	0.0099	
840	1	11.1	11.1	0.09	
841	1	11.01	11.01	0.0099	
842	1	11.01	11.01	0.0099	
843	1	11.01	11.01	0.0099	
844	1	11.01	11.01	0.0099	
845	1	11.01	11.01	0.0099	
846	1	11.13	11.13	0.1131	
847	1	11.08	11.08	0.0736	
848	1	11.01	11.01	0.0099	
849	1	11.01	11.01	0.0099	
850	1	11.01	11.01	0.0099	
851	1	11.01	11.01	0.0099	
852	1	11.01	11.01	0.0099	
853	1	11.01	11.01	0.0099	
854	1	11.01	11.01	0.0099	
855	1	11.01	11.01	0.0099	
856	1	11.01	11.01	0.0099	
857	1	11.07	11.07	0.0651	
858	1	11.01	11.01	0.0099	
859	1	11.01	11.01	0.0099	
860	1	11.01	11.01	0.0099	
861	1	11.01	11.01	0.0099	
862	1	11.01	11.01	0.0099	
863	1	11.01	11.01	0.0099	
864	1	11.01	11.01	0.0099	
865	1	11.01	11.01	0.0099	
866	1	11.01	11.01	0.0099	
867	1	11.01	11.01	0.0099	
868	1	11.01	11.01	0.0099	
869	1	11.01	11.01	0.0099	
870	1	11.23	11.23	0.1771	
871	1	11.03	11.03	0.0291	
872	1	11.51	11.51	0.2499	
873	1	11.53	11.53	0.2491	
874	1	11.22	11.22	0.1716	
875	1	11.28	11.28	0.2016	
876	1	11.02	11.02	0.0196	
877	1	11.14	11.14	0.1204	
878	1	11.75	11.75	0.1875	
879	1	11.96	11.96	0.0384	
880	1	12	12	0	
881	1	12	12	0	
882	1	12	12	0	
883	1	12	12	0	
884	1	12	12	0	
885	1	12.01	12.01	0.0099	
886	1	12.01	12.01	0.0099	
887	1	12.01	12.01	0.0099	
888	1	12.01	12.01	0.0099	
889	1	12.01	12.01	0.0099	
890	1	12.01	12.01	0.0099	
891	1	12.01	12.01	0.0099	
892	1	12.01	12.01	0.0099	
893	1	12.01	12.01	0.0099	
894	1	12.01	12.01	0.0099	
895	1	12.01	12.01	0.0099	
896	1	12.01	12.01	0.0099	
897	1	12.01	12.01	0.0099	
898	1	12.01	12.01	0.0099	
899	1	12.01	12.01	0.0099	
900	1	12.01	12.01	0.0099	
901	1	12.01	12.01	0.0099	
902	1	12.01	12.01	0.0099	
903	1	12.01	12.01	0.0099	
904	1	12.01	12.01	0.0099	
905	1	12.01	12.01	0.0099	
906	1	12.01	12.01	0.0099	
907	1	12.01	12.01	0.0099	
908	1	12.01	12.01	0.0099	
909	1	12.01	12.01	0.0099	
910	1	12.01	12.01	0.0099	
911	1	12.01	12.01	0.0099	
912	1	12.01	12.01	0.0099	
913	1	12.01	12.01	0.0099	
914	1	12.01	12.01	0.0099	
915	1	12.01	12.01	0.0099	
916	1	12.01	12.01	0.0099	
917	1	12.23	12.23	0.1771	
918	1	12.26	12.26	0.1924	
919	1	12.39	12.39	0.2379	
920	1	12.47	12.47	0.2491	
921	1	12.39	12.39	0.2379	
922	1	12.3	12.3	0.21	
923	1	12.49	12.49	0.2499	
924	1	12.75	12.75	0.1875	
925	1	12.8	12.8	0.16	
926	1	12.6	12.6	0.24	
927	1	12.93	12.93	0.0651	
928	1	13.01	13.01	0.0099	
929	1	13.01	13.01	0.0099	
930	1	13.01	13.01	0.0099	
931	1	13.01	13.01	0.0099	
932	1	13.01	13.01	0.0099	
933	1	13.01	13.01	0.0099	
934	1	13.01	13.01	0.0099	
935	1	13.01	13.01	0.0099	
936	1	13.01	13.01	0.0099	
937	1	13.01	13.01	0.0099	
938	1	13.01	13.01	0.0099	
939	1	13.01	13.01	0.0099	
940	1	13.01	13.01	0.0099	
941	1	13.01	13.01	0.0099	
942	1	13.01	13.01	0.0099	
943	1	13.01	13.01	0.0099	
944	1	13.01	13.01	0.0099	
945	1	13.01	13.01	0.0099	
946	1	13.01	13.01	0.0099	
947	1	13.01	13.01	0.0099	
948	1	13.01	13.01	0.0099	
949	1	13.01	13.01	0.0099	
950	1	13.01	13.01	0.0099	
951	1	13.01	13.01	0.0099	
952	1	13.01	13.01	0.0099	
953	1	13.02	13.02	0.0196	
954	1	13.01	13.01	0.0099	
955	1	13.01	13.01	0.0099	
956	1	13.01	13.01	0.0099	
957	1	13.01	13.01	0.0099	
958	1	13.01	13.01	0.0099	
959	1	13.01	13.01	0.0099	
960	1	13.01	13.01	0.0099	
961	1	13.01	13.01	0.0099	
962	1	13.01	13.01	0.0099	
963	1	13.01	13.01	0.0099	
964	1	13.18	13.18	0.1476	
965	1	13.14	13.14	0.1204	
966	1	13.01	13.01	0.0099	
967	1	13.01	13.01	0.0099	
968	1	13.01	13.01	0.0099	
969	1	13.01	13.01	0.0099	
970	1	13.01	13.01	0.0099	
971	1	13.01	13.01	0.0099	
972	1	13.01	13.01	0.0099	
973	1	13.01	13.01	0.0099	
974	1	13.01	13.01	0.0099	
975	1	13.01	13.01	0.0099	
976	1	13.01	13.01	0.0099	
977	1	13.01	13.01	0.0099	
978	1	13.01	13.01	0.0099	
979	1	13.01	13.01	0.0099	
980	1	13.01	13.01	0.0099	
981	1	13.01	13.01	0.0099	
982	1	13.05	13.05	0.0475	
983	1	13.01	13.01	0.0099	
984	1	13.01	13.01	0.0099	
985	1	13.01	13.01	0.0099	
986	1	13.01	13.01	0.0099	
987	1	13.01	13.01	0.0099	
988	1	13.01	13.01	0.0099	
989	1	13.01	13.01	0.0099	
990	1	13.01	13.01	0.0099	
991	1	13.01	13.01	0.0099	
992	1	13.01	13.01	0.0099	
993	1	13.01	13.01	0.0099	
994	1	13.01	13.01	0.0099	
995	1	13.01	13.01	0.0099	
996	1	13.01	13.01	0.0099	
997	1	13.01	13.01	0.0099	
998	1	13.01	13.01	0.0099	
999	1	13.01	13.01	0.0099	
1000	1	13.01	13.01	0.0099	
1001	1	13.18	13.18	0.1476	
1002	1	13.23	13.23	0.1771	
1003	1	13.14	13.14	0.1204	
1004	1	13.13	13.13	0.1131	
1005	1	13.21	13.21	0.1659	
1006	1	13.12	13.12	0.1056	
1007	1	13.21	13.21	0.1659	
1008	1	13.21	13.21	0.1659	
1009	1	13.39	13.39	0.2379	
1010	1	13.09	13.09	0.0819	
1011	1	13.11	13.11	0.0979	
1012	1	13.01	13.01	0.0099	
1013	1	13.01	13.01	0.0099	
1014	1	13.01	13.01	0.0099	
1015	1	13.01	13.01	0.0099	
1016	1	13.01	13.01	0.0099	
1017	1	13.01	13.01	0.0099	
1018	1	13.01	13.01	0.0099	
1019	1	13.01	13.01	0.0099	
1020	1	13.01	13.01	0.0099	
1021	1	13.1	13.1	0.09	
1022	1	13.01	13.01	0.0099	
1023	1	13.01	13.01	0.0099	
1024	1	13.01	13.01	0.0099	
1025	1	13.01	13.01	0.0099	
1026	1	13.01	13.01	0.0099	
1027	1	13.26	13.26	0.1924	
1028	1	13.29	13.29	0.2059	
1029	1	13.11	13.11	0.0979	
1030	1	13.3	13.3	0.21	
1031	1	13.65	13.65	0.2275	
1032	1	13.67	13.67	0.2211	
1033	1	13.68	13.68	0.2176	
1034	1	13.31	13.31	0.2139	
1035	1	13.39	13.39	0.2379	
1036	1	13.57	13.57	0.2451	
1037	1	13.37	13.37	0.2331	
1038	1	13.33	13.33	0.2211	
1039	1	13.64	13.64	0.2304	
1040	1	13.61	13.61	0.2379	
1041	1	13.56	13.56	0.2464	
1042	1	13.35	13.35	0.2275	
1043	1	13.34	13.34	0.2244	
1044	1	13.18	13.18	0.1476	
1045	1	13.1	13.1	0.09	
1046	1	13.13	13.13	0.1131	
1047	1	13.01	13.01	0.0099	
1048	1	13.01	13.01	0.0099	
1049	1	13.01	13.01	0.0099	
1050	1	13.01	13.01	0.0099	
1051	1	13.01	13.01	0.0099	
1052	1	13.01	13.01	0.0099	
1053	1	13.01	13.01	0.0099	
1054	1	13.27	13.27	0.1971	
1055	1	13.01	13.01	0.0099	
1056	1	13.01	13.01	0.0099	
1057	1	13.01	13.01	0.0099	
1058	1	13.01	13.01	0.0099	
1059	1	13.01	13.01	0.0099	
1060	1	13.19	13.19	0.1539	
1061	1	13.01	13.01	0.0099	
1062	1	13.01	13.01	0.0099	
1063	1	13.01	13.01	0.0099	
1064	1	13.01	13.01	0.0099	
1065	1	13.01	13.01	0.0099	
1066	1	13.01	13.01	0.0099	
1067	1	13.01	13.01	0.0099	
1068	1	13.01	13.01	0.0099	
1069	1	13.01	13.01	0.0099	
1070	1	13.01	13.01	0.0099	
1071	1	13.01	13.01	0.0099	
1072	1	13.01	13.01	0.0099	
1073	1	13.01	13.01	0.0099	
1074	1	13.01	13.01	0.0099	
1075	1	13.01	13.01	0.0099	
1076	1	13.01	13.01	0.0099	
1077	1	13.01	13.01	0.0099	
1078	1	13.01	13.01	0.0099	
1079	1	13.01	13.01	0.0099	
1080	1	13.01	13.01	0.0099	
1081	1	13.01	13.01	0.0099	
1082	1	13.01	13.01	0.0099	
1083	1	13.01	13.01	0.0099	
1084	1	13.01	13.01	0.0099	
1085	1	13.01	13.01	0.0099	
1086	1	13.01	13.01	0.0099	
1087	1	13.01	13.01	0.0099	
1088	1	13.01	13.01	0.0099	
1089	1	13.01	13.01	0.0099	
1090	1	13.01	13.01	0.0099	
1091	1	13.01	13.01	0.0099	
1092	1	13.01	13.01	0.0099	
1093	1	13.01	13.01	0.0099	
1094	1	13.01	13.01	0.0099	
1095	1	13.01	13.01	0.0099	
1096	1	13.01	13.01	0.0099	
1097	1	13.01	13.01	0.0099	
1098	1	13.01	13.01	0.0099	
1099	1	13.01	13.01	0.0099	
1100	1	13.01	13.01	0.0099	
1101	1	13.01	13.01	0.0099	
1102	1	13.11	13.11	0.0979	
1103	1	13.29	13.29	0.2059	
1104	1	13.01	13.01	0.0099	
1105	1	13.01	13.01	0.0099	
1106	1	13.01	13.01	0.0099	
1107	1	13.01	13.01	0.0099	
1108	1	13.01	13.01	0.0099	
1109	1	13.01	13.01	0.0099	
1110	1	13.01	13.01	0.0099	
1111	1	13.01	13.01	0.0099	
1112	1	13.01	13.01	0.0099	
1113	1	13.01	13.01	0.0099	
1114	1	13.08	13.08	0.0736	
1115	1	13.03	13.03	0.0291	
1116	1	13.01	13.01	0.0099	
1117	1	13.01	13.01	0.0099	
1118	1	13.01	13.01	0.0099	
1119	1	13.01	13.01	0.0099	
1120	1	13.06	13.06	0.0564	
1121	1	13.36	13.36	0.2304	
1122	1	13.34	13.34	0.2244	
1123	1	13.01	13.01	0.0099	
1124	1	13.01	13.01	0.0099	
1125	1	13.01	13.01	0.0099	
1126	1	13.01	13.01	0.0099	
1127	1	13.01	13.01	0.0099	
1128	1	13.01	13.01	0.0099	
1129	1	13.01	13.01	0.0099	
1130	1	13.01	13.01	0.0099	
1131	1	13.01	13.01	0.0099	
1132	1	13.01	13.01	0.0099	
1133	1	13.01	13.01	0.0099	
1134	1	13.01	13.01	0.0099	
1135	1	13.01	13.01	0.0099	
1136	1	13.01	13.01	0.0099	
1137	1	13.01	13.01	0.0099	
1138	1	13.01	13.01	0.0099	
1139	1	13.01	13.01	0.0099	
1140	1	13.01	13.01	0.0099	
1141	1	13.01	13.01	0.0099	
1142	1	13.01	13.01	0.0099	
1143	1	13.01	13.01	0.0099	
1144	1	13.01	13.01	0.0099	
1145	1	13.01	13.01	0.0099	
1146	1	13.01	13.01	0.0099	
1147	1	13.01	13.01	0.0099	
1148	1	13.01	13.01	0.0099	
1149	1	13.04	13.04	0.0384	
1150	1	13.01	13.01	0.0099	
1151	1	13.01	13.01	0.0099	
1152	1	13.11	13.11	0.0979	
1153	1	13.51	13.51	0.2499	
1154	1	13.52	13.52	0.2496	
1155	1	13.59	13.59	0.2419	
1156	1	13.01	13.01	0.0099	
1157	1	13.01	13.01	0.0099	
1158	1	13.01	13.01	0.0099	
1159	1	13.01	13.01	0.0099	
1160	1	13.01	13.01	0.0099	
1161	1	13.01	13.01	0.0099	
1162	1	13.01	13.01	0.0099	
1163	1	13.01	13.01	0.0099	
1164	1	13.01	13.01	0.0099	
1165	1	13.01	13.01	0.0099	
1166	1	13.01	13.01	0.0099	
1167	1	13.06	13.06	0.0564	
1168	1	13.01	13.01	0.0099	
1169	1	13.01	13.01	0.0099	
1170	1	13.17	13.17	0.1411	
1171	1	13.18	13.18	0.1476	
1172	1	13.01	13.01	0.0099	
1173	1	13.01	13.01	0.0099	
1174	1	13.01	13.01	0.0099	
1175	1	13.01	13.01	0.0099	
1176	1	13.12	13.12	0.1056	
1177	1	13.33	13.33	0.2211	
1178	1	13.37	13.37	0.2331	
1179	1	13.02	13.02	0.0196	
1180	1	13.01	13.01	0.0099	
1181	1	13.01	13.01	0.0099	
1182	1	13.01	13.01	0.0099	
1183	1	13.01	13.01	0.0099	
1184	1	13.03	13.03	0.0291	
1185	1	13.01	13.01	0.0099	
1186	1	13.01	13.01	0.0099	
1187	1	13.42	13.42	0.2436	
1188	1	13.11	13.11	0.0979	
1189	1	13.01	13.01	0.0099	
1190	1	13.01	13.01	0.0099	
1191	1	13.01	13.01	0.0099	
1192	1	13.01	13.01	0.0099	
1193	1	13.17	13.17	0.1411	
1194	1	13.01	13.01	0.0099	
1195	1	13.02	13.02	0.0196	
1196	1	13.07	13.07	0.0651	
1197	1	13.01	13.01	0.0099	
1198	1	13.01	13.01	0.0099	
1199	1	13.01	13.01	0.0099	
1200	1	13.01	13.01	0.0099	
1201	1	13.01	13.01	0.0099	
1202	1	13.01	13.01	0.0099	
1203	1	13.01	13.01	0.0099	
1204	1	13.01	13.01	0.0099	
1205	1	13.01	13.01	0.0099	
1206	1	13.01	13.01	0.0099	
1207	1	13.01	13.01	0.0099	
1208	1	13.01	13.01	0.0099	
1209	1	13.01	13.01	0.0099	
1210	1	13.01	13.01	0.0099	
1211	1	13.01	13.01	0.0099	
1212	1	13.01	13.01	0.0099	
1213	1	13.01	13.01	0.0099	
1214	1	13.01	13.01	0.0099	
1215	1	13.01	13.01	0.0099	
1216	1	13.12	13.12	0.1056	
1217	1	13.01	13.01	0.0099	
1218	1	13.01	13.01	0.0099	
1219	1	13.01	13.01	0.0099	
1220	1	13.01	13.01	0.0099	
1221	1	13.01	13.01	0.0099	
1222	1	13.01	13.01	0.0099	
1223	1	13.01	13.01	0.0099	
1224	1	13.01	13.01	0.0099	
1225	1	13.01	13.01	0.0099	
1226	1	13.01	13.01	0.0099	
1227	1	13.01	13.01	0.0099	
1228	1	13.01	13.01	0.0099	
1229	1	13.01	13.01	0.0099	
1230	1	13.01	13.01	0.0099	
1231	1	13.01	13.01	0.0099	
1232	1	13.15	13.15	0.1275	
1233	1	13.34	13.34	0.2244	
1234	1	13.63	13.63	0.2731	
1235	1	13.61	13.61	0.2379	
1236	1	13.8	13.8	0.16	
1237	1	13.69	13.69	0.2139	
1238	1	13.54	13.54	0.2484	
1239	1	13.47	13.47	0.2491	
1240	1	13.08	13.08	0.0736	
1241	1	13.01	13.01	0.0099	
1242	1	13.01	13.01	0.0099	
1243	1	13.01	13.01	0.0099	
1244	1	13.01	13.01	0.0099	
1245	1	13.01	13.01	0.0099	
1246	1	13.01	13.01	0.0099	
1247	1	13.01	13.01	0.0099	
1248	1	13.01	13.01	0.0099	
1249	1	13.01	13.01	0.0099	
1250	1	13.01	13.01	0.0099	
1251	1	13.13	13.13	0.1131	
1252	1	13.01	13.01	0.0099	
1253	1	13.01	13.01	0.0099	
1254	1	13.01	13.01	0.0099	
1255	1	13.01	13.01	0.0099	
1256	1	13.01	13.01	0.0099	
1257	1	13.01	13.01	0.0099	
1258	1	13.01	13.01	0.0099	
1259	1	13.01	13.01	0.0099	
1260	1	13.01	13.01	0.0099	
1261	1	13.01	13.01	0.0099	
1262	1	13.01	13.01	0.0099	
1263	1	13.01	13.01	0.0099	
1264	1	13.01	13.01	0.0099	
1265	1	13.01	13.01	0.0099	
1266	1	13.01	13.01	0.0099	
1267	1	13.1	13.1	0.09	
1268	1	13.01	13.01	0.0099	
1269	1	13.01	13.01	0.0099	
1270	1	13.01	13.01	0.0099	
1271	1	13.01	13.01	0.0099	
1272	1	13.01	13.01	0.0099	
1273	1	13.01	13.01	0.0099	
1274	1	13.01	13.01	0.0099	
1275	1	13.01	13.01	0.0099	
1276	1	13.01	13.01	0.0099	
1277	1	13.01	13.01	0.0099	
1278	1	13.01	13.01	0.0099	
1279	1	13.01	13.01	0.0099	
1280	1	13.01	13.01	0.0099	
1281	1	13.01	13.01	0.0099	
1282	1	13.01	13.01	0.0099	
1283	1	13.01	13.01	0.0099	
1284	1	13.01	13.01	0.0099	
1285	1	13.06	13.06	0.0564	
1286	1	13.19	13.19	0.1539	
1287	1	13.27	13.27	0.1971	
1288	1	13.28	13.28	0.2016	
1289	1	13.49	13.49	0.2499	
1290	1	13.06	13.06	0.0564	
1291	1	13.07	13.07	0.0651	
1292	1	13.23	13.23	0.1771	
1293	1	13.15	13.15	0.1275	
1294	1	13.16	13.16	0.1344	
1295	1	13.25	13.25	0.1875	
1296	1	13.33	13.33	0.2211	
1297	1	13.64	13.64	0.2304	
1298	1	13.62	13.62	0.2356	
1299	1	13.81	13.81	0.1539	
1300	1	13.75	13.75	0.2275	
1301	1	13.49	13.49	0.2499	
1302	1	13.59	13.59	0.2419	
1303	1	13.46	13.46	0.2484	
1304	1	13.42	13.42	0.2436	
1305	1	13.33	13.33	0.2211	
1306	1	13.3	13.3	0.21	
1307	1	13.38	13.38	0.2356	
1308	1	13.35	13.35	0.2275	
1309	1	13.26	13.26	0.1924	
1310	1	13.01	13.01	0.0099	
1311	1	13.01	13.01	0.0099	
1312	1	13.01	13.01	0.0099	
1313	1	13.2	13.2	0.16	
1314	1	13.05	13.05	0.0475	
1315	1	13.03	13.03	0.0291	
1316	1	13.18	13.18	0.1476	
1317	1	13.39	13.39	0.2379	
1318	1	13.43	13.43	0.2451	
1319	1	13.33	13.33	0.2211	
1320	1	13.01	13.01	0.0099	
1321	1	13.01	13.01	0.0099	
1322	1	13.01	13.01	0.0099	
1323	1	13.01	13.01	0.0099	
1324	1	13.01	13.01	0.0099	
1325	1	13.01	13.01	0.0099	
1326	1	13.01	13.01	0.0099	
1327	1	13.01	13.01	0.0099	
1328	1	13.01	13.01	0.0099	
1329	1	13.01	13.01	0.0099	
1330	1	13.03	13.03	0.0291	
1331	1	13.01	13.01	0.0099	
1332	1	13.01	13.01	0.0099	
1333	1	13.01	13.01	0.0099	
1334	1	13.17	13.17	0.1411	
1335	1	13.31	13.31	0.2139	
1336	1	13.29	13.29	0.2059	
1337	1	13.69	13.69	0.2139	
1338	1	13.66	13.66	0.2244	
1339	1	13.79	13.79	0.1659	
1340	1	13.3	13.3	0.21	
1341	1	13.19	13.19	0.1539	
1342	1	13.15	13.15	0.1275	
1343	1	13.37	13.37	0.2331	
1344	1	13.17	13.17	0.1411	
1345	1	13.09	13.09	0.0819	
1346	1	13.01	13.01	0.0099	
1347	1	13.01	13.01	0.0099	
1348	1	13.01	13.01	0.0099	
1349	1	13.01	13.01	0.0099	
1350	1	13.22	13.22	0.1716	
1351	1	13.08	13.08	0.0736	
1352	1	13.23	13.23	0.1771	
1353	1	13.13	13.13	0.1131	
1354	1	13.19	13.19	0.1539	
1355	1	13.52	13.52	0.2496	
1356	1	13.39	13.39	0.2379	
1357	1	13.37	13.37	0.2331	
1358	1	13.27	13.27	0.1971	
1359	1	13.47	13.47	0.2491	
1360	1	13.1	13.1	0.09	
1361	1	13.01	13.01	0.0099	
1362	1	13.01	13.01	0.0099	
1363	1	13.11	13.11	0.0979	
1364	1	13.01	13.01	0.0099	
1365	1	13.01	13.01	0.0099	
1366	1	13.01	13.01	0.0099	
1367	1	13.01	13.01	0.0099	
1368	1	13.33	13.33	0.2211	
1369	1	13.44	13.44	0.2464	
1370	1	13.37	13.37	0.2331	
1371	1	13.01	13.01	0.0099	
1372	1	13.01	13.01	0.0099	
1373	1	13.01	13.01	0.0099	
1374	1	13.01	13.01	0.0099	
1375	1	13.01	13.01	0.0099	
1376	1	13.01	13.01	0.0099	
1377	1	13.08	13.08	0.0736	
1378	1	13.39	13.39	0.2379	
1379	1	13.5	13.5	0.25	
1380	1	13.43	13.43	0.2451	
1381	1	13.65	13.65	0.2275	
1382	1	13.64	13.64	0.2304	
1383	1	13.56	13.56	0.2464	
1384	1	13.53	13.53	0.2491	
1385	1	13.48	13.48	0.2496	
1386	1	13.42	13.42	0.2436	
1387	1	13.48	13.48	0.2496	
1388	1	13.48	13.48	0.2496	
1389	1	13.99	13.99	0.0099	
1390	1	14.01	14.01	0.0099	
1391	1	14.01	14.01	0.0099	
1392	1	14.01	14.01	0.0099	
1393	1	14.01	14.01	0.0099	
1394	1	14.01	14.01	0.0099	
1395	1	14.01	14.01	0.0099	
1396	1	14.01	14.01	0.0099	
1397	1	14.01	14.01	0.0099	
1398	1	14.1	14.1	0.09	
1399	1	14.01	14.01	0.0099	
1400	1	14.01	14.01	0.0099	
1401	1	14.01	14.01	0.0099	
1402	1	14.01	14.01	0.0099	
1403	1	14.01	14.01	0.0099	
1404	1	14.01	14.01	0.0099	
1405	1	14.01	14.01	0.0099	
1406	1	14.01	14.01	0.0099	
1407	1	14.01	14.01	0.0099	
1408	1	14.01	14.01	0.0099	
1409	1	14.01	14.01	0.0099	
1410	1	14.05	14.05	0.0475	
1411	1	14.01	14.01	0.0099	
1412	1	14.01	14.01	0.0099	
1413	1	14.01	14.01	0.0099	
1414	1	14.01	14.01	0.0099	
1415	1	14.02	14.02	0.0196	
1416	1	14.01	14.01	0.0099	
1417	1	14.05	14.05	0.0475	
1418	1	14.1	14.1	0.09	
1419	1	14.22	14.22	0.1716	
1420	1	14.29	14.29	0.2059	
1421	1	14.2	14.2	0.16	
1422	1	14.19	14.19	0.1539	
1423	1	14.01	14.01	0.0099	
1424	1	14.01	14.01	0.0099	
1425	1	14.01	14.01	0.0099	
1426	1	14.01	14.01	0.0099	
1427	1	14.01	14.01	0.0099	
1428	1	14.01	14.01	0.0099	
1429	1	14.01	14.01	0.0099	
1430	1	14.01	14.01	0.0099	
1431	1	14.01	14.01	0.0099	
1432	1	14.01	14.01	0.0099	
1433	1	14.01	14.01	0.0099	
1434	1	14.01	14.01	0.0099	
1435	1	14.01	14.01	0.0099	
1436	1	14.01	14.01	0.0099	
1437	1	14.01	14.01	0.0099	
1438	1	14.01	14.01	0.0099	
1439	1	14.01	14.01	0.0099	
1440	1	14.01	14.01	0.0099	
1441	1	14.15	14.15	0.1275	
1442	1	14.26	14.26	0.1924	
1443	1	14.3	14.3	0.21	
1444	1	14.23	14.23	0.1771	
1445	1	14.12	14.12	0.1056	
1446	1	14.03	14.03	0.0291	
1447	1	14.02	14.02	0.0196	
1448	1	14.01	14.01	0.0099	
1449	1	14.01	14.01	0.0099	
1450	1	14.01	14.01	0.0099	
1451	1	14.01	14.01	0.0099	
1452	1	14.01	14.01	0.0099	
1453	1	14.01	14.01	0.0099	
1454	1	14.01	14.01	0.0099	
1455	1	14.01	14.01	0.0099	
1456	1	14.01	14.01	0.0099	
1457	1	14.01	14.01	0.0099	
1458	1	14.01	14.01	0.0099	
1459	1	14.01	14.01	0.0099	
1460	1	14.01	14.01	0.0099	
1461	1	14.01	14.01	0.0099	
1462	1	14.01	14.01	0.0099	
1463	1	14.01	14.01	0.0099	
1464	1	14.01	14.01	0.0099	
1465	1	14.01	14.01	0.0099	
1466	1	14.01	14.01	0.0099	
1467	1	14.19	14.19	0.1539	
1468	1	14.16	14.16	0.1344	
1469	1	14.29	14.29	0.2059	
1470	1	14.35	14.35	0.2275	
1471	1	14.27	14.27	0.1971	
1472	1	14.22	14.22	0.1716	
1473	1	14.01	14.01	0.0099	
1474	1	14.01	14.01	0.0099	
1475	1	14.01	14.01	0.0099	
1476	1	14.01	14.01	0.0099	
1477	1	14.01	14.01	0.0099	
1478	1	14.01	14.01	0.0099	
1479	1	14.01	14.01	0.0099	
1480	1	14.01	14.01	0.0099	
1481	1	14.01	14.01	0.0099	
1482	1	14.01	14.01	0.0099	
1483	1	14.01	14.01	0.0099	
1484	1	14.01	14.01	0.0099	
1485	1	14.01	14.01	0.0099	
1486	1	14.02	14.02	0.0196	
1487	1	14.01	14.01	0.0099	
1488	1	14.01	14.01	0.0099	
1489	1	14.15	14.15	0.1275	
1490	1	14.37	14.37	0.2331	
1491	1	14.44	14.44	0.3464	
1492	1	14.35	14.35	0.2275	
1493	1	14.46	14.46	0.2484	
1494	1	14.52	14.52	0.2496	
1495	1	14.33	14.33	0.2211	
1496	1	14.59	14.59	0.2419	
1497	1	14.15	14.15	0.1275	
1498	1	14.31	14.31	0.2139	
1499	1	14.58	14.58	0.2436	
1500	1	14.69	14.69	0.3739	
1501	1	14.73	14.73	0.3171	
1502	1	14.59	14.59	0.2419	
1503	1	14.85	14.85	0.1275	
1504	1	14.27	14.27	0.1971	
1505	1	14.55	14.55	0.2475	
1506	1	14.52	14.52	0.2496	
1507	1	14.13	14.13	0.1131	
1508	1	14.01	14.01	0.0099	
1509	1	14.01	14.01	0.0099	
1510	1	14.01	14.01	0.0099	
1511	1	14.01	14.01	0.0099	
1512	1	14.01	14.01	0.0099	
1513	1	14.01	14.01	0.0099	
1514	1	14.13	14.13	0.1131	
1515	1	14.33	14.33	0.2211	
1516	1	14.42	14.42	0.2436	
1517	1	14.32	14.32	0.2176	
1518	1	14.18	14.18	0.1476	
1519	1	14.42	14.42	0.2436	
1520	1	14.7	14.7	0.21	
1521	1	14.48	14.48	0.2496	
1522	1	14.3	14.3	0.21	
1523	1	14.21	14.21	0.1659	
1524	1	14.29	14.29	0.2059	
1525	1	14.32	14.32	0.2176	
1526	1	14.62	14.62	0.3556	
1527	1	14.39	14.39	0.4579	
1528	1	14.35	14.35	0.2275	
1529	1	14.48	14.48	0.2496	
1530	1	14.25	14.25	0.1875	
1531	1	14.37	14.37	0.2331	
1532	1	14.8	14.8	0.32	
1533	1	14.89	14.89	0.0979	
1534	1	15.01	15.01	0.0099	
1535	1	15.01	15.01	0.0099	
1536	1	15.01	15.01	0.0099	
1537	1	15.01	15.01	0.0099	
1538	1	15.01	15.01	0.0099	
1539	1	15.01	15.01	0.0099	
1540	1	15.01	15.01	0.0099	
1541	1	15.01	15.01	0.0099	
1542	1	15.01	15.01	0.0099	
1543	1	15.01	15.01	0.0099	
1544	1	15.01	15.01	0.0099	
1545	1	15.01	15.01	0.0099	
1546	1	15.01	15.01	0.0099	
1547	1	15.01	15.01	0.0099	
1548	1	15.01	15.01	0.0099	
1549	1	15.01	15.01	0.0099	
1550	1	15.01	15.01	0.0099	
1551	1	15.35	15.35	0.2275	
1552	1	15.41	15.41	0.2419	
1553	1	15.51	15.51	0.2499	
1554	1	15.39	15.39	0.2379	
1555	1	15.56	15.56	0.2464	
1556	1	15.51	15.51	0.2499	
1557	1	15.5	15.5	0.25	
1558	1	15.28	15.28	0.2016	
1559	1	15.32	15.32	0.2176	
1560	1	15.51	15.51	0.2499	
1561	1	15.53	15.53	0.2491	
1562	1	15.18	15.18	0.1476	
1563	1	15.41	15.41	0.2419	
1564	1	15.56	15.56	0.2464	
1565	1	15.95	15.95	0.0475	
1566	1	15.79	15.79	0.1659	
1567	1	15.75	15.75	0.1875	
1568	1	15.49	15.49	0.2499	
1569	1	15.71	15.71	0.2059	
1570	1	15.57	15.57	0.2451	
1571	1	15.51	15.51	0.2499	
1572	1	15.56	15.56	0.2464	
1573	1	15.61	15.61	0.2379	
1574	1	15.69	15.69	0.2139	
1575	1	15.67	15.67	0.2211	
1576	1	15.59	15.59	0.2419	
1577	1	15.98	15.98	0.0196	
1578	1	16.01	16.01	0.0099	
1579	1	16.01	16.01	0.0099	
1580	1	16.01	16.01	0.0099	
1581	1	16.15	16.15	0.1275	
1582	1	16.01	16.01	0.0099	
1583	1	16.01	16.01	0.0099	
1584	1	16.01	16.01	0.0099	
1585	1	16.01	16.01	0.0099	
1586	1	16.01	16.01	0.0099	
1587	1	16.01	16.01	0.0099	
1588	1	16.01	16.01	0.0099	
1589	1	16.01	16.01	0.0099	
1590	1	16.01	16.01	0.0099	
1591	1	16.01	16.01	0.0099	
1592	1	16.01	16.01	0.0099	
1593	1	16.01	16.01	0.0099	
1594	1	16.01	16.01	0.0099	
1595	1	16.01	16.01	0.0099	
1596	1	16.01	16.01	0.0099	
1597	1	16.01	16.01	0.0099	
1598	1	16.01	16.01	0.0099	
1599	1	16.01	16.01	0.0099	
1600	1	16.01	16.01	0.0099	
1601	1	16.01	16.01	0.0099	
1602	1	16.01	16.01	0.0099	
1603	1	16.01	16.01	0.0099	
1604	1	16.01	16.01	0.0099	
1605	1	16.07	16.07	0.0651	
1606	1	16.08	16.08	0.0736	
1607	1	16.19	16.19	0.1539	
1608	1	16.14	16.14	0.1204	
1609	1	16.21	16.21	0.1659	
1610	1	16.25	16.25	0.1875	
1611	1	16.05	16.05	0.0475	
1612	1	16.01	16.01	0.0099	
1613	1	16.01	16.01	0.0099	
1614	1	16.01	16.01	0.0099	
1615	1	16.01	16.01	0.0099	
1616	1	16.01	16.01	0.0099	
1617	1	16.01	16.01	0.0099	
1618	1	16.01	16.01	0.0099	
1619	1	16.01	16.01	0.0099	
1620	1	16.01	16.01	0.0099	
1621	1	16.01	16.01	0.0099	
1622	1	16.01	16.01	0.0099	
1623	1	16.01	16.01	0.0099	
1624	1	16.01	16.01	0.0099	
1625	1	16.1	16.1	0.09	
1626	1	16.18	16.18	0.1476	
1627	1	16.49	16.49	0.2499	
1628	1	16.46	16.46	0.2484	
1629	1	16.35	16.35	0.2275	
1630	1	16.31	16.31	0.2139	
1631	1	16.4	16.4	0.24	
1632	1	16.32	16.32	0.2176	
1633	1	16.57	16.57	0.2451	
1634	1	16.65	16.65	0.2275	
1635	1	16.52	16.52	0.2496	
1636	1	16.47	16.47	0.2491	
1637	1	16.32	16.32	0.2176	
1638	1	16.2	16.2	0.16	
1639	1	16.01	16.01	0.0099	
1640	1	16.01	16.01	0.0099	
1641	1	16.01	16.01	0.0099	
1642	1	16.01	16.01	0.0099	
1643	1	16.01	16.01	0.0099	
1644	1	16.01	16.01	0.0099	
1645	1	16.02	16.02	0.0196	
1646	1	16.01	16.01	0.0099	
1647	1	16.01	16.01	0.0099	
1648	1	16.01	16.01	0.0099	
1649	1	16.01	16.01	0.0099	
1650	1	16.01	16.01	0.0099	
1651	1	16.01	16.01	0.0099	
1652	1	16.01	16.01	0.0099	
1653	1	16.01	16.01	0.0099	
1654	1	16.01	16.01	0.0099	
1655	1	16.01	16.01	0.0099	
1656	1	16.01	16.01	0.0099	
1657	1	16.03	16.03	0.0291	
1658	1	16.01	16.01	0.0099	
1659	1	16.01	16.01	0.0099	
1660	1	16.01	16.01	0.0099	
1661	1	16.01	16.01	0.0099	
1662	1	16.01	16.01	0.0099	
1663	1	16.31	16.31	0.2139	
1664	1	16.3	16.3	0.21	
1665	1	16.51	16.51	0.2499	
1666	1	16.5	16.5	0.25	
1667	1	16.34	16.34	0.2244	
1668	1	16.26	16.26	0.1924	
1669	1	16.01	16.01	0.0099	
1670	1	16.01	16.01	0.0099	
1671	1	16.01	16.01	0.0099	
1672	1	16.01	16.01	0.0099	
1673	1	16.01	16.01	0.0099	
1674	1	16.01	16.01	0.0099	
1675	1	16.01	16.01	0.0099	
1676	1	16.01	16.01	0.0099	
1677	1	16.06	16.06	0.0564	
1678	1	16.01	16.01	0.0099	
1679	1	16.01	16.01	0.0099	
1680	1	16.01	16.01	0.0099	
1681	1	16.01	16.01	0.0099	
1682	1	16.01	16.01	0.0099	
1683	1	16.01	16.01	0.0099	
1684	1	16.01	16.01	0.0099	
1685	1	16.01	16.01	0.0099	
1686	1	16.01	16.01	0.0099	
1687	1	16.01	16.01	0.0099	
1688	1	16.01	16.01	0.0099	
1689	1	16.01	16.01	0.0099	
1690	1	16.01	16.01	0.0099	
1691	1	16.01	16.01	0.0099	
1692	1	16.01	16.01	0.0099	
1693	1	16.01	16.01	0.0099	
1694	1	16.01	16.01	0.0099	
1695	1	16.01	16.01	0.0099	
1696	1	16.01	16.01	0.0099	
1697	1	16.01	16.01	0.0099	
1698	1	16.01	16.01	0.0099	
1699	1	16.01	16.01	0.0099	
1700	1	16.01	16.01	0.0099	
1701	1	16.01	16.01	0.0099	
1702	1	16.01	16.01	0.0099	
1703	1	16.01	16.01	0.0099	
1704	1	16.01	16.01	0.0099	
1705	1	16.01	16.01	0.0099	
1706	1	16.01	16.01	0.0099	
1707	1	16.01	16.01	0.0099	
1708	1	16.01	16.01	0.0099	
1709	1	16.01	16.01	0.0099	
1710	1	16.01	16.01	0.0099	
1711	1	16.01	16.01	0.0099	
1712	1	16.01	16.01	0.0099	
1713	1	16.01	16.01	0.0099	
1714	1	16.01	16.01	0.0099	
1715	1	16.01	16.01	0.0099	
1716	1	16.01	16.01	0.0099	
1717	1	16.01	16.01	0.0099	
1718	1	16.01	16.01	0.0099	
1719	1	16.01	16.01	0.0099	
1720	1	16.01	16.01	0.0099	
1721	1	16.01	16.01	0.0099	
1722	1	16.01	16.01	0.0099	
1723	1	16.01	16.01	0.0099	
1724	1	16.01	16.01	0.0099	
1725	1	16.01	16.01	0.0099	
1726	1	16.01	16.01	0.0099	
1727	1	16.01	16.01	0.0099	
1728	1	16.01	16.01	0.0099	
1729	1	16.01	16.01	0.0099	
1730	1	16.01	16.01	0.0099	
1731	1	16.01	16.01	0.0099	
1732	1	16.01	16.01	0.0099	
1733	1	16.01	16.01	0.0099	
1734	1	16.01	16.01	0.0099	
1735	1	16.16	16.16	0.1344	
1736	1	16.52	16.52	0.2496	
1737	1	16.74	16.74	0.1924	
1738	1	16.66	16.66	0.2244	
1739	1	16.5	16.5	0.25	
1740	1	16.4	16.4	0.24	
1741	1	16.39	16.39	0.2379	
1742	1	16.33	16.33	0.2211	
1743	1	16.47	16.47	0.2491	
1744	1	16.7	16.7	0.21	
1745	1	16.66	16.66	0.2244	
1746	1	16.48	16.48	0.2496	
1747	1	16.39	16.39	0.2379	
1748	1	16.71	16.71	0.2059	
1749	1	16.36	16.36	0.2304	
1750	1	16.05	16.05	0.0475	
1751	1	16.61	16.61	0.2379	
1752	1	16.22	16.22	0.1716	
1753	1	16.57	16.57	0.2451	
1754	1	16.54	16.54	0.2484	
1755	1	16.24	16.24	0.1824	
1756	1	16.51	16.51	0.2499	
1757	1	16.25	16.25	0.1875	
1758	1	16.1	16.1	0.09	
1759	1	16.01	16.01	0.0099	
1760	1	16.01	16.01	0.0099	
1761	1	16.19	16.19	0.1539	
1762	1	16.02	16.02	0.0196	
1763	1	16.01	16.01	0.0099	
1764	1	16.01	16.01	0.0099	
1765	1	16.01	16.01	0.0099	
1766	1	16.01	16.01	0.0099	
1767	1	16.01	16.01	0.0099	
1768	1	16.01	16.01	0.0099	
1769	1	16.01	16.01	0.0099	
1770	1	16.01	16.01	0.0099	
1771	1	16.01	16.01	0.0099	
1772	1	16.01	16.01	0.0099	
1773	1	16.01	16.01	0.0099	
1774	1	16.01	16.01	0.0099	
1775	1	16.01	16.01	0.0099	
1776	1	16.01	16.01	0.0099	
1777	1	16.01	16.01	0.0099	
1778	1	16.01	16.01	0.0099	
1779	1	16.01	16.01	0.0099	
1780	1	16.01	16.01	0.0099	
1781	1	16.01	16.01	0.0099	
1782	1	16.01	16.01	0.0099	
1783	1	16.01	16.01	0.0099	
1784	1	16.01	16.01	0.0099	
1785	1	16.01	16.01	0.0099	
1786	1	16.01	16.01	0.0099	
1787	1	16.01	16.01	0.0099	
1788	1	16.01	16.01	0.0099	
1789	1	16.03	16.03	0.0291	
1790	1	16.26	16.26	0.1924	
1791	1	16.6	16.6	0.24	
1792	1	16.74	16.74	0.1924	
1793	1	16.59	16.59	0.2419	
1794	1	16.33	16.33	0.2211	
1795	1	16.34	16.34	0.2244	
1796	1	16.38	16.38	0.2356	
1797	1	16.48	16.48	0.2496	
1798	1	16.48	16.48	0.2496	
1799	1	16.44	16.44	0.2464	
1800	1	16.63	16.63	0.2331	
1801	1	16.38	16.38	0.2356	
1802	1	16.37	16.37	0.2331	
1803	1	16.19	16.19	0.1539	
1804	1	16.11	16.11	0.0979	
1805	1	16.01	16.01	0.0099	
1806	1	16.01	16.01	0.0099	
1807	1	16.04	16.04	0.0384	
1808	1	16.27	16.27	0.1971	
1809	1	16.25	16.25	0.1875	
1810	1	16.01	16.01	0.0099	
1811	1	16.01	16.01	0.0099	
1812	1	16.01	16.01	0.0099	
1813	1	16.01	16.01	0.0099	
1814	1	16.01	16.01	0.0099	
1815	1	16.01	16.01	0.0099	
1816	1	16.01	16.01	0.0099	
1817	1	16.01	16.01	0.0099	
1818	1	16.01	16.01	0.0099	
1819	1	16.01	16.01	0.0099	
1820	1	16.01	16.01	0.0099	
1821	1	16.01	16.01	0.0099	
1822	1	16.01	16.01	0.0099	
1823	1	16.01	16.01	0.0099	
1824	1	16.01	16.01	0.0099	
1825	1	16.01	16.01	0.0099	
1826	1	16.01	16.01	0.0099	
1827	1	16.01	16.01	0.0099	
1828	1	16.01	16.01	0.0099	
1829	1	16.01	16.01	0.0099	
1830	1	16.01	16.01	0.0099	
1831	1	16.01	16.01	0.0099	
1832	1	16.01	16.01	0.0099	
1833	1	16.45	16.45	0.2475	
1834	1	16.45	16.45	0.2475	
1835	1	16.78	16.78	0.1716	
1836	1	16.83	16.83	0.1411	
1837	1	17	17	0	
1838	1	17	17	0	
1839	1	17.18	17.18	0.1476	
1840	1	17.22	17.22	0.1716	
1841	1	17.17	17.17	0.1411	
1842	1	17.18	17.18	0.1476	
1843	1	17.21	17.21	0.1659	
1844	1	17.57	17.57	0.2451	
1845	1	17.51	17.51	0.2499	
1846	1	17.4	17.4	0.24	
1847	1	17.4	17.4	0.24	
1848	1	17.71	17.71	0.2059	
1849	1	17.63	17.63	0.2331	
1850	1	17.71	17.71	0.2059	
1851	1	17.6	17.6	0.24	
1852	1	17.7	17.7	0.21	
1853	1	17.36	17.36	0.2304	
1854	1	17.6	17.6	0.24	
1855	1	17.81	17.81	0.4139	
1856	1	17.83	17.83	0.1411	
1857	1	17.75	17.75	0.1875	
1858	1	17.48	17.48	0.2496	
1859	1	17.51	17.51	0.2499	
1860	1	17.36	17.36	0.2304	
1861	1	17.28	17.28	0.2016	
1862	1	17.32	17.32	0.2176	
1863	1	17.38	17.38	0.2356	
1864	1	17.01	17.01	0.0099	
1865	1	17.01	17.01	0.0099	
1866	1	17.01	17.01	0.0099	
1867	1	17.01	17.01	0.0099	
1868	1	17.01	17.01	0.0099	
1869	1	17.01	17.01	0.0099	
1870	1	17.01	17.01	0.0099	
1871	1	17.01	17.01	0.0099	
1872	1	17.01	17.01	0.0099	
1873	1	17.01	17.01	0.0099	
1874	1	17.01	17.01	0.0099	
1875	1	17.01	17.01	0.0099	
1876	1	17.01	17.01	0.0099	
1877	1	17.01	17.01	0.0099	
1878	1	17.01	17.01	0.0099	
1879	1	17.01	17.01	0.0099	
1880	1	17.01	17.01	0.0099	
1881	1	17.01	17.01	0.0099	
1882	1	17.01	17.01	0.0099	
1883	1	17.01	17.01	0.0099	
1884	1	17.01	17.01	0.0099	
1885	1	17.01	17.01	0.0099	
1886	1	17.01	17.01	0.0099	
1887	1	17.01	17.01	0.0099	
1888	1	17.01	17.01	0.0099	
1889	1	17.01	17.01	0.0099	
1890	1	17.01	17.01	0.0099	
1891	1	17.01	17.01	0.0099	
1892	1	17.01	17.01	0.0099	
1893	1	17.01	17.01	0.0099	
1894	1	17.01	17.01	0.0099	
1895	1	17.07	17.07	0.0651	
1896	1	17.01	17.01	0.0099	
1897	1	17.01	17.01	0.0099	
1898	1	17.01	17.01	0.0099	
1899	1	17.28	17.28	0.2016	
1900	1	17.52	17.52	0.2496	
1901	1	17.58	17.58	0.2436	
1902	1	17.5	17.5	0.25	
1903	1	17.61	17.61	0.2379	
1904	1	17.99	17.99	0.0099	
1905	1	18.01	18.01	0.0099	
1906	1	18.01	18.01	0.0099	
1907	1	18.01	18.01	0.0099	
1908	1	18.01	18.01	0.0099	
1909	1	18.01	18.01	0.0099	
1910	1	18.01	18.01	0.0099	
1911	1	18.01	18.01	0.0099	
1912	1	18.01	18.01	0.0099	
1913	1	18.1	18.1	0.09	
1914	1	18.01	18.01	0.0099	
1915	1	18.01	18.01	0.0099	
1916	1	18.01	18.01	0.0099	
1917	1	18.01	18.01	0.0099	
1918	1	18.01	18.01	0.0099	
1919	1	18.01	18.01	0.0099	
1920	1	18.01	18.01	0.0099	
1921	1	18.01	18.01	0.0099	
1922	1	18.01	18.01	0.0099	
1923	1	18.01	18.01	0.0099	
1924	1	18.01	18.01	0.0099	
1925	1	18.01	18.01	0.0099	
1926	1	18.01	18.01	0.0099	
1927	1	18.01	18.01	0.0099	
1928	1	18.01	18.01	0.0099	
1929	1	18.01	18.01	0.0099	
1930	1	18.01	18.01	0.0099	
1931	1	18.01	18.01	0.0099	
1932	1	18.01	18.01	0.0099	
1933	1	18.01	18.01	0.0099	
1934	1	18.01	18.01	0.0099	
1935	1	18.01	18.01	0.0099	
1936	1	18.3	18.3	0.21	
1937	1	18.4	18.4	0.24	
1938	1	18.36	18.36	0.2304	
1939	1	18.15	18.15	0.1275	
1940	1	18.1	18.1	0.09	
1941	1	18.01	18.01	0.0099	
1942	1	18.19	18.19	0.1539	
1943	1	18.04	18.04	0.0384	
1944	1	18.01	18.01	0.0099	
1945	1	18.01	18.01	0.0099	
1946	1	18.01	18.01	0.0099	
1947	1	18.01	18.01	0.0099	
1948	1	18.01	18.01	0.0099	
1949	1	18.01	18.01	0.0099	
1950	1	18.01	18.01	0.0099	
1951	1	18.01	18.01	0.0099	
1952	1	18.01	18.01	0.0099	
1953	1	18.01	18.01	0.0099	
1954	1	18.01	18.01	0.0099	
1955	1	18.01	18.01	0.0099	
1956	1	18.01	18.01	0.0099	
1957	1	18.01	18.01	0.0099	
1958	1	18.01	18.01	0.0099	
1959	1	18.01	18.01	0.0099	
1960	1	18.01	18.01	0.0099	
1961	1	18.01	18.01	0.0099	
1962	1	18.01	18.01	0.0099	
1963	1	18.01	18.01	0.0099	
1964	1	18.01	18.01	0.0099	
1965	1	18.01	18.01	0.0099	
1966	1	18.06	18.06	0.0564	
1967	1	18.45	18.45	0.2475	
1968	1	18.41	18.41	0.2419	
1969	1	18.43	18.43	0.2451	
1970	1	18.7	18.7	0.21	
1971	1	18.39	18.39	0.2379	
1972	1	18.15	18.15	0.1275	
1973	1	18.01	18.01	0.0099	
1974	1	18.01	18.01	0.0099	
1975	1	18.01	18.01	0.0099	
1976	1	18.01	18.01	0.0099	
1977	1	18.01	18.01	0.0099	
1978	1	18.01	18.01	0.0099	
1979	1	18.01	18.01	0.0099	
1980	1	18.01	18.01	0.0099	
1981	1	18.01	18.01	0.0099	
1982	1	18.01	18.01	0.0099	
1983	1	18.01	18.01	0.0099	
1984	1	18.01	18.01	0.0099	
1985	1	18.01	18.01	0.0099	
1986	1	18.01	18.01	0.0099	
1987	1	18.01	18.01	0.0099	
1988	1	18.01	18.01	0.0099	
1989	1	18.01	18.01	0.0099	
1990	1	18.01	18.01	0.0099	
1991	1	18.01	18.01	0.0099	
1992	1	18.01	18.01	0.0099	
1993	1	18.01	18.01	0.0099	
1994	1	18.01	18.01	0.0099	
1995	1	18.01	18.01	0.0099	
1996	1	18.05	18.05	0.0475	
1997	1	18.01	18.01	0.0099	
1998	1	18.01	18.01	0.0099	
1999	1	18.01	18.01	0.0099	
2000	1	18.01	18.01	0.0099	
