# mu = 0.01, s = 0.1, trials requested = 1, runtime = 0:00:01
# "Time"	"Actual trials"	"Mean mutation"	"Average mean mutation"	"Average mutation variance"
0	1	0	0	0	
1	1	0.04	0.04	0.0384	
2	1	0.05	0.05	0.0475	
3	1	0.04	0.04	0.0384	
4	1	0.03	0.03	0.0291	
5	1	0.04	0.04	0.0384	
6	1	0.03	0.03	0.0291	
7	1	0.05	0.05	0.0475	
8	1	0.06	0.06	0.0564	
9	1	0.08	0.08	0.0736	
10	1	0.1	0.1	0.09	
11	1	0.09	0.09	0.0819	
12	1	0.08	0.08	0.0736	
13	1	0.08	0.08	0.0736	
14	1	0.06	0.06	0.0564	
15	1	0.07	0.07	0.0651	
16	1	0.07	0.07	0.0651	
17	1	0.04	0.04	0.0384	
18	1	0.03	0.03	0.0291	
19	1	0.06	0.06	0.0564	
20	1	0.05	0.05	0.0475	
21	1	0.07	0.07	0.0651	
22	1	0.09	0.09	0.1019	
23	1	0.16	0.16	0.1544	
24	1	0.18	0.18	0.1476	
25	1	0.25	0.25	0.2475	
26	1	0.25	0.25	0.2275	
27	1	0.27	0.27	0.2371	
28	1	0.27	0.27	0.2571	
29	1	0.24	0.24	0.2024	
30	1	0.3	0.3	0.25	
31	1	0.29	0.29	0.2259	
32	1	0.4	0.4	0.34	
33	1	0.44	0.44	0.3064	
34	1	0.52	0.52	0.3696	
35	1	0.6	0.6	0.42	
36	1	0.55	0.55	0.4275	
37	1	0.48	0.48	0.3496	
38	1	0.45	0.45	0.3475	
39	1	0.43	0.43	0.2851	
40	1	0.44	0.44	0.3064	
41	1	0.53	0.53	0.3091	
42	1	0.54	0.54	0.2484	
43	1	0.51	0.51	0.2499	
44	1	0.53	0.53	0.2491	
45	1	0.62	0.62	0.3156	
46	1	0.61	0.61	0.3179	
47	1	0.7	0.7	0.53	
48	1	0.79	0.79	0.4659	
49	1	0.8	0.8	0.34	
50	1	0.81	0.81	0.2339	
51	1	0.79	0.79	0.1659	
52	1	0.79	0.79	0.1659	
53	1	0.81	0.81	0.1939	
54	1	0.79	0.79	0.2459	
55	1	0.77	0.77	0.2171	
56	1	0.81	0.81	0.1939	
57	1	0.87	0.87	0.1531	
58	1	0.88	0.88	0.1656	
59	1	0.89	0.89	0.1579	
60	1	0.92	0.92	0.1736	
61	1	0.96	0.96	0.2184	
62	1	1.01	1.01	0.2299	
63	1	1.02	1.02	0.2196	
64	1	0.99	0.99	0.2299	
65	1	1.03	1.03	0.2091	
66	1	1.06	1.06	0.2164	
67	1	1.02	1.02	0.1996	
68	1	1.07	1.07	0.1851	
69	1	1.18	1.18	0.1876	
70	1	1.15	1.15	0.1875	
71	1	1.13	1.13	0.1531	
72	1	1.18	1.18	0.1476	
73	1	1.16	1.16	0.1344	
74	1	1.13	1.13	0.1131	
75	1	1.12	1.12	0.1056	
76	1	1.17	1.17	0.1411	
77	1	1.14	1.14	0.1204	
78	1	1.19	1.19	0.1539	
79	1	1.14	1.14	0.1204	
80	1	1.12	1.12	0.1056	
81	1	1.19	1.19	0.1739	
82	1	1.17	1.17	0.1611	
83	1	1.19	1.19	0.1739	
84	1	1.17	1.17	0.1611	
85	1	1.2	1.2	0.2	
86	1	1.16	1.16	0.1344	
87	1	1.14	1.14	0.1204	
88	1	1.17	1.17	0.1411	
89	1	1.16	1.16	0.1344	
90	1	1.15	1.15	0.1275	
91	1	1.11	1.11	0.0979	
92	1	1.2	1.2	0.16	
93	1	1.18	1.18	0.1476	
94	1	1.2	1.2	0.16	
95	1	1.23	1.23	0.1771	
96	1	1.2	1.2	0.16	
97	1	1.25	1.25	0.1875	
98	1	1.25	1.25	0.1875	
99	1	1.24	1.24	0.1824	
100	1	1.19	1.19	0.1539	
101	1	1.15	1.15	0.1475	
102	1	1.12	1.12	0.1056	
103	1	1.12	1.12	0.1056	
104	1	1.16	1.16	0.1344	
105	1	1.24	1.24	0.1824	
106	1	1.25	1.25	0.1875	
107	1	1.27	1.27	0.1971	
108	1	1.26	1.26	0.2124	
109	1	1.3	1.3	0.27	
110	1	1.31	1.31	0.2739	
111	1	1.34	1.34	0.3044	
112	1	1.36	1.36	0.3104	
113	1	1.41	1.41	0.3619	
114	1	1.4	1.4	0.36	
115	1	1.36	1.36	0.3304	
116	1	1.32	1.32	0.2776	
117	1	1.38	1.38	0.2956	
118	1	1.51	1.51	0.3299	
119	1	1.47	1.47	0.2691	
120	1	1.42	1.42	0.2436	
121	1	1.46	1.46	0.2484	
122	1	1.47	1.47	0.2491	
123	1	1.53	1.53	0.2491	
124	1	1.55	1.55	0.2475	
125	1	1.56	1.56	0.2464	
126	1	1.54	1.54	0.2484	
127	1	1.48	1.48	0.2496	
128	1	1.48	1.48	0.2496	
129	1	1.52	1.52	0.2496	
130	1	1.53	1.53	0.2691	
131	1	1.49	1.49	0.3099	
132	1	1.47	1.47	0.3491	
133	1	1.48	1.48	0.3896	
134	1	1.59	1.59	0.5219	
135	1	1.7	1.7	0.61	
136	1	1.72	1.72	0.7016	
137	1	1.68	1.68	0.6776	
138	1	1.69	1.69	0.7339	
139	1	1.67	1.67	0.7011	
140	1	1.65	1.65	0.6675	
141	1	1.6	1.6	0.66	
142	1	1.67	1.67	0.7211	
143	1	1.64	1.64	0.6904	
144	1	1.77	1.77	0.7771	
145	1	1.85	1.85	0.8675	
146	1	1.97	1.97	1.0491	
147	1	2.03	2.03	0.9891	
148	1	2.11	2.11	1.1579	
149	1	2.22	2.22	1.2916	
150	1	2.27	2.27	1.2571	
151	1	2.41	2.41	1.3819	
152	1	2.44	2.44	1.4464	
153	1	2.42	2.42	1.4436	
154	1	2.44	2.44	1.4664	
155	1	2.49	2.49	1.4099	
156	1	2.43	2.43	1.3851	
157	1	2.49	2.49	1.3299	
158	1	2.52	2.52	1.3496	
159	1	2.6	2.6	1.38	
160	1	2.61	2.61	1.3179	
161	1	2.53	2.53	1.3091	
162	1	2.59	2.59	1.2819	
163	1	2.63	2.63	1.2531	
164	1	2.64	2.64	1.2504	
165	1	2.65	2.65	1.2875	
166	1	2.61	2.61	1.2979	
167	1	2.58	2.58	1.2836	
168	1	2.56	2.56	1.1664	
169	1	2.6	2.6	1.2	
170	1	2.62	2.62	1.1756	
171	1	2.59	2.59	1.2419	
172	1	2.61	2.61	1.2779	
173	1	2.67	2.67	1.1211	
174	1	2.62	2.62	1.1156	
175	1	2.6	2.6	1.04	
176	1	2.66	2.66	1.0444	
177	1	2.69	2.69	1.0539	
178	1	2.66	2.66	0.9244	
179	1	2.66	2.66	1.0644	
180	1	2.69	2.69	1.0739	
181	1	2.63	2.63	1.1131	
182	1	2.69	2.69	1.1539	
183	1	2.63	2.63	1.1131	
184	1	2.63	2.63	1.2331	
185	1	2.68	2.68	1.2376	
186	1	2.62	2.62	1.2156	
187	1	2.59	2.59	1.0619	
188	1	2.6	2.6	0.96	
189	1	2.65	2.65	0.9675	
190	1	2.64	2.64	0.9304	
191	1	2.63	2.63	0.8531	
192	1	2.61	2.61	0.8379	
193	1	2.59	2.59	0.7819	
194	1	2.62	2.62	0.7556	
195	1	2.58	2.58	0.7436	
196	1	2.51	2.51	0.7299	
197	1	2.51	2.51	0.5699	
198	1	2.49	2.49	0.5299	
199	1	2.52	2.52	0.5296	
200	1	2.54	2.54	0.4884	
201	1	2.68	2.68	0.5176	
202	1	2.8	2.8	0.42	
203	1	2.86	2.86	0.4004	
204	1	2.87	2.87	0.3131	
205	1	2.89	2.89	0.3179	
206	1	2.91	2.91	0.3619	
207	1	2.94	2.94	0.3764	
208	1	2.94	2.94	0.4364	
209	1	3.05	3.05	0.3875	
210	1	2.99	2.99	0.3499	
211	1	2.96	2.96	0.2184	
212	1	2.95	2.95	0.1875	
213	1	2.96	2.96	0.2184	
214	1	2.97	2.97	0.2491	
215	1	2.91	2.91	0.2419	
216	1	2.92	2.92	0.2336	
217	1	2.89	2.89	0.2379	
218	1	2.88	2.88	0.2656	
219	1	2.88	2.88	0.2856	
220	1	2.9	2.9	0.27	
221	1	2.95	2.95	0.3475	
222	1	2.92	2.92	0.3336	
223	1	2.98	2.98	0.3596	
224	1	2.97	2.97	0.3491	
225	1	3.1	3.1	0.49	
226	1	3.14	3.14	0.5204	
227	1	3.26	3.26	0.6524	
228	1	3.35	3.35	0.8875	
229	1	3.5	3.5	0.97	
230	1	3.49	3.49	0.9899	
231	1	3.56	3.56	1.0864	
232	1	3.53	3.53	1.0291	
233	1	3.51	3.51	0.8699	
234	1	3.64	3.64	1.1304	
235	1	3.67	3.67	0.9811	
236	1	3.67	3.67	0.9811	
237	1	3.76	3.76	0.9624	
238	1	3.79	3.79	0.8859	
239	1	3.8	3.8	0.88	
240	1	3.8	3.8	0.82	
241	1	3.96	3.96	1.0184	
242	1	3.98	3.98	1.1196	
243	1	3.91	3.91	1.0219	
244	1	3.8	3.8	0.88	
245	1	3.92	3.92	1.0936	
246	1	4.04	4.04	1.4184	
247	1	4.1	4.1	1.47	
248	1	4.06	4.06	1.3164	
249	1	4.13	4.13	1.4131	
250	1	4.23	4.23	1.4971	
251	1	4.3	4.3	1.47	
252	1	4.37	4.37	1.5731	
253	1	4.5	4.5	1.63	
254	1	4.53	4.53	1.6091	
255	1	4.54	4.54	1.5084	
256	1	4.52	4.52	1.4696	
257	1	4.53	4.53	1.5491	
258	1	4.56	4.56	1.5664	
259	1	4.61	4.61	1.6579	
260	1	4.62	4.62	1.7356	
261	1	4.54	4.54	1.6484	
262	1	4.55	4.55	1.6675	
263	1	4.51	4.51	1.6699	
264	1	4.59	4.59	1.9219	
265	1	4.63	4.63	2.1331	
266	1	4.6	4.6	1.92	
267	1	4.58	4.58	1.8436	
268	1	4.5	4.5	1.91	
269	1	4.58	4.58	2.0436	
270	1	4.67	4.67	2.2211	
271	1	4.71	4.71	2.2859	
272	1	4.76	4.76	2.3824	
273	1	4.85	4.85	2.6075	
274	1	4.92	4.92	2.8136	
275	1	5.04	5.04	3.0984	
276	1	5.1	5.1	3.09	
277	1	5.24	5.24	3.2624	
278	1	5.22	5.22	2.9116	
279	1	5.24	5.24	2.8424	
280	1	5.25	5.25	2.8875	
281	1	5.29	5.29	2.7459	
282	1	5.27	5.27	3.0971	
283	1	5.3	5.3	3.25	
284	1	5.45	5.45	3.4875	
285	1	5.33	5.33	3.3611	
286	1	5.51	5.51	3.5099	
287	1	5.52	5.52	3.3896	
288	1	5.57	5.57	3.1651	
289	1	5.55	5.55	2.9475	
290	1	5.56	5.56	2.7464	
291	1	5.71	5.71	2.7859	
292	1	5.91	5.91	3.5819	
293	1	5.9	5.9	3.63	
294	1	5.85	5.85	3.5275	
295	1	5.93	5.93	3.7251	
296	1	6.01	6.01	4.0499	
297	1	6.02	6.02	4.3196	
298	1	6.02	6.02	4.3196	
299	1	6.11	6.11	4.2779	
300	1	6.24	6.24	4.7024	
301	1	6.36	6.36	4.9304	
302	1	6.3	6.3	4.63	
303	1	6.41	6.41	4.7619	
304	1	6.44	6.44	4.8464	
305	1	6.45	6.45	4.7675	
306	1	6.52	6.52	4.4896	
307	1	6.49	6.49	4.7099	
308	1	6.57	6.57	4.6251	
309	1	6.59	6.59	4.5419	
310	1	6.61	6.61	4.5179	
311	1	6.57	6.57	4.2651	
312	1	6.49	6.49	4.1499	
313	1	6.56	6.56	3.9864	
314	1	6.56	6.56	4.1064	
315	1	6.69	6.69	4.3939	
316	1	6.77	6.77	4.2571	
317	1	6.89	6.89	4.4379	
318	1	7.06	7.06	4.3564	
319	1	7.1	7.1	4.35	
320	1	7.2	7.2	4.42	
321	1	7.19	7.19	4.5139	
322	1	7.27	7.27	4.3771	
323	1	7.31	7.31	4.0739	
324	1	7.12	7.12	4.5256	
325	1	7.14	7.14	4.4604	
326	1	7.29	7.29	4.5259	
327	1	7.27	7.27	4.7571	
328	1	7.34	7.34	4.5244	
329	1	7.44	7.44	4.6864	
330	1	7.66	7.66	4.8044	
331	1	7.66	7.66	5.2644	
332	1	7.64	7.64	5.4704	
333	1	7.68	7.68	5.3976	
334	1	7.72	7.72	5.5416	
335	1	7.71	7.71	5.4859	
336	1	7.66	7.66	5.6444	
337	1	7.7	7.7	5.67	
338	1	7.83	7.83	5.7211	
339	1	7.8	7.8	5.58	
340	1	7.75	7.75	5.9475	
341	1	7.83	7.83	6.0411	
342	1	7.96	7.96	5.9784	
343	1	7.96	7.96	6.2384	
344	1	7.9	7.9	5.71	
345	1	7.91	7.91	5.3619	
346	1	7.75	7.75	5.9875	
347	1	7.89	7.89	5.6579	
348	1	7.87	7.87	5.6331	
349	1	7.79	7.79	5.8259	
350	1	7.94	7.94	5.4764	
351	1	8.08	8.08	5.8136	
352	1	8.2	8.2	5.48	
353	1	8.31	8.31	6.0939	
354	1	8.41	8.41	5.8219	
355	1	8.5	8.5	6.01	
356	1	8.57	8.57	5.8651	
357	1	8.6	8.6	5.78	
358	1	8.58	8.58	6.5036	
359	1	8.57	8.57	6.9851	
360	1	8.71	8.71	7.3659	
361	1	8.71	8.71	7.6459	
362	1	8.82	8.82	7.9476	
363	1	8.84	8.84	7.9544	
364	1	8.73	8.73	8.3171	
365	1	8.76	8.76	8.3424	
366	1	8.76	8.76	8.4424	
367	1	8.76	8.76	7.9624	
368	1	8.86	8.86	7.3804	
369	1	8.86	8.86	7.3604	
370	1	8.84	8.84	7.3344	
371	1	8.91	8.91	7.3219	
372	1	8.82	8.82	7.5076	
373	1	8.71	8.71	7.2259	
374	1	8.88	8.88	7.2256	
375	1	8.78	8.78	7.4716	
376	1	8.98	8.98	7.5396	
377	1	8.82	8.82	6.9876	
378	1	8.91	8.91	7.4019	
379	1	8.81	8.81	7.3339	
380	1	8.95	8.95	7.5875	
381	1	8.75	8.75	7.4475	
382	1	8.81	8.81	8.0539	
383	1	8.86	8.86	8.5004	
384	1	8.98	8.98	8.5796	
385	1	8.77	8.77	7.3171	
386	1	8.74	8.74	7.6324	
387	1	8.79	8.79	8.1259	
388	1	8.55	8.55	8.5275	
389	1	8.57	8.57	8.2851	
390	1	8.84	8.84	7.7744	
391	1	9.03	9.03	7.9491	
392	1	8.89	8.89	8.3179	
393	1	8.83	8.83	8.1411	
394	1	8.98	8.98	7.9196	
395	1	8.99	8.99	7.5899	
396	1	9	9	7.44	
397	1	9.12	9.12	6.9856	
398	1	9.33	9.33	6.4211	
399	1	9.37	9.37	6.9331	
400	1	9.43	9.43	7.2051	
401	1	9.41	9.41	6.8619	
402	1	9.5	9.5	6.47	
403	1	9.43	9.43	6.5251	
404	1	9.53	9.53	6.6091	
405	1	9.55	9.55	6.8475	
406	1	9.43	9.43	6.7851	
407	1	9.47	9.47	6.8691	
408	1	9.47	9.47	7.7891	
409	1	9.88	9.88	8.2656	
410	1	10.04	10.04	8.9984	
411	1	10.04	10.04	8.7384	
412	1	10.12	10.12	8.3856	
413	1	10.1	10.1	7.57	
414	1	10.12	10.12	7.5056	
415	1	10.17	10.17	7.3811	
416	1	10.18	10.18	7.3676	
417	1	10.21	10.21	7.1059	
418	1	10.34	10.34	7.7444	
419	1	10.34	10.34	8.0444	
420	1	10.39	10.39	8.0979	
421	1	10.33	10.33	8.2611	
422	1	10.57	10.57	8.1051	
423	1	10.65	10.65	8.0675	
424	1	10.67	10.67	8.0411	
425	1	10.67	10.67	8.3011	
426	1	10.78	10.78	8.0716	
427	1	10.98	10.98	7.4596	
428	1	10.96	10.96	7.6384	
429	1	10.88	10.88	7.7056	
430	1	10.91	10.91	7.9619	
431	1	10.94	10.94	7.8364	
432	1	10.88	10.88	8.5856	
433	1	11.01	11.01	9.0099	
434	1	11.02	11.02	8.9396	
435	1	10.98	10.98	8.8596	
436	1	11.09	11.09	8.6019	
437	1	11.17	11.17	8.5011	
438	1	11.4	11.4	7.28	
439	1	11.42	11.42	7.4636	
440	1	11.47	11.47	7.4291	
441	1	11.77	11.77	5.7371	
442	1	11.74	11.74	6.6524	
443	1	11.89	11.89	6.3379	
444	1	11.99	11.99	6.0899	
445	1	12.16	12.16	5.9544	
446	1	12.2	12.2	5.96	
447	1	12.15	12.15	6.3875	
448	1	12.17	12.17	6.1611	
449	1	12.02	12.02	7.4396	
450	1	11.93	11.93	7.8051	
451	1	11.86	11.86	8.1604	
452	1	11.77	11.77	8.6171	
453	1	11.72	11.72	8.4416	
454	1	11.83	11.83	8.2411	
455	1	11.77	11.77	8.6571	
456	1	11.84	11.84	8.2944	
457	1	11.99	11.99	8.2299	
458	1	11.98	11.98	8.3196	
459	1	12.09	12.09	7.8619	
460	1	12.14	12.14	7.8404	
461	1	12.21	12.21	7.8259	
462	1	12.31	12.31	7.8139	
463	1	12.38	12.38	8.1356	
464	1	12.42	12.42	7.6036	
465	1	12.54	12.54	7.8884	
466	1	12.72	12.72	6.9816	
467	1	12.81	12.81	6.3739	
468	1	12.85	12.85	6.1075	
469	1	12.72	12.72	6.5616	
470	1	12.85	12.85	5.7475	
471	1	12.82	12.82	6.2476	
472	1	12.82	12.82	6.1876	
473	1	12.81	12.81	7.1139	
474	1	12.83	12.83	7.1211	
475	1	12.91	12.91	7.2819	
476	1	12.94	12.94	7.3164	
477	1	12.99	12.99	7.0899	
478	1	13.04	13.04	7.4584	
479	1	13.06	13.06	8.9364	
480	1	13.15	13.15	8.8875	
481	1	13.16	13.16	9.0344	
482	1	13.24	13.24	9.2024	
483	1	13.42	13.42	8.8436	
484	1	13.52	13.52	8.5496	
485	1	13.53	13.53	8.7891	
486	1	13.55	13.55	8.6275	
487	1	13.83	13.83	7.3411	
488	1	14.14	14.14	5.7004	
489	1	14.19	14.19	5.6539	
490	1	14.21	14.21	5.5859	
491	1	14.16	14.16	5.5744	
492	1	14.16	14.16	5.7944	
493	1	14.19	14.19	5.4739	
494	1	14.29	14.29	5.2259	
495	1	14.44	14.44	5.0064	
496	1	14.43	14.43	4.9251	
497	1	14.43	14.43	4.9451	
498	1	14.33	14.33	5.3211	
499	1	14.44	14.44	4.9664	
500	1	14.43	14.43	4.7651	
501	1	14.44	14.44	4.3664	
502	1	14.35	14.35	4.6075	
503	1	14.39	14.39	4.4979	
504	1	14.33	14.33	4.4811	
505	1	14.43	14.43	4.6651	
506	1	14.42	14.42	4.4436	
507	1	14.51	14.51	3.9299	
508	1	14.57	14.57	3.8451	
509	1	14.61	14.61	3.8379	
510	1	14.72	14.72	3.8016	
511	1	14.8	14.8	3.28	
512	1	14.83	14.83	3.1211	
513	1	14.81	14.81	3.1739	
514	1	14.8	14.8	3.14	
515	1	14.83	14.83	2.9611	
516	1	14.92	14.92	2.6536	
517	1	14.9	14.9	2.87	
518	1	14.94	14.94	2.4964	
519	1	14.88	14.88	2.8856	
520	1	14.87	14.87	2.9531	
521	1	14.86	14.86	2.9804	
522	1	14.92	14.92	3.0936	
523	1	14.93	14.93	3.3251	
524	1	15.03	15.03	2.7891	
525	1	14.99	14.99	2.6699	
526	1	15.02	15.02	2.9996	
527	1	15.1	15.1	2.43	
528	1	15.06	15.06	2.5364	
529	1	15.12	15.12	2.2256	
530	1	15.42	15.42	2.1636	
531	1	15.45	15.45	2.6675	
532	1	15.51	15.51	2.5499	
533	1	15.52	15.52	2.7896	
534	1	15.64	15.64	2.9904	
535	1	15.6	15.6	3.2	
536	1	15.73	15.73	3.4571	
537	1	15.9	15.9	3.23	
538	1	16.03	16.03	3.0491	
539	1	16	16	2.8	
540	1	16.11	16.11	3.2579	
541	1	16.05	16.05	3.0275	
542	1	16.14	16.14	2.9804	
543	1	16.22	16.22	2.9916	
544	1	16.26	16.26	3.0124	
545	1	16.21	16.21	2.8659	
546	1	16.15	16.15	2.8075	
547	1	16.13	16.13	2.8531	
548	1	16.06	16.06	2.7764	
549	1	16.06	16.06	2.5164	
550	1	16.23	16.23	3.1171	
551	1	16.35	16.35	3.6275	
552	1	16.46	16.46	4.1084	
553	1	16.4	16.4	4.08	
554	1	16.43	16.43	3.9251	
555	1	16.45	16.45	3.9875	
556	1	16.48	16.48	3.9496	
557	1	16.56	16.56	4.1664	
558	1	16.61	16.61	4.0779	
559	1	16.52	16.52	3.6496	
560	1	16.53	16.53	3.5891	
561	1	16.63	16.63	3.5131	
562	1	16.59	16.59	3.2619	
563	1	16.67	16.67	3.5611	
564	1	16.69	16.69	3.7739	
565	1	16.82	16.82	4.1876	
566	1	16.75	16.75	3.8875	
567	1	16.68	16.68	3.4776	
568	1	16.52	16.52	3.1496	
569	1	16.57	16.57	3.2851	
570	1	16.67	16.67	3.8011	
571	1	16.83	16.83	3.9811	
572	1	16.79	16.79	4.4059	
573	1	16.77	16.77	4.4971	
574	1	16.87	16.87	4.5331	
575	1	16.94	16.94	4.6164	
576	1	16.96	16.96	4.5784	
577	1	17.21	17.21	4.9259	
578	1	17.1	17.1	4.51	
579	1	17.12	17.12	4.6856	
580	1	17.25	17.25	4.6675	
581	1	17.28	17.28	4.7016	
582	1	17.24	17.24	4.4824	
583	1	17.32	17.32	4.6376	
584	1	17.41	17.41	4.7819	
585	1	17.59	17.59	4.6419	
586	1	17.8	17.8	4.68	
587	1	17.86	17.86	4.8604	
588	1	17.81	17.81	4.8339	
589	1	17.96	17.96	4.5184	
590	1	18.04	18.04	4.5384	
591	1	18.08	18.08	4.4736	
592	1	18.11	18.11	4.3779	
593	1	18.26	18.26	4.4924	
594	1	18.32	18.32	4.9176	
595	1	18.37	18.37	5.1131	
596	1	18.28	18.28	4.9016	
597	1	18.19	18.19	5.0139	
598	1	18.27	18.27	5.1771	
599	1	18.34	18.34	4.9844	
600	1	18.37	18.37	5.3531	
601	1	18.48	18.48	5.6496	
602	1	18.47	18.47	5.4491	
603	1	18.52	18.52	5.4896	
604	1	18.55	18.55	5.4475	
605	1	18.52	18.52	5.9096	
606	1	18.58	18.58	6.2236	
607	1	18.84	18.84	6.4144	
608	1	18.83	18.83	6.4611	
609	1	18.97	18.97	6.0691	
610	1	19.1	19.1	6.03	
611	1	19.19	19.19	5.8539	
612	1	19.28	19.28	6.3416	
613	1	19.31	19.31	6.2339	
614	1	19.31	19.31	6.3339	
615	1	19.08	19.08	6.1936	
616	1	19.28	19.28	6.4016	
617	1	19.13	19.13	6.6731	
618	1	19.04	19.04	6.5584	
619	1	18.93	18.93	6.8851	
620	1	18.62	18.62	7.1756	
621	1	19.01	19.01	6.7499	
622	1	19.07	19.07	6.5251	
623	1	19.08	19.08	7.1136	
624	1	19.35	19.35	6.4075	
625	1	19.3	19.3	6.23	
626	1	19.68	19.68	5.8376	
627	1	19.95	19.95	4.9875	
628	1	19.95	19.95	5.1675	
629	1	20.17	20.17	5.2411	
630	1	20.41	20.41	4.8019	
631	1	20.46	20.46	4.6684	
632	1	20.5	20.5	4.33	
633	1	20.53	20.53	4.0091	
634	1	20.64	20.64	4.2104	
635	1	20.65	20.65	3.7075	
636	1	20.76	20.76	3.5624	
637	1	20.72	20.72	3.1616	
638	1	20.78	20.78	3.5916	
639	1	20.77	20.77	2.7571	
640	1	20.77	20.77	2.9171	
641	1	20.81	20.81	2.5939	
642	1	20.9	20.9	2.67	
643	1	20.8	20.8	3.3	
644	1	20.76	20.76	3.5624	
645	1	20.87	20.87	3.1331	
646	1	20.88	20.88	3.2256	
647	1	21	21	2.64	
648	1	20.94	20.94	2.8164	
649	1	20.97	20.97	2.6891	
650	1	21.04	21.04	2.9184	
651	1	20.97	20.97	3.3691	
652	1	21.15	21.15	2.9675	
653	1	21.09	21.09	3.2019	
654	1	21.11	21.11	3.3779	
655	1	20.97	20.97	3.9891	
656	1	21.01	21.01	3.5899	
657	1	20.93	20.93	3.4451	
658	1	21.05	21.05	3.0675	
659	1	21.16	21.16	2.4744	
660	1	21.04	21.04	2.6984	
661	1	21.19	21.19	2.6339	
662	1	21.3	21.3	2.87	
663	1	21.28	21.28	3.0216	
664	1	21.2	21.2	3.04	
665	1	21.22	21.22	2.9916	
666	1	21.34	21.34	3.0244	
667	1	21.44	21.44	3.1064	
668	1	21.44	21.44	2.5464	
669	1	21.59	21.59	2.1819	
670	1	21.58	21.58	2.1036	
671	1	21.66	21.66	2.1444	
672	1	21.69	21.69	2.3139	
673	1	21.75	21.75	2.1875	
674	1	21.87	21.87	2.2131	
675	1	21.91	21.91	2.2419	
676	1	21.93	21.93	2.2851	
677	1	21.98	21.98	2.2396	
678	1	22.04	22.04	2.1584	
679	1	22.13	22.13	2.1131	
680	1	22.12	22.12	2.2456	
681	1	22.09	22.09	2.3219	
682	1	22.04	22.04	2.3184	
683	1	22.06	22.06	2.3164	
684	1	22.08	22.08	2.4336	
685	1	22.09	22.09	2.3619	
686	1	22.06	22.06	2.0964	
687	1	22.12	22.12	2.1056	
688	1	22.19	22.19	2.1939	
689	1	22.23	22.23	2.1371	
690	1	22.33	22.33	2.1411	
691	1	22.39	22.39	2.0979	
692	1	22.41	22.41	2.1219	
693	1	22.44	22.44	2.0064	
694	1	22.51	22.51	2.0699	
695	1	22.51	22.51	2.0099	
696	1	22.53	22.53	2.0491	
697	1	22.56	22.56	1.9064	
698	1	22.56	22.56	2.2264	
699	1	22.56	22.56	1.8864	
700	1	22.5	22.5	1.99	
701	1	22.54	22.54	1.9084	
702	1	22.51	22.51	1.9699	
703	1	22.54	22.54	1.6284	
704	1	22.64	22.64	1.2504	
705	1	22.57	22.57	1.2451	
706	1	22.57	22.57	1.1051	
707	1	22.56	22.56	1.1264	
708	1	22.56	22.56	1.1864	
709	1	22.62	22.62	1.1956	
710	1	22.63	22.63	1.2531	
711	1	22.59	22.59	1.1819	
712	1	22.51	22.51	1.1499	
713	1	22.52	22.52	1.0896	
714	1	22.56	22.56	1.0664	
715	1	22.57	22.57	1.1251	
716	1	22.5	22.5	1.05	
717	1	22.58	22.58	1.0636	
718	1	22.68	22.68	0.9976	
719	1	22.72	22.72	0.9016	
720	1	22.71	22.71	0.9259	
721	1	22.68	22.68	0.9176	
722	1	22.67	22.67	0.9411	
723	1	22.63	22.63	0.9531	
724	1	22.69	22.69	0.8539	
725	1	22.71	22.71	0.8459	
726	1	22.7	22.7	0.87	
727	1	22.66	22.66	0.9644	
728	1	22.64	22.64	1.0704	
729	1	22.68	22.68	1.0776	
730	1	22.7	22.7	1.09	
731	1	22.73	22.73	1.1371	
732	1	22.75	22.75	1.0475	
733	1	22.76	22.76	1.1624	
734	1	22.81	22.81	1.2539	
735	1	22.78	22.78	1.3916	
736	1	22.83	22.83	1.2211	
737	1	22.87	22.87	1.2731	
738	1	22.89	22.89	1.2579	
739	1	22.89	22.89	1.2579	
740	1	22.91	22.91	1.2619	
741	1	22.94	22.94	1.4164	
742	1	23	23	1.48	
743	1	23.11	23.11	1.6979	
744	1	23.16	23.16	1.8944	
745	1	23.21	23.21	2.0059	
746	1	23.28	23.28	1.8416	
747	1	23.4	23.4	1.74	
748	1	23.46	23.46	2.0884	
749	1	23.55	23.55	2.2875	
750	1	23.6	23.6	2.58	
751	1	23.63	23.63	2.3331	
752	1	23.63	23.63	2.1731	
753	1	23.57	23.57	2.1651	
754	1	23.52	23.52	2.4696	
755	1	23.5	23.5	2.85	
756	1	23.82	23.82	2.8276	
757	1	23.79	23.79	2.4859	
758	1	23.89	23.89	3.1179	
759	1	23.77	23.77	2.5171	
760	1	23.56	23.56	2.1464	
761	1	23.88	23.88	3.2456	
762	1	24.07	24.07	3.8451	
763	1	24.17	24.17	4.2211	
764	1	24.14	24.14	4.3404	
765	1	24.32	24.32	4.7376	
766	1	24.43	24.43	5.0251	
767	1	24.46	24.46	4.9684	
768	1	24.27	24.27	5.1171	
769	1	24.36	24.36	5.3904	
770	1	24.38	24.38	5.2956	
771	1	24.2	24.2	5.38	
772	1	24.21	24.21	5.3659	
773	1	24.27	24.27	5.3371	
774	1	24.24	24.24	5.4224	
775	1	24.31	24.31	5.3739	
776	1	24.47	24.47	5.5291	
777	1	24.46	24.46	5.7084	
778	1	24.56	24.56	5.7264	
779	1	24.82	24.82	6.7076	
780	1	24.88	24.88	6.6056	
781	1	24.9	24.9	6.83	
782	1	24.82	24.82	7.3676	
783	1	24.76	24.76	6.7424	
784	1	24.8	24.8	6.8	
785	1	24.81	24.81	6.7939	
786	1	24.99	24.99	6.8299	
787	1	24.98	24.98	7.1996	
788	1	24.93	24.93	7.5451	
789	1	25.17	25.17	8.2011	
790	1	25.32	25.32	8.9776	
791	1	25.3	25.3	9.15	
792	1	25.35	25.35	9.0875	
793	1	25.54	25.54	8.8284	
794	1	25.5	25.5	8.65	
795	1	25.57	25.57	8.9051	
796	1	25.88	25.88	8.5456	
797	1	25.87	25.87	8.8731	
798	1	25.79	25.79	9.0259	
799	1	25.83	25.83	9.1611	
800	1	25.78	25.78	9.4916	
801	1	25.8	25.8	9.64	
802	1	25.85	25.85	9.6075	
803	1	25.76	25.76	9.7824	
804	1	25.86	25.86	10.3004	
805	1	26.04	26.04	11.1384	
806	1	26.01	26.01	11.6299	
807	1	25.98	25.98	11.8396	
808	1	26.03	26.03	12.3491	
809	1	26.2	26.2	12.56	
810	1	26.02	26.02	12.4796	
811	1	26.16	26.16	12.5744	
812	1	26.3	26.3	13.25	
813	1	26.37	26.37	13.4531	
814	1	26.38	26.38	13.2356	
815	1	26.4	26.4	13.88	
816	1	26.48	26.48	13.8096	
817	1	26.49	26.49	13.7699	
818	1	26.54	26.54	13.4284	
819	1	26.55	26.55	12.2875	
820	1	26.52	26.52	11.6296	
821	1	26.66	26.66	11.2644	
822	1	26.86	26.86	12.2804	
823	1	26.81	26.81	11.7339	
824	1	26.73	26.73	12.0171	
825	1	26.71	26.71	11.1259	
826	1	26.86	26.86	11.8404	
827	1	26.81	26.81	12.4939	
828	1	27.02	27.02	12.5596	
829	1	27	27	12.52	
830	1	27.12	27.12	12.3856	
831	1	27.04	27.04	13.0184	
832	1	26.92	26.92	12.8136	
833	1	26.97	26.97	12.3091	
834	1	26.98	26.98	12.5196	
835	1	27.08	27.08	12.4536	
836	1	27.05	27.05	12.7875	
837	1	27.15	27.15	12.2875	
838	1	27.32	27.32	11.5776	
839	1	27.29	27.29	11.2859	
840	1	27.26	27.26	11.7924	
841	1	27.45	27.45	11.6475	
842	1	27.45	27.45	12.3875	
843	1	27.56	27.56	12.3264	
844	1	27.53	27.53	13.3491	
845	1	27.69	27.69	14.1139	
846	1	27.74	27.74	13.5324	
847	1	27.89	27.89	14.7979	
848	1	28.03	28.03	16.2491	
849	1	28.28	28.28	18.4216	
850	1	28.41	28.41	17.1219	
851	1	28.25	28.25	17.6675	
852	1	28.23	28.23	17.6771	
853	1	28.33	28.33	16.5211	
854	1	28.32	28.32	16.7976	
855	1	28.32	28.32	16.2576	
856	1	28.22	28.22	16.8116	
857	1	28.55	28.55	17.6675	
858	1	28.68	28.68	16.7376	
859	1	28.72	28.72	17.1016	
860	1	29.03	29.03	15.9491	
861	1	29.28	29.28	15.8216	
862	1	29.35	29.35	15.3475	
863	1	29.24	29.24	16.0024	
864	1	29.2	29.2	16.22	
865	1	29.38	29.38	15.6956	
866	1	29.45	29.45	15.1075	
867	1	29.41	29.41	14.8219	
868	1	29.34	29.34	14.7644	
869	1	29.59	29.59	13.0419	
870	1	29.66	29.66	12.9244	
871	1	29.8	29.8	10.46	
872	1	29.7	29.7	9.87	
873	1	29.71	29.71	9.6659	
874	1	29.78	29.78	9.5316	
875	1	29.89	29.89	9.8979	
876	1	30.07	30.07	10.3451	
877	1	30.21	30.21	9.9659	
878	1	30.19	30.19	10.2939	
879	1	30.16	30.16	10.3144	
880	1	30.26	30.26	10.3724	
881	1	30.21	30.21	10.4859	
882	1	30.13	30.13	10.0131	
883	1	30.12	30.12	10.3056	
884	1	29.99	29.99	9.7499	
885	1	30.06	30.06	9.5564	
886	1	30.08	30.08	9.6936	
887	1	30.22	30.22	9.5716	
888	1	30.22	30.22	9.7116	
889	1	30.32	30.32	9.4376	
890	1	30.36	30.36	9.4904	
891	1	30.52	30.52	9.6496	
892	1	30.67	30.67	9.2411	
893	1	30.72	30.72	8.9416	
894	1	30.78	30.78	8.8916	
895	1	30.84	30.84	8.8344	
896	1	30.83	30.83	8.8011	
897	1	30.78	30.78	8.6716	
898	1	30.93	30.93	8.5251	
899	1	31.01	31.01	7.9699	
900	1	31.1	31.1	8.27	
901	1	31.23	31.23	8.2771	
902	1	31.29	31.29	8.2059	
903	1	31.26	31.26	8.3324	
904	1	31.22	31.22	8.3916	
905	1	31.29	31.29	8.5659	
906	1	31.29	31.29	8.8659	
907	1	31.3	31.3	8.77	
908	1	31.42	31.42	8.7036	
909	1	31.43	31.43	8.8451	
910	1	31.52	31.52	8.4496	
911	1	31.62	31.62	7.5756	
912	1	31.71	31.71	7.2459	
913	1	31.6	31.6	7.36	
914	1	31.62	31.62	7.8956	
915	1	31.6	31.6	7.8	
916	1	31.65	31.65	7.7675	
917	1	31.61	31.61	7.9379	
918	1	31.78	31.78	7.3316	
919	1	31.82	31.82	7.4276	
920	1	31.88	31.88	7.4256	
921	1	31.89	31.89	7.3379	
922	1	31.87	31.87	6.9331	
923	1	31.82	31.82	6.6276	
924	1	32.02	32.02	6.0596	
925	1	32	32	6.08	
926	1	32.08	32.08	6.0336	
927	1	32.05	32.05	6.0875	
928	1	32.16	32.16	5.9544	
929	1	32.16	32.16	5.9344	
930	1	32.09	32.09	5.8819	
931	1	32.08	32.08	5.9936	
932	1	32.09	32.09	6.0019	
933	1	32.15	32.15	6.2275	
934	1	32.16	32.16	6.4944	
935	1	32.3	32.3	5.89	
936	1	32.41	32.41	5.6019	
937	1	32.5	32.5	5.33	
938	1	32.55	32.55	5.2275	
939	1	32.57	32.57	5.0451	
940	1	32.58	32.58	5.1436	
941	1	32.62	32.62	4.9156	
942	1	32.63	32.63	4.9331	
943	1	32.73	32.73	4.6571	
944	1	32.7	32.7	4.35	
945	1	32.59	32.59	4.7819	
946	1	32.55	32.55	5.0275	
947	1	32.57	32.57	4.9251	
948	1	32.57	32.57	4.9051	
949	1	32.82	32.82	3.6476	
950	1	32.77	32.77	3.4771	
951	1	32.83	32.83	3.4811	
952	1	32.73	32.73	3.3171	
953	1	32.71	32.71	3.3659	
954	1	32.68	32.68	3.3976	
955	1	32.64	32.64	3.5704	
956	1	32.56	32.56	3.6464	
957	1	32.55	32.55	3.5875	
958	1	32.64	32.64	3.4904	
959	1	32.77	32.77	3.7571	
960	1	32.88	32.88	4.0656	
961	1	32.92	32.92	4.1136	
962	1	32.96	32.96	4.3584	
963	1	32.97	32.97	4.1491	
964	1	33.03	33.03	4.0491	
965	1	33.17	33.17	4.2811	
966	1	33.14	33.14	4.2404	
967	1	33.33	33.33	4.2411	
968	1	33.36	33.36	4.1504	
969	1	33.38	33.38	4.4756	
970	1	33.49	33.49	4.4499	
971	1	33.37	33.37	4.6331	
972	1	33.35	33.35	4.6275	
973	1	33.5	33.5	4.45	
974	1	33.62	33.62	3.8556	
975	1	33.64	33.64	3.4704	
976	1	33.64	33.64	3.4904	
977	1	33.65	33.65	3.2475	
978	1	33.59	33.59	3.2219	
979	1	33.54	33.54	3.1684	
980	1	33.58	33.58	3.1036	
981	1	33.68	33.68	3.0776	
982	1	33.85	33.85	3.5875	
983	1	33.95	33.95	3.3475	
984	1	33.93	33.93	3.1451	
985	1	34.2	34.2	2.96	
986	1	34.34	34.34	2.7044	
987	1	34.3	34.3	2.73	
988	1	34.46	34.46	2.0284	
989	1	34.37	34.37	2.2131	
990	1	34.28	34.28	2.6016	
991	1	34.32	34.32	2.2376	
992	1	34.24	34.24	2.5224	
993	1	34.52	34.52	2.0296	
994	1	34.71	34.71	2.2259	
995	1	34.86	34.86	2.0004	
996	1	34.81	34.81	1.9939	
997	1	34.83	34.83	2.1611	
998	1	34.74	34.74	1.8324	
999	1	34.9	34.9	1.81	
1000	1	35.05	35.05	1.8875	
1001	1	35.08	35.08	1.8336	
1002	1	35.11	35.11	1.6779	
1003	1	35.09	35.09	1.5419	
1004	1	35.2	35.2	1.56	
1005	1	35.26	35.26	1.5724	
1006	1	35.28	35.28	1.6016	
1007	1	35.28	35.28	1.5816	
1008	1	35.19	35.19	1.6139	
1009	1	35.23	35.23	1.6571	
1010	1	35.3	35.3	1.61	
1011	1	35.32	35.32	1.5776	
1012	1	35.31	35.31	1.4739	
1013	1	35.31	35.31	1.4739	
1014	1	35.34	35.34	1.5244	
1015	1	35.33	35.33	1.6011	
1016	1	35.39	35.39	1.5579	
1017	1	35.37	35.37	1.4931	
1018	1	35.42	35.42	1.4436	
1019	1	35.41	35.41	1.4419	
1020	1	35.39	35.39	1.4179	
1021	1	35.34	35.34	1.3244	
1022	1	35.28	35.28	1.2616	
1023	1	35.29	35.29	1.2459	
1024	1	35.32	35.32	1.5776	
1025	1	35.39	35.39	1.7179	
1026	1	35.27	35.27	1.1971	
1027	1	35.38	35.38	1.1956	
1028	1	35.35	35.35	1.3275	
1029	1	35.43	35.43	1.5051	
1030	1	35.4	35.4	1.42	
1031	1	35.48	35.48	1.4896	
1032	1	35.67	35.67	1.5011	
1033	1	35.68	35.68	1.4976	
1034	1	35.78	35.78	1.6716	
1035	1	35.86	35.86	1.6204	
1036	1	35.81	35.81	1.6139	
1037	1	35.8	35.8	1.44	
1038	1	35.87	35.87	1.3931	
1039	1	35.9	35.9	1.39	
1040	1	35.88	35.88	1.3656	
1041	1	35.88	35.88	1.4056	
1042	1	35.85	35.85	1.3075	
1043	1	35.9	35.9	1.31	
1044	1	35.94	35.94	1.2164	
1045	1	36.02	36.02	1.1996	
1046	1	35.95	35.95	1.0875	
1047	1	35.9	35.9	1.05	
1048	1	35.87	35.87	0.9931	
1049	1	35.83	35.83	0.8811	
1050	1	35.83	35.83	0.7411	
1051	1	35.85	35.85	0.6675	
1052	1	35.86	35.86	0.6204	
1053	1	35.83	35.83	0.4811	
1054	1	35.81	35.81	0.4739	
1055	1	35.82	35.82	0.5476	
1056	1	35.78	35.78	0.5516	
1057	1	35.87	35.87	0.5331	
1058	1	35.87	35.87	0.5931	
1059	1	35.89	35.89	0.5979	
1060	1	35.82	35.82	0.6876	
1061	1	35.73	35.73	0.7971	
1062	1	35.79	35.79	0.6859	
1063	1	35.77	35.77	0.6971	
1064	1	35.85	35.85	0.6275	
1065	1	35.87	35.87	0.5931	
1066	1	35.91	35.91	0.5819	
1067	1	35.88	35.88	0.7056	
1068	1	35.94	35.94	0.5964	
1069	1	36.07	36.07	0.4651	
1070	1	36.15	36.15	0.6275	
1071	1	36.13	36.13	0.6131	
1072	1	36.24	36.24	0.8224	
1073	1	36.28	36.28	0.9616	
1074	1	36.34	36.34	1.1244	
1075	1	36.26	36.26	1.1724	
1076	1	36.25	36.25	1.0675	
1077	1	36.27	36.27	1.0171	
1078	1	36.35	36.35	1.0075	
1079	1	36.33	36.33	0.9811	
1080	1	36.46	36.46	1.1684	
1081	1	36.54	36.54	1.0884	
1082	1	36.54	36.54	1.0884	
1083	1	36.61	36.61	1.3779	
1084	1	36.63	36.63	1.4731	
1085	1	36.58	36.58	1.3036	
1086	1	36.65	36.65	1.3275	
1087	1	36.61	36.61	1.0779	
1088	1	36.55	36.55	0.9475	
1089	1	36.73	36.73	1.4971	
1090	1	36.86	36.86	1.7404	
1091	1	37.01	37.01	1.8899	
1092	1	36.99	36.99	1.8899	
1093	1	36.95	36.95	1.8275	
1094	1	36.92	36.92	1.6136	
1095	1	36.89	36.89	1.5779	
1096	1	36.74	36.74	1.4924	
1097	1	36.78	36.78	1.5716	
1098	1	36.83	36.83	1.6211	
1099	1	36.97	36.97	1.9291	
1100	1	37.09	37.09	2.3419	
1101	1	37.09	37.09	2.3219	
1102	1	37.26	37.26	2.8724	
1103	1	37.34	37.34	2.8644	
1104	1	37.58	37.58	3.1036	
1105	1	37.68	37.68	3.5176	
1106	1	37.68	37.68	3.3576	
1107	1	37.64	37.64	3.3304	
1108	1	37.58	37.58	3.2636	
1109	1	37.67	37.67	3.1811	
1110	1	37.61	37.61	3.0379	
1111	1	37.65	37.65	2.9475	
1112	1	37.72	37.72	2.9816	
1113	1	37.71	37.71	3.0259	
1114	1	37.63	37.63	2.9931	
1115	1	37.68	37.68	2.8576	
1116	1	37.73	37.73	2.7571	
1117	1	37.62	37.62	2.3756	
1118	1	37.76	37.76	2.7624	
1119	1	37.69	37.69	2.4139	
1120	1	37.73	37.73	2.3571	
1121	1	37.97	37.97	2.2291	
1122	1	37.74	37.74	2.1324	
1123	1	37.83	37.83	2.2011	
1124	1	37.87	37.87	2.3331	
1125	1	37.99	37.99	2.3699	
1126	1	38.02	38.02	2.4196	
1127	1	38.17	38.17	2.9011	
1128	1	38.14	38.14	2.3404	
1129	1	38.09	38.09	2.0419	
1130	1	38.02	38.02	2.3796	
1131	1	38.22	38.22	2.5316	
1132	1	38.24	38.24	2.6224	
1133	1	38.24	38.24	2.5624	
1134	1	38.35	38.35	2.8075	
1135	1	38.49	38.49	2.8299	
1136	1	38.5	38.5	2.75	
1137	1	38.57	38.57	2.6451	
1138	1	38.49	38.49	2.5899	
1139	1	38.21	38.21	2.1259	
1140	1	38.24	38.24	2.1824	
1141	1	38.35	38.35	2.1875	
1142	1	38.34	38.34	2.1244	
1143	1	38.39	38.39	2.1979	
1144	1	38.26	38.26	2.1124	
1145	1	38.62	38.62	2.5756	
1146	1	38.56	38.56	2.7264	
1147	1	38.6	38.6	2.84	
1148	1	38.76	38.76	3.1224	
1149	1	38.93	38.93	3.5851	
1150	1	38.9	38.9	3.49	
1151	1	38.87	38.87	3.2931	
1152	1	38.85	38.85	3.0475	
1153	1	38.74	38.74	3.0524	
1154	1	38.75	38.75	3.2675	
1155	1	38.87	38.87	4.0931	
1156	1	39.01	39.01	4.2699	
1157	1	39.07	39.07	4.2651	
1158	1	39.08	39.08	4.5936	
1159	1	39.05	39.05	3.9475	
1160	1	39.02	39.02	3.8796	
1161	1	38.9	38.9	3.87	
1162	1	38.92	38.92	3.9536	
1163	1	39.04	39.04	4.0984	
1164	1	39.17	39.17	4.6611	
1165	1	39.17	39.17	4.6811	
1166	1	39.1	39.1	4.45	
1167	1	39.33	39.33	4.9011	
1168	1	39.4	39.4	4.84	
1169	1	39.44	39.44	4.7464	
1170	1	39.63	39.63	4.8531	
1171	1	39.74	39.74	4.8524	
1172	1	39.9	39.9	5.53	
1173	1	39.92	39.92	5.8136	
1174	1	40.01	40.01	6.4099	
1175	1	40	40	6.16	
1176	1	40	40	6.32	
1177	1	40.04	40.04	6.2184	
1178	1	40.1	40.1	6.09	
1179	1	40.31	40.31	6.2339	
1180	1	40.41	40.41	6.6619	
1181	1	40.39	40.39	7.1379	
1182	1	40.42	40.42	7.1836	
1183	1	40.5	40.5	7.21	
1184	1	40.45	40.45	6.6475	
1185	1	40.53	40.53	6.8491	
1186	1	40.49	40.49	6.7699	
1187	1	40.46	40.46	6.7884	
1188	1	40.36	40.36	6.6304	
1189	1	40.41	40.41	6.3619	
1190	1	40.5	40.5	6.25	
1191	1	40.47	40.47	6.5091	
1192	1	40.38	40.38	6.2156	
1193	1	40.29	40.29	5.6659	
1194	1	39.87	39.87	5.5531	
1195	1	39.76	39.76	5.1624	
1196	1	39.93	39.93	5.2451	
1197	1	40.21	40.21	5.4659	
1198	1	40.1	40.1	5.75	
1199	1	40.06	40.06	5.2564	
1200	1	40.13	40.13	5.3731	
1201	1	40.16	40.16	5.4344	
1202	1	40.15	40.15	5.2275	
1203	1	40.11	40.11	5.5379	
1204	1	40.2	40.2	5.72	
1205	1	40.26	40.26	5.7924	
1206	1	40.14	40.14	5.7404	
1207	1	40.26	40.26	6.1724	
1208	1	40.43	40.43	6.2251	
1209	1	40.42	40.42	6.3036	
1210	1	40.46	40.46	6.1284	
1211	1	40.61	40.61	6.3179	
1212	1	40.67	40.67	6.1011	
1213	1	40.76	40.76	6.0824	
1214	1	40.81	40.81	6.2939	
1215	1	40.93	40.93	6.4051	
1216	1	40.76	40.76	6.0824	
1217	1	40.92	40.92	6.3336	
1218	1	41.06	41.06	7.1564	
1219	1	41.29	41.29	7.4259	
1220	1	41.51	41.51	7.0099	
1221	1	41.48	41.48	6.5096	
1222	1	41.58	41.58	7.2636	
1223	1	41.6	41.6	7.14	
1224	1	41.88	41.88	7.0256	
1225	1	42.24	42.24	6.5824	
1226	1	42.12	42.12	6.5856	
1227	1	42.06	42.06	6.4164	
1228	1	42.18	42.18	7.2276	
1229	1	42.36	42.36	6.5904	
1230	1	42.38	42.38	5.9556	
1231	1	42.39	42.39	5.9379	
1232	1	42.28	42.28	5.6816	
1233	1	42.35	42.35	6.3875	
1234	1	42.57	42.57	5.9651	
1235	1	42.54	42.54	6.7484	
1236	1	42.55	42.55	6.8075	
1237	1	42.55	42.55	6.6675	
1238	1	42.58	42.58	6.5836	
1239	1	42.58	42.58	6.8436	
1240	1	42.76	42.76	6.5624	
1241	1	42.74	42.74	6.2724	
1242	1	42.87	42.87	6.4131	
1243	1	42.72	42.72	6.0616	
1244	1	42.68	42.68	6.0576	
1245	1	42.59	42.59	6.3219	
1246	1	42.63	42.63	6.0531	
1247	1	42.56	42.56	5.8664	
1248	1	42.62	42.62	5.5156	
1249	1	42.7	42.7	5.45	
1250	1	42.66	42.66	5.5644	
1251	1	42.64	42.64	5.5304	
1252	1	42.6	42.6	5.68	
1253	1	42.84	42.84	5.7144	
1254	1	42.83	42.83	5.5411	
1255	1	42.97	42.97	6.0691	
1256	1	43.04	43.04	6.0184	
1257	1	43.05	43.05	6.2475	
1258	1	43.19	43.19	6.3939	
1259	1	43.15	43.15	5.9675	
1260	1	43.12	43.12	5.8456	
1261	1	43.13	43.13	5.9531	
1262	1	43.09	43.09	6.0019	
1263	1	43.24	43.24	5.7224	
1264	1	43.29	43.29	6.0459	
1265	1	43.26	43.26	6.0524	
1266	1	43.23	43.23	6.1171	
1267	1	43.2	43.2	6.04	
1268	1	43.2	43.2	6.5	
1269	1	43.25	43.25	5.7875	
1270	1	43.26	43.26	5.5724	
1271	1	43.32	43.32	5.1976	
1272	1	43.4	43.4	4.96	
1273	1	43.51	43.51	4.9699	
1274	1	43.62	43.62	4.8956	
1275	1	43.59	43.59	5.2819	
1276	1	43.54	43.54	5.2484	
1277	1	43.58	43.58	5.0036	
1278	1	43.59	43.59	5.2619	
1279	1	43.77	43.77	5.8171	
1280	1	43.74	43.74	5.4924	
1281	1	43.86	43.86	5.1804	
1282	1	43.92	43.92	4.8336	
1283	1	44.03	44.03	4.8691	
1284	1	44.04	44.04	4.5184	
1285	1	43.96	43.96	4.3384	
1286	1	43.98	43.98	4.1996	
1287	1	44.02	44.02	4.2996	
1288	1	43.97	43.97	4.3891	
1289	1	44.03	44.03	4.6091	
1290	1	44.08	44.08	4.4536	
1291	1	44.07	44.07	4.4051	
1292	1	44.22	44.22	4.4716	
1293	1	44.26	44.26	4.9124	
1294	1	44.25	44.25	4.9075	
1295	1	44.33	44.33	4.9611	
1296	1	44.52	44.52	4.8096	
1297	1	44.53	44.53	4.9291	
1298	1	44.49	44.49	4.8299	
1299	1	44.61	44.61	5.1179	
1300	1	44.64	44.64	4.9504	
1301	1	44.62	44.62	4.7156	
1302	1	44.75	44.75	4.8875	
1303	1	44.89	44.89	4.7179	
1304	1	44.89	44.89	4.4379	
1305	1	44.97	44.97	4.3891	
1306	1	44.91	44.91	4.4619	
1307	1	44.84	44.84	4.7744	
1308	1	44.89	44.89	4.7379	
1309	1	44.87	44.87	4.3531	
1310	1	44.95	44.95	4.4275	
1311	1	44.83	44.83	4.5411	
1312	1	44.87	44.87	4.5931	
1313	1	44.85	44.85	4.5875	
1314	1	44.84	44.84	4.7344	
1315	1	44.87	44.87	4.7531	
1316	1	44.97	44.97	4.6491	
1317	1	44.97	44.97	4.6291	
1318	1	45.04	45.04	4.7984	
1319	1	45.07	45.07	4.7051	
1320	1	44.98	44.98	4.9196	
1321	1	45.05	45.05	4.5675	
1322	1	45.05	45.05	4.5475	
1323	1	45.07	45.07	4.4251	
1324	1	45.09	45.09	4.4619	
1325	1	45.12	45.12	4.6856	
1326	1	45.23	45.23	4.3971	
1327	1	45.25	45.25	4.5875	
1328	1	45.27	45.27	4.6971	
1329	1	45.23	45.23	4.9171	
1330	1	45.29	45.29	4.7059	
1331	1	45.25	45.25	4.7275	
1332	1	45.21	45.21	5.0459	
1333	1	45.25	45.25	4.9275	
1334	1	45.23	45.23	5.0171	
1335	1	45.23	45.23	4.9771	
1336	1	45.21	45.21	4.6859	
1337	1	45.24	45.24	4.6624	
1338	1	45.22	45.22	4.7516	
1339	1	45.23	45.23	4.6371	
1340	1	45.2	45.2	4.8	
1341	1	45.26	45.26	4.8924	
1342	1	45.27	45.27	4.9371	
1343	1	45.32	45.32	4.5776	
1344	1	45.34	45.34	4.6644	
1345	1	45.34	45.34	4.5244	
1346	1	45.45	45.45	4.1075	
1347	1	45.61	45.61	3.8979	
1348	1	45.73	45.73	3.6371	
1349	1	45.81	45.81	3.4139	
1350	1	45.89	45.89	3.4379	
1351	1	46.01	46.01	3.5099	
1352	1	46.03	46.03	3.7291	
1353	1	46.06	46.06	3.7764	
1354	1	46.1	46.1	3.87	
1355	1	45.97	45.97	3.9091	
1356	1	46.07	46.07	3.7451	
1357	1	46.08	46.08	3.8736	
1358	1	46.05	46.05	3.9875	
1359	1	46.04	46.04	4.0384	
1360	1	46.04	46.04	4.1784	
1361	1	45.99	45.99	4.0299	
1362	1	46.03	46.03	4.1291	
1363	1	46.04	46.04	4.3184	
1364	1	46.22	46.22	4.2716	
1365	1	46.2	46.2	4.2	
1366	1	46.19	46.19	4.0739	
1367	1	46.31	46.31	3.9939	
1368	1	46.39	46.39	3.4579	
1369	1	46.42	46.42	3.4036	
1370	1	46.47	46.47	3.2691	
1371	1	46.42	46.42	3.3836	
1372	1	46.59	46.59	3.0619	
1373	1	46.71	46.71	2.7659	
1374	1	46.73	46.73	2.5171	
1375	1	46.74	46.74	2.5924	
1376	1	46.78	46.78	2.6916	
1377	1	46.84	46.84	2.4744	
1378	1	46.79	46.79	2.4459	
1379	1	46.91	46.91	2.1019	
1380	1	46.85	46.85	2.2875	
1381	1	47.02	47.02	1.9796	
1382	1	47.03	47.03	2.0291	
1383	1	47.04	47.04	1.8984	
1384	1	47.12	47.12	1.8856	
1385	1	47.2	47.2	1.92	
1386	1	47.37	47.37	1.5531	
1387	1	47.35	47.35	1.5675	
1388	1	47.35	47.35	1.5275	
1389	1	47.34	47.34	1.3444	
1390	1	47.33	47.33	1.5411	
1391	1	47.34	47.34	1.7644	
1392	1	47.48	47.48	1.3696	
1393	1	47.6	47.6	1.12	
1394	1	47.69	47.69	0.9139	
1395	1	47.79	47.79	0.5059	
1396	1	47.84	47.84	0.2744	
1397	1	47.83	47.83	0.2611	
1398	1	47.84	47.84	0.2744	
1399	1	47.88	47.88	0.3056	
1400	1	47.89	47.89	0.3379	
1401	1	47.89	47.89	0.2779	
1402	1	47.96	47.96	0.2984	
1403	1	47.95	47.95	0.2875	
1404	1	48	48	0.26	
1405	1	48	48	0.24	
1406	1	47.98	47.98	0.2396	
1407	1	47.97	47.97	0.2291	
1408	1	47.99	47.99	0.2299	
1409	1	47.98	47.98	0.2396	
1410	1	48.01	48.01	0.2299	
1411	1	48.09	48.09	0.2219	
1412	1	48.03	48.03	0.1691	
1413	1	47.99	47.99	0.1699	
1414	1	48.09	48.09	0.2019	
1415	1	48.2	48.2	0.2	
1416	1	48.2	48.2	0.2	
1417	1	48.26	48.26	0.1924	
1418	1	48.24	48.24	0.1824	
1419	1	48.22	48.22	0.1716	
1420	1	48.23	48.23	0.1771	
1421	1	48.23	48.23	0.1771	
1422	1	48.3	48.3	0.25	
1423	1	48.34	48.34	0.2644	
1424	1	48.4	48.4	0.28	
1425	1	48.36	48.36	0.2304	
1426	1	48.33	48.33	0.2211	
1427	1	48.41	48.41	0.2819	
1428	1	48.42	48.42	0.2836	
1429	1	48.42	48.42	0.3436	
1430	1	48.4	48.4	0.28	
1431	1	48.5	48.5	0.31	
1432	1	48.45	48.45	0.2875	
1433	1	48.52	48.52	0.2496	
1434	1	48.63	48.63	0.2731	
1435	1	48.72	48.72	0.2416	
1436	1	48.75	48.75	0.2075	
1437	1	48.75	48.75	0.2275	
1438	1	48.77	48.77	0.1771	
1439	1	48.79	48.79	0.2259	
1440	1	48.78	48.78	0.1716	
1441	1	48.79	48.79	0.1659	
1442	1	48.77	48.77	0.1771	
1443	1	48.85	48.85	0.1475	
1444	1	48.9	48.9	0.17	
1445	1	48.93	48.93	0.1651	
1446	1	48.9	48.9	0.15	
1447	1	48.9	48.9	0.15	
1448	1	48.94	48.94	0.2164	
1449	1	48.94	48.94	0.2564	
1450	1	48.95	48.95	0.3075	
1451	1	48.99	48.99	0.2699	
1452	1	49.09	49.09	0.2419	
1453	1	49.11	49.11	0.1979	
1454	1	49.16	49.16	0.1944	
1455	1	49.17	49.17	0.2611	
1456	1	49.19	49.19	0.2939	
1457	1	49.15	49.15	0.2875	
1458	1	49.14	49.14	0.3004	
1459	1	49.17	49.17	0.3611	
1460	1	49.15	49.15	0.3875	
1461	1	49.14	49.14	0.3404	
1462	1	49.15	49.15	0.3475	
1463	1	49.16	49.16	0.2744	
1464	1	49.12	49.12	0.2656	
1465	1	49.21	49.21	0.3459	
1466	1	49.24	49.24	0.3624	
1467	1	49.24	49.24	0.3824	
1468	1	49.27	49.27	0.4371	
1469	1	49.26	49.26	0.4124	
1470	1	49.24	49.24	0.4424	
1471	1	49.36	49.36	0.4704	
1472	1	49.4	49.4	0.52	
1473	1	49.37	49.37	0.5731	
1474	1	49.39	49.39	0.5179	
1475	1	49.46	49.46	0.5084	
1476	1	49.47	49.47	0.5691	
1477	1	49.49	49.49	0.6299	
1478	1	49.47	49.47	0.7291	
1479	1	49.51	49.51	0.7699	
1480	1	49.56	49.56	0.7664	
1481	1	49.69	49.69	0.7939	
1482	1	49.58	49.58	0.8636	
1483	1	49.62	49.62	0.7356	
1484	1	49.56	49.56	1.0264	
1485	1	49.79	49.79	1.0459	
1486	1	49.74	49.74	0.9324	
1487	1	49.8	49.8	0.9	
1488	1	49.75	49.75	1.0275	
1489	1	49.78	49.78	1.0316	
1490	1	49.84	49.84	1.0944	
1491	1	49.82	49.82	1.0876	
1492	1	49.87	49.87	1.2331	
1493	1	49.84	49.84	1.2144	
1494	1	49.87	49.87	1.2331	
1495	1	49.91	49.91	1.2219	
1496	1	49.89	49.89	1.1779	
1497	1	49.93	49.93	1.1651	
1498	1	49.99	49.99	1.1099	
1499	1	49.97	49.97	1.1091	
1500	1	49.94	49.94	0.9764	
1501	1	49.98	49.98	0.9996	
1502	1	49.97	49.97	1.0491	
1503	1	50	50	1.14	
1504	1	49.99	49.99	1.2099	
1505	1	50.06	50.06	1.1564	
1506	1	50.11	50.11	1.2179	
1507	1	50.15	50.15	1.2075	
1508	1	50.28	50.28	1.0816	
1509	1	50.23	50.23	1.1171	
1510	1	50.22	50.22	1.1316	
1511	1	50.21	50.21	1.3059	
1512	1	50.25	50.25	1.3275	
1513	1	50.31	50.31	1.5139	
1514	1	50.39	50.39	1.5179	
1515	1	50.39	50.39	1.4779	
1516	1	50.27	50.27	1.4571	
1517	1	50.21	50.21	1.3459	
1518	1	50.35	50.35	1.7675	
1519	1	50.28	50.28	1.5016	
1520	1	50.33	50.33	1.6411	
1521	1	50.48	50.48	2.0096	
1522	1	50.41	50.41	1.8219	
1523	1	50.4	50.4	1.98	
1524	1	50.6	50.6	2.3	
1525	1	50.57	50.57	2.2451	
1526	1	50.51	50.51	2.1699	
1527	1	50.66	50.66	2.5844	
1528	1	50.66	50.66	2.6644	
1529	1	50.67	50.67	2.8211	
1530	1	50.62	50.62	2.6556	
1531	1	50.66	50.66	2.8044	
1532	1	50.57	50.57	2.4051	
1533	1	50.59	50.59	2.3219	
1534	1	50.63	50.63	2.4931	
1535	1	50.73	50.73	2.7971	
1536	1	50.83	50.83	3.0611	
1537	1	50.89	50.89	3.0579	
1538	1	50.95	50.95	3.1875	
1539	1	50.95	50.95	3.2275	
1540	1	50.94	50.94	3.2364	
1541	1	50.98	50.98	3.1796	
1542	1	50.96	50.96	3.1584	
1543	1	50.99	50.99	3.1899	
1544	1	51.04	51.04	3.2184	
1545	1	51.05	51.05	3.1875	
1546	1	51.06	51.06	3.1564	
1547	1	51.07	51.07	3.1851	
1548	1	51.04	51.04	3.0984	
1549	1	51.03	51.03	3.1291	
1550	1	50.97	50.97	3.0691	
1551	1	50.96	50.96	3.1584	
1552	1	50.99	50.99	3.1299	
1553	1	51.02	51.02	3.0596	
1554	1	51.13	51.13	3.3531	
1555	1	51.23	51.23	3.5571	
1556	1	51.25	51.25	3.4875	
1557	1	51.18	51.18	3.4076	
1558	1	51.4	51.4	3.88	
1559	1	51.43	51.43	3.9251	
1560	1	51.38	51.38	3.6356	
1561	1	51.44	51.44	3.8064	
1562	1	51.51	51.51	3.9499	
1563	1	51.51	51.51	3.7099	
1564	1	51.49	51.49	3.5899	
1565	1	51.37	51.37	3.5731	
1566	1	51.48	51.48	4.1096	
1567	1	51.56	51.56	4.1064	
1568	1	51.46	51.46	4.1084	
1569	1	51.43	51.43	4.4451	
1570	1	51.5	51.5	4.41	
1571	1	51.52	51.52	4.8696	
1572	1	51.57	51.57	5.0451	
1573	1	51.59	51.59	5.3219	
1574	1	51.84	51.84	5.8144	
1575	1	51.81	51.81	5.9339	
1576	1	51.59	51.59	5.5019	
1577	1	51.79	51.79	6.0459	
1578	1	51.78	51.78	6.1716	
1579	1	51.8	51.8	5.76	
1580	1	51.88	51.88	5.7256	
1581	1	51.95	51.95	5.9475	
1582	1	52.02	52.02	6.4796	
1583	1	52.02	52.02	6.5996	
1584	1	52.01	52.01	6.2899	
1585	1	52.12	52.12	6.6256	
1586	1	52.04	52.04	6.3184	
1587	1	52.21	52.21	7.2459	
1588	1	52.4	52.4	8.1	
1589	1	52.63	52.63	8.8331	
1590	1	52.27	52.27	8.5571	
1591	1	52.45	52.45	8.3875	
1592	1	52.58	52.58	9.0436	
1593	1	52.67	52.67	9.6011	
1594	1	52.83	52.83	9.6811	
1595	1	52.86	52.86	9.5404	
1596	1	53.01	53.01	9.8099	
1597	1	52.98	52.98	10.0596	
1598	1	53.23	53.23	11.9771	
1599	1	53.42	53.42	13.1836	
1600	1	53.36	53.36	13.1504	
1601	1	53.38	53.38	12.7556	
1602	1	53.39	53.39	12.6379	
1603	1	53.4	53.4	12.08	
1604	1	53.43	53.43	12.0251	
1605	1	53.38	53.38	11.7756	
1606	1	53.43	53.43	11.8251	
1607	1	53.42	53.42	11.6236	
1608	1	53.5	53.5	11.41	
1609	1	53.53	53.53	11.5291	
1610	1	53.5	53.5	11.43	
1611	1	53.52	53.52	11.2296	
1612	1	53.68	53.68	11.3976	
1613	1	54.12	54.12	11.2056	
1614	1	54.28	54.28	11.5216	
1615	1	54.67	54.67	11.4411	
1616	1	54.75	54.75	12.0875	
1617	1	54.63	54.63	11.0731	
1618	1	54.67	54.67	11.3811	
1619	1	54.71	54.71	11.6659	
1620	1	54.85	54.85	11.1075	
1621	1	55	55	11	
1622	1	55.13	55.13	11.4131	
1623	1	55.12	55.12	11.1856	
1624	1	55.13	55.13	10.8931	
1625	1	55.29	55.29	10.4859	
1626	1	55.53	55.53	10.4091	
1627	1	55.71	55.71	10.3059	
1628	1	55.73	55.73	10.9371	
1629	1	55.72	55.72	10.4816	
1630	1	55.83	55.83	10.7811	
1631	1	55.8	55.8	11.14	
1632	1	55.87	55.87	11.3331	
1633	1	55.91	55.91	11.4219	
1634	1	56.02	56.02	11.1396	
1635	1	56.18	56.18	10.0876	
1636	1	56.29	56.29	9.4059	
1637	1	56.32	56.32	9.0176	
1638	1	56.65	56.65	8.3675	
1639	1	56.68	56.68	8.0376	
1640	1	56.62	56.62	8.3756	
1641	1	56.53	56.53	8.4691	
1642	1	56.59	56.59	8.2619	
1643	1	56.56	56.56	8.4664	
1644	1	56.5	56.5	8.41	
1645	1	56.7	56.7	8.69	
1646	1	56.62	56.62	9.4756	
1647	1	56.6	56.6	10.3	
1648	1	56.61	56.61	9.4379	
1649	1	56.76	56.76	9.1824	
1650	1	56.82	56.82	9.3476	
1651	1	56.91	56.91	9.5019	
1652	1	57.11	57.11	8.3779	
1653	1	57.29	57.29	9.4859	
1654	1	57.26	57.26	10.3524	
1655	1	57.42	57.42	9.7636	
1656	1	57.64	57.64	8.6904	
1657	1	57.79	57.79	7.6459	
1658	1	58.05	58.05	7.7275	
1659	1	58.22	58.22	6.3316	
1660	1	58.35	58.35	6.0675	
1661	1	58.45	58.45	5.8475	
1662	1	58.46	58.46	5.9684	
1663	1	58.58	58.58	4.9836	
1664	1	58.59	58.59	5.2419	
1665	1	58.7	58.7	4.79	
1666	1	58.63	58.63	5.0131	
1667	1	58.68	58.68	4.8576	
1668	1	58.71	58.71	4.7259	
1669	1	58.76	58.76	4.4624	
1670	1	58.76	58.76	4.5224	
1671	1	58.75	58.75	4.5275	
1672	1	58.78	58.78	4.1916	
1673	1	58.83	58.83	3.8811	
1674	1	58.81	58.81	3.3539	
1675	1	58.82	58.82	3.2476	
1676	1	58.87	58.87	3.1531	
1677	1	58.94	58.94	2.7764	
1678	1	58.97	58.97	2.7091	
1679	1	58.98	58.98	2.5196	
1680	1	58.97	58.97	2.7891	
1681	1	59.02	59.02	2.8396	
1682	1	59.07	59.07	3.3451	
1683	1	59.09	59.09	3.2219	
1684	1	59.11	59.11	3.2779	
1685	1	59.09	59.09	3.1419	
1686	1	59.01	59.01	3.3099	
1687	1	59.09	59.09	3.2019	
1688	1	59.13	59.13	3.4931	
1689	1	59.08	59.08	3.4336	
1690	1	59.16	59.16	3.4544	
1691	1	59.2	59.2	3.4	
1692	1	59.25	59.25	3.4075	
1693	1	59.35	59.35	3.3275	
1694	1	59.36	59.36	3.2904	
1695	1	59.37	59.37	3.3931	
1696	1	59.31	59.31	3.2739	
1697	1	59.33	59.33	3.2611	
1698	1	59.43	59.43	3.3251	
1699	1	59.45	59.45	3.4075	
1700	1	59.47	59.47	3.4091	
1701	1	59.42	59.42	3.4636	
1702	1	59.41	59.41	3.6019	
1703	1	59.41	59.41	3.6419	
1704	1	59.46	59.46	3.5484	
1705	1	59.51	59.51	3.6499	
1706	1	59.54	59.54	3.6884	
1707	1	59.55	59.55	4.2075	
1708	1	59.6	59.6	4.06	
1709	1	59.7	59.7	3.93	
1710	1	59.64	59.64	3.8904	
1711	1	59.7	59.7	4.07	
1712	1	59.81	59.81	4.1139	
1713	1	59.94	59.94	4.0564	
1714	1	60.01	60.01	4.0499	
1715	1	59.97	59.97	4.2091	
1716	1	60.09	60.09	4.3219	
1717	1	59.99	59.99	3.7299	
1718	1	60.06	60.06	3.9764	
1719	1	60.2	60.2	3.72	
1720	1	60.29	60.29	3.7459	
1721	1	60.29	60.29	3.5859	
1722	1	60.28	60.28	3.6616	
1723	1	60.26	60.26	3.7924	
1724	1	60.16	60.16	3.5344	
1725	1	60.21	60.21	3.5859	
1726	1	60.27	60.27	3.7171	
1727	1	60.35	60.35	3.7875	
1728	1	60.43	60.43	3.7251	
1729	1	60.41	60.41	3.9819	
1730	1	60.42	60.42	4.0036	
1731	1	60.4	60.4	4.16	
1732	1	60.41	60.41	3.9619	
1733	1	60.44	60.44	4.1264	
1734	1	60.55	60.55	4.0475	
1735	1	60.55	60.55	4.2875	
1736	1	60.53	60.53	4.1491	
1737	1	60.61	60.61	4.1779	
1738	1	60.61	60.61	4.1779	
1739	1	60.58	60.58	3.8836	
1740	1	60.59	60.59	3.8419	
1741	1	60.57	60.57	3.9051	
1742	1	60.6	60.6	4.04	
1743	1	60.61	60.61	4.2979	
1744	1	60.65	60.65	4.3475	
1745	1	60.68	60.68	4.3376	
1746	1	60.7	60.7	4.29	
1747	1	60.7	60.7	4.25	
1748	1	60.73	60.73	4.2171	
1749	1	60.8	60.8	4.5	
1750	1	60.85	60.85	4.6275	
1751	1	60.87	60.87	4.4931	
1752	1	60.93	60.93	4.1051	
1753	1	60.91	60.91	3.7819	
1754	1	60.84	60.84	3.5544	
1755	1	60.86	60.86	3.6204	
1756	1	60.9	60.9	3.45	
1757	1	61	61	3.46	
1758	1	60.94	60.94	3.5164	
1759	1	60.92	60.92	3.4536	
1760	1	60.97	60.97	3.5491	
1761	1	61.1	61.1	3.45	
1762	1	61.07	61.07	3.5851	
1763	1	61.22	61.22	4.1516	
1764	1	61.25	61.25	4.7275	
1765	1	61.18	61.18	4.9876	
1766	1	61.3	61.3	5.45	
1767	1	61.31	61.31	5.4539	
1768	1	61.4	61.4	5.54	
1769	1	61.41	61.41	5.4619	
1770	1	61.5	61.5	4.97	
1771	1	61.56	61.56	5.2064	
1772	1	61.51	61.51	5.4099	
1773	1	61.51	61.51	5.2299	
1774	1	61.51	61.51	5.1899	
1775	1	61.6	61.6	4.78	
1776	1	61.64	61.64	4.4104	
1777	1	61.67	61.67	4.8411	
1778	1	61.68	61.68	4.5776	
1779	1	61.64	61.64	4.6504	
1780	1	61.74	61.74	4.5724	
1781	1	61.66	61.66	4.6244	
1782	1	61.69	61.69	4.4139	
1783	1	61.72	61.72	4.1416	
1784	1	61.57	61.57	4.3451	
1785	1	61.7	61.7	4.43	
1786	1	61.66	61.66	4.6044	
1787	1	61.59	61.59	4.6619	
1788	1	61.72	61.72	5.0416	
1789	1	62.01	62.01	4.4699	
1790	1	62.1	62.1	4.23	
1791	1	62.1	62.1	4.39	
1792	1	62.25	62.25	2.9475	
1793	1	62.21	62.21	3.2459	
1794	1	62.24	62.24	3.3824	
1795	1	62.18	62.18	3.8476	
1796	1	62.28	62.28	2.9816	
1797	1	62.27	62.27	3.0171	
1798	1	62.24	62.24	3.4624	
1799	1	62.32	62.32	3.7376	
1800	1	62.43	62.43	4.0051	
1801	1	62.32	62.32	4.2576	
1802	1	62.28	62.28	4.4616	
1803	1	62.24	62.24	4.4624	
1804	1	62.19	62.19	4.4539	
1805	1	62.27	62.27	4.7371	
1806	1	62.29	62.29	4.5259	
1807	1	62.33	62.33	4.0211	
1808	1	62.41	62.41	3.6019	
1809	1	62.49	62.49	3.0099	
1810	1	62.43	62.43	3.7051	
1811	1	62.5	62.5	3.41	
1812	1	62.56	62.56	3.5264	
1813	1	62.84	62.84	3.1544	
1814	1	62.88	62.88	3.0456	
1815	1	63.03	63.03	2.9091	
1816	1	63.23	63.23	3.2371	
1817	1	63.32	63.32	3.3376	
1818	1	63.4	63.4	3.4	
1819	1	63.44	63.44	3.4664	
1820	1	63.6	63.6	3.74	
1821	1	63.67	63.67	3.7011	
1822	1	63.72	63.72	3.5016	
1823	1	63.8	63.8	3.66	
1824	1	63.75	63.75	3.7875	
1825	1	63.76	63.76	3.9024	
1826	1	63.84	63.84	3.9944	
1827	1	63.92	63.92	4.5336	
1828	1	63.94	63.94	4.4764	
1829	1	63.93	63.93	4.6651	
1830	1	63.98	63.98	4.8796	
1831	1	64.05	64.05	5.0075	
1832	1	64.11	64.11	5.1179	
1833	1	64.07	64.07	5.1251	
1834	1	63.98	63.98	5.1996	
1835	1	63.92	63.92	4.9736	
1836	1	63.97	63.97	4.7491	
1837	1	64.25	64.25	5.1075	
1838	1	64.25	64.25	4.8275	
1839	1	64.44	64.44	4.6664	
1840	1	64.51	64.51	4.6099	
1841	1	64.56	64.56	4.6264	
1842	1	64.57	64.57	4.6651	
1843	1	64.63	64.63	4.7131	
1844	1	64.67	64.67	4.8011	
1845	1	64.68	64.68	4.7776	
1846	1	64.7	64.7	4.83	
1847	1	64.64	64.64	4.7104	
1848	1	64.61	64.61	4.6379	
1849	1	64.41	64.41	4.3219	
1850	1	64.2	64.2	3.78	
1851	1	64.02	64.02	4.0996	
1852	1	64.07	64.07	4.2251	
1853	1	64.6	64.6	5.48	
1854	1	64.69	64.69	5.4939	
1855	1	64.74	64.74	5.5724	
1856	1	64.81	64.81	5.7939	
1857	1	64.92	64.92	6.0736	
1858	1	64.88	64.88	6.5056	
1859	1	64.91	64.91	6.8019	
1860	1	64.89	64.89	6.9979	
1861	1	65.02	65.02	6.4796	
1862	1	65.02	65.02	6.5596	
1863	1	65.14	65.14	7.2604	
1864	1	65.33	65.33	6.8611	
1865	1	65.44	65.44	5.8864	
1866	1	65.56	65.56	5.9064	
1867	1	65.44	65.44	6.0864	
1868	1	65.36	65.36	6.8704	
1869	1	65.36	65.36	7.0104	
1870	1	65.56	65.56	7.7464	
1871	1	65.59	65.59	7.4619	
1872	1	65.58	65.58	8.0436	
1873	1	65.5	65.5	7.37	
1874	1	65.61	65.61	7.4779	
1875	1	65.55	65.55	7.3275	
1876	1	65.59	65.59	6.9819	
1877	1	65.56	65.56	7.1064	
1878	1	65.68	65.68	7.0176	
1879	1	65.77	65.77	6.3571	
1880	1	65.67	65.67	6.5811	
1881	1	65.8	65.8	6.44	
1882	1	65.89	65.89	6.0579	
1883	1	65.99	65.99	5.2899	
1884	1	66.08	66.08	4.9536	
1885	1	66.19	66.19	4.7339	
1886	1	66.16	66.16	4.6944	
1887	1	66.42	66.42	4.0436	
1888	1	66.38	66.38	3.9956	
1889	1	66.45	66.45	3.7675	
1890	1	66.41	66.41	3.6419	
1891	1	66.45	66.45	3.6675	
1892	1	66.45	66.45	3.6875	
1893	1	66.56	66.56	3.7264	
1894	1	66.52	66.52	4.0096	
1895	1	66.65	66.65	4.4875	
1896	1	66.59	66.59	4.2419	
1897	1	66.61	66.61	4.1379	
1898	1	66.67	66.67	3.9411	
1899	1	66.53	66.53	3.9891	
1900	1	66.68	66.68	3.5576	
1901	1	66.76	66.76	3.2824	
1902	1	66.86	66.86	3.4404	
1903	1	66.79	66.79	3.5859	
1904	1	67.01	67.01	4.0099	
1905	1	66.99	66.99	3.9499	
1906	1	67.04	67.04	3.3784	
1907	1	66.97	66.97	3.4291	
1908	1	67.04	67.04	3.5184	
1909	1	67.17	67.17	3.4011	
1910	1	67.08	67.08	3.4536	
1911	1	67.18	67.18	3.3676	
1912	1	67.24	67.24	3.3824	
1913	1	67.25	67.25	3.6075	
1914	1	67.28	67.28	3.5016	
1915	1	67.29	67.29	3.7259	
1916	1	67.43	67.43	3.6851	
1917	1	67.38	67.38	3.9156	
1918	1	67.48	67.48	3.9096	
1919	1	67.6	67.6	3.56	
1920	1	67.65	67.65	3.3475	
1921	1	67.56	67.56	3.5064	
1922	1	67.49	67.49	3.2099	
1923	1	67.5	67.5	3.17	
1924	1	67.74	67.74	2.6924	
1925	1	67.8	67.8	2.78	
1926	1	67.89	67.89	2.9979	
1927	1	68	68	2.8	
1928	1	68.03	68.03	2.7091	
1929	1	68.04	68.04	2.9384	
1930	1	68.13	68.13	2.6731	
1931	1	68.26	68.26	2.1924	
1932	1	68.3	68.3	2.17	
1933	1	68.24	68.24	2.1624	
1934	1	68.32	68.32	2.0576	
1935	1	68.37	68.37	2.0531	
1936	1	68.35	68.35	2.1675	
1937	1	68.4	68.4	2.14	
1938	1	68.41	68.41	2.2019	
1939	1	68.43	68.43	2.1251	
1940	1	68.39	68.39	2.1779	
1941	1	68.49	68.49	2.7299	
1942	1	68.52	68.52	2.7296	
1943	1	68.56	68.56	2.4664	
1944	1	68.64	68.64	3.0704	
1945	1	68.67	68.67	2.8811	
1946	1	68.59	68.59	2.8419	
1947	1	68.6	68.6	3.12	
1948	1	68.58	68.58	3.1036	
1949	1	68.69	68.69	3.3339	
1950	1	68.67	68.67	3.4611	
1951	1	68.71	68.71	3.3259	
1952	1	68.69	68.69	3.3139	
1953	1	68.64	68.64	3.3704	
1954	1	68.63	68.63	3.2731	
1955	1	68.71	68.71	3.8259	
1956	1	68.63	68.63	3.4331	
1957	1	68.6	68.6	3.46	
1958	1	68.59	68.59	3.2819	
1959	1	68.59	68.59	3.0819	
1960	1	68.57	68.57	2.7851	
1961	1	68.47	68.47	2.9491	
1962	1	68.42	68.42	2.4236	
1963	1	68.41	68.41	2.3419	
1964	1	68.45	68.45	2.2075	
1965	1	68.35	68.35	2.4675	
1966	1	68.37	68.37	2.6131	
1967	1	68.5	68.5	2.59	
1968	1	68.49	68.49	2.4699	
1969	1	68.52	68.52	2.7496	
1970	1	68.58	68.58	2.8636	
1971	1	68.62	68.62	3.1756	
1972	1	68.59	68.59	3.0019	
1973	1	68.55	68.55	3.2275	
1974	1	68.58	68.58	3.4036	
1975	1	68.61	68.61	3.4179	
1976	1	68.59	68.59	3.5619	
1977	1	68.53	68.53	3.5691	
1978	1	68.53	68.53	3.5891	
1979	1	68.51	68.51	3.7299	
1980	1	68.6	68.6	3.82	
1981	1	68.51	68.51	3.9699	
1982	1	68.57	68.57	3.9451	
1983	1	68.65	68.65	3.9275	
1984	1	68.66	68.66	4.0244	
1985	1	68.65	68.65	4.0475	
1986	1	68.61	68.61	3.9179	
1987	1	68.63	68.63	3.9931	
1988	1	68.71	68.71	4.2059	
1989	1	68.76	68.76	4.3424	
1990	1	68.81	68.81	4.3539	
1991	1	68.8	68.8	4.24	
1992	1	68.8	68.8	3.96	
1993	1	68.85	68.85	4.2875	
1994	1	68.78	68.78	4.4516	
1995	1	68.81	68.81	4.1739	
1996	1	68.77	68.77	3.7171	
1997	1	68.91	68.91	4.1419	
1998	1	68.97	68.97	4.3091	
1999	1	69.17	69.17	4.8811	
2000	1	69.28	69.28	5.3816	
