# mu = 0.01, s = 1, trials requested = 1, runtime = 0:00:08
# "Time"	"Actual trials"	"Mean mutation"	"Average mean mutation"	"Average mutation variance"
0	1	0	0	0	
1	1	0	0	0	
2	1	0.01	0.01	0.0099	
3	1	0.01	0.01	0.0099	
4	1	0.01	0.01	0.0099	
5	1	0.01	0.01	0.0099	
6	1	0.01	0.01	0.0099	
7	1	0.01	0.01	0.0099	
8	1	0.08	0.08	0.0936	
9	1	0.1	0.1	0.15	
10	1	0.26	0.26	0.3924	
11	1	0.5	0.5	0.79	
12	1	0.78	0.78	1.0916	
13	1	0.89	0.89	1.2779	
14	1	1.06	1.06	1.6564	
15	1	1.41	1.41	2.7219	
16	1	1.51	1.51	2.8699	
17	1	1.6	1.6	3.2	
18	1	1.73	1.73	3.6371	
19	1	1.94	1.94	4.4964	
20	1	2.05	2.05	4.8675	
21	1	2.16	2.16	5.7944	
22	1	2.3	2.3	6.97	
23	1	2.39	2.39	7.4979	
24	1	2.81	2.81	11.2139	
25	1	2.98	2.98	12.7596	
26	1	3.21	3.21	14.5259	
27	1	3.37	3.37	16.4131	
28	1	3.48	3.48	17.4296	
29	1	3.63	3.63	18.7331	
30	1	3.77	3.77	19.6771	
31	1	3.9	3.9	21.21	
32	1	4.18	4.18	22.7676	
33	1	4.61	4.61	25.1179	
34	1	5.78	5.78	28.1716	
35	1	6.48	6.48	29.1496	
36	1	6.92	6.92	28.8936	
37	1	7.03	7.03	28.5491	
38	1	7.04	7.04	28.5784	
39	1	7.2	7.2	28.66	
40	1	7.37	7.37	29.0131	
41	1	7.49	7.49	29.9899	
42	1	7.58	7.58	30.6836	
43	1	7.64	7.64	31.1504	
44	1	7.66	7.66	31.2844	
45	1	7.78	7.78	31.1516	
46	1	8.15	8.15	31.5675	
47	1	8.58	8.58	30.5036	
48	1	8.82	8.82	29.1676	
49	1	9.31	9.31	27.9539	
50	1	10	10	26.04	
51	1	10.09	10.09	26.6819	
52	1	10.06	10.06	26.4564	
53	1	10.17	10.17	27.3211	
54	1	10.64	10.64	25.1304	
55	1	10.93	10.93	27.7251	
56	1	11.02	11.02	28.4196	
57	1	11.18	11.18	27.3676	
58	1	11.18	11.18	27.3676	
59	1	11.31	11.31	26.1539	
60	1	11.41	11.41	27.2819	
61	1	11.43	11.43	27.4851	
62	1	11.66	11.66	29.9444	
63	1	11.93	11.93	33.0851	
64	1	12.12	12.12	35.0256	
65	1	12.21	12.21	36.1659	
66	1	12.43	12.43	39.4451	
67	1	12.78	12.78	44.6916	
68	1	12.91	12.91	45.9819	
69	1	13.06	13.06	48.5364	
70	1	13.67	13.67	56.5811	
71	1	14.07	14.07	63.1651	
72	1	14.23	14.23	64.9771	
73	1	14.4	14.4	65.92	
74	1	14.51	14.51	66.8099	
75	1	14.59	14.59	67.2019	
76	1	14.69	14.69	69.1739	
77	1	14.79	14.79	69.8659	
78	1	15.01	15.01	72.8299	
79	1	15.25	15.25	77.7275	
80	1	15.34	15.34	79.5644	
81	1	15.34	15.34	79.5644	
82	1	15.36	15.36	80.0104	
83	1	15.51	15.51	81.8899	
84	1	16	16	85.4	
85	1	16.38	16.38	87.1356	
86	1	16.7	16.7	89.11	
87	1	16.84	16.84	89.7344	
88	1	16.98	16.98	90.3196	
89	1	17.12	17.12	90.8656	
90	1	17.12	17.12	90.8656	
91	1	17.57	17.57	91.9051	
92	1	17.72	17.72	92.1616	
93	1	17.82	17.82	93.9076	
94	1	18.52	18.52	94.0496	
95	1	18.69	18.69	96.9939	
96	1	18.86	18.86	100	
97	1	18.94	18.94	101.536	
98	1	19.15	19.15	105.088	
99	1	19.25	19.25	106.527	
100	1	19.29	19.29	107.346	
101	1	19.47	19.47	110.989	
102	1	19.6	19.6	113.7	
103	1	19.96	19.96	121.738	
104	1	20.35	20.35	131.007	
105	1	20.63	20.63	138.153	
106	1	21.07	21.07	146.485	
107	1	21.13	21.13	147.413	
108	1	21.41	21.41	154.242	
109	1	22.01	22.01	165.09	
110	1	22.19	22.19	169.934	
111	1	22.54	22.54	180.048	
112	1	22.75	22.75	186.067	
113	1	22.87	22.87	189.293	
114	1	23.11	23.11	195.838	
115	1	23.29	23.29	201.346	
116	1	23.45	23.45	203.608	
117	1	23.53	23.53	205.749	
118	1	23.74	23.74	210.672	
119	1	24.15	24.15	219.788	
120	1	24.4	24.4	227.7	
121	1	24.5	24.5	230.85	
122	1	24.54	24.54	232.168	
123	1	24.87	24.87	237.113	
124	1	25.03	25.03	238.669	
125	1	25.31	25.31	242.834	
126	1	25.31	25.31	242.814	
127	1	25.46	25.46	245.308	
128	1	25.61	25.61	246.398	
129	1	25.62	25.62	246.676	
130	1	26	26	254.86	
131	1	26.15	26.15	259.088	
132	1	26.24	26.24	261.782	
133	1	26.31	26.31	263.834	
134	1	27.24	27.24	257.242	
135	1	27.74	27.74	272.572	
136	1	27.96	27.96	279.498	
137	1	28.05	28.05	282.408	
138	1	28.05	28.05	282.408	
139	1	28.17	28.17	286.101	
140	1	28.25	28.25	288.747	
141	1	28.88	28.88	289.806	
142	1	29.22	29.22	300.392	
143	1	30.05	30.05	302.148	
144	1	30.45	30.45	310.528	
145	1	31.1	31.1	322.39	
146	1	31.62	31.62	329.936	
147	1	32	32	337.24	
148	1	32.02	32.02	337.88	
149	1	32.25	32.25	340.307	
150	1	32.38	32.38	343.176	
151	1	32.68	32.68	346.998	
152	1	32.76	32.76	349.582	
153	1	33.11	33.11	355.358	
154	1	33.51	33.51	362.53	
155	1	33.71	33.71	368.726	
156	1	34.15	34.15	367.648	
157	1	34.25	34.25	370.648	
158	1	34.67	34.67	368.461	
159	1	34.78	34.78	371.932	
160	1	34.81	34.81	372.954	
161	1	34.93	34.93	376.485	
162	1	35	35	378.64	
163	1	35.13	35.13	382.233	
164	1	35.2	35.2	384	
165	1	35.33	35.33	387.681	
166	1	35.77	35.77	385.077	
167	1	35.9	35.9	387.77	
168	1	36.05	36.05	390.808	
169	1	36.72	36.72	392.222	
170	1	37.2	37.2	389.14	
171	1	37.24	37.24	390.162	
172	1	37.42	37.42	393.524	
173	1	37.54	37.54	395.328	
174	1	37.77	37.77	399.897	
175	1	37.96	37.96	404.958	
176	1	38.12	38.12	407.706	
177	1	38.17	38.17	409.041	
178	1	38.16	38.16	408.774	
179	1	38.17	38.17	409.041	
180	1	38.63	38.63	394.573	
181	1	40.06	40.06	360.696	
182	1	40.14	40.14	362.82	
183	1	40.23	40.23	365.057	
184	1	41.35	41.35	336.147	
185	1	41.39	41.39	337.018	
186	1	42.47	42.47	304.689	
187	1	43.56	43.56	270.266	
188	1	44.5	44.5	241.57	
189	1	44.51	44.51	241.75	
190	1	44.61	44.61	243.478	
191	1	45.47	45.47	222.709	
192	1	45.98	45.98	212.56	
193	1	46.43	46.43	201.065	
194	1	46.58	46.58	202.964	
195	1	46.6	46.6	202.92	
196	1	46.59	46.59	202.862	
197	1	47.05	47.05	190.628	
198	1	47.07	47.07	190.805	
199	1	47.06	47.06	190.556	
200	1	47.11	47.11	191.058	
201	1	47.11	47.11	191.058	
202	1	47.2	47.2	192.02	
203	1	47.68	47.68	179.578	
204	1	47.75	47.75	180.227	
205	1	47.84	47.84	181.074	
206	1	47.94	47.94	182.036	
207	1	48.44	48.44	169.506	
208	1	48.57	48.57	171.125	
209	1	48.66	48.66	172.004	
210	1	48.71	48.71	172.466	
211	1	48.79	48.79	173.146	
212	1	48.86	48.86	173.68	
213	1	49.07	49.07	176.425	
214	1	49.1	49.1	176.81	
215	1	49.23	49.23	178.417	
216	1	49.32	49.32	179.678	
217	1	49.54	49.54	182.488	
218	1	49.88	49.88	187.146	
219	1	50.12	50.12	189.606	
220	1	50.28	50.28	192.262	
221	1	50.83	50.83	178.701	
222	1	50.94	50.94	180.056	
223	1	51	51	180.84	
224	1	50.98	50.98	180.64	
225	1	51.08	51.08	181.954	
226	1	51.35	51.35	186.107	
227	1	51.47	51.47	187.849	
228	1	51.64	51.64	189.85	
229	1	51.89	51.89	192.418	
230	1	52.16	52.16	196.054	
231	1	52.41	52.41	199.502	
232	1	52.56	52.56	201.186	
233	1	52.83	52.83	203.261	
234	1	53.11	53.11	205.558	
235	1	53.22	53.22	207.412	
236	1	53.29	53.29	208.586	
237	1	53.39	53.39	210.138	
238	1	53.43	53.43	210.785	
239	1	53.45	53.45	211.087	
240	1	53.44	53.44	210.906	
241	1	53.66	53.66	213.624	
242	1	53.8	53.8	215.98	
243	1	53.96	53.96	217.938	
244	1	53.99	53.99	218.45	
245	1	54.21	54.21	221.346	
246	1	54.57	54.57	225.705	
247	1	54.75	54.75	229.108	
248	1	54.82	54.82	230.468	
249	1	54.83	54.83	230.661	
250	1	54.89	54.89	231.938	
251	1	55.05	55.05	235.128	
252	1	55.19	55.19	237.834	
253	1	55.24	55.24	238.662	
254	1	55.29	55.29	239.486	
255	1	55.39	55.39	241.118	
256	1	55.47	55.47	242.389	
257	1	55.53	55.53	243.649	
258	1	56.01	56.01	253.91	
259	1	56.38	56.38	262.176	
260	1	56.82	56.82	272.428	
261	1	57.31	57.31	285.494	
262	1	57.56	57.56	292.066	
263	1	57.58	57.58	292.604	
264	1	57.64	57.64	294.21	
265	1	57.95	57.95	302.627	
266	1	58.65	58.65	323.528	
267	1	59.36	59.36	346.43	
268	1	59.67	59.67	356.861	
269	1	59.81	59.81	361.114	
270	1	59.81	59.81	361.114	
271	1	59.99	59.99	366.93	
272	1	60.28	60.28	375.862	
273	1	60.41	60.41	380.202	
274	1	60.71	60.71	387.786	
275	1	61.08	61.08	395.434	
276	1	61.53	61.53	405.689	
277	1	61.77	61.77	413.217	
278	1	61.88	61.88	417.266	
279	1	62.21	62.21	426.026	
280	1	62.31	62.31	429.754	
281	1	62.49	62.49	436.55	
282	1	62.61	62.61	441.178	
283	1	62.81	62.81	449.014	
284	1	62.96	62.96	452.498	
285	1	63.15	63.15	460.188	
286	1	63.23	63.23	463.437	
287	1	63.3	63.3	466.31	
288	1	63.71	63.71	481.846	
289	1	63.91	63.91	489.002	
290	1	64.34	64.34	499.424	
291	1	64.57	64.57	502.625	
292	1	65.35	65.35	515.188	
293	1	65.44	65.44	518.466	
294	1	65.53	65.53	521.869	
295	1	65.83	65.83	527.241	
296	1	66.93	66.93	543.425	
297	1	68.9	68.9	557.59	
298	1	69.01	69.01	560.99	
299	1	70.49	70.49	565.59	
300	1	71.64	71.64	566.97	
301	1	72.01	72.01	566.65	
302	1	72.8	72.8	566.46	
303	1	74.02	74.02	530.26	
304	1	74.05	74.05	530.988	
305	1	74.96	74.96	495.878	
306	1	76.51	76.51	416.77	
307	1	77.27	77.27	375.997	
308	1	78.04	78.04	334.238	
309	1	79.63	79.63	247.633	
310	1	80.44	80.44	202.686	
311	1	81.68	81.68	145.998	
312	1	82.18	82.18	138.228	
313	1	82.28	82.28	139.322	
314	1	82.43	82.43	140.405	
315	1	82.52	82.52	141.29	
316	1	82.59	82.59	142.002	
317	1	83.01	83.01	132.61	
318	1	83.07	83.07	133.265	
319	1	83.11	83.11	133.738	
320	1	83.31	83.31	135.894	
321	1	83.85	83.85	127.348	
322	1	84.05	84.05	129.648	
323	1	84.26	84.26	131.332	
324	1	84.37	84.37	132.533	
325	1	84.4	84.4	132.9	
326	1	84.53	84.53	134.609	
327	1	85.47	85.47	114.129	
328	1	85.43	85.43	113.725	
329	1	85.44	85.44	113.846	
330	1	85.44	85.44	113.926	
331	1	85.5	85.5	114.77	
332	1	85.66	85.66	116.784	
333	1	85.79	85.79	118.346	
334	1	85.89	85.89	119.498	
335	1	86.21	86.21	124.086	
336	1	86.6	86.6	129.72	
337	1	86.86	86.86	133.6	
338	1	87.28	87.28	139.182	
339	1	87.72	87.72	141.662	
340	1	88.03	88.03	144.269	
341	1	88.91	88.91	141.042	
342	1	89.47	89.47	135.689	
343	1	89.49	89.49	136.01	
344	1	89.55	89.55	136.988	
345	1	89.63	89.63	138.393	
346	1	90.74	90.74	112.412	
347	1	90.93	90.93	115.305	
348	1	91.4	91.4	107.42	
349	1	91.39	91.39	107.418	
350	1	91.94	91.94	93.3764	
351	1	92.1	92.1	95.79	
352	1	92.21	92.21	97.5659	
353	1	92.34	92.34	99.6044	
354	1	92.41	92.41	100.742	
355	1	92.51	92.51	102.53	
356	1	92.42	92.42	100.904	
357	1	92.42	92.42	100.904	
358	1	92.42	92.42	100.904	
359	1	93.11	93.11	86.7779	
360	1	93.33	93.33	89.5211	
361	1	93.5	93.5	92.19	
362	1	93.58	93.58	93.4436	
363	1	94.5	94.5	81.49	
364	1	94.93	94.93	89.2651	
365	1	95.05	95.05	91.4875	
366	1	95.11	95.11	92.2579	
367	1	95.2	95.2	92.5	
368	1	95.23	95.23	92.9971	
369	1	95.48	95.48	96.5896	
370	1	96.3	96.3	82.11	
371	1	96.34	96.34	82.6844	
372	1	96.7	96.7	89.89	
373	1	96.93	96.93	94.6251	
374	1	97	97	96.04	
375	1	97.11	97.11	97.9779	
376	1	97.15	97.15	98.3275	
377	1	97.29	97.29	99.5259	
378	1	97.75	97.75	103.747	
379	1	98.12	98.12	107.366	
380	1	98.59	98.59	108.502	
381	1	98.59	98.59	108.502	
382	1	98.6	98.6	108.72	
383	1	98.8	98.8	108.44	
384	1	99.07	99.07	109.545	
385	1	99.24	99.24	113.062	
386	1	99.3	99.3	114.37	
387	1	99.5	99.5	118.79	
388	1	99.61	99.61	121.138	
389	1	100.1	100.1	132.75	
390	1	100.41	100.41	140.562	
391	1	100.67	100.67	147.621	
392	1	100.81	100.81	151.534	
393	1	101.01	101.01	157.23	
394	1	101.26	101.26	162.212	
395	1	101.32	101.32	163.958	
396	1	101.52	101.52	169.95	
397	1	101.65	101.65	173.827	
398	1	102.55	102.55	193.468	
399	1	102.91	102.91	204.482	
400	1	103.2	103.2	211.2	
401	1	103.4	103.4	217.68	
402	1	103.65	103.65	223.747	
403	1	103.76	103.76	226.722	
404	1	103.91	103.91	231.662	
405	1	104.1	104.1	235.71	
406	1	104.31	104.31	242.774	
407	1	104.59	104.59	250.102	
408	1	104.75	104.75	253.667	
409	1	104.91	104.91	257.202	
410	1	105.33	105.33	263.901	
411	1	105.74	105.74	273.612	
412	1	105.98	105.98	279.5	
413	1	106.24	106.24	286.022	
414	1	106.9	106.9	293.45	
415	1	107.22	107.22	304.492	
416	1	107.53	107.53	315.509	
417	1	108.08	108.08	319.794	
418	1	108.32	108.32	326.418	
419	1	108.32	108.32	326.418	
420	1	108.56	108.56	332.926	
421	1	109.1	109.1	341.73	
422	1	109.47	109.47	346.349	
423	1	109.59	109.59	350.422	
424	1	109.65	109.65	352.447	
425	1	109.75	109.75	355.567	
426	1	109.77	109.77	356.277	
427	1	109.97	109.97	362.709	
428	1	110.22	110.22	371.012	
429	1	110.46	110.46	378.648	
430	1	110.48	110.48	379.33	
431	1	110.47	110.47	378.989	
432	1	110.47	110.47	378.989	
433	1	110.52	110.52	380.49	
434	1	110.56	110.56	381.646	
435	1	110.6	110.6	382.78	
436	1	110.69	110.69	385.614	
437	1	111.1	111.1	383.63	
438	1	112.32	112.32	375.338	
439	1	113.14	113.14	368.32	
440	1	113.92	113.92	358.914	
441	1	114.33	114.33	354.281	
442	1	114.76	114.76	349.802	
443	1	115.19	115.19	345.014	
444	1	115.5	115.5	343.93	
445	1	116.99	116.99	322.03	
446	1	117.38	117.38	314.516	
447	1	117.97	117.97	308.769	
448	1	117.99	117.99	309.17	
449	1	118.42	118.42	301.624	
450	1	118.43	118.43	301.825	
451	1	119.23	119.23	284.517	
452	1	120.08	120.08	267.574	
453	1	120.11	120.11	268.098	
454	1	120.56	120.56	259.906	
455	1	121.58	121.58	244.084	
456	1	122.96	122.96	214.798	
457	1	123.19	123.19	217.554	
458	1	123.17	123.17	217.301	
459	1	123.45	123.45	210.968	
460	1	123.5	123.5	211.49	
461	1	123.84	123.84	205.634	
462	1	123.97	123.97	207.269	
463	1	123.98	123.98	207.26	
464	1	124.13	124.13	209.193	
465	1	124.15	124.15	209.447	
466	1	124.18	124.18	209.808	
467	1	124.34	124.34	212.004	
468	1	124.4	124.4	212.84	
469	1	124.7	124.7	206.11	
470	1	124.76	124.76	206.822	
471	1	124.87	124.87	208.293	
472	1	124.87	124.87	208.233	
473	1	124.93	124.93	208.765	
474	1	125.76	125.76	154.282	
475	1	126.2	126.2	141.08	
476	1	126.23	126.23	141.377	
477	1	126.29	126.29	141.866	
478	1	126.31	126.31	142.134	
479	1	126.36	126.36	142.51	
480	1	126.34	126.34	142.344	
481	1	126.48	126.48	143.85	
482	1	126.62	126.62	145.656	
483	1	127.16	127.16	132.854	
484	1	127.34	127.34	135.184	
485	1	127.61	127.61	139.078	
486	1	127.96	127.96	143.858	
487	1	128.02	128.02	144.44	
488	1	128.33	128.33	148.801	
489	1	128.49	128.49	151.41	
490	1	128.67	128.67	153.761	
491	1	128.83	128.83	156.281	
492	1	128.94	128.94	157.616	
493	1	129.01	129.01	158.77	
494	1	129.38	129.38	165.276	
495	1	129.66	129.66	170.544	
496	1	129.7	129.7	171.39	
497	1	129.95	129.95	176.608	
498	1	130	130	177.38	
499	1	130.05	130.05	178.327	
500	1	130.16	130.16	180.834	
501	1	130.33	130.33	184.701	
502	1	130.32	130.32	184.438	
503	1	130.4	130.4	186.16	
504	1	130.58	130.58	190.484	
505	1	130.65	130.65	192.267	
506	1	130.86	130.86	197.24	
507	1	131.4	131.4	206.7	
508	1	132.28	132.28	214.922	
509	1	132.71	132.71	218.366	
510	1	133.33	133.33	222.341	
511	1	133.74	133.74	228.652	
512	1	134.01	134.01	231.07	
513	1	134.3	134.3	237.51	
514	1	135.04	135.04	242.018	
515	1	135.5	135.5	243.79	
516	1	135.57	135.57	245.205	
517	1	135.71	135.71	248.106	
518	1	135.84	135.84	248.854	
519	1	136.43	136.43	251.925	
520	1	136.7	136.7	254.49	
521	1	136.93	136.93	256.225	
522	1	137.39	137.39	256.418	
523	1	137.83	137.83	257.321	
524	1	137.9	137.9	258.53	
525	1	137.92	137.92	258.874	
526	1	138.08	138.08	258.874	
527	1	138.1	138.1	259.23	
528	1	138.19	138.19	260.934	
529	1	138.4	138.4	264.78	
530	1	138.45	138.45	265.688	
531	1	139.07	139.07	242.325	
532	1	139.27	139.27	242.637	
533	1	140.11	140.11	218.698	
534	1	140.21	140.21	220.286	
535	1	140.33	140.33	222.261	
536	1	140.32	140.32	222.198	
537	1	140.59	140.59	226.902	
538	1	140.7	140.7	228.69	
539	1	141.13	141.13	237.193	
540	1	141.53	141.53	245.189	
541	1	142.56	142.56	265.786	
542	1	143.05	143.05	276.247	
543	1	143.31	143.31	282.514	
544	1	143.44	143.44	284.906	
545	1	143.55	143.55	286.787	
546	1	143.74	143.74	289.812	
547	1	143.84	143.84	292.314	
548	1	144.01	144.01	296.55	
549	1	144.29	144.29	302.706	
550	1	144.48	144.48	306.55	
551	1	144.63	144.63	309.213	
552	1	144.64	144.64	309.41	
553	1	144.76	144.76	311.362	
554	1	144.79	144.79	312.146	
555	1	145.13	145.13	319.773	
556	1	145.63	145.63	333.433	
557	1	146.02	146.02	344.18	
558	1	146.58	146.58	356.624	
559	1	146.64	146.64	358.01	
560	1	146.78	146.78	361.692	
561	1	146.91	146.91	364.662	
562	1	147.24	147.24	372.202	
563	1	147.51	147.51	380.27	
564	1	148.01	148.01	390.53	
565	1	148.05	148.05	391.747	
566	1	148.18	148.18	395.848	
567	1	148.43	148.43	404.005	
568	1	148.66	148.66	411.764	
569	1	148.7	148.7	413.11	
570	1	148.71	148.71	413.446	
571	1	148.72	148.72	413.702	
572	1	148.87	148.87	415.113	
573	1	148.87	148.87	415.113	
574	1	148.87	148.87	415.113	
575	1	148.92	148.92	416.874	
576	1	149.3	149.3	429.99	
577	1	149.65	149.65	440.868	
578	1	149.87	149.87	448.113	
579	1	149.82	149.82	446.748	
580	1	150.16	150.16	456.574	
581	1	150.3	150.3	460.63	
582	1	150.77	150.77	474.717	
583	1	151.01	151.01	482.81	
584	1	151.22	151.22	490.092	
585	1	151.44	151.44	497.246	
586	1	151.6	151.6	502.24	
587	1	151.68	151.68	505.158	
588	1	151.85	151.85	508.388	
589	1	152.31	152.31	518.774	
590	1	152.99	152.99	531.09	
591	1	153.29	153.29	541.906	
592	1	153.34	153.34	543.784	
593	1	153.74	153.74	551.792	
594	1	153.87	153.87	556.573	
595	1	153.9	153.9	557.69	
596	1	154.01	154.01	561.57	
597	1	154.03	154.03	562.289	
598	1	154.07	154.07	563.725	
599	1	154.26	154.26	571.092	
600	1	154.33	154.33	573.761	
601	1	154.39	154.39	575.858	
602	1	154.58	154.58	583.464	
603	1	154.68	154.68	587.438	
604	1	155.05	155.05	602.807	
605	1	155.44	155.44	618.466	
606	1	155.7	155.7	629.81	
607	1	155.96	155.96	639.958	
608	1	156.15	156.15	648.447	
609	1	156.35	156.35	657.628	
610	1	156.42	156.42	660.864	
611	1	156.55	156.55	666.847	
612	1	156.83	156.83	680.321	
613	1	157.01	157.01	687.67	
614	1	157.55	157.55	714.727	
615	1	157.81	157.81	728.214	
616	1	157.86	157.86	730.84	
617	1	158.08	158.08	742.314	
618	1	158.18	158.18	746.868	
619	1	158.35	158.35	755.807	
620	1	158.7	158.7	773.97	
621	1	158.9	158.9	784.99	
622	1	158.95	158.95	787.748	
623	1	159.01	159.01	791.05	
624	1	159	159	790.48	
625	1	159.39	159.39	812.938	
626	1	160.06	160.06	846.296	
627	1	160.51	160.51	868.43	
628	1	160.8	160.8	882.58	
629	1	160.88	160.88	887.326	
630	1	161.12	161.12	898.486	
631	1	161.42	161.42	911.984	
632	1	161.77	161.77	928.317	
633	1	161.92	161.92	937.434	
634	1	162.04	162.04	944.718	
635	1	162.18	162.18	952.948	
636	1	162.22	162.22	955.052	
637	1	162.31	162.31	960.234	
638	1	162.43	162.43	967.685	
639	1	162.5	162.5	972.45	
640	1	162.6	162.6	978.9	
641	1	162.84	162.84	993.534	
642	1	162.94	162.94	999.756	
643	1	164.32	164.32	1052.94	
644	1	164.51	164.51	1064.83	
645	1	164.67	164.67	1074.86	
646	1	164.78	164.78	1081.81	
647	1	165.16	165.16	1098.15	
648	1	165.38	165.38	1112.28	
649	1	165.48	165.48	1118.73	
650	1	165.61	165.61	1127.22	
651	1	165.78	165.78	1138.41	
652	1	165.97	165.97	1151.09	
653	1	166.04	166.04	1155.86	
654	1	166	166	1153.3	
655	1	166.07	166.07	1157.79	
656	1	166.41	166.41	1177.84	
657	1	166.56	166.56	1186.53	
658	1	166.67	166.67	1192.66	
659	1	166.87	166.87	1204.33	
660	1	166.98	166.98	1211.12	
661	1	167.63	167.63	1233.07	
662	1	169.45	169.45	1281.51	
663	1	170.03	170.03	1295.57	
664	1	170.17	170.17	1302.8	
665	1	170.27	170.27	1309.1	
666	1	170.51	170.51	1324.17	
667	1	171.33	171.33	1352.08	
668	1	171.57	171.57	1366.75	
669	1	172.13	172.13	1377.63	
670	1	172.2	172.2	1382.02	
671	1	172.84	172.84	1397.27	
672	1	173.19	173.19	1418.79	
673	1	173.36	173.36	1429.03	
674	1	173.41	173.41	1432	
675	1	174.15	174.15	1442.97	
676	1	174.29	174.29	1451.39	
677	1	174.36	174.36	1456.05	
678	1	174.4	174.4	1458.42	
679	1	174.63	174.63	1472.31	
680	1	175	175	1496.36	
681	1	176.02	176.02	1524.24	
682	1	176.2	176.2	1536.14	
683	1	176.47	176.47	1553.69	
684	1	176.68	176.68	1566.82	
685	1	176.8	176.8	1574.92	
686	1	176.98	176.98	1587.16	
687	1	177.11	177.11	1594.92	
688	1	177.3	177.3	1607.25	
689	1	177.43	177.43	1615.45	
690	1	177.51	177.51	1621.11	
691	1	177.66	177.66	1631.52	
692	1	177.74	177.74	1637.19	
693	1	178.12	178.12	1664.53	
694	1	178.3	178.3	1677.59	
695	1	178.84	178.84	1715.95	
696	1	179.31	179.31	1751.49	
697	1	179.35	179.35	1754.55	
698	1	179.51	179.51	1767.03	
699	1	179.63	179.63	1776.37	
700	1	179.74	179.74	1783.41	
701	1	179.74	179.74	1783.41	
702	1	179.81	179.81	1788.97	
703	1	180.18	180.18	1816.43	
704	1	180.43	180.43	1834.21	
705	1	180.47	180.47	1837.21	
706	1	180.47	180.47	1837.21	
707	1	181.14	181.14	1882.2	
708	1	181.5	181.5	1908.01	
709	1	181.7	181.7	1923.79	
710	1	182.02	182.02	1949.54	
711	1	182.33	182.33	1974.9	
712	1	182.69	182.69	2004.95	
713	1	183.27	183.27	2053.3	
714	1	183.41	183.41	2065.34	
715	1	183.62	183.62	2083.64	
716	1	184	184	2115.16	
717	1	184.18	184.18	2129.11	
718	1	184.15	184.15	2126.51	
719	1	184.44	184.44	2149.91	
720	1	185.19	185.19	2199.57	
721	1	186.29	186.29	2272.47	
722	1	186.35	186.35	2277.53	
723	1	186.37	186.37	2279.21	
724	1	186.38	186.38	2280.06	
725	1	186.38	186.38	2280.06	
726	1	186.44	186.44	2285.23	
727	1	187.03	187.03	2323.83	
728	1	187.36	187.36	2344.75	
729	1	187.66	187.66	2362.84	
730	1	188.05	188.05	2396.51	
731	1	188.25	188.25	2413.71	
732	1	188.3	188.3	2418.19	
733	1	188.44	188.44	2430.49	
734	1	188.52	188.52	2437.55	
735	1	188.98	188.98	2478.26	
736	1	189.2	189.2	2498.2	
737	1	189.34	189.34	2509.4	
738	1	189.55	189.55	2527.07	
739	1	189.69	189.69	2538.79	
740	1	189.9	189.9	2556.03	
741	1	189.97	189.97	2561.85	
742	1	190.01	190.01	2565.49	
743	1	190.31	190.31	2591.45	
744	1	190.48	190.48	2606.81	
745	1	190.58	190.58	2615.92	
746	1	190.87	190.87	2640.07	
747	1	191.07	191.07	2656.81	
748	1	191.72	191.72	2702.02	
749	1	192.6	192.6	2757.56	
750	1	192.97	192.97	2790.39	
751	1	193.97	193.97	2794.67	
752	1	194.08	194.08	2804.33	
753	1	194.16	194.16	2811.43	
754	1	194.29	194.29	2822.91	
755	1	194.39	194.39	2831.74	
756	1	194.46	194.46	2837.83	
757	1	194.47	194.47	2838.69	
758	1	195.44	195.44	2837.63	
759	1	196.41	196.41	2834.52	
760	1	196.45	196.45	2837.97	
761	1	197.95	197.95	2738.39	
762	1	199.53	199.53	2640.71	
763	1	199.6	199.6	2646.34	
764	1	201.2	201.2	2544.98	
765	1	202.81	202.81	2439.37	
766	1	204.47	204.47	2332.29	
767	1	206.38	206.38	2237.22	
768	1	206.58	206.58	2251.22	
769	1	206.87	206.87	2271.53	
770	1	206.96	206.96	2277.94	
771	1	207.19	207.19	2294.59	
772	1	207.28	207.28	2301.2	
773	1	207.47	207.47	2315.31	
774	1	207.47	207.47	2315.31	
775	1	207.55	207.55	2320.95	
776	1	207.8	207.8	2339.82	
777	1	207.92	207.92	2348.99	
778	1	208.39	208.39	2381.08	
779	1	208.57	208.57	2393.45	
780	1	208.73	208.73	2404.34	
781	1	208.73	208.73	2404.34	
782	1	208.86	208.86	2414.38	
783	1	208.9	208.9	2417.47	
784	1	209.03	209.03	2427.41	
785	1	209.33	209.33	2448.52	
786	1	210.72	210.72	2502.94	
787	1	210.86	210.86	2513.5	
788	1	212.6	212.6	2518.52	
789	1	213.59	213.59	2526.24	
790	1	214.68	214.68	2539.16	
791	1	214.87	214.87	2552.69	
792	1	214.98	214.98	2559.8	
793	1	215.84	215.84	2554.61	
794	1	215.91	215.91	2559.48	
795	1	217.53	217.53	2539.33	
796	1	218.42	218.42	2531.7	
797	1	219.6	219.6	2497	
798	1	219.82	219.82	2510.93	
799	1	220.94	220.94	2469.36	
800	1	222.19	222.19	2396.53	
801	1	223.44	223.44	2323.07	
802	1	225.97	225.97	2168.39	
803	1	226.34	226.34	2187.46	
804	1	226.99	226.99	2223.43	
805	1	227.11	227.11	2230.16	
806	1	227.22	227.22	2236.61	
807	1	227.41	227.41	2247.76	
808	1	227.52	227.52	2254.35	
809	1	227.67	227.67	2263.32	
810	1	227.68	227.68	2263.92	
811	1	227.68	227.68	2263.92	
812	1	227.68	227.68	2263.92	
813	1	227.77	227.77	2269.46	
814	1	227.99	227.99	2282.21	
815	1	228.15	228.15	2291.23	
816	1	228.33	228.33	2300.86	
817	1	228.51	228.51	2310.25	
818	1	228.71	228.71	2322.05	
819	1	228.97	228.97	2336.91	
820	1	229.16	229.16	2347.43	
821	1	229.65	229.65	2373.95	
822	1	229.8	229.8	2381.86	
823	1	230	230	2392.1	
824	1	230.02	230.02	2393.3	
825	1	230.09	230.09	2396.86	
826	1	230.38	230.38	2411.66	
827	1	230.51	230.51	2418.13	
828	1	230.52	230.52	2418.75	
829	1	230.53	230.53	2419.31	
830	1	230.79	230.79	2430.75	
831	1	231.29	231.29	2453.63	
832	1	231.45	231.45	2463.33	
833	1	231.61	231.61	2473.26	
834	1	231.68	231.68	2477.58	
835	1	231.72	231.72	2480.04	
836	1	231.97	231.97	2491.11	
837	1	232.04	232.04	2495.14	
838	1	232.06	232.06	2496.36	
839	1	232.22	232.22	2505.71	
840	1	232.31	232.31	2511.21	
841	1	232.59	232.59	2528.78	
842	1	232.89	232.89	2547.72	
843	1	233.16	233.16	2565.03	
844	1	233.14	233.14	2563.8	
845	1	233.26	233.26	2571.13	
846	1	233.4	233.4	2579.88	
847	1	233.71	233.71	2599.71	
848	1	233.96	233.96	2616.16	
849	1	234.24	234.24	2635.22	
850	1	234.35	234.35	2642.71	
851	1	234.52	234.52	2654.51	
852	1	234.66	234.66	2664.32	
853	1	234.78	234.78	2672.07	
854	1	234.97	234.97	2684.45	
855	1	235.2	235.2	2699.5	
856	1	235.25	235.25	2702.83	
857	1	235.56	235.56	2723.49	
858	1	235.85	235.85	2743.77	
859	1	236.23	236.23	2768.32	
860	1	236.34	236.34	2774.46	
861	1	236.61	236.61	2791.44	
862	1	237.09	237.09	2822.46	
863	1	237.19	237.19	2829.59	
864	1	237.44	237.44	2847.93	
865	1	237.83	237.83	2875.96	
866	1	238.03	238.03	2890.99	
867	1	238.24	238.24	2906.74	
868	1	238.46	238.46	2920.71	
869	1	238.56	238.56	2928.31	
870	1	238.57	238.57	2929.09	
871	1	238.57	238.57	2929.09	
872	1	238.8	238.8	2947	
873	1	239.11	239.11	2971.62	
874	1	239.35	239.35	2990.77	
875	1	239.5	239.5	3002.47	
876	1	239.51	239.51	3003.27	
877	1	239.58	239.58	3008.56	
878	1	239.83	239.83	3026.74	
879	1	239.92	239.92	3034.05	
880	1	239.95	239.95	3036.49	
881	1	240.3	240.3	3065.19	
882	1	240.45	240.45	3077.57	
883	1	240.91	240.91	3113.76	
884	1	241.14	241.14	3133.14	
885	1	241.16	241.16	3134.83	
886	1	241.17	241.17	3135.7	
887	1	241.16	241.16	3134.83	
888	1	241.19	241.19	3137.43	
889	1	241.39	241.39	3154.72	
890	1	241.45	241.45	3159.89	
891	1	241.45	241.45	3159.89	
892	1	241.69	241.69	3180.37	
893	1	242.08	242.08	3213.19	
894	1	242.4	242.4	3238.24	
895	1	242.58	242.58	3254.08	
896	1	242.72	242.72	3266.36	
897	1	242.91	242.91	3280.56	
898	1	243.08	243.08	3292.97	
899	1	243.07	243.07	3292.09	
900	1	243.35	243.35	3309.33	
901	1	243.51	243.51	3323.43	
902	1	243.6	243.6	3331.34	
903	1	243.69	243.69	3339.35	
904	1	244.3	244.3	3371.13	
905	1	244.38	244.38	3378.18	
906	1	244.82	244.82	3394.29	
907	1	245.31	245.31	3414.31	
908	1	245.5	245.5	3431.07	
909	1	245.58	245.58	3438.1	
910	1	245.76	245.76	3454.22	
911	1	245.96	245.96	3472.32	
912	1	246.17	246.17	3491.16	
913	1	246.21	246.21	3494.75	
914	1	246.5	246.5	3516.33	
915	1	246.58	246.58	3523.12	
916	1	247.29	247.29	3573.41	
917	1	247.99	247.99	3622.35	
918	1	248.14	248.14	3635.68	
919	1	248.69	248.69	3674.97	
920	1	250.23	250.23	3764.8	
921	1	250.43	250.43	3782.01	
922	1	252.28	252.28	3869.14	
923	1	252.44	252.44	3882.51	
924	1	252.71	252.71	3904.39	
925	1	252.77	252.77	3909.36	
926	1	252.81	252.81	3912.71	
927	1	253.24	253.24	3929.84	
928	1	253.24	253.24	3929.82	
929	1	253.75	253.75	3953.75	
930	1	254.32	254.32	3982.08	
931	1	254.38	254.38	3987.08	
932	1	254.49	254.49	3996.11	
933	1	255.11	255.11	4028.08	
934	1	255.36	255.36	4047.79	
935	1	255.34	255.34	4046.28	
936	1	255.38	255.38	4049.38	
937	1	255.43	255.43	4053.39	
938	1	257.5	257.5	3925.57	
939	1	257.57	257.57	3930.87	
940	1	257.67	257.67	3938.54	
941	1	259.62	259.62	3811.58	
942	1	261.47	261.47	3670.63	
943	1	261.59	261.59	3678.18	
944	1	261.76	261.76	3689.06	
945	1	262.03	262.03	3707.47	
946	1	262.16	262.16	3717.01	
947	1	262.37	262.37	3730.95	
948	1	262.41	262.41	3733.86	
949	1	262.47	262.47	3738.27	
950	1	262.59	262.59	3747.22	
951	1	262.92	262.92	3770.09	
952	1	264.44	264.44	3810.89	
953	1	264.5	264.5	3815.19	
954	1	265.11	265.11	3823.24	
955	1	266.98	266.98	3834.92	
956	1	267.59	267.59	3836.38	
957	1	267.64	267.64	3839.77	
958	1	268.36	268.36	3847.75	
959	1	268.53	268.53	3858.97	
960	1	268.63	268.63	3865.73	
961	1	268.93	268.93	3886.13	
962	1	269.11	269.11	3898.46	
963	1	269.18	269.18	3903.55	
964	1	269.37	269.37	3916.81	
965	1	269.53	269.53	3928.35	
966	1	270.6	270.6	3959.44	
967	1	270.86	270.86	3977.66	
968	1	271.1	271.1	3994.59	
969	1	271.2	271.2	4001.62	
970	1	271.73	271.73	4041.44	
971	1	271.75	271.75	4042.93	
972	1	272.15	272.15	4068.03	
973	1	272.15	272.15	4068.03	
974	1	272.29	272.29	4076.65	
975	1	272.62	272.62	4096.96	
976	1	272.95	272.95	4117.65	
977	1	273.26	273.26	4136.63	
978	1	273.32	273.32	4140.98	
979	1	273.85	273.85	4175.61	
980	1	273.96	273.96	4183.8	
981	1	274.34	274.34	4209.46	
982	1	274.41	274.41	4214.72	
983	1	274.77	274.77	4238.66	
984	1	274.85	274.85	4244.69	
985	1	274.9	274.9	4248.17	
986	1	275.09	275.09	4262.8	
987	1	275.15	275.15	4267.41	
988	1	275.16	275.16	4268.29	
989	1	275.4	275.4	4286.5	
990	1	275.49	275.49	4293.53	
991	1	275.48	275.48	4292.87	
992	1	275.65	275.65	4306.25	
993	1	275.79	275.79	4316.87	
994	1	275.84	275.84	4320.83	
995	1	275.85	275.85	4321.63	
996	1	275.92	275.92	4327.31	
997	1	276.27	276.27	4356.36	
998	1	276.43	276.43	4369.03	
999	1	276.63	276.63	4380.85	
1000	1	276.67	276.67	4384.2	
1001	1	276.71	276.71	4387.55	
1002	1	276.76	276.76	4391.72	
1003	1	276.87	276.87	4400.89	
1004	1	276.89	276.89	4402.58	
1005	1	276.9	276.9	4403.43	
1006	1	276.89	276.89	4402.58	
1007	1	277.02	277.02	4413.64	
1008	1	277.36	277.36	4442.79	
1009	1	277.66	277.66	4469	
1010	1	277.78	277.78	4479.55	
1011	1	278.07	278.07	4504.09	
1012	1	278.39	278.39	4529.78	
1013	1	278.62	278.62	4547.38	
1014	1	279	279	4576.62	
1015	1	279	279	4576.62	
1016	1	279.12	279.12	4585.73	
1017	1	279.12	279.12	4585.73	
1018	1	279.39	279.39	4608.06	
1019	1	279.59	279.59	4624.16	
1020	1	279.82	279.82	4644.65	
1021	1	279.97	279.97	4658.05	
1022	1	280.15	280.15	4674.45	
1023	1	280.96	280.96	4739.08	
1024	1	281.46	281.46	4778.15	
1025	1	281.81	281.81	4803.65	
1026	1	282.67	282.67	4858.82	
1027	1	283.33	283.33	4910.36	
1028	1	283.35	283.35	4912.17	
1029	1	283.71	283.71	4936.47	
1030	1	284.18	284.18	4970.67	
1031	1	284.57	284.57	5006.39	
1032	1	284.86	284.86	5023.76	
1033	1	285.01	285.01	5037.73	
1034	1	285.27	285.27	5060.74	
1035	1	285.38	285.38	5070.18	
1036	1	285.6	285.6	5088.82	
1037	1	285.8	285.8	5106.16	
1038	1	286.11	286.11	5134.18	
1039	1	286.47	286.47	5166.75	
1040	1	286.59	286.59	5177.92	
1041	1	286.57	286.57	5176.07	
1042	1	286.7	286.7	5188.51	
1043	1	286.92	286.92	5209.05	
1044	1	287.12	287.12	5226.79	
1045	1	287.33	287.33	5246.04	
1046	1	287.44	287.44	5256.31	
1047	1	287.69	287.69	5279.33	
1048	1	287.9	287.9	5297.79	
1049	1	287.94	287.94	5301.62	
1050	1	287.92	287.92	5299.67	
1051	1	288.01	288.01	5307.43	
1052	1	288.01	288.01	5307.51	
1053	1	288.21	288.21	5326.11	
1054	1	288.34	288.34	5338.64	
1055	1	288.41	288.41	5345.48	
1056	1	288.5	288.5	5354.29	
1057	1	288.71	288.71	5374.77	
1058	1	288.94	288.94	5394.96	
1059	1	289.11	289.11	5410.12	
1060	1	289.21	289.21	5419.61	
1061	1	289.3	289.3	5428.35	
1062	1	289.54	289.54	5451.59	
1063	1	289.81	289.81	5478.05	
1064	1	289.98	289.98	5494.92	
1065	1	290.15	290.15	5512.11	
1066	1	290.26	290.26	5523.07	
1067	1	290.31	290.31	5528.17	
1068	1	290.75	290.75	5572.83	
1069	1	291.06	291.06	5605.08	
1070	1	291.15	291.15	5614.49	
1071	1	291.16	291.16	5615.45	
1072	1	291.27	291.27	5627.12	
1073	1	291.43	291.43	5644.11	
1074	1	291.47	291.47	5648.35	
1075	1	291.49	291.49	5650.49	
1076	1	291.55	291.55	5656.49	
1077	1	291.62	291.62	5664.04	
1078	1	291.75	291.75	5678.03	
1079	1	291.79	291.79	5682.33	
1080	1	291.82	291.82	5685.59	
1081	1	291.8	291.8	5683.4	
1082	1	291.83	291.83	5686.68	
1083	1	292.15	292.15	5720.85	
1084	1	292.6	292.6	5766.8	
1085	1	292.77	292.77	5785.48	
1086	1	293	293	5810.96	
1087	1	293.06	293.06	5817.54	
1088	1	293.31	293.31	5844.29	
1089	1	293.58	293.58	5874.86	
1090	1	293.99	293.99	5918.11	
1091	1	294.2	294.2	5942.32	
1092	1	294.73	294.73	6004.1	
1093	1	294.77	294.77	6008.76	
1094	1	294.88	294.88	6021.25	
1095	1	294.95	294.95	6029.03	
1096	1	295.24	295.24	6061.8	
1097	1	295.5	295.5	6092.05	
1098	1	295.99	295.99	6150.89	
1099	1	296.29	296.29	6186.13	
1100	1	296.46	296.46	6206.85	
1101	1	296.54	296.54	6216.67	
1102	1	296.77	296.77	6245.08	
1103	1	296.98	296.98	6271.14	
1104	1	297.1	297.1	6286.07	
1105	1	297.47	297.47	6332.55	
1106	1	297.95	297.95	6393.59	
1107	1	298.13	298.13	6416.63	
1108	1	298.18	298.18	6423.17	
1109	1	298.29	298.29	6437.65	
1110	1	298.42	298.42	6454.46	
1111	1	298.5	298.5	6464.63	
1112	1	298.54	298.54	6469.71	
1113	1	298.71	298.71	6491.21	
1114	1	300.06	300.06	6645.56	
1115	1	300.33	300.33	6681.24	
1116	1	300.43	300.43	6694.59	
1117	1	301.14	301.14	6771.68	
1118	1	301.73	301.73	6841.14	
1119	1	302.51	302.51	6926.59	
1120	1	303.14	303.14	6991.94	
1121	1	303.75	303.75	7053.99	
1122	1	304.13	304.13	7092.57	
1123	1	304.31	304.31	7116.15	
1124	1	304.48	304.48	7138.51	
1125	1	304.64	304.64	7159.51	
1126	1	304.72	304.72	7170	
1127	1	304.74	304.74	7172.55	
1128	1	304.74	304.74	7172.55	
1129	1	304.87	304.87	7189.65	
1130	1	305.13	305.13	7223.99	
1131	1	305.17	305.17	7229.18	
1132	1	305.18	305.18	7230.51	
1133	1	305.21	305.21	7234.37	
1134	1	305.23	305.23	7237.02	
1135	1	305.23	305.23	7237.02	
1136	1	305.34	305.34	7251.22	
1137	1	305.89	305.89	7301.74	
1138	1	305.87	305.87	7299.11	
1139	1	307.4	307.4	7394.84	
1140	1	308.17	308.17	7441.24	
1141	1	308.19	308.19	7443.81	
1142	1	308.44	308.44	7475.17	
1143	1	308.62	308.62	7497.48	
1144	1	308.68	308.68	7504.46	
1145	1	308.81	308.81	7520.33	
1146	1	309.57	309.57	7564.01	
1147	1	311.21	311.21	7662.95	
1148	1	311.58	311.58	7709.34	
1149	1	311.53	311.53	7703.09	
1150	1	311.62	311.62	7714.34	
1151	1	311.81	311.81	7734.41	
1152	1	312.54	312.54	7769.87	
1153	1	312.55	312.55	7771.07	
1154	1	312.54	312.54	7769.81	
1155	1	312.57	312.57	7773.65	
1156	1	313.12	313.12	7823.59	
1157	1	313.26	313.26	7840.95	
1158	1	313.29	313.29	7844.63	
1159	1	313.48	313.48	7868.61	
1160	1	313.76	313.76	7904.22	
1161	1	313.85	313.85	7915.67	
1162	1	313.86	313.86	7916.94	
1163	1	313.86	313.86	7916.94	
1164	1	313.86	313.86	7916.94	
1165	1	313.86	313.86	7916.94	
1166	1	313.93	313.93	7925.87	
1167	1	314.29	314.29	7972.37	
1168	1	314.44	314.44	7992.03	
1169	1	314.45	314.45	7993.33	
1170	1	314.45	314.45	7993.33	
1171	1	314.54	314.54	8005.21	
1172	1	314.75	314.75	8032.15	
1173	1	315.03	315.03	8067.67	
1174	1	315.17	315.17	8086.26	
1175	1	315.55	315.55	8133.65	
1176	1	315.71	315.71	8153.83	
1177	1	316.2	316.2	8193.56	
1178	1	316.8	316.8	8237.34	
1179	1	317.41	317.41	8281.68	
1180	1	317.4	317.4	8280.4	
1181	1	318.12	318.12	8322.53	
1182	1	319.51	319.51	8397.35	
1183	1	319.53	319.53	8399.83	
1184	1	320.25	320.25	8438.87	
1185	1	320.24	320.24	8437.62	
1186	1	321.11	321.11	8466.9	
1187	1	322.13	322.13	8512.71	
1188	1	322.3	322.3	8533.21	
1189	1	322.36	322.36	8540.49	
1190	1	322.42	322.42	8547.82	
1191	1	322.54	322.54	8562.45	
1192	1	322.76	322.76	8589.46	
1193	1	322.85	322.85	8600.57	
1194	1	323.17	323.17	8637.26	
1195	1	323.42	323.42	8666.72	
1196	1	324.01	324.01	8734.99	
1197	1	324.26	324.26	8764.33	
1198	1	324.67	324.67	8815.9	
1199	1	325.1	325.1	8870.15	
1200	1	325.23	325.23	8886.78	
1201	1	325.45	325.45	8912.49	
1202	1	325.48	325.48	8916.35	
1203	1	325.52	325.52	8921.45	
1204	1	325.74	325.74	8948.31	
1205	1	326.08	326.08	8989.87	
1206	1	326.51	326.51	9043.71	
1207	1	326.75	326.75	9074.89	
1208	1	326.9	326.9	9093.41	
1209	1	327.48	327.48	9161.15	
1210	1	327.74	327.74	9195.13	
1211	1	327.85	327.85	9209.33	
1212	1	327.97	327.97	9224.91	
1213	1	328.29	328.29	9265.43	
1214	1	328.39	328.39	9278.46	
1215	1	328.46	328.46	9287.31	
1216	1	328.54	328.54	9297.93	
1217	1	328.87	328.87	9339.73	
1218	1	329.27	329.27	9392.42	
1219	1	329.47	329.47	9419.15	
1220	1	329.79	329.79	9461.09	
1221	1	330.01	330.01	9490.11	
1222	1	330.16	330.16	9509.61	
1223	1	330.12	330.12	9504.35	
1224	1	330.42	330.42	9541.84	
1225	1	330.89	330.89	9597.16	
1226	1	331.01	331.01	9613.43	
1227	1	331.45	331.45	9665.83	
1228	1	331.59	331.59	9684.84	
1229	1	331.98	331.98	9729.52	
1230	1	332.07	332.07	9741.37	
1231	1	332.6	332.6	9813.66	
1232	1	332.92	332.92	9857.83	
1233	1	333.07	333.07	9878.53	
1234	1	333.24	333.24	9902.26	
1235	1	333.32	333.32	9913.5	
1236	1	333.39	333.39	9923.32	
1237	1	333.44	333.44	9930.37	
1238	1	333.58	333.58	9950.34	
1239	1	333.72	333.72	9970.2	
1240	1	333.89	333.89	9994.58	
1241	1	334.51	334.51	10083.6	
1242	1	334.9	334.9	10138.6	
1243	1	335.37	335.37	10207.2	
1244	1	335.8	335.8	10270.8	
1245	1	336.32	336.32	10343.5	
1246	1	336.83	336.83	10410.8	
1247	1	337	337	10433.1	
1248	1	337.17	337.17	10455.3	
1249	1	338.02	338.02	10558.8	
1250	1	338.33	338.33	10595.5	
1251	1	338.5	338.5	10620.4	
1252	1	338.59	338.59	10633.5	
1253	1	338.6	338.6	10635	
1254	1	339.11	339.11	10700	
1255	1	339.49	339.49	10756	
1256	1	339.88	339.88	10803.3	
1257	1	340.02	340.02	10823.7	
1258	1	340.51	340.51	10885.4	
1259	1	340.59	340.59	10897.1	
1260	1	340.62	340.62	10901.4	
1261	1	340.62	340.62	10901.4	
1262	1	340.64	340.64	10904.3	
1263	1	340.74	340.74	10918.9	
1264	1	341.16	341.16	10982.3	
1265	1	341.56	341.56	11042.5	
1266	1	341.58	341.58	11045.5	
1267	1	341.54	341.54	11039.6	
1268	1	341.66	341.66	11057.8	
1269	1	341.85	341.85	11086.3	
1270	1	342.54	342.54	11194.2	
1271	1	342.86	342.86	11244.3	
1272	1	343.03	343.03	11271.3	
1273	1	343.06	343.06	11276.1	
1274	1	343.42	343.42	11331.2	
1275	1	344.07	344.07	11434.4	
1276	1	344.1	344.1	11439.2	
1277	1	344.8	344.8	11540.2	
1278	1	345.24	345.24	11603.5	
1279	1	345.93	345.93	11698.9	
1280	1	346.65	346.65	11798.2	
1281	1	347.49	347.49	11915.8	
1282	1	348.56	348.56	12055.8	
1283	1	348.67	348.67	12073.4	
1284	1	348.83	348.83	12099.5	
1285	1	349.82	349.82	12223.1	
1286	1	350.18	350.18	12275.5	
1287	1	350.55	350.55	12329.3	
1288	1	350.82	350.82	12369.5	
1289	1	351.05	351.05	12403.3	
1290	1	351.45	351.45	12463.1	
1291	1	351.75	351.75	12506.8	
1292	1	351.79	351.79	12513.1	
1293	1	351.99	351.99	12540.7	
1294	1	352.02	352.02	12545.4	
1295	1	352.1	352.1	12558.4	
1296	1	352.3	352.3	12590.4	
1297	1	352.74	352.74	12656.6	
1298	1	352.86	352.86	12675.9	
1299	1	352.91	352.91	12684	
1300	1	353.09	353.09	12712.8	
1301	1	353.52	353.52	12776.8	
1302	1	353.72	353.72	12808.8	
1303	1	354.03	354.03	12858.3	
1304	1	354.18	354.18	12881.5	
1305	1	354.25	354.25	12892.2	
1306	1	354.92	354.92	12959	
1307	1	355.04	355.04	12978.5	
1308	1	355.22	355.22	13008	
1309	1	355.49	355.49	13052.1	
1310	1	355.61	355.61	13071.7	
1311	1	355.61	355.61	13071.7	
1312	1	355.71	355.71	13088	
1313	1	355.9	355.9	13119.5	
1314	1	356.03	356.03	13140.5	
1315	1	356.22	356.22	13172.2	
1316	1	356.43	356.43	13207.4	
1317	1	356.86	356.86	13276.6	
1318	1	357.25	357.25	13340.1	
1319	1	357.42	357.42	13368.2	
1320	1	357.44	357.44	13371.5	
1321	1	357.57	357.57	13392.3	
1322	1	357.84	357.84	13437.7	
1323	1	357.92	357.92	13451.2	
1324	1	357.91	357.91	13449.5	
1325	1	357.97	357.97	13459.3	
1326	1	358	358	13464.3	
1327	1	358.22	358.22	13501.6	
1328	1	358.33	358.33	13518.7	
1329	1	358.52	358.52	13550.8	
1330	1	358.55	358.55	13555.9	
1331	1	358.79	358.79	13597.1	
1332	1	358.89	358.89	13614.2	
1333	1	358.97	358.97	13628.1	
1334	1	359.12	359.12	13654.2	
1335	1	359.67	359.67	13749.9	
1336	1	359.97	359.97	13801.8	
1337	1	360.35	360.35	13866.6	
1338	1	360.84	360.84	13948.2	
1339	1	361.2	361.2	14009.2	
1340	1	361.51	361.51	14061.4	
1341	1	361.71	361.71	14095.6	
1342	1	361.81	361.81	14113.3	
1343	1	362.11	362.11	14166.2	
1344	1	362.61	362.61	14245.6	
1345	1	363.09	363.09	14322.1	
1346	1	363.28	363.28	14351.5	
1347	1	363.78	363.78	14423.7	
1348	1	363.98	363.98	14458.7	
1349	1	364.04	364.04	14469.2	
1350	1	364.86	364.86	14579.2	
1351	1	365.34	365.34	14645.7	
1352	1	365.36	365.36	14649.1	
1353	1	365.88	365.88	14722.2	
1354	1	366.09	366.09	14758.6	
1355	1	366.23	366.23	14783	
1356	1	366.44	366.44	14819.8	
1357	1	366.79	366.79	14881.6	
1358	1	366.94	366.94	14908	
1359	1	366.97	366.97	14913.3	
1360	1	367.27	367.27	14966.4	
1361	1	367.41	367.41	14991.1	
1362	1	367.46	367.46	14999.8	
1363	1	367.68	367.68	15038.2	
1364	1	367.95	367.95	15085.8	
1365	1	368.02	368.02	15098.4	
1366	1	368.02	368.02	15098.4	
1367	1	368.01	368.01	15096.5	
1368	1	368.11	368.11	15113.6	
1369	1	368.18	368.18	15125.7	
1370	1	368.2	368.2	15129.3	
1371	1	368.24	368.24	15136.4	
1372	1	368.33	368.33	15152.4	
1373	1	368.47	368.47	15177.1	
1374	1	368.6	368.6	15200.5	
1375	1	368.74	368.74	15225.6	
1376	1	368.73	368.73	15223.9	
1377	1	368.91	368.91	15256.6	
1378	1	369.09	369.09	15289.1	
1379	1	369.1	369.1	15290.9	
1380	1	369.14	369.14	15298	
1381	1	369.19	369.19	15306.9	
1382	1	369.19	369.19	15306.9	
1383	1	369.27	369.27	15321.1	
1384	1	369.3	369.3	15326.6	
1385	1	369.46	369.46	15355.1	
1386	1	369.72	369.72	15400.6	
1387	1	373.11	373.11	15450.2	
1388	1	373.2	373.2	15465.9	
1389	1	373.28	373.28	15479.9	
1390	1	376.78	376.78	15524	
1391	1	376.82	376.82	15530.7	
1392	1	378.78	378.78	15578.7	
1393	1	378.94	378.94	15605.3	
1394	1	380.76	380.76	15622.5	
1395	1	380.84	380.84	15635.8	
1396	1	381.05	381.05	15670	
1397	1	381.15	381.15	15686.3	
1398	1	381.19	381.19	15693.1	
1399	1	381.27	381.27	15706.3	
1400	1	381.42	381.42	15731.3	
1401	1	381.52	381.52	15748	
1402	1	383.28	383.28	15746.4	
1403	1	385.21	385.21	15766.3	
1404	1	385.5	385.5	15813.1	
1405	1	385.79	385.79	15857.8	
1406	1	385.97	385.97	15886.7	
1407	1	386.04	386.04	15898.1	
1408	1	386.07	386.07	15903	
1409	1	386.06	386.06	15901.3	
1410	1	386.08	386.08	15904.6	
1411	1	386.18	386.18	15921	
1412	1	386.47	386.47	15968.8	
1413	1	386.63	386.63	15995.4	
1414	1	386.81	386.81	16022.1	
1415	1	386.95	386.95	16042.3	
1416	1	387.27	387.27	16095.7	
1417	1	387.73	387.73	16173.1	
1418	1	387.86	387.86	16195.2	
1419	1	388.02	388.02	16222.5	
1420	1	388.2	388.2	16252.7	
1421	1	388.5	388.5	16302.5	
1422	1	389.15	389.15	16407.1	
1423	1	390.07	390.07	16545.8	
1424	1	390.57	390.57	16622.7	
1425	1	390.9	390.9	16677.1	
1426	1	391.51	391.51	16773.1	
1427	1	392.77	392.77	16950.5	
1428	1	393.22	393.22	17007.7	
1429	1	393.33	393.33	17024.9	
1430	1	393.34	393.34	17026.6	
1431	1	393.39	393.39	17035.1	
1432	1	394.03	394.03	17123.8	
1433	1	394.06	394.06	17128.7	
1434	1	394.25	394.25	17160.9	
1435	1	394.81	394.81	17235.6	
1436	1	395.07	395.07	17279.9	
1437	1	395.18	395.18	17298.5	
1438	1	395.18	395.18	17298.5	
1439	1	395.18	395.18	17298.4	
1440	1	395.17	395.17	17296.6	
1441	1	395.3	395.3	17319	
1442	1	395.5	395.5	17353.4	
1443	1	395.59	395.59	17369.1	
1444	1	395.92	395.92	17426.8	
1445	1	396.34	396.34	17500.5	
1446	1	396.48	396.48	17524.5	
1447	1	396.49	396.49	17526.3	
1448	1	396.56	396.56	17538.2	
1449	1	396.7	396.7	17562	
1450	1	397.05	397.05	17621.1	
1451	1	397.38	397.38	17676.7	
1452	1	397.73	397.73	17735.6	
1453	1	397.89	397.89	17762.4	
1454	1	398.2	398.2	17813.1	
1455	1	398.24	398.24	17819.1	
1456	1	398.33	398.33	17834.8	
1457	1	398.36	398.36	17840.1	
1458	1	398.58	398.58	17877.7	
1459	1	398.91	398.91	17933.4	
1460	1	399.02	399.02	17952.7	
1461	1	399.21	399.21	17984.7	
1462	1	399.23	399.23	17988.2	
1463	1	399.6	399.6	18052.2	
1464	1	399.94	399.94	18112.4	
1465	1	400.21	400.21	18160.5	
1466	1	400.23	400.23	18164.2	
1467	1	400.58	400.58	18227.2	
1468	1	400.91	400.91	18287.3	
1469	1	401.1	401.1	18322	
1470	1	401.22	401.22	18344.1	
1471	1	401.39	401.39	18375.4	
1472	1	401.43	401.43	18382.8	
1473	1	401.57	401.57	18408.9	
1474	1	401.69	401.69	18431.2	
1475	1	401.7	401.7	18433	
1476	1	401.7	401.7	18433	
1477	1	401.78	401.78	18447.3	
1478	1	402.07	402.07	18501	
1479	1	402.7	402.7	18619.9	
1480	1	402.94	402.94	18665.7	
1481	1	402.98	402.98	18673.3	
1482	1	403.02	403.02	18681	
1483	1	403.26	403.26	18724.1	
1484	1	403.41	403.41	18751.4	
1485	1	403.92	403.92	18844.7	
1486	1	405.02	405.02	19043	
1487	1	405.66	405.66	19156.7	
1488	1	405.8	405.8	19183.6	
1489	1	406.02	406.02	19226	
1490	1	406.12	406.12	19245.4	
1491	1	406.35	406.35	19290.1	
1492	1	406.7	406.7	19358.7	
1493	1	406.9	406.9	19398	
1494	1	407.02	407.02	19421.2	
1495	1	407.03	407.03	19423.2	
1496	1	407.12	407.12	19440.5	
1497	1	407.46	407.46	19506.7	
1498	1	407.81	407.81	19574.4	
1499	1	408	408	19611.1	
1500	1	408.22	408.22	19653.5	
1501	1	408.44	408.44	19696.5	
1502	1	408.8	408.8	19763.7	
1503	1	409.05	409.05	19813.4	
1504	1	409.05	409.05	19813.4	
1505	1	409.31	409.31	19861	
1506	1	409.46	409.46	19891	
1507	1	409.84	409.84	19962.6	
1508	1	410.05	410.05	20004.5	
1509	1	410.13	410.13	20020.5	
1510	1	410.39	410.39	20072	
1511	1	410.63	410.63	20119.8	
1512	1	410.95	410.95	20183.9	
1513	1	411.08	411.08	20210.4	
1514	1	411.39	411.39	20269.4	
1515	1	411.85	411.85	20356.1	
1516	1	411.88	411.88	20362.2	
1517	1	412.15	412.15	20416.9	
1518	1	412.25	412.25	20437.1	
1519	1	412.4	412.4	20467.7	
1520	1	412.7	412.7	20521.3	
1521	1	412.76	412.76	20533.6	
1522	1	413.31	413.31	20629.3	
1523	1	413.65	413.65	20697.7	
1524	1	413.9	413.9	20748.4	
1525	1	414.02	414.02	20773.1	
1526	1	414.07	414.07	20783.4	
1527	1	414.68	414.68	20909.8	
1528	1	414.82	414.82	20939.1	
1529	1	415.02	415.02	20980.9	
1530	1	415.39	415.39	21058.2	
1531	1	415.43	415.43	21066.6	
1532	1	415.7	415.7	21123.4	
1533	1	416.07	416.07	21198.8	
1534	1	416.07	416.07	21198.8	
1535	1	416.31	416.31	21248	
1536	1	416.56	416.56	21299.6	
1537	1	417.02	417.02	21384.2	
1538	1	417.73	417.73	21508.3	
1539	1	420.49	420.49	21758.6	
1540	1	422.01	422.01	21836.9	
1541	1	423.53	423.53	21910.7	
1542	1	423.85	423.85	21974.2	
1543	1	429.18	429.18	22043.3	
1544	1	429.23	429.23	22052.7	
1545	1	429.39	429.39	22083.1	
1546	1	434.11	434.11	21950.8	
1547	1	434.24	434.24	21974.5	
1548	1	434.47	434.47	22016.8	
1549	1	434.6	434.6	22040.8	
1550	1	434.83	434.83	22083.3	
1551	1	434.88	434.88	22092.6	
1552	1	434.94	434.94	22103.8	
1553	1	434.92	434.92	22099.7	
1554	1	435.04	435.04	22122.2	
1555	1	435.17	435.17	22146.4	
1556	1	435.23	435.23	22157.7	
1557	1	435.28	435.28	22167.1	
1558	1	435.54	435.54	22216.2	
1559	1	435.67	435.67	22241.2	
1560	1	435.77	435.77	22259.7	
1561	1	435.77	435.77	22259.7	
1562	1	435.78	435.78	22261.6	
1563	1	435.79	435.79	22263.5	
1564	1	435.79	435.79	22263.5	
1565	1	435.81	435.81	22267.4	
1566	1	436.23	436.23	22343.7	
1567	1	439.39	439.39	22072.4	
1568	1	439.99	439.99	22174.7	
1569	1	440.32	440.32	22233.6	
1570	1	440.75	440.75	22308.1	
1571	1	440.91	440.91	22337.8	
1572	1	441.24	441.24	22395.7	
1573	1	441.43	441.43	22430.8	
1574	1	441.43	441.43	22430.8	
1575	1	441.47	441.47	22438.2	
1576	1	441.47	441.47	22438.2	
1577	1	441.6	441.6	22462	
1578	1	441.73	441.73	22485.9	
1579	1	442.07	442.07	22545.1	
1580	1	442.2	442.2	22569.4	
1581	1	442.19	442.19	22567.5	
1582	1	442.46	442.46	22612.1	
1583	1	442.71	442.71	22653.1	
1584	1	442.97	442.97	22699.3	
1585	1	443.78	443.78	22793	
1586	1	445.23	445.23	22993.6	
1587	1	445.48	445.48	23035.5	
1588	1	445.94	445.94	23115.5	
1589	1	446.78	446.78	23208.2	
1590	1	447.07	447.07	23260.4	
1591	1	447.39	447.39	23315.9	
1592	1	447.48	447.48	23330	
1593	1	447.7	447.7	23367.6	
1594	1	447.85	447.85	23394.8	
1595	1	448.24	448.24	23465.6	
1596	1	448.57	448.57	23525.9	
1597	1	448.91	448.91	23587.8	
1598	1	449.21	449.21	23642.6	
1599	1	449.22	449.22	23644.4	
1600	1	449.41	449.41	23679.9	
1601	1	449.85	449.85	23762.2	
1602	1	450.24	450.24	23836	
1603	1	450.46	450.46	23877.7	
1604	1	450.67	450.67	23917.9	
1605	1	450.72	450.72	23927.5	
1606	1	450.79	450.79	23940.5	
1607	1	450.79	450.79	23940.5	
1608	1	450.79	450.79	23940.5	
1609	1	450.85	450.85	23951.7	
1610	1	451.08	451.08	23994	
1611	1	451.31	451.31	24035.6	
1612	1	451.3	451.3	24033.7	
1613	1	451.44	451.44	24059.2	
1614	1	451.68	451.68	24103.1	
1615	1	451.75	451.75	24116	
1616	1	451.82	451.82	24128.8	
1617	1	451.89	451.89	24141.6	
1618	1	451.89	451.89	24141.6	
1619	1	452.34	452.34	24222.2	
1620	1	452.43	452.43	24239.3	
1621	1	453.97	453.97	24448.7	
1622	1	457.71	457.71	24833.9	
1623	1	460.34	460.34	25074.8	
1624	1	460.47	460.47	25096.1	
1625	1	461.33	461.33	25170.3	
1626	1	463.14	463.14	25329.4	
1627	1	470.9	470.9	24125.1	
1628	1	479.43	479.43	21890.1	
1629	1	479.61	479.61	21913.5	
1630	1	488.23	488.23	19539.5	
1631	1	488.33	488.33	19551.8	
1632	1	488.55	488.55	19579	
1633	1	493.13	493.13	18365.5	
1634	1	501.76	501.76	15761.5	
1635	1	510.35	510.35	13005.5	
1636	1	514.73	514.73	11578.2	
1637	1	519.01	519.01	10106.3	
1638	1	519.17	519.17	10116.6	
1639	1	527.88	527.88	7016.79	
1640	1	536.52	536.52	3763.49	
1641	1	536.6	536.6	3765.8	
1642	1	536.72	536.72	3769.56	
1643	1	536.96	536.96	3777.46	
1644	1	537.11	537.11	3782.44	
1645	1	537.24	537.24	3786.4	
1646	1	537.62	537.62	3798.7	
1647	1	537.84	537.84	3805.77	
1648	1	537.91	537.91	3808	
1649	1	541.08	541.08	2901.45	
1650	1	541.1	541.1	2901.99	
1651	1	541.13	541.13	2902.73	
1652	1	541.13	541.13	2902.73	
1653	1	541.13	541.13	2902.67	
1654	1	541.21	541.21	2904.69	
1655	1	541.23	541.23	2905.22	
1656	1	541.3	541.3	2906.95	
1657	1	541.34	541.34	2907.88	
1658	1	541.38	541.38	2909	
1659	1	541.4	541.4	2909.56	
1660	1	541.51	541.51	2911.95	
1661	1	541.71	541.71	2915.87	
1662	1	541.88	541.88	2920.39	
1663	1	542	542	2923.7	
1664	1	545.35	545.35	1995.03	
1665	1	545.46	545.46	1997.25	
1666	1	545.54	545.54	1998.39	
1667	1	545.74	545.74	2002.67	
1668	1	546.11	546.11	2010.78	
1669	1	546.44	546.44	2017.67	
1670	1	546.68	546.68	2023.38	
1671	1	547	547	2030.48	
1672	1	547.15	547.15	2033.61	
1673	1	547.35	547.35	2038.57	
1674	1	547.57	547.57	2043.01	
1675	1	547.77	547.77	2047.24	
1676	1	547.94	547.94	2052.08	
1677	1	548.04	548.04	2054.44	
1678	1	548.18	548.18	2058.53	
1679	1	548.28	548.28	2061.28	
1680	1	548.54	548.54	2067.27	
1681	1	548.73	548.73	2071.36	
1682	1	549.01	549.01	2076.43	
1683	1	549.14	549.14	2079.42	
1684	1	549.26	549.26	2082.79	
1685	1	549.34	549.34	2085.06	
1686	1	549.45	549.45	2087.55	
1687	1	549.57	549.57	2090.23	
1688	1	549.68	549.68	2093.26	
1689	1	549.93	549.93	2098.47	
1690	1	550.11	550.11	2102.66	
1691	1	550.1	550.1	2102.37	
1692	1	557.26	557.26	107.052	
1693	1	557.88	557.88	97.3456	
1694	1	559.37	559.37	61.4931	
1695	1	560.35	560.35	56.9875	
1696	1	561.08	561.08	51.5336	
1697	1	561.54	561.54	50.8484	
1698	1	561.77	561.77	51.0971	
1699	1	562.29	562.29	44.4059	
1700	1	562.38	562.38	45.0756	
1701	1	562.43	562.43	45.5651	
1702	1	562.63	562.63	46.2731	
1703	1	562.72	562.72	46.8616	
1704	1	563.2	563.2	39.96	
1705	1	564.29	564.29	25.6859	
1706	1	564.49	564.49	26.8099	
1707	1	564.89	564.89	25.1579	
1708	1	565.07	565.07	26.8651	
1709	1	565.42	565.42	24.7036	
1710	1	565.79	565.79	22.2659	
1711	1	566.18	566.18	19.8876	
1712	1	566.36	566.36	20.6904	
1713	1	566.38	566.38	20.8956	
1714	1	566.41	566.41	21.3219	
1715	1	566.51	566.51	21.7899	
1716	1	566.73	566.73	23.6771	
1717	1	566.81	566.81	24.3739	
1718	1	566.91	566.91	25.6019	
1719	1	567.11	567.11	27.3979	
1720	1	567.48	567.48	30.8296	
1721	1	567.76	567.76	34.7024	
1722	1	568.04	568.04	38.5784	
1723	1	568.41	568.41	42.1419	
1724	1	568.49	568.49	43.4299	
1725	1	568.54	568.54	44.0284	
1726	1	568.89	568.89	48.0179	
1727	1	569.09	569.09	51.1019	
1728	1	569.43	569.43	55.1251	
1729	1	569.79	569.79	57.2659	
1730	1	570.18	570.18	60.1276	
1731	1	570.97	570.97	63.4091	
1732	1	571.37	571.37	65.8531	
1733	1	571.98	571.98	67.4796	
1734	1	573.44	573.44	66.9664	
1735	1	576.18	576.18	52.3476	
1736	1	576.55	576.55	49.8675	
1737	1	576.68	576.68	50.8176	
1738	1	576.73	576.73	51.2971	
1739	1	576.89	576.89	49.6779	
1740	1	577	577	50.4	
1741	1	577.08	577.08	50.8336	
1742	1	577.1	577.1	51.07	
1743	1	577.22	577.22	51.9716	
1744	1	577.37	577.37	53.1131	
1745	1	577.48	577.48	53.9896	
1746	1	577.49	577.49	53.9899	
1747	1	577.59	577.59	54.6819	
1748	1	577.72	577.72	55.8616	
1749	1	577.87	577.87	56.8931	
1750	1	577.97	577.97	57.9491	
1751	1	578.09	578.09	59.5219	
1752	1	578.15	578.15	60.1675	
1753	1	578.19	578.19	60.2539	
1754	1	578.23	578.23	60.7771	
1755	1	578.33	578.33	62.0211	
1756	1	578.44	578.44	62.8664	
1757	1	578.51	578.51	63.7099	
1758	1	578.53	578.53	63.9491	
1759	1	578.54	578.54	64.0884	
1760	1	578.53	578.53	63.9491	
1761	1	578.55	578.55	63.9875	
1762	1	578.59	578.59	64.4219	
1763	1	578.63	578.63	64.9731	
1764	1	578.94	578.94	69.2364	
1765	1	579.17	579.17	72.3811	
1766	1	579.27	579.27	73.6171	
1767	1	579.39	579.39	75.5779	
1768	1	579.56	579.56	78.0664	
1769	1	579.55	579.55	77.8475	
1770	1	579.7	579.7	79.89	
1771	1	579.75	579.75	80.7875	
1772	1	579.96	579.96	83.8584	
1773	1	580.02	580.02	84.8796	
1774	1	580.03	580.03	85.0491	
1775	1	580.07	580.07	85.8051	
1776	1	580.31	580.31	90.2739	
1777	1	580.32	580.32	90.4576	
1778	1	580.32	580.32	90.4576	
1779	1	580.32	580.32	90.4576	
1780	1	580.36	580.36	91.2704	
1781	1	580.44	580.44	92.8864	
1782	1	580.52	580.52	94.4896	
1783	1	580.74	580.74	99.1324	
1784	1	581.57	581.57	109.885	
1785	1	582.11	582.11	113.178	
1786	1	582.45	582.45	112.067	
1787	1	583.44	583.44	108.606	
1788	1	584.42	584.42	107.604	
1789	1	584.73	584.73	111.977	
1790	1	584.9	584.9	115.89	
1791	1	585.06	585.06	119.556	
1792	1	585.67	585.67	109.741	
1793	1	586.12	586.12	120.726	
1794	1	586.17	586.17	122.261	
1795	1	586.36	586.36	127.05	
1796	1	586.42	586.42	128.704	
1797	1	586.63	586.63	134.473	
1798	1	586.72	586.72	136.962	
1799	1	586.72	586.72	136.962	
1800	1	586.72	586.72	136.962	
1801	1	586.79	586.79	139.026	
1802	1	586.99	586.99	144.51	
1803	1	587.14	587.14	148.44	
1804	1	587.3	587.3	152.43	
1805	1	587.4	587.4	155.16	
1806	1	587.58	587.58	160.564	
1807	1	588.36	588.36	151.91	
1808	1	588.8	588.8	162.34	
1809	1	589	589	167.44	
1810	1	589.2	589.2	172.38	
1811	1	589.39	589.39	178.098	
1812	1	589.44	589.44	179.646	
1813	1	589.59	589.59	182.902	
1814	1	589.74	589.74	187.652	
1815	1	590.57	590.57	191.365	
1816	1	590.63	590.63	193.093	
1817	1	590.81	590.81	198.734	
1818	1	591.3	591.3	207.13	
1819	1	591.48	591.48	212.59	
1820	1	591.52	591.52	213.85	
1821	1	591.67	591.67	218.201	
1822	1	591.81	591.81	222.074	
1823	1	591.91	591.91	224.622	
1824	1	592.33	592.33	221.921	
1825	1	593.21	593.21	216.806	
1826	1	593.4	593.4	222.46	
1827	1	593.96	593.96	222.618	
1828	1	594.42	594.42	219.304	
1829	1	594.52	594.52	222.07	
1830	1	594.68	594.68	226.258	
1831	1	595.04	595.04	228.078	
1832	1	595.64	595.64	227.81	
1833	1	596.06	596.06	228.056	
1834	1	596.81	596.81	225.954	
1835	1	597.78	597.78	218.532	
1836	1	598.39	598.39	213.818	
1837	1	599.16	599.16	212.014	
1838	1	599.61	599.61	211.478	
1839	1	599.61	599.61	211.478	
1840	1	600.25	600.25	203.888	
1841	1	600.54	600.54	200.468	
1842	1	600.88	600.88	197.806	
1843	1	601.2	601.2	193.28	
1844	1	601.51	601.51	188.39	
1845	1	601.52	601.52	188.59	
1846	1	601.59	601.59	189.802	
1847	1	602.01	602.01	186.41	
1848	1	602.06	602.06	187.236	
1849	1	602.7	602.7	178.51	
1850	1	603.05	603.05	173.348	
1851	1	603.09	603.09	174.002	
1852	1	603.18	603.18	175.488	
1853	1	603.92	603.92	167.454	
1854	1	604.15	604.15	171.288	
1855	1	604.35	604.35	174.807	
1856	1	604.51	604.51	177.51	
1857	1	604.77	604.77	170.637	
1858	1	605.15	605.15	166.088	
1859	1	605.35	605.35	169.807	
1860	1	605.47	605.47	171.969	
1861	1	605.53	605.53	172.769	
1862	1	605.7	605.7	175.33	
1863	1	605.84	605.84	177.834	
1864	1	606.24	606.24	185.822	
1865	1	606.68	606.68	194.718	
1866	1	607.03	607.03	202.209	
1867	1	607.22	607.22	205.692	
1868	1	607.54	607.54	211.988	
1869	1	607.72	607.72	216.062	
1870	1	607.88	607.88	220.346	
1871	1	608.28	608.28	229.502	
1872	1	608.69	608.69	240.994	
1873	1	608.88	608.88	246.446	
1874	1	608.91	608.91	247.322	
1875	1	609.31	609.31	259.914	
1876	1	609.49	609.49	265.53	
1877	1	609.57	609.57	268.125	
1878	1	609.58	609.58	268.464	
1879	1	610	610	279.72	
1880	1	610.57	610.57	297.205	
1881	1	610.61	610.61	298.518	
1882	1	610.6	610.6	298.2	
1883	1	610.59	610.59	297.882	
1884	1	610.59	610.59	297.882	
1885	1	610.74	610.74	303.252	
1886	1	610.84	610.84	306.774	
1887	1	610.86	610.86	307.48	
1888	1	610.88	610.88	308.186	
1889	1	610.85	610.85	307.187	
1890	1	610.88	610.88	308.186	
1891	1	610.88	610.88	308.186	
1892	1	610.96	610.96	311.158	
1893	1	611.13	611.13	317.433	
1894	1	611.33	611.33	324.661	
1895	1	611.75	611.75	340.528	
1896	1	612.09	612.09	351.262	
1897	1	612.37	612.37	359.673	
1898	1	612.92	612.92	369.914	
1899	1	613.43	613.43	382.605	
1900	1	613.73	613.73	389.177	
1901	1	614.01	614.01	397.23	
1902	1	614.41	614.41	404.942	
1903	1	614.72	614.72	414.022	
1904	1	614.82	614.82	417.788	
1905	1	614.96	614.96	423.218	
1906	1	615.06	615.06	427.156	
1907	1	615.43	615.43	435.825	
1908	1	615.74	615.74	447.632	
1909	1	616.09	616.09	454.002	
1910	1	616.21	616.21	458.266	
1911	1	616.42	616.42	466.244	
1912	1	616.4	616.4	465.44	
1913	1	616.54	616.54	470.748	
1914	1	616.78	616.78	479.852	
1915	1	617.15	617.15	494.247	
1916	1	617.44	617.44	505.266	
1917	1	617.54	617.54	508.808	
1918	1	617.67	617.67	513.741	
1919	1	618.12	618.12	522.966	
1920	1	618.5	618.5	530.13	
1921	1	618.93	618.93	538.545	
1922	1	619.37	619.37	547.693	
1923	1	619.63	619.63	558.273	
1924	1	620.28	620.28	565.862	
1925	1	620.39	620.39	570.278	
1926	1	620.76	620.76	575.682	
1927	1	621.14	621.14	580.84	
1928	1	621.35	621.35	589.328	
1929	1	621.7	621.7	593.41	
1930	1	621.73	621.73	594.377	
1931	1	621.88	621.88	600.606	
1932	1	622.74	622.74	637.492	
1933	1	623.11	623.11	652.938	
1934	1	623.27	623.27	658.957	
1935	1	623.43	623.43	664.925	
1936	1	623.44	623.44	665.386	
1937	1	623.6	623.6	672.22	
1938	1	623.7	623.7	676.59	
1939	1	623.79	623.79	680.686	
1940	1	623.89	623.89	684.518	
1941	1	624.04	624.04	689.818	
1942	1	624.17	624.17	695.021	
1943	1	624.28	624.28	698.382	
1944	1	624.28	624.28	698.382	
1945	1	624.37	624.37	701.653	
1946	1	624.48	624.48	705.81	
1947	1	624.66	624.66	714.044	
1948	1	624.79	624.79	720.126	
1949	1	625.17	625.17	738.421	
1950	1	625.45	625.45	751.347	
1951	1	625.5	625.5	753.63	
1952	1	625.51	625.51	754.05	
1953	1	625.94	625.94	773.656	
1954	1	626.18	626.18	783.928	
1955	1	626.32	626.32	789.798	
1956	1	626.47	626.47	796.869	
1957	1	626.66	626.66	805.424	
1958	1	627.23	627.23	829.977	
1959	1	628.14	628.14	864.24	
1960	1	628.8	628.8	894.68	
1961	1	629.33	629.33	921.401	
1962	1	630.07	630.07	937.905	
1963	1	630.19	630.19	944.234	
1964	1	631.39	631.39	923.358	
1965	1	631.39	631.39	923.358	
1966	1	631.42	631.42	924.924	
1967	1	631.67	631.67	938.101	
1968	1	631.79	631.79	944.406	
1969	1	632.12	632.12	962.226	
1970	1	632.26	632.26	969.772	
1971	1	632.26	632.26	969.772	
1972	1	632.26	632.26	969.772	
1973	1	632.26	632.26	969.772	
1974	1	632.26	632.26	969.772	
1975	1	632.33	632.33	973.721	
1976	1	632.41	632.41	978.222	
1977	1	632.55	632.55	985.168	
1978	1	632.6	632.6	987.96	
1979	1	632.84	632.84	999.534	
1980	1	632.92	632.92	1004.09	
1981	1	633.04	633.04	1010.9	
1982	1	633.29	633.29	1024.07	
1983	1	633.49	633.49	1035.69	
1984	1	633.88	633.88	1057.29	
1985	1	634.5	634.5	1088.73	
1986	1	635.51	635.51	1075.19	
1987	1	635.84	635.84	1091.11	
1988	1	636.15	636.15	1106.15	
1989	1	636.52	636.52	1124.39	
1990	1	636.72	636.72	1136.04	
1991	1	637.1	637.1	1156.21	
1992	1	637.17	637.17	1160.36	
1993	1	637.73	637.73	1187.36	
1994	1	638.06	638.06	1206.52	
1995	1	638.66	638.66	1237.52	
1996	1	638.81	638.81	1244.01	
1997	1	638.88	638.88	1248.19	
1998	1	638.96	638.96	1252.92	
1999	1	639.33	639.33	1275.56	
2000	1	639.51	639.51	1286.69	
