# mu = 0.01, s = 0.01, trials requested = 1, runtime = 0:00:08
# "Time"	"Actual trials"	"Mean mutation"	"Average mean mutation"	"Average mutation variance"
0	1	0	0	0	
1	1	0	0	0	
2	1	0.01	0.01	0.0099	
3	1	0.01	0.01	0.0099	
4	1	0.01	0.01	0.0099	
5	1	0.01	0.01	0.0099	
6	1	0.01	0.01	0.0099	
7	1	0.03	0.03	0.0291	
8	1	0.01	0.01	0.0099	
9	1	0.01	0.01	0.0099	
10	1	0.01	0.01	0.0099	
11	1	0.03	0.03	0.0291	
12	1	0.03	0.03	0.0291	
13	1	0.04	0.04	0.0384	
14	1	0.02	0.02	0.0196	
15	1	0.03	0.03	0.0291	
16	1	0.07	0.07	0.0651	
17	1	0.1	0.1	0.11	
18	1	0.12	0.12	0.1456	
19	1	0.15	0.15	0.1475	
20	1	0.15	0.15	0.1275	
21	1	0.2	0.2	0.16	
22	1	0.29	0.29	0.2059	
23	1	0.25	0.25	0.1875	
24	1	0.24	0.24	0.1824	
25	1	0.24	0.24	0.1824	
26	1	0.24	0.24	0.1824	
27	1	0.22	0.22	0.1716	
28	1	0.29	0.29	0.2059	
29	1	0.23	0.23	0.1771	
30	1	0.26	0.26	0.1924	
31	1	0.19	0.19	0.1539	
32	1	0.26	0.26	0.2324	
33	1	0.2	0.2	0.16	
34	1	0.22	0.22	0.1716	
35	1	0.15	0.15	0.1275	
36	1	0.16	0.16	0.1544	
37	1	0.23	0.23	0.2771	
38	1	0.21	0.21	0.1859	
39	1	0.19	0.19	0.1539	
40	1	0.2	0.2	0.16	
41	1	0.16	0.16	0.1344	
42	1	0.17	0.17	0.1411	
43	1	0.2	0.2	0.16	
44	1	0.19	0.19	0.1739	
45	1	0.18	0.18	0.1476	
46	1	0.13	0.13	0.1131	
47	1	0.14	0.14	0.1204	
48	1	0.14	0.14	0.1204	
49	1	0.2	0.2	0.2	
50	1	0.23	0.23	0.2171	
51	1	0.27	0.27	0.4571	
52	1	0.25	0.25	0.4275	
53	1	0.27	0.27	0.3771	
54	1	0.23	0.23	0.2371	
55	1	0.23	0.23	0.1971	
56	1	0.19	0.19	0.1539	
57	1	0.17	0.17	0.1411	
58	1	0.18	0.18	0.1476	
59	1	0.2	0.2	0.16	
60	1	0.21	0.21	0.1659	
61	1	0.26	0.26	0.1924	
62	1	0.3	0.3	0.21	
63	1	0.33	0.33	0.2211	
64	1	0.32	0.32	0.2376	
65	1	0.34	0.34	0.2444	
66	1	0.35	0.35	0.2675	
67	1	0.38	0.38	0.3356	
68	1	0.42	0.42	0.3236	
69	1	0.41	0.41	0.4019	
70	1	0.52	0.52	0.3896	
71	1	0.42	0.42	0.2636	
72	1	0.35	0.35	0.2275	
73	1	0.4	0.4	0.24	
74	1	0.33	0.33	0.2411	
75	1	0.38	0.38	0.2356	
76	1	0.44	0.44	0.2664	
77	1	0.47	0.47	0.2691	
78	1	0.5	0.5	0.27	
79	1	0.52	0.52	0.2496	
80	1	0.52	0.52	0.2496	
81	1	0.52	0.52	0.2496	
82	1	0.39	0.39	0.2379	
83	1	0.47	0.47	0.2891	
84	1	0.49	0.49	0.2899	
85	1	0.52	0.52	0.2696	
86	1	0.52	0.52	0.2496	
87	1	0.54	0.54	0.2484	
88	1	0.56	0.56	0.2464	
89	1	0.59	0.59	0.2419	
90	1	0.61	0.61	0.2379	
91	1	0.61	0.61	0.2379	
92	1	0.63	0.63	0.2331	
93	1	0.68	0.68	0.2376	
94	1	0.62	0.62	0.2356	
95	1	0.66	0.66	0.2644	
96	1	0.66	0.66	0.2244	
97	1	0.62	0.62	0.2556	
98	1	0.62	0.62	0.2356	
99	1	0.63	0.63	0.2531	
100	1	0.64	0.64	0.2904	
101	1	0.75	0.75	0.4675	
102	1	0.76	0.76	0.4624	
103	1	0.75	0.75	0.4675	
104	1	0.79	0.79	0.5059	
105	1	0.87	0.87	0.4331	
106	1	0.95	0.95	0.5475	
107	1	1	1	0.58	
108	1	1.04	1.04	0.7584	
109	1	1.02	1.02	0.7396	
110	1	0.94	0.94	0.6364	
111	1	0.93	0.93	0.6251	
112	1	1	1	0.82	
113	1	1.02	1.02	0.7996	
114	1	1.01	1.01	0.8099	
115	1	1.17	1.17	1.1211	
116	1	1.05	1.05	0.8275	
117	1	1.05	1.05	0.8275	
118	1	1.05	1.05	0.9675	
119	1	1.01	1.01	0.8699	
120	1	0.96	0.96	0.8784	
121	1	0.95	0.95	0.8275	
122	1	0.9	0.9	0.71	
123	1	0.86	0.86	0.3804	
124	1	0.85	0.85	0.3675	
125	1	0.77	0.77	0.2571	
126	1	0.75	0.75	0.3675	
127	1	0.75	0.75	0.1875	
128	1	0.79	0.79	0.2059	
129	1	0.8	0.8	0.18	
130	1	0.76	0.76	0.2024	
131	1	0.85	0.85	0.2275	
132	1	0.83	0.83	0.2411	
133	1	0.85	0.85	0.2675	
134	1	0.8	0.8	0.24	
135	1	0.86	0.86	0.3204	
136	1	0.93	0.93	0.3651	
137	1	0.83	0.83	0.3411	
138	1	0.86	0.86	0.4604	
139	1	0.82	0.82	0.4876	
140	1	0.83	0.83	0.5011	
141	1	0.88	0.88	0.6456	
142	1	0.94	0.94	0.6764	
143	1	0.87	0.87	0.5531	
144	1	0.93	0.93	0.7251	
145	1	1	1	0.76	
146	1	1.11	1.11	0.6379	
147	1	1.16	1.16	0.6144	
148	1	1.12	1.12	0.5256	
149	1	1.1	1.1	0.47	
150	1	1.14	1.14	0.5004	
151	1	1.12	1.12	0.5656	
152	1	1.09	1.09	0.5419	
153	1	1.11	1.11	0.4779	
154	1	1.05	1.05	0.4275	
155	1	1.04	1.04	0.5184	
156	1	1.07	1.07	0.5851	
157	1	1.05	1.05	0.4875	
158	1	1.09	1.09	0.6019	
159	1	1.15	1.15	0.7075	
160	1	1.09	1.09	0.6219	
161	1	1.09	1.09	0.5219	
162	1	1.1	1.1	0.51	
163	1	1.08	1.08	0.4936	
164	1	1.03	1.03	0.5691	
165	1	0.97	0.97	0.4091	
166	1	0.97	0.97	0.4491	
167	1	0.87	0.87	0.3931	
168	1	0.86	0.86	0.4004	
169	1	0.84	0.84	0.3544	
170	1	0.94	0.94	0.3764	
171	1	0.9	0.9	0.35	
172	1	0.9	0.9	0.35	
173	1	0.9	0.9	0.33	
174	1	0.87	0.87	0.3131	
175	1	0.84	0.84	0.2944	
176	1	0.81	0.81	0.2339	
177	1	0.84	0.84	0.2344	
178	1	0.92	0.92	0.2336	
179	1	0.94	0.94	0.2364	
180	1	0.93	0.93	0.2051	
181	1	0.98	0.98	0.2396	
182	1	1.06	1.06	0.3364	
183	1	1.07	1.07	0.3651	
184	1	1	1	0.26	
185	1	0.99	0.99	0.3899	
186	1	1	1	0.36	
187	1	1.04	1.04	0.3784	
188	1	0.98	0.98	0.3196	
189	1	1.01	1.01	0.3299	
190	1	1.01	1.01	0.2699	
191	1	1.02	1.02	0.2796	
192	1	1.06	1.06	0.2964	
193	1	1.15	1.15	0.4075	
194	1	1.13	1.13	0.3731	
195	1	1.24	1.24	0.3824	
196	1	1.23	1.23	0.3971	
197	1	1.27	1.27	0.5371	
198	1	1.23	1.23	0.4971	
199	1	1.23	1.23	0.4771	
200	1	1.1	1.1	0.41	
201	1	1.09	1.09	0.4219	
202	1	1.11	1.11	0.4379	
203	1	1.16	1.16	0.4744	
204	1	1.09	1.09	0.3419	
205	1	1.09	1.09	0.3619	
206	1	1.13	1.13	0.3531	
207	1	1.24	1.24	0.4224	
208	1	1.26	1.26	0.4324	
209	1	1.32	1.32	0.4576	
210	1	1.32	1.32	0.4376	
211	1	1.36	1.36	0.4704	
212	1	1.36	1.36	0.4704	
213	1	1.39	1.39	0.5379	
214	1	1.46	1.46	0.5484	
215	1	1.48	1.48	0.5496	
216	1	1.52	1.52	0.5896	
217	1	1.5	1.5	0.67	
218	1	1.62	1.62	0.7356	
219	1	1.65	1.65	0.9275	
220	1	1.77	1.77	0.8971	
221	1	1.87	1.87	0.8531	
222	1	1.87	1.87	0.8531	
223	1	1.84	1.84	0.7944	
224	1	1.81	1.81	0.7739	
225	1	1.76	1.76	0.8024	
226	1	1.79	1.79	0.9059	
227	1	1.79	1.79	0.8859	
228	1	1.63	1.63	0.8131	
229	1	1.7	1.7	0.79	
230	1	1.63	1.63	0.8731	
231	1	1.59	1.59	1.0619	
232	1	1.56	1.56	0.9664	
233	1	1.58	1.58	1.0236	
234	1	1.56	1.56	1.0264	
235	1	1.51	1.51	0.9099	
236	1	1.43	1.43	0.8451	
237	1	1.46	1.46	0.8484	
238	1	1.56	1.56	0.9064	
239	1	1.55	1.55	0.9075	
240	1	1.51	1.51	0.9699	
241	1	1.57	1.57	1.0251	
242	1	1.66	1.66	1.0844	
243	1	1.67	1.67	1.0211	
244	1	1.63	1.63	1.0331	
245	1	1.58	1.58	0.9836	
246	1	1.58	1.58	1.0436	
247	1	1.61	1.61	1.0379	
248	1	1.7	1.7	1.07	
249	1	1.74	1.74	1.0524	
250	1	1.71	1.71	1.0659	
251	1	1.72	1.72	1.0416	
252	1	1.75	1.75	1.1075	
253	1	1.72	1.72	1.0416	
254	1	1.7	1.7	1.05	
255	1	1.71	1.71	1.1059	
256	1	1.77	1.77	1.0571	
257	1	1.85	1.85	1.0275	
258	1	1.88	1.88	1.1056	
259	1	1.86	1.86	1.1204	
260	1	1.86	1.86	1.1004	
261	1	1.8	1.8	1.22	
262	1	1.86	1.86	1.4604	
263	1	1.88	1.88	1.5256	
264	1	1.68	1.68	1.1576	
265	1	1.77	1.77	1.2571	
266	1	1.79	1.79	1.1659	
267	1	1.92	1.92	1.4736	
268	1	2.04	2.04	1.2584	
269	1	2.02	2.02	1.1396	
270	1	2.05	2.05	1.1275	
271	1	2.02	2.02	1.2396	
272	1	2	2	1.3	
273	1	1.92	1.92	1.2936	
274	1	1.9	1.9	1.21	
275	1	1.81	1.81	1.1939	
276	1	1.75	1.75	1.1675	
277	1	1.68	1.68	1.0776	
278	1	1.73	1.73	0.9171	
279	1	1.79	1.79	0.9659	
280	1	1.87	1.87	0.9131	
281	1	1.83	1.83	0.8611	
282	1	1.84	1.84	0.9144	
283	1	1.84	1.84	0.8944	
284	1	1.83	1.83	0.9811	
285	1	1.86	1.86	1.0004	
286	1	1.89	1.89	1.1179	
287	1	1.98	1.98	0.9596	
288	1	1.86	1.86	0.9404	
289	1	1.85	1.85	1.0675	
290	1	1.8	1.8	1.16	
291	1	1.8	1.8	1.32	
292	1	1.8	1.8	1.22	
293	1	1.85	1.85	1.2875	
294	1	1.81	1.81	1.2139	
295	1	1.87	1.87	1.2131	
296	1	1.88	1.88	1.3656	
297	1	1.88	1.88	1.2656	
298	1	1.94	1.94	1.3364	
299	1	1.96	1.96	1.4184	
300	1	2.04	2.04	1.5184	
301	1	1.99	1.99	1.3299	
302	1	1.95	1.95	1.2075	
303	1	1.83	1.83	1.2811	
304	1	1.77	1.77	1.2971	
305	1	1.87	1.87	1.2531	
306	1	1.93	1.93	1.3451	
307	1	1.94	1.94	1.2364	
308	1	2.09	2.09	1.2019	
309	1	2.02	2.02	1.2196	
310	1	1.98	1.98	1.1996	
311	1	2.08	2.08	1.0336	
312	1	2.14	2.14	0.9004	
313	1	2.28	2.28	0.8816	
314	1	2.3	2.3	0.71	
315	1	2.31	2.31	0.8139	
316	1	2.49	2.49	0.7699	
317	1	2.45	2.45	0.8275	
318	1	2.44	2.44	0.8664	
319	1	2.47	2.47	0.7691	
320	1	2.55	2.55	0.9875	
321	1	2.46	2.46	1.0684	
322	1	2.56	2.56	1.0864	
323	1	2.66	2.66	0.8644	
324	1	2.78	2.78	0.7116	
325	1	2.81	2.81	0.5539	
326	1	2.77	2.77	0.5771	
327	1	2.88	2.88	0.6456	
328	1	2.9	2.9	0.67	
329	1	3.02	3.02	0.7196	
330	1	2.99	2.99	0.7299	
331	1	2.88	2.88	0.7256	
332	1	2.88	2.88	0.7256	
333	1	3.04	3.04	0.7784	
334	1	3.11	3.11	0.8179	
335	1	3.21	3.21	0.7859	
336	1	3.27	3.27	0.9571	
337	1	3.26	3.26	0.8124	
338	1	3.22	3.22	0.9716	
339	1	3.24	3.24	1.1024	
340	1	3.31	3.31	1.2339	
341	1	3.25	3.25	1.2275	
342	1	3.32	3.32	1.1576	
343	1	3.21	3.21	1.0259	
344	1	3.17	3.17	1.0811	
345	1	3.21	3.21	1.2059	
346	1	3.12	3.12	1.1456	
347	1	3.24	3.24	1.2824	
348	1	3.29	3.29	1.2659	
349	1	3.17	3.17	1.2411	
350	1	3.24	3.24	1.2624	
351	1	3.29	3.29	1.2059	
352	1	3.25	3.25	1.1875	
353	1	3.22	3.22	1.2316	
354	1	3.35	3.35	1.1875	
355	1	3.31	3.31	1.1339	
356	1	3.37	3.37	1.2731	
357	1	3.34	3.34	1.3644	
358	1	3.4	3.4	1.4	
359	1	3.44	3.44	1.3664	
360	1	3.31	3.31	1.5339	
361	1	3.26	3.26	1.5724	
362	1	3.3	3.3	1.59	
363	1	3.32	3.32	1.6376	
364	1	3.29	3.29	1.6459	
365	1	3.19	3.19	1.6739	
366	1	3.13	3.13	1.6331	
367	1	3.12	3.12	1.4656	
368	1	3.11	3.11	1.5179	
369	1	3.18	3.18	1.4476	
370	1	3.14	3.14	1.3604	
371	1	3.14	3.14	1.4204	
372	1	3.2	3.2	1.5	
373	1	3.17	3.17	1.4411	
374	1	3.17	3.17	1.4611	
375	1	3.12	3.12	1.5256	
376	1	3.2	3.2	1.46	
377	1	3.18	3.18	1.4076	
378	1	3.21	3.21	1.3059	
379	1	3.17	3.17	1.3211	
380	1	3.35	3.35	1.1275	
381	1	3.34	3.34	0.9844	
382	1	3.29	3.29	0.9059	
383	1	3.27	3.27	0.9771	
384	1	3.22	3.22	0.8316	
385	1	3.23	3.23	0.8571	
386	1	3.32	3.32	0.9776	
387	1	3.35	3.35	1.1075	
388	1	3.34	3.34	1.1844	
389	1	3.42	3.42	1.0836	
390	1	3.48	3.48	0.8896	
391	1	3.45	3.45	0.9675	
392	1	3.44	3.44	1.0064	
393	1	3.44	3.44	0.9064	
394	1	3.51	3.51	0.9499	
395	1	3.48	3.48	0.9296	
396	1	3.49	3.49	0.9899	
397	1	3.48	3.48	0.9096	
398	1	3.53	3.53	0.9291	
399	1	3.65	3.65	0.8875	
400	1	3.7	3.7	0.87	
401	1	3.73	3.73	0.8971	
402	1	3.67	3.67	1.0211	
403	1	3.7	3.7	0.97	
404	1	3.76	3.76	0.9424	
405	1	3.85	3.85	0.6875	
406	1	3.85	3.85	0.7275	
407	1	3.92	3.92	0.6136	
408	1	4.04	4.04	0.5384	
409	1	4.06	4.06	0.6964	
410	1	4.06	4.06	0.6964	
411	1	4.04	4.04	0.7584	
412	1	3.98	3.98	0.8596	
413	1	4.02	4.02	0.8796	
414	1	4.06	4.06	0.8564	
415	1	4.24	4.24	0.8624	
416	1	4.26	4.26	0.9524	
417	1	4.23	4.23	0.7971	
418	1	4.23	4.23	0.7571	
419	1	4.26	4.26	0.6724	
420	1	4.29	4.29	0.6259	
421	1	4.36	4.36	0.3504	
422	1	4.39	4.39	0.3979	
423	1	4.45	4.45	0.3875	
424	1	4.47	4.47	0.3691	
425	1	4.31	4.31	0.3339	
426	1	4.28	4.28	0.3416	
427	1	4.3	4.3	0.37	
428	1	4.22	4.22	0.4316	
429	1	4.24	4.24	0.4424	
430	1	4.31	4.31	0.4939	
431	1	4.33	4.33	0.5811	
432	1	4.35	4.35	0.5275	
433	1	4.31	4.31	0.5339	
434	1	4.33	4.33	0.6011	
435	1	4.3	4.3	0.57	
436	1	4.28	4.28	0.4616	
437	1	4.3	4.3	0.41	
438	1	4.31	4.31	0.4939	
439	1	4.28	4.28	0.5016	
440	1	4.23	4.23	0.4571	
441	1	4.18	4.18	0.4076	
442	1	4.24	4.24	0.4424	
443	1	4.22	4.22	0.4316	
444	1	4.21	4.21	0.4059	
445	1	4.27	4.27	0.3971	
446	1	4.34	4.34	0.4044	
447	1	4.33	4.33	0.3611	
448	1	4.34	4.34	0.3644	
449	1	4.32	4.32	0.3776	
450	1	4.32	4.32	0.3776	
451	1	4.28	4.28	0.3416	
452	1	4.24	4.24	0.3424	
453	1	4.24	4.24	0.3624	
454	1	4.22	4.22	0.3516	
455	1	4.22	4.22	0.3116	
456	1	4.24	4.24	0.4024	
457	1	4.21	4.21	0.4459	
458	1	4.3	4.3	0.51	
459	1	4.31	4.31	0.4939	
460	1	4.26	4.26	0.4324	
461	1	4.29	4.29	0.4659	
462	1	4.37	4.37	0.5331	
463	1	4.36	4.36	0.5904	
464	1	4.34	4.34	0.6044	
465	1	4.35	4.35	0.5875	
466	1	4.34	4.34	0.5644	
467	1	4.32	4.32	0.4776	
468	1	4.31	4.31	0.4739	
469	1	4.37	4.37	0.4131	
470	1	4.47	4.47	0.4891	
471	1	4.45	4.45	0.5075	
472	1	4.49	4.49	0.4899	
473	1	4.48	4.48	0.5296	
474	1	4.48	4.48	0.4696	
475	1	4.52	4.52	0.4696	
476	1	4.53	4.53	0.4691	
477	1	4.51	4.51	0.4899	
478	1	4.57	4.57	0.4451	
479	1	4.54	4.54	0.4884	
480	1	4.52	4.52	0.5296	
481	1	4.51	4.51	0.5299	
482	1	4.51	4.51	0.5299	
483	1	4.47	4.47	0.5491	
484	1	4.54	4.54	0.5884	
485	1	4.54	4.54	0.6484	
486	1	4.59	4.59	0.6619	
487	1	4.56	4.56	0.6664	
488	1	4.66	4.66	0.7444	
489	1	4.66	4.66	0.6644	
490	1	4.67	4.67	0.7211	
491	1	4.66	4.66	0.7244	
492	1	4.71	4.71	0.7259	
493	1	4.66	4.66	0.7844	
494	1	4.7	4.7	0.83	
495	1	4.68	4.68	0.9176	
496	1	4.63	4.63	0.8731	
497	1	4.65	4.65	0.8475	
498	1	4.65	4.65	0.9675	
499	1	4.64	4.64	0.9704	
500	1	4.65	4.65	0.9675	
501	1	4.6	4.6	0.98	
502	1	4.63	4.63	0.9731	
503	1	4.58	4.58	0.8636	
504	1	4.6	4.6	0.88	
505	1	4.66	4.66	0.9244	
506	1	4.68	4.68	0.9176	
507	1	4.66	4.66	0.8644	
508	1	4.77	4.77	0.9171	
509	1	4.76	4.76	0.7424	
510	1	4.73	4.73	0.7371	
511	1	4.74	4.74	0.7924	
512	1	4.78	4.78	0.7716	
513	1	4.78	4.78	0.6916	
514	1	4.87	4.87	0.6931	
515	1	4.89	4.89	0.6179	
516	1	4.91	4.91	0.6419	
517	1	4.97	4.97	0.6491	
518	1	4.9	4.9	0.55	
519	1	4.9	4.9	0.47	
520	1	4.9	4.9	0.49	
521	1	4.89	4.89	0.5379	
522	1	4.88	4.88	0.4856	
523	1	4.87	4.87	0.4331	
524	1	4.86	4.86	0.4004	
525	1	4.89	4.89	0.4379	
526	1	4.89	4.89	0.4379	
527	1	4.94	4.94	0.4164	
528	1	4.91	4.91	0.4419	
529	1	4.92	4.92	0.3936	
530	1	4.92	4.92	0.3736	
531	1	4.95	4.95	0.3875	
532	1	4.98	4.98	0.3596	
533	1	4.95	4.95	0.3475	
534	1	5	5	0.36	
535	1	4.99	4.99	0.3299	
536	1	5.03	5.03	0.3291	
537	1	5.09	5.09	0.3419	
538	1	5.1	5.1	0.37	
539	1	5.18	5.18	0.4276	
540	1	5.31	5.31	0.6339	
541	1	5.37	5.37	0.6331	
542	1	5.34	5.34	0.5244	
543	1	5.27	5.27	0.4971	
544	1	5.33	5.33	0.5211	
545	1	5.33	5.33	0.5611	
546	1	5.31	5.31	0.5739	
547	1	5.2	5.2	0.5	
548	1	5.24	5.24	0.5624	
549	1	5.23	5.23	0.6771	
550	1	5.17	5.17	0.5811	
551	1	5.08	5.08	0.5136	
552	1	5	5	0.44	
553	1	5.01	5.01	0.4499	
554	1	5.05	5.05	0.5075	
555	1	5.05	5.05	0.5275	
556	1	5.05	5.05	0.4475	
557	1	5.03	5.03	0.4691	
558	1	5.03	5.03	0.4891	
559	1	5.02	5.02	0.4596	
560	1	4.98	4.98	0.4196	
561	1	5.02	5.02	0.4596	
562	1	5.05	5.05	0.4875	
563	1	5.09	5.09	0.6819	
564	1	5.05	5.05	0.6275	
565	1	5.06	5.06	0.7364	
566	1	4.98	4.98	0.6196	
567	1	4.95	4.95	0.5275	
568	1	4.98	4.98	0.5796	
569	1	4.94	4.94	0.5364	
570	1	4.87	4.87	0.4731	
571	1	4.81	4.81	0.4139	
572	1	4.82	4.82	0.3876	
573	1	4.82	4.82	0.3876	
574	1	4.84	4.84	0.3944	
575	1	4.81	4.81	0.3539	
576	1	4.83	4.83	0.4011	
577	1	4.9	4.9	0.51	
578	1	4.82	4.82	0.4476	
579	1	4.85	4.85	0.4875	
580	1	4.91	4.91	0.6819	
581	1	4.92	4.92	0.7336	
582	1	4.98	4.98	0.7996	
583	1	4.99	4.99	0.7699	
584	1	5.05	5.05	0.8275	
585	1	5.01	5.01	0.7499	
586	1	5.06	5.06	0.7164	
587	1	5.08	5.08	0.7936	
588	1	5.07	5.07	0.7651	
589	1	5.07	5.07	0.7251	
590	1	5.11	5.11	0.7779	
591	1	5.24	5.24	0.9624	
592	1	5.35	5.35	1.1875	
593	1	5.22	5.22	0.9716	
594	1	5.12	5.12	0.8056	
595	1	5.01	5.01	0.5899	
596	1	5.01	5.01	0.5899	
597	1	5.05	5.05	0.7275	
598	1	5.1	5.1	0.75	
599	1	5.07	5.07	0.7251	
600	1	5.11	5.11	0.7779	
601	1	5.16	5.16	0.8544	
602	1	5.31	5.31	1.1139	
603	1	5.31	5.31	1.1539	
604	1	5.3	5.3	1.07	
605	1	5.29	5.29	1.0659	
606	1	5.3	5.3	1.17	
607	1	5.36	5.36	1.2704	
608	1	5.25	5.25	1.0275	
609	1	5.17	5.17	0.7411	
610	1	5.17	5.17	0.7411	
611	1	5.15	5.15	0.7075	
612	1	5.19	5.19	0.8339	
613	1	5.25	5.25	0.9075	
614	1	5.22	5.22	0.8916	
615	1	5.24	5.24	1.0024	
616	1	5.31	5.31	1.0339	
617	1	5.38	5.38	0.9756	
618	1	5.46	5.46	0.9484	
619	1	5.52	5.52	0.9696	
620	1	5.62	5.62	1.0756	
621	1	5.75	5.75	1.1675	
622	1	5.75	5.75	1.0875	
623	1	5.71	5.71	1.0059	
624	1	5.7	5.7	0.95	
625	1	5.67	5.67	0.9011	
626	1	5.67	5.67	0.8811	
627	1	5.73	5.73	0.9371	
628	1	5.67	5.67	0.9611	
629	1	5.66	5.66	0.8044	
630	1	5.55	5.55	0.7675	
631	1	5.48	5.48	0.7896	
632	1	5.5	5.5	0.75	
633	1	5.44	5.44	0.7664	
634	1	5.36	5.36	0.6704	
635	1	5.38	5.38	0.8756	
636	1	5.59	5.59	1.0019	
637	1	5.44	5.44	0.9664	
638	1	5.54	5.54	0.8284	
639	1	5.49	5.49	0.8899	
640	1	5.41	5.41	0.9219	
641	1	5.35	5.35	0.8875	
642	1	5.41	5.41	0.8619	
643	1	5.33	5.33	0.9011	
644	1	5.34	5.34	0.7844	
645	1	5.28	5.28	0.8416	
646	1	5.28	5.28	0.9016	
647	1	5.33	5.33	1.0211	
648	1	5.54	5.54	1.1484	
649	1	5.56	5.56	1.2064	
650	1	5.56	5.56	1.1064	
651	1	5.57	5.57	1.2051	
652	1	5.73	5.73	1.2571	
653	1	5.65	5.65	1.2275	
654	1	5.5	5.5	1.19	
655	1	5.46	5.46	1.1884	
656	1	5.38	5.38	1.2156	
657	1	5.58	5.58	1.2436	
658	1	5.68	5.68	1.2176	
659	1	5.72	5.72	1.2616	
660	1	5.73	5.73	1.3371	
661	1	5.76	5.76	1.3024	
662	1	5.74	5.74	1.4524	
663	1	5.68	5.68	1.4576	
664	1	5.74	5.74	1.4124	
665	1	5.64	5.64	1.3904	
666	1	5.7	5.7	1.51	
667	1	5.79	5.79	1.7059	
668	1	5.62	5.62	1.5956	
669	1	5.66	5.66	1.6444	
670	1	5.76	5.76	1.7224	
671	1	5.76	5.76	1.8224	
672	1	5.79	5.79	1.8659	
673	1	6.01	6.01	1.8899	
674	1	6.09	6.09	2.0419	
675	1	6.14	6.14	1.9204	
676	1	6.14	6.14	1.8004	
677	1	6.12	6.12	1.5456	
678	1	6.01	6.01	1.4899	
679	1	5.94	5.94	1.3364	
680	1	5.98	5.98	1.2596	
681	1	5.91	5.91	1.4819	
682	1	5.97	5.97	1.5491	
683	1	6.06	6.06	1.5964	
684	1	6.15	6.15	1.6075	
685	1	6.15	6.15	1.7675	
686	1	6.2	6.2	1.78	
687	1	6.18	6.18	1.7476	
688	1	6.38	6.38	1.9356	
689	1	6.4	6.4	2.24	
690	1	6.53	6.53	2.8691	
691	1	6.56	6.56	3.4264	
692	1	6.65	6.65	3.5075	
693	1	6.63	6.63	3.5531	
694	1	6.57	6.57	3.4851	
695	1	6.7	6.7	4.23	
696	1	6.87	6.87	4.3931	
697	1	6.79	6.79	4.3659	
698	1	6.76	6.76	4.3224	
699	1	6.76	6.76	4.5624	
700	1	6.73	6.73	4.4571	
701	1	6.73	6.73	4.7371	
702	1	6.73	6.73	4.8971	
703	1	6.72	6.72	4.6816	
704	1	6.76	6.76	4.1424	
705	1	6.62	6.62	4.0756	
706	1	6.66	6.66	3.8444	
707	1	6.87	6.87	4.7331	
708	1	6.98	6.98	5.1796	
709	1	7.11	7.11	5.1779	
710	1	7.09	7.09	5.0219	
711	1	7.2	7.2	4.74	
712	1	7.22	7.22	4.7116	
713	1	7.29	7.29	4.6459	
714	1	7.32	7.32	4.7776	
715	1	7.26	7.26	4.8524	
716	1	7.27	7.27	4.8171	
717	1	7.01	7.01	4.4699	
718	1	6.94	6.94	4.4164	
719	1	6.92	6.92	4.3536	
720	1	6.76	6.76	3.4624	
721	1	6.97	6.97	4.0491	
722	1	7.26	7.26	4.8324	
723	1	7.39	7.39	5.2979	
724	1	7.48	7.48	5.7296	
725	1	7.41	7.41	5.4619	
726	1	7.38	7.38	5.4356	
727	1	7.42	7.42	5.0236	
728	1	7.36	7.36	4.8104	
729	1	7.52	7.52	5.3096	
730	1	7.23	7.23	4.4571	
731	1	7.08	7.08	4.0736	
732	1	7.41	7.41	5.4619	
733	1	7.4	7.4	5.3	
734	1	7.11	7.11	4.0379	
735	1	7.1	7.1	3.71	
736	1	7.26	7.26	4.4924	
737	1	6.98	6.98	3.6996	
738	1	7.15	7.15	4.5275	
739	1	7.26	7.26	4.9524	
740	1	7	7	4.22	
741	1	7.37	7.37	5.3531	
742	1	7.33	7.33	5.0411	
743	1	7.62	7.62	5.6156	
744	1	7.77	7.77	6.1771	
745	1	7.82	7.82	6.2276	
746	1	7.79	7.79	6.4859	
747	1	7.78	7.78	6.6716	
748	1	7.78	7.78	6.6516	
749	1	7.75	7.75	6.6875	
750	1	7.92	7.92	6.3136	
751	1	7.75	7.75	6.2075	
752	1	7.75	7.75	6.2275	
753	1	7.71	7.71	6.3059	
754	1	7.79	7.79	6.4459	
755	1	7.76	7.76	6.2824	
756	1	7.72	7.72	6.5816	
757	1	7.54	7.54	6.0084	
758	1	7.37	7.37	5.5131	
759	1	7.55	7.55	5.6875	
760	1	7.42	7.42	5.6236	
761	1	7.51	7.51	5.7099	
762	1	7.53	7.53	5.4691	
763	1	7.57	7.57	5.4451	
764	1	7.52	7.52	5.8696	
765	1	7.36	7.36	5.4304	
766	1	6.89	6.89	3.1379	
767	1	6.94	6.94	3.0364	
768	1	6.85	6.85	2.7075	
769	1	6.97	6.97	3.1691	
770	1	6.85	6.85	3.0075	
771	1	6.9	6.9	3.07	
772	1	6.93	6.93	3.3251	
773	1	6.83	6.83	3.2211	
774	1	6.85	6.85	3.2275	
775	1	6.73	6.73	2.9571	
776	1	6.91	6.91	3.2819	
777	1	6.97	6.97	3.4291	
778	1	6.92	6.92	3.3536	
779	1	6.84	6.84	3.1544	
780	1	6.89	6.89	3.0979	
781	1	6.8	6.8	2.66	
782	1	6.6	6.6	2.12	
783	1	6.5	6.5	1.83	
784	1	6.48	6.48	1.7096	
785	1	6.46	6.46	1.7284	
786	1	6.49	6.49	1.7499	
787	1	6.56	6.56	1.7264	
788	1	6.55	6.55	1.5675	
789	1	6.4	6.4	1.64	
790	1	6.53	6.53	1.6091	
791	1	6.5	6.5	1.57	
792	1	6.5	6.5	1.73	
793	1	6.49	6.49	1.7899	
794	1	6.41	6.41	1.7019	
795	1	6.29	6.29	1.6859	
796	1	6.18	6.18	1.6876	
797	1	6.21	6.21	1.7659	
798	1	6.2	6.2	1.82	
799	1	6.17	6.17	1.7611	
800	1	6.2	6.2	1.66	
801	1	6.15	6.15	1.5075	
802	1	6.38	6.38	1.5356	
803	1	6.4	6.4	1.5	
804	1	6.46	6.46	1.5484	
805	1	6.43	6.43	1.7451	
806	1	6.44	6.44	1.7864	
807	1	6.52	6.52	1.8096	
808	1	6.51	6.51	1.9699	
809	1	6.5	6.5	1.67	
810	1	6.37	6.37	1.4931	
811	1	6.39	6.39	1.3179	
812	1	6.4	6.4	1.52	
813	1	6.42	6.42	1.8236	
814	1	6.52	6.52	2.0496	
815	1	6.49	6.49	2.1299	
816	1	6.49	6.49	2.1099	
817	1	6.56	6.56	2.1664	
818	1	6.44	6.44	1.7864	
819	1	6.57	6.57	2.1851	
820	1	6.61	6.61	2.2379	
821	1	6.69	6.69	2.5739	
822	1	6.62	6.62	2.3356	
823	1	6.71	6.71	2.5459	
824	1	6.76	6.76	3.0624	
825	1	6.94	6.94	3.2964	
826	1	6.94	6.94	3.5364	
827	1	6.93	6.93	3.4251	
828	1	6.95	6.95	3.6475	
829	1	6.92	6.92	3.5536	
830	1	6.94	6.94	3.5364	
831	1	6.98	6.98	3.7996	
832	1	6.87	6.87	3.6531	
833	1	6.82	6.82	3.8076	
834	1	6.66	6.66	3.8244	
835	1	6.54	6.54	3.7284	
836	1	6.69	6.69	3.6939	
837	1	6.83	6.83	3.6211	
838	1	7	7	3.48	
839	1	7.11	7.11	3.4179	
840	1	7.13	7.13	3.3931	
841	1	7.09	7.09	3.6219	
842	1	7.09	7.09	3.6219	
843	1	7.22	7.22	3.5716	
844	1	7.31	7.31	3.6139	
845	1	7.33	7.33	3.5211	
846	1	7.33	7.33	3.5811	
847	1	7.33	7.33	3.6411	
848	1	7.28	7.28	3.9216	
849	1	7.26	7.26	4.0924	
850	1	7.24	7.24	4.0224	
851	1	7.37	7.37	4.0931	
852	1	7.47	7.47	4.2491	
853	1	7.51	7.51	4.2299	
854	1	7.36	7.36	3.9904	
855	1	7.21	7.21	4.1859	
856	1	7.26	7.26	4.3324	
857	1	7.21	7.21	4.3859	
858	1	7.35	7.35	4.0875	
859	1	7.39	7.39	4.2179	
860	1	7.41	7.41	4.4619	
861	1	7.36	7.36	4.3504	
862	1	7.31	7.31	4.2939	
863	1	7.3	7.3	4.17	
864	1	7.29	7.29	4.4859	
865	1	7.51	7.51	4.3699	
866	1	7.59	7.59	3.9619	
867	1	7.64	7.64	4.2104	
868	1	7.75	7.75	4.4275	
869	1	7.81	7.81	4.4139	
870	1	7.74	7.74	4.1724	
871	1	7.73	7.73	4.1971	
872	1	7.84	7.84	4.5344	
873	1	7.98	7.98	4.8196	
874	1	7.95	7.95	4.4675	
875	1	7.74	7.74	4.7324	
876	1	7.82	7.82	4.3876	
877	1	7.76	7.76	4.1624	
878	1	7.79	7.79	3.9659	
879	1	7.85	7.85	4.4475	
880	1	7.81	7.81	4.3939	
881	1	7.92	7.92	4.6536	
882	1	7.95	7.95	4.7875	
883	1	7.74	7.74	4.1524	
884	1	7.73	7.73	4.5771	
885	1	7.91	7.91	5.0019	
886	1	7.92	7.92	5.6536	
887	1	7.87	7.87	5.6331	
888	1	7.9	7.9	6.03	
889	1	8	8	5.7	
890	1	8.08	8.08	5.6936	
891	1	8.29	8.29	5.9659	
892	1	8.23	8.23	6.0771	
893	1	8.14	8.14	5.7404	
894	1	8.07	8.07	5.1251	
895	1	8.14	8.14	5.3804	
896	1	8.41	8.41	6.1819	
897	1	8.69	8.69	6.9139	
898	1	8.59	8.59	7.3819	
899	1	8.76	8.76	7.5224	
900	1	8.57	8.57	7.3251	
901	1	8.53	8.53	7.4691	
902	1	8.19	8.19	6.4939	
903	1	8.02	8.02	6.4996	
904	1	8.14	8.14	6.5804	
905	1	8.2	8.2	6.96	
906	1	8.31	8.31	7.7539	
907	1	8.57	8.57	8.2251	
908	1	8.75	8.75	8.6475	
909	1	8.55	8.55	8.5875	
910	1	8.48	8.48	9.1896	
911	1	8.5	8.5	9.89	
912	1	8.14	8.14	10.8604	
913	1	7.89	7.89	11.5979	
914	1	7.85	7.85	11.8875	
915	1	7.96	7.96	11.5384	
916	1	7.54	7.54	10.7284	
917	1	7.72	7.72	9.7816	
918	1	7.9	7.9	10.15	
919	1	8.16	8.16	11.0344	
920	1	8.41	8.41	11.4819	
921	1	8.55	8.55	11.7275	
922	1	8.37	8.37	11.7931	
923	1	7.87	7.87	11.3131	
924	1	7.68	7.68	10.0776	
925	1	7.73	7.73	9.9171	
926	1	7.92	7.92	10.1136	
927	1	7.61	7.61	9.6979	
928	1	7.62	7.62	9.8556	
929	1	7.77	7.77	10.0171	
930	1	7.82	7.82	9.7476	
931	1	8.11	8.11	9.3179	
932	1	8.16	8.16	9.7144	
933	1	8.56	8.56	9.4264	
934	1	8.53	8.53	8.8691	
935	1	8.27	8.27	9.0571	
936	1	8.1	8.1	9.35	
937	1	8.45	8.45	9.6675	
938	1	8.52	8.52	9.7896	
939	1	8.25	8.25	9.9275	
940	1	8.48	8.48	10.2096	
941	1	8.52	8.52	10.2696	
942	1	8.46	8.46	10.0884	
943	1	8.21	8.21	9.9059	
944	1	8.91	8.91	10.1019	
945	1	8.86	8.86	10.1204	
946	1	8.55	8.55	9.8475	
947	1	8.43	8.43	9.7051	
948	1	8.24	8.24	9.5424	
949	1	8.3	8.3	9.69	
950	1	7.78	7.78	9.1716	
951	1	7.5	7.5	8.43	
952	1	7.3	7.3	7.73	
953	1	7.35	7.35	8.2075	
954	1	7.32	7.32	8.2776	
955	1	7.31	7.31	8.0139	
956	1	7.27	7.27	8.3571	
957	1	7.09	7.09	8.3619	
958	1	7.11	7.11	8.3779	
959	1	6.99	6.99	8.7499	
960	1	7.01	7.01	9.1899	
961	1	7.08	7.08	9.3136	
962	1	7.11	7.11	9.5179	
963	1	7.16	7.16	9.9144	
964	1	7.12	7.12	10.1256	
965	1	7.54	7.54	10.8684	
966	1	7.75	7.75	11.4875	
967	1	7.64	7.64	10.7504	
968	1	8.12	8.12	11.3256	
969	1	8.36	8.36	11.5704	
970	1	8.83	8.83	12.4211	
971	1	8.95	8.95	12.1675	
972	1	9.24	9.24	11.7224	
973	1	9.55	9.55	11.6075	
974	1	9.41	9.41	12.0619	
975	1	9.1	9.1	12.19	
976	1	9.45	9.45	12.1275	
977	1	8.98	8.98	12.0396	
978	1	8.47	8.47	11.5491	
979	1	8.32	8.32	11.0376	
980	1	8.59	8.59	11.2419	
981	1	8.67	8.67	11.4811	
982	1	8.41	8.41	10.8819	
983	1	8.45	8.45	10.5675	
984	1	8.64	8.64	10.8904	
985	1	9.03	9.03	11.4291	
986	1	8.74	8.74	11.1724	
987	1	8.62	8.62	11.1556	
988	1	8.8	8.8	11.06	
989	1	8.67	8.67	10.8411	
990	1	8.73	8.73	10.9571	
991	1	9.2	9.2	10.8	
992	1	9.03	9.03	10.6091	
993	1	8.96	8.96	11.5584	
994	1	8.48	8.48	11.0896	
995	1	8.73	8.73	12.2771	
996	1	8.7	8.7	12.21	
997	1	9.13	9.13	12.3931	
998	1	9.28	9.28	12.6216	
999	1	9.33	9.33	12.0611	
1000	1	10.14	10.14	11.0004	
1001	1	10.28	10.28	10.1616	
1002	1	10.27	10.27	9.7371	
1003	1	10.37	10.37	9.7531	
1004	1	10.32	10.32	9.3576	
1005	1	10.28	10.28	9.2216	
1006	1	10.15	10.15	8.9675	
1007	1	10.14	10.14	8.7404	
1008	1	9.97	9.97	8.4291	
1009	1	9.86	9.86	9.1604	
1010	1	10.17	10.17	9.4611	
1011	1	10.19	10.19	9.0339	
1012	1	10.31	10.31	9.9139	
1013	1	10.33	10.33	9.2611	
1014	1	10.33	10.33	8.6611	
1015	1	10.15	10.15	8.5075	
1016	1	10.21	10.21	7.9659	
1017	1	10.24	10.24	8.3224	
1018	1	10.17	10.17	8.2611	
1019	1	10.17	10.17	8.1611	
1020	1	10.31	10.31	8.5139	
1021	1	10.17	10.17	8.2211	
1022	1	10.4	10.4	8.44	
1023	1	10.5	10.5	8.69	
1024	1	10.38	10.38	8.7356	
1025	1	10.32	10.32	8.6976	
1026	1	10.46	10.46	8.8484	
1027	1	10.41	10.41	9.2419	
1028	1	10.53	10.53	9.4291	
1029	1	10.71	10.71	9.9259	
1030	1	10.75	10.75	10.0075	
1031	1	10.86	10.86	9.2004	
1032	1	10.67	10.67	9.0611	
1033	1	10.85	10.85	9.4075	
1034	1	10.99	10.99	9.4299	
1035	1	10.84	10.84	9.4344	
1036	1	11.05	11.05	9.1875	
1037	1	11.13	11.13	9.1131	
1038	1	11.2	11.2	9.02	
1039	1	11.44	11.44	9.2664	
1040	1	11.58	11.58	10.0036	
1041	1	11.69	11.69	9.6939	
1042	1	11.56	11.56	9.6864	
1043	1	11.46	11.46	9.7284	
1044	1	11.31	11.31	9.4339	
1045	1	11.12	11.12	9.4056	
1046	1	11.15	11.15	9.3075	
1047	1	11.23	11.23	9.5171	
1048	1	11.26	11.26	10.2524	
1049	1	11.27	11.27	10.1971	
1050	1	11.18	11.18	10.0276	
1051	1	11.1	11.1	10.11	
1052	1	11.12	11.12	10.1656	
1053	1	11.02	11.02	9.9396	
1054	1	11.04	11.04	9.1784	
1055	1	11.11	11.11	9.0979	
1056	1	11.03	11.03	8.8891	
1057	1	11.12	11.12	8.7656	
1058	1	11.11	11.11	9.1379	
1059	1	10.97	10.97	9.1091	
1060	1	10.94	10.94	9.0364	
1061	1	11.11	11.11	9.1979	
1062	1	11.24	11.24	9.4624	
1063	1	11.18	11.18	9.9876	
1064	1	11.5	11.5	9.89	
1065	1	11.78	11.78	9.9916	
1066	1	11.63	11.63	9.3131	
1067	1	11.56	11.56	10.2864	
1068	1	11.54	11.54	9.9484	
1069	1	11.69	11.69	10.8539	
1070	1	11.97	11.97	10.8891	
1071	1	11.94	11.94	11.7764	
1072	1	11.78	11.78	12.4316	
1073	1	11.82	11.82	12.5276	
1074	1	11.78	11.78	12.5716	
1075	1	11.78	11.78	12.7916	
1076	1	11.78	11.78	12.9916	
1077	1	11.97	11.97	12.1891	
1078	1	12.08	12.08	12.8936	
1079	1	12.26	12.26	12.9324	
1080	1	12.11	12.11	11.9379	
1081	1	12.2	12.2	11.18	
1082	1	12.19	12.19	10.5739	
1083	1	12.04	12.04	10.6784	
1084	1	12.07	12.07	10.9651	
1085	1	12.04	12.04	9.9584	
1086	1	12.14	12.14	10.0404	
1087	1	12.2	12.2	10.2	
1088	1	12.47	12.47	10.8491	
1089	1	12.41	12.41	11.2419	
1090	1	12.5	12.5	11.65	
1091	1	12.5	12.5	11.67	
1092	1	12.4	12.4	11.54	
1093	1	12.46	12.46	11.3684	
1094	1	12.4	12.4	10.16	
1095	1	12.37	12.37	9.3531	
1096	1	12.28	12.28	9.1216	
1097	1	12.24	12.24	9.0224	
1098	1	12.27	12.27	9.3571	
1099	1	12.35	12.35	9.7675	
1100	1	12.55	12.55	10.0475	
1101	1	12.66	12.66	10.8244	
1102	1	12.61	12.61	10.4779	
1103	1	12.82	12.82	11.4476	
1104	1	12.99	12.99	11.7099	
1105	1	12.82	12.82	11.4676	
1106	1	12.69	12.69	11.1339	
1107	1	12.69	12.69	11.1739	
1108	1	12.91	12.91	13.1419	
1109	1	13.01	13.01	13.7299	
1110	1	13.02	13.02	13.1996	
1111	1	13.25	13.25	14.3075	
1112	1	13.28	13.28	13.8616	
1113	1	13.14	13.14	12.7204	
1114	1	13.45	13.45	13.0075	
1115	1	13.65	13.65	12.1275	
1116	1	13.48	13.48	11.2496	
1117	1	13.51	13.51	11.0299	
1118	1	13.72	13.72	11.5216	
1119	1	13.61	13.61	11.7579	
1120	1	13.14	13.14	10.6404	
1121	1	13.02	13.02	9.1996	
1122	1	12.94	12.94	8.5164	
1123	1	12.79	12.79	8.5459	
1124	1	12.68	12.68	8.6376	
1125	1	12.67	12.67	8.9811	
1126	1	12.68	12.68	9.3776	
1127	1	12.74	12.74	8.9924	
1128	1	12.69	12.69	9.0739	
1129	1	12.8	12.8	9.42	
1130	1	12.79	12.79	8.8259	
1131	1	12.79	12.79	8.7259	
1132	1	13.06	13.06	9.1564	
1133	1	13.18	13.18	9.3276	
1134	1	13.21	13.21	8.6459	
1135	1	13.19	13.19	9.0939	
1136	1	13.24	13.24	9.4424	
1137	1	13.31	13.31	8.3539	
1138	1	13.33	13.33	8.6411	
1139	1	13.35	13.35	8.3275	
1140	1	13.38	13.38	7.8156	
1141	1	13.41	13.41	7.8219	
1142	1	13.46	13.46	7.4484	
1143	1	13.37	13.37	7.3531	
1144	1	13.3	13.3	7.75	
1145	1	13.32	13.32	7.2976	
1146	1	13.24	13.24	5.9624	
1147	1	13.26	13.26	5.5124	
1148	1	13.4	13.4	5.7	
1149	1	13.36	13.36	6.4104	
1150	1	13.51	13.51	5.6299	
1151	1	13.46	13.46	5.6084	
1152	1	13.64	13.64	5.1504	
1153	1	13.62	13.62	5.3756	
1154	1	13.59	13.59	5.1819	
1155	1	13.58	13.58	5.5436	
1156	1	13.57	13.57	5.6851	
1157	1	13.65	13.65	5.3075	
1158	1	13.58	13.58	5.7036	
1159	1	13.69	13.69	5.4339	
1160	1	13.56	13.56	6.5064	
1161	1	13.65	13.65	6.2675	
1162	1	13.62	13.62	6.6756	
1163	1	13.89	13.89	5.9579	
1164	1	13.81	13.81	6.1339	
1165	1	14.03	14.03	5.7091	
1166	1	14.2	14.2	5.56	
1167	1	14.23	14.23	4.6971	
1168	1	14.11	14.11	5.0179	
1169	1	14.29	14.29	4.4059	
1170	1	14.17	14.17	4.5211	
1171	1	13.95	13.95	5.5875	
1172	1	14.04	14.04	5.9184	
1173	1	14.04	14.04	6.0384	
1174	1	14.17	14.17	6.4211	
1175	1	14.09	14.09	7.0819	
1176	1	14.06	14.06	6.4564	
1177	1	14.18	14.18	5.5876	
1178	1	14.23	14.23	5.6771	
1179	1	14.17	14.17	6.2411	
1180	1	14.18	14.18	6.2876	
1181	1	14.18	14.18	6.7876	
1182	1	14.58	14.58	7.4236	
1183	1	14.64	14.64	7.5904	
1184	1	14.5	14.5	7.11	
1185	1	14.7	14.7	6.57	
1186	1	14.67	14.67	6.9211	
1187	1	14.86	14.86	6.4004	
1188	1	14.82	14.82	5.3876	
1189	1	14.76	14.76	6.0224	
1190	1	14.56	14.56	6.4264	
1191	1	14.52	14.52	6.2696	
1192	1	14.45	14.45	6.6675	
1193	1	14.62	14.62	6.2556	
1194	1	14.73	14.73	6.0371	
1195	1	14.57	14.57	5.8851	
1196	1	14.48	14.48	5.7296	
1197	1	14.37	14.37	5.6531	
1198	1	14.26	14.26	7.2124	
1199	1	14.22	14.22	7.5316	
1200	1	14.12	14.12	7.9856	
1201	1	14.19	14.19	7.6739	
1202	1	14.34	14.34	7.8844	
1203	1	14.46	14.46	7.5684	
1204	1	14.78	14.78	6.1716	
1205	1	14.84	14.84	5.8544	
1206	1	14.77	14.77	6.2171	
1207	1	14.81	14.81	5.8739	
1208	1	14.88	14.88	5.7856	
1209	1	15.07	15.07	4.8251	
1210	1	15	15	4.5	
1211	1	14.98	14.98	4.9596	
1212	1	15.03	15.03	5.0291	
1213	1	15.04	15.04	5.6784	
1214	1	15.03	15.03	5.6891	
1215	1	15.01	15.01	6.8699	
1216	1	14.95	14.95	6.6075	
1217	1	14.89	14.89	7.1579	
1218	1	14.99	14.99	7.1299	
1219	1	15.15	15.15	6.6875	
1220	1	15.3	15.3	6.67	
1221	1	15.39	15.39	6.3179	
1222	1	15.42	15.42	6.7036	
1223	1	15.45	15.45	5.8675	
1224	1	15.5	15.5	5.59	
1225	1	15.42	15.42	5.8636	
1226	1	15.25	15.25	6.9675	
1227	1	15.31	15.31	7.1339	
1228	1	15.23	15.23	7.6371	
1229	1	15.55	15.55	7.0875	
1230	1	15.6	15.6	7.14	
1231	1	15.48	15.48	7.7496	
1232	1	15.73	15.73	6.9171	
1233	1	15.79	15.79	7.0659	
1234	1	15.62	15.62	7.5556	
1235	1	15.66	15.66	7.6844	
1236	1	15.36	15.36	9.8504	
1237	1	15.28	15.28	9.7416	
1238	1	15.39	15.39	10.0779	
1239	1	15.51	15.51	10.4899	
1240	1	15.64	15.64	9.5704	
1241	1	15.59	15.59	10.2619	
1242	1	15.84	15.84	9.5544	
1243	1	15.68	15.68	10.1776	
1244	1	15.67	15.67	9.9811	
1245	1	15.88	15.88	9.3056	
1246	1	15.53	15.53	9.4491	
1247	1	15.39	15.39	10.2579	
1248	1	15.06	15.06	11.5964	
1249	1	15.08	15.08	10.1936	
1250	1	14.86	14.86	10.2604	
1251	1	14.99	14.99	9.8699	
1252	1	14.87	14.87	10.2931	
1253	1	14.97	14.97	10.0491	
1254	1	14.91	14.91	9.9019	
1255	1	14.81	14.81	10.0939	
1256	1	14.77	14.77	10.1171	
1257	1	14.78	14.78	10.7716	
1258	1	14.8	14.8	11.02	
1259	1	14.6	14.6	11.92	
1260	1	14.57	14.57	11.7051	
1261	1	14.72	14.72	11.2216	
1262	1	14.84	14.84	11.4944	
1263	1	15.09	15.09	10.6219	
1264	1	15.2	15.2	9.68	
1265	1	15.24	15.24	8.9624	
1266	1	15.11	15.11	9.1779	
1267	1	15.09	15.09	9.0419	
1268	1	15.01	15.01	9.4899	
1269	1	15.15	15.15	9.1475	
1270	1	14.98	14.98	9.2196	
1271	1	15	15	9.14	
1272	1	15.01	15.01	9.3499	
1273	1	14.98	14.98	9.5796	
1274	1	14.91	14.91	9.2619	
1275	1	15.01	15.01	8.6899	
1276	1	15.06	15.06	8.8964	
1277	1	14.87	14.87	9.6131	
1278	1	14.93	14.93	9.5651	
1279	1	15.03	15.03	9.5691	
1280	1	15.29	15.29	9.0659	
1281	1	15.59	15.59	8.4619	
1282	1	15.86	15.86	8.3604	
1283	1	15.73	15.73	9.1171	
1284	1	15.93	15.93	8.3251	
1285	1	15.95	15.95	8.2675	
1286	1	16.12	16.12	7.3656	
1287	1	16.18	16.18	7.6676	
1288	1	16.16	16.16	7.9744	
1289	1	16.41	16.41	7.5019	
1290	1	16.33	16.33	8.0611	
1291	1	16.48	16.48	7.7496	
1292	1	16.71	16.71	6.3259	
1293	1	16.82	16.82	5.4276	
1294	1	16.9	16.9	4.95	
1295	1	16.94	16.94	4.7364	
1296	1	17.03	17.03	4.1491	
1297	1	16.95	16.95	5.2475	
1298	1	16.85	16.85	5.1275	
1299	1	16.97	16.97	5.0891	
1300	1	17.1	17.1	4.83	
1301	1	16.96	16.96	4.9584	
1302	1	17.27	17.27	4.1171	
1303	1	17.26	17.26	3.9324	
1304	1	17.37	17.37	4.0931	
1305	1	17.07	17.07	4.5651	
1306	1	17.27	17.27	3.9971	
1307	1	17.44	17.44	3.4464	
1308	1	17.67	17.67	3.3211	
1309	1	17.81	17.81	2.5939	
1310	1	17.8	17.8	2.84	
1311	1	17.97	17.97	2.7691	
1312	1	17.85	17.85	2.7875	
1313	1	17.87	17.87	3.0331	
1314	1	17.83	17.83	3.0011	
1315	1	17.96	17.96	2.9784	
1316	1	18.11	18.11	3.0379	
1317	1	18.12	18.12	3.0256	
1318	1	18.15	18.15	3.1275	
1319	1	18.33	18.33	3.1611	
1320	1	18.24	18.24	3.2024	
1321	1	18.27	18.27	3.0571	
1322	1	18.39	18.39	2.7579	
1323	1	18.38	18.38	2.9156	
1324	1	18.38	18.38	2.8956	
1325	1	18.38	18.38	3.0356	
1326	1	18.38	18.38	2.9356	
1327	1	18.36	18.36	3.0904	
1328	1	18.37	18.37	3.1331	
1329	1	18.29	18.29	3.1659	
1330	1	18.36	18.36	3.0704	
1331	1	18.33	18.33	3.0011	
1332	1	18.2	18.2	3.12	
1333	1	18.22	18.22	2.9116	
1334	1	18.27	18.27	2.7771	
1335	1	18.24	18.24	3.0224	
1336	1	18.23	18.23	2.9971	
1337	1	18.23	18.23	3.1371	
1338	1	18.32	18.32	2.8976	
1339	1	18.27	18.27	2.9371	
1340	1	18.29	18.29	2.9859	
1341	1	18.14	18.14	3.0804	
1342	1	18.12	18.12	2.8056	
1343	1	18.14	18.14	3.1004	
1344	1	18.22	18.22	2.8316	
1345	1	18.2	18.2	2.98	
1346	1	18.2	18.2	2.96	
1347	1	18.21	18.21	3.2059	
1348	1	18.19	18.19	3.4139	
1349	1	18.23	18.23	3.4771	
1350	1	18.37	18.37	2.9131	
1351	1	18.34	18.34	3.0444	
1352	1	18.34	18.34	3.0644	
1353	1	18.22	18.22	3.1716	
1354	1	18.21	18.21	3.0459	
1355	1	18.3	18.3	3.01	
1356	1	18.24	18.24	3.2024	
1357	1	18.32	18.32	3.2376	
1358	1	18.4	18.4	3.48	
1359	1	18.41	18.41	3.7219	
1360	1	18.54	18.54	3.7084	
1361	1	18.65	18.65	3.4475	
1362	1	18.69	18.69	3.2739	
1363	1	18.68	18.68	3.1976	
1364	1	18.72	18.72	3.1216	
1365	1	18.74	18.74	3.4124	
1366	1	18.75	18.75	3.2875	
1367	1	18.76	18.76	3.3424	
1368	1	18.75	18.75	3.2675	
1369	1	18.7	18.7	3.13	
1370	1	18.71	18.71	3.1259	
1371	1	18.86	18.86	3.4404	
1372	1	18.91	18.91	3.1619	
1373	1	18.98	18.98	2.9996	
1374	1	19.03	19.03	2.6291	
1375	1	19.07	19.07	3.0851	
1376	1	19.19	19.19	3.1339	
1377	1	19.26	19.26	3.3324	
1378	1	19.35	19.35	3.2875	
1379	1	19.43	19.43	3.1851	
1380	1	19.46	19.46	3.0084	
1381	1	19.51	19.51	2.6299	
1382	1	19.58	19.58	2.6836	
1383	1	19.69	19.69	2.7139	
1384	1	19.67	19.67	2.8411	
1385	1	19.7	19.7	3.03	
1386	1	19.74	19.74	2.8324	
1387	1	19.71	19.71	2.9459	
1388	1	19.84	19.84	2.7944	
1389	1	19.95	19.95	2.7475	
1390	1	19.95	19.95	2.7875	
1391	1	20.06	20.06	2.7764	
1392	1	20.15	20.15	2.7475	
1393	1	20	20	2.64	
1394	1	19.86	19.86	2.9004	
1395	1	19.81	19.81	3.0339	
1396	1	19.77	19.77	3.0171	
1397	1	19.78	19.78	2.9716	
1398	1	19.86	19.86	3.1204	
1399	1	19.83	19.83	3.2011	
1400	1	19.87	19.87	3.1731	
1401	1	19.85	19.85	3.2675	
1402	1	19.97	19.97	3.4091	
1403	1	19.96	19.96	3.3984	
1404	1	20.02	20.02	3.4796	
1405	1	20.18	20.18	3.4076	
1406	1	20.11	20.11	3.4179	
1407	1	20.1	20.1	3.45	
1408	1	20.27	20.27	3.3771	
1409	1	20.43	20.43	3.2851	
1410	1	20.8	20.8	2.7	
1411	1	20.74	20.74	2.7324	
1412	1	20.95	20.95	2.7875	
1413	1	20.7	20.7	3.17	
1414	1	20.46	20.46	3.3684	
1415	1	20.85	20.85	2.9275	
1416	1	20.55	20.55	3.0875	
1417	1	20.81	20.81	2.8339	
1418	1	21.08	21.08	2.7336	
1419	1	21.05	21.05	2.5675	
1420	1	21.05	21.05	2.6875	
1421	1	21.21	21.21	2.5859	
1422	1	21.25	21.25	2.5475	
1423	1	21.42	21.42	2.2436	
1424	1	21.6	21.6	2	
1425	1	21.62	21.62	1.7556	
1426	1	21.61	21.61	1.7579	
1427	1	21.65	21.65	1.7475	
1428	1	21.68	21.68	1.6776	
1429	1	21.71	21.71	1.6659	
1430	1	21.77	21.77	1.8771	
1431	1	21.86	21.86	2.0204	
1432	1	21.79	21.79	1.8659	
1433	1	21.89	21.89	1.9379	
1434	1	21.82	21.82	1.6676	
1435	1	21.8	21.8	1.82	
1436	1	21.76	21.76	1.9424	
1437	1	21.71	21.71	2.0059	
1438	1	21.62	21.62	2.0956	
1439	1	21.84	21.84	2.1344	
1440	1	21.85	21.85	2.3275	
1441	1	21.8	21.8	2.68	
1442	1	21.93	21.93	2.7651	
1443	1	21.96	21.96	2.7384	
1444	1	21.87	21.87	3.0531	
1445	1	21.99	21.99	2.7499	
1446	1	22.05	22.05	2.6475	
1447	1	22.02	22.02	2.2596	
1448	1	22.04	22.04	2.2784	
1449	1	22.04	22.04	2.2384	
1450	1	22.09	22.09	2.3019	
1451	1	22.1	22.1	2.23	
1452	1	22.09	22.09	2.2219	
1453	1	22.14	22.14	2.2604	
1454	1	22.11	22.11	2.4179	
1455	1	22.14	22.14	2.3604	
1456	1	22.16	22.16	2.1344	
1457	1	22.17	22.17	2.3211	
1458	1	22.28	22.28	2.1016	
1459	1	22.34	22.34	2.1844	
1460	1	22.41	22.41	2.0219	
1461	1	22.42	22.42	2.1236	
1462	1	22.41	22.41	2.1419	
1463	1	22.4	22.4	2.12	
1464	1	22.41	22.41	2.4219	
1465	1	22.43	22.43	2.4251	
1466	1	22.51	22.51	2.2899	
1467	1	22.42	22.42	2.5236	
1468	1	22.54	22.54	2.6484	
1469	1	22.59	22.59	2.8219	
1470	1	22.74	22.74	2.6524	
1471	1	22.79	22.79	2.6659	
1472	1	22.69	22.69	2.5739	
1473	1	22.75	22.75	2.6675	
1474	1	22.75	22.75	2.4875	
1475	1	22.51	22.51	2.6299	
1476	1	22.56	22.56	2.5864	
1477	1	22.43	22.43	2.4851	
1478	1	22.35	22.35	3.0475	
1479	1	22.48	22.48	3.0296	
1480	1	22.26	22.26	2.9724	
1481	1	22.26	22.26	3.0324	
1482	1	22.4	22.4	2.96	
1483	1	22.41	22.41	2.9219	
1484	1	22.25	22.25	3.1075	
1485	1	22.5	22.5	2.59	
1486	1	22.56	22.56	2.7464	
1487	1	22.58	22.58	2.6836	
1488	1	22.51	22.51	2.7499	
1489	1	22.6	22.6	2.94	
1490	1	22.42	22.42	2.8636	
1491	1	22.38	22.38	3.0356	
1492	1	22.24	22.24	3.2424	
1493	1	22.27	22.27	3.2371	
1494	1	22.38	22.38	3.4156	
1495	1	22.58	22.58	3.0636	
1496	1	22.57	22.57	3.3051	
1497	1	22.43	22.43	3.3851	
1498	1	22.34	22.34	3.3444	
1499	1	22.36	22.36	3.3704	
1500	1	22.4	22.4	3.12	
1501	1	22.35	22.35	3.5675	
1502	1	22.39	22.39	3.2179	
1503	1	22.5	22.5	3.23	
1504	1	22.66	22.66	2.9244	
1505	1	22.78	22.78	2.7116	
1506	1	22.78	22.78	2.6716	
1507	1	22.67	22.67	2.7011	
1508	1	22.71	22.71	2.7859	
1509	1	22.71	22.71	2.9059	
1510	1	22.75	22.75	3.0275	
1511	1	22.72	22.72	2.9216	
1512	1	22.57	22.57	3.1851	
1513	1	22.78	22.78	2.9716	
1514	1	22.76	22.76	2.9024	
1515	1	22.64	22.64	3.5304	
1516	1	22.61	22.61	3.4179	
1517	1	22.52	22.52	3.5696	
1518	1	22.55	22.55	3.3275	
1519	1	22.31	22.31	3.6739	
1520	1	22	22	3.84	
1521	1	22.07	22.07	3.7851	
1522	1	22.01	22.01	4.0099	
1523	1	21.85	21.85	4.0275	
1524	1	22.05	22.05	4.4275	
1525	1	22.07	22.07	4.4651	
1526	1	21.9	21.9	4.51	
1527	1	21.6	21.6	4.66	
1528	1	21.77	21.77	4.6171	
1529	1	21.74	21.74	4.6924	
1530	1	21.56	21.56	4.7264	
1531	1	21.56	21.56	4.7864	
1532	1	21.62	21.62	4.7356	
1533	1	21.61	21.61	4.6179	
1534	1	21.58	21.58	4.7036	
1535	1	21.66	21.66	4.5244	
1536	1	21.85	21.85	4.2675	
1537	1	21.73	21.73	4.3971	
1538	1	21.83	21.83	4.5611	
1539	1	21.68	21.68	4.3376	
1540	1	21.63	21.63	4.7331	
1541	1	21.75	21.75	4.7875	
1542	1	21.68	21.68	4.8776	
1543	1	21.62	21.62	4.7956	
1544	1	21.64	21.64	4.8904	
1545	1	21.64	21.64	4.7104	
1546	1	21.62	21.62	4.4956	
1547	1	21.62	21.62	4.4756	
1548	1	21.73	21.73	5.0171	
1549	1	21.67	21.67	5.2611	
1550	1	21.63	21.63	5.0931	
1551	1	21.55	21.55	5.0075	
1552	1	21.66	21.66	4.8244	
1553	1	21.61	21.61	4.5779	
1554	1	21.59	21.59	4.5219	
1555	1	21.58	21.58	4.5036	
1556	1	21.73	21.73	4.4571	
1557	1	22.09	22.09	4.3419	
1558	1	22.03	22.03	4.4091	
1559	1	22.31	22.31	3.8339	
1560	1	22.24	22.24	3.9624	
1561	1	22.01	22.01	4.3099	
1562	1	22.3	22.3	4.11	
1563	1	22.05	22.05	4.4475	
1564	1	22.01	22.01	4.7299	
1565	1	21.72	21.72	5.1816	
1566	1	21.88	21.88	5.2456	
1567	1	21.99	21.99	5.3299	
1568	1	22.07	22.07	5.0451	
1569	1	21.86	21.86	5.0804	
1570	1	21.87	21.87	5.1331	
1571	1	21.87	21.87	5.4331	
1572	1	21.79	21.79	5.4259	
1573	1	21.81	21.81	5.0339	
1574	1	21.92	21.92	4.9536	
1575	1	22.18	22.18	4.5876	
1576	1	22.52	22.52	4.0496	
1577	1	22.67	22.67	3.7411	
1578	1	22.62	22.62	3.9556	
1579	1	22.79	22.79	3.3659	
1580	1	22.95	22.95	2.7475	
1581	1	22.85	22.85	2.7875	
1582	1	23.01	23.01	2.2699	
1583	1	22.88	22.88	2.5656	
1584	1	22.79	22.79	2.8659	
1585	1	22.65	22.65	2.9875	
1586	1	22.82	22.82	2.7076	
1587	1	22.36	22.36	3.0904	
1588	1	22.46	22.46	2.9084	
1589	1	22.35	22.35	3.3675	
1590	1	22.42	22.42	3.0836	
1591	1	22.52	22.52	3.1296	
1592	1	22.43	22.43	3.1451	
1593	1	22.45	22.45	3.3075	
1594	1	22.4	22.4	3.54	
1595	1	22.54	22.54	3.4484	
1596	1	22.45	22.45	3.6675	
1597	1	22.82	22.82	3.0476	
1598	1	22.42	22.42	3.3436	
1599	1	22.36	22.36	3.4704	
1600	1	22.45	22.45	3.4275	
1601	1	22.64	22.64	3.3504	
1602	1	22.66	22.66	3.3644	
1603	1	22.78	22.78	3.3116	
1604	1	22.58	22.58	3.6436	
1605	1	22.78	22.78	3.6316	
1606	1	22.74	22.74	3.6124	
1607	1	23.07	23.07	3.2851	
1608	1	22.92	22.92	3.4936	
1609	1	23	23	3.6	
1610	1	23.04	23.04	3.5584	
1611	1	23.29	23.29	3.2859	
1612	1	23.27	23.27	3.2571	
1613	1	23.06	23.06	3.4764	
1614	1	23.11	23.11	3.5379	
1615	1	23.12	23.12	3.6256	
1616	1	22.94	22.94	3.9364	
1617	1	22.79	22.79	4.3059	
1618	1	22.74	22.74	4.3124	
1619	1	22.52	22.52	4.0296	
1620	1	22.57	22.57	3.8851	
1621	1	22.79	22.79	3.4459	
1622	1	22.76	22.76	3.2824	
1623	1	22.86	22.86	3.3404	
1624	1	22.61	22.61	3.5979	
1625	1	22.69	22.69	3.5139	
1626	1	22.71	22.71	3.4059	
1627	1	22.68	22.68	3.2376	
1628	1	22.89	22.89	2.9979	
1629	1	22.84	22.84	3.0544	
1630	1	22.88	22.88	3.1856	
1631	1	22.99	22.99	3.2099	
1632	1	23.11	23.11	2.9979	
1633	1	23.22	23.22	3.1516	
1634	1	23.35	23.35	3.1475	
1635	1	23.34	23.34	3.9844	
1636	1	23.23	23.23	3.2771	
1637	1	22.85	22.85	3.7875	
1638	1	22.96	22.96	3.7984	
1639	1	23.12	23.12	3.9056	
1640	1	23.31	23.31	3.1939	
1641	1	23.11	23.11	3.7179	
1642	1	23.27	23.27	3.4171	
1643	1	23.25	23.25	3.4475	
1644	1	23.43	23.43	2.8851	
1645	1	23.45	23.45	2.9875	
1646	1	23.54	23.54	3.3284	
1647	1	23.5	23.5	3.17	
1648	1	23.5	23.5	3.27	
1649	1	23.45	23.45	3.2675	
1650	1	23.48	23.48	3.4296	
1651	1	23.56	23.56	3.5264	
1652	1	23.6	23.6	3.38	
1653	1	23.61	23.61	3.5779	
1654	1	23.6	23.6	3.72	
1655	1	23.64	23.64	3.5104	
1656	1	23.65	23.65	3.4075	
1657	1	23.66	23.66	3.7044	
1658	1	23.54	23.54	4.0884	
1659	1	23.58	23.58	4.0036	
1660	1	23.49	23.49	4.1899	
1661	1	23.6	23.6	4.02	
1662	1	23.58	23.58	4.1436	
1663	1	23.6	23.6	4	
1664	1	23.62	23.62	4.1556	
1665	1	23.84	23.84	3.8144	
1666	1	23.95	23.95	3.5875	
1667	1	23.97	23.97	3.5291	
1668	1	24.09	24.09	3.2819	
1669	1	24.16	24.16	3.2344	
1670	1	24.22	24.22	3.3516	
1671	1	24.17	24.17	3.9411	
1672	1	24.31	24.31	3.6939	
1673	1	24.32	24.32	3.1376	
1674	1	24.4	24.4	2.9	
1675	1	24.37	24.37	3.1931	
1676	1	24.38	24.38	2.8956	
1677	1	24.45	24.45	2.9875	
1678	1	24.38	24.38	3.3156	
1679	1	24.33	24.33	3.6011	
1680	1	24.3	24.3	3.47	
1681	1	24.4	24.4	3.44	
1682	1	24.4	24.4	3.4	
1683	1	24.55	24.55	3.2675	
1684	1	24.61	24.61	3.6779	
1685	1	24.76	24.76	3.9024	
1686	1	24.84	24.84	3.6344	
1687	1	24.83	24.83	3.6811	
1688	1	24.9	24.9	3.71	
1689	1	24.84	24.84	3.7544	
1690	1	24.92	24.92	4.0336	
1691	1	24.8	24.8	3.96	
1692	1	24.72	24.72	4.0216	
1693	1	24.66	24.66	4.3244	
1694	1	24.58	24.58	4.3836	
1695	1	24.54	24.54	4.4284	
1696	1	24.55	24.55	4.7675	
1697	1	24.58	24.58	4.4836	
1698	1	24.68	24.68	4.5176	
1699	1	24.75	24.75	4.5475	
1700	1	24.79	24.79	4.4259	
1701	1	24.82	24.82	4.7876	
1702	1	24.95	24.95	4.0075	
1703	1	24.95	24.95	3.8475	
1704	1	25.03	25.03	3.6091	
1705	1	25.12	25.12	3.0256	
1706	1	25.13	25.13	3.0931	
1707	1	25.05	25.05	3.5475	
1708	1	25.2	25.2	3.42	
1709	1	25.22	25.22	3.6716	
1710	1	25.22	25.22	3.5316	
1711	1	25.33	25.33	3.6611	
1712	1	25.39	25.39	3.5179	
1713	1	25.37	25.37	3.5731	
1714	1	25.58	25.58	3.1036	
1715	1	25.6	25.6	3.18	
1716	1	25.62	25.62	3.2156	
1717	1	25.59	25.59	3.3219	
1718	1	25.62	25.62	2.9756	
1719	1	25.53	25.53	3.2091	
1720	1	25.66	25.66	2.7644	
1721	1	25.64	25.64	2.6904	
1722	1	25.49	25.49	3.2699	
1723	1	25.33	25.33	3.4211	
1724	1	25.35	25.35	3.5675	
1725	1	25.42	25.42	2.6836	
1726	1	25.45	25.45	2.1875	
1727	1	25.45	25.45	2.3075	
1728	1	25.49	25.49	2.3899	
1729	1	25.41	25.41	2.1219	
1730	1	25.56	25.56	2.4464	
1731	1	25.81	25.81	3.0339	
1732	1	25.74	25.74	2.9524	
1733	1	25.99	25.99	3.2699	
1734	1	25.93	25.93	3.1651	
1735	1	25.97	25.97	3.4091	
1736	1	26.03	26.03	3.5091	
1737	1	26.08	26.08	3.4536	
1738	1	26.09	26.09	3.4619	
1739	1	26.18	26.18	3.4676	
1740	1	26.18	26.18	3.7476	
1741	1	26.14	26.14	3.8404	
1742	1	26.24	26.24	3.8224	
1743	1	26.16	26.16	3.7544	
1744	1	26.17	26.17	3.7011	
1745	1	26.34	26.34	3.7244	
1746	1	26.25	26.25	3.7875	
1747	1	26.41	26.41	4.1019	
1748	1	26.37	26.37	4.0131	
1749	1	26.38	26.38	4.0756	
1750	1	26.24	26.24	3.9024	
1751	1	26.06	26.06	3.5364	
1752	1	26.03	26.03	3.6891	
1753	1	25.96	25.96	3.4384	
1754	1	26	26	3.32	
1755	1	25.92	25.92	3.1136	
1756	1	25.93	25.93	3.0051	
1757	1	25.96	25.96	3.0984	
1758	1	26.07	26.07	3.1851	
1759	1	25.99	25.99	3.2499	
1760	1	25.94	25.94	3.3164	
1761	1	25.93	25.93	3.3651	
1762	1	25.91	25.91	3.2419	
1763	1	25.91	25.91	3.4019	
1764	1	25.77	25.77	3.0771	
1765	1	25.86	25.86	3.2804	
1766	1	25.9	25.9	3.11	
1767	1	25.89	25.89	2.9579	
1768	1	25.88	25.88	2.8856	
1769	1	25.84	25.84	2.9544	
1770	1	25.79	25.79	2.9659	
1771	1	25.93	25.93	3.1651	
1772	1	26.05	26.05	3.1275	
1773	1	25.97	25.97	3.0091	
1774	1	25.96	25.96	2.9384	
1775	1	26.02	26.02	3.0196	
1776	1	26.01	26.01	2.7899	
1777	1	26.02	26.02	2.8396	
1778	1	26	26	2.84	
1779	1	25.92	25.92	2.5936	
1780	1	26.01	26.01	2.7099	
1781	1	26.08	26.08	2.7736	
1782	1	26.01	26.01	2.5899	
1783	1	26.1	26.1	2.81	
1784	1	26.13	26.13	2.5931	
1785	1	26	26	2.38	
1786	1	26.03	26.03	2.2891	
1787	1	26.05	26.05	2.0475	
1788	1	26.13	26.13	2.0931	
1789	1	26.07	26.07	2.0251	
1790	1	26.1	26.1	2.01	
1791	1	26.05	26.05	2.2075	
1792	1	26.01	26.01	2.1899	
1793	1	25.98	25.98	2.0396	
1794	1	26.03	26.03	1.9691	
1795	1	26.04	26.04	1.9384	
1796	1	26.04	26.04	1.9784	
1797	1	26.1	26.1	2.03	
1798	1	26.07	26.07	2.0051	
1799	1	26.09	26.09	2.2219	
1800	1	26.04	26.04	2.1184	
1801	1	25.94	25.94	2.1964	
1802	1	25.95	25.95	2.3875	
1803	1	25.93	25.93	2.2451	
1804	1	25.96	25.96	2.1584	
1805	1	25.93	25.93	1.9851	
1806	1	25.93	25.93	2.0851	
1807	1	25.92	25.92	2.1336	
1808	1	25.99	25.99	2.2299	
1809	1	25.95	25.95	2.1275	
1810	1	25.97	25.97	2.4291	
1811	1	25.95	25.95	2.5875	
1812	1	25.93	25.93	2.3651	
1813	1	25.89	25.89	2.5979	
1814	1	25.82	25.82	2.2276	
1815	1	25.72	25.72	2.2616	
1816	1	25.8	25.8	2.1	
1817	1	25.88	25.88	2.3656	
1818	1	25.89	25.89	2.4779	
1819	1	25.87	25.87	2.4731	
1820	1	25.91	25.91	2.5019	
1821	1	25.83	25.83	2.7611	
1822	1	25.81	25.81	2.6739	
1823	1	25.88	25.88	3.0056	
1824	1	25.89	25.89	2.9779	
1825	1	25.83	25.83	2.8611	
1826	1	25.84	25.84	2.6544	
1827	1	25.84	25.84	2.9344	
1828	1	25.82	25.82	2.8676	
1829	1	25.77	25.77	2.5771	
1830	1	25.74	25.74	2.8124	
1831	1	25.62	25.62	2.9956	
1832	1	25.63	25.63	2.9131	
1833	1	25.49	25.49	2.6499	
1834	1	25.56	25.56	2.6864	
1835	1	25.72	25.72	2.8816	
1836	1	25.69	25.69	2.6939	
1837	1	25.62	25.62	2.6756	
1838	1	25.63	25.63	2.5131	
1839	1	25.71	25.71	2.5859	
1840	1	25.64	25.64	2.6904	
1841	1	25.42	25.42	2.5436	
1842	1	25.61	25.61	2.8579	
1843	1	25.7	25.7	3.27	
1844	1	25.83	25.83	3.4211	
1845	1	25.84	25.84	3.3744	
1846	1	25.94	25.94	3.7364	
1847	1	26.14	26.14	3.8804	
1848	1	26.11	26.11	3.8979	
1849	1	26.18	26.18	3.9476	
1850	1	26.1	26.1	3.83	
1851	1	25.89	25.89	3.5779	
1852	1	25.84	25.84	3.4744	
1853	1	25.97	25.97	3.7091	
1854	1	26.02	26.02	3.9396	
1855	1	25.95	25.95	3.9875	
1856	1	25.83	25.83	3.8011	
1857	1	25.76	25.76	3.5424	
1858	1	26.02	26.02	4.1396	
1859	1	26.08	26.08	4.4336	
1860	1	26.05	26.05	4.0475	
1861	1	26.12	26.12	4.2656	
1862	1	26.28	26.28	4.3816	
1863	1	26.15	26.15	4.3075	
1864	1	26.21	26.21	4.6459	
1865	1	26.38	26.38	4.6356	
1866	1	26.48	26.48	4.7496	
1867	1	26.57	26.57	4.6051	
1868	1	26.6	26.6	4.68	
1869	1	26.54	26.54	4.5484	
1870	1	26.59	26.59	4.4619	
1871	1	26.48	26.48	4.4696	
1872	1	26.14	26.14	4.4804	
1873	1	26.16	26.16	4.5344	
1874	1	26.29	26.29	4.6259	
1875	1	26.25	26.25	4.6475	
1876	1	26.03	26.03	4.4291	
1877	1	26.32	26.32	4.7576	
1878	1	26.39	26.39	4.5379	
1879	1	26.4	26.4	4.58	
1880	1	26.56	26.56	4.5464	
1881	1	26.66	26.66	4.6244	
1882	1	26.55	26.55	4.6675	
1883	1	26.38	26.38	4.4356	
1884	1	26.44	26.44	4.5464	
1885	1	26.23	26.23	4.0971	
1886	1	25.95	25.95	3.6675	
1887	1	25.93	25.93	3.7251	
1888	1	25.89	25.89	3.5779	
1889	1	25.88	25.88	3.6256	
1890	1	25.93	25.93	3.6251	
1891	1	25.94	25.94	3.7564	
1892	1	26.01	26.01	3.7499	
1893	1	25.77	25.77	3.5571	
1894	1	25.69	25.69	3.3739	
1895	1	25.57	25.57	3.0651	
1896	1	25.61	25.61	2.8979	
1897	1	25.69	25.69	2.8139	
1898	1	25.78	25.78	3.1316	
1899	1	25.79	25.79	3.3259	
1900	1	25.89	25.89	3.5379	
1901	1	26.08	26.08	3.9136	
1902	1	25.88	25.88	3.5256	
1903	1	25.94	25.94	3.4764	
1904	1	26.13	26.13	3.9731	
1905	1	26.53	26.53	4.2891	
1906	1	26.54	26.54	4.1684	
1907	1	26.73	26.73	4.2971	
1908	1	26.79	26.79	4.2459	
1909	1	26.8	26.8	4.52	
1910	1	26.51	26.51	4.4699	
1911	1	26.45	26.45	4.3875	
1912	1	26.56	26.56	4.1664	
1913	1	26.48	26.48	4.1896	
1914	1	26.43	26.43	4.3051	
1915	1	26.37	26.37	4.2531	
1916	1	26.35	26.35	4.3875	
1917	1	26.38	26.38	4.2156	
1918	1	26.4	26.4	4.24	
1919	1	26.45	26.45	4.4275	
1920	1	26.59	26.59	4.3819	
1921	1	26.54	26.54	4.4684	
1922	1	26.61	26.61	4.5179	
1923	1	26.65	26.65	4.4475	
1924	1	26.64	26.64	4.4304	
1925	1	26.61	26.61	4.5979	
1926	1	26.54	26.54	4.5084	
1927	1	26.55	26.55	4.8075	
1928	1	26.58	26.58	4.9636	
1929	1	26.67	26.67	5.2211	
1930	1	26.64	26.64	5.2304	
1931	1	26.51	26.51	5.3699	
1932	1	26.51	26.51	5.3299	
1933	1	26.48	26.48	5.0696	
1934	1	26.44	26.44	5.3064	
1935	1	26.44	26.44	5.0864	
1936	1	26.4	26.4	5.16	
1937	1	26.36	26.36	5.1904	
1938	1	26.38	26.38	5.4356	
1939	1	26.47	26.47	5.4691	
1940	1	26.51	26.51	5.7499	
1941	1	26.49	26.49	5.5499	
1942	1	26.5	26.5	5.03	
1943	1	26.47	26.47	5.2091	
1944	1	26.57	26.57	4.9451	
1945	1	26.73	26.73	4.9771	
1946	1	26.72	26.72	5.2016	
1947	1	26.72	26.72	5.5616	
1948	1	26.75	26.75	5.8075	
1949	1	26.75	26.75	5.9475	
1950	1	26.71	26.71	6.1259	
1951	1	26.73	26.73	5.5971	
1952	1	26.69	26.69	5.6139	
1953	1	26.68	26.68	5.9776	
1954	1	26.63	26.63	5.9131	
1955	1	26.39	26.39	5.0779	
1956	1	26.33	26.33	5.2211	
1957	1	26.2	26.2	4.84	
1958	1	26.33	26.33	5.0811	
1959	1	26.3	26.3	5.45	
1960	1	26.22	26.22	5.4716	
1961	1	25.87	25.87	4.8731	
1962	1	25.66	25.66	4.3244	
1963	1	25.58	25.58	4.3436	
1964	1	25.71	25.71	4.8059	
1965	1	25.49	25.49	4.3099	
1966	1	25.27	25.27	3.6771	
1967	1	25.24	25.24	3.5224	
1968	1	25.13	25.13	3.3731	
1969	1	25.12	25.12	3.4056	
1970	1	25.06	25.06	3.4164	
1971	1	25.06	25.06	3.5164	
1972	1	25.1	25.1	3.63	
1973	1	25.09	25.09	3.8219	
1974	1	25.02	25.02	3.6796	
1975	1	25	25	3.36	
1976	1	24.99	24.99	3.0899	
1977	1	25.12	25.12	3.6456	
1978	1	25.09	25.09	3.8619	
1979	1	25.14	25.14	4.0004	
1980	1	25.17	25.17	4.2611	
1981	1	25.18	25.18	4.2676	
1982	1	25.15	25.15	4.1275	
1983	1	25.29	25.29	4.3059	
1984	1	25.42	25.42	4.9436	
1985	1	25.59	25.59	5.3619	
1986	1	25.52	25.52	5.1696	
1987	1	25.43	25.43	4.7451	
1988	1	25.31	25.31	3.8139	
1989	1	25.49	25.49	4.3299	
1990	1	25.63	25.63	4.8331	
1991	1	25.77	25.77	5.5371	
1992	1	25.81	25.81	5.5939	
1993	1	26.04	26.04	6.3584	
1994	1	26.09	26.09	6.3019	
1995	1	26.21	26.21	6.6459	
1996	1	26.01	26.01	6.0699	
1997	1	26.09	26.09	5.9019	
1998	1	25.96	25.96	5.2184	
1999	1	26.09	26.09	5.1019	
2000	1	25.96	25.96	4.2384	
