# mu = 0.1, s = -0.1, trials requested = 1, runtime = 0:00:01
# "Time"	"Actual trials"	"Mean mutation"	"Average mean mutation"	"Average mutation variance"
0	1	0	0	0	
1	1	0.01	0.01	0.0099	
2	1	0.01	0.01	0.0099	
3	1	0.01	0.01	0.0099	
4	1	0.02	0.02	0.0196	
5	1	0.01	0.01	0.0099	
6	1	0.02	0.02	0.0196	
7	1	0.04	0.04	0.0384	
8	1	0.05	0.05	0.0475	
9	1	0.05	0.05	0.0475	
10	1	0.06	0.06	0.0564	
11	1	0.1	0.1	0.09	
12	1	0.11	0.11	0.0979	
13	1	0.11	0.11	0.0979	
14	1	0.12	0.12	0.1056	
15	1	0.14	0.14	0.1204	
16	1	0.14	0.14	0.1204	
17	1	0.15	0.15	0.1275	
18	1	0.16	0.16	0.1344	
19	1	0.14	0.14	0.1204	
20	1	0.15	0.15	0.1275	
21	1	0.17	0.17	0.1411	
22	1	0.17	0.17	0.1411	
23	1	0.19	0.19	0.1539	
24	1	0.2	0.2	0.16	
25	1	0.21	0.21	0.1659	
26	1	0.24	0.24	0.2024	
27	1	0.25	0.25	0.2075	
28	1	0.24	0.24	0.2024	
29	1	0.26	0.26	0.2324	
30	1	0.28	0.28	0.2616	
31	1	0.25	0.25	0.2475	
32	1	0.28	0.28	0.2616	
33	1	0.29	0.29	0.2659	
34	1	0.31	0.31	0.2939	
35	1	0.37	0.37	0.3531	
36	1	0.38	0.38	0.3556	
37	1	0.35	0.35	0.3075	
38	1	0.33	0.33	0.3011	
39	1	0.34	0.34	0.3244	
40	1	0.37	0.37	0.3531	
41	1	0.35	0.35	0.3275	
42	1	0.34	0.34	0.3244	
43	1	0.29	0.29	0.2859	
44	1	0.31	0.31	0.2939	
45	1	0.31	0.31	0.3139	
46	1	0.29	0.29	0.2859	
47	1	0.28	0.28	0.2616	
48	1	0.31	0.31	0.3139	
49	1	0.29	0.29	0.3059	
50	1	0.27	0.27	0.2971	
51	1	0.27	0.27	0.2971	
52	1	0.27	0.27	0.2971	
53	1	0.31	0.31	0.3339	
54	1	0.29	0.29	0.3059	
55	1	0.3	0.3	0.33	
56	1	0.31	0.31	0.3339	
57	1	0.34	0.34	0.3644	
58	1	0.34	0.34	0.3444	
59	1	0.37	0.37	0.3531	
60	1	0.35	0.35	0.3475	
61	1	0.42	0.42	0.4236	
62	1	0.38	0.38	0.3956	
63	1	0.4	0.4	0.4	
64	1	0.42	0.42	0.4036	
65	1	0.42	0.42	0.4236	
66	1	0.44	0.44	0.4464	
67	1	0.44	0.44	0.4664	
68	1	0.47	0.47	0.4691	
69	1	0.45	0.45	0.4675	
70	1	0.44	0.44	0.4664	
71	1	0.46	0.46	0.5284	
72	1	0.45	0.45	0.5275	
73	1	0.45	0.45	0.5275	
74	1	0.47	0.47	0.5291	
75	1	0.5	0.5	0.59	
76	1	0.49	0.49	0.5699	
77	1	0.47	0.47	0.5291	
78	1	0.47	0.47	0.5291	
79	1	0.45	0.45	0.5075	
80	1	0.41	0.41	0.5019	
81	1	0.41	0.41	0.5019	
82	1	0.4	0.4	0.5	
83	1	0.42	0.42	0.5236	
84	1	0.43	0.43	0.5251	
85	1	0.4	0.4	0.52	
86	1	0.44	0.44	0.5464	
87	1	0.51	0.51	0.6099	
88	1	0.49	0.49	0.6099	
89	1	0.5	0.5	0.65	
90	1	0.47	0.47	0.6091	
91	1	0.48	0.48	0.5896	
92	1	0.49	0.49	0.5899	
93	1	0.48	0.48	0.6096	
94	1	0.46	0.46	0.5484	
95	1	0.46	0.46	0.5084	
96	1	0.47	0.47	0.5291	
97	1	0.52	0.52	0.5296	
98	1	0.5	0.5	0.49	
99	1	0.49	0.49	0.4899	
100	1	0.5	0.5	0.49	
101	1	0.52	0.52	0.4896	
102	1	0.55	0.55	0.5075	
103	1	0.54	0.54	0.5084	
104	1	0.52	0.52	0.5096	
105	1	0.51	0.51	0.5099	
106	1	0.48	0.48	0.4696	
107	1	0.52	0.52	0.4896	
108	1	0.51	0.51	0.4899	
109	1	0.52	0.52	0.4896	
110	1	0.47	0.47	0.4691	
111	1	0.52	0.52	0.4696	
112	1	0.56	0.56	0.4664	
113	1	0.54	0.54	0.4684	
114	1	0.51	0.51	0.4299	
115	1	0.51	0.51	0.4299	
116	1	0.54	0.54	0.4884	
117	1	0.52	0.52	0.4696	
118	1	0.56	0.56	0.4864	
119	1	0.58	0.58	0.4636	
120	1	0.55	0.55	0.4875	
121	1	0.56	0.56	0.4864	
122	1	0.59	0.59	0.4819	
123	1	0.58	0.58	0.4436	
124	1	0.59	0.59	0.4619	
125	1	0.56	0.56	0.4664	
126	1	0.6	0.6	0.46	
127	1	0.6	0.6	0.48	
128	1	0.61	0.61	0.4979	
129	1	0.63	0.63	0.5131	
130	1	0.64	0.64	0.5104	
131	1	0.68	0.68	0.5176	
132	1	0.69	0.69	0.5539	
133	1	0.71	0.71	0.5859	
134	1	0.76	0.76	0.6224	
135	1	0.77	0.77	0.5771	
136	1	0.74	0.74	0.5924	
137	1	0.7	0.7	0.59	
138	1	0.69	0.69	0.5939	
139	1	0.7	0.7	0.61	
140	1	0.71	0.71	0.6059	
141	1	0.7	0.7	0.57	
142	1	0.68	0.68	0.6576	
143	1	0.71	0.71	0.6659	
144	1	0.75	0.75	0.6875	
145	1	0.74	0.74	0.6724	
146	1	0.75	0.75	0.7275	
147	1	0.79	0.79	0.7459	
148	1	0.83	0.83	0.7411	
149	1	0.81	0.81	0.7139	
150	1	0.84	0.84	0.7144	
151	1	0.88	0.88	0.7256	
152	1	0.85	0.85	0.7275	
153	1	0.81	0.81	0.6939	
154	1	0.82	0.82	0.6876	
155	1	0.82	0.82	0.6676	
156	1	0.85	0.85	0.6475	
157	1	0.85	0.85	0.6075	
158	1	0.87	0.87	0.6331	
159	1	0.88	0.88	0.6856	
160	1	0.87	0.87	0.6731	
161	1	0.88	0.88	0.6456	
162	1	0.89	0.89	0.6579	
163	1	0.89	0.89	0.7179	
164	1	0.89	0.89	0.7379	
165	1	0.92	0.92	0.7536	
166	1	0.91	0.91	0.7419	
167	1	0.98	0.98	0.7996	
168	1	0.97	0.97	0.7691	
169	1	0.97	0.97	0.7291	
170	1	0.99	0.99	0.7299	
171	1	1	1	0.82	
172	1	1.01	1.01	0.8299	
173	1	1.03	1.03	0.8291	
174	1	1.03	1.03	0.8491	
175	1	1.06	1.06	0.8764	
176	1	1.07	1.07	0.8851	
177	1	1.08	1.08	0.8736	
178	1	1.09	1.09	0.9019	
179	1	1.1	1.1	0.95	
180	1	1.08	1.08	0.9336	
181	1	1.11	1.11	1.0379	
182	1	1.17	1.17	1.1411	
183	1	1.17	1.17	1.1011	
184	1	1.2	1.2	1.12	
185	1	1.19	1.19	1.1539	
186	1	1.24	1.24	1.2824	
187	1	1.25	1.25	1.2475	
188	1	1.24	1.24	1.2024	
189	1	1.19	1.19	1.0939	
190	1	1.16	1.16	1.0544	
191	1	1.19	1.19	1.1139	
192	1	1.15	1.15	1.0275	
193	1	1.17	1.17	1.0011	
194	1	1.17	1.17	0.9611	
195	1	1.19	1.19	0.9739	
196	1	1.18	1.18	0.9476	
197	1	1.17	1.17	1.0011	
198	1	1.16	1.16	0.9744	
199	1	1.1	1.1	0.89	
200	1	1.11	1.11	0.8379	
201	1	1.1	1.1	0.87	
202	1	1.11	1.11	0.8779	
203	1	1.16	1.16	0.9944	
204	1	1.15	1.15	1.0475	
205	1	1.11	1.11	1.0379	
206	1	1.09	1.09	1.0019	
207	1	1.14	1.14	1.0404	
208	1	1.16	1.16	1.1544	
209	1	1.18	1.18	1.1676	
210	1	1.16	1.16	1.1744	
211	1	1.19	1.19	1.1539	
212	1	1.23	1.23	1.3371	
213	1	1.27	1.27	1.3971	
214	1	1.28	1.28	1.4016	
215	1	1.29	1.29	1.4659	
216	1	1.33	1.33	1.5411	
217	1	1.35	1.35	1.4875	
218	1	1.34	1.34	1.5044	
219	1	1.37	1.37	1.6131	
220	1	1.35	1.35	1.5275	
221	1	1.34	1.34	1.4844	
222	1	1.36	1.36	1.4704	
223	1	1.36	1.36	1.4504	
224	1	1.35	1.35	1.3675	
225	1	1.35	1.35	1.3475	
226	1	1.34	1.34	1.3044	
227	1	1.36	1.36	1.3304	
228	1	1.38	1.38	1.3356	
229	1	1.4	1.4	1.2	
230	1	1.39	1.39	1.2579	
231	1	1.41	1.41	1.2819	
232	1	1.42	1.42	1.2436	
233	1	1.44	1.44	1.2264	
234	1	1.45	1.45	1.2275	
235	1	1.38	1.38	1.0756	
236	1	1.37	1.37	1.0931	
237	1	1.38	1.38	1.1156	
238	1	1.37	1.37	1.1331	
239	1	1.39	1.39	1.1379	
240	1	1.4	1.4	1.14	
241	1	1.43	1.43	1.2051	
242	1	1.46	1.46	1.2084	
243	1	1.43	1.43	1.2251	
244	1	1.42	1.42	1.2436	
245	1	1.36	1.36	1.1904	
246	1	1.35	1.35	1.2275	
247	1	1.38	1.38	1.1956	
248	1	1.39	1.39	1.2379	
249	1	1.36	1.36	1.2504	
250	1	1.29	1.29	1.3059	
251	1	1.32	1.32	1.3176	
252	1	1.28	1.28	1.1816	
253	1	1.21	1.21	1.1059	
254	1	1.22	1.22	1.1316	
255	1	1.29	1.29	1.3259	
256	1	1.27	1.27	1.2971	
257	1	1.26	1.26	1.4324	
258	1	1.29	1.29	1.4059	
259	1	1.31	1.31	1.4939	
260	1	1.28	1.28	1.5416	
261	1	1.32	1.32	1.4976	
262	1	1.33	1.33	1.5411	
263	1	1.32	1.32	1.5376	
264	1	1.3	1.3	1.55	
265	1	1.27	1.27	1.4171	
266	1	1.25	1.25	1.4275	
267	1	1.23	1.23	1.4171	
268	1	1.22	1.22	1.4916	
269	1	1.18	1.18	1.3476	
270	1	1.23	1.23	1.3571	
271	1	1.24	1.24	1.3424	
272	1	1.25	1.25	1.4075	
273	1	1.24	1.24	1.3624	
274	1	1.25	1.25	1.3475	
275	1	1.3	1.3	1.47	
276	1	1.34	1.34	1.6044	
277	1	1.37	1.37	1.6331	
278	1	1.3	1.3	1.43	
279	1	1.34	1.34	1.4844	
280	1	1.37	1.37	1.5331	
281	1	1.42	1.42	1.4636	
282	1	1.39	1.39	1.4379	
283	1	1.39	1.39	1.4579	
284	1	1.42	1.42	1.5636	
285	1	1.44	1.44	1.6064	
286	1	1.52	1.52	1.5896	
287	1	1.5	1.5	1.65	
288	1	1.53	1.53	1.7291	
289	1	1.62	1.62	1.6956	
290	1	1.69	1.69	1.7739	
291	1	1.71	1.71	1.6459	
292	1	1.73	1.73	1.6371	
293	1	1.77	1.77	1.5771	
294	1	1.73	1.73	1.5771	
295	1	1.72	1.72	1.5416	
296	1	1.78	1.78	1.5516	
297	1	1.77	1.77	1.5371	
298	1	1.82	1.82	1.4876	
299	1	1.84	1.84	1.5144	
300	1	1.87	1.87	1.5331	
301	1	1.88	1.88	1.4056	
302	1	1.9	1.9	1.39	
303	1	1.9	1.9	1.35	
304	1	1.89	1.89	1.3979	
305	1	1.87	1.87	1.3331	
306	1	1.87	1.87	1.3731	
307	1	1.85	1.85	1.4475	
308	1	1.91	1.91	1.6019	
309	1	1.92	1.92	1.6136	
310	1	1.93	1.93	1.5851	
311	1	1.91	1.91	1.5619	
312	1	1.95	1.95	1.6875	
313	1	1.92	1.92	1.6536	
314	1	1.93	1.93	1.7251	
315	1	1.93	1.93	1.6851	
316	1	1.91	1.91	1.6019	
317	1	1.88	1.88	1.5056	
318	1	1.87	1.87	1.3731	
319	1	1.93	1.93	1.4051	
320	1	2	2	1.46	
321	1	1.99	1.99	1.2699	
322	1	2.02	2.02	1.2996	
323	1	2.05	2.05	1.3075	
324	1	2.06	2.06	1.3164	
325	1	2.05	2.05	1.4275	
326	1	2.04	2.04	1.3984	
327	1	2.06	2.06	1.4564	
328	1	2.01	2.01	1.4299	
329	1	2.02	2.02	1.4396	
330	1	1.95	1.95	1.5275	
331	1	1.97	1.97	1.5291	
332	1	1.98	1.98	1.4396	
333	1	1.96	1.96	1.4784	
334	1	1.92	1.92	1.4936	
335	1	1.97	1.97	1.4291	
336	1	1.99	1.99	1.4499	
337	1	1.97	1.97	1.4091	
338	1	1.98	1.98	1.3996	
339	1	1.98	1.98	1.4196	
340	1	2.03	2.03	1.4691	
341	1	2.03	2.03	1.5291	
342	1	2.04	2.04	1.5584	
343	1	2.04	2.04	1.5184	
344	1	2.06	2.06	1.5164	
345	1	2.07	2.07	1.6251	
346	1	2.05	2.05	1.6675	
347	1	2.03	2.03	1.6891	
348	1	2.04	2.04	1.6584	
349	1	2.08	2.08	1.6736	
350	1	2.05	2.05	1.7275	
351	1	2.08	2.08	1.7136	
352	1	2.03	2.03	1.7491	
353	1	2.11	2.11	1.6379	
354	1	2.08	2.08	1.6936	
355	1	2.04	2.04	1.7784	
356	1	2.08	2.08	1.7736	
357	1	2.1	2.1	1.89	
358	1	2.11	2.11	1.8579	
359	1	2.1	2.1	1.81	
360	1	2.11	2.11	1.8779	
361	1	2.08	2.08	1.8936	
362	1	2.05	2.05	1.9275	
363	1	2.07	2.07	1.9451	
364	1	2.08	2.08	1.9136	
365	1	2.01	2.01	1.8899	
366	1	2.02	2.02	1.8196	
367	1	2.03	2.03	1.8691	
368	1	1.94	1.94	1.8364	
369	1	1.95	1.95	1.7875	
370	1	1.9	1.9	1.79	
371	1	1.93	1.93	1.8451	
372	1	1.95	1.95	1.8475	
373	1	1.92	1.92	1.7536	
374	1	1.93	1.93	1.8251	
375	1	1.86	1.86	1.7804	
376	1	1.86	1.86	1.8204	
377	1	1.89	1.89	1.7379	
378	1	1.91	1.91	1.7419	
379	1	1.91	1.91	1.8419	
380	1	1.91	1.91	1.7819	
381	1	1.91	1.91	1.7819	
382	1	1.94	1.94	1.8364	
383	1	1.89	1.89	1.8179	
384	1	1.89	1.89	1.8379	
385	1	1.91	1.91	1.8619	
386	1	1.94	1.94	1.8964	
387	1	1.96	1.96	1.8184	
388	1	1.97	1.97	1.7691	
389	1	2.05	2.05	1.8075	
390	1	2.03	2.03	1.8491	
391	1	2	2	1.8	
392	1	2.02	2.02	1.8396	
393	1	2.03	2.03	1.8491	
394	1	2.05	2.05	1.8475	
395	1	2.08	2.08	1.8736	
396	1	2.11	2.11	1.8779	
397	1	2.11	2.11	1.8979	
398	1	2.13	2.13	1.9131	
399	1	2.13	2.13	1.9931	
400	1	2.19	2.19	1.9539	
401	1	2.2	2.2	1.98	
402	1	2.16	2.16	1.8944	
403	1	2.15	2.15	1.8075	
404	1	2.14	2.14	1.7804	
405	1	2.2	2.2	1.7	
406	1	2.23	2.23	1.5971	
407	1	2.26	2.26	1.6124	
408	1	2.27	2.27	1.5371	
409	1	2.28	2.28	1.5016	
410	1	2.34	2.34	1.5444	
411	1	2.38	2.38	1.6156	
412	1	2.46	2.46	1.5884	
413	1	2.44	2.44	1.5064	
414	1	2.42	2.42	1.5636	
415	1	2.4	2.4	1.54	
416	1	2.41	2.41	1.5219	
417	1	2.4	2.4	1.46	
418	1	2.36	2.36	1.4904	
419	1	2.4	2.4	1.4	
420	1	2.4	2.4	1.42	
421	1	2.39	2.39	1.3979	
422	1	2.41	2.41	1.4419	
423	1	2.37	2.37	1.4331	
424	1	2.32	2.32	1.5776	
425	1	2.32	2.32	1.5376	
426	1	2.41	2.41	1.5419	
427	1	2.32	2.32	1.6176	
428	1	2.31	2.31	1.5139	
429	1	2.35	2.35	1.5675	
430	1	2.34	2.34	1.6244	
431	1	2.33	2.33	1.6011	
432	1	2.3	2.3	1.55	
433	1	2.38	2.38	1.5156	
434	1	2.43	2.43	1.4651	
435	1	2.41	2.41	1.3619	
436	1	2.38	2.38	1.2556	
437	1	2.43	2.43	1.1451	
438	1	2.43	2.43	1.0651	
439	1	2.42	2.42	1.0836	
440	1	2.4	2.4	1.06	
441	1	2.42	2.42	1.0636	
442	1	2.39	2.39	1.1579	
443	1	2.38	2.38	1.2156	
444	1	2.36	2.36	1.2904	
445	1	2.32	2.32	1.3176	
446	1	2.26	2.26	1.3724	
447	1	2.22	2.22	1.5316	
448	1	2.24	2.24	1.5224	
449	1	2.29	2.29	1.4659	
450	1	2.3	2.3	1.57	
451	1	2.29	2.29	1.4859	
452	1	2.21	2.21	1.6259	
453	1	2.16	2.16	1.6744	
454	1	2.22	2.22	1.6516	
455	1	2.22	2.22	1.6516	
456	1	2.18	2.18	1.6676	
457	1	2.19	2.19	1.7939	
458	1	2.13	2.13	1.8331	
459	1	2.13	2.13	1.8731	
460	1	2.11	2.11	1.9179	
461	1	2.11	2.11	1.9579	
462	1	2.05	2.05	1.9875	
463	1	2.11	2.11	1.9979	
464	1	2.03	2.03	1.9691	
465	1	2.03	2.03	2.0091	
466	1	2.06	2.06	1.9964	
467	1	2.06	2.06	1.9964	
468	1	2.06	2.06	1.9964	
469	1	2.11	2.11	2.0379	
470	1	2.08	2.08	1.9536	
471	1	2.02	2.02	1.9996	
472	1	2.14	2.14	1.9804	
473	1	2.15	2.15	1.9475	
474	1	2.19	2.19	1.9739	
475	1	2.2	2.2	2	
476	1	2.24	2.24	1.9024	
477	1	2.24	2.24	1.8824	
478	1	2.27	2.27	1.7971	
479	1	2.32	2.32	1.7376	
480	1	2.31	2.31	1.7339	
481	1	2.32	2.32	1.6976	
482	1	2.4	2.4	1.64	
483	1	2.37	2.37	1.6931	
484	1	2.36	2.36	1.7704	
485	1	2.42	2.42	1.7236	
486	1	2.44	2.44	1.6864	
487	1	2.45	2.45	1.7075	
488	1	2.45	2.45	1.8475	
489	1	2.37	2.37	1.8731	
490	1	2.41	2.41	1.8019	
491	1	2.48	2.48	1.7496	
492	1	2.4	2.4	1.6	
493	1	2.46	2.46	1.5284	
494	1	2.45	2.45	1.5075	
495	1	2.41	2.41	1.6019	
496	1	2.49	2.49	1.5299	
497	1	2.5	2.5	1.47	
498	1	2.52	2.52	1.4496	
499	1	2.59	2.59	1.3219	
500	1	2.57	2.57	1.3251	
501	1	2.53	2.53	1.2691	
502	1	2.55	2.55	1.2875	
503	1	2.49	2.49	1.2099	
504	1	2.5	2.5	1.27	
505	1	2.49	2.49	1.3099	
506	1	2.51	2.51	1.3899	
507	1	2.5	2.5	1.41	
508	1	2.42	2.42	1.5036	
509	1	2.39	2.39	1.5179	
510	1	2.35	2.35	1.4875	
511	1	2.27	2.27	1.4771	
512	1	2.21	2.21	1.5659	
513	1	2.13	2.13	1.6531	
514	1	2.17	2.17	1.6611	
515	1	2.15	2.15	1.7475	
516	1	2.2	2.2	1.7	
517	1	2.22	2.22	1.7516	
518	1	2.31	2.31	1.6339	
519	1	2.29	2.29	1.6659	
520	1	2.28	2.28	1.7816	
521	1	2.27	2.27	1.7771	
522	1	2.33	2.33	1.6211	
523	1	2.33	2.33	1.5811	
524	1	2.32	2.32	1.6176	
525	1	2.35	2.35	1.6275	
526	1	2.31	2.31	1.6339	
527	1	2.34	2.34	1.6044	
528	1	2.37	2.37	1.7131	
529	1	2.33	2.33	1.7011	
530	1	2.3	2.3	1.73	
531	1	2.27	2.27	1.8171	
532	1	2.24	2.24	1.8824	
533	1	2.26	2.26	1.8724	
534	1	2.28	2.28	1.7416	
535	1	2.25	2.25	1.6875	
536	1	2.26	2.26	1.6524	
537	1	2.26	2.26	1.6324	
538	1	2.23	2.23	1.6171	
539	1	2.26	2.26	1.6524	
540	1	2.22	2.22	1.7716	
541	1	2.24	2.24	1.7424	
542	1	2.21	2.21	1.7459	
543	1	2.23	2.23	1.6571	
544	1	2.18	2.18	1.8476	
545	1	2.18	2.18	1.9076	
546	1	2.23	2.23	1.9371	
547	1	2.28	2.28	2.0216	
548	1	2.22	2.22	2.1916	
549	1	2.19	2.19	2.2739	
550	1	2.15	2.15	2.3475	
551	1	2.17	2.17	2.1811	
552	1	2.17	2.17	2.2211	
553	1	2.21	2.21	2.2059	
554	1	2.22	2.22	2.2316	
555	1	2.27	2.27	2.2171	
556	1	2.26	2.26	2.1924	
557	1	2.3	2.3	2.09	
558	1	2.31	2.31	1.9939	
559	1	2.35	2.35	2.0475	
560	1	2.31	2.31	2.0539	
561	1	2.3	2.3	2.09	
562	1	2.33	2.33	2.0611	
563	1	2.31	2.31	2.0939	
564	1	2.37	2.37	2.0131	
565	1	2.37	2.37	2.1331	
566	1	2.42	2.42	2.1036	
567	1	2.45	2.45	2.1275	
568	1	2.43	2.43	2.1051	
569	1	2.39	2.39	2.0979	
570	1	2.37	2.37	2.1731	
571	1	2.34	2.34	2.2244	
572	1	2.34	2.34	2.1644	
573	1	2.35	2.35	2.2475	
574	1	2.28	2.28	2.3416	
575	1	2.33	2.33	2.3611	
576	1	2.32	2.32	2.2976	
577	1	2.28	2.28	2.2816	
578	1	2.27	2.27	2.2571	
579	1	2.25	2.25	2.3075	
580	1	2.25	2.25	2.3075	
581	1	2.29	2.29	2.4259	
582	1	2.25	2.25	2.6275	
583	1	2.22	2.22	2.6916	
584	1	2.11	2.11	2.6179	
585	1	2.16	2.16	2.5544	
586	1	2.13	2.13	2.3931	
587	1	2.2	2.2	2.42	
588	1	2.2	2.2	2.4	
589	1	2.19	2.19	2.3939	
590	1	2.24	2.24	2.3024	
591	1	2.28	2.28	2.2816	
592	1	2.27	2.27	2.2371	
593	1	2.2	2.2	2.2	
594	1	2.2	2.2	2.28	
595	1	2.18	2.18	2.2676	
596	1	2.16	2.16	2.2144	
597	1	2.13	2.13	2.2931	
598	1	2.06	2.06	2.1364	
599	1	2.06	2.06	2.0564	
600	1	2.05	2.05	1.9875	
601	1	2.05	2.05	2.1275	
602	1	2.09	2.09	2.3419	
603	1	2.11	2.11	2.3779	
604	1	2.16	2.16	2.3744	
605	1	2.2	2.2	2.28	
606	1	2.3	2.3	2.37	
607	1	2.34	2.34	2.6444	
608	1	2.39	2.39	2.6179	
609	1	2.45	2.45	2.4075	
610	1	2.52	2.52	2.2096	
611	1	2.53	2.53	2.1891	
612	1	2.5	2.5	2.23	
613	1	2.49	2.49	2.0499	
614	1	2.51	2.51	2.3299	
615	1	2.51	2.51	2.3299	
616	1	2.5	2.5	2.33	
617	1	2.54	2.54	2.4284	
618	1	2.51	2.51	2.4699	
619	1	2.54	2.54	2.4284	
620	1	2.53	2.53	2.4291	
621	1	2.62	2.62	2.5756	
622	1	2.64	2.64	2.5904	
623	1	2.68	2.68	2.5976	
624	1	2.71	2.71	2.5459	
625	1	2.74	2.74	2.5324	
626	1	2.79	2.79	2.4659	
627	1	2.8	2.8	2.64	
628	1	2.82	2.82	2.6676	
629	1	2.88	2.88	2.8656	
630	1	2.9	2.9	2.73	
631	1	2.9	2.9	2.81	
632	1	2.9	2.9	3.05	
633	1	2.84	2.84	3.0944	
634	1	2.87	2.87	2.8931	
635	1	2.85	2.85	2.8075	
636	1	2.84	2.84	2.7744	
637	1	2.84	2.84	2.7544	
638	1	2.84	2.84	2.7544	
639	1	2.88	2.88	2.7256	
640	1	2.92	2.92	2.6536	
641	1	2.94	2.94	2.7364	
642	1	2.95	2.95	2.7275	
643	1	2.96	2.96	2.7184	
644	1	2.99	2.99	2.8099	
645	1	2.99	2.99	2.6499	
646	1	3	3	2.68	
647	1	3.04	3.04	2.8784	
648	1	3.04	3.04	2.9184	
649	1	2.97	2.97	3.1091	
650	1	2.98	2.98	3.0996	
651	1	2.98	2.98	3.0796	
652	1	2.98	2.98	3.1596	
653	1	2.96	2.96	3.0584	
654	1	2.98	2.98	3.0996	
655	1	2.9	2.9	3.13	
656	1	2.93	2.93	3.1251	
657	1	2.81	2.81	3.2939	
658	1	2.82	2.82	3.4276	
659	1	2.85	2.85	3.3875	
660	1	2.85	2.85	3.3875	
661	1	2.86	2.86	3.4004	
662	1	2.85	2.85	3.4075	
663	1	2.84	2.84	3.5944	
664	1	2.81	2.81	3.6139	
665	1	2.82	2.82	3.6076	
666	1	2.79	2.79	3.4859	
667	1	2.76	2.76	3.4424	
668	1	2.82	2.82	3.5676	
669	1	2.81	2.81	3.5539	
670	1	2.79	2.79	3.5659	
671	1	2.8	2.8	3.54	
672	1	2.8	2.8	3.54	
673	1	2.78	2.78	3.5916	
674	1	2.77	2.77	3.5971	
675	1	2.75	2.75	3.5875	
676	1	2.77	2.77	3.6771	
677	1	2.78	2.78	3.7316	
678	1	2.84	2.84	3.7744	
679	1	2.85	2.85	3.8275	
680	1	2.98	2.98	3.7796	
681	1	2.96	2.96	3.7584	
682	1	2.94	2.94	3.7164	
683	1	2.95	2.95	3.7075	
684	1	2.94	2.94	3.7564	
685	1	3	3	4.02	
686	1	3.05	3.05	3.8475	
687	1	3.04	3.04	3.8784	
688	1	3.04	3.04	3.8984	
689	1	3.04	3.04	3.8984	
690	1	3.05	3.05	4.1875	
691	1	3.02	3.02	4.2196	
692	1	3.04	3.04	4.1384	
693	1	3.05	3.05	4.1475	
694	1	3.04	3.04	3.8984	
695	1	3.05	3.05	3.9875	
696	1	3.02	3.02	3.9596	
697	1	2.95	2.95	3.9475	
698	1	3.01	3.01	3.9499	
699	1	3.03	3.03	3.6891	
700	1	2.97	2.97	3.7091	
701	1	3.01	3.01	3.6499	
702	1	2.96	2.96	3.5984	
703	1	2.92	2.92	3.5736	
704	1	2.84	2.84	3.4544	
705	1	2.86	2.86	3.4404	
706	1	2.9	2.9	3.43	
707	1	2.91	2.91	3.4019	
708	1	2.94	2.94	3.3964	
709	1	2.95	2.95	3.3875	
710	1	2.99	2.99	3.3499	
711	1	2.95	2.95	3.2675	
712	1	2.93	2.93	3.2851	
713	1	2.97	2.97	3.4691	
714	1	3	3	3.4	
715	1	3.05	3.05	3.4275	
716	1	3.03	3.03	3.4891	
717	1	3.02	3.02	3.5196	
718	1	3.02	3.02	3.8196	
719	1	3.03	3.03	3.8091	
720	1	3.03	3.03	3.8091	
721	1	3.02	3.02	3.5996	
722	1	3.07	3.07	3.6451	
723	1	3.09	3.09	3.7019	
724	1	3.08	3.08	3.7536	
725	1	3.14	3.14	4.0604	
726	1	3.18	3.18	4.1676	
727	1	3.22	3.22	4.2716	
728	1	3.28	3.28	4.5416	
729	1	3.26	3.26	4.1724	
730	1	3.29	3.29	4.3659	
731	1	3.31	3.31	4.4339	
732	1	3.3	3.3	4.43	
733	1	3.25	3.25	4.4075	
734	1	3.23	3.23	4.4371	
735	1	3.3	3.3	4.43	
736	1	3.3	3.3	4.35	
737	1	3.32	3.32	4.4576	
738	1	3.32	3.32	4.4576	
739	1	3.33	3.33	4.5611	
740	1	3.36	3.36	4.6504	
741	1	3.35	3.35	4.6275	
742	1	3.31	3.31	4.5939	
743	1	3.4	3.4	5.2	
744	1	3.36	3.36	5.3304	
745	1	3.4	3.4	5.26	
746	1	3.4	3.4	5.36	
747	1	3.5	3.5	5.37	
748	1	3.5	3.5	5.39	
749	1	3.58	3.58	5.4236	
750	1	3.6	3.6	5.34	
751	1	3.62	3.62	5.1356	
752	1	3.61	3.61	4.7179	
753	1	3.61	3.61	4.8179	
754	1	3.6	3.6	5	
755	1	3.53	3.53	4.9891	
756	1	3.56	3.56	4.9064	
757	1	3.54	3.54	4.9884	
758	1	3.54	3.54	4.9884	
759	1	3.45	3.45	5.0875	
760	1	3.47	3.47	5.0091	
761	1	3.41	3.41	4.7419	
762	1	3.4	3.4	4.82	
763	1	3.37	3.37	4.8331	
764	1	3.44	3.44	4.7864	
765	1	3.42	3.42	4.7836	
766	1	3.39	3.39	4.6979	
767	1	3.42	3.42	4.6636	
768	1	3.44	3.44	4.5064	
769	1	3.44	3.44	4.5064	
770	1	3.53	3.53	4.6291	
771	1	3.57	3.57	4.6251	
772	1	3.57	3.57	4.6051	
773	1	3.63	3.63	4.4731	
774	1	3.52	3.52	4.3096	
775	1	3.44	3.44	3.7064	
776	1	3.4	3.4	3.64	
777	1	3.43	3.43	3.5651	
778	1	3.43	3.43	3.3451	
779	1	3.51	3.51	3.3699	
780	1	3.49	3.49	3.4499	
781	1	3.48	3.48	3.5096	
782	1	3.5	3.5	3.41	
783	1	3.51	3.51	3.3699	
784	1	3.5	3.5	3.31	
785	1	3.51	3.51	3.3099	
786	1	3.49	3.49	3.1899	
787	1	3.51	3.51	3.1899	
788	1	3.51	3.51	3.1699	
789	1	3.56	3.56	3.3464	
790	1	3.56	3.56	3.2664	
791	1	3.58	3.58	3.2836	
792	1	3.53	3.53	3.4491	
793	1	3.58	3.58	3.3236	
794	1	3.51	3.51	3.2299	
795	1	3.49	3.49	3.3499	
796	1	3.48	3.48	3.1896	
797	1	3.46	3.46	3.1084	
798	1	3.41	3.41	2.8619	
799	1	3.39	3.39	2.8979	
800	1	3.4	3.4	2.88	
801	1	3.38	3.38	2.8356	
802	1	3.34	3.34	2.9044	
803	1	3.36	3.36	2.9104	
804	1	3.39	3.39	2.9179	
805	1	3.38	3.38	2.9556	
806	1	3.39	3.39	2.9379	
807	1	3.4	3.4	2.78	
808	1	3.39	3.39	2.8179	
809	1	3.36	3.36	2.5704	
810	1	3.37	3.37	2.7131	
811	1	3.31	3.31	2.2339	
812	1	3.39	3.39	2.1579	
813	1	3.44	3.44	2.2064	
814	1	3.42	3.42	2.3636	
815	1	3.45	3.45	2.3075	
816	1	3.53	3.53	2.2491	
817	1	3.59	3.59	2.2419	
818	1	3.56	3.56	2.1464	
819	1	3.54	3.54	2.0284	
820	1	3.48	3.48	2.1896	
821	1	3.48	3.48	2.2896	
822	1	3.55	3.55	2.3075	
823	1	3.51	3.51	2.3499	
824	1	3.54	3.54	2.4684	
825	1	3.54	3.54	2.4484	
826	1	3.51	3.51	2.4899	
827	1	3.5	3.5	2.51	
828	1	3.46	3.46	2.6084	
829	1	3.5	3.5	2.59	
830	1	3.55	3.55	2.5075	
831	1	3.48	3.48	2.5496	
832	1	3.51	3.51	2.6499	
833	1	3.49	3.49	2.5899	
834	1	3.46	3.46	2.5484	
835	1	3.42	3.42	2.5436	
836	1	3.43	3.43	2.5251	
837	1	3.41	3.41	2.5219	
838	1	3.4	3.4	2.52	
839	1	3.48	3.48	2.4096	
840	1	3.44	3.44	2.5064	
841	1	3.42	3.42	2.4036	
842	1	3.42	3.42	2.4236	
843	1	3.39	3.39	2.3779	
844	1	3.42	3.42	2.2236	
845	1	3.42	3.42	2.2436	
846	1	3.46	3.46	2.2684	
847	1	3.42	3.42	2.2836	
848	1	3.4	3.4	2.28	
849	1	3.38	3.38	2.1956	
850	1	3.45	3.45	2.1875	
851	1	3.45	3.45	2.1475	
852	1	3.46	3.46	2.1084	
853	1	3.45	3.45	2.1475	
854	1	3.41	3.41	2.3019	
855	1	3.38	3.38	2.3556	
856	1	3.43	3.43	2.3651	
857	1	3.45	3.45	2.5275	
858	1	3.47	3.47	2.4491	
859	1	3.45	3.45	2.5475	
860	1	3.43	3.43	2.4651	
861	1	3.38	3.38	2.3756	
862	1	3.44	3.44	2.1664	
863	1	3.42	3.42	2.0636	
864	1	3.46	3.46	2.1284	
865	1	3.45	3.45	2.1075	
866	1	3.45	3.45	2.2075	
867	1	3.46	3.46	2.1284	
868	1	3.51	3.51	2.1499	
869	1	3.49	3.49	2.1899	
870	1	3.55	3.55	2.2875	
871	1	3.59	3.59	2.4419	
872	1	3.59	3.59	2.5419	
873	1	3.59	3.59	2.4819	
874	1	3.66	3.66	2.4044	
875	1	3.7	3.7	2.25	
876	1	3.67	3.67	2.2211	
877	1	3.73	3.73	2.2371	
878	1	3.73	3.73	2.1171	
879	1	3.67	3.67	2.1811	
880	1	3.65	3.65	2.1475	
881	1	3.67	3.67	2.1411	
882	1	3.69	3.69	2.2139	
883	1	3.67	3.67	2.2811	
884	1	3.7	3.7	2.41	
885	1	3.68	3.68	2.4176	
886	1	3.74	3.74	2.5724	
887	1	3.68	3.68	2.4776	
888	1	3.68	3.68	2.4976	
889	1	3.67	3.67	2.5611	
890	1	3.63	3.63	2.5531	
891	1	3.65	3.65	2.6075	
892	1	3.64	3.64	2.5904	
893	1	3.65	3.65	2.6475	
894	1	3.69	3.69	2.6939	
895	1	3.68	3.68	2.6776	
896	1	3.68	3.68	2.7176	
897	1	3.71	3.71	2.7059	
898	1	3.69	3.69	2.8139	
899	1	3.74	3.74	2.7724	
900	1	3.76	3.76	2.7624	
901	1	3.74	3.74	2.7124	
902	1	3.74	3.74	2.7124	
903	1	3.76	3.76	2.8424	
904	1	3.83	3.83	2.9411	
905	1	3.79	3.79	2.8859	
906	1	3.81	3.81	2.9139	
907	1	3.83	3.83	2.9811	
908	1	3.82	3.82	2.9476	
909	1	3.82	3.82	3.0076	
910	1	3.85	3.85	3.2675	
911	1	3.79	3.79	3.0859	
912	1	3.82	3.82	3.1076	
913	1	3.81	3.81	3.1739	
914	1	3.75	3.75	3.0275	
915	1	3.74	3.74	3.0324	
916	1	3.79	3.79	3.0859	
917	1	3.79	3.79	3.0859	
918	1	3.84	3.84	3.0144	
919	1	3.9	3.9	2.93	
920	1	3.89	3.89	2.9579	
921	1	3.84	3.84	3.0744	
922	1	3.83	3.83	3.0211	
923	1	3.81	3.81	2.9739	
924	1	3.77	3.77	2.9971	
925	1	3.82	3.82	3.0276	
926	1	3.8	3.8	2.96	
927	1	3.77	3.77	2.9171	
928	1	3.8	3.8	2.9	
929	1	3.85	3.85	2.8675	
930	1	3.82	3.82	2.7676	
931	1	3.88	3.88	2.7456	
932	1	3.93	3.93	2.8851	
933	1	3.97	3.97	2.8291	
934	1	3.96	3.96	2.7584	
935	1	3.95	3.95	2.7875	
936	1	3.97	3.97	2.7491	
937	1	3.97	3.97	2.8291	
938	1	3.96	3.96	2.8384	
939	1	3.98	3.98	2.9396	
940	1	3.98	3.98	2.9396	
941	1	3.95	3.95	2.9875	
942	1	3.99	3.99	2.9699	
943	1	3.99	3.99	3.1099	
944	1	3.92	3.92	2.9936	
945	1	3.9	3.9	2.93	
946	1	3.88	3.88	2.8856	
947	1	3.83	3.83	2.8211	
948	1	3.81	3.81	2.7339	
949	1	3.87	3.87	2.7331	
950	1	3.95	3.95	2.8275	
951	1	3.93	3.93	2.7851	
952	1	3.93	3.93	2.7451	
953	1	3.96	3.96	2.7184	
954	1	4.02	4.02	2.6796	
955	1	4.02	4.02	2.7196	
956	1	4.1	4.1	2.67	
957	1	4.19	4.19	2.4739	
958	1	4.23	4.23	2.3771	
959	1	4.24	4.24	2.3024	
960	1	4.23	4.23	2.2371	
961	1	4.25	4.25	2.1675	
962	1	4.25	4.25	2.1075	
963	1	4.23	4.23	2.1771	
964	1	4.18	4.18	2.1476	
965	1	4.2	4.2	2.28	
966	1	4.15	4.15	2.3875	
967	1	4.19	4.19	2.3539	
968	1	4.14	4.14	2.3404	
969	1	4.21	4.21	2.3259	
970	1	4.2	4.2	2.38	
971	1	4.16	4.16	2.4344	
972	1	4.12	4.12	2.4256	
973	1	4.16	4.16	2.3744	
974	1	4.16	4.16	2.4144	
975	1	4.12	4.12	2.5256	
976	1	4.08	4.08	2.3936	
977	1	4.09	4.09	2.4019	
978	1	4.16	4.16	2.4144	
979	1	4.14	4.14	2.4004	
980	1	4.22	4.22	2.4116	
981	1	4.25	4.25	2.3675	
982	1	4.23	4.23	2.3571	
983	1	4.25	4.25	2.3675	
984	1	4.22	4.22	2.4316	
985	1	4.22	4.22	2.4116	
986	1	4.2	4.2	2.44	
987	1	4.17	4.17	2.5211	
988	1	4.17	4.17	2.5411	
989	1	4.13	4.13	2.4531	
990	1	4.15	4.15	2.4475	
991	1	4.14	4.14	2.3204	
992	1	4.18	4.18	2.2076	
993	1	4.22	4.22	2.1516	
994	1	4.19	4.19	2.1739	
995	1	4.21	4.21	2.1859	
996	1	4.19	4.19	2.1939	
997	1	4.23	4.23	2.1171	
998	1	4.16	4.16	2.0544	
999	1	4.17	4.17	2.0211	
1000	1	4.21	4.21	2.0459	
1001	1	4.18	4.18	1.9676	
1002	1	4.19	4.19	1.9939	
1003	1	4.15	4.15	1.9275	
1004	1	4.13	4.13	1.8931	
1005	1	4.15	4.15	1.9875	
1006	1	4.16	4.16	2.0544	
1007	1	4.16	4.16	1.9744	
1008	1	4.13	4.13	2.0131	
1009	1	4.1	4.1	2.07	
1010	1	4.13	4.13	2.1531	
1011	1	4.14	4.14	2.2004	
1012	1	4.19	4.19	2.2139	
1013	1	4.19	4.19	2.2139	
1014	1	4.21	4.21	2.2859	
1015	1	4.21	4.21	2.2859	
1016	1	4.26	4.26	2.2724	
1017	1	4.24	4.24	2.2824	
1018	1	4.25	4.25	2.3675	
1019	1	4.3	4.3	2.53	
1020	1	4.31	4.31	2.6339	
1021	1	4.27	4.27	2.6371	
1022	1	4.28	4.28	2.7416	
1023	1	4.31	4.31	2.7739	
1024	1	4.32	4.32	2.7576	
1025	1	4.36	4.36	2.7104	
1026	1	4.4	4.4	2.68	
1027	1	4.43	4.43	2.6451	
1028	1	4.43	4.43	2.6851	
1029	1	4.4	4.4	2.74	
1030	1	4.47	4.47	2.6691	
1031	1	4.48	4.48	2.6096	
1032	1	4.51	4.51	2.6899	
1033	1	4.51	4.51	2.6099	
1034	1	4.56	4.56	2.6064	
1035	1	4.6	4.6	2.58	
1036	1	4.56	4.56	2.5264	
1037	1	4.53	4.53	2.5891	
1038	1	4.55	4.55	2.6275	
1039	1	4.53	4.53	2.6291	
1040	1	4.52	4.52	2.7496	
1041	1	4.52	4.52	2.7096	
1042	1	4.57	4.57	2.8051	
1043	1	4.58	4.58	2.7036	
1044	1	4.63	4.63	2.7131	
1045	1	4.65	4.65	2.6675	
1046	1	4.67	4.67	2.7411	
1047	1	4.67	4.67	2.6211	
1048	1	4.73	4.73	2.7571	
1049	1	4.8	4.8	2.76	
1050	1	4.81	4.81	2.8539	
1051	1	4.84	4.84	2.7944	
1052	1	4.88	4.88	2.8056	
1053	1	4.87	4.87	2.8531	
1054	1	4.87	4.87	2.8131	
1055	1	4.88	4.88	2.8656	
1056	1	4.86	4.86	2.9004	
1057	1	4.86	4.86	2.9004	
1058	1	4.86	4.86	2.9404	
1059	1	4.84	4.84	2.8744	
1060	1	4.87	4.87	3.0931	
1061	1	4.9	4.9	3.03	
1062	1	4.87	4.87	3.1131	
1063	1	4.89	4.89	3.1979	
1064	1	4.89	4.89	3.1579	
1065	1	4.93	4.93	3.0451	
1066	1	4.97	4.97	2.9891	
1067	1	4.96	4.96	3.1184	
1068	1	4.96	4.96	3.1784	
1069	1	4.93	4.93	3.2051	
1070	1	4.95	4.95	3.1875	
1071	1	4.92	4.92	3.3136	
1072	1	4.95	4.95	3.2075	
1073	1	4.94	4.94	3.2564	
1074	1	4.96	4.96	3.2784	
1075	1	5	5	3.2	
1076	1	5.01	5.01	3.2699	
1077	1	4.99	4.99	3.0699	
1078	1	4.97	4.97	3.2291	
1079	1	4.99	4.99	3.0899	
1080	1	4.98	4.98	3.1796	
1081	1	4.93	4.93	3.0451	
1082	1	4.95	4.95	2.9875	
1083	1	4.95	4.95	2.9275	
1084	1	4.99	4.99	3.0299	
1085	1	5	5	3	
1086	1	5.01	5.01	2.9699	
1087	1	5	5	3.04	
1088	1	5.01	5.01	3.1699	
1089	1	5.04	5.04	3.0784	
1090	1	5.08	5.08	3.0536	
1091	1	5.11	5.11	2.9779	
1092	1	5.11	5.11	2.9179	
1093	1	5.1	5.1	2.95	
1094	1	5.08	5.08	2.9736	
1095	1	5.1	5.1	2.91	
1096	1	5.09	5.09	2.8819	
1097	1	5.08	5.08	2.8736	
1098	1	5.11	5.11	2.8179	
1099	1	5.12	5.12	2.8256	
1100	1	5.17	5.17	2.7811	
1101	1	5.14	5.14	2.8804	
1102	1	5.07	5.07	3.0251	
1103	1	5.12	5.12	2.9856	
1104	1	5.06	5.06	3.0564	
1105	1	5.08	5.08	3.3536	
1106	1	5.13	5.13	3.3731	
1107	1	5.1	5.1	3.37	
1108	1	5.14	5.14	3.3004	
1109	1	5.08	5.08	3.1936	
1110	1	5.04	5.04	3.2384	
1111	1	5.03	5.03	3.2291	
1112	1	5.07	5.07	3.1651	
1113	1	5.05	5.05	3.2675	
1114	1	5.11	5.11	3.3979	
1115	1	5.11	5.11	3.2779	
1116	1	5.12	5.12	3.2256	
1117	1	5.13	5.13	3.3531	
1118	1	5.16	5.16	3.4744	
1119	1	5.18	5.18	3.4076	
1120	1	5.16	5.16	3.5944	
1121	1	5.2	5.2	3.54	
1122	1	5.2	5.2	3.46	
1123	1	5.21	5.21	3.5259	
1124	1	5.28	5.28	3.5016	
1125	1	5.28	5.28	3.3416	
1126	1	5.3	5.3	3.43	
1127	1	5.37	5.37	3.4931	
1128	1	5.39	5.39	3.4779	
1129	1	5.42	5.42	3.4636	
1130	1	5.41	5.41	3.3419	
1131	1	5.41	5.41	3.4019	
1132	1	5.43	5.43	3.3651	
1133	1	5.45	5.45	3.3075	
1134	1	5.47	5.47	3.2691	
1135	1	5.48	5.48	3.2096	
1136	1	5.51	5.51	3.1899	
1137	1	5.51	5.51	3.2099	
1138	1	5.49	5.49	3.2299	
1139	1	5.5	5.5	3.05	
1140	1	5.45	5.45	3.0275	
1141	1	5.47	5.47	3.0491	
1142	1	5.46	5.46	3.0084	
1143	1	5.47	5.47	3.0491	
1144	1	5.49	5.49	3.0099	
1145	1	5.51	5.51	2.9899	
1146	1	5.5	5.5	2.93	
1147	1	5.5	5.5	2.97	
1148	1	5.52	5.52	2.9296	
1149	1	5.53	5.53	2.8691	
1150	1	5.52	5.52	2.8496	
1151	1	5.53	5.53	2.9291	
1152	1	5.55	5.55	2.9675	
1153	1	5.57	5.57	2.9851	
1154	1	5.58	5.58	3.0236	
1155	1	5.61	5.61	3.0379	
1156	1	5.64	5.64	3.1704	
1157	1	5.58	5.58	2.9436	
1158	1	5.54	5.54	2.9084	
1159	1	5.57	5.57	2.9251	
1160	1	5.57	5.57	2.9651	
1161	1	5.65	5.65	2.9075	
1162	1	5.67	5.67	2.8811	
1163	1	5.68	5.68	2.8176	
1164	1	5.68	5.68	2.9176	
1165	1	5.67	5.67	2.9611	
1166	1	5.69	5.69	2.8939	
1167	1	5.72	5.72	2.9416	
1168	1	5.73	5.73	2.9771	
1169	1	5.79	5.79	2.9659	
1170	1	5.79	5.79	2.9859	
1171	1	5.82	5.82	2.8876	
1172	1	5.81	5.81	2.7539	
1173	1	5.84	5.84	2.8344	
1174	1	5.87	5.87	2.9131	
1175	1	5.86	5.86	2.9604	
1176	1	5.9	5.9	3.07	
1177	1	5.92	5.92	3.1736	
1178	1	5.96	5.96	3.1384	
1179	1	5.95	5.95	3.2675	
1180	1	5.94	5.94	3.3764	
1181	1	5.94	5.94	3.5564	
1182	1	5.94	5.94	3.5564	
1183	1	5.89	5.89	3.6579	
1184	1	5.89	5.89	3.6179	
1185	1	5.95	5.95	3.6875	
1186	1	5.97	5.97	3.6491	
1187	1	5.9	5.9	3.51	
1188	1	5.88	5.88	3.5256	
1189	1	5.95	5.95	3.4075	
1190	1	5.91	5.91	3.3619	
1191	1	5.89	5.89	3.4179	
1192	1	5.9	5.9	3.47	
1193	1	5.98	5.98	3.4196	
1194	1	6.03	6.03	3.4091	
1195	1	6.01	6.01	3.3699	
1196	1	6.03	6.03	3.2291	
1197	1	6.09	6.09	3.1219	
1198	1	6.01	6.01	3.1499	
1199	1	6.07	6.07	3.1251	
1200	1	6.09	6.09	3.0819	
1201	1	6.05	6.05	3.0475	
1202	1	6.06	6.06	2.9764	
1203	1	6.06	6.06	2.9964	
1204	1	6.08	6.08	3.0136	
1205	1	6.11	6.11	3.0179	
1206	1	6.12	6.12	2.9856	
1207	1	6.1	6.1	2.97	
1208	1	6.11	6.11	2.9579	
1209	1	6.1	6.1	2.97	
1210	1	6.1	6.1	2.99	
1211	1	6.12	6.12	3.1056	
1212	1	6.16	6.16	3.3544	
1213	1	6.21	6.21	3.3459	
1214	1	6.28	6.28	3.3816	
1215	1	6.27	6.27	3.5371	
1216	1	6.26	6.26	3.5924	
1217	1	6.29	6.29	3.6659	
1218	1	6.3	6.3	4.05	
1219	1	6.32	6.32	4.0576	
1220	1	6.31	6.31	4.0539	
1221	1	6.3	6.3	4.07	
1222	1	6.32	6.32	4.0976	
1223	1	6.31	6.31	4.1339	
1224	1	6.31	6.31	4.0939	
1225	1	6.32	6.32	4.0976	
1226	1	6.35	6.35	3.9875	
1227	1	6.42	6.42	4.1436	
1228	1	6.38	6.38	4.0556	
1229	1	6.43	6.43	4.0851	
1230	1	6.41	6.41	4.0619	
1231	1	6.41	6.41	3.9619	
1232	1	6.46	6.46	4.1884	
1233	1	6.47	6.47	4.3091	
1234	1	6.54	6.54	4.2284	
1235	1	6.54	6.54	4.2284	
1236	1	6.6	6.6	4.5	
1237	1	6.56	6.56	4.3264	
1238	1	6.58	6.58	4.3636	
1239	1	6.63	6.63	4.3931	
1240	1	6.67	6.67	4.2211	
1241	1	6.69	6.69	4.2339	
1242	1	6.73	6.73	4.1371	
1243	1	6.72	6.72	4.3216	
1244	1	6.79	6.79	4.3459	
1245	1	6.75	6.75	4.3475	
1246	1	6.78	6.78	4.1516	
1247	1	6.77	6.77	3.7571	
1248	1	6.76	6.76	3.9024	
1249	1	6.79	6.79	3.7659	
1250	1	6.8	6.8	3.56	
1251	1	6.78	6.78	3.6916	
1252	1	6.75	6.75	3.6075	
1253	1	6.76	6.76	3.5624	
1254	1	6.79	6.79	3.5059	
1255	1	6.84	6.84	3.6944	
1256	1	6.86	6.86	3.7804	
1257	1	6.84	6.84	3.7144	
1258	1	6.92	6.92	3.5936	
1259	1	6.9	6.9	3.63	
1260	1	6.89	6.89	3.6579	
1261	1	6.86	6.86	3.6204	
1262	1	6.85	6.85	3.6875	
1263	1	6.83	6.83	3.7011	
1264	1	6.88	6.88	3.6256	
1265	1	6.94	6.94	3.4764	
1266	1	6.9	6.9	3.33	
1267	1	6.88	6.88	3.2456	
1268	1	6.86	6.86	3.2204	
1269	1	6.84	6.84	3.1744	
1270	1	6.85	6.85	3.1675	
1271	1	6.81	6.81	3.2339	
1272	1	6.86	6.86	3.1404	
1273	1	6.88	6.88	3.2056	
1274	1	6.86	6.86	3.1004	
1275	1	6.89	6.89	3.0579	
1276	1	6.91	6.91	3.0019	
1277	1	6.9	6.9	3.01	
1278	1	6.91	6.91	3.0219	
1279	1	6.91	6.91	2.8819	
1280	1	6.89	6.89	2.9779	
1281	1	6.93	6.93	3.1051	
1282	1	6.91	6.91	3.0619	
1283	1	6.93	6.93	3.0651	
1284	1	6.96	6.96	2.9384	
1285	1	6.93	6.93	3.0051	
1286	1	6.98	6.98	2.9596	
1287	1	6.97	6.97	2.9691	
1288	1	6.98	6.98	2.9196	
1289	1	6.95	6.95	3.0475	
1290	1	6.97	6.97	3.0091	
1291	1	6.96	6.96	2.9584	
1292	1	6.97	6.97	2.7891	
1293	1	7.01	7.01	2.7299	
1294	1	7.04	7.04	2.7384	
1295	1	7.04	7.04	2.7784	
1296	1	7.11	7.11	2.7779	
1297	1	7.07	7.07	2.8051	
1298	1	7.11	7.11	2.8179	
1299	1	7.14	7.14	2.8004	
1300	1	7.13	7.13	2.7931	
1301	1	7.14	7.14	2.7604	
1302	1	7.14	7.14	2.7404	
1303	1	7.11	7.11	2.7179	
1304	1	7.07	7.07	2.8651	
1305	1	7.1	7.1	2.89	
1306	1	7.07	7.07	2.9851	
1307	1	7.1	7.1	2.99	
1308	1	7.16	7.16	2.8944	
1309	1	7.12	7.12	2.9056	
1310	1	7.13	7.13	2.8731	
1311	1	7.13	7.13	2.8331	
1312	1	7.12	7.12	2.8656	
1313	1	7.12	7.12	2.8856	
1314	1	7.09	7.09	2.8819	
1315	1	7.08	7.08	2.8136	
1316	1	7.06	7.06	2.7964	
1317	1	7.1	7.1	2.73	
1318	1	7.1	7.1	2.81	
1319	1	7.11	7.11	2.7179	
1320	1	7.15	7.15	2.7275	
1321	1	7.17	7.17	2.6811	
1322	1	7.17	7.17	2.6611	
1323	1	7.21	7.21	2.6259	
1324	1	7.21	7.21	2.7059	
1325	1	7.26	7.26	2.5924	
1326	1	7.28	7.28	2.5016	
1327	1	7.28	7.28	2.5016	
1328	1	7.32	7.32	2.3976	
1329	1	7.38	7.38	2.2956	
1330	1	7.34	7.34	2.3444	
1331	1	7.31	7.31	2.3339	
1332	1	7.33	7.33	2.3211	
1333	1	7.39	7.39	2.2779	
1334	1	7.37	7.37	2.3531	
1335	1	7.44	7.44	2.3264	
1336	1	7.45	7.45	2.3875	
1337	1	7.54	7.54	2.4084	
1338	1	7.6	7.6	2.26	
1339	1	7.67	7.67	2.3811	
1340	1	7.65	7.65	2.3475	
1341	1	7.66	7.66	2.2644	
1342	1	7.68	7.68	2.1776	
1343	1	7.66	7.66	2.2044	
1344	1	7.66	7.66	2.1844	
1345	1	7.63	7.63	2.4131	
1346	1	7.67	7.67	2.4611	
1347	1	7.65	7.65	2.5875	
1348	1	7.69	7.69	2.5339	
1349	1	7.77	7.77	2.3971	
1350	1	7.8	7.8	2.44	
1351	1	7.8	7.8	2.54	
1352	1	7.73	7.73	2.6371	
1353	1	7.78	7.78	2.5716	
1354	1	7.84	7.84	2.8144	
1355	1	7.76	7.76	3.0224	
1356	1	7.69	7.69	2.9539	
1357	1	7.76	7.76	2.8224	
1358	1	7.78	7.78	2.7316	
1359	1	7.81	7.81	2.6939	
1360	1	7.79	7.79	2.9259	
1361	1	7.8	7.8	3.18	
1362	1	7.77	7.77	3.2371	
1363	1	7.78	7.78	3.1716	
1364	1	7.76	7.76	3.2224	
1365	1	7.78	7.78	3.2116	
1366	1	7.83	7.83	3.0811	
1367	1	7.81	7.81	2.9339	
1368	1	7.71	7.71	3.2059	
1369	1	7.77	7.77	3.1771	
1370	1	7.76	7.76	3.2824	
1371	1	7.83	7.83	3.3811	
1372	1	7.81	7.81	3.4539	
1373	1	7.79	7.79	3.5259	
1374	1	7.89	7.89	3.3579	
1375	1	7.95	7.95	3.2075	
1376	1	7.99	7.99	3.1299	
1377	1	8.01	8.01	3.1699	
1378	1	7.95	7.95	3.2675	
1379	1	7.95	7.95	3.3875	
1380	1	7.93	7.93	3.4651	
1381	1	7.99	7.99	3.4099	
1382	1	7.99	7.99	3.6299	
1383	1	8.01	8.01	3.7299	
1384	1	7.98	7.98	3.7196	
1385	1	8.01	8.01	3.6099	
1386	1	8.09	8.09	3.5219	
1387	1	8.04	8.04	3.5384	
1388	1	8.04	8.04	3.6584	
1389	1	8.05	8.05	3.5875	
1390	1	8.07	8.07	3.7851	
1391	1	8.06	8.06	3.8364	
1392	1	8.08	8.08	3.9536	
1393	1	8.06	8.06	4.0764	
1394	1	8.11	8.11	3.9779	
1395	1	8.12	8.12	4.0056	
1396	1	8.1	8.1	4.09	
1397	1	8.1	8.1	4.15	
1398	1	8.11	8.11	4.1779	
1399	1	8.1	8.1	4.17	
1400	1	8.09	8.09	4.3619	
1401	1	8.1	8.1	4.33	
1402	1	8.06	8.06	4.6164	
1403	1	8.14	8.14	4.6004	
1404	1	8.18	8.18	4.7476	
1405	1	8.17	8.17	4.8011	
1406	1	8.11	8.11	4.8379	
1407	1	8.08	8.08	4.9736	
1408	1	8.07	8.07	4.8651	
1409	1	8.08	8.08	4.8936	
1410	1	8.02	8.02	5.0996	
1411	1	8.02	8.02	5.0796	
1412	1	7.96	7.96	5.0784	
1413	1	7.9	7.9	5.25	
1414	1	7.87	7.87	5.4131	
1415	1	7.89	7.89	5.3779	
1416	1	7.88	7.88	5.2656	
1417	1	7.84	7.84	5.2144	
1418	1	7.84	7.84	5.0344	
1419	1	7.84	7.84	5.0944	
1420	1	7.8	7.8	5.04	
1421	1	7.92	7.92	5.2136	
1422	1	7.85	7.85	5.0875	
1423	1	7.86	7.86	5.1404	
1424	1	7.82	7.82	5.1876	
1425	1	7.86	7.86	4.8404	
1426	1	7.83	7.83	4.8811	
1427	1	7.74	7.74	5.2724	
1428	1	7.65	7.65	5.2075	
1429	1	7.73	7.73	4.9371	
1430	1	7.73	7.73	4.8771	
1431	1	7.73	7.73	4.8371	
1432	1	7.7	7.7	4.85	
1433	1	7.75	7.75	4.8675	
1434	1	7.74	7.74	4.4524	
1435	1	7.69	7.69	4.5939	
1436	1	7.64	7.64	4.3104	
1437	1	7.65	7.65	4.2475	
1438	1	7.56	7.56	3.8064	
1439	1	7.57	7.57	3.8851	
1440	1	7.51	7.51	3.8499	
1441	1	7.5	7.5	3.81	
1442	1	7.44	7.44	3.9264	
1443	1	7.42	7.42	3.9036	
1444	1	7.46	7.46	3.8284	
1445	1	7.47	7.47	3.8491	
1446	1	7.41	7.41	3.8819	
1447	1	7.43	7.43	4.0451	
1448	1	7.42	7.42	3.8636	
1449	1	7.44	7.44	3.9864	
1450	1	7.36	7.36	4.0304	
1451	1	7.45	7.45	4.2475	
1452	1	7.49	7.49	4.3099	
1453	1	7.49	7.49	4.2499	
1454	1	7.44	7.44	4.2064	
1455	1	7.39	7.39	4.2979	
1456	1	7.4	7.4	4.28	
1457	1	7.31	7.31	4.4539	
1458	1	7.28	7.28	4.5216	
1459	1	7.25	7.25	4.3675	
1460	1	7.23	7.23	4.0971	
1461	1	7.21	7.21	3.9059	
1462	1	7.21	7.21	3.8459	
1463	1	7.25	7.25	3.8075	
1464	1	7.25	7.25	3.7475	
1465	1	7.3	7.3	3.65	
1466	1	7.34	7.34	3.6244	
1467	1	7.3	7.3	3.71	
1468	1	7.32	7.32	3.6576	
1469	1	7.35	7.35	3.6075	
1470	1	7.32	7.32	3.6376	
1471	1	7.31	7.31	3.6139	
1472	1	7.26	7.26	3.6524	
1473	1	7.23	7.23	3.6171	
1474	1	7.26	7.26	3.5524	
1475	1	7.3	7.3	3.63	
1476	1	7.3	7.3	3.61	
1477	1	7.22	7.22	3.5316	
1478	1	7.25	7.25	3.6075	
1479	1	7.32	7.32	3.6376	
1480	1	7.33	7.33	3.7411	
1481	1	7.32	7.32	3.7176	
1482	1	7.33	7.33	3.6411	
1483	1	7.32	7.32	3.6376	
1484	1	7.37	7.37	3.5731	
1485	1	7.34	7.34	3.2644	
1486	1	7.38	7.38	3.4956	
1487	1	7.4	7.4	3.48	
1488	1	7.44	7.44	3.5864	
1489	1	7.4	7.4	3.7	
1490	1	7.42	7.42	3.7236	
1491	1	7.41	7.41	3.6819	
1492	1	7.36	7.36	3.3904	
1493	1	7.35	7.35	3.4275	
1494	1	7.35	7.35	3.4275	
1495	1	7.3	7.3	3.57	
1496	1	7.34	7.34	3.6044	
1497	1	7.33	7.33	3.8211	
1498	1	7.34	7.34	3.6444	
1499	1	7.35	7.35	3.5675	
1500	1	7.33	7.33	3.6011	
1501	1	7.3	7.3	3.71	
1502	1	7.34	7.34	3.8244	
1503	1	7.36	7.36	3.8304	
1504	1	7.3	7.3	3.91	
1505	1	7.34	7.34	3.9644	
1506	1	7.35	7.35	3.9675	
1507	1	7.28	7.28	3.8416	
1508	1	7.21	7.21	3.6059	
1509	1	7.19	7.19	3.6139	
1510	1	7.2	7.2	3.62	
1511	1	7.26	7.26	3.5124	
1512	1	7.21	7.21	3.4859	
1513	1	7.22	7.22	3.2716	
1514	1	7.24	7.24	3.3024	
1515	1	7.26	7.26	3.2324	
1516	1	7.25	7.25	3.2875	
1517	1	7.26	7.26	3.3924	
1518	1	7.27	7.27	3.3571	
1519	1	7.24	7.24	3.2424	
1520	1	7.21	7.21	3.2659	
1521	1	7.25	7.25	3.4075	
1522	1	7.24	7.24	3.5024	
1523	1	7.21	7.21	3.6259	
1524	1	7.2	7.2	3.7	
1525	1	7.17	7.17	3.5611	
1526	1	7.21	7.21	3.5259	
1527	1	7.21	7.21	3.5859	
1528	1	7.21	7.21	3.6059	
1529	1	7.17	7.17	3.5611	
1530	1	7.16	7.16	3.6344	
1531	1	7.16	7.16	3.5544	
1532	1	7.07	7.07	3.2051	
1533	1	7.07	7.07	3.2051	
1534	1	7.07	7.07	3.3051	
1535	1	7.11	7.11	3.2979	
1536	1	7.09	7.09	3.0819	
1537	1	7.14	7.14	3.2004	
1538	1	7.1	7.1	3.15	
1539	1	7.21	7.21	3.2259	
1540	1	7.28	7.28	3.0616	
1541	1	7.33	7.33	3.1211	
1542	1	7.3	7.3	3.21	
1543	1	7.27	7.27	3.2571	
1544	1	7.35	7.35	3.0875	
1545	1	7.36	7.36	3.0104	
1546	1	7.37	7.37	2.9531	
1547	1	7.39	7.39	2.8979	
1548	1	7.44	7.44	2.7864	
1549	1	7.41	7.41	2.8619	
1550	1	7.4	7.4	2.96	
1551	1	7.4	7.4	2.98	
1552	1	7.45	7.45	2.8675	
1553	1	7.44	7.44	2.9464	
1554	1	7.4	7.4	3.04	
1555	1	7.32	7.32	2.9776	
1556	1	7.37	7.37	2.9131	
1557	1	7.4	7.4	2.86	
1558	1	7.35	7.35	2.9675	
1559	1	7.33	7.33	3.1211	
1560	1	7.39	7.39	3.0179	
1561	1	7.37	7.37	3.0931	
1562	1	7.42	7.42	2.9236	
1563	1	7.35	7.35	2.7675	
1564	1	7.31	7.31	2.7939	
1565	1	7.3	7.3	2.77	
1566	1	7.34	7.34	2.7044	
1567	1	7.37	7.37	2.6531	
1568	1	7.37	7.37	2.4731	
1569	1	7.36	7.36	2.4704	
1570	1	7.23	7.23	2.5571	
1571	1	7.23	7.23	2.5971	
1572	1	7.2	7.2	2.64	
1573	1	7.16	7.16	2.6544	
1574	1	7.15	7.15	2.7875	
1575	1	7.13	7.13	2.8131	
1576	1	7.12	7.12	2.8656	
1577	1	7.07	7.07	2.9051	
1578	1	7.05	7.05	2.9475	
1579	1	7.05	7.05	2.8675	
1580	1	7.07	7.07	2.7851	
1581	1	7.08	7.08	2.7936	
1582	1	7.11	7.11	2.7979	
1583	1	7.15	7.15	2.7475	
1584	1	7.18	7.18	2.8876	
1585	1	7.18	7.18	2.7876	
1586	1	7.29	7.29	2.7859	
1587	1	7.23	7.23	2.8571	
1588	1	7.23	7.23	2.8971	
1589	1	7.21	7.21	2.9459	
1590	1	7.2	7.2	2.86	
1591	1	7.18	7.18	2.9876	
1592	1	7.18	7.18	2.9876	
1593	1	7.16	7.16	3.0744	
1594	1	7.16	7.16	3.0944	
1595	1	7.15	7.15	3.0875	
1596	1	7.22	7.22	3.1116	
1597	1	7.2	7.2	3.14	
1598	1	7.22	7.22	3.1516	
1599	1	7.26	7.26	3.1724	
1600	1	7.23	7.23	3.0771	
1601	1	7.27	7.27	3.0571	
1602	1	7.3	7.3	3.05	
1603	1	7.31	7.31	3.0139	
1604	1	7.34	7.34	2.9444	
1605	1	7.33	7.33	2.9611	
1606	1	7.34	7.34	2.9244	
1607	1	7.35	7.35	2.9275	
1608	1	7.35	7.35	3.0075	
1609	1	7.38	7.38	2.8756	
1610	1	7.39	7.39	2.9179	
1611	1	7.38	7.38	2.9956	
1612	1	7.46	7.46	2.9084	
1613	1	7.36	7.36	3.0304	
1614	1	7.37	7.37	3.0331	
1615	1	7.28	7.28	2.9416	
1616	1	7.24	7.24	3.0024	
1617	1	7.24	7.24	3.0024	
1618	1	7.26	7.26	2.9724	
1619	1	7.26	7.26	2.9724	
1620	1	7.28	7.28	2.9016	
1621	1	7.31	7.31	2.8539	
1622	1	7.31	7.31	2.8139	
1623	1	7.39	7.39	2.6979	
1624	1	7.35	7.35	2.7275	
1625	1	7.37	7.37	2.6531	
1626	1	7.41	7.41	2.6419	
1627	1	7.39	7.39	2.5979	
1628	1	7.32	7.32	2.8376	
1629	1	7.28	7.28	2.8816	
1630	1	7.33	7.33	2.8811	
1631	1	7.39	7.39	2.8379	
1632	1	7.43	7.43	2.7651	
1633	1	7.39	7.39	2.8979	
1634	1	7.33	7.33	3.0211	
1635	1	7.31	7.31	3.0939	
1636	1	7.36	7.36	3.1304	
1637	1	7.37	7.37	3.1731	
1638	1	7.36	7.36	3.0904	
1639	1	7.43	7.43	3.0651	
1640	1	7.41	7.41	3.1419	
1641	1	7.34	7.34	3.2244	
1642	1	7.3	7.3	3.33	
1643	1	7.3	7.3	3.33	
1644	1	7.29	7.29	3.3059	
1645	1	7.29	7.29	3.4659	
1646	1	7.31	7.31	3.5539	
1647	1	7.33	7.33	3.5011	
1648	1	7.34	7.34	3.4844	
1649	1	7.34	7.34	3.5644	
1650	1	7.34	7.34	3.5844	
1651	1	7.32	7.32	3.5576	
1652	1	7.31	7.31	3.6339	
1653	1	7.37	7.37	3.5131	
1654	1	7.3	7.3	3.55	
1655	1	7.32	7.32	3.6176	
1656	1	7.27	7.27	3.5171	
1657	1	7.26	7.26	3.5524	
1658	1	7.23	7.23	3.5971	
1659	1	7.31	7.31	3.8139	
1660	1	7.3	7.3	3.65	
1661	1	7.27	7.27	3.6571	
1662	1	7.25	7.25	3.6675	
1663	1	7.32	7.32	3.7376	
1664	1	7.18	7.18	3.5076	
1665	1	7.21	7.21	3.5459	
1666	1	7.22	7.22	3.4716	
1667	1	7.19	7.19	3.3739	
1668	1	7.29	7.29	3.5659	
1669	1	7.3	7.3	3.53	
1670	1	7.3	7.3	3.49	
1671	1	7.31	7.31	3.4739	
1672	1	7.32	7.32	3.4776	
1673	1	7.24	7.24	3.4424	
1674	1	7.32	7.32	3.4376	
1675	1	7.34	7.34	3.4244	
1676	1	7.32	7.32	3.4576	
1677	1	7.34	7.34	3.3844	
1678	1	7.34	7.34	3.2244	
1679	1	7.3	7.3	3.17	
1680	1	7.26	7.26	3.1524	
1681	1	7.25	7.25	3.2675	
1682	1	7.29	7.29	3.2259	
1683	1	7.32	7.32	3.2176	
1684	1	7.28	7.28	3.1416	
1685	1	7.29	7.29	3.1859	
1686	1	7.18	7.18	2.9876	
1687	1	7.16	7.16	2.9144	
1688	1	7.16	7.16	2.9144	
1689	1	7.17	7.17	2.8811	
1690	1	7.19	7.19	2.8539	
1691	1	7.17	7.17	2.8011	
1692	1	7.15	7.15	2.7475	
1693	1	7.18	7.18	2.8676	
1694	1	7.19	7.19	2.6539	
1695	1	7.18	7.18	2.6876	
1696	1	7.16	7.16	2.6744	
1697	1	7.14	7.14	2.6404	
1698	1	7.1	7.1	2.57	
1699	1	7.1	7.1	2.67	
1700	1	7.09	7.09	2.6419	
1701	1	7.1	7.1	2.61	
1702	1	7.09	7.09	2.6219	
1703	1	7.13	7.13	2.5131	
1704	1	7.13	7.13	2.5131	
1705	1	7.16	7.16	2.5744	
1706	1	7.1	7.1	2.57	
1707	1	7.09	7.09	2.5819	
1708	1	7.1	7.1	2.57	
1709	1	7.1	7.1	2.59	
1710	1	7.15	7.15	2.5275	
1711	1	7.12	7.12	2.6056	
1712	1	7.11	7.11	2.5979	
1713	1	7.12	7.12	2.6856	
1714	1	7.13	7.13	2.8331	
1715	1	7.15	7.15	2.8275	
1716	1	7.15	7.15	2.7475	
1717	1	7.17	7.17	2.6211	
1718	1	7.08	7.08	2.5336	
1719	1	7.11	7.11	2.4979	
1720	1	7.14	7.14	2.7404	
1721	1	7.08	7.08	2.7536	
1722	1	7.16	7.16	2.7144	
1723	1	7.22	7.22	2.8316	
1724	1	7.21	7.21	2.9859	
1725	1	7.2	7.2	2.96	
1726	1	7.21	7.21	3.0059	
1727	1	7.19	7.19	2.9939	
1728	1	7.18	7.18	3.0676	
1729	1	7.17	7.17	3.0811	
1730	1	7.19	7.19	3.1539	
1731	1	7.23	7.23	3.2171	
1732	1	7.27	7.27	3.1571	
1733	1	7.31	7.31	3.0139	
1734	1	7.28	7.28	3.0216	
1735	1	7.25	7.25	3.0275	
1736	1	7.3	7.3	2.95	
1737	1	7.3	7.3	2.95	
1738	1	7.3	7.3	2.95	
1739	1	7.31	7.31	2.8939	
1740	1	7.27	7.27	2.9571	
1741	1	7.27	7.27	2.9371	
1742	1	7.25	7.25	2.8475	
1743	1	7.26	7.26	2.8124	
1744	1	7.24	7.24	2.9424	
1745	1	7.27	7.27	2.8971	
1746	1	7.32	7.32	2.7776	
1747	1	7.35	7.35	2.8075	
1748	1	7.3	7.3	2.91	
1749	1	7.29	7.29	3.0459	
1750	1	7.27	7.27	3.1371	
1751	1	7.24	7.24	2.9624	
1752	1	7.3	7.3	3.01	
1753	1	7.3	7.3	2.85	
1754	1	7.29	7.29	2.8659	
1755	1	7.25	7.25	2.6675	
1756	1	7.2	7.2	2.66	
1757	1	7.2	7.2	2.66	
1758	1	7.19	7.19	2.5739	
1759	1	7.22	7.22	2.5516	
1760	1	7.22	7.22	2.5916	
1761	1	7.26	7.26	2.6524	
1762	1	7.29	7.29	2.7459	
1763	1	7.24	7.24	2.5424	
1764	1	7.24	7.24	2.6624	
1765	1	7.24	7.24	2.7624	
1766	1	7.21	7.21	2.9859	
1767	1	7.21	7.21	2.9459	
1768	1	7.22	7.22	2.9116	
1769	1	7.21	7.21	2.8259	
1770	1	7.2	7.2	2.82	
1771	1	7.19	7.19	2.7739	
1772	1	7.14	7.14	2.5204	
1773	1	7.11	7.11	2.4379	
1774	1	7.12	7.12	2.4256	
1775	1	7.17	7.17	2.3611	
1776	1	7.16	7.16	2.3344	
1777	1	7.2	7.2	2.28	
1778	1	7.23	7.23	2.2171	
1779	1	7.25	7.25	2.1275	
1780	1	7.21	7.21	1.9659	
1781	1	7.17	7.17	1.9811	
1782	1	7.12	7.12	1.8856	
1783	1	7.13	7.13	1.9131	
1784	1	7.17	7.17	1.9411	
1785	1	7.19	7.19	1.9139	
1786	1	7.2	7.2	1.9	
1787	1	7.19	7.19	1.9139	
1788	1	7.18	7.18	1.9676	
1789	1	7.26	7.26	1.8524	
1790	1	7.29	7.29	1.9259	
1791	1	7.23	7.23	1.9771	
1792	1	7.24	7.24	1.9824	
1793	1	7.26	7.26	1.8924	
1794	1	7.27	7.27	1.8571	
1795	1	7.28	7.28	1.9016	
1796	1	7.21	7.21	1.8659	
1797	1	7.2	7.2	1.88	
1798	1	7.22	7.22	1.8716	
1799	1	7.21	7.21	1.8659	
1800	1	7.24	7.24	1.8624	
1801	1	7.26	7.26	1.7524	
1802	1	7.3	7.3	1.71	
1803	1	7.31	7.31	1.7539	
1804	1	7.28	7.28	1.8416	
1805	1	7.28	7.28	1.8816	
1806	1	7.23	7.23	1.9771	
1807	1	7.24	7.24	1.9824	
1808	1	7.22	7.22	2.0116	
1809	1	7.2	7.2	2.1	
1810	1	7.16	7.16	2.0944	
1811	1	7.16	7.16	2.1744	
1812	1	7.22	7.22	2.1716	
1813	1	7.27	7.27	2.1171	
1814	1	7.23	7.23	2.0571	
1815	1	7.25	7.25	2.1275	
1816	1	7.25	7.25	2.0875	
1817	1	7.25	7.25	2.1875	
1818	1	7.19	7.19	2.1539	
1819	1	7.14	7.14	2.1604	
1820	1	7.17	7.17	2.1611	
1821	1	7.17	7.17	2.2411	
1822	1	7.14	7.14	2.2204	
1823	1	7.18	7.18	2.2476	
1824	1	7.17	7.17	2.1411	
1825	1	7.14	7.14	2.1804	
1826	1	7.15	7.15	2.1075	
1827	1	7.2	7.2	2.04	
1828	1	7.19	7.19	2.0139	
1829	1	7.16	7.16	2.0144	
1830	1	7.15	7.15	2.0675	
1831	1	7.14	7.14	2.1204	
1832	1	7.1	7.1	2.19	
1833	1	7.1	7.1	2.29	
1834	1	7.09	7.09	2.3019	
1835	1	7.08	7.08	2.3536	
1836	1	7.09	7.09	2.3219	
1837	1	7.15	7.15	2.3075	
1838	1	7.12	7.12	2.3056	
1839	1	7.11	7.11	2.2779	
1840	1	7.12	7.12	2.3256	
1841	1	7.15	7.15	2.2675	
1842	1	7.14	7.14	2.2604	
1843	1	7.15	7.15	2.2275	
1844	1	7.22	7.22	2.3116	
1845	1	7.2	7.2	2.36	
1846	1	7.15	7.15	2.2875	
1847	1	7.2	7.2	2.28	
1848	1	7.2	7.2	2.32	
1849	1	7.21	7.21	2.1659	
1850	1	7.2	7.2	2.3	
1851	1	7.22	7.22	2.5716	
1852	1	7.24	7.24	2.5424	
1853	1	7.25	7.25	2.6475	
1854	1	7.23	7.23	2.6371	
1855	1	7.29	7.29	2.5259	
1856	1	7.33	7.33	2.7011	
1857	1	7.31	7.31	2.8139	
1858	1	7.29	7.29	2.8659	
1859	1	7.26	7.26	2.7524	
1860	1	7.24	7.24	2.7024	
1861	1	7.25	7.25	2.7275	
1862	1	7.24	7.24	2.7824	
1863	1	7.29	7.29	2.7859	
1864	1	7.3	7.3	2.83	
1865	1	7.27	7.27	2.8371	
1866	1	7.31	7.31	2.7939	
1867	1	7.32	7.32	2.7976	
1868	1	7.33	7.33	2.6611	
1869	1	7.34	7.34	2.6444	
1870	1	7.34	7.34	2.7044	
1871	1	7.38	7.38	2.6956	
1872	1	7.38	7.38	2.6956	
1873	1	7.46	7.46	2.6484	
1874	1	7.45	7.45	2.7075	
1875	1	7.5	7.5	2.55	
1876	1	7.49	7.49	2.5499	
1877	1	7.5	7.5	2.55	
1878	1	7.49	7.49	2.6299	
1879	1	7.49	7.49	2.7499	
1880	1	7.47	7.47	2.8091	
1881	1	7.51	7.51	2.8699	
1882	1	7.54	7.54	2.8284	
1883	1	7.54	7.54	2.8884	
1884	1	7.52	7.52	3.0696	
1885	1	7.51	7.51	2.9899	
1886	1	7.51	7.51	2.9699	
1887	1	7.48	7.48	2.8896	
1888	1	7.45	7.45	2.9875	
1889	1	7.47	7.47	2.9691	
1890	1	7.5	7.5	2.99	
1891	1	7.46	7.46	3.1284	
1892	1	7.44	7.44	3.2464	
1893	1	7.5	7.5	3.17	
1894	1	7.42	7.42	3.1836	
1895	1	7.44	7.44	3.2664	
1896	1	7.49	7.49	3.1699	
1897	1	7.48	7.48	3.1496	
1898	1	7.46	7.46	3.2284	
1899	1	7.42	7.42	3.3036	
1900	1	7.44	7.44	3.2464	
1901	1	7.47	7.47	3.1091	
1902	1	7.48	7.48	3.0096	
1903	1	7.43	7.43	3.0251	
1904	1	7.42	7.42	3.1836	
1905	1	7.43	7.43	3.1251	
1906	1	7.43	7.43	3.1851	
1907	1	7.47	7.47	3.0691	
1908	1	7.47	7.47	3.0691	
1909	1	7.46	7.46	3.0484	
1910	1	7.47	7.47	3.0691	
1911	1	7.49	7.49	3.0699	
1912	1	7.52	7.52	2.9696	
1913	1	7.53	7.53	2.9491	
1914	1	7.56	7.56	2.9864	
1915	1	7.6	7.6	3.12	
1916	1	7.62	7.62	3.1356	
1917	1	7.6	7.6	3.22	
1918	1	7.56	7.56	3.1864	
1919	1	7.58	7.58	3.2036	
1920	1	7.58	7.58	3.2236	
1921	1	7.64	7.64	3.1504	
1922	1	7.63	7.63	3.0331	
1923	1	7.67	7.67	3.1611	
1924	1	7.64	7.64	3.1304	
1925	1	7.66	7.66	3.0844	
1926	1	7.67	7.67	3.0411	
1927	1	7.76	7.76	3.0824	
1928	1	7.82	7.82	3.0476	
1929	1	7.78	7.78	3.0716	
1930	1	7.79	7.79	3.1459	
1931	1	7.81	7.81	3.0739	
1932	1	7.84	7.84	2.9944	
1933	1	7.86	7.86	3.1204	
1934	1	7.87	7.87	3.1331	
1935	1	7.91	7.91	3.3819	
1936	1	7.91	7.91	3.4219	
1937	1	7.9	7.9	3.39	
1938	1	7.94	7.94	3.3964	
1939	1	8.01	8.01	3.3699	
1940	1	8.06	8.06	3.3364	
1941	1	8.03	8.03	3.3691	
1942	1	8.01	8.01	3.3099	
1943	1	8.06	8.06	3.1564	
1944	1	8.07	8.07	3.2051	
1945	1	8.1	8.1	3.29	
1946	1	8.12	8.12	3.3656	
1947	1	8.15	8.15	3.5075	
1948	1	8.17	8.17	3.5211	
1949	1	8.15	8.15	3.6675	
1950	1	8.13	8.13	3.6931	
1951	1	8.14	8.14	3.6404	
1952	1	8.05	8.05	3.3675	
1953	1	8.05	8.05	3.3675	
1954	1	8.06	8.06	3.4564	
1955	1	8.07	8.07	3.4851	
1956	1	8.08	8.08	3.6736	
1957	1	8.09	8.09	3.8819	
1958	1	8.07	8.07	3.9251	
1959	1	8.05	8.05	3.8875	
1960	1	8.04	8.04	3.9984	
1961	1	8.05	8.05	4.0675	
1962	1	8.07	8.07	4.1651	
1963	1	8.07	8.07	4.2651	
1964	1	8.02	8.02	4.2596	
1965	1	8.06	8.06	4.3364	
1966	1	8.08	8.08	4.3536	
1967	1	8.09	8.09	4.3819	
1968	1	8.11	8.11	4.5179	
1969	1	8.15	8.15	4.5875	
1970	1	8.17	8.17	4.6611	
1971	1	8.16	8.16	4.6744	
1972	1	8.17	8.17	4.7411	
1973	1	8.14	8.14	4.5604	
1974	1	8.23	8.23	4.5771	
1975	1	8.25	8.25	4.4275	
1976	1	8.21	8.21	4.3859	
1977	1	8.23	8.23	4.2771	
1978	1	8.26	8.26	4.3924	
1979	1	8.23	8.23	4.2371	
1980	1	8.26	8.26	4.2524	
1981	1	8.27	8.27	4.2771	
1982	1	8.27	8.27	4.3571	
1983	1	8.31	8.31	4.4539	
1984	1	8.35	8.35	4.5675	
1985	1	8.47	8.47	4.5091	
1986	1	8.57	8.57	4.7651	
1987	1	8.55	8.55	4.8275	
1988	1	8.55	8.55	4.9475	
1989	1	8.62	8.62	5.1556	
1990	1	8.66	8.66	5.2044	
1991	1	8.68	8.68	5.1576	
1992	1	8.77	8.77	4.9571	
1993	1	8.83	8.83	5.0211	
1994	1	8.84	8.84	5.1944	
1995	1	8.86	8.86	5.1204	
1996	1	8.87	8.87	5.1931	
1997	1	8.9	8.9	4.97	
1998	1	8.94	8.94	4.8164	
1999	1	8.91	8.91	4.9419	
2000	1	8.87	8.87	5.1331	
