# mu = 0.1, s = 0, trials requested = 1, runtime = 0:00:00
# "Time"	"Actual trials"	"Mean mutation"	"Average mean mutation"	"Average mutation variance"
0	1	0	0	0	
1	1	0.03	0.03	0.0291	
2	1	0.04	0.04	0.0384	
3	1	0.04	0.04	0.0384	
4	1	0.05	0.05	0.0475	
5	1	0.05	0.05	0.0475	
6	1	0.03	0.03	0.0291	
7	1	0.03	0.03	0.0291	
8	1	0.02	0.02	0.0196	
9	1	0.05	0.05	0.0475	
10	1	0.06	0.06	0.0564	
11	1	0.07	0.07	0.0651	
12	1	0.09	0.09	0.0819	
13	1	0.11	0.11	0.0979	
14	1	0.1	0.1	0.09	
15	1	0.1	0.1	0.09	
16	1	0.13	0.13	0.1131	
17	1	0.13	0.13	0.1131	
18	1	0.14	0.14	0.1204	
19	1	0.13	0.13	0.1131	
20	1	0.13	0.13	0.1131	
21	1	0.15	0.15	0.1275	
22	1	0.17	0.17	0.1411	
23	1	0.19	0.19	0.1539	
24	1	0.2	0.2	0.16	
25	1	0.2	0.2	0.16	
26	1	0.19	0.19	0.1539	
27	1	0.2	0.2	0.16	
28	1	0.21	0.21	0.1659	
29	1	0.24	0.24	0.1824	
30	1	0.24	0.24	0.2024	
31	1	0.21	0.21	0.1859	
32	1	0.19	0.19	0.1739	
33	1	0.18	0.18	0.1676	
34	1	0.18	0.18	0.1676	
35	1	0.15	0.15	0.1275	
36	1	0.17	0.17	0.1411	
37	1	0.15	0.15	0.1275	
38	1	0.15	0.15	0.1275	
39	1	0.16	0.16	0.1344	
40	1	0.17	0.17	0.1411	
41	1	0.19	0.19	0.1539	
42	1	0.21	0.21	0.1659	
43	1	0.25	0.25	0.2275	
44	1	0.28	0.28	0.2816	
45	1	0.31	0.31	0.3339	
46	1	0.33	0.33	0.3611	
47	1	0.32	0.32	0.3376	
48	1	0.34	0.34	0.3644	
49	1	0.34	0.34	0.3644	
50	1	0.36	0.36	0.3704	
51	1	0.41	0.41	0.4019	
52	1	0.42	0.42	0.4036	
53	1	0.43	0.43	0.4051	
54	1	0.43	0.43	0.4251	
55	1	0.43	0.43	0.4251	
56	1	0.43	0.43	0.4251	
57	1	0.4	0.4	0.4	
58	1	0.41	0.41	0.4019	
59	1	0.42	0.42	0.4036	
60	1	0.42	0.42	0.4036	
61	1	0.42	0.42	0.4036	
62	1	0.42	0.42	0.4236	
63	1	0.45	0.45	0.4475	
64	1	0.46	0.46	0.4484	
65	1	0.48	0.48	0.4696	
66	1	0.49	0.49	0.4899	
67	1	0.51	0.51	0.5099	
68	1	0.48	0.48	0.4896	
69	1	0.5	0.5	0.51	
70	1	0.52	0.52	0.5696	
71	1	0.54	0.54	0.6284	
72	1	0.52	0.52	0.5696	
73	1	0.55	0.55	0.5275	
74	1	0.59	0.59	0.5619	
75	1	0.61	0.61	0.5579	
76	1	0.62	0.62	0.5956	
77	1	0.64	0.64	0.6104	
78	1	0.64	0.64	0.5904	
79	1	0.65	0.65	0.5875	
80	1	0.65	0.65	0.5875	
81	1	0.66	0.66	0.5644	
82	1	0.72	0.72	0.6616	
83	1	0.74	0.74	0.6524	
84	1	0.77	0.77	0.6771	
85	1	0.8	0.8	0.78	
86	1	0.81	0.81	0.7739	
87	1	0.85	0.85	0.8275	
88	1	0.86	0.86	0.8404	
89	1	0.85	0.85	0.8475	
90	1	0.88	0.88	0.9056	
91	1	0.9	0.9	0.93	
92	1	0.92	0.92	0.9336	
93	1	0.92	0.92	0.8936	
94	1	0.97	0.97	0.9491	
95	1	1	1	0.94	
96	1	1.08	1.08	1.0736	
97	1	1.08	1.08	1.1136	
98	1	1.1	1.1	1.17	
99	1	1.09	1.09	1.1819	
100	1	1.13	1.13	1.2731	
101	1	1.15	1.15	1.3075	
102	1	1.17	1.17	1.3211	
103	1	1.17	1.17	1.2411	
104	1	1.21	1.21	1.2659	
105	1	1.2	1.2	1.3	
106	1	1.22	1.22	1.4316	
107	1	1.23	1.23	1.4771	
108	1	1.2	1.2	1.42	
109	1	1.2	1.2	1.42	
110	1	1.22	1.22	1.3916	
111	1	1.17	1.17	1.3011	
112	1	1.12	1.12	1.3256	
113	1	1.1	1.1	1.39	
114	1	1.1	1.1	1.39	
115	1	1.17	1.17	1.4811	
116	1	1.17	1.17	1.5011	
117	1	1.21	1.21	1.6259	
118	1	1.24	1.24	1.6424	
119	1	1.25	1.25	1.6075	
120	1	1.31	1.31	1.7139	
121	1	1.38	1.38	1.6956	
122	1	1.36	1.36	1.7904	
123	1	1.4	1.4	1.9	
124	1	1.4	1.4	1.82	
125	1	1.39	1.39	1.8379	
126	1	1.4	1.4	1.72	
127	1	1.46	1.46	1.7484	
128	1	1.53	1.53	1.8491	
129	1	1.6	1.6	1.92	
130	1	1.69	1.69	2.1539	
131	1	1.67	1.67	2.2611	
132	1	1.69	1.69	2.2539	
133	1	1.68	1.68	2.1576	
134	1	1.69	1.69	2.2539	
135	1	1.75	1.75	2.5075	
136	1	1.81	1.81	2.3939	
137	1	1.81	1.81	2.4139	
138	1	1.85	1.85	2.3675	
139	1	1.86	1.86	2.3604	
140	1	1.84	1.84	2.4544	
141	1	1.86	1.86	2.4204	
142	1	1.86	1.86	2.4804	
143	1	1.8	1.8	2.42	
144	1	1.76	1.76	2.4224	
145	1	1.83	1.83	2.6011	
146	1	1.83	1.83	2.6411	
147	1	1.82	1.82	2.7676	
148	1	1.86	1.86	2.7204	
149	1	1.8	1.8	2.66	
150	1	1.76	1.76	2.6824	
151	1	1.75	1.75	2.6075	
152	1	1.72	1.72	2.5816	
153	1	1.67	1.67	2.4411	
154	1	1.65	1.65	2.3275	
155	1	1.64	1.64	2.3504	
156	1	1.61	1.61	2.4979	
157	1	1.64	1.64	2.3104	
158	1	1.62	1.62	2.3156	
159	1	1.56	1.56	2.0464	
160	1	1.62	1.62	2.2756	
161	1	1.64	1.64	2.2704	
162	1	1.67	1.67	2.3611	
163	1	1.7	1.7	2.43	
164	1	1.73	1.73	2.4971	
165	1	1.72	1.72	2.5216	
166	1	1.73	1.73	2.5371	
167	1	1.7	1.7	2.63	
168	1	1.69	1.69	2.8139	
169	1	1.67	1.67	2.8611	
170	1	1.62	1.62	2.6756	
171	1	1.6	1.6	2.56	
172	1	1.61	1.61	2.7179	
173	1	1.66	1.66	2.8244	
174	1	1.7	1.7	2.79	
175	1	1.79	1.79	2.9459	
176	1	1.66	1.66	2.7644	
177	1	1.63	1.63	2.7731	
178	1	1.63	1.63	2.7731	
179	1	1.66	1.66	2.8444	
180	1	1.67	1.67	2.9011	
181	1	1.66	1.66	2.9244	
182	1	1.65	1.65	3.0475	
183	1	1.66	1.66	3.0244	
184	1	1.69	1.69	2.9939	
185	1	1.74	1.74	2.9324	
186	1	1.78	1.78	3.0316	
187	1	1.73	1.73	2.9971	
188	1	1.67	1.67	3.0211	
189	1	1.62	1.62	2.9956	
190	1	1.63	1.63	3.1331	
191	1	1.64	1.64	3.1104	
192	1	1.56	1.56	2.9264	
193	1	1.61	1.61	3.0579	
194	1	1.66	1.66	3.1844	
195	1	1.72	1.72	3.4216	
196	1	1.71	1.71	3.1859	
197	1	1.73	1.73	3.2371	
198	1	1.76	1.76	3.3224	
199	1	1.79	1.79	3.3659	
200	1	1.91	1.91	3.6419	
201	1	1.95	1.95	3.6475	
202	1	1.95	1.95	3.7075	
203	1	1.96	1.96	3.5384	
204	1	2.03	2.03	3.4491	
205	1	1.97	1.97	3.4291	
206	1	1.98	1.98	3.5796	
207	1	1.99	1.99	3.5499	
208	1	1.97	1.97	3.7491	
209	1	1.96	1.96	3.8584	
210	1	1.95	1.95	3.6475	
211	1	1.94	1.94	3.3764	
212	1	1.95	1.95	3.3475	
213	1	1.98	1.98	3.1996	
214	1	2.06	2.06	3.1764	
215	1	2.09	2.09	3.2419	
216	1	2.11	2.11	3.2579	
217	1	2.1	2.1	3.27	
218	1	2.07	2.07	3.2251	
219	1	2.1	2.1	3.17	
220	1	2.03	2.03	3.0291	
221	1	2.07	2.07	2.9251	
222	1	2.12	2.12	3.0856	
223	1	2.15	2.15	3.2275	
224	1	2.18	2.18	3.3276	
225	1	2.19	2.19	3.2539	
226	1	2.19	2.19	3.2739	
227	1	2.13	2.13	3.1731	
228	1	2.16	2.16	3.1744	
229	1	2.23	2.23	3.0771	
230	1	2.29	2.29	2.9859	
231	1	2.33	2.33	3.0811	
232	1	2.33	2.33	3.2611	
233	1	2.33	2.33	3.2611	
234	1	2.32	2.32	3.0976	
235	1	2.37	2.37	3.2531	
236	1	2.36	2.36	3.2704	
237	1	2.39	2.39	3.2379	
238	1	2.38	2.38	3.1356	
239	1	2.42	2.42	3.1836	
240	1	2.47	2.47	3.2091	
241	1	2.49	2.49	3.3099	
242	1	2.53	2.53	3.2491	
243	1	2.51	2.51	3.5299	
244	1	2.54	2.54	3.4684	
245	1	2.55	2.55	3.6675	
246	1	2.53	2.53	3.7291	
247	1	2.54	2.54	3.6084	
248	1	2.5	2.5	3.43	
249	1	2.48	2.48	3.5696	
250	1	2.39	2.39	3.3179	
251	1	2.4	2.4	3.42	
252	1	2.34	2.34	3.3644	
253	1	2.38	2.38	3.3756	
254	1	2.39	2.39	3.3579	
255	1	2.44	2.44	3.2464	
256	1	2.46	2.46	3.3884	
257	1	2.42	2.42	3.5236	
258	1	2.45	2.45	3.5875	
259	1	2.46	2.46	3.5884	
260	1	2.4	2.4	3.58	
261	1	2.44	2.44	3.5664	
262	1	2.48	2.48	3.3496	
263	1	2.5	2.5	3.21	
264	1	2.52	2.52	2.9496	
265	1	2.43	2.43	3.1251	
266	1	2.42	2.42	2.8236	
267	1	2.41	2.41	2.6219	
268	1	2.4	2.4	2.62	
269	1	2.38	2.38	2.6556	
270	1	2.43	2.43	2.5851	
271	1	2.42	2.42	2.7036	
272	1	2.45	2.45	2.6475	
273	1	2.42	2.42	2.7836	
274	1	2.53	2.53	2.9091	
275	1	2.54	2.54	3.0084	
276	1	2.49	2.49	3.0699	
277	1	2.47	2.47	3.2491	
278	1	2.47	2.47	3.2291	
279	1	2.51	2.51	3.3299	
280	1	2.42	2.42	3.2436	
281	1	2.45	2.45	3.2275	
282	1	2.39	2.39	3.4379	
283	1	2.32	2.32	3.3976	
284	1	2.36	2.36	3.2904	
285	1	2.32	2.32	3.2976	
286	1	2.35	2.35	3.2475	
287	1	2.34	2.34	3.1644	
288	1	2.31	2.31	3.2139	
289	1	2.3	2.3	3.69	
290	1	2.31	2.31	3.6739	
291	1	2.31	2.31	3.6739	
292	1	2.32	2.32	3.8176	
293	1	2.3	2.3	3.81	
294	1	2.32	2.32	3.8776	
295	1	2.36	2.36	3.6904	
296	1	2.42	2.42	3.7636	
297	1	2.42	2.42	3.9036	
298	1	2.45	2.45	3.7875	
299	1	2.48	2.48	3.7296	
300	1	2.46	2.46	3.7084	
301	1	2.49	2.49	3.6699	
302	1	2.48	2.48	3.7096	
303	1	2.53	2.53	3.7491	
304	1	2.5	2.5	3.43	
305	1	2.49	2.49	3.4499	
306	1	2.51	2.51	3.6699	
307	1	2.52	2.52	3.7096	
308	1	2.55	2.55	3.6075	
309	1	2.53	2.53	3.6491	
310	1	2.57	2.57	3.7051	
311	1	2.57	2.57	3.6251	
312	1	2.53	2.53	3.7091	
313	1	2.55	2.55	3.9075	
314	1	2.56	2.56	3.7464	
315	1	2.53	2.53	3.8091	
316	1	2.62	2.62	3.8956	
317	1	2.66	2.66	3.9044	
318	1	2.59	2.59	3.8019	
319	1	2.61	2.61	3.7579	
320	1	2.59	2.59	4.0019	
321	1	2.7	2.7	3.89	
322	1	2.71	2.71	3.7459	
323	1	2.71	2.71	3.7459	
324	1	2.72	2.72	3.8616	
325	1	2.7	2.7	4.09	
326	1	2.75	2.75	4.0075	
327	1	2.74	2.74	4.0124	
328	1	2.7	2.7	4.11	
329	1	2.7	2.7	4.17	
330	1	2.69	2.69	4.0139	
331	1	2.65	2.65	3.8675	
332	1	2.65	2.65	3.8675	
333	1	2.62	2.62	4.0356	
334	1	2.59	2.59	4.0019	
335	1	2.63	2.63	4.1531	
336	1	2.61	2.61	4.1579	
337	1	2.59	2.59	4.1619	
338	1	2.62	2.62	4.1556	
339	1	2.61	2.61	4.1179	
340	1	2.6	2.6	4.16	
341	1	2.61	2.61	4.2179	
342	1	2.59	2.59	4.2419	
343	1	2.61	2.61	4.3979	
344	1	2.48	2.48	4.1696	
345	1	2.46	2.46	4.1884	
346	1	2.47	2.47	4.2091	
347	1	2.53	2.53	4.1091	
348	1	2.49	2.49	4.1099	
349	1	2.46	2.46	3.9484	
350	1	2.44	2.44	4.1064	
351	1	2.43	2.43	4.3651	
352	1	2.47	2.47	4.5091	
353	1	2.52	2.52	4.3296	
354	1	2.56	2.56	4.2264	
355	1	2.56	2.56	4.1664	
356	1	2.57	2.57	4.1851	
357	1	2.6	2.6	4.1	
358	1	2.58	2.58	4.0236	
359	1	2.59	2.59	4.0619	
360	1	2.5	2.5	4.13	
361	1	2.51	2.51	4.0499	
362	1	2.53	2.53	4.1091	
363	1	2.54	2.54	4.1884	
364	1	2.56	2.56	4.2264	
365	1	2.54	2.54	3.9084	
366	1	2.53	2.53	3.9491	
367	1	2.54	2.54	3.9284	
368	1	2.55	2.55	3.9075	
369	1	2.63	2.63	4.1931	
370	1	2.59	2.59	4.1219	
371	1	2.56	2.56	4.0464	
372	1	2.62	2.62	3.8956	
373	1	2.7	2.7	4.09	
374	1	2.69	2.69	4.1139	
375	1	2.65	2.65	3.9675	
376	1	2.65	2.65	3.9675	
377	1	2.75	2.75	4.1875	
378	1	2.77	2.77	4.2371	
379	1	2.76	2.76	4.2624	
380	1	2.78	2.78	4.3116	
381	1	2.74	2.74	4.1524	
382	1	2.72	2.72	4.2016	
383	1	2.77	2.77	4.3571	
384	1	2.79	2.79	4.3859	
385	1	2.79	2.79	4.3859	
386	1	2.75	2.75	4.2475	
387	1	2.74	2.74	4.2324	
388	1	2.73	2.73	4.1571	
389	1	2.79	2.79	4.3059	
390	1	2.79	2.79	4.3259	
391	1	2.77	2.77	4.2571	
392	1	2.75	2.75	4.2275	
393	1	2.68	2.68	4.1976	
394	1	2.72	2.72	4.3416	
395	1	2.65	2.65	4.2875	
396	1	2.65	2.65	4.4275	
397	1	2.74	2.74	4.4324	
398	1	2.77	2.77	4.3571	
399	1	2.72	2.72	4.2016	
400	1	2.73	2.73	4.2371	
401	1	2.76	2.76	4.2624	
402	1	2.79	2.79	4.2259	
403	1	2.75	2.75	4.1875	
404	1	2.73	2.73	4.1771	
405	1	2.75	2.75	4.3675	
406	1	2.83	2.83	4.4411	
407	1	2.85	2.85	4.4675	
408	1	2.76	2.76	4.3024	
409	1	2.76	2.76	4.4224	
410	1	2.76	2.76	4.4024	
411	1	2.71	2.71	4.2459	
412	1	2.68	2.68	4.2576	
413	1	2.71	2.71	4.2659	
414	1	2.68	2.68	4.3776	
415	1	2.72	2.72	4.3216	
416	1	2.71	2.71	4.2659	
417	1	2.75	2.75	4.3875	
418	1	2.82	2.82	4.7076	
419	1	2.88	2.88	4.8456	
420	1	2.9	2.9	4.87	
421	1	2.86	2.86	5.0604	
422	1	2.87	2.87	5.1131	
423	1	2.86	2.86	5.2004	
424	1	2.8	2.8	5.36	
425	1	2.8	2.8	5.18	
426	1	2.75	2.75	5.0675	
427	1	2.76	2.76	5.0424	
428	1	2.8	2.8	5.22	
429	1	2.79	2.79	5.0659	
430	1	2.8	2.8	5.12	
431	1	2.73	2.73	4.7771	
432	1	2.77	2.77	4.6971	
433	1	2.83	2.83	4.7811	
434	1	2.87	2.87	4.8531	
435	1	2.85	2.85	4.9675	
436	1	2.84	2.84	5.0144	
437	1	2.82	2.82	5.1276	
438	1	2.86	2.86	5.1204	
439	1	2.9	2.9	5.19	
440	1	2.88	2.88	5.4056	
441	1	2.95	2.95	5.5875	
442	1	2.98	2.98	5.5396	
443	1	3	3	5.58	
444	1	2.99	2.99	5.6699	
445	1	2.94	2.94	5.6564	
446	1	2.96	2.96	5.5584	
447	1	2.98	2.98	5.5396	
448	1	2.94	2.94	5.5964	
449	1	2.92	2.92	5.6936	
450	1	2.93	2.93	5.7251	
451	1	2.94	2.94	5.8164	
452	1	2.85	2.85	5.9075	
453	1	2.88	2.88	6.2056	
454	1	2.95	2.95	6.6075	
455	1	2.93	2.93	6.7651	
456	1	3.03	3.03	7.0091	
457	1	3.06	3.06	7.2364	
458	1	3.07	3.07	7.1651	
459	1	3.06	3.06	7.3164	
460	1	3.04	3.04	7.0984	
461	1	3.06	3.06	7.0364	
462	1	3.03	3.03	7.1891	
463	1	3.08	3.08	7.1336	
464	1	3.08	3.08	7.1336	
465	1	3.18	3.18	7.2476	
466	1	3.11	3.11	7.1579	
467	1	3.15	3.15	6.9875	
468	1	3.15	3.15	6.8475	
469	1	3.15	3.15	6.8275	
470	1	3.11	3.11	6.9779	
471	1	3.12	3.12	6.5056	
472	1	3.13	3.13	6.4331	
473	1	3.16	3.16	6.4544	
474	1	3.2	3.2	6.4	
475	1	3.24	3.24	6.3824	
476	1	3.23	3.23	6.0971	
477	1	3.24	3.24	6.0224	
478	1	3.22	3.22	5.9516	
479	1	3.28	3.28	5.9616	
480	1	3.27	3.27	5.9171	
481	1	3.3	3.3	5.85	
482	1	3.33	3.33	6.2211	
483	1	3.27	3.27	6.2571	
484	1	3.29	3.29	6.5059	
485	1	3.35	3.35	6.7475	
486	1	3.33	3.33	6.6811	
487	1	3.44	3.44	6.6064	
488	1	3.44	3.44	6.7064	
489	1	3.39	3.39	6.6779	
490	1	3.37	3.37	6.8731	
491	1	3.35	3.35	7.0075	
492	1	3.36	3.36	7.0704	
493	1	3.45	3.45	6.8275	
494	1	3.5	3.5	6.51	
495	1	3.46	3.46	6.2084	
496	1	3.45	3.45	6.3275	
497	1	3.34	3.34	6.3244	
498	1	3.49	3.49	6.6699	
499	1	3.56	3.56	6.7864	
500	1	3.42	3.42	6.7836	
501	1	3.28	3.28	6.8416	
502	1	3.32	3.32	6.8576	
503	1	3.27	3.27	6.7371	
504	1	3.24	3.24	6.5624	
505	1	3.27	3.27	6.9371	
506	1	3.33	3.33	6.7411	
507	1	3.41	3.41	6.6019	
508	1	3.35	3.35	6.2475	
509	1	3.26	3.26	6.1524	
510	1	3.27	3.27	6.1771	
511	1	3.39	3.39	6.2579	
512	1	3.4	3.4	6.2	
513	1	3.39	3.39	5.7579	
514	1	3.49	3.49	5.9099	
515	1	3.5	3.5	5.85	
516	1	3.49	3.49	6.0899	
517	1	3.56	3.56	5.8864	
518	1	3.53	3.53	6.1091	
519	1	3.54	3.54	5.8884	
520	1	3.48	3.48	5.9096	
521	1	3.46	3.46	5.7084	
522	1	3.49	3.49	5.5699	
523	1	3.47	3.47	5.4491	
524	1	3.55	3.55	5.3475	
525	1	3.57	3.57	5.3051	
526	1	3.61	3.61	5.1379	
527	1	3.5	3.5	5.17	
528	1	3.51	3.51	5.1699	
529	1	3.64	3.64	5.1104	
530	1	3.65	3.65	5.0875	
531	1	3.64	3.64	5.0104	
532	1	3.6	3.6	5.2	
533	1	3.53	3.53	5.4091	
534	1	3.5	3.5	5.25	
535	1	3.56	3.56	4.9464	
536	1	3.55	3.55	4.7875	
537	1	3.63	3.63	4.9331	
538	1	3.67	3.67	4.8811	
539	1	3.74	3.74	4.6124	
540	1	3.76	3.76	4.6224	
541	1	3.89	3.89	4.7579	
542	1	3.9	3.9	4.89	
543	1	3.93	3.93	4.9251	
544	1	3.95	3.95	4.6875	
545	1	3.96	3.96	4.7584	
546	1	3.85	3.85	4.6075	
547	1	3.81	3.81	4.9339	
548	1	3.76	3.76	4.7024	
549	1	3.84	3.84	4.7744	
550	1	3.85	3.85	4.8475	
551	1	3.87	3.87	4.6531	
552	1	3.92	3.92	4.8536	
553	1	3.89	3.89	4.7179	
554	1	3.87	3.87	4.5731	
555	1	3.81	3.81	4.6539	
556	1	3.89	3.89	4.7179	
557	1	3.84	3.84	4.7144	
558	1	3.78	3.78	4.7516	
559	1	3.67	3.67	4.9411	
560	1	3.67	3.67	4.9411	
561	1	3.61	3.61	4.9779	
562	1	3.66	3.66	4.8444	
563	1	3.69	3.69	4.7539	
564	1	3.72	3.72	4.6416	
565	1	3.71	3.71	4.3459	
566	1	3.66	3.66	3.6844	
567	1	3.72	3.72	3.3816	
568	1	3.63	3.63	3.0131	
569	1	3.69	3.69	2.9739	
570	1	3.76	3.76	3.1024	
571	1	3.74	3.74	2.6724	
572	1	3.75	3.75	2.5875	
573	1	3.73	3.73	2.6171	
574	1	3.79	3.79	2.6459	
575	1	3.73	3.73	2.6371	
576	1	3.72	3.72	2.6216	
577	1	3.68	3.68	2.3576	
578	1	3.69	3.69	2.4139	
579	1	3.74	3.74	2.3724	
580	1	3.76	3.76	2.4024	
581	1	3.89	3.89	2.3979	
582	1	3.93	3.93	2.1651	
583	1	3.94	3.94	2.3164	
584	1	3.9	3.9	2.15	
585	1	3.94	3.94	2.1964	
586	1	3.93	3.93	2.1251	
587	1	4.01	4.01	2.1299	
588	1	4.02	4.02	2.1196	
589	1	4.01	4.01	2.0499	
590	1	4.12	4.12	1.9256	
591	1	4.13	4.13	1.8931	
592	1	4.15	4.15	1.8475	
593	1	4.13	4.13	2.0731	
594	1	4.16	4.16	1.9944	
595	1	4.14	4.14	2.1404	
596	1	4.16	4.16	2.2344	
597	1	4.23	4.23	2.2571	
598	1	4.27	4.27	2.2571	
599	1	4.25	4.25	2.3475	
600	1	4.27	4.27	2.2771	
601	1	4.27	4.27	2.2571	
602	1	4.33	4.33	2.3011	
603	1	4.31	4.31	2.0539	
604	1	4.25	4.25	1.9475	
605	1	4.32	4.32	2.0776	
606	1	4.24	4.24	2.0424	
607	1	4.21	4.21	2.0259	
608	1	4.24	4.24	2.0424	
609	1	4.28	4.28	1.8816	
610	1	4.24	4.24	1.9024	
611	1	4.29	4.29	1.8459	
612	1	4.29	4.29	2.0259	
613	1	4.31	4.31	1.9739	
614	1	4.34	4.34	1.9044	
615	1	4.29	4.29	2.2059	
616	1	4.29	4.29	2.2259	
617	1	4.34	4.34	2.3444	
618	1	4.3	4.3	2.43	
619	1	4.3	4.3	2.37	
620	1	4.28	4.28	2.5016	
621	1	4.28	4.28	2.5816	
622	1	4.35	4.35	2.6075	
623	1	4.31	4.31	2.7339	
624	1	4.31	4.31	2.7339	
625	1	4.28	4.28	2.8216	
626	1	4.28	4.28	2.7616	
627	1	4.27	4.27	2.7771	
628	1	4.32	4.32	2.7376	
629	1	4.38	4.38	2.7356	
630	1	4.28	4.28	2.5816	
631	1	4.28	4.28	2.5816	
632	1	4.34	4.34	2.6044	
633	1	4.36	4.36	2.6704	
634	1	4.38	4.38	2.6556	
635	1	4.48	4.48	2.6896	
636	1	4.43	4.43	2.6651	
637	1	4.45	4.45	2.6475	
638	1	4.44	4.44	2.6864	
639	1	4.42	4.42	2.7436	
640	1	4.41	4.41	2.9019	
641	1	4.4	4.4	2.82	
642	1	4.54	4.54	2.6884	
643	1	4.57	4.57	2.7651	
644	1	4.53	4.53	2.8491	
645	1	4.6	4.6	2.92	
646	1	4.61	4.61	2.9379	
647	1	4.67	4.67	2.9211	
648	1	4.66	4.66	2.8444	
649	1	4.75	4.75	2.8075	
650	1	4.74	4.74	2.7324	
651	1	4.73	4.73	2.6771	
652	1	4.7	4.7	2.69	
653	1	4.73	4.73	2.6171	
654	1	4.75	4.75	2.6075	
655	1	4.73	4.73	2.4971	
656	1	4.68	4.68	2.5176	
657	1	4.63	4.63	2.7131	
658	1	4.61	4.61	2.6979	
659	1	4.62	4.62	2.5756	
660	1	4.67	4.67	2.4611	
661	1	4.73	4.73	2.4971	
662	1	4.85	4.85	2.4075	
663	1	4.92	4.92	2.3936	
664	1	4.89	4.89	2.4179	
665	1	4.9	4.9	2.55	
666	1	4.89	4.89	2.5179	
667	1	4.88	4.88	2.4656	
668	1	4.9	4.9	2.45	
669	1	4.9	4.9	2.53	
670	1	4.86	4.86	2.5204	
671	1	4.91	4.91	2.4019	
672	1	4.96	4.96	2.2584	
673	1	5	5	2.3	
674	1	5.01	5.01	2.4299	
675	1	4.92	4.92	2.4736	
676	1	4.87	4.87	2.5531	
677	1	4.94	4.94	2.5564	
678	1	4.96	4.96	2.3384	
679	1	4.91	4.91	2.3219	
680	1	4.86	4.86	2.3204	
681	1	4.88	4.88	2.3056	
682	1	4.92	4.92	2.2336	
683	1	4.86	4.86	2.5204	
684	1	4.88	4.88	2.4256	
685	1	4.88	4.88	2.4856	
686	1	4.89	4.89	2.3779	
687	1	4.88	4.88	2.3656	
688	1	4.85	4.85	2.4675	
689	1	4.75	4.75	2.5275	
690	1	4.84	4.84	2.5544	
691	1	4.8	4.8	2.56	
692	1	4.72	4.72	2.6016	
693	1	4.69	4.69	2.5739	
694	1	4.66	4.66	2.5644	
695	1	4.66	4.66	2.3644	
696	1	4.62	4.62	2.4356	
697	1	4.6	4.6	2.4	
698	1	4.67	4.67	2.2211	
699	1	4.72	4.72	2.2416	
700	1	4.76	4.76	2.2024	
701	1	4.82	4.82	2.3476	
702	1	4.87	4.87	2.3331	
703	1	4.92	4.92	2.3936	
704	1	4.95	4.95	2.2475	
705	1	4.85	4.85	2.3475	
706	1	4.85	4.85	2.3475	
707	1	4.82	4.82	2.4476	
708	1	4.79	4.79	2.4859	
709	1	4.8	4.8	2.52	
710	1	4.82	4.82	2.5876	
711	1	4.88	4.88	2.5256	
712	1	4.81	4.81	2.7739	
713	1	4.89	4.89	2.7179	
714	1	5.05	5.05	2.6075	
715	1	5.02	5.02	2.7396	
716	1	5	5	2.74	
717	1	5.02	5.02	2.7196	
718	1	5.03	5.03	2.7891	
719	1	5.02	5.02	2.6796	
720	1	4.95	4.95	2.6675	
721	1	5.09	5.09	2.5019	
722	1	5.11	5.11	2.5579	
723	1	5.08	5.08	2.7536	
724	1	5.04	5.04	2.8984	
725	1	5.08	5.08	2.7936	
726	1	5.09	5.09	2.9219	
727	1	5.17	5.17	3.0611	
728	1	5.15	5.15	3.2075	
729	1	5.01	5.01	3.1299	
730	1	5.02	5.02	3.1196	
731	1	4.93	4.93	3.2651	
732	1	4.86	4.86	3.3404	
733	1	4.81	4.81	3.5339	
734	1	4.88	4.88	3.6456	
735	1	4.86	4.86	3.7204	
736	1	4.89	4.89	3.7179	
737	1	4.94	4.94	3.6964	
738	1	5.02	5.02	3.6196	
739	1	4.86	4.86	3.7404	
740	1	4.86	4.86	3.5604	
741	1	4.87	4.87	3.6731	
742	1	4.85	4.85	3.6075	
743	1	4.78	4.78	3.6716	
744	1	4.77	4.77	3.7571	
745	1	4.72	4.72	3.7616	
746	1	4.7	4.7	3.81	
747	1	4.69	4.69	3.8539	
748	1	4.74	4.74	3.9124	
749	1	4.75	4.75	3.8675	
750	1	4.79	4.79	3.9459	
751	1	4.81	4.81	4.0339	
752	1	4.88	4.88	3.9456	
753	1	4.82	4.82	4.0876	
754	1	4.82	4.82	4.1476	
755	1	4.72	4.72	4.2616	
756	1	4.76	4.76	4.2424	
757	1	4.83	4.83	4.3011	
758	1	4.82	4.82	4.1276	
759	1	4.84	4.84	4.1744	
760	1	4.77	4.77	4.3171	
761	1	4.77	4.77	4.5371	
762	1	4.79	4.79	4.5059	
763	1	4.77	4.77	4.5371	
764	1	4.79	4.79	4.4859	
765	1	4.83	4.83	4.5411	
766	1	4.88	4.88	4.5056	
767	1	4.9	4.9	4.35	
768	1	4.88	4.88	4.4856	
769	1	4.91	4.91	4.3619	
770	1	4.98	4.98	4.3796	
771	1	4.87	4.87	4.6731	
772	1	4.85	4.85	4.6275	
773	1	4.84	4.84	4.5944	
774	1	4.86	4.86	4.5804	
775	1	4.92	4.92	4.5336	
776	1	4.96	4.96	4.4584	
777	1	4.87	4.87	4.5731	
778	1	4.89	4.89	4.6379	
779	1	4.94	4.94	4.4964	
780	1	5.01	5.01	4.4699	
781	1	4.99	4.99	4.6699	
782	1	5	5	4.68	
783	1	4.92	4.92	4.5136	
784	1	5.07	5.07	4.5851	
785	1	5.14	5.14	4.5204	
786	1	5.24	5.24	4.5824	
787	1	5.32	5.32	4.6376	
788	1	5.4	5.4	4.74	
789	1	5.5	5.5	4.73	
790	1	5.47	5.47	4.6891	
791	1	5.51	5.51	4.5299	
792	1	5.58	5.58	4.4436	
793	1	5.58	5.58	4.5436	
794	1	5.53	5.53	4.6291	
795	1	5.61	5.61	4.5179	
796	1	5.55	5.55	4.6675	
797	1	5.61	5.61	4.6379	
798	1	5.69	5.69	4.4939	
799	1	5.61	5.61	4.3779	
800	1	5.65	5.65	4.4275	
801	1	5.68	5.68	4.3776	
802	1	5.64	5.64	4.4104	
803	1	5.6	5.6	4.52	
804	1	5.51	5.51	4.7899	
805	1	5.53	5.53	5.0291	
806	1	5.42	5.42	5.3436	
807	1	5.42	5.42	5.4836	
808	1	5.42	5.42	5.2636	
809	1	5.49	5.49	5.1099	
810	1	5.57	5.57	5.1651	
811	1	5.54	5.54	5.2684	
812	1	5.48	5.48	5.2296	
813	1	5.6	5.6	5.18	
814	1	5.56	5.56	5.2264	
815	1	5.61	5.61	5.6179	
816	1	5.63	5.63	5.6931	
817	1	5.71	5.71	5.6059	
818	1	5.82	5.82	5.3076	
819	1	5.82	5.82	5.2476	
820	1	5.8	5.8	5.2	
821	1	5.86	5.86	5.2404	
822	1	5.91	5.91	5.3219	
823	1	5.8	5.8	5.14	
824	1	5.85	5.85	5.0075	
825	1	5.9	5.9	4.81	
826	1	5.83	5.83	4.7811	
827	1	5.9	5.9	4.73	
828	1	5.99	5.99	4.5499	
829	1	6.07	6.07	4.3651	
830	1	6.09	6.09	4.3619	
831	1	6.04	6.04	4.2784	
832	1	6.17	6.17	4.0811	
833	1	6.17	6.17	4.0211	
834	1	6.14	6.14	4.0604	
835	1	6.17	6.17	4.1411	
836	1	6.13	6.13	4.1531	
837	1	6.29	6.29	4.1059	
838	1	6.28	6.28	3.9416	
839	1	6.36	6.36	3.7904	
840	1	6.42	6.42	3.7636	
841	1	6.42	6.42	3.7836	
842	1	6.38	6.38	3.6956	
843	1	6.43	6.43	3.5851	
844	1	6.39	6.39	3.5379	
845	1	6.41	6.41	3.5219	
846	1	6.38	6.38	3.5956	
847	1	6.4	6.4	3.42	
848	1	6.45	6.45	3.3475	
849	1	6.49	6.49	3.4699	
850	1	6.5	6.5	3.49	
851	1	6.46	6.46	3.4484	
852	1	6.46	6.46	3.4884	
853	1	6.53	6.53	3.6491	
854	1	6.49	6.49	3.5699	
855	1	6.62	6.62	3.9756	
856	1	6.74	6.74	4.2924	
857	1	6.75	6.75	4.3275	
858	1	6.65	6.65	4.3275	
859	1	6.65	6.65	4.2875	
860	1	6.66	6.66	4.5444	
861	1	6.62	6.62	4.5756	
862	1	6.55	6.55	4.4875	
863	1	6.48	6.48	4.3696	
864	1	6.54	6.54	4.4484	
865	1	6.46	6.46	4.3284	
866	1	6.47	6.47	4.5291	
867	1	6.55	6.55	4.2675	
868	1	6.55	6.55	4.2675	
869	1	6.46	6.46	4.4084	
870	1	6.45	6.45	4.5275	
871	1	6.53	6.53	4.7691	
872	1	6.64	6.64	4.9304	
873	1	6.59	6.59	5.0419	
874	1	6.53	6.53	5.0291	
875	1	6.54	6.54	4.9484	
876	1	6.4	6.4	5.24	
877	1	6.47	6.47	5.5491	
878	1	6.53	6.53	5.4291	
879	1	6.53	6.53	5.6291	
880	1	6.57	6.57	5.5051	
881	1	6.65	6.65	5.7875	
882	1	6.7	6.7	5.85	
883	1	6.79	6.79	5.7459	
884	1	6.81	6.81	5.7739	
885	1	6.82	6.82	5.6276	
886	1	6.88	6.88	5.8656	
887	1	6.88	6.88	5.8856	
888	1	6.9	6.9	5.91	
889	1	6.91	6.91	5.8619	
890	1	6.9	6.9	5.93	
891	1	6.79	6.79	5.8259	
892	1	6.79	6.79	5.9059	
893	1	6.81	6.81	6.2739	
894	1	6.78	6.78	6.2716	
895	1	6.7	6.7	6.23	
896	1	6.55	6.55	5.8475	
897	1	6.59	6.59	5.8419	
898	1	6.62	6.62	5.5556	
899	1	6.72	6.72	5.6416	
900	1	6.67	6.67	5.7211	
901	1	6.69	6.69	5.6739	
902	1	6.67	6.67	5.7011	
903	1	6.69	6.69	5.5539	
904	1	6.71	6.71	5.5859	
905	1	6.76	6.76	5.6624	
906	1	6.77	6.77	5.6771	
907	1	6.78	6.78	5.5516	
908	1	6.79	6.79	5.5859	
909	1	6.77	6.77	5.5171	
910	1	6.79	6.79	5.6859	
911	1	6.84	6.84	5.7344	
912	1	6.81	6.81	5.5139	
913	1	6.8	6.8	5.4	
914	1	6.78	6.78	5.4716	
915	1	6.84	6.84	5.7744	
916	1	6.8	6.8	5.94	
917	1	6.8	6.8	5.82	
918	1	6.82	6.82	5.5076	
919	1	6.78	6.78	5.5316	
920	1	6.74	6.74	5.6124	
921	1	6.72	6.72	5.5616	
922	1	6.8	6.8	6.02	
923	1	6.83	6.83	6.0811	
924	1	6.84	6.84	5.8744	
925	1	6.86	6.86	5.9204	
926	1	6.87	6.87	5.9131	
927	1	6.81	6.81	5.7139	
928	1	6.67	6.67	5.6011	
929	1	6.62	6.62	5.8756	
930	1	6.62	6.62	5.8356	
931	1	6.64	6.64	6.3104	
932	1	6.67	6.67	6.4611	
933	1	6.69	6.69	6.7339	
934	1	6.77	6.77	6.4371	
935	1	6.75	6.75	6.5075	
936	1	6.78	6.78	6.2716	
937	1	6.82	6.82	6.0876	
938	1	6.8	6.8	5.78	
939	1	6.92	6.92	5.8136	
940	1	6.94	6.94	5.8164	
941	1	7	7	6	
942	1	6.88	6.88	5.8456	
943	1	6.85	6.85	5.8875	
944	1	6.85	6.85	6.0075	
945	1	6.89	6.89	5.9579	
946	1	6.9	6.9	5.93	
947	1	6.93	6.93	6.1051	
948	1	6.93	6.93	6.2251	
949	1	6.88	6.88	6.2856	
950	1	6.88	6.88	6.6856	
951	1	6.85	6.85	6.8475	
952	1	6.96	6.96	6.9784	
953	1	6.99	6.99	6.7099	
954	1	7.08	7.08	6.5336	
955	1	7.05	7.05	6.7475	
956	1	7.11	7.11	6.4779	
957	1	7.12	7.12	6.3656	
958	1	7.07	7.07	6.3651	
959	1	7.09	7.09	6.4019	
960	1	7.12	7.12	6.2656	
961	1	7.07	7.07	6.4251	
962	1	7.08	7.08	6.2936	
963	1	7.1	7.1	6.25	
964	1	7.12	7.12	6.1456	
965	1	7.21	7.21	6.2259	
966	1	7.19	7.19	6.2339	
967	1	7.17	7.17	6.3811	
968	1	7.18	7.18	6.5676	
969	1	7.13	7.13	6.6931	
970	1	7.15	7.15	6.8275	
971	1	7.24	7.24	6.8224	
972	1	7.22	7.22	7.2316	
973	1	7.23	7.23	7.3171	
974	1	7.2	7.2	7.18	
975	1	7.28	7.28	7.3816	
976	1	7.29	7.29	7.6659	
977	1	7.31	7.31	7.5339	
978	1	7.29	7.29	7.5059	
979	1	7.32	7.32	7.4976	
980	1	7.24	7.24	7.0424	
981	1	7.31	7.31	6.8139	
982	1	7.31	7.31	7.1139	
983	1	7.39	7.39	7.1779	
984	1	7.36	7.36	7.0504	
985	1	7.35	7.35	7.0675	
986	1	7.36	7.36	7.3304	
987	1	7.37	7.37	7.3131	
988	1	7.44	7.44	7.6264	
989	1	7.45	7.45	7.6675	
990	1	7.5	7.5	7.79	
991	1	7.49	7.49	7.7099	
992	1	7.5	7.5	7.63	
993	1	7.47	7.47	7.5691	
994	1	7.39	7.39	7.2779	
995	1	7.51	7.51	7.7099	
996	1	7.56	7.56	7.8464	
997	1	7.6	7.6	7.84	
998	1	7.49	7.49	6.9899	
999	1	7.6	7.6	7.78	
1000	1	7.65	7.65	7.5075	
1001	1	7.65	7.65	7.6075	
1002	1	7.63	7.63	8.0731	
1003	1	7.73	7.73	7.9771	
1004	1	7.77	7.77	7.9171	
1005	1	7.73	7.73	7.7571	
1006	1	7.74	7.74	8.4324	
1007	1	7.83	7.83	8.5211	
1008	1	7.79	7.79	8.2459	
1009	1	7.82	7.82	8.0676	
1010	1	7.84	7.84	8.0544	
1011	1	7.8	7.8	7.94	
1012	1	7.84	7.84	8.7344	
1013	1	7.88	7.88	9.4656	
1014	1	7.92	7.92	9.2336	
1015	1	7.9	7.9	9.35	
1016	1	7.92	7.92	8.9736	
1017	1	7.98	7.98	9.1796	
1018	1	8.03	8.03	9.1691	
1019	1	8.17	8.17	9.8411	
1020	1	8.14	8.14	9.6404	
1021	1	8.19	8.19	9.7739	
1022	1	8.22	8.22	9.6916	
1023	1	8.24	8.24	10.4224	
1024	1	8.26	8.26	11.2924	
1025	1	8.21	8.21	11.3059	
1026	1	8.15	8.15	11.4675	
1027	1	8.15	8.15	11.7275	
1028	1	8.13	8.13	11.7731	
1029	1	8.15	8.15	12.4075	
1030	1	8.22	8.22	12.2516	
1031	1	8.22	8.22	11.9916	
1032	1	8.37	8.37	11.7331	
1033	1	8.41	8.41	11.7819	
1034	1	8.39	8.39	11.8779	
1035	1	8.48	8.48	12.4496	
1036	1	8.44	8.44	12.3864	
1037	1	8.52	8.52	11.6696	
1038	1	8.59	8.59	11.3019	
1039	1	8.59	8.59	11.4419	
1040	1	8.55	8.55	10.8875	
1041	1	8.58	8.58	10.6836	
1042	1	8.56	8.56	10.3864	
1043	1	8.58	8.58	10.3236	
1044	1	8.71	8.71	10.6659	
1045	1	8.73	8.73	10.4171	
1046	1	8.64	8.64	10.2704	
1047	1	8.61	8.61	10.1779	
1048	1	8.52	8.52	9.9496	
1049	1	8.55	8.55	10.6275	
1050	1	8.55	8.55	10.5875	
1051	1	8.56	8.56	10.5664	
1052	1	8.61	8.61	11.0179	
1053	1	8.72	8.72	10.3616	
1054	1	8.71	8.71	10.7859	
1055	1	8.72	8.72	11.0016	
1056	1	8.74	8.74	11.1724	
1057	1	8.74	8.74	11.3324	
1058	1	8.65	8.65	11.6475	
1059	1	8.73	8.73	11.5971	
1060	1	8.71	8.71	11.6059	
1061	1	8.75	8.75	11.4675	
1062	1	8.81	8.81	11.5339	
1063	1	8.7	8.7	11.57	
1064	1	8.69	8.69	11.3139	
1065	1	8.73	8.73	11.4771	
1066	1	8.69	8.69	11.6739	
1067	1	8.71	8.71	11.5859	
1068	1	8.74	8.74	11.5124	
1069	1	8.68	8.68	11.4976	
1070	1	8.69	8.69	10.8339	
1071	1	8.73	8.73	10.7571	
1072	1	8.76	8.76	10.4024	
1073	1	8.76	8.76	10.4624	
1074	1	8.84	8.84	10.3944	
1075	1	8.81	8.81	10.9139	
1076	1	8.83	8.83	10.7811	
1077	1	8.82	8.82	11.8076	
1078	1	8.8	8.8	12	
1079	1	8.92	8.92	12.7136	
1080	1	8.92	8.92	12.6136	
1081	1	8.93	8.93	12.6851	
1082	1	8.96	8.96	12.2984	
1083	1	8.99	8.99	12.0299	
1084	1	8.95	8.95	12.3675	
1085	1	8.96	8.96	12.4784	
1086	1	8.95	8.95	11.9675	
1087	1	8.95	8.95	11.9075	
1088	1	9.01	9.01	11.8299	
1089	1	8.99	8.99	12.0699	
1090	1	9	9	12.8	
1091	1	9.02	9.02	12.6996	
1092	1	8.98	8.98	12.6396	
1093	1	8.98	8.98	12.5596	
1094	1	8.96	8.96	13.2984	
1095	1	8.92	8.92	13.5336	
1096	1	8.86	8.86	13.8004	
1097	1	8.83	8.83	13.5811	
1098	1	8.84	8.84	13.6744	
1099	1	8.84	8.84	13.6944	
1100	1	8.84	8.84	13.2944	
1101	1	8.84	8.84	13.4144	
1102	1	8.82	8.82	13.5876	
1103	1	8.86	8.86	13.6804	
1104	1	8.89	8.89	13.4579	
1105	1	8.97	8.97	13.1691	
1106	1	8.99	8.99	12.9499	
1107	1	9	9	13.08	
1108	1	9.01	9.01	13.2099	
1109	1	9.02	9.02	13.1796	
1110	1	9.06	9.06	13.2164	
1111	1	8.97	8.97	13.5691	
1112	1	8.98	8.98	13.3196	
1113	1	8.97	8.97	14.3691	
1114	1	8.95	8.95	13.5675	
1115	1	9	9	13.72	
1116	1	9.02	9.02	13.5596	
1117	1	8.99	8.99	13.9499	
1118	1	8.99	8.99	14.3299	
1119	1	9.06	9.06	14.9164	
1120	1	9.19	9.19	15.3739	
1121	1	9.35	9.35	13.8275	
1122	1	9.42	9.42	13.9436	
1123	1	9.43	9.43	13.7651	
1124	1	9.38	9.38	12.5156	
1125	1	9.28	9.28	11.8816	
1126	1	9.24	9.24	12.0824	
1127	1	9.25	9.25	12.0275	
1128	1	9.23	9.23	12.3571	
1129	1	9.24	9.24	12.5224	
1130	1	9.24	9.24	12.2624	
1131	1	9.26	9.26	11.3524	
1132	1	9.33	9.33	11.8611	
1133	1	9.19	9.19	12.5739	
1134	1	9.24	9.24	12.3024	
1135	1	9.25	9.25	12.2275	
1136	1	9.28	9.28	12.3016	
1137	1	9.29	9.29	12.3459	
1138	1	9.37	9.37	12.2331	
1139	1	9.39	9.39	12.0379	
1140	1	9.43	9.43	11.7451	
1141	1	9.38	9.38	12.2356	
1142	1	9.41	9.41	12.3619	
1143	1	9.47	9.47	13.0291	
1144	1	9.46	9.46	13.4084	
1145	1	9.5	9.5	13.37	
1146	1	9.5	9.5	13.45	
1147	1	9.39	9.39	14.0379	
1148	1	9.42	9.42	13.8636	
1149	1	9.46	9.46	14.6084	
1150	1	9.45	9.45	14.9475	
1151	1	9.42	9.42	14.7636	
1152	1	9.47	9.47	14.5891	
1153	1	9.52	9.52	14.5296	
1154	1	9.48	9.48	15.0496	
1155	1	9.54	9.54	15.4684	
1156	1	9.61	9.61	15.1179	
1157	1	9.8	9.8	14.28	
1158	1	9.85	9.85	14.0675	
1159	1	9.93	9.93	13.8251	
1160	1	9.95	9.95	13.9475	
1161	1	9.99	9.99	13.2499	
1162	1	9.93	9.93	12.5051	
1163	1	9.97	9.97	12.6491	
1164	1	9.98	9.98	12.3996	
1165	1	9.9	9.9	13.23	
1166	1	9.94	9.94	12.9164	
1167	1	9.87	9.87	12.8131	
1168	1	9.88	9.88	12.6256	
1169	1	9.93	9.93	12.4851	
1170	1	9.82	9.82	12.1476	
1171	1	9.8	9.8	11.9	
1172	1	9.75	9.75	12.1075	
1173	1	9.81	9.81	11.9339	
1174	1	9.92	9.92	12.8136	
1175	1	9.83	9.83	13.1811	
1176	1	9.85	9.85	13.2675	
1177	1	9.88	9.88	13.3456	
1178	1	9.8	9.8	13.26	
1179	1	9.91	9.91	13.0619	
1180	1	9.81	9.81	13.0139	
1181	1	9.88	9.88	13.2856	
1182	1	9.84	9.84	12.7744	
1183	1	10.02	10.02	12.0196	
1184	1	10.02	10.02	11.8996	
1185	1	10.08	10.08	12.0736	
1186	1	10.04	10.04	12.1784	
1187	1	10.02	10.02	12.0796	
1188	1	10.11	10.11	11.9579	
1189	1	10.06	10.06	12.0164	
1190	1	10.06	10.06	11.8964	
1191	1	10.08	10.08	12.0736	
1192	1	10.1	10.1	12.03	
1193	1	10.13	10.13	11.7331	
1194	1	10.07	10.07	12.2251	
1195	1	10.14	10.14	12.1604	
1196	1	10.1	10.1	11.01	
1197	1	10.06	10.06	10.9964	
1198	1	10.06	10.06	11.0564	
1199	1	10.04	10.04	11.0384	
1200	1	9.96	9.96	9.8584	
1201	1	9.97	9.97	9.7891	
1202	1	9.96	9.96	10.2184	
1203	1	10	10	10.04	
1204	1	10.03	10.03	10.1891	
1205	1	10.06	10.06	10.1564	
1206	1	10.07	10.07	10.1051	
1207	1	10.07	10.07	9.7651	
1208	1	10.07	10.07	9.6851	
1209	1	10.05	10.05	9.7875	
1210	1	10.05	10.05	9.9075	
1211	1	10.07	10.07	9.7251	
1212	1	10.14	10.14	10.1404	
1213	1	10.18	10.18	10.0676	
1214	1	10.17	10.17	10.0611	
1215	1	10.21	10.21	9.8459	
1216	1	10.2	10.2	9.88	
1217	1	10.17	10.17	9.9611	
1218	1	10.22	10.22	9.8116	
1219	1	10.25	10.25	9.6875	
1220	1	10.32	10.32	9.5376	
1221	1	10.4	10.4	9.88	
1222	1	10.4	10.4	10.06	
1223	1	10.39	10.39	9.9379	
1224	1	10.38	10.38	9.9156	
1225	1	10.39	10.39	10.0179	
1226	1	10.46	10.46	10.4284	
1227	1	10.51	10.51	10.3499	
1228	1	10.54	10.54	10.2884	
1229	1	10.62	10.62	10.5756	
1230	1	10.64	10.64	10.6904	
1231	1	10.53	10.53	10.4891	
1232	1	10.57	10.57	10.4851	
1233	1	10.4	10.4	10.52	
1234	1	10.38	10.38	10.7556	
1235	1	10.32	10.32	11.0776	
1236	1	10.21	10.21	10.6259	
1237	1	10.11	10.11	9.9179	
1238	1	10.13	10.13	10.4531	
1239	1	10.19	10.19	9.9939	
1240	1	10.32	10.32	10.4176	
1241	1	10.35	10.35	10.4275	
1242	1	10.31	10.31	10.6139	
1243	1	10.29	10.29	10.4459	
1244	1	10.35	10.35	10.0875	
1245	1	10.28	10.28	9.6416	
1246	1	10.36	10.36	10.2104	
1247	1	10.27	10.27	10.7971	
1248	1	10.25	10.25	11.1475	
1249	1	10.28	10.28	10.9416	
1250	1	10.37	10.37	11.3131	
1251	1	10.25	10.25	10.6675	
1252	1	10.23	10.23	10.8771	
1253	1	10.23	10.23	11.2171	
1254	1	10.2	10.2	11.58	
1255	1	10.23	10.23	11.3571	
1256	1	10.24	10.24	11.7224	
1257	1	10.29	10.29	11.4459	
1258	1	10.35	10.35	10.8475	
1259	1	10.31	10.31	11.1739	
1260	1	10.32	10.32	11.6376	
1261	1	10.24	10.24	11.5624	
1262	1	10.26	10.26	11.5724	
1263	1	10.23	10.23	11.4971	
1264	1	10.29	10.29	12.2259	
1265	1	10.31	10.31	12.3139	
1266	1	10.43	10.43	13.0251	
1267	1	10.52	10.52	12.5096	
1268	1	10.55	10.55	12.2275	
1269	1	10.52	10.52	12.3096	
1270	1	10.53	10.53	12.3091	
1271	1	10.56	10.56	12.1664	
1272	1	10.64	10.64	11.7504	
1273	1	10.51	10.51	11.7299	
1274	1	10.54	10.54	11.6484	
1275	1	10.55	10.55	11.4875	
1276	1	10.56	10.56	11.4664	
1277	1	10.57	10.57	11.7251	
1278	1	10.53	10.53	11.6691	
1279	1	10.46	10.46	10.9284	
1280	1	10.44	10.44	11.0664	
1281	1	10.47	10.47	10.9291	
1282	1	10.42	10.42	11.1036	
1283	1	10.41	10.41	11.3619	
1284	1	10.42	10.42	11.8036	
1285	1	10.43	10.43	12.0051	
1286	1	10.5	10.5	11.75	
1287	1	10.51	10.51	11.2299	
1288	1	10.53	10.53	10.9291	
1289	1	10.58	10.58	11.3236	
1290	1	10.62	10.62	11.2556	
1291	1	10.69	10.69	11.5339	
1292	1	10.74	10.74	11.6324	
1293	1	10.74	10.74	11.6524	
1294	1	10.81	10.81	11.4539	
1295	1	10.84	10.84	11.4544	
1296	1	10.86	10.86	11.2404	
1297	1	10.86	10.86	11.0604	
1298	1	10.83	10.83	10.9811	
1299	1	10.9	10.9	10.83	
1300	1	10.99	10.99	10.7099	
1301	1	10.94	10.94	10.6364	
1302	1	10.98	10.98	10.6396	
1303	1	10.95	10.95	10.7275	
1304	1	10.98	10.98	10.8596	
1305	1	11.04	11.04	10.9384	
1306	1	11.08	11.08	11.1336	
1307	1	11.15	11.15	11.1275	
1308	1	11.05	11.05	10.8475	
1309	1	11.06	11.06	10.7164	
1310	1	11.09	11.09	10.6219	
1311	1	11.13	11.13	10.6931	
1312	1	11.15	11.15	10.6475	
1313	1	11.23	11.23	10.4571	
1314	1	11.21	11.21	10.4459	
1315	1	11.39	11.39	10.9179	
1316	1	11.44	11.44	11.0864	
1317	1	11.42	11.42	11.2636	
1318	1	11.44	11.44	11.2864	
1319	1	11.51	11.51	11.1499	
1320	1	11.48	11.48	11.2096	
1321	1	11.43	11.43	11.0051	
1322	1	11.41	11.41	11.0619	
1323	1	11.43	11.43	10.9851	
1324	1	11.49	11.49	10.7499	
1325	1	11.5	11.5	10.71	
1326	1	11.55	11.55	10.5875	
1327	1	11.63	11.63	10.5731	
1328	1	11.61	11.61	10.5179	
1329	1	11.58	11.58	10.6636	
1330	1	11.41	11.41	10.6819	
1331	1	11.46	11.46	10.4884	
1332	1	11.46	11.46	10.5684	
1333	1	11.47	11.47	10.3691	
1334	1	11.48	11.48	10.3096	
1335	1	11.51	11.51	10.2499	
1336	1	11.53	11.53	10.3891	
1337	1	11.51	11.51	10.3299	
1338	1	11.53	11.53	10.5491	
1339	1	11.41	11.41	10.3619	
1340	1	11.35	11.35	10.1275	
1341	1	11.41	11.41	10.0419	
1342	1	11.44	11.44	10.3064	
1343	1	11.45	11.45	10.2675	
1344	1	11.47	11.47	10.1491	
1345	1	11.49	11.49	10.1299	
1346	1	11.57	11.57	10.4851	
1347	1	11.59	11.59	10.4219	
1348	1	11.63	11.63	10.4131	
1349	1	11.67	11.67	10.4011	
1350	1	11.68	11.68	10.5376	
1351	1	11.75	11.75	10.9875	
1352	1	11.78	11.78	11.3716	
1353	1	11.79	11.79	11.1859	
1354	1	11.84	11.84	10.8744	
1355	1	11.81	11.81	10.8739	
1356	1	11.77	11.77	10.6971	
1357	1	11.63	11.63	10.7331	
1358	1	11.6	11.6	10.46	
1359	1	11.6	11.6	10.5	
1360	1	11.6	11.6	10.3	
1361	1	11.62	11.62	10.3556	
1362	1	11.56	11.56	10.1864	
1363	1	11.45	11.45	10.3475	
1364	1	11.42	11.42	10.4036	
1365	1	11.42	11.42	10.1436	
1366	1	11.38	11.38	9.6356	
1367	1	11.34	11.34	9.7044	
1368	1	11.33	11.33	9.7411	
1369	1	11.36	11.36	9.9304	
1370	1	11.35	11.35	10.1275	
1371	1	11.37	11.37	10.0531	
1372	1	11.35	11.35	9.4675	
1373	1	11.49	11.49	9.5699	
1374	1	11.5	11.5	9.61	
1375	1	11.58	11.58	10.2036	
1376	1	11.62	11.62	10.2956	
1377	1	11.7	11.7	10.15	
1378	1	11.72	11.72	10.0416	
1379	1	11.67	11.67	9.9811	
1380	1	11.82	11.82	10.7076	
1381	1	11.8	11.8	10.54	
1382	1	11.77	11.77	10.5971	
1383	1	11.79	11.79	10.5659	
1384	1	11.87	11.87	10.5331	
1385	1	11.99	11.99	10.4899	
1386	1	11.93	11.93	10.4251	
1387	1	11.97	11.97	10.3091	
1388	1	12.01	12.01	10.1499	
1389	1	11.93	11.93	10.4251	
1390	1	11.92	11.92	10.5736	
1391	1	11.97	11.97	10.6091	
1392	1	11.87	11.87	10.7131	
1393	1	11.85	11.85	10.9075	
1394	1	11.86	11.86	11.2204	
1395	1	11.84	11.84	11.1944	
1396	1	11.91	11.91	11.4619	
1397	1	11.92	11.92	11.8536	
1398	1	11.89	11.89	12.1179	
1399	1	11.89	11.89	12.0979	
1400	1	11.86	11.86	11.8404	
1401	1	11.86	11.86	11.8004	
1402	1	11.79	11.79	11.6859	
1403	1	11.83	11.83	11.8211	
1404	1	11.79	11.79	12.0059	
1405	1	11.78	11.78	12.0916	
1406	1	11.79	11.79	12.1059	
1407	1	11.81	11.81	11.9939	
1408	1	11.86	11.86	11.7004	
1409	1	11.89	11.89	11.7779	
1410	1	11.95	11.95	11.8675	
1411	1	11.95	11.95	12.0675	
1412	1	11.95	11.95	12.0675	
1413	1	11.98	11.98	11.8396	
1414	1	11.99	11.99	11.8299	
1415	1	11.93	11.93	12.0651	
1416	1	11.94	11.94	12.0364	
1417	1	11.89	11.89	11.7579	
1418	1	11.79	11.79	11.4259	
1419	1	11.79	11.79	11.2859	
1420	1	11.75	11.75	10.8675	
1421	1	11.77	11.77	10.9171	
1422	1	11.81	11.81	10.8539	
1423	1	11.76	11.76	10.7024	
1424	1	11.73	11.73	10.9371	
1425	1	11.79	11.79	11.2859	
1426	1	11.84	11.84	11.3744	
1427	1	11.87	11.87	11.3131	
1428	1	11.82	11.82	11.5676	
1429	1	11.83	11.83	11.7011	
1430	1	11.83	11.83	11.7411	
1431	1	11.91	11.91	11.5019	
1432	1	11.86	11.86	11.7604	
1433	1	11.86	11.86	11.9604	
1434	1	11.89	11.89	12.0579	
1435	1	11.94	11.94	12.1364	
1436	1	11.95	11.95	12.0675	
1437	1	11.92	11.92	12.1736	
1438	1	11.9	11.9	12.13	
1439	1	11.87	11.87	11.9731	
1440	1	11.9	11.9	11.89	
1441	1	11.94	11.94	12.1564	
1442	1	11.95	11.95	12.1075	
1443	1	11.98	11.98	12.2796	
1444	1	11.98	11.98	12.2196	
1445	1	11.95	11.95	12.2475	
1446	1	11.78	11.78	12.1316	
1447	1	11.66	11.66	11.6244	
1448	1	11.55	11.55	11.2875	
1449	1	11.6	11.6	11.3	
1450	1	11.58	11.58	11.1036	
1451	1	11.58	11.58	10.7636	
1452	1	11.64	11.64	10.5504	
1453	1	11.67	11.67	10.6811	
1454	1	11.69	11.69	10.5939	
1455	1	11.64	11.64	10.5904	
1456	1	11.61	11.61	10.3179	
1457	1	11.61	11.61	10.2979	
1458	1	11.6	11.6	10.22	
1459	1	11.64	11.64	10.1504	
1460	1	11.61	11.61	10.0179	
1461	1	11.5	11.5	9.31	
1462	1	11.55	11.55	9.2875	
1463	1	11.54	11.54	9.6484	
1464	1	11.51	11.51	9.3899	
1465	1	11.36	11.36	8.6704	
1466	1	11.4	11.4	8.74	
1467	1	11.39	11.39	8.7579	
1468	1	11.34	11.34	7.8844	
1469	1	11.32	11.32	7.7576	
1470	1	11.36	11.36	7.8904	
1471	1	11.38	11.38	8.0556	
1472	1	11.37	11.37	8.1131	
1473	1	11.36	11.36	8.1304	
1474	1	11.36	11.36	7.9904	
1475	1	11.37	11.37	7.9731	
1476	1	11.4	11.4	7.84	
1477	1	11.41	11.41	7.9019	
1478	1	11.43	11.43	8.1651	
1479	1	11.44	11.44	8.0664	
1480	1	11.42	11.42	8.1436	
1481	1	11.42	11.42	8.4436	
1482	1	11.47	11.47	8.7291	
1483	1	11.53	11.53	9.3291	
1484	1	11.51	11.51	9.2699	
1485	1	11.52	11.52	9.2496	
1486	1	11.53	11.53	9.3691	
1487	1	11.54	11.54	9.2684	
1488	1	11.55	11.55	9.3475	
1489	1	11.57	11.57	9.3251	
1490	1	11.56	11.56	9.4864	
1491	1	11.59	11.59	9.4619	
1492	1	11.7	11.7	9.43	
1493	1	11.79	11.79	9.6059	
1494	1	11.88	11.88	10.1256	
1495	1	11.89	11.89	9.9779	
1496	1	11.87	11.87	9.7931	
1497	1	11.92	11.92	10.3736	
1498	1	11.96	11.96	10.3984	
1499	1	12.06	12.06	11.3964	
1500	1	12.15	12.15	11.5675	
1501	1	12.2	12.2	11.54	
1502	1	12.31	12.31	11.4339	
1503	1	12.33	12.33	11.2411	
1504	1	12.32	12.32	11.1576	
1505	1	12.29	12.29	10.6659	
1506	1	12.29	12.29	10.3859	
1507	1	12.35	12.35	11.0275	
1508	1	12.37	12.37	10.9531	
1509	1	12.37	12.37	10.9331	
1510	1	12.36	12.36	10.8304	
1511	1	12.39	12.39	10.8379	
1512	1	12.39	12.39	10.5979	
1513	1	12.45	12.45	10.8875	
1514	1	12.48	12.48	10.8696	
1515	1	12.49	12.49	10.4099	
1516	1	12.48	12.48	10.4296	
1517	1	12.51	12.51	10.3099	
1518	1	12.55	12.55	10.5075	
1519	1	12.53	12.53	10.6491	
1520	1	12.5	12.5	10.71	
1521	1	12.51	12.51	10.6699	
1522	1	12.52	12.52	10.5496	
1523	1	12.58	12.58	10.5636	
1524	1	12.61	12.61	10.4779	
1525	1	12.63	12.63	10.2731	
1526	1	12.58	12.58	10.4236	
1527	1	12.67	12.67	10.8411	
1528	1	12.65	12.65	10.7475	
1529	1	12.66	12.66	10.5844	
1530	1	12.7	12.7	10.75	
1531	1	12.75	12.75	10.9675	
1532	1	12.69	12.69	10.9139	
1533	1	12.72	12.72	10.9016	
1534	1	12.72	12.72	11.1616	
1535	1	12.78	12.78	11.7116	
1536	1	12.85	12.85	12.0075	
1537	1	12.93	12.93	12.1051	
1538	1	12.92	12.92	12.0736	
1539	1	12.96	12.96	12.0784	
1540	1	12.99	12.99	11.7499	
1541	1	13.05	13.05	11.7275	
1542	1	13.1	13.1	11.61	
1543	1	13.2	13.2	11.8	
1544	1	13.26	13.26	12.1124	
1545	1	13.2	13.2	12.24	
1546	1	13.17	13.17	11.9211	
1547	1	13.22	13.22	11.8516	
1548	1	13.3	13.3	11.69	
1549	1	13.4	13.4	11.32	
1550	1	13.42	13.42	11.2436	
1551	1	13.47	13.47	11.7091	
1552	1	13.4	13.4	11.7	
1553	1	13.44	13.44	11.1464	
1554	1	13.44	13.44	11.0664	
1555	1	13.39	13.39	11.0779	
1556	1	13.42	13.42	11.0636	
1557	1	13.45	13.45	11.2075	
1558	1	13.4	13.4	10.52	
1559	1	13.44	13.44	9.7064	
1560	1	13.47	13.47	9.7891	
1561	1	13.44	13.44	9.9064	
1562	1	13.5	13.5	9.71	
1563	1	13.55	13.55	9.5475	
1564	1	13.58	13.58	9.7036	
1565	1	13.59	13.59	9.8219	
1566	1	13.63	13.63	9.7331	
1567	1	13.6	13.6	9.74	
1568	1	13.62	13.62	9.3756	
1569	1	13.59	13.59	9.1419	
1570	1	13.61	13.61	9.0979	
1571	1	13.68	13.68	8.8176	
1572	1	13.73	13.73	9.1171	
1573	1	13.7	13.7	8.97	
1574	1	13.75	13.75	8.6275	
1575	1	13.72	13.72	8.3216	
1576	1	13.72	13.72	8.3616	
1577	1	13.71	13.71	8.1259	
1578	1	13.79	13.79	8.1659	
1579	1	13.76	13.76	7.9824	
1580	1	13.81	13.81	7.9939	
1581	1	13.76	13.76	7.8424	
1582	1	13.67	13.67	8.0611	
1583	1	13.84	13.84	8.5544	
1584	1	13.98	13.98	9.2396	
1585	1	14.01	14.01	9.0099	
1586	1	14.06	14.06	8.8364	
1587	1	14.08	14.08	8.6736	
1588	1	14.01	14.01	8.9899	
1589	1	13.95	13.95	8.6875	
1590	1	13.97	13.97	8.9291	
1591	1	14.01	14.01	8.6499	
1592	1	14.02	14.02	8.8196	
1593	1	14.05	14.05	8.8275	
1594	1	14.07	14.07	9.0051	
1595	1	14.1	14.1	9.21	
1596	1	14.14	14.14	9.3604	
1597	1	14.11	14.11	9.2179	
1598	1	14.11	14.11	9.1379	
1599	1	14.08	14.08	9.0736	
1600	1	14.05	14.05	9.3075	
1601	1	14.08	14.08	9.2936	
1602	1	14.11	14.11	9.2779	
1603	1	14.19	14.19	9.2739	
1604	1	14.16	14.16	9.1544	
1605	1	14.1	14.1	9.27	
1606	1	14.14	14.14	9.0004	
1607	1	14.25	14.25	8.9275	
1608	1	14.21	14.21	9.1659	
1609	1	14.23	14.23	9.1571	
1610	1	14.19	14.19	8.6739	
1611	1	14.19	14.19	8.5739	
1612	1	14.21	14.21	8.6059	
1613	1	14.28	14.28	8.7416	
1614	1	14.25	14.25	8.9675	
1615	1	14.3	14.3	8.69	
1616	1	14.37	14.37	8.5731	
1617	1	14.48	14.48	8.2696	
1618	1	14.59	14.59	7.7619	
1619	1	14.55	14.55	7.7475	
1620	1	14.54	14.54	7.8884	
1621	1	14.57	14.57	8.0251	
1622	1	14.59	14.59	8.1419	
1623	1	14.56	14.56	7.9064	
1624	1	14.59	14.59	7.9019	
1625	1	14.53	14.53	8.1091	
1626	1	14.52	14.52	7.8096	
1627	1	14.56	14.56	7.8664	
1628	1	14.74	14.74	7.5724	
1629	1	14.71	14.71	7.6059	
1630	1	14.72	14.72	7.6616	
1631	1	14.74	14.74	7.2524	
1632	1	14.67	14.67	6.9611	
1633	1	14.71	14.71	7.1059	
1634	1	14.75	14.75	6.6875	
1635	1	14.73	14.73	7.0171	
1636	1	14.74	14.74	7.0324	
1637	1	14.76	14.76	7.4424	
1638	1	14.88	14.88	7.4856	
1639	1	14.86	14.86	7.5204	
1640	1	14.94	14.94	7.7564	
1641	1	14.95	14.95	7.7075	
1642	1	14.8	14.8	7.98	
1643	1	14.82	14.82	7.8676	
1644	1	14.77	14.77	7.4571	
1645	1	14.79	14.79	7.2859	
1646	1	14.82	14.82	7.6276	
1647	1	14.9	14.9	7.45	
1648	1	14.99	14.99	7.2699	
1649	1	15.03	15.03	7.0891	
1650	1	14.96	14.96	6.9384	
1651	1	14.9	14.9	7.21	
1652	1	14.87	14.87	6.9931	
1653	1	14.85	14.85	7.3875	
1654	1	14.77	14.77	7.1971	
1655	1	14.77	14.77	7.2971	
1656	1	14.9	14.9	7.41	
1657	1	14.87	14.87	7.3131	
1658	1	14.88	14.88	7.2056	
1659	1	14.88	14.88	7.1456	
1660	1	15.02	15.02	7.0196	
1661	1	15.09	15.09	7.2019	
1662	1	15.08	15.08	7.2336	
1663	1	15.05	15.05	7.2075	
1664	1	15.15	15.15	7.0675	
1665	1	15.08	15.08	7.1136	
1666	1	14.99	14.99	7.3099	
1667	1	15.02	15.02	7.5396	
1668	1	15.01	15.01	7.6299	
1669	1	15.06	15.06	7.6764	
1670	1	15.04	15.04	7.0184	
1671	1	14.95	14.95	7.1875	
1672	1	15.09	15.09	6.8019	
1673	1	15.05	15.05	6.6475	
1674	1	15.11	15.11	6.6579	
1675	1	15.2	15.2	6.86	
1676	1	15.2	15.2	6.92	
1677	1	15.19	15.19	6.8939	
1678	1	15.12	15.12	7.0656	
1679	1	15.2	15.2	7.14	
1680	1	15.23	15.23	7.3371	
1681	1	15.14	15.14	7.5204	
1682	1	15.25	15.25	7.4675	
1683	1	15.31	15.31	7.4739	
1684	1	15.24	15.24	7.2024	
1685	1	15.27	15.27	7.0171	
1686	1	15.24	15.24	7.0824	
1687	1	15.24	15.24	7.6224	
1688	1	15.31	15.31	7.9739	
1689	1	15.3	15.3	8.01	
1690	1	15.3	15.3	8.03	
1691	1	15.28	15.28	7.9416	
1692	1	15.25	15.25	8.1475	
1693	1	15.28	15.28	8.1016	
1694	1	15.29	15.29	8.3659	
1695	1	15.28	15.28	8.5416	
1696	1	15.38	15.38	8.8356	
1697	1	15.43	15.43	8.5851	
1698	1	15.49	15.49	8.8499	
1699	1	15.58	15.58	8.9036	
1700	1	15.61	15.61	8.8379	
1701	1	15.52	15.52	9.0296	
1702	1	15.68	15.68	9.1976	
1703	1	15.71	15.71	9.1059	
1704	1	15.73	15.73	8.9971	
1705	1	15.8	15.8	9.1	
1706	1	15.86	15.86	8.9604	
1707	1	15.9	15.9	9.13	
1708	1	15.87	15.87	9.1731	
1709	1	15.83	15.83	9.5611	
1710	1	15.79	15.79	9.4659	
1711	1	15.78	15.78	9.6716	
1712	1	15.87	15.87	9.7331	
1713	1	15.87	15.87	9.7331	
1714	1	15.82	15.82	9.9276	
1715	1	15.8	15.8	9.92	
1716	1	15.75	15.75	9.8275	
1717	1	15.83	15.83	9.7011	
1718	1	15.72	15.72	9.9616	
1719	1	15.7	15.7	10.03	
1720	1	15.66	15.66	10.1844	
1721	1	15.6	15.6	10.26	
1722	1	15.6	15.6	10.42	
1723	1	15.56	15.56	10.3664	
1724	1	15.61	15.61	10.5179	
1725	1	15.6	15.6	10.7	
1726	1	15.5	15.5	10.97	
1727	1	15.57	15.57	10.8651	
1728	1	15.53	15.53	10.8491	
1729	1	15.53	15.53	10.9291	
1730	1	15.52	15.52	10.8496	
1731	1	15.54	15.54	10.7284	
1732	1	15.54	15.54	10.5684	
1733	1	15.51	15.51	10.6299	
1734	1	15.49	15.49	10.9099	
1735	1	15.47	15.47	10.8691	
1736	1	15.46	15.46	10.9684	
1737	1	15.47	15.47	11.2291	
1738	1	15.45	15.45	11.1475	
1739	1	15.46	15.46	11.2084	
1740	1	15.59	15.59	10.5419	
1741	1	15.6	15.6	10.6	
1742	1	15.68	15.68	10.5176	
1743	1	15.76	15.76	10.2424	
1744	1	15.79	15.79	10.1859	
1745	1	15.89	15.89	10.1179	
1746	1	15.86	15.86	10.2804	
1747	1	15.88	15.88	10.5256	
1748	1	15.93	15.93	10.6851	
1749	1	15.96	15.96	10.8784	
1750	1	15.95	15.95	10.8075	
1751	1	16	16	10.64	
1752	1	16.01	16.01	10.6099	
1753	1	16.02	16.02	10.7796	
1754	1	16.03	16.03	10.2091	
1755	1	16.02	16.02	10.2596	
1756	1	16.01	16.01	9.9499	
1757	1	15.89	15.89	10.1979	
1758	1	15.93	15.93	10.1851	
1759	1	15.95	15.95	9.7675	
1760	1	15.96	15.96	9.5984	
1761	1	15.98	15.98	9.6196	
1762	1	15.98	15.98	9.6596	
1763	1	15.98	15.98	10.1396	
1764	1	15.96	15.96	10.2984	
1765	1	16.07	16.07	9.6851	
1766	1	16.02	16.02	9.9196	
1767	1	16.03	16.03	10.1891	
1768	1	16.05	16.05	10.2075	
1769	1	16.01	16.01	10.4699	
1770	1	15.98	15.98	10.3796	
1771	1	16.05	16.05	10.1875	
1772	1	16.07	16.07	10.1451	
1773	1	16.02	16.02	9.8796	
1774	1	16.07	16.07	9.7251	
1775	1	16.11	16.11	9.6579	
1776	1	16.13	16.13	9.6531	
1777	1	16.05	16.05	9.9275	
1778	1	16.04	16.04	10.1184	
1779	1	16.03	16.03	10.0491	
1780	1	16.08	16.08	9.9936	
1781	1	16.17	16.17	9.9411	
1782	1	16.14	16.14	10.2004	
1783	1	16.12	16.12	10.6256	
1784	1	16.08	16.08	11.0936	
1785	1	16.08	16.08	11.0936	
1786	1	16.03	16.03	10.9091	
1787	1	16	16	11.4	
1788	1	16.01	16.01	11.4899	
1789	1	15.99	15.99	11.9099	
1790	1	15.96	15.96	12.1784	
1791	1	16.02	16.02	11.9596	
1792	1	15.93	15.93	12.2251	
1793	1	15.94	15.94	12.3164	
1794	1	15.94	15.94	12.4964	
1795	1	15.97	15.97	12.6891	
1796	1	15.96	15.96	12.3984	
1797	1	16.05	16.05	12.0075	
1798	1	16.14	16.14	12.2404	
1799	1	16.1	16.1	12.65	
1800	1	16.14	16.14	12.5604	
1801	1	16.16	16.16	12.4744	
1802	1	16.16	16.16	12.3144	
1803	1	16.2	16.2	12.48	
1804	1	16.2	16.2	12.52	
1805	1	16.19	16.19	12.9139	
1806	1	16.17	16.17	12.7611	
1807	1	16.18	16.18	12.7876	
1808	1	16.13	16.13	12.6531	
1809	1	16.13	16.13	13.0531	
1810	1	16.09	16.09	13.3219	
1811	1	16.2	16.2	13.34	
1812	1	16.19	16.19	13.0939	
1813	1	16.14	16.14	12.7404	
1814	1	16.09	16.09	12.8619	
1815	1	16.07	16.07	12.7251	
1816	1	16.15	16.15	12.5475	
1817	1	16.17	16.17	12.3211	
1818	1	16.21	16.21	12.1059	
1819	1	16.23	16.23	12.0171	
1820	1	16.2	16.2	11.88	
1821	1	16.22	16.22	11.9316	
1822	1	16.28	16.28	11.7216	
1823	1	16.31	16.31	11.4939	
1824	1	16.28	16.28	11.5216	
1825	1	16.37	16.37	10.9731	
1826	1	16.35	16.35	11.0475	
1827	1	16.42	16.42	11.2436	
1828	1	16.31	16.31	11.7139	
1829	1	16.21	16.21	11.7059	
1830	1	16.15	16.15	11.7675	
1831	1	16.13	16.13	11.9931	
1832	1	16.14	16.14	11.8204	
1833	1	16.12	16.12	11.7856	
1834	1	16.09	16.09	11.8419	
1835	1	16.17	16.17	11.9211	
1836	1	16.13	16.13	12.0931	
1837	1	16.14	16.14	12.2204	
1838	1	16.15	16.15	11.9075	
1839	1	16.14	16.14	12.0004	
1840	1	16.15	16.15	11.6075	
1841	1	16.16	16.16	11.5744	
1842	1	16.12	16.12	11.9456	
1843	1	16.06	16.06	12.0564	
1844	1	16.05	16.05	12.2475	
1845	1	16.05	16.05	12.2275	
1846	1	16.05	16.05	12.1475	
1847	1	16.05	16.05	12.0475	
1848	1	16.07	16.07	12.1251	
1849	1	16.16	16.16	12.2144	
1850	1	16.13	16.13	12.1531	
1851	1	16.16	16.16	11.9944	
1852	1	16.12	16.12	12.2856	
1853	1	16.13	16.13	12.3931	
1854	1	16.12	16.12	12.8256	
1855	1	16.12	16.12	12.7056	
1856	1	16.19	16.19	12.6139	
1857	1	16.19	16.19	12.8139	
1858	1	16.18	16.18	12.7476	
1859	1	16.18	16.18	12.8076	
1860	1	16.18	16.18	12.3076	
1861	1	16.16	16.16	12.5944	
1862	1	16.17	16.17	12.6611	
1863	1	16.14	16.14	12.8204	
1864	1	16.18	16.18	12.6276	
1865	1	16.13	16.13	12.4931	
1866	1	16.14	16.14	12.4404	
1867	1	16.15	16.15	12.9275	
1868	1	16.14	16.14	12.9204	
1869	1	16.13	16.13	12.9731	
1870	1	16.12	16.12	13.0056	
1871	1	16.19	16.19	12.7339	
1872	1	16.14	16.14	12.2604	
1873	1	16.17	16.17	12.2211	
1874	1	16.17	16.17	12.4011	
1875	1	16.14	16.14	12.8004	
1876	1	16.12	16.12	12.8856	
1877	1	16.12	16.12	12.7856	
1878	1	16.11	16.11	12.7379	
1879	1	16.13	16.13	13.0331	
1880	1	16.17	16.17	13.1811	
1881	1	16.18	16.18	13.0476	
1882	1	16.18	16.18	13.3476	
1883	1	16.2	16.2	13.4	
1884	1	16.23	16.23	13.2371	
1885	1	16.3	16.3	13.25	
1886	1	16.23	16.23	13.4171	
1887	1	16.21	16.21	13.2259	
1888	1	16.16	16.16	13.5344	
1889	1	16.12	16.12	13.5656	
1890	1	16.11	16.11	13.7779	
1891	1	16.13	16.13	13.9931	
1892	1	16.17	16.17	13.5211	
1893	1	16.16	16.16	13.8544	
1894	1	16.28	16.28	14.1816	
1895	1	16.25	16.25	13.8675	
1896	1	16.25	16.25	14.0275	
1897	1	16.15	16.15	13.7075	
1898	1	16.14	16.14	13.9804	
1899	1	16.24	16.24	14.0624	
1900	1	16.21	16.21	14.2659	
1901	1	16.2	16.2	14.82	
1902	1	16.24	16.24	14.8824	
1903	1	16.29	16.29	14.7659	
1904	1	16.26	16.26	14.5724	
1905	1	16.24	16.24	14.5824	
1906	1	16.31	16.31	14.7739	
1907	1	16.35	16.35	14.9075	
1908	1	16.37	16.37	14.8931	
1909	1	16.39	16.39	14.8379	
1910	1	16.38	16.38	14.9756	
1911	1	16.39	16.39	14.8779	
1912	1	16.44	16.44	14.6064	
1913	1	16.39	16.39	14.6379	
1914	1	16.37	16.37	14.8931	
1915	1	16.42	16.42	15.0036	
1916	1	16.48	16.48	15.2896	
1917	1	16.46	16.46	15.6684	
1918	1	16.51	16.51	16.0099	
1919	1	16.55	16.55	16.1075	
1920	1	16.53	16.53	16.2691	
1921	1	16.49	16.49	16.5099	
1922	1	16.47	16.47	16.8291	
1923	1	16.46	16.46	17.0484	
1924	1	16.46	16.46	17.0884	
1925	1	16.44	16.44	17.1664	
1926	1	16.47	16.47	17.2291	
1927	1	16.49	16.49	16.9899	
1928	1	16.52	16.52	16.5896	
1929	1	16.53	16.53	16.7091	
1930	1	16.55	16.55	16.4275	
1931	1	16.51	16.51	16.7099	
1932	1	16.55	16.55	16.9675	
1933	1	16.55	16.55	16.9875	
1934	1	16.47	16.47	16.9091	
1935	1	16.5	16.5	17.01	
1936	1	16.49	16.49	17.2299	
1937	1	16.5	16.5	17.15	
1938	1	16.49	16.49	17.2499	
1939	1	16.46	16.46	17.3084	
1940	1	16.45	16.45	17.4275	
1941	1	16.33	16.33	17.5211	
1942	1	16.32	16.32	17.4976	
1943	1	16.33	16.33	17.6411	
1944	1	16.41	16.41	17.6419	
1945	1	16.45	16.45	17.4875	
1946	1	16.5	16.5	17.11	
1947	1	16.45	16.45	17.1675	
1948	1	16.48	16.48	17.1096	
1949	1	16.46	16.46	16.6284	
1950	1	16.48	16.48	16.6296	
1951	1	16.46	16.46	16.8284	
1952	1	16.39	16.39	16.9579	
1953	1	16.4	16.4	16.72	
1954	1	16.44	16.44	16.9264	
1955	1	16.44	16.44	17.0264	
1956	1	16.45	16.45	16.9275	
1957	1	16.46	16.46	17.1684	
1958	1	16.46	16.46	17.3284	
1959	1	16.51	16.51	17.1699	
1960	1	16.53	16.53	17.0891	
1961	1	16.63	16.63	17.5931	
1962	1	16.64	16.64	17.2904	
1963	1	16.7	16.7	17.15	
1964	1	16.71	16.71	17.2459	
1965	1	16.81	16.81	17.6739	
1966	1	16.85	16.85	17.8875	
1967	1	16.81	16.81	18.1339	
1968	1	16.81	16.81	18.3139	
1969	1	16.9	16.9	18.85	
1970	1	16.9	16.9	18.71	
1971	1	16.94	16.94	18.3964	
1972	1	17.07	17.07	17.7851	
1973	1	17.08	17.08	17.6336	
1974	1	17.05	17.05	17.6475	
1975	1	17.05	17.05	17.7875	
1976	1	17.16	17.16	18.1544	
1977	1	17.14	17.14	18.4604	
1978	1	17.17	17.17	18.2611	
1979	1	17.16	17.16	18.0144	
1980	1	17.17	17.17	18.2611	
1981	1	17.12	17.12	18.4256	
1982	1	17.09	17.09	18.7219	
1983	1	17.16	17.16	19.0744	
1984	1	17.16	17.16	19.2344	
1985	1	17.22	17.22	19.7116	
1986	1	17.04	17.04	19.3384	
1987	1	17.03	17.03	19.2891	
1988	1	17.07	17.07	19.4451	
1989	1	17.1	17.1	19.53	
1990	1	17.15	17.15	19.8475	
1991	1	17.2	17.2	20.4	
1992	1	17.19	17.19	20.2739	
1993	1	17.21	17.21	20.2459	
1994	1	17.2	17.2	20.2	
1995	1	17.28	17.28	20.3816	
1996	1	17.37	17.37	20.9131	
1997	1	17.5	17.5	21.21	
1998	1	17.54	17.54	21.0884	
1999	1	17.53	17.53	20.9491	
2000	1	17.52	17.52	20.8496	
