# mu = 0.1, s = -0.001, trials requested = 1, runtime = 0:00:00
# "Time"	"Actual trials"	"Mean mutation"	"Average mean mutation"	"Average mutation variance"
0	1	0	0	0	
1	1	0.03	0.03	0.0291	
2	1	0.04	0.04	0.0384	
3	1	0.04	0.04	0.0384	
4	1	0.05	0.05	0.0475	
5	1	0.05	0.05	0.0475	
6	1	0.03	0.03	0.0291	
7	1	0.03	0.03	0.0291	
8	1	0.02	0.02	0.0196	
9	1	0.05	0.05	0.0475	
10	1	0.06	0.06	0.0564	
11	1	0.07	0.07	0.0651	
12	1	0.09	0.09	0.0819	
13	1	0.11	0.11	0.0979	
14	1	0.1	0.1	0.09	
15	1	0.1	0.1	0.09	
16	1	0.13	0.13	0.1131	
17	1	0.13	0.13	0.1131	
18	1	0.14	0.14	0.1204	
19	1	0.13	0.13	0.1131	
20	1	0.13	0.13	0.1131	
21	1	0.15	0.15	0.1275	
22	1	0.17	0.17	0.1411	
23	1	0.19	0.19	0.1539	
24	1	0.2	0.2	0.16	
25	1	0.2	0.2	0.16	
26	1	0.19	0.19	0.1539	
27	1	0.2	0.2	0.16	
28	1	0.21	0.21	0.1659	
29	1	0.24	0.24	0.1824	
30	1	0.24	0.24	0.2024	
31	1	0.21	0.21	0.1859	
32	1	0.19	0.19	0.1739	
33	1	0.18	0.18	0.1676	
34	1	0.18	0.18	0.1676	
35	1	0.15	0.15	0.1275	
36	1	0.17	0.17	0.1411	
37	1	0.15	0.15	0.1275	
38	1	0.15	0.15	0.1275	
39	1	0.16	0.16	0.1344	
40	1	0.17	0.17	0.1411	
41	1	0.19	0.19	0.1539	
42	1	0.21	0.21	0.1659	
43	1	0.25	0.25	0.2275	
44	1	0.28	0.28	0.2816	
45	1	0.31	0.31	0.3339	
46	1	0.33	0.33	0.3611	
47	1	0.32	0.32	0.3376	
48	1	0.34	0.34	0.3644	
49	1	0.34	0.34	0.3644	
50	1	0.36	0.36	0.3704	
51	1	0.41	0.41	0.4019	
52	1	0.42	0.42	0.4036	
53	1	0.43	0.43	0.4051	
54	1	0.43	0.43	0.4251	
55	1	0.43	0.43	0.4251	
56	1	0.43	0.43	0.4251	
57	1	0.4	0.4	0.4	
58	1	0.41	0.41	0.4019	
59	1	0.42	0.42	0.4036	
60	1	0.42	0.42	0.4036	
61	1	0.42	0.42	0.4036	
62	1	0.42	0.42	0.4236	
63	1	0.45	0.45	0.4475	
64	1	0.46	0.46	0.4484	
65	1	0.48	0.48	0.4696	
66	1	0.49	0.49	0.4899	
67	1	0.51	0.51	0.5099	
68	1	0.48	0.48	0.4896	
69	1	0.5	0.5	0.51	
70	1	0.52	0.52	0.5696	
71	1	0.54	0.54	0.6284	
72	1	0.52	0.52	0.5696	
73	1	0.55	0.55	0.5275	
74	1	0.59	0.59	0.5619	
75	1	0.61	0.61	0.5579	
76	1	0.62	0.62	0.5956	
77	1	0.64	0.64	0.6104	
78	1	0.64	0.64	0.5904	
79	1	0.65	0.65	0.5875	
80	1	0.65	0.65	0.5875	
81	1	0.66	0.66	0.5644	
82	1	0.72	0.72	0.6616	
83	1	0.74	0.74	0.6524	
84	1	0.77	0.77	0.6771	
85	1	0.8	0.8	0.78	
86	1	0.81	0.81	0.7739	
87	1	0.85	0.85	0.8275	
88	1	0.86	0.86	0.8404	
89	1	0.85	0.85	0.8475	
90	1	0.88	0.88	0.9056	
91	1	0.9	0.9	0.93	
92	1	0.92	0.92	0.9336	
93	1	0.92	0.92	0.8936	
94	1	0.97	0.97	0.9491	
95	1	1	1	0.94	
96	1	1.08	1.08	1.0736	
97	1	1.08	1.08	1.1136	
98	1	1.1	1.1	1.17	
99	1	1.09	1.09	1.1819	
100	1	1.13	1.13	1.2731	
101	1	1.15	1.15	1.3075	
102	1	1.17	1.17	1.3211	
103	1	1.17	1.17	1.2411	
104	1	1.21	1.21	1.2659	
105	1	1.2	1.2	1.3	
106	1	1.22	1.22	1.4316	
107	1	1.23	1.23	1.4771	
108	1	1.2	1.2	1.42	
109	1	1.21	1.21	1.4059	
110	1	1.23	1.23	1.3771	
111	1	1.14	1.14	1.3004	
112	1	1.09	1.09	1.3419	
113	1	1.1	1.1	1.35	
114	1	1.11	1.11	1.3379	
115	1	1.16	1.16	1.4144	
116	1	1.18	1.18	1.4276	
117	1	1.23	1.23	1.5171	
118	1	1.29	1.29	1.5259	
119	1	1.23	1.23	1.5371	
120	1	1.24	1.24	1.5024	
121	1	1.33	1.33	1.5211	
122	1	1.33	1.33	1.5211	
123	1	1.39	1.39	1.5979	
124	1	1.41	1.41	1.5819	
125	1	1.43	1.43	1.6451	
126	1	1.47	1.47	1.5291	
127	1	1.53	1.53	1.5091	
128	1	1.52	1.52	1.5496	
129	1	1.5	1.5	1.47	
130	1	1.5	1.5	1.53	
131	1	1.57	1.57	1.6651	
132	1	1.58	1.58	1.6636	
133	1	1.55	1.55	1.6875	
134	1	1.53	1.53	1.7891	
135	1	1.57	1.57	1.7451	
136	1	1.62	1.62	1.6556	
137	1	1.6	1.6	1.7	
138	1	1.64	1.64	1.7504	
139	1	1.69	1.69	1.7339	
140	1	1.7	1.7	1.77	
141	1	1.74	1.74	1.7924	
142	1	1.72	1.72	1.8016	
143	1	1.76	1.76	1.8024	
144	1	1.73	1.73	1.8371	
145	1	1.72	1.72	1.8216	
146	1	1.69	1.69	1.7539	
147	1	1.67	1.67	1.7411	
148	1	1.7	1.7	1.73	
149	1	1.68	1.68	1.6976	
150	1	1.72	1.72	1.7216	
151	1	1.71	1.71	1.6859	
152	1	1.73	1.73	1.6771	
153	1	1.73	1.73	1.6971	
154	1	1.78	1.78	1.7316	
155	1	1.77	1.77	1.7571	
156	1	1.74	1.74	1.8524	
157	1	1.75	1.75	1.9275	
158	1	1.79	1.79	2.0059	
159	1	1.77	1.77	1.9971	
160	1	1.75	1.75	2.0075	
161	1	1.77	1.77	1.9771	
162	1	1.73	1.73	2.1171	
163	1	1.74	1.74	2.1324	
164	1	1.79	1.79	2.2859	
165	1	1.8	1.8	2.22	
166	1	1.82	1.82	2.4476	
167	1	1.84	1.84	2.4544	
168	1	1.85	1.85	2.5675	
169	1	1.86	1.86	2.7204	
170	1	1.87	1.87	2.8931	
171	1	1.85	1.85	2.8275	
172	1	1.87	1.87	2.8131	
173	1	1.89	1.89	2.7579	
174	1	1.89	1.89	2.7579	
175	1	1.92	1.92	2.8136	
176	1	1.89	1.89	2.7979	
177	1	1.86	1.86	2.7804	
178	1	1.87	1.87	2.7731	
179	1	1.91	1.91	2.8019	
180	1	1.93	1.93	2.8851	
181	1	1.97	1.97	2.9091	
182	1	1.98	1.98	2.7996	
183	1	1.96	1.96	2.7584	
184	1	1.99	1.99	2.7699	
185	1	2.07	2.07	2.8051	
186	1	2.05	2.05	2.9075	
187	1	2.08	2.08	2.9536	
188	1	2.08	2.08	2.8336	
189	1	2.08	2.08	2.8536	
190	1	2.06	2.06	2.7164	
191	1	2.07	2.07	2.8651	
192	1	2.09	2.09	2.9019	
193	1	2.11	2.11	2.8379	
194	1	2.12	2.12	2.8256	
195	1	2.16	2.16	2.7944	
196	1	2.22	2.22	2.8516	
197	1	2.26	2.26	2.8524	
198	1	2.3	2.3	2.99	
199	1	2.28	2.28	3.0416	
200	1	2.36	2.36	3.2904	
201	1	2.42	2.42	3.4436	
202	1	2.48	2.48	3.6696	
203	1	2.45	2.45	3.6275	
204	1	2.44	2.44	3.6264	
205	1	2.44	2.44	3.6664	
206	1	2.48	2.48	3.9096	
207	1	2.45	2.45	3.9875	
208	1	2.41	2.41	3.9019	
209	1	2.38	2.38	3.9356	
210	1	2.44	2.44	3.9664	
211	1	2.48	2.48	3.9096	
212	1	2.44	2.44	3.9064	
213	1	2.43	2.43	3.7651	
214	1	2.46	2.46	3.7084	
215	1	2.49	2.49	3.7499	
216	1	2.5	2.5	3.67	
217	1	2.59	2.59	3.7019	
218	1	2.63	2.63	3.6531	
219	1	2.6	2.6	3.68	
220	1	2.59	2.59	3.6819	
221	1	2.59	2.59	3.7019	
222	1	2.58	2.58	3.7036	
223	1	2.63	2.63	3.7931	
224	1	2.58	2.58	3.7436	
225	1	2.61	2.61	3.6379	
226	1	2.68	2.68	3.6776	
227	1	2.8	2.8	3.66	
228	1	2.83	2.83	3.6611	
229	1	2.94	2.94	3.6364	
230	1	2.92	2.92	3.5736	
231	1	2.96	2.96	3.5584	
232	1	2.91	2.91	3.5819	
233	1	2.9	2.9	3.53	
234	1	2.9	2.9	3.49	
235	1	2.9	2.9	3.55	
236	1	2.91	2.91	3.4219	
237	1	3.01	3.01	3.6499	
238	1	3.03	3.03	3.5891	
239	1	3.09	3.09	3.4819	
240	1	3.17	3.17	3.4411	
241	1	3.16	3.16	3.4544	
242	1	3.22	3.22	3.4916	
243	1	3.22	3.22	3.4516	
244	1	3.23	3.23	3.4971	
245	1	3.23	3.23	3.6971	
246	1	3.25	3.25	3.7275	
247	1	3.29	3.29	3.7659	
248	1	3.3	3.3	3.83	
249	1	3.29	3.29	3.8459	
250	1	3.33	3.33	3.8611	
251	1	3.4	3.4	3.92	
252	1	3.35	3.35	3.9875	
253	1	3.32	3.32	4.0176	
254	1	3.28	3.28	4.0216	
255	1	3.31	3.31	4.0139	
256	1	3.29	3.29	4.0459	
257	1	3.26	3.26	4.1724	
258	1	3.19	3.19	4.2739	
259	1	3.17	3.17	4.0811	
260	1	3.18	3.18	4.0676	
261	1	3.2	3.2	4.04	
262	1	3.22	3.22	4.1516	
263	1	3.22	3.22	4.1916	
264	1	3.26	3.26	4.2524	
265	1	3.19	3.19	4.0139	
266	1	3.15	3.15	4.0475	
267	1	3.17	3.17	4.0411	
268	1	3.15	3.15	3.9275	
269	1	3.18	3.18	3.8476	
270	1	3.14	3.14	3.9004	
271	1	3.16	3.16	4.0544	
272	1	3.22	3.22	4.1916	
273	1	3.22	3.22	4.0916	
274	1	3.23	3.23	4.1371	
275	1	3.23	3.23	4.0571	
276	1	3.18	3.18	4.0476	
277	1	3.22	3.22	4.0916	
278	1	3.25	3.25	4.1475	
279	1	3.21	3.21	4.1659	
280	1	3.14	3.14	4.2804	
281	1	3.16	3.16	4.2744	
282	1	3.1	3.1	4.43	
283	1	2.99	2.99	4.5899	
284	1	3.05	3.05	4.5675	
285	1	3.04	3.04	4.5584	
286	1	3.1	3.1	4.57	
287	1	3.09	3.09	4.6019	
288	1	3.12	3.12	4.7856	
289	1	3.14	3.14	4.9404	
290	1	3.15	3.15	4.8475	
291	1	3.21	3.21	4.6859	
292	1	3.28	3.28	4.5416	
293	1	3.33	3.33	4.5411	
294	1	3.28	3.28	4.6416	
295	1	3.37	3.37	4.5131	
296	1	3.36	3.36	4.3304	
297	1	3.25	3.25	4.3275	
298	1	3.34	3.34	4.3244	
299	1	3.38	3.38	4.3356	
300	1	3.43	3.43	4.3451	
301	1	3.46	3.46	4.4684	
302	1	3.4	3.4	4.38	
303	1	3.39	3.39	4.4779	
304	1	3.4	3.4	4.56	
305	1	3.42	3.42	4.5236	
306	1	3.38	3.38	4.5156	
307	1	3.42	3.42	4.4436	
308	1	3.42	3.42	4.5836	
309	1	3.4	3.4	4.72	
310	1	3.48	3.48	4.5296	
311	1	3.47	3.47	4.5891	
312	1	3.46	3.46	4.6084	
313	1	3.48	3.48	4.5496	
314	1	3.52	3.52	4.4096	
315	1	3.65	3.65	4.0275	
316	1	3.71	3.71	4.0459	
317	1	3.77	3.77	4.0571	
318	1	3.74	3.74	4.2324	
319	1	3.77	3.77	4.2171	
320	1	3.86	3.86	3.9604	
321	1	3.93	3.93	3.8651	
322	1	4.05	4.05	3.7275	
323	1	4.04	4.04	3.7584	
324	1	4.11	4.11	4.0179	
325	1	4.15	4.15	4.1075	
326	1	4.14	4.14	4.3004	
327	1	4.11	4.11	4.0779	
328	1	4.17	4.17	4.1611	
329	1	4.14	4.14	4.4204	
330	1	4.1	4.1	4.71	
331	1	4.04	4.04	4.6584	
332	1	4.05	4.05	4.5675	
333	1	4.06	4.06	4.4164	
334	1	4.12	4.12	4.3056	
335	1	4.11	4.11	4.4579	
336	1	4.11	4.11	4.3579	
337	1	4.04	4.04	4.4184	
338	1	4.01	4.01	4.5299	
339	1	4.02	4.02	4.4196	
340	1	4.09	4.09	4.1619	
341	1	4.06	4.06	4.1364	
342	1	4	4	4.26	
343	1	3.97	3.97	4.3291	
344	1	4.02	4.02	4.4796	
345	1	4.01	4.01	4.5299	
346	1	4.01	4.01	4.5099	
347	1	4.07	4.07	4.6051	
348	1	4.17	4.17	4.5611	
349	1	4.15	4.15	4.4875	
350	1	4.12	4.12	4.4056	
351	1	4.13	4.13	4.3731	
352	1	4.17	4.17	4.5011	
353	1	4.21	4.21	4.4659	
354	1	4.26	4.26	4.2124	
355	1	4.23	4.23	4.2171	
356	1	4.27	4.27	4.1971	
357	1	4.23	4.23	4.2171	
358	1	4.26	4.26	4.1524	
359	1	4.28	4.28	4.2416	
360	1	4.27	4.27	4.1571	
361	1	4.26	4.26	4.1324	
362	1	4.26	4.26	4.1324	
363	1	4.31	4.31	4.0939	
364	1	4.29	4.29	4.1259	
365	1	4.34	4.34	4.0244	
366	1	4.33	4.33	4.0011	
367	1	4.26	4.26	4.0724	
368	1	4.18	4.18	4.1476	
369	1	4.2	4.2	4.06	
370	1	4.19	4.19	4.1139	
371	1	4.15	4.15	4.1875	
372	1	4.19	4.19	4.1139	
373	1	4.28	4.28	3.8616	
374	1	4.37	4.37	3.9131	
375	1	4.38	4.38	3.8956	
376	1	4.43	4.43	3.7451	
377	1	4.43	4.43	3.7051	
378	1	4.42	4.42	3.7836	
379	1	4.47	4.47	3.7291	
380	1	4.48	4.48	3.7696	
381	1	4.51	4.51	3.6099	
382	1	4.48	4.48	3.5896	
383	1	4.46	4.46	3.6284	
384	1	4.47	4.47	3.6291	
385	1	4.48	4.48	3.6296	
386	1	4.45	4.45	3.7275	
387	1	4.47	4.47	3.6291	
388	1	4.47	4.47	3.6691	
389	1	4.39	4.39	3.8979	
390	1	4.4	4.4	4.02	
391	1	4.38	4.38	3.9756	
392	1	4.39	4.39	4.0579	
393	1	4.48	4.48	4.1896	
394	1	4.5	4.5	4.27	
395	1	4.43	4.43	4.4651	
396	1	4.51	4.51	4.2299	
397	1	4.61	4.61	4.1579	
398	1	4.66	4.66	4.2644	
399	1	4.68	4.68	4.0976	
400	1	4.68	4.68	4.0576	
401	1	4.71	4.71	4.1059	
402	1	4.79	4.79	4.0059	
403	1	4.77	4.77	4.1771	
404	1	4.77	4.77	4.1771	
405	1	4.8	4.8	4.24	
406	1	4.79	4.79	4.2259	
407	1	4.78	4.78	4.2116	
408	1	4.86	4.86	4.4204	
409	1	4.86	4.86	4.4204	
410	1	4.84	4.84	4.6344	
411	1	4.82	4.82	4.8876	
412	1	4.83	4.83	4.9011	
413	1	4.81	4.81	5.0939	
414	1	4.81	4.81	5.0339	
415	1	4.8	4.8	4.92	
416	1	4.81	4.81	4.9939	
417	1	4.78	4.78	5.1916	
418	1	4.66	4.66	5.2444	
419	1	4.62	4.62	5.4156	
420	1	4.65	4.65	5.6275	
421	1	4.75	4.75	5.3475	
422	1	4.77	4.77	5.3771	
423	1	4.65	4.65	5.6475	
424	1	4.73	4.73	5.4771	
425	1	4.72	4.72	5.7416	
426	1	4.79	4.79	5.8059	
427	1	4.67	4.67	5.9011	
428	1	4.65	4.65	6.1675	
429	1	4.61	4.61	6.2979	
430	1	4.7	4.7	6.37	
431	1	4.66	4.66	6.3044	
432	1	4.67	4.67	6.5211	
433	1	4.63	4.63	6.6531	
434	1	4.73	4.73	6.4571	
435	1	4.68	4.68	6.3576	
436	1	4.69	4.69	6.3539	
437	1	4.67	4.67	6.7811	
438	1	4.71	4.71	6.9059	
439	1	4.73	4.73	6.6771	
440	1	4.72	4.72	6.8816	
441	1	4.77	4.77	6.6771	
442	1	4.77	4.77	6.6171	
443	1	4.75	4.75	6.7275	
444	1	4.82	4.82	6.6676	
445	1	4.87	4.87	6.8731	
446	1	4.99	4.99	7.0299	
447	1	5	5	7	
448	1	4.85	4.85	7.2675	
449	1	4.91	4.91	7.2419	
450	1	4.91	4.91	7.1219	
451	1	4.98	4.98	7.2396	
452	1	5.03	5.03	7.2491	
453	1	5.18	5.18	7.3276	
454	1	5.19	5.19	7.1939	
455	1	5.23	5.23	7.1971	
456	1	5.24	5.24	7.3424	
457	1	5.27	5.27	7.5971	
458	1	5.37	5.37	7.5331	
459	1	5.42	5.42	7.3236	
460	1	5.53	5.53	6.9891	
461	1	5.53	5.53	6.9491	
462	1	5.51	5.51	6.9699	
463	1	5.49	5.49	7.2499	
464	1	5.48	5.48	7.2896	
465	1	5.49	5.49	7.1899	
466	1	5.51	5.51	7.4099	
467	1	5.49	5.49	7.6299	
468	1	5.36	5.36	7.4704	
469	1	5.33	5.33	7.4011	
470	1	5.43	5.43	7.3051	
471	1	5.5	5.5	7.33	
472	1	5.54	5.54	7.1884	
473	1	5.57	5.57	7.0651	
474	1	5.57	5.57	7.0851	
475	1	5.47	5.47	7.4291	
476	1	5.56	5.56	7.0264	
477	1	5.62	5.62	6.8156	
478	1	5.62	5.62	6.8356	
479	1	5.68	5.68	6.6776	
480	1	5.8	5.8	6.22	
481	1	5.84	5.84	6.0144	
482	1	5.78	5.78	5.7716	
483	1	5.77	5.77	5.5371	
484	1	5.8	5.8	5.72	
485	1	5.79	5.79	5.7659	
486	1	5.81	5.81	5.8339	
487	1	5.77	5.77	5.5171	
488	1	5.73	5.73	5.7171	
489	1	5.73	5.73	6.0371	
490	1	5.7	5.7	6.55	
491	1	5.69	5.69	6.5339	
492	1	5.69	5.69	6.4339	
493	1	5.71	5.71	6.4059	
494	1	5.75	5.75	6.6675	
495	1	5.82	5.82	6.3876	
496	1	5.91	5.91	6.4419	
497	1	6.01	6.01	6.5699	
498	1	5.98	5.98	6.5396	
499	1	6.06	6.06	6.5164	
500	1	6.09	6.09	6.6019	
501	1	6.21	6.21	6.6659	
502	1	6.21	6.21	6.8659	
503	1	6.23	6.23	6.7971	
504	1	6.27	6.27	6.8571	
505	1	6.21	6.21	6.9459	
506	1	6.31	6.31	6.6739	
507	1	6.47	6.47	6.2091	
508	1	6.38	6.38	6.2556	
509	1	6.41	6.41	6.3819	
510	1	6.44	6.44	6.5064	
511	1	6.44	6.44	6.9064	
512	1	6.4	6.4	6.76	
513	1	6.45	6.45	6.4075	
514	1	6.4	6.4	6.48	
515	1	6.5	6.5	6.61	
516	1	6.46	6.46	6.9484	
517	1	6.47	6.47	7.0291	
518	1	6.44	6.44	7.0664	
519	1	6.4	6.4	6.86	
520	1	6.47	6.47	6.6091	
521	1	6.51	6.51	6.5899	
522	1	6.55	6.55	6.7475	
523	1	6.59	6.59	6.9219	
524	1	6.61	6.61	6.9779	
525	1	6.6	6.6	6.98	
526	1	6.65	6.65	6.9675	
527	1	6.71	6.71	7.1059	
528	1	6.66	6.66	7.0844	
529	1	6.67	6.67	6.9011	
530	1	6.65	6.65	6.8475	
531	1	6.69	6.69	7.0539	
532	1	6.69	6.69	7.2739	
533	1	6.72	6.72	7.2616	
534	1	6.68	6.68	7.3576	
535	1	6.72	6.72	7.4816	
536	1	6.66	6.66	7.2844	
537	1	6.68	6.68	6.9776	
538	1	6.66	6.66	6.7844	
539	1	6.66	6.66	6.3844	
540	1	6.66	6.66	5.9044	
541	1	6.76	6.76	6.1224	
542	1	6.76	6.76	6.1224	
543	1	6.74	6.74	6.1124	
544	1	6.79	6.79	6.1459	
545	1	6.76	6.76	5.9624	
546	1	6.83	6.83	6.0611	
547	1	6.85	6.85	6.0275	
548	1	6.8	6.8	5.72	
549	1	6.88	6.88	5.4856	
550	1	6.82	6.82	5.4476	
551	1	6.77	6.77	5.3971	
552	1	6.78	6.78	5.2516	
553	1	6.73	6.73	5.2771	
554	1	6.7	6.7	5.49	
555	1	6.65	6.65	5.4275	
556	1	6.71	6.71	5.5659	
557	1	6.69	6.69	5.6139	
558	1	6.7	6.7	5.77	
559	1	6.73	6.73	6.0971	
560	1	6.68	6.68	5.9976	
561	1	6.69	6.69	6.0739	
562	1	6.74	6.74	6.2924	
563	1	6.72	6.72	6.4216	
564	1	6.75	6.75	6.3475	
565	1	6.76	6.76	6.4224	
566	1	6.82	6.82	6.3076	
567	1	6.79	6.79	6.2459	
568	1	6.83	6.83	6.4211	
569	1	6.87	6.87	6.4131	
570	1	6.87	6.87	6.5131	
571	1	6.88	6.88	6.7456	
572	1	6.89	6.89	6.6979	
573	1	6.89	6.89	6.7779	
574	1	6.92	6.92	6.7136	
575	1	6.95	6.95	6.8075	
576	1	6.95	6.95	6.7875	
577	1	7.01	7.01	6.7299	
578	1	7.03	7.03	6.6891	
579	1	7.08	7.08	6.7536	
580	1	7.03	7.03	6.6091	
581	1	7.07	7.07	6.4851	
582	1	7.08	7.08	6.4536	
583	1	7.08	7.08	6.4936	
584	1	7.08	7.08	6.4936	
585	1	7.04	7.04	6.3984	
586	1	7.05	7.05	6.2875	
587	1	7.07	7.07	6.3051	
588	1	7.08	7.08	6.6536	
589	1	7.12	7.12	6.5456	
590	1	7.1	7.1	6.55	
591	1	7.11	7.11	6.6979	
592	1	7.08	7.08	6.6536	
593	1	7.03	7.03	6.5291	
594	1	7.12	7.12	6.3656	
595	1	7.15	7.15	6.8075	
596	1	7.1	7.1	6.73	
597	1	7.09	7.09	6.6619	
598	1	7.07	7.07	6.7251	
599	1	7.09	7.09	6.9819	
600	1	7.08	7.08	6.8936	
601	1	7.05	7.05	6.9275	
602	1	7.05	7.05	6.8675	
603	1	7.01	7.01	6.7899	
604	1	6.95	6.95	6.9075	
605	1	7.06	7.06	6.5764	
606	1	7.08	7.08	6.5536	
607	1	7.04	7.04	6.5584	
608	1	7.21	7.21	6.8059	
609	1	7.08	7.08	7.1536	
610	1	7.1	7.1	7.47	
611	1	7.13	7.13	7.8331	
612	1	7.1	7.1	7.63	
613	1	7.17	7.17	7.7211	
614	1	7.17	7.17	7.6811	
615	1	7.14	7.14	7.6604	
616	1	7.08	7.08	7.5136	
617	1	7.11	7.11	7.5579	
618	1	7.13	7.13	7.4531	
619	1	7.18	7.18	7.5476	
620	1	7.25	7.25	7.7075	
621	1	7.24	7.24	7.8224	
622	1	7.28	7.28	7.8816	
623	1	7.41	7.41	8.1619	
624	1	7.47	7.47	8.4291	
625	1	7.48	7.48	8.5096	
626	1	7.55	7.55	8.3475	
627	1	7.65	7.65	8.5275	
628	1	7.65	7.65	8.5075	
629	1	7.64	7.64	8.5504	
630	1	7.57	7.57	8.4251	
631	1	7.56	7.56	8.3864	
632	1	7.58	7.58	8.5636	
633	1	7.67	7.67	8.8811	
634	1	7.68	7.68	8.9976	
635	1	7.75	7.75	8.9275	
636	1	7.78	7.78	8.8316	
637	1	7.8	7.8	8.98	
638	1	7.83	7.83	8.9011	
639	1	7.87	7.87	9.0931	
640	1	7.93	7.93	9.3051	
641	1	7.88	7.88	9.3056	
642	1	7.82	7.82	8.9476	
643	1	7.65	7.65	8.8075	
644	1	7.66	7.66	8.7244	
645	1	7.71	7.71	8.8259	
646	1	7.76	7.76	8.8624	
647	1	7.75	7.75	9.2675	
648	1	7.76	7.76	9.0824	
649	1	7.72	7.72	9.0416	
650	1	7.66	7.66	8.9844	
651	1	7.73	7.73	9.1171	
652	1	7.74	7.74	9.1524	
653	1	7.77	7.77	9.6571	
654	1	7.79	7.79	9.6059	
655	1	7.75	7.75	9.5475	
656	1	7.78	7.78	9.5916	
657	1	7.92	7.92	9.5736	
658	1	7.94	7.94	9.7764	
659	1	7.91	7.91	9.8219	
660	1	7.91	7.91	10.1019	
661	1	7.96	7.96	10.0784	
662	1	7.97	7.97	10.4091	
663	1	7.93	7.93	10.5451	
664	1	7.95	7.95	10.7875	
665	1	7.99	7.99	10.8699	
666	1	8.05	8.05	10.9275	
667	1	8.06	8.06	10.9564	
668	1	8.16	8.16	11.3344	
669	1	8.13	8.13	11.8931	
670	1	8.14	8.14	11.9404	
671	1	8.12	8.12	11.8656	
672	1	8.07	8.07	12.1251	
673	1	8.05	8.05	11.9275	
674	1	8.02	8.02	11.5996	
675	1	7.99	7.99	11.7899	
676	1	7.96	7.96	11.5584	
677	1	8.01	8.01	11.6499	
678	1	8.07	8.07	11.8251	
679	1	8.12	8.12	12.1256	
680	1	8.05	8.05	12.0875	
681	1	8.03	8.03	12.5291	
682	1	8.08	8.08	12.5336	
683	1	8.17	8.17	12.5811	
684	1	8.25	8.25	12.4275	
685	1	8.31	8.31	12.1339	
686	1	8.32	8.32	12.1976	
687	1	8.33	8.33	12.3011	
688	1	8.33	8.33	12.8411	
689	1	8.36	8.36	12.9904	
690	1	8.38	8.38	13.3956	
691	1	8.39	8.39	13.5579	
692	1	8.45	8.45	13.8875	
693	1	8.43	8.43	13.8251	
694	1	8.43	8.43	13.5651	
695	1	8.39	8.39	13.4579	
696	1	8.43	8.43	13.0851	
697	1	8.5	8.5	13.25	
698	1	8.53	8.53	13.3491	
699	1	8.54	8.54	13.3684	
700	1	8.58	8.58	13.3436	
701	1	8.62	8.62	13.1156	
702	1	8.56	8.56	12.7664	
703	1	8.54	8.54	12.8884	
704	1	8.55	8.55	12.8675	
705	1	8.56	8.56	12.8264	
706	1	8.51	8.51	12.8699	
707	1	8.38	8.38	12.5356	
708	1	8.34	8.34	12.7844	
709	1	8.45	8.45	12.7875	
710	1	8.43	8.43	12.8851	
711	1	8.4	8.4	12.76	
712	1	8.31	8.31	12.5939	
713	1	8.27	8.27	12.5171	
714	1	8.22	8.22	12.4916	
715	1	8.27	8.27	12.3371	
716	1	8.26	8.26	12.4524	
717	1	8.37	8.37	12.7531	
718	1	8.45	8.45	12.7675	
719	1	8.34	8.34	12.7644	
720	1	8.3	8.3	12.71	
721	1	8.22	8.22	12.6916	
722	1	8.2	8.2	12.42	
723	1	8.12	8.12	12.4656	
724	1	8.14	8.14	12.1204	
725	1	8.17	8.17	12.0611	
726	1	8.23	8.23	12.3171	
727	1	8.23	8.23	11.7371	
728	1	8.22	8.22	11.8316	
729	1	8.25	8.25	11.9075	
730	1	8.19	8.19	11.7739	
731	1	8.11	8.11	11.8379	
732	1	8.22	8.22	12.1716	
733	1	8.42	8.42	12.3236	
734	1	8.5	8.5	12.49	
735	1	8.52	8.52	12.8896	
736	1	8.46	8.46	12.9884	
737	1	8.36	8.36	12.6104	
738	1	8.35	8.35	13.2675	
739	1	8.36	8.36	13.3504	
740	1	8.35	8.35	13.1075	
741	1	8.48	8.48	13.0496	
742	1	8.42	8.42	13.0236	
743	1	8.36	8.36	13.1704	
744	1	8.32	8.32	13.0776	
745	1	8.55	8.55	12.8475	
746	1	8.57	8.57	13.2651	
747	1	8.63	8.63	13.2331	
748	1	8.66	8.66	13.3844	
749	1	8.64	8.64	13.0904	
750	1	8.6	8.6	13	
751	1	8.7	8.7	13.41	
752	1	8.56	8.56	13.0064	
753	1	8.5	8.5	12.77	
754	1	8.62	8.62	12.9156	
755	1	8.48	8.48	12.4496	
756	1	8.44	8.44	12.4264	
757	1	8.43	8.43	12.4451	
758	1	8.54	8.54	12.1484	
759	1	8.61	8.61	11.7979	
760	1	8.58	8.58	11.9036	
761	1	8.67	8.67	11.8211	
762	1	8.53	8.53	11.8691	
763	1	8.43	8.43	11.6451	
764	1	8.51	8.51	11.8299	
765	1	8.55	8.55	11.9875	
766	1	8.61	8.61	11.7579	
767	1	8.61	8.61	11.5779	
768	1	8.63	8.63	11.3531	
769	1	8.65	8.65	11.2875	
770	1	8.7	8.7	11.05	
771	1	8.64	8.64	10.5504	
772	1	8.63	8.63	10.5931	
773	1	8.65	8.65	10.5275	
774	1	8.69	8.69	10.0939	
775	1	8.59	8.59	10.0819	
776	1	8.71	8.71	10.3459	
777	1	8.77	8.77	10.2971	
778	1	8.74	8.74	10.1724	
779	1	8.63	8.63	10.0331	
780	1	8.49	8.49	9.8099	
781	1	8.41	8.41	9.8219	
782	1	8.37	8.37	9.7131	
783	1	8.31	8.31	9.6739	
784	1	8.2	8.2	9.2	
785	1	8.18	8.18	8.8476	
786	1	8.15	8.15	8.9075	
787	1	8.11	8.11	9.0979	
788	1	8.03	8.03	9.0291	
789	1	7.99	7.99	8.7099	
790	1	8.04	8.04	9.0184	
791	1	8.01	8.01	9.0299	
792	1	8.1	8.1	9.15	
793	1	8.14	8.14	9.3804	
794	1	8.16	8.16	9.4144	
795	1	8.14	8.14	9.3204	
796	1	8.12	8.12	9.4056	
797	1	8.06	8.06	9.0564	
798	1	8.1	8.1	8.89	
799	1	8.12	8.12	8.7856	
800	1	8.07	8.07	8.5251	
801	1	8.14	8.14	8.6404	
802	1	8.11	8.11	8.3179	
803	1	8.15	8.15	8.2075	
804	1	8.16	8.16	8.1144	
805	1	8.17	8.17	8.0611	
806	1	8.25	8.25	8.3075	
807	1	8.25	8.25	8.0475	
808	1	8.25	8.25	8.3075	
809	1	8.29	8.29	8.3259	
810	1	8.4	8.4	8.26	
811	1	8.45	8.45	9.0075	
812	1	8.56	8.56	9.4464	
813	1	8.58	8.58	9.5436	
814	1	8.62	8.62	9.8756	
815	1	8.77	8.77	10.4371	
816	1	8.74	8.74	10.5124	
817	1	8.8	8.8	10.26	
818	1	8.82	8.82	10.3876	
819	1	8.84	8.84	10.9544	
820	1	8.88	8.88	10.8056	
821	1	8.9	8.9	10.77	
822	1	8.88	8.88	10.5856	
823	1	8.86	8.86	11.2804	
824	1	8.89	8.89	11.3979	
825	1	8.9	8.9	10.69	
826	1	8.87	8.87	10.4931	
827	1	8.97	8.97	10.7291	
828	1	9.14	9.14	10.7804	
829	1	8.96	8.96	10.9184	
830	1	9.13	9.13	10.7731	
831	1	9.26	9.26	10.9124	
832	1	9.22	9.22	11.0116	
833	1	9.23	9.23	10.9771	
834	1	9.14	9.14	10.9604	
835	1	9.08	9.08	11.1336	
836	1	9.08	9.08	11.0536	
837	1	9.13	9.13	11.2331	
838	1	9.12	9.12	11.3656	
839	1	9.18	9.18	11.6076	
840	1	9.14	9.14	12.0804	
841	1	9.13	9.13	11.9331	
842	1	9.11	9.11	11.7979	
843	1	9.18	9.18	11.5276	
844	1	9.14	9.14	11.6204	
845	1	9.17	9.17	11.6411	
846	1	9.19	9.19	11.7139	
847	1	9.09	9.09	11.1219	
848	1	9.16	9.16	11.2944	
849	1	9.08	9.08	11.3536	
850	1	9.09	9.09	11.4419	
851	1	9.03	9.03	11.4091	
852	1	8.95	8.95	10.9875	
853	1	8.86	8.86	10.2404	
854	1	8.75	8.75	10.3475	
855	1	8.82	8.82	10.2276	
856	1	8.83	8.83	10.0211	
857	1	8.78	8.78	9.9716	
858	1	8.81	8.81	9.8339	
859	1	8.78	8.78	9.6916	
860	1	8.77	8.77	9.6971	
861	1	8.75	8.75	9.6875	
862	1	8.76	8.76	9.8424	
863	1	8.76	8.76	10.0824	
864	1	8.85	8.85	10.1475	
865	1	8.91	8.91	10.5619	
866	1	8.95	8.95	10.8475	
867	1	8.97	8.97	10.7691	
868	1	8.97	8.97	10.9091	
869	1	8.98	8.98	10.7996	
870	1	9.07	9.07	10.7251	
871	1	8.89	8.89	10.4779	
872	1	8.92	8.92	10.8136	
873	1	8.88	8.88	11.0056	
874	1	8.88	8.88	10.9856	
875	1	8.93	8.93	11.0251	
876	1	8.97	8.97	11.7291	
877	1	9.01	9.01	11.7099	
878	1	9.01	9.01	11.5099	
879	1	8.97	8.97	11.6291	
880	1	9.01	9.01	11.6099	
881	1	8.96	8.96	11.8184	
882	1	8.96	8.96	11.5784	
883	1	8.97	8.97	12.0091	
884	1	8.98	8.98	11.8996	
885	1	8.99	8.99	11.8699	
886	1	8.97	8.97	11.8691	
887	1	8.95	8.95	11.5075	
888	1	8.99	8.99	11.6499	
889	1	8.99	8.99	11.8299	
890	1	9.12	9.12	12.0656	
891	1	9.21	9.21	12.4459	
892	1	9.28	9.28	12.8216	
893	1	9.27	9.27	12.6571	
894	1	9.28	9.28	12.6216	
895	1	9.32	9.32	12.6776	
896	1	9.4	9.4	13.16	
897	1	9.35	9.35	13.2275	
898	1	9.37	9.37	12.9731	
899	1	9.41	9.41	13.1419	
900	1	9.43	9.43	13.5051	
901	1	9.34	9.34	13.1244	
902	1	9.28	9.28	13.2816	
903	1	9.29	9.29	13.2459	
904	1	9.38	9.38	12.8356	
905	1	9.38	9.38	12.6156	
906	1	9.36	9.36	12.4504	
907	1	9.41	9.41	12.4019	
908	1	9.41	9.41	12.2819	
909	1	9.44	9.44	12.3264	
910	1	9.42	9.42	12.4036	
911	1	9.43	9.43	12.3651	
912	1	9.48	9.48	12.1296	
913	1	9.53	9.53	12.0691	
914	1	9.58	9.58	12.1636	
915	1	9.62	9.62	11.9756	
916	1	9.62	9.62	11.7956	
917	1	9.71	9.71	11.9659	
918	1	9.75	9.75	11.9275	
919	1	9.76	9.76	12.1424	
920	1	9.86	9.86	12.9204	
921	1	9.85	9.85	12.9875	
922	1	9.85	9.85	12.9875	
923	1	9.89	9.89	12.6779	
924	1	9.94	9.94	12.9564	
925	1	9.94	9.94	12.8364	
926	1	9.95	9.95	12.7875	
927	1	9.99	9.99	12.5899	
928	1	10.04	10.04	13.2384	
929	1	10.02	10.02	12.7596	
930	1	10.09	10.09	12.5619	
931	1	10.07	10.07	12.4251	
932	1	10.11	10.11	12.0979	
933	1	10.14	10.14	12.3804	
934	1	10.19	10.19	13.1939	
935	1	10.26	10.26	13.1924	
936	1	10.19	10.19	12.9339	
937	1	10.27	10.27	12.7771	
938	1	10.31	10.31	12.6139	
939	1	10.32	10.32	12.8576	
940	1	10.34	10.34	13.6444	
941	1	10.47	10.47	13.4891	
942	1	10.45	10.45	12.9675	
943	1	10.4	10.4	12.76	
944	1	10.47	10.47	13.4491	
945	1	10.53	10.53	13.4491	
946	1	10.45	10.45	13.6075	
947	1	10.37	10.37	13.7531	
948	1	10.42	10.42	13.6436	
949	1	10.39	10.39	14.2579	
950	1	10.39	10.39	14.4179	
951	1	10.37	10.37	14.5531	
952	1	10.41	10.41	14.2619	
953	1	10.41	10.41	14.2019	
954	1	10.37	10.37	14.3931	
955	1	10.41	10.41	15.3819	
956	1	10.42	10.42	15.7236	
957	1	10.42	10.42	16.3836	
958	1	10.36	10.36	16.4504	
959	1	10.35	10.35	16.2075	
960	1	10.36	10.36	16.1104	
961	1	10.37	10.37	16.0331	
962	1	10.4	10.4	16.32	
963	1	10.45	10.45	16.2475	
964	1	10.6	10.6	16.32	
965	1	10.67	10.67	16.2811	
966	1	10.59	10.59	15.3619	
967	1	10.6	10.6	15.64	
968	1	10.49	10.49	15.5699	
969	1	10.51	10.51	15.9699	
970	1	10.52	10.52	16.0696	
971	1	10.6	10.6	16.32	
972	1	10.52	10.52	16.3296	
973	1	10.58	10.58	16.6436	
974	1	10.58	10.58	16.6036	
975	1	10.59	10.59	16.6019	
976	1	10.68	10.68	16.5576	
977	1	10.59	10.59	16.6819	
978	1	10.51	10.51	16.1899	
979	1	10.66	10.66	16.3244	
980	1	10.66	10.66	16.3444	
981	1	10.6	10.6	15.8	
982	1	10.56	10.56	15.4864	
983	1	10.54	10.54	15.2084	
984	1	10.61	10.61	16.0179	
985	1	10.58	10.58	15.8436	
986	1	10.54	10.54	15.3884	
987	1	10.6	10.6	15.1	
988	1	10.65	10.65	15.0475	
989	1	10.51	10.51	15.3299	
990	1	10.44	10.44	15.9464	
991	1	10.48	10.48	16.1696	
992	1	10.49	10.49	16.3299	
993	1	10.48	10.48	16.4696	
994	1	10.46	10.46	15.9884	
995	1	10.47	10.47	15.9291	
996	1	10.66	10.66	16.3044	
997	1	10.76	10.76	16.3824	
998	1	10.73	10.73	16.5771	
999	1	10.7	10.7	16.69	
1000	1	10.73	10.73	16.9571	
1001	1	10.76	10.76	16.9824	
1002	1	10.86	10.86	17.5204	
1003	1	10.81	10.81	16.9939	
1004	1	10.87	10.87	17.6131	
1005	1	10.78	10.78	17.8516	
1006	1	10.77	10.77	17.8771	
1007	1	10.81	10.81	18.1539	
1008	1	10.79	10.79	18.2859	
1009	1	10.83	10.83	19.2611	
1010	1	10.82	10.82	19.2676	
1011	1	11.02	11.02	19.9196	
1012	1	10.88	10.88	19.2056	
1013	1	10.87	10.87	19.5531	
1014	1	10.8	10.8	19.42	
1015	1	10.9	10.9	19.85	
1016	1	10.89	10.89	19.6579	
1017	1	10.87	10.87	19.8731	
1018	1	10.96	10.96	19.7984	
1019	1	11.05	11.05	20.6275	
1020	1	11.08	11.08	20.4336	
1021	1	11.03	11.03	20.5091	
1022	1	11.12	11.12	21.2456	
1023	1	11.13	11.13	21.1931	
1024	1	11.12	11.12	21.2456	
1025	1	11.14	11.14	21.8004	
1026	1	11.13	11.13	21.3531	
1027	1	11.17	11.17	21.5811	
1028	1	11.17	11.17	21.5611	
1029	1	11.17	11.17	22.1411	
1030	1	11.22	11.22	21.4116	
1031	1	11.26	11.26	21.8124	
1032	1	11.3	11.3	22.21	
1033	1	11.32	11.32	22.2576	
1034	1	11.28	11.28	22.1416	
1035	1	11.3	11.3	21.87	
1036	1	11.29	11.29	21.5259	
1037	1	11.26	11.26	21.3724	
1038	1	11.26	11.26	21.3724	
1039	1	11.3	11.3	20.89	
1040	1	11.27	11.27	21.1971	
1041	1	11.15	11.15	20.7675	
1042	1	11.17	11.17	20.1611	
1043	1	11.29	11.29	19.8659	
1044	1	11.34	11.34	20.2244	
1045	1	11.32	11.32	20.0176	
1046	1	11.21	11.21	20.3059	
1047	1	11.17	11.17	20.8011	
1048	1	11.35	11.35	20.6875	
1049	1	11.34	11.34	20.8444	
1050	1	11.35	11.35	21.1075	
1051	1	11.41	11.41	20.6619	
1052	1	11.33	11.33	20.4611	
1053	1	11.41	11.41	20.2419	
1054	1	11.45	11.45	20.6675	
1055	1	11.59	11.59	19.8819	
1056	1	11.65	11.65	18.7875	
1057	1	11.7	11.7	18.41	
1058	1	11.61	11.61	18.5779	
1059	1	11.7	11.7	19.09	
1060	1	11.74	11.74	18.8724	
1061	1	11.74	11.74	19.2524	
1062	1	11.75	11.75	19.1675	
1063	1	11.69	11.69	19.3539	
1064	1	11.67	11.67	19.0811	
1065	1	11.68	11.68	19.0976	
1066	1	11.76	11.76	18.8824	
1067	1	11.87	11.87	18.3931	
1068	1	11.88	11.88	17.2056	
1069	1	11.82	11.82	17.4076	
1070	1	11.8	11.8	17.52	
1071	1	11.94	11.94	17.6164	
1072	1	11.94	11.94	17.9764	
1073	1	11.93	11.93	17.9651	
1074	1	11.97	11.97	18.3091	
1075	1	12.07	12.07	18.1451	
1076	1	12.05	12.05	18.5075	
1077	1	11.97	11.97	17.9091	
1078	1	11.77	11.77	18.2171	
1079	1	11.76	11.76	18.6824	
1080	1	11.78	11.78	18.4116	
1081	1	11.74	11.74	18.0324	
1082	1	11.75	11.75	17.9675	
1083	1	11.77	11.77	18.2771	
1084	1	11.74	11.74	17.5124	
1085	1	11.82	11.82	17.5676	
1086	1	11.82	11.82	17.5676	
1087	1	11.93	11.93	17.4251	
1088	1	12.07	12.07	17.6851	
1089	1	12.18	12.18	17.9276	
1090	1	12.2	12.2	17.88	
1091	1	12.17	12.17	17.2011	
1092	1	12.08	12.08	17.1536	
1093	1	12.07	12.07	17.2051	
1094	1	12.1	12.1	16.29	
1095	1	12.18	12.18	16.6276	
1096	1	12.22	12.22	16.5916	
1097	1	12.26	12.26	16.4724	
1098	1	12.23	12.23	16.4371	
1099	1	12.24	12.24	16.2824	
1100	1	11.98	11.98	16.3196	
1101	1	12.02	12.02	16.1796	
1102	1	12.02	12.02	16.0796	
1103	1	12.11	12.11	15.7379	
1104	1	12.12	12.12	15.7856	
1105	1	12.16	12.16	15.4944	
1106	1	12.26	12.26	15.4724	
1107	1	12.26	12.26	15.3924	
1108	1	12.23	12.23	15.4371	
1109	1	12.27	12.27	15.1771	
1110	1	12.21	12.21	15.0059	
1111	1	12.09	12.09	14.9019	
1112	1	12.06	12.06	14.0564	
1113	1	12.11	12.11	13.9979	
1114	1	12.03	12.03	13.9491	
1115	1	12.04	12.04	13.6984	
1116	1	12.01	12.01	14.3899	
1117	1	11.89	11.89	14.5179	
1118	1	11.98	11.98	15.0796	
1119	1	12.01	12.01	15.2899	
1120	1	11.97	11.97	15.2091	
1121	1	11.92	11.92	14.8136	
1122	1	11.96	11.96	14.4584	
1123	1	12.09	12.09	14.4019	
1124	1	12.06	12.06	14.3564	
1125	1	12.02	12.02	13.6196	
1126	1	11.98	11.98	13.7396	
1127	1	12.05	12.05	14.0475	
1128	1	12.04	12.04	13.6784	
1129	1	12	12	13.3	
1130	1	12.01	12.01	13.1699	
1131	1	12.01	12.01	13.2499	
1132	1	12.02	12.02	13.6196	
1133	1	11.99	11.99	13.7099	
1134	1	12.04	12.04	13.6384	
1135	1	12.05	12.05	13.8875	
1136	1	11.99	11.99	13.1499	
1137	1	12.09	12.09	12.7219	
1138	1	12.11	12.11	12.6179	
1139	1	12.18	12.18	12.5676	
1140	1	12.23	12.23	12.6371	
1141	1	12.28	12.28	12.7216	
1142	1	12.37	12.37	12.7931	
1143	1	12.47	12.47	12.5291	
1144	1	12.44	12.44	12.4864	
1145	1	12.49	12.49	12.4899	
1146	1	12.31	12.31	13.4539	
1147	1	12.48	12.48	14.0696	
1148	1	12.43	12.43	13.4851	
1149	1	12.44	12.44	13.4264	
1150	1	12.59	12.59	13.8419	
1151	1	12.61	12.61	13.6979	
1152	1	12.63	12.63	13.6731	
1153	1	12.68	12.68	13.8376	
1154	1	12.48	12.48	12.8296	
1155	1	12.46	12.46	12.7084	
1156	1	12.54	12.54	13.2684	
1157	1	12.47	12.47	12.8291	
1158	1	12.57	12.57	13.0651	
1159	1	12.79	12.79	12.8259	
1160	1	12.77	12.77	12.8971	
1161	1	12.71	12.71	12.8859	
1162	1	12.72	12.72	12.8416	
1163	1	12.73	12.73	12.8171	
1164	1	12.9	12.9	12.93	
1165	1	12.75	12.75	13.0275	
1166	1	12.76	12.76	13.5424	
1167	1	12.78	12.78	14.1116	
1168	1	12.88	12.88	13.8656	
1169	1	12.89	12.89	13.6179	
1170	1	12.95	12.95	13.8275	
1171	1	13.05	13.05	14.5875	
1172	1	12.99	12.99	14.4499	
1173	1	12.93	12.93	14.0851	
1174	1	13.06	13.06	14.8564	
1175	1	13.07	13.07	14.7851	
1176	1	13.23	13.23	14.5571	
1177	1	13.22	13.22	14.7116	
1178	1	13.23	13.23	14.7571	
1179	1	13.19	13.19	14.2339	
1180	1	13.15	13.15	14.3675	
1181	1	12.97	12.97	14.3691	
1182	1	12.91	12.91	14.8219	
1183	1	13.12	13.12	14.5656	
1184	1	13.2	13.2	14.2	
1185	1	13.08	13.08	14.5136	
1186	1	12.97	12.97	13.9091	
1187	1	13.07	13.07	13.6051	
1188	1	13.06	13.06	13.4964	
1189	1	13.17	13.17	13.2211	
1190	1	13.14	13.14	13.7004	
1191	1	13.16	13.16	13.6744	
1192	1	13.12	13.12	13.8056	
1193	1	13.06	13.06	13.8564	
1194	1	12.96	12.96	13.8784	
1195	1	12.94	12.94	13.1564	
1196	1	12.93	12.93	14.0051	
1197	1	12.88	12.88	14.3256	
1198	1	12.89	12.89	14.3179	
1199	1	12.92	12.92	14.2536	
1200	1	13.08	13.08	14.1136	
1201	1	13.12	13.12	14.1656	
1202	1	13.14	13.14	14.4004	
1203	1	13.05	13.05	14.8075	
1204	1	12.96	12.96	14.7184	
1205	1	13.04	13.04	14.8384	
1206	1	13.16	13.16	14.7544	
1207	1	13.27	13.27	14.0771	
1208	1	13.31	13.31	14.4139	
1209	1	13.44	13.44	14.1464	
1210	1	13.45	13.45	13.9675	
1211	1	13.47	13.47	14.0691	
1212	1	13.56	13.56	13.8664	
1213	1	13.44	13.44	13.5064	
1214	1	13.37	13.37	13.1731	
1215	1	13.22	13.22	13.4116	
1216	1	13.25	13.25	13.5275	
1217	1	13.46	13.46	13.7284	
1218	1	13.61	13.61	13.6779	
1219	1	13.68	13.68	13.4176	
1220	1	13.65	13.65	12.9875	
1221	1	13.5	13.5	12.11	
1222	1	13.63	13.63	12.2531	
1223	1	13.73	13.73	12.4571	
1224	1	13.57	13.57	12.2851	
1225	1	13.57	13.57	12.5451	
1226	1	13.61	13.61	12.5379	
1227	1	13.78	13.78	13.1516	
1228	1	13.85	13.85	13.0475	
1229	1	13.84	13.84	12.8744	
1230	1	13.82	13.82	12.3876	
1231	1	13.92	13.92	12.4936	
1232	1	13.78	13.78	12.7916	
1233	1	13.48	13.48	12.9696	
1234	1	13.53	13.53	12.9491	
1235	1	13.38	13.38	13.0356	
1236	1	13.55	13.55	13.9875	
1237	1	13.48	13.48	13.8896	
1238	1	13.46	13.46	13.6284	
1239	1	13.38	13.38	13.6956	
1240	1	13.34	13.34	13.7844	
1241	1	13.45	13.45	13.4675	
1242	1	13.39	13.39	13.3579	
1243	1	13.4	13.4	13.56	
1244	1	13.29	13.29	13.6459	
1245	1	13.37	13.37	13.3931	
1246	1	13.32	13.32	13.1576	
1247	1	13.27	13.27	12.9171	
1248	1	13.19	13.19	12.8339	
1249	1	13.16	13.16	12.6744	
1250	1	13.02	13.02	12.3796	
1251	1	13.13	13.13	12.1331	
1252	1	13.16	13.16	12.1344	
1253	1	13.28	13.28	12.9416	
1254	1	13.36	13.36	12.3504	
1255	1	13.31	13.31	12.1339	
1256	1	13.2	13.2	12	
1257	1	13.22	13.22	12.3516	
1258	1	13.32	13.32	12.5376	
1259	1	13.25	13.25	12.4075	
1260	1	13.27	13.27	12.8171	
1261	1	13.32	13.32	12.9776	
1262	1	13.3	13.3	12.65	
1263	1	13.29	13.29	12.4259	
1264	1	13.44	13.44	13.2464	
1265	1	13.42	13.42	13.3436	
1266	1	13.48	13.48	13.1696	
1267	1	13.58	13.58	13.9036	
1268	1	13.66	13.66	13.6044	
1269	1	13.69	13.69	13.8739	
1270	1	13.71	13.71	13.6859	
1271	1	13.8	13.8	13.5	
1272	1	13.86	13.86	13.8804	
1273	1	13.7	13.7	14.27	
1274	1	13.7	13.7	14.65	
1275	1	13.58	13.58	14.3036	
1276	1	13.5	13.5	14.53	
1277	1	13.6	13.6	14.74	
1278	1	13.68	13.68	15.4576	
1279	1	13.65	13.65	15.6275	
1280	1	13.7	13.7	15.37	
1281	1	13.61	13.61	14.9979	
1282	1	13.7	13.7	15.09	
1283	1	13.63	13.63	15.0131	
1284	1	13.73	13.73	14.6971	
1285	1	13.72	13.72	14.7616	
1286	1	13.67	13.67	15.0211	
1287	1	13.81	13.81	15.4339	
1288	1	13.77	13.77	15.6171	
1289	1	13.69	13.69	15.4139	
1290	1	13.75	13.75	15.6475	
1291	1	13.56	13.56	15.4864	
1292	1	13.63	13.63	15.6131	
1293	1	13.7	13.7	15.79	
1294	1	13.72	13.72	15.7816	
1295	1	13.77	13.77	15.6371	
1296	1	13.75	13.75	15.7675	
1297	1	13.71	13.71	15.9459	
1298	1	13.79	13.79	16.0859	
1299	1	13.81	13.81	15.9339	
1300	1	13.83	13.83	15.7611	
1301	1	13.92	13.92	15.8536	
1302	1	13.93	13.93	16.1051	
1303	1	13.92	13.92	16.2736	
1304	1	13.97	13.97	16.2491	
1305	1	13.95	13.95	16.3075	
1306	1	13.82	13.82	15.9876	
1307	1	13.72	13.72	15.7216	
1308	1	13.73	13.73	15.6371	
1309	1	13.65	13.65	15.3875	
1310	1	13.72	13.72	15.2216	
1311	1	13.69	13.69	15.2139	
1312	1	13.51	13.51	14.6899	
1313	1	13.5	13.5	15.01	
1314	1	13.52	13.52	14.9096	
1315	1	13.56	13.56	15.3064	
1316	1	13.42	13.42	14.7836	
1317	1	13.29	13.29	13.9459	
1318	1	13.33	13.33	14.0811	
1319	1	13.42	13.42	14.0636	
1320	1	13.39	13.39	14.1179	
1321	1	13.45	13.45	13.9875	
1322	1	13.61	13.61	14.2379	
1323	1	13.62	13.62	14.4956	
1324	1	13.5	13.5	13.73	
1325	1	13.45	13.45	12.8675	
1326	1	13.45	13.45	12.6475	
1327	1	13.49	13.49	12.7099	
1328	1	13.64	13.64	13.3904	
1329	1	13.65	13.65	13.2675	
1330	1	13.55	13.55	13.3075	
1331	1	13.72	13.72	13.8616	
1332	1	13.88	13.88	14.0656	
1333	1	13.99	13.99	14.5299	
1334	1	14.05	14.05	14.3875	
1335	1	14.07	14.07	14.7251	
1336	1	14.06	14.06	14.6764	
1337	1	14.11	14.11	14.8779	
1338	1	14.04	14.04	14.2384	
1339	1	14.16	14.16	14.0144	
1340	1	14.19	14.19	13.9539	
1341	1	14.07	14.07	13.4651	
1342	1	14.04	14.04	13.5584	
1343	1	14.02	14.02	13.5996	
1344	1	14.01	14.01	14.1299	
1345	1	14.07	14.07	14.3051	
1346	1	14.13	14.13	13.9931	
1347	1	14.12	14.12	13.3456	
1348	1	14.13	14.13	13.5131	
1349	1	14.32	14.32	13.3576	
1350	1	14.34	14.34	13.3644	
1351	1	14.41	14.41	13.8619	
1352	1	14.32	14.32	14.1376	
1353	1	14.35	14.35	14.1475	
1354	1	14.35	14.35	14.2675	
1355	1	14.32	14.32	13.9776	
1356	1	14.28	14.28	13.6416	
1357	1	14.24	14.24	13.6424	
1358	1	14.3	14.3	13.41	
1359	1	14.43	14.43	13.2451	
1360	1	14.43	14.43	13.2251	
1361	1	14.49	14.49	13.5899	
1362	1	14.49	14.49	13.2699	
1363	1	14.47	14.47	13.1891	
1364	1	14.69	14.69	14.0339	
1365	1	14.72	14.72	13.9616	
1366	1	14.73	14.73	14.2371	
1367	1	14.82	14.82	13.9076	
1368	1	14.84	14.84	13.9944	
1369	1	14.87	14.87	13.7131	
1370	1	14.91	14.91	13.5219	
1371	1	14.93	14.93	13.2051	
1372	1	15.01	15.01	13.5099	
1373	1	15.07	15.07	13.6651	
1374	1	15.04	15.04	13.6384	
1375	1	15.04	15.04	13.8384	
1376	1	15.08	15.08	13.7336	
1377	1	15.17	15.17	13.7211	
1378	1	15.04	15.04	13.3784	
1379	1	15.04	15.04	13.5184	
1380	1	15.25	15.25	14.9675	
1381	1	15.35	15.35	14.6275	
1382	1	15.38	15.38	14.5156	
1383	1	15.3	15.3	14.41	
1384	1	15.35	15.35	14.4875	
1385	1	15.41	15.41	14.4819	
1386	1	15.45	15.45	14.2875	
1387	1	15.42	15.42	14.2636	
1388	1	15.51	15.51	14.1299	
1389	1	15.56	15.56	13.5664	
1390	1	15.56	15.56	13.6064	
1391	1	15.59	15.59	13.7619	
1392	1	15.51	15.51	13.7099	
1393	1	15.6	15.6	14.18	
1394	1	15.65	15.65	13.6675	
1395	1	15.72	15.72	14.0216	
1396	1	15.66	15.66	14.1444	
1397	1	15.73	15.73	14.0971	
1398	1	15.8	15.8	13.72	
1399	1	15.86	15.86	13.6804	
1400	1	15.87	15.87	13.5331	
1401	1	15.85	15.85	13.5675	
1402	1	15.99	15.99	13.0899	
1403	1	15.92	15.92	13.4736	
1404	1	15.85	15.85	13.5675	
1405	1	15.92	15.92	13.3136	
1406	1	15.92	15.92	13.3136	
1407	1	15.96	15.96	13.6384	
1408	1	15.89	15.89	13.8379	
1409	1	15.9	15.9	14.11	
1410	1	15.9	15.9	14.11	
1411	1	16	16	14	
1412	1	16.01	16.01	13.8299	
1413	1	16.06	16.06	13.9764	
1414	1	16.23	16.23	13.5171	
1415	1	16.32	16.32	13.9976	
1416	1	16.29	16.29	14.2259	
1417	1	16.26	16.26	14.1724	
1418	1	16.24	16.24	13.8224	
1419	1	16.28	16.28	13.4016	
1420	1	16.38	16.38	12.9356	
1421	1	16.39	16.39	12.5579	
1422	1	16.41	16.41	12.5019	
1423	1	16.43	16.43	12.6051	
1424	1	16.62	16.62	13.1556	
1425	1	16.41	16.41	12.8819	
1426	1	16.4	16.4	12.76	
1427	1	16.48	16.48	12.6496	
1428	1	16.42	16.42	12.0236	
1429	1	16.51	16.51	11.6299	
1430	1	16.5	16.5	11.29	
1431	1	16.46	16.46	11.6484	
1432	1	16.48	16.48	12.0696	
1433	1	16.53	16.53	11.9891	
1434	1	16.52	16.52	11.2296	
1435	1	16.51	16.51	11.1899	
1436	1	16.58	16.58	11.1436	
1437	1	16.58	16.58	11.1036	
1438	1	16.72	16.72	10.3816	
1439	1	16.78	16.78	10.0516	
1440	1	16.72	16.72	10.2616	
1441	1	16.72	16.72	10.3416	
1442	1	16.68	16.68	10.0776	
1443	1	16.68	16.68	10.0376	
1444	1	16.58	16.58	9.7036	
1445	1	16.7	16.7	9.93	
1446	1	16.69	16.69	9.9139	
1447	1	16.8	16.8	8.62	
1448	1	16.76	16.76	8.9224	
1449	1	16.8	16.8	8.76	
1450	1	16.84	16.84	8.8944	
1451	1	16.85	16.85	8.8475	
1452	1	16.81	16.81	8.4539	
1453	1	16.88	16.88	7.9656	
1454	1	16.85	16.85	7.9475	
1455	1	16.93	16.93	7.7251	
1456	1	17.01	17.01	7.8499	
1457	1	17.02	17.02	7.2996	
1458	1	17.04	17.04	7.3984	
1459	1	17.01	17.01	7.3899	
1460	1	17.05	17.05	7.3475	
1461	1	17.03	17.03	7.1491	
1462	1	17.18	17.18	7.4676	
1463	1	17.14	17.14	7.5404	
1464	1	17.22	17.22	8.0716	
1465	1	17.27	17.27	7.9371	
1466	1	17.28	17.28	8.0216	
1467	1	17.33	17.33	7.9811	
1468	1	17.32	17.32	7.6176	
1469	1	17.32	17.32	7.5776	
1470	1	17.22	17.22	8.1916	
1471	1	17.24	17.24	7.0824	
1472	1	17.22	17.22	7.1316	
1473	1	17.22	17.22	7.2116	
1474	1	17.25	17.25	6.9075	
1475	1	17.33	17.33	6.5211	
1476	1	17.39	17.39	6.5379	
1477	1	17.27	17.27	6.2571	
1478	1	17.21	17.21	6.9459	
1479	1	17.24	17.24	6.8424	
1480	1	17.27	17.27	7.0571	
1481	1	17.23	17.23	7.2371	
1482	1	17.19	17.19	8.2339	
1483	1	17.27	17.27	8.4371	
1484	1	17.29	17.29	8.4859	
1485	1	17.3	17.3	8.53	
1486	1	17.29	17.29	8.6259	
1487	1	17.27	17.27	8.9771	
1488	1	17.23	17.23	8.5371	
1489	1	17.19	17.19	8.3939	
1490	1	17.17	17.17	8.3611	
1491	1	17.15	17.15	7.8275	
1492	1	17.22	17.22	8.0316	
1493	1	17.29	17.29	7.9459	
1494	1	17.19	17.19	8.1139	
1495	1	17.27	17.27	6.5171	
1496	1	17.31	17.31	6.4939	
1497	1	17.29	17.29	6.4459	
1498	1	17.32	17.32	6.9576	
1499	1	17.33	17.33	7.1211	
1500	1	17.33	17.33	7.2411	
1501	1	17.45	17.45	6.8875	
1502	1	17.3	17.3	7.55	
1503	1	17.29	17.29	7.5259	
1504	1	17.33	17.33	7.6411	
1505	1	17.3	17.3	7.55	
1506	1	17.37	17.37	7.9731	
1507	1	17.38	17.38	7.9156	
1508	1	17.37	17.37	7.8131	
1509	1	17.28	17.28	7.4216	
1510	1	17.26	17.26	7.5124	
1511	1	17.39	17.39	6.8579	
1512	1	17.37	17.37	7.0131	
1513	1	17.24	17.24	7.5424	
1514	1	17.25	17.25	7.5075	
1515	1	17.31	17.31	7.2539	
1516	1	17.21	17.21	6.7459	
1517	1	17.27	17.27	6.5771	
1518	1	17.33	17.33	6.5611	
1519	1	17.32	17.32	6.3976	
1520	1	17.37	17.37	6.4331	
1521	1	17.34	17.34	6.4844	
1522	1	17.43	17.43	6.7051	
1523	1	17.45	17.45	6.2075	
1524	1	17.4	17.4	6.14	
1525	1	17.42	17.42	6.1836	
1526	1	17.38	17.38	6.1756	
1527	1	17.45	17.45	6.0475	
1528	1	17.42	17.42	6.1236	
1529	1	17.41	17.41	6.0819	
1530	1	17.4	17.4	6.24	
1531	1	17.42	17.42	6.2236	
1532	1	17.45	17.45	6.1875	
1533	1	17.31	17.31	5.9339	
1534	1	17.35	17.35	5.9275	
1535	1	17.38	17.38	5.6956	
1536	1	17.4	17.4	5.7	
1537	1	17.46	17.46	5.0284	
1538	1	17.5	17.5	4.97	
1539	1	17.5	17.5	5.15	
1540	1	17.44	17.44	5.0864	
1541	1	17.51	17.51	5.6099	
1542	1	17.58	17.58	5.6636	
1543	1	17.62	17.62	5.5156	
1544	1	17.6	17.6	5.62	
1545	1	17.58	17.58	5.7236	
1546	1	17.6	17.6	5.74	
1547	1	17.72	17.72	6.1416	
1548	1	17.83	17.83	6.3611	
1549	1	17.85	17.85	6.5275	
1550	1	17.82	17.82	6.4076	
1551	1	17.79	17.79	6.4859	
1552	1	17.74	17.74	6.3924	
1553	1	17.71	17.71	6.5259	
1554	1	17.6	17.6	6.46	
1555	1	17.65	17.65	6.5675	
1556	1	17.58	17.58	6.7036	
1557	1	17.61	17.61	6.6579	
1558	1	17.68	17.68	6.6976	
1559	1	17.6	17.6	7.22	
1560	1	17.54	17.54	7.1884	
1561	1	17.41	17.41	7.7619	
1562	1	17.38	17.38	8.4356	
1563	1	17.39	17.39	8.5979	
1564	1	17.38	17.38	8.5756	
1565	1	17.27	17.27	8.5371	
1566	1	17.24	17.24	8.6024	
1567	1	17.33	17.33	8.5611	
1568	1	17.4	17.4	8.98	
1569	1	17.55	17.55	8.1875	
1570	1	17.5	17.5	8.27	
1571	1	17.54	17.54	8.0484	
1572	1	17.68	17.68	8.6176	
1573	1	17.69	17.69	8.4939	
1574	1	17.78	17.78	8.9316	
1575	1	17.77	17.77	8.9771	
1576	1	17.8	17.8	9.18	
1577	1	17.81	17.81	9.0939	
1578	1	17.78	17.78	9.0516	
1579	1	17.92	17.92	8.8136	
1580	1	17.96	17.96	9.1984	
1581	1	17.86	17.86	8.9004	
1582	1	17.86	17.86	8.8404	
1583	1	17.89	17.89	9.1379	
1584	1	18.06	18.06	8.2964	
1585	1	18.07	18.07	8.2251	
1586	1	18.13	18.13	8.2331	
1587	1	18.17	18.17	8.2211	
1588	1	18.15	18.15	8.2275	
1589	1	18.11	18.11	8.3779	
1590	1	18.16	18.16	8.2144	
1591	1	18.19	18.19	8.2539	
1592	1	18.3	18.3	8.01	
1593	1	18.34	18.34	7.9844	
1594	1	18.39	18.39	7.9379	
1595	1	18.37	18.37	7.4931	
1596	1	18.34	18.34	7.6044	
1597	1	18.25	18.25	7.2875	
1598	1	18.16	18.16	7.5744	
1599	1	18.18	18.18	7.5476	
1600	1	18.21	18.21	7.3859	
1601	1	18.2	18.2	7.5	
1602	1	18.18	18.18	7.7676	
1603	1	18.24	18.24	7.9224	
1604	1	18.2	18.2	8.02	
1605	1	18.27	18.27	8.3971	
1606	1	18.28	18.28	8.3616	
1607	1	18.26	18.26	8.5524	
1608	1	18.2	18.2	8.7	
1609	1	18.26	18.26	8.6124	
1610	1	18.31	18.31	8.5939	
1611	1	18.28	18.28	8.3016	
1612	1	18.3	18.3	8.17	
1613	1	18.46	18.46	7.8084	
1614	1	18.49	18.49	8.2099	
1615	1	18.67	18.67	8.0811	
1616	1	18.69	18.69	7.9539	
1617	1	18.77	18.77	8.0371	
1618	1	18.71	18.71	7.8059	
1619	1	18.82	18.82	8.1076	
1620	1	18.71	18.71	7.8859	
1621	1	18.73	18.73	8.4571	
1622	1	18.82	18.82	8.6276	
1623	1	18.86	18.86	8.6404	
1624	1	18.85	18.85	8.5475	
1625	1	18.88	18.88	8.7056	
1626	1	18.88	18.88	8.5856	
1627	1	18.9	18.9	8.43	
1628	1	18.89	18.89	9.2979	
1629	1	18.89	18.89	9.3179	
1630	1	19.07	19.07	8.2051	
1631	1	19.06	19.06	8.2564	
1632	1	19.06	19.06	8.0564	
1633	1	19.06	19.06	7.9364	
1634	1	19.02	19.02	7.7796	
1635	1	19.04	19.04	7.7184	
1636	1	18.99	18.99	7.7499	
1637	1	18.98	18.98	7.9996	
1638	1	18.78	18.78	8.6316	
1639	1	18.81	18.81	8.9339	
1640	1	18.78	18.78	9.0916	
1641	1	18.79	18.79	7.3259	
1642	1	18.8	18.8	7.28	
1643	1	18.88	18.88	6.7256	
1644	1	18.69	18.69	6.9939	
1645	1	18.83	18.83	6.3011	
1646	1	18.94	18.94	6.9764	
1647	1	18.91	18.91	6.2819	
1648	1	19.04	19.04	6.3384	
1649	1	18.93	18.93	6.5251	
1650	1	18.99	18.99	6.4299	
1651	1	18.92	18.92	6.4736	
1652	1	18.86	18.86	6.6404	
1653	1	19.03	19.03	6.9091	
1654	1	19.07	19.07	7.2851	
1655	1	19.05	19.05	7.3275	
1656	1	19.08	19.08	7.7136	
1657	1	18.98	18.98	7.4596	
1658	1	18.98	18.98	7.4596	
1659	1	18.98	18.98	7.4596	
1660	1	19.03	19.03	7.7491	
1661	1	19.02	19.02	7.8996	
1662	1	18.94	18.94	7.6364	
1663	1	18.93	18.93	7.4051	
1664	1	19	19	7.72	
1665	1	18.99	18.99	7.7099	
1666	1	18.99	18.99	7.8499	
1667	1	19.02	19.02	7.7196	
1668	1	18.96	18.96	7.8584	
1669	1	18.98	18.98	7.6796	
1670	1	19.02	19.02	7.9596	
1671	1	18.9	18.9	8.27	
1672	1	18.91	18.91	8.3019	
1673	1	18.84	18.84	7.6344	
1674	1	18.73	18.73	6.4971	
1675	1	18.82	18.82	6.8876	
1676	1	18.9	18.9	7.01	
1677	1	18.94	18.94	7.3164	
1678	1	18.95	18.95	7.2875	
1679	1	18.86	18.86	6.7804	
1680	1	18.9	18.9	6.83	
1681	1	18.89	18.89	6.8779	
1682	1	18.87	18.87	7.3131	
1683	1	18.87	18.87	7.3331	
1684	1	18.77	18.77	7.0971	
1685	1	18.63	18.63	7.0931	
1686	1	18.72	18.72	7.6216	
1687	1	18.71	18.71	7.1459	
1688	1	18.76	18.76	6.9224	
1689	1	18.76	18.76	6.7424	
1690	1	18.82	18.82	6.8076	
1691	1	18.81	18.81	6.8539	
1692	1	18.91	18.91	6.9219	
1693	1	18.92	18.92	6.9536	
1694	1	19.03	19.03	7.7691	
1695	1	19.02	19.02	7.5596	
1696	1	18.96	18.96	7.1784	
1697	1	18.99	18.99	7.0899	
1698	1	18.88	18.88	7.0056	
1699	1	18.98	18.98	7.2796	
1700	1	18.88	18.88	6.9256	
1701	1	19.01	19.01	7.3899	
1702	1	18.99	18.99	7.5299	
1703	1	19.08	19.08	7.6736	
1704	1	19.09	19.09	7.6819	
1705	1	19.03	19.03	7.5691	
1706	1	18.94	18.94	7.4364	
1707	1	18.93	18.93	7.1851	
1708	1	18.85	18.85	7.2475	
1709	1	18.95	18.95	7.8475	
1710	1	18.71	18.71	6.6459	
1711	1	18.79	18.79	6.6859	
1712	1	18.8	18.8	6.88	
1713	1	18.8	18.8	7.02	
1714	1	18.84	18.84	7.2744	
1715	1	18.81	18.81	6.9139	
1716	1	18.72	18.72	6.2816	
1717	1	18.73	18.73	6.1371	
1718	1	18.76	18.76	6.0424	
1719	1	18.73	18.73	6.0571	
1720	1	18.85	18.85	6.8075	
1721	1	18.86	18.86	6.3004	
1722	1	18.85	18.85	6.2475	
1723	1	18.75	18.75	5.9075	
1724	1	18.67	18.67	5.5411	
1725	1	18.66	18.66	5.4844	
1726	1	18.74	18.74	5.7724	
1727	1	18.73	18.73	5.7771	
1728	1	18.68	18.68	5.5976	
1729	1	18.69	18.69	5.7939	
1730	1	18.69	18.69	5.7939	
1731	1	18.76	18.76	6.0624	
1732	1	18.73	18.73	6.1171	
1733	1	18.61	18.61	5.4979	
1734	1	18.59	18.59	5.2619	
1735	1	18.6	18.6	5.28	
1736	1	18.69	18.69	5.4139	
1737	1	18.71	18.71	5.4459	
1738	1	18.65	18.65	5.4475	
1739	1	18.61	18.61	5.4779	
1740	1	18.58	18.58	4.2636	
1741	1	18.6	18.6	4.22	
1742	1	18.61	18.61	4.0979	
1743	1	18.64	18.64	4.0704	
1744	1	18.64	18.64	4.0704	
1745	1	18.6	18.6	3.32	
1746	1	18.5	18.5	2.35	
1747	1	18.43	18.43	2.2851	
1748	1	18.46	18.46	2.3284	
1749	1	18.53	18.53	2.3891	
1750	1	18.56	18.56	2.5064	
1751	1	18.58	18.58	2.7236	
1752	1	18.59	18.59	2.7019	
1753	1	18.76	18.76	3.1024	
1754	1	18.84	18.84	3.4944	
1755	1	18.88	18.88	3.6056	
1756	1	18.98	18.98	3.6196	
1757	1	18.99	18.99	3.5499	
1758	1	18.97	18.97	3.5491	
1759	1	19.01	19.01	3.7299	
1760	1	19.04	19.04	3.6184	
1761	1	19.09	19.09	3.6619	
1762	1	19.1	19.1	3.39	
1763	1	19.11	19.11	3.3979	
1764	1	19.15	19.15	3.5875	
1765	1	19.08	19.08	3.4936	
1766	1	19.08	19.08	3.4536	
1767	1	19.17	19.17	3.8611	
1768	1	19.1	19.1	3.61	
1769	1	19.14	19.14	3.5404	
1770	1	19.13	19.13	3.5731	
1771	1	19.18	19.18	3.4876	
1772	1	19.2	19.2	3.56	
1773	1	19.32	19.32	3.6976	
1774	1	19.26	19.26	3.2924	
1775	1	19.14	19.14	3.0804	
1776	1	19.21	19.21	3.2459	
1777	1	19.25	19.25	3.1875	
1778	1	19.22	19.22	3.1516	
1779	1	19.2	19.2	3.18	
1780	1	19.22	19.22	3.2116	
1781	1	19.29	19.29	3.1659	
1782	1	19.32	19.32	3.2576	
1783	1	19.34	19.34	3.2844	
1784	1	19.39	19.39	3.3179	
1785	1	19.42	19.42	3.2636	
1786	1	19.42	19.42	3.4036	
1787	1	19.35	19.35	3.1475	
1788	1	19.27	19.27	2.8371	
1789	1	19.23	19.23	2.7171	
1790	1	19.23	19.23	2.7171	
1791	1	19.23	19.23	2.7171	
1792	1	19.23	19.23	2.7371	
1793	1	19.32	19.32	2.7376	
1794	1	19.31	19.31	2.7539	
1795	1	19.35	19.35	2.6875	
1796	1	19.39	19.39	2.5779	
1797	1	19.37	19.37	2.5531	
1798	1	19.37	19.37	2.3531	
1799	1	19.36	19.36	2.3904	
1800	1	19.39	19.39	2.3179	
1801	1	19.38	19.38	2.2556	
1802	1	19.33	19.33	2.1611	
1803	1	19.32	19.32	2.2176	
1804	1	19.19	19.19	1.9139	
1805	1	19.21	19.21	1.9259	
1806	1	19.19	19.19	1.9539	
1807	1	19.26	19.26	1.9124	
1808	1	19.26	19.26	1.8924	
1809	1	19.27	19.27	1.9571	
1810	1	19.26	19.26	1.9724	
1811	1	19.31	19.31	1.9939	
1812	1	19.27	19.27	2.0771	
1813	1	19.28	19.28	2.2616	
1814	1	19.29	19.29	2.2259	
1815	1	19.27	19.27	2.1971	
1816	1	19.38	19.38	2.3556	
1817	1	19.43	19.43	2.3251	
1818	1	19.41	19.41	2.4019	
1819	1	19.4	19.4	2.3	
1820	1	19.47	19.47	2.2291	
1821	1	19.54	19.54	2.1884	
1822	1	19.58	19.58	2.3836	
1823	1	19.57	19.57	2.4651	
1824	1	19.57	19.57	2.4651	
1825	1	19.61	19.61	2.4779	
1826	1	19.56	19.56	2.3464	
1827	1	19.58	19.58	2.3436	
1828	1	19.69	19.69	2.3739	
1829	1	19.64	19.64	2.4104	
1830	1	19.69	19.69	2.4739	
1831	1	19.7	19.7	2.47	
1832	1	19.67	19.67	2.4211	
1833	1	19.76	19.76	2.3824	
1834	1	19.72	19.72	2.3616	
1835	1	19.71	19.71	2.5459	
1836	1	19.74	19.74	2.5124	
1837	1	19.73	19.73	2.4971	
1838	1	19.79	19.79	2.7459	
1839	1	19.75	19.75	2.7875	
1840	1	19.82	19.82	3.2076	
1841	1	19.78	19.78	3.2916	
1842	1	19.84	19.84	3.3144	
1843	1	19.83	19.83	3.4211	
1844	1	19.86	19.86	3.4004	
1845	1	19.84	19.84	3.4944	
1846	1	19.93	19.93	3.4651	
1847	1	19.93	19.93	3.4851	
1848	1	19.98	19.98	3.3596	
1849	1	19.95	19.95	3.2275	
1850	1	19.95	19.95	3.2275	
1851	1	19.98	19.98	3.3596	
1852	1	19.97	19.97	3.3491	
1853	1	19.98	19.98	3.3396	
1854	1	20	20	3.36	
1855	1	20.04	20.04	3.4184	
1856	1	20.04	20.04	3.3584	
1857	1	20.05	20.05	3.3275	
1858	1	20.06	20.06	3.3364	
1859	1	20.11	20.11	3.4979	
1860	1	20.11	20.11	3.3979	
1861	1	20.11	20.11	3.4779	
1862	1	20.09	20.09	3.4619	
1863	1	20.11	20.11	3.5979	
1864	1	20.15	20.15	3.6275	
1865	1	20.14	20.14	3.6404	
1866	1	20.18	20.18	3.5476	
1867	1	20.2	20.2	3.46	
1868	1	20.24	20.24	3.6224	
1869	1	20.25	20.25	3.9475	
1870	1	20.15	20.15	3.8875	
1871	1	20.17	20.17	3.8211	
1872	1	20.14	20.14	3.8204	
1873	1	20.18	20.18	3.8076	
1874	1	20.18	20.18	3.6876	
1875	1	20.19	20.19	3.6739	
1876	1	20.24	20.24	3.5224	
1877	1	20.19	20.19	3.5339	
1878	1	20.21	20.21	3.8059	
1879	1	20.21	20.21	3.8659	
1880	1	20.29	20.29	3.9059	
1881	1	20.31	20.31	3.8539	
1882	1	20.3	20.3	3.93	
1883	1	20.31	20.31	3.7339	
1884	1	20.36	20.36	3.6104	
1885	1	20.38	20.38	3.4356	
1886	1	20.43	20.43	3.5651	
1887	1	20.43	20.43	3.5651	
1888	1	20.47	20.47	3.5891	
1889	1	20.48	20.48	3.6696	
1890	1	20.51	20.51	3.6499	
1891	1	20.58	20.58	3.8036	
1892	1	20.54	20.54	3.8084	
1893	1	20.59	20.59	3.8219	
1894	1	20.62	20.62	4.0956	
1895	1	20.63	20.63	4.1931	
1896	1	20.65	20.65	4.1675	
1897	1	20.67	20.67	4.2011	
1898	1	20.71	20.71	4.2459	
1899	1	20.75	20.75	4.2475	
1900	1	20.7	20.7	4.21	
1901	1	20.71	20.71	4.2859	
1902	1	20.74	20.74	4.5524	
1903	1	20.77	20.77	4.5171	
1904	1	20.68	20.68	4.2976	
1905	1	20.68	20.68	4.2376	
1906	1	20.68	20.68	4.1776	
1907	1	20.67	20.67	4.3011	
1908	1	20.74	20.74	4.2724	
1909	1	20.76	20.76	4.4824	
1910	1	20.74	20.74	4.4124	
1911	1	20.78	20.78	4.5716	
1912	1	20.74	20.74	4.6124	
1913	1	20.6	20.6	4.16	
1914	1	20.61	20.61	4.1779	
1915	1	20.63	20.63	4.1331	
1916	1	20.68	20.68	4.1376	
1917	1	20.8	20.8	4.18	
1918	1	20.78	20.78	3.8516	
1919	1	20.78	20.78	3.8716	
1920	1	20.79	20.79	3.7859	
1921	1	20.79	20.79	3.6859	
1922	1	20.76	20.76	3.6424	
1923	1	20.78	20.78	3.8316	
1924	1	20.84	20.84	3.8344	
1925	1	20.89	20.89	3.7979	
1926	1	20.97	20.97	3.7691	
1927	1	20.91	20.91	3.7019	
1928	1	20.86	20.86	3.5204	
1929	1	20.88	20.88	3.5456	
1930	1	20.87	20.87	3.4531	
1931	1	20.85	20.85	3.4475	
1932	1	20.86	20.86	3.3204	
1933	1	20.73	20.73	3.0571	
1934	1	20.65	20.65	2.9075	
1935	1	20.68	20.68	2.8576	
1936	1	20.7	20.7	2.87	
1937	1	20.74	20.74	3.0724	
1938	1	20.83	20.83	3.3811	
1939	1	20.86	20.86	3.3204	
1940	1	20.87	20.87	3.2331	
1941	1	20.82	20.82	2.9476	
1942	1	20.83	20.83	3.0811	
1943	1	20.83	20.83	3.1011	
1944	1	20.83	20.83	3.1011	
1945	1	20.84	20.84	3.2544	
1946	1	20.83	20.83	3.3211	
1947	1	20.86	20.86	3.3804	
1948	1	20.87	20.87	3.5131	
1949	1	20.86	20.86	3.5204	
1950	1	20.85	20.85	3.5875	
1951	1	20.88	20.88	3.7256	
1952	1	20.94	20.94	3.9564	
1953	1	20.95	20.95	4.0075	
1954	1	20.88	20.88	4.0056	
1955	1	20.82	20.82	3.6876	
1956	1	20.78	20.78	3.4116	
1957	1	20.8	20.8	3.3	
1958	1	20.79	20.79	3.2859	
1959	1	20.89	20.89	3.2779	
1960	1	20.96	20.96	3.3384	
1961	1	21.03	21.03	3.4291	
1962	1	20.89	20.89	2.9179	
1963	1	20.92	20.92	3.0336	
1964	1	20.88	20.88	3.0256	
1965	1	20.87	20.87	3.2131	
1966	1	21	21	3.52	
1967	1	21.04	21.04	3.5584	
1968	1	21.04	21.04	3.5384	
1969	1	21.05	21.05	3.4675	
1970	1	21.04	21.04	3.5584	
1971	1	21.07	21.07	3.6051	
1972	1	21.07	21.07	3.5451	
1973	1	21.09	21.09	3.7019	
1974	1	21.09	21.09	3.7019	
1975	1	21.1	21.1	3.67	
1976	1	21.13	21.13	3.5131	
1977	1	21.15	21.15	3.5075	
1978	1	21.19	21.19	3.5739	
1979	1	21.2	21.2	3.58	
1980	1	21.24	21.24	3.4424	
1981	1	21.21	21.21	3.4859	
1982	1	21.28	21.28	3.5016	
1983	1	21.32	21.32	3.3576	
1984	1	21.38	21.38	3.4356	
1985	1	21.34	21.34	3.3044	
1986	1	21.32	21.32	3.3376	
1987	1	21.35	21.35	3.3875	
1988	1	21.33	21.33	3.3811	
1989	1	21.26	21.26	3.2524	
1990	1	21.32	21.32	3.1976	
1991	1	21.35	21.35	3.2275	
1992	1	21.4	21.4	3.38	
1993	1	21.45	21.45	3.4675	
1994	1	21.33	21.33	3.1811	
1995	1	21.29	21.29	3.0659	
1996	1	21.27	21.27	3.0371	
1997	1	21.34	21.34	3.0444	
1998	1	21.34	21.34	3.0444	
1999	1	21.36	21.36	3.0704	
2000	1	21.35	21.35	2.9675	
