# mu = 0.001, s = 1, trials requested = 1, runtime = 0:00:42
# "Time"	"Actual trials"	"Mean mutation"	"Average mean mutation"	"Average mutation variance"
0	1	0	0	0	
1	1	0.01	0.01	0.0099	
2	1	0.01	0.01	0.0099	
3	1	0.03	0.03	0.0291	
4	1	0.86	0.86	0.2204	
5	1	2.51	2.51	0.7899	
6	1	3.49	3.49	1.0699	
7	1	3.78	3.78	0.7916	
8	1	3.96	3.96	0.1584	
9	1	4.01	4.01	0.0099	
10	1	4.88	4.88	0.1056	
11	1	4.88	4.88	0.1056	
12	1	4.9	4.9	0.09	
13	1	4.87	4.87	0.1131	
14	1	4.89	4.89	0.0979	
15	1	4.86	4.86	0.1204	
16	1	4.87	4.87	0.1131	
17	1	4.89	4.89	0.0979	
18	1	4.89	4.89	0.0979	
19	1	4.88	4.88	0.1056	
20	1	5.08	5.08	0.3336	
21	1	5.96	5.96	0.3784	
22	1	6.75	6.75	0.4275	
23	1	6.95	6.95	0.0475	
24	1	7.5	7.5	0.29	
25	1	7.84	7.84	0.1744	
26	1	8.73	8.73	0.3171	
27	1	9.64	9.64	0.3504	
28	1	10.34	10.34	0.4044	
29	1	12.43	12.43	1.5251	
30	1	12.56	12.56	1.5664	
31	1	13.37	13.37	2.4331	
32	1	13.45	13.45	2.4475	
33	1	14.28	14.28	3.5016	
34	1	14.34	14.34	3.5244	
35	1	14.34	14.34	3.5244	
36	1	15.24	15.24	4.8224	
37	1	15.44	15.44	3.6064	
38	1	15.72	15.72	1.8816	
39	1	15.94	15.94	0.4964	
40	1	16.84	16.84	0.1344	
41	1	17.44	17.44	0.3664	
42	1	18.84	18.84	0.2544	
43	1	18.96	18.96	0.0384	
44	1	19.85	19.85	0.1675	
45	1	19.88	19.88	0.1456	
46	1	19.96	19.96	0.0384	
47	1	19.97	19.97	0.0291	
48	1	19.99	19.99	0.0099	
49	1	22.5	22.5	0.97	
50	1	22.76	22.76	0.6624	
51	1	22.78	22.78	0.6916	
52	1	24.37	24.37	1.9131	
53	1	25.04	25.04	1.8384	
54	1	26.29	26.29	2.1259	
55	1	26.62	26.62	1.3556	
56	1	27.46	27.46	1.7484	
57	1	27.56	27.56	1.7664	
58	1	27.58	27.58	1.6236	
59	1	28.43	28.43	2.4651	
60	1	29.17	29.17	3.6611	
61	1	30.21	30.21	5.0259	
62	1	30.22	30.22	5.0316	
63	1	30.22	30.22	5.0316	
64	1	31.11	31.11	6.5179	
65	1	31.11	31.11	6.5179	
66	1	31.76	31.76	7.9024	
67	1	32	32	8.2	
68	1	32.4	32.4	4.84	
69	1	33	33	0	
70	1	33.62	33.62	0.2356	
71	1	34.01	34.01	0.2699	
72	1	35.66	35.66	0.9844	
73	1	36.55	36.55	1.5675	
74	1	37.4	37.4	2.44	
75	1	37.45	37.45	2.4475	
76	1	37.45	37.45	2.4475	
77	1	37.45	37.45	2.4475	
78	1	37.45	37.45	2.4475	
79	1	37.45	37.45	2.4475	
80	1	37.47	37.47	2.4891	
81	1	37.45	37.45	2.4475	
82	1	37.99	37.99	3.2899	
83	1	38.34	38.34	3.5244	
84	1	39.23	39.23	4.7971	
85	1	40.1	40.1	6.25	
86	1	40.12	40.12	6.2656	
87	1	40.12	40.12	6.2656	
88	1	40.12	40.12	6.2656	
89	1	40.2	40.2	5.76	
90	1	40.36	40.36	4.7104	
91	1	40.6	40.6	3.04	
92	1	40.92	40.92	0.6336	
93	1	41.01	41.01	0.0099	
94	1	41.01	41.01	0.0099	
95	1	41.14	41.14	0.1204	
96	1	42.55	42.55	0.4875	
97	1	42.78	42.78	0.3916	
98	1	42.86	42.86	0.3204	
99	1	42.92	42.92	0.1536	
100	1	42.98	42.98	0.0396	
101	1	43.01	43.01	0.0099	
102	1	43.89	43.89	0.0979	
103	1	43.89	43.89	0.0979	
104	1	43.89	43.89	0.0979	
105	1	43.9	43.9	0.09	
106	1	44.61	44.61	0.2979	
107	1	44.89	44.89	0.0979	
108	1	44.89	44.89	0.0979	
109	1	44.89	44.89	0.0979	
110	1	44.89	44.89	0.0979	
111	1	44.88	44.88	0.1056	
112	1	44.87	44.87	0.1131	
113	1	44.89	44.89	0.1179	
114	1	45.68	45.68	0.4376	
115	1	45.78	45.78	0.3916	
116	1	45.78	45.78	0.3916	
117	1	45.78	45.78	0.3916	
118	1	46.02	46.02	0.4996	
119	1	47.52	47.52	1.1896	
120	1	47.95	47.95	0.5675	
121	1	48.79	48.79	0.3459	
122	1	48.87	48.87	0.1731	
123	1	48.94	48.94	0.0564	
124	1	49.37	49.37	0.2931	
125	1	50.64	50.64	0.5304	
126	1	50.78	50.78	0.3916	
127	1	50.78	50.78	0.3916	
128	1	50.76	50.76	0.4224	
129	1	51.61	51.61	0.8979	
130	1	51.67	51.67	0.8811	
131	1	51.67	51.67	0.8811	
132	1	51.76	51.76	0.6624	
133	1	52.01	52.01	0.0099	
134	1	52.06	52.06	0.0564	
135	1	52.89	52.89	0.0979	
136	1	52.94	52.94	0.0564	
137	1	52.97	52.97	0.0291	
138	1	53.82	53.82	0.1476	
139	1	55.65	55.65	0.9075	
140	1	56.41	56.41	1.5619	
141	1	56.56	56.56	1.5664	
142	1	56.56	56.56	1.5664	
143	1	56.56	56.56	1.5664	
144	1	57.37	57.37	2.4331	
145	1	57.45	57.45	2.4475	
146	1	57.6	57.6	1.84	
147	1	57.95	57.95	0.2475	
148	1	57.95	57.95	0.2475	
149	1	57.95	57.95	0.2475	
150	1	58.01	58.01	0.0099	
151	1	58.87	58.87	0.1131	
152	1	59.78	59.78	0.3916	
153	1	60.64	60.64	0.8904	
154	1	60.89	60.89	1.1979	
155	1	61.54	61.54	1.5684	
156	1	61.56	61.56	1.5664	
157	1	61.56	61.56	1.5664	
158	1	61.56	61.56	1.5664	
159	1	62.4	62.4	2.44	
160	1	62.5	62.5	2.25	
161	1	63.02	63.02	1.5196	
162	1	64.35	64.35	2.0675	
163	1	65.26	65.26	2.8524	
164	1	66.33	66.33	3.9411	
165	1	66.86	66.86	4.8404	
166	1	68.19	68.19	5.8539	
167	1	68.62	68.62	6.7956	
168	1	69.08	69.08	7.3936	
169	1	69.44	69.44	3.6064	
170	1	69.93	69.93	0.4851	
171	1	70.5	70.5	0.25	
172	1	70.98	70.98	0.0196	
173	1	71.07	71.07	0.0651	
174	1	71.95	71.95	0.0875	
175	1	72.88	72.88	0.1056	
176	1	72.86	72.86	0.1204	
177	1	72.88	72.88	0.1056	
178	1	73.39	73.39	0.4979	
179	1	73.78	73.78	0.3916	
180	1	73.77	73.77	0.4371	
181	1	74.71	74.71	0.7459	
182	1	76.38	76.38	1.6156	
183	1	77.47	77.47	2.1091	
184	1	77.49	77.49	2.3499	
185	1	77.96	77.96	2.7784	
186	1	78.41	78.41	3.0619	
187	1	78.41	78.41	3.0619	
188	1	78.44	78.44	2.7664	
189	1	78.62	78.62	3.1156	
190	1	79.25	79.25	4.0275	
191	1	79.73	79.73	4.6371	
192	1	80.22	80.22	5.1516	
193	1	80.25	80.25	4.7475	
194	1	80.31	80.31	4.4739	
195	1	80.82	80.82	1.0476	
196	1	80.94	80.94	0.3564	
197	1	81.53	81.53	0.2491	
198	1	81.9	81.9	0.09	
199	1	81.94	81.94	0.0564	
200	1	81.99	81.99	0.0099	
201	1	82.82	82.82	0.1476	
202	1	82.97	82.97	0.1291	
203	1	83.67	83.67	0.3411	
204	1	84.63	84.63	0.6931	
205	1	85.28	85.28	1.4016	
206	1	86.52	86.52	1.8896	
207	1	86.79	86.79	2.3459	
208	1	87.97	87.97	2.8491	
209	1	88.65	88.65	1.9075	
210	1	88.83	88.83	0.5611	
211	1	88.89	88.89	0.0979	
212	1	88.88	88.88	0.1056	
213	1	88.89	88.89	0.0979	
214	1	90.24	90.24	0.9224	
215	1	90.73	90.73	0.7371	
216	1	91.4	91.4	0.24	
217	1	91.87	91.87	0.1131	
218	1	91.89	91.89	0.0979	
219	1	91.89	91.89	0.0979	
220	1	91.87	91.87	0.1131	
221	1	92.06	92.06	0.1964	
222	1	93.62	93.62	0.8356	
223	1	93.7	93.7	0.75	
224	1	94.58	94.58	1.2636	
225	1	94.61	94.61	1.2579	
226	1	94.62	94.62	1.1956	
227	1	94.62	94.62	1.1956	
228	1	94.63	94.63	1.1331	
229	1	94.61	94.61	1.1379	
230	1	95.99	95.99	1.7499	
231	1	96.61	96.61	1.5579	
232	1	96.71	96.71	0.9459	
233	1	96.92	96.92	0.1536	
234	1	97.02	97.02	0.0196	
235	1	97.01	97.01	0.0099	
236	1	97.02	97.02	0.0196	
237	1	97.85	97.85	0.1275	
238	1	98.74	98.74	0.3924	
239	1	99.19	99.19	0.2139	
240	1	100.28	100.28	0.4216	
241	1	101.51	101.51	0.7899	
242	1	101.83	101.83	0.6411	
243	1	102.82	102.82	1.5276	
244	1	104.4	104.4	2.94	
245	1	104.67	104.67	3.4611	
246	1	105.64	105.64	2.0304	
247	1	105.87	105.87	1.5331	
248	1	106.75	106.75	1.0275	
249	1	107.85	107.85	1.1875	
250	1	108.69	108.69	1.3539	
251	1	109.67	109.67	0.7011	
252	1	109.83	109.83	0.3811	
253	1	110.65	110.65	0.6275	
254	1	110.78	110.78	0.3916	
255	1	110.95	110.95	0.6075	
256	1	111.67	111.67	0.8811	
257	1	112.11	112.11	1.4179	
258	1	112.55	112.55	1.5675	
259	1	113.44	113.44	2.4464	
260	1	113.45	113.45	2.4475	
261	1	113.6	113.6	2.74	
262	1	114.34	114.34	3.5244	
263	1	114.64	114.64	2.0304	
264	1	114.94	114.94	0.3564	
265	1	115.71	115.71	0.2059	
266	1	115.87	115.87	0.1131	
267	1	116	116	0.24	
268	1	116.78	116.78	0.3916	
269	1	117.59	117.59	0.9619	
270	1	117.67	117.67	0.8811	
271	1	117.67	117.67	0.8811	
272	1	117.85	117.85	0.4275	
273	1	117.94	117.94	0.1764	
274	1	118.01	118.01	0.0099	
275	1	118.3	118.3	0.21	
276	1	118.96	118.96	0.2384	
277	1	119.76	119.76	0.4024	
278	1	119.78	119.78	0.3916	
279	1	119.8	119.8	0.36	
280	1	119.8	119.8	0.36	
281	1	120.27	120.27	0.5571	
282	1	121.92	121.92	1.3736	
283	1	122.59	122.59	1.4619	
284	1	122.61	122.61	1.3179	
285	1	122.74	122.74	1.1124	
286	1	123.88	123.88	0.2656	
287	1	124.77	124.77	0.3971	
288	1	124.85	124.85	0.3075	
289	1	126.01	126.01	0.7299	
290	1	127.68	127.68	1.6176	
291	1	129.47	129.47	2.5291	
292	1	129.54	129.54	1.9084	
293	1	129.54	129.54	1.9084	
294	1	130.42	130.42	2.8236	
295	1	132.36	132.36	5.4504	
296	1	133.52	133.52	7.2696	
297	1	134.02	134.02	7.9996	
298	1	135.11	135.11	9.2779	
299	1	136.57	136.57	3.1251	
300	1	137.61	137.61	2.2179	
301	1	137.68	137.68	1.3376	
302	1	137.78	137.78	0.3916	
303	1	137.98	137.98	0.6396	
304	1	138.67	138.67	0.8811	
305	1	139.33	139.33	1.5411	
306	1	140.43	140.43	2.4451	
307	1	140.68	140.68	2.8776	
308	1	142.23	142.23	4.7971	
309	1	142.23	142.23	4.7971	
310	1	142.58	142.58	2.7636	
311	1	143	143	1.12	
312	1	143.85	143.85	0.1275	
313	1	143.88	143.88	0.1056	
314	1	143.86	143.86	0.1204	
315	1	143.88	143.88	0.1256	
316	1	144.78	144.78	0.3916	
317	1	145.19	145.19	0.8739	
318	1	145.67	145.67	0.8811	
319	1	145.67	145.67	0.8811	
320	1	145.67	145.67	0.8811	
321	1	146.31	146.31	1.5339	
322	1	146.56	146.56	1.5664	
323	1	147.44	147.44	2.4464	
324	1	147.45	147.45	2.4475	
325	1	147.45	147.45	2.4475	
326	1	147.72	147.72	2.9416	
327	1	148.34	148.34	3.5244	
328	1	148.34	148.34	3.5244	
329	1	148.34	148.34	3.5244	
330	1	148.34	148.34	3.5244	
331	1	149.1	149.1	4.71	
332	1	149.23	149.23	4.7971	
333	1	149.45	149.45	5.3075	
334	1	150.12	150.12	6.2656	
335	1	150.72	150.72	3.9616	
336	1	151.55	151.55	3.1275	
337	1	153.31	153.31	0.9739	
338	1	153.73	153.73	0.7371	
339	1	153.76	153.76	0.6624	
340	1	153.79	153.79	0.5859	
341	1	154.83	154.83	0.2611	
342	1	154.89	154.89	0.0979	
343	1	155.52	155.52	0.4496	
344	1	155.81	155.81	0.2939	
345	1	155.79	155.79	0.3459	
346	1	156.5	156.5	0.85	
347	1	156.69	156.69	0.7939	
348	1	156.68	156.68	0.8376	
349	1	157.57	157.57	1.5051	
350	1	158.24	158.24	2.3824	
351	1	158.46	158.46	2.4684	
352	1	159.28	159.28	3.8016	
353	1	159.34	159.34	3.5244	
354	1	159.35	159.35	3.5475	
355	1	159.34	159.34	3.5244	
356	1	159.52	159.52	2.6496	
357	1	160.65	160.65	2.6075	
358	1	161.54	161.54	2.6284	
359	1	161.66	161.66	1.5244	
360	1	161.78	161.78	0.3916	
361	1	161.78	161.78	0.3916	
362	1	161.78	161.78	0.3916	
363	1	162.4	162.4	0.78	
364	1	163.57	163.57	1.1651	
365	1	163.62	163.62	1.0956	
366	1	163.66	163.66	0.8844	
367	1	163.74	163.74	0.6124	
368	1	163.76	163.76	0.5024	
369	1	164.66	164.66	0.8844	
370	1	164.61	164.61	1.0179	
371	1	164.67	164.67	0.8811	
372	1	164.67	164.67	0.8811	
373	1	165.63	165.63	1.1931	
374	1	166.61	166.61	1.3779	
375	1	167.57	167.57	1.6251	
376	1	167.67	167.67	0.8811	
377	1	167.64	167.64	0.9504	
378	1	167.67	167.67	0.8811	
379	1	168.55	168.55	1.5675	
380	1	168.56	168.56	1.5664	
381	1	168.56	168.56	1.5664	
382	1	169.1	169.1	2.29	
383	1	170.18	170.18	3.4476	
384	1	170.52	170.52	2.6496	
385	1	170.88	170.88	0.7056	
386	1	170.94	170.94	0.3564	
387	1	170.94	170.94	0.3564	
388	1	171.01	171.01	0.0099	
389	1	171.8	171.8	0.16	
390	1	171.98	171.98	0.0396	
391	1	171.99	171.99	0.0099	
392	1	171.99	171.99	0.0099	
393	1	172.65	172.65	0.2275	
394	1	173.4	173.4	0.46	
395	1	173.78	173.78	0.3916	
396	1	173.76	173.76	0.4224	
397	1	173.81	173.81	0.4339	
398	1	174.73	174.73	0.7371	
399	1	174.85	174.85	0.4275	
400	1	174.97	174.97	0.0891	
401	1	174.97	174.97	0.0891	
402	1	174.97	174.97	0.0891	
403	1	175.44	175.44	0.2464	
404	1	175.84	175.84	0.1344	
405	1	175.89	175.89	0.0979	
406	1	175.89	175.89	0.0979	
407	1	175.87	175.87	0.1131	
408	1	175.89	175.89	0.0979	
409	1	175.88	175.88	0.1056	
410	1	175.89	175.89	0.0979	
411	1	175.89	175.89	0.0979	
412	1	175.94	175.94	0.1764	
413	1	176.92	176.92	0.5736	
414	1	177.85	177.85	1.1475	
415	1	178.67	178.67	1.7611	
416	1	179.45	179.45	2.4475	
417	1	179.8	179.8	0.96	
418	1	179.95	179.95	0.2475	
419	1	180.01	180.01	0.0099	
420	1	180.01	180.01	0.0099	
421	1	180.01	180.01	0.0099	
422	1	180.03	180.03	0.0291	
423	1	180.81	180.81	0.1539	
424	1	181.51	181.51	0.4699	
425	1	181.98	181.98	0.4596	
426	1	182.74	182.74	0.5524	
427	1	182.8	182.8	0.46	
428	1	183.35	183.35	0.4275	
429	1	184.72	184.72	0.6616	
430	1	184.82	184.82	0.5076	
431	1	184.91	184.91	0.2619	
432	1	185.32	185.32	0.2576	
433	1	186.7	186.7	0.43	
434	1	186.85	186.85	0.6075	
435	1	188.2	188.2	1.48	
436	1	188.77	188.77	0.9171	
437	1	189.03	189.03	0.0291	
438	1	189.82	189.82	0.1476	
439	1	190.76	190.76	0.1824	
440	1	191.8	191.8	0.46	
441	1	193.54	193.54	1.5884	
442	1	193.56	193.56	1.5664	
443	1	193.56	193.56	1.5664	
444	1	193.57	193.57	1.5851	
445	1	193.56	193.56	1.5664	
446	1	193.58	193.58	1.6036	
447	1	194.45	194.45	2.2475	
448	1	195.63	195.63	1.8531	
449	1	196.76	196.76	0.4024	
450	1	196.76	196.76	0.4224	
451	1	196.78	196.78	0.3916	
452	1	196.76	196.76	0.4224	
453	1	196.76	196.76	0.4224	
454	1	196.84	196.84	0.2944	
455	1	196.96	196.96	0.0784	
456	1	196.98	196.98	0.0396	
457	1	196.98	196.98	0.0396	
458	1	196.98	196.98	0.0396	
459	1	196.98	196.98	0.0396	
460	1	197.14	197.14	0.1204	
461	1	198.76	198.76	0.4224	
462	1	199.62	199.62	0.8956	
463	1	199.94	199.94	1.2564	
464	1	200.53	200.53	1.5691	
465	1	200.56	200.56	1.5664	
466	1	200.56	200.56	1.5664	
467	1	200.56	200.56	1.5664	
468	1	201.33	201.33	2.0211	
469	1	201.7	201.7	1.41	
470	1	202.71	202.71	0.2059	
471	1	202.88	202.88	0.1056	
472	1	202.88	202.88	0.1056	
473	1	202.89	202.89	0.0979	
474	1	202.89	202.89	0.0979	
475	1	202.89	202.89	0.0979	
476	1	202.88	202.88	0.1056	
477	1	204.45	204.45	1.0275	
478	1	204.85	204.85	0.4275	
479	1	204.89	204.89	0.3579	
480	1	205.74	205.74	0.4324	
481	1	205.97	205.97	0.0891	
482	1	206.86	206.86	0.1804	
483	1	207.74	207.74	0.4124	
484	1	208.52	208.52	0.9096	
485	1	208.67	208.67	0.8811	
486	1	209.52	209.52	1.5696	
487	1	209.56	209.56	1.5664	
488	1	209.64	209.64	1.3104	
489	1	209.88	209.88	0.4656	
490	1	210.79	210.79	0.1659	
491	1	210.88	210.88	0.1056	
492	1	210.85	210.85	0.1275	
493	1	210.89	210.89	0.0979	
494	1	210.88	210.88	0.1056	
495	1	210.92	210.92	0.0736	
496	1	210.94	210.94	0.0564	
497	1	210.99	210.99	0.0099	
498	1	210.99	210.99	0.0099	
499	1	211.29	211.29	0.2059	
500	1	211.84	211.84	0.1344	
501	1	212.39	212.39	0.4779	
502	1	214.13	214.13	1.4131	
503	1	214.84	214.84	1.5944	
504	1	215.63	215.63	1.4731	
505	1	215.83	215.83	0.5811	
506	1	216.14	216.14	0.1204	
507	1	217	217	0.02	
508	1	217.89	217.89	0.1579	
509	1	218.76	218.76	0.4224	
510	1	219.68	219.68	0.8976	
511	1	220.54	220.54	1.5684	
512	1	221.09	221.09	2.2819	
513	1	221.45	221.45	2.4475	
514	1	221.46	221.46	2.4684	
515	1	222.32	222.32	3.5176	
516	1	223.01	223.01	5.0499	
517	1	223.95	223.95	5.5475	
518	1	224.68	224.68	2.4576	
519	1	225.09	225.09	0.0819	
520	1	225.9	225.9	0.13	
521	1	226.82	226.82	0.3276	
522	1	226.84	226.84	0.2944	
523	1	226.9	226.9	0.19	
524	1	227.07	227.07	0.0651	
525	1	227.83	227.83	0.1811	
526	1	228.89	228.89	0.0979	
527	1	229.39	229.39	0.4579	
528	1	229.78	229.78	0.3916	
529	1	229.78	229.78	0.3916	
530	1	230.41	230.41	0.9019	
531	1	231.91	231.91	2.1419	
532	1	232.45	232.45	2.4475	
533	1	232.6	232.6	1.84	
534	1	233.56	233.56	1.7464	
535	1	233.69	233.69	1.4139	
536	1	233.89	233.89	0.0979	
537	1	233.93	233.93	0.0651	
538	1	235.23	235.23	0.7171	
539	1	235.97	235.97	0.0891	
540	1	236.65	236.65	0.2275	
541	1	236.88	236.88	0.1056	
542	1	237.07	237.07	0.3051	
543	1	237.78	237.78	0.3916	
544	1	237.78	237.78	0.3916	
545	1	237.78	237.78	0.3916	
546	1	237.76	237.76	0.4224	
547	1	237.76	237.76	0.4224	
548	1	237.76	237.76	0.4224	
549	1	237.78	237.78	0.3916	
550	1	237.76	237.76	0.4224	
551	1	237.94	237.94	0.1164	
552	1	237.98	237.98	0.0396	
553	1	238.78	238.78	0.1716	
554	1	239.53	239.53	0.4891	
555	1	239.74	239.74	0.4524	
556	1	240.28	240.28	0.8616	
557	1	240.67	240.67	0.8811	
558	1	240.67	240.67	0.8811	
559	1	241.51	241.51	1.5699	
560	1	241.56	241.56	1.5664	
561	1	241.56	241.56	1.5664	
562	1	241.65	241.65	1.7275	
563	1	242.54	242.54	2.6284	
564	1	243.62	243.62	4.1556	
565	1	244.58	244.58	2.7636	
566	1	244.8	244.8	1.44	
567	1	245.55	245.55	0.2475	
568	1	245.99	245.99	0.0099	
569	1	245.99	245.99	0.0099	
570	1	246.01	246.01	0.0099	
571	1	246.08	246.08	0.0736	
572	1	246.88	246.88	0.1056	
573	1	246.89	246.89	0.0979	
574	1	246.91	246.91	0.0819	
575	1	246.94	246.94	0.0564	
576	1	247.51	247.51	0.3099	
577	1	247.92	247.92	0.0736	
578	1	247.98	247.98	0.0996	
579	1	248.82	248.82	0.2076	
580	1	248.86	248.86	0.1604	
581	1	248.88	248.88	0.1256	
582	1	249.2	249.2	0.38	
583	1	250.53	250.53	0.9691	
584	1	250.67	250.67	0.8811	
585	1	251.51	251.51	1.5699	
586	1	251.56	251.56	1.5664	
587	1	252.61	252.61	1.0379	
588	1	252.85	252.85	0.5275	
589	1	253.62	253.62	1.1356	
590	1	254.52	254.52	0.9096	
591	1	254.75	254.75	0.4275	
592	1	254.86	254.86	0.2604	
593	1	255.29	255.29	0.5059	
594	1	256.06	256.06	0.6764	
595	1	256.86	256.86	0.6404	
596	1	258.45	258.45	1.5475	
597	1	258.58	258.58	1.5436	
598	1	258.62	258.62	1.3356	
599	1	258.7	258.7	0.83	
600	1	259.48	259.48	1.7496	
601	1	259.55	259.55	1.7475	
602	1	260.46	260.46	2.2884	
603	1	260.48	260.48	2.2896	
604	1	260.48	260.48	2.2896	
605	1	260.88	260.88	0.7056	
606	1	261.01	261.01	0.0099	
607	1	261.8	261.8	0.16	
608	1	261.89	261.89	0.0979	
609	1	262.74	262.74	0.4524	
610	1	262.78	262.78	0.3916	
611	1	263.6	263.6	0.9	
612	1	265.4	265.4	2.44	
613	1	265.45	265.45	2.4475	
614	1	265.82	265.82	0.9876	
615	1	266.95	266.95	0.8875	
616	1	267.86	267.86	0.3604	
617	1	268.69	268.69	0.7339	
618	1	270.64	270.64	2.3104	
619	1	272.59	272.59	1.8219	
620	1	273.72	273.72	0.6616	
621	1	274.57	274.57	1.2651	
622	1	274.62	274.62	1.1956	
623	1	274.64	274.64	1.0704	
624	1	275.43	275.43	1.9251	
625	1	275.53	275.53	1.8091	
626	1	276.5	276.5	2.93	
627	1	277.32	277.32	3.7576	
628	1	278.17	278.17	5.0411	
629	1	278.22	278.22	5.0916	
630	1	278.93	278.93	0.4851	
631	1	279.07	279.07	0.0651	
632	1	279.82	279.82	0.1476	
633	1	279.89	279.89	0.0979	
634	1	280.09	280.09	0.3219	
635	1	280.79	280.79	0.4659	
636	1	281.66	281.66	0.8844	
637	1	281.67	281.67	0.8811	
638	1	281.7	281.7	0.93	
639	1	281.8	281.8	1.08	
640	1	282.55	282.55	1.5675	
641	1	282.61	282.61	1.6579	
642	1	284.37	284.37	2.9331	
643	1	284.87	284.87	2.8931	
644	1	285.66	285.66	1.9644	
645	1	286.6	286.6	2.48	
646	1	287.67	287.67	0.3811	
647	1	287.82	287.82	0.2676	
648	1	287.82	287.82	0.2676	
649	1	287.87	287.87	0.1531	
650	1	288.15	288.15	0.3675	
651	1	288.84	288.84	0.2944	
652	1	288.94	288.94	0.2964	
653	1	289.73	289.73	0.6771	
654	1	290.45	290.45	0.8675	
655	1	290.7	290.7	0.83	
656	1	291.54	291.54	1.4684	
657	1	292.48	292.48	2.1096	
658	1	292.5	292.5	2.11	
659	1	292.62	292.62	1.7356	
660	1	292.96	292.96	0.1584	
661	1	293.01	293.01	0.0099	
662	1	293.67	293.67	0.2211	
663	1	293.89	293.89	0.0979	
664	1	293.89	293.89	0.0979	
665	1	293.89	293.89	0.0979	
666	1	293.94	293.94	0.1564	
667	1	294.78	294.78	0.3916	
668	1	295.21	295.21	0.7459	
669	1	296.45	296.45	1.2075	
670	1	296.87	296.87	0.6531	
671	1	297.89	297.89	0.0979	
672	1	297.89	297.89	0.0979	
673	1	298.08	298.08	0.3136	
674	1	298.74	298.74	0.4324	
675	1	298.76	298.76	0.4224	
676	1	298.78	298.78	0.3916	
677	1	298.78	298.78	0.3916	
678	1	299.37	299.37	0.3531	
679	1	299.87	299.87	0.1131	
680	1	299.86	299.86	0.1204	
681	1	299.86	299.86	0.1204	
682	1	300.6	300.6	0.46	
683	1	300.76	300.76	0.4224	
684	1	300.78	300.78	0.3916	
685	1	300.78	300.78	0.3916	
686	1	300.78	300.78	0.3916	
687	1	300.9	300.9	0.19	
688	1	300.98	300.98	0.0396	
689	1	300.98	300.98	0.0396	
690	1	301.02	301.02	0.0196	
691	1	301.77	301.77	0.1771	
692	1	301.89	301.89	0.0979	
693	1	301.89	301.89	0.0979	
694	1	302.34	302.34	0.4644	
695	1	303.79	303.79	0.3459	
696	1	303.89	303.89	0.0979	
697	1	304.02	304.02	0.2396	
698	1	305.76	305.76	0.6024	
699	1	305.88	305.88	0.3456	
700	1	306.1	306.1	0.33	
701	1	306.89	306.89	0.0979	
702	1	306.88	306.88	0.1056	
703	1	307.52	307.52	0.7296	
704	1	308.67	308.67	0.8811	
705	1	308.94	308.94	0.1764	
706	1	309.03	309.03	0.0291	
707	1	309.88	309.88	0.1056	
708	1	309.87	309.87	0.1131	
709	1	309.88	309.88	0.1056	
710	1	309.88	309.88	0.1056	
711	1	309.87	309.87	0.1131	
712	1	309.89	309.89	0.0979	
713	1	309.88	309.88	0.1056	
714	1	309.9	309.9	0.09	
715	1	310.74	310.74	0.3924	
716	1	310.92	310.92	0.1536	
717	1	310.98	310.98	0.0396	
718	1	311.01	311.01	0.0099	
719	1	311.01	311.01	0.0099	
720	1	311.01	311.01	0.0099	
721	1	311.14	311.14	0.1204	
722	1	311.89	311.89	0.0979	
723	1	311.89	311.89	0.0979	
724	1	311.89	311.89	0.0979	
725	1	311.93	311.93	0.1451	
726	1	312.72	312.72	0.4216	
727	1	312.78	312.78	0.3916	
728	1	312.79	312.79	0.4659	
729	1	313.67	313.67	0.8811	
730	1	313.68	313.68	0.8976	
731	1	314.4	314.4	1.56	
732	1	314.56	314.56	1.5664	
733	1	314.56	314.56	1.5664	
734	1	314.56	314.56	1.5664	
735	1	314.56	314.56	1.5664	
736	1	314.65	314.65	1.7275	
737	1	315.45	315.45	2.4475	
738	1	315.88	315.88	3.1656	
739	1	316.45	316.45	3.8075	
740	1	317.5	317.5	2.77	
741	1	317.93	317.93	0.4851	
742	1	317.93	317.93	0.4851	
743	1	318.77	318.77	0.1771	
744	1	318.89	318.89	0.0979	
745	1	318.87	318.87	0.1131	
746	1	318.98	318.98	0.2196	
747	1	320.67	320.67	0.8811	
748	1	320.67	320.67	0.8811	
749	1	321.62	321.62	1.3556	
750	1	322.68	322.68	1.2176	
751	1	322.77	322.77	0.7771	
752	1	322.89	322.89	0.0979	
753	1	323.7	323.7	0.43	
754	1	323.78	323.78	0.3916	
755	1	324.43	324.43	0.9051	
756	1	325.49	325.49	1.5699	
757	1	325.56	325.56	1.5664	
758	1	325.56	325.56	1.5664	
759	1	325.76	325.76	0.9024	
760	1	325.96	325.96	0.1584	
761	1	326.01	326.01	0.0099	
762	1	326.6	326.6	0.24	
763	1	327.81	327.81	0.2139	
764	1	328.78	328.78	0.3916	
765	1	328.78	328.78	0.3916	
766	1	328.79	328.79	0.4059	
767	1	331.72	331.72	1.4416	
768	1	332.53	332.53	1.5091	
769	1	333.77	333.77	1.0171	
770	1	333.87	333.87	0.5331	
771	1	333.96	333.96	0.0384	
772	1	333.97	333.97	0.0291	
773	1	334.08	334.08	0.0736	
774	1	334.88	334.88	0.1056	
775	1	334.88	334.88	0.1056	
776	1	334.91	334.91	0.0819	
777	1	334.93	334.93	0.0651	
778	1	335.01	335.01	0.0099	
779	1	335.24	335.24	0.1824	
780	1	336.78	336.78	0.3916	
781	1	336.96	336.96	0.6184	
782	1	337.66	337.66	0.8844	
783	1	337.85	337.85	0.4275	
784	1	337.97	337.97	0.0891	
785	1	338.05	338.05	0.0475	
786	1	339.78	339.78	0.3916	
787	1	339.8	339.8	0.36	
788	1	339.94	339.94	0.1164	
789	1	340.01	340.01	0.0099	
790	1	340.01	340.01	0.0099	
791	1	340.01	340.01	0.0099	
792	1	340.01	340.01	0.0099	
793	1	340.01	340.01	0.0099	
794	1	340.84	340.84	0.1344	
795	1	340.89	340.89	0.0979	
796	1	340.89	340.89	0.0979	
797	1	340.97	340.97	0.0291	
798	1	341.71	341.71	0.2059	
799	1	342.02	342.02	0.2796	
800	1	342.79	342.79	0.3659	
801	1	342.78	342.78	0.3916	
802	1	342.78	342.78	0.3916	
803	1	342.78	342.78	0.3916	
804	1	342.78	342.78	0.3916	
805	1	343.1	343.1	0.81	
806	1	343.65	343.65	0.8875	
807	1	343.67	343.67	0.8811	
808	1	343.67	343.67	0.8811	
809	1	344.48	344.48	1.5696	
810	1	345.43	345.43	2.4451	
811	1	345.7	345.7	1.41	
812	1	345.8	345.8	0.96	
813	1	345.95	345.95	0.2475	
814	1	346.49	346.49	0.2499	
815	1	347.06	347.06	0.3164	
816	1	347.86	347.86	0.2604	
817	1	347.9	347.9	0.19	
818	1	347.96	347.96	0.0784	
819	1	348.01	348.01	0.0099	
820	1	348.15	348.15	0.1275	
821	1	348.89	348.89	0.0979	
822	1	348.9	348.9	0.11	
823	1	349.5	349.5	0.47	
824	1	349.78	349.78	0.3916	
825	1	349.87	349.87	0.5131	
826	1	350.65	350.65	0.8875	
827	1	351.56	351.56	1.5664	
828	1	351.8	351.8	1.16	
829	1	352.68	352.68	1.2176	
830	1	353.7	353.7	0.43	
831	1	353.78	353.78	0.3916	
832	1	353.89	353.89	0.5379	
833	1	355.24	355.24	1.5224	
834	1	357.2	357.2	3.6	
835	1	357.34	357.34	3.5244	
836	1	357.34	357.34	3.5244	
837	1	357.93	357.93	4.5451	
838	1	358.23	358.23	4.7971	
839	1	358.23	358.23	4.7971	
840	1	359.29	359.29	4.6859	
841	1	359.53	359.53	3.0491	
842	1	360.62	360.62	0.4356	
843	1	361.44	361.44	0.5864	
844	1	361.78	361.78	0.3916	
845	1	361.94	361.94	0.5964	
846	1	362.7	362.7	0.93	
847	1	363.49	363.49	1.5699	
848	1	363.59	363.59	1.6219	
849	1	364.42	364.42	2.4436	
850	1	364.46	364.46	2.4684	
851	1	365.27	365.27	3.4971	
852	1	366.34	366.34	4.0044	
853	1	366.86	366.86	0.9604	
854	1	367	367	0	
855	1	367	367	0	
856	1	367	367	0	
857	1	367.31	367.31	0.2139	
858	1	367.87	367.87	0.1131	
859	1	367.89	367.89	0.0979	
860	1	367.9	367.9	0.09	
861	1	368.09	368.09	0.1419	
862	1	369.3	369.3	0.43	
863	1	369.79	369.79	0.4259	
864	1	370.72	370.72	0.7416	
865	1	370.91	370.91	0.2619	
866	1	370.94	370.94	0.1764	
867	1	370.97	370.97	0.0891	
868	1	371.01	371.01	0.0099	
869	1	371.01	371.01	0.0099	
870	1	371.01	371.01	0.0099	
871	1	371.01	371.01	0.0099	
872	1	371.01	371.01	0.0099	
873	1	371.01	371.01	0.0099	
874	1	371.93	371.93	0.0651	
875	1	371.94	371.94	0.0564	
876	1	371.91	371.91	0.0819	
877	1	371.88	371.88	0.1056	
878	1	371.89	371.89	0.0979	
879	1	371.94	371.94	0.0564	
880	1	371.96	371.96	0.0384	
881	1	371.97	371.97	0.0291	
882	1	372.02	372.02	0.0196	
883	1	372.86	372.86	0.1204	
884	1	372.87	372.87	0.1131	
885	1	373.59	373.59	0.4619	
886	1	373.78	373.78	0.3916	
887	1	373.76	373.76	0.4224	
888	1	373.76	373.76	0.4224	
889	1	373.78	373.78	0.3916	
890	1	373.78	373.78	0.3916	
891	1	373.78	373.78	0.3916	
892	1	373.78	373.78	0.3916	
893	1	373.76	373.76	0.4224	
894	1	373.78	373.78	0.3916	
895	1	373.76	373.76	0.4224	
896	1	373.78	373.78	0.3916	
897	1	373.78	373.78	0.3916	
898	1	373.78	373.78	0.3916	
899	1	375.07	375.07	1.3851	
900	1	375.56	375.56	1.5664	
901	1	375.64	375.64	1.3104	
902	1	375.84	375.84	0.6144	
903	1	376.01	376.01	0.0099	
904	1	376.01	376.01	0.0099	
905	1	376.01	376.01	0.0099	
906	1	377.04	377.04	0.3584	
907	1	378	378	0.4	
908	1	379.84	379.84	1.6744	
909	1	380.64	380.64	1.5104	
910	1	380.91	380.91	0.5019	
911	1	380.95	380.95	0.2475	
912	1	380.95	380.95	0.2475	
913	1	381.01	381.01	0.0099	
914	1	381.01	381.01	0.0099	
915	1	381.63	381.63	0.6931	
916	1	382.88	382.88	0.2256	
917	1	383.67	383.67	0.4011	
918	1	383.89	383.89	0.0979	
919	1	384.68	384.68	0.4376	
920	1	384.82	384.82	0.4476	
921	1	385.59	385.59	0.9619	
922	1	385.78	385.78	1.0516	
923	1	386.54	386.54	1.5684	
924	1	386.76	386.76	1.1024	
925	1	387.85	387.85	0.3275	
926	1	388.24	388.24	0.2824	
927	1	388.87	388.87	0.1331	
928	1	388.89	388.89	0.0979	
929	1	388.89	388.89	0.0979	
930	1	388.89	388.89	0.0979	
931	1	389.09	389.09	0.3019	
932	1	390.73	390.73	1.1371	
933	1	391.56	391.56	1.5664	
934	1	391.77	391.77	1.9171	
935	1	392.84	392.84	3.1344	
936	1	393.6	393.6	3.64	
937	1	394.35	394.35	4.0075	
938	1	394.93	394.93	4.4651	
939	1	395.3	395.3	4.75	
940	1	395.28	395.28	4.7616	
941	1	395.66	395.66	1.5244	
942	1	395.76	395.76	0.4224	
943	1	395.78	395.78	0.3916	
944	1	395.78	395.78	0.3916	
945	1	395.79	395.79	0.4059	
946	1	397.11	397.11	1.0379	
947	1	398.8	398.8	1.32	
948	1	399.76	399.76	0.4824	
949	1	400.71	400.71	0.7459	
950	1	400.79	400.79	0.5459	
951	1	401.67	401.67	0.8811	
952	1	402.49	402.49	1.5699	
953	1	402.6	402.6	1.44	
954	1	402.77	402.77	1.3171	
955	1	404.55	404.55	1.5875	
956	1	404.7	404.7	0.99	
957	1	404.68	404.68	0.7776	
958	1	404.78	404.78	0.3916	
959	1	404.8	404.8	0.42	
960	1	405.67	405.67	0.8811	
961	1	406.09	406.09	1.1619	
962	1	406.79	406.79	0.5259	
963	1	406.89	406.89	0.0979	
964	1	407.77	407.77	0.3971	
965	1	407.78	407.78	0.3916	
966	1	407.78	407.78	0.3916	
967	1	407.78	407.78	0.3916	
968	1	407.73	407.73	0.5571	
969	1	408.36	408.36	0.9504	
970	1	408.6	408.6	0.9	
971	1	408.67	408.67	0.8811	
972	1	408.97	408.97	1.2891	
973	1	410.46	410.46	2.9484	
974	1	411.34	411.34	3.5244	
975	1	411.34	411.34	3.5244	
976	1	411.51	411.51	3.8899	
977	1	412.22	412.22	4.7916	
978	1	412.26	412.26	4.8724	
979	1	413.09	413.09	6.2419	
980	1	414.74	414.74	9.7324	
981	1	414.9	414.9	9.79	
982	1	414.9	414.9	9.79	
983	1	414.9	414.9	9.79	
984	1	414.9	414.9	9.79	
985	1	414.96	414.96	9.9784	
986	1	415.8	415.8	11.88	
987	1	416.89	416.89	1.1979	
988	1	418.55	418.55	0.5675	
989	1	419.12	419.12	0.8456	
990	1	420.79	420.79	2.0659	
991	1	421.8	421.8	0.96	
992	1	421.95	421.95	0.2475	
993	1	422.01	422.01	0.0099	
994	1	422.01	422.01	0.0099	
995	1	422.01	422.01	0.0099	
996	1	422.01	422.01	0.0099	
997	1	422.01	422.01	0.0099	
998	1	422.01	422.01	0.0099	
999	1	422.01	422.01	0.0099	
1000	1	422.09	422.09	0.0819	
1001	1	422.88	422.88	0.1056	
1002	1	422.89	422.89	0.0979	
1003	1	422.85	422.85	0.1275	
1004	1	422.88	422.88	0.1056	
1005	1	422.99	422.99	0.2099	
1006	1	423.78	423.78	0.3916	
1007	1	424.08	424.08	0.7336	
1008	1	424.67	424.67	0.8811	
1009	1	424.82	424.82	0.5076	
1010	1	424.97	424.97	0.0891	
1011	1	425.01	425.01	0.0099	
1012	1	425.01	425.01	0.0099	
1013	1	425.01	425.01	0.0099	
1014	1	425.01	425.01	0.0099	
1015	1	425.01	425.01	0.0099	
1016	1	426	426	0.34	
1017	1	426.78	426.78	0.3916	
1018	1	426.76	426.76	0.4224	
1019	1	427.46	427.46	1.1284	
1020	1	428.51	428.51	1.5699	
1021	1	429.14	429.14	2.3204	
1022	1	429.45	429.45	2.4475	
1023	1	429.59	429.59	2.7219	
1024	1	430.34	430.34	3.5244	
1025	1	430.41	430.41	3.6819	
1026	1	431.23	431.23	4.7971	
1027	1	431.24	431.24	4.8224	
1028	1	431.24	431.24	4.8224	
1029	1	431.23	431.23	4.7971	
1030	1	431.23	431.23	4.7971	
1031	1	431.23	431.23	4.7971	
1032	1	431.76	431.76	5.8624	
1033	1	432.91	432.91	7.8219	
1034	1	433.46	433.46	4.5684	
1035	1	434.77	434.77	1.0971	
1036	1	434.98	434.98	0.1996	
1037	1	435.78	435.78	0.3916	
1038	1	435.78	435.78	0.3916	
1039	1	435.94	435.94	0.5964	
1040	1	436.66	436.66	0.7044	
1041	1	436.97	436.97	0.0891	
1042	1	436.97	436.97	0.0891	
1043	1	437.01	437.01	0.0099	
1044	1	437.27	437.27	0.1971	
1045	1	438.02	438.02	0.0196	
1046	1	439.04	439.04	0.0984	
1047	1	440.66	440.66	0.4644	
1048	1	440.78	440.78	0.3916	
1049	1	440.79	440.79	0.4659	
1050	1	441.68	441.68	0.8176	
1051	1	442.62	442.62	0.9556	
1052	1	443.5	443.5	1.19	
1053	1	444.51	444.51	1.8699	
1054	1	444.55	444.55	1.8675	
1055	1	445	445	2.64	
1056	1	446.33	446.33	3.8611	
1057	1	446.33	446.33	3.8611	
1058	1	446.34	446.34	3.8844	
1059	1	446.36	446.36	3.5104	
1060	1	446.36	446.36	3.5104	
1061	1	447.06	447.06	4.6164	
1062	1	447.25	447.25	4.7475	
1063	1	447.25	447.25	4.7475	
1064	1	447.7	447.7	1.71	
1065	1	447.94	447.94	0.3564	
1066	1	447.94	447.94	0.3564	
1067	1	447.94	447.94	0.3564	
1068	1	448.01	448.01	0.0099	
1069	1	448.01	448.01	0.0099	
1070	1	448.01	448.01	0.0099	
1071	1	448.52	448.52	0.2496	
1072	1	449.68	449.68	0.4376	
1073	1	449.9	449.9	0.55	
1074	1	451.19	451.19	1.4739	
1075	1	451.56	451.56	1.5664	
1076	1	451.6	451.6	1.64	
1077	1	452.45	452.45	2.4475	
1078	1	452.45	452.45	2.4475	
1079	1	452.45	452.45	2.4475	
1080	1	452.8	452.8	0.96	
1081	1	452.95	452.95	0.2475	
1082	1	453.01	453.01	0.0099	
1083	1	453.01	453.01	0.0099	
1084	1	453.01	453.01	0.0099	
1085	1	453.78	453.78	0.1716	
1086	1	453.89	453.89	0.0979	
1087	1	453.89	453.89	0.0979	
1088	1	453.89	453.89	0.0979	
1089	1	453.93	453.93	0.0651	
1090	1	454.93	454.93	0.4451	
1091	1	455.74	455.74	0.5724	
1092	1	455.74	455.74	0.5724	
1093	1	455.72	455.72	0.6016	
1094	1	455.73	455.73	0.5571	
1095	1	455.84	455.84	0.2944	
1096	1	456.02	456.02	0.1396	
1097	1	456.76	456.76	0.3024	
1098	1	457.14	457.14	0.3404	
1099	1	457.78	457.78	0.3916	
1100	1	457.76	457.76	0.4224	
1101	1	457.78	457.78	0.3916	
1102	1	457.78	457.78	0.3916	
1103	1	457.84	457.84	0.2944	
1104	1	458.71	458.71	0.5659	
1105	1	458.85	458.85	0.2475	
1106	1	459.25	459.25	0.4475	
1107	1	459.78	459.78	0.3916	
1108	1	460.62	460.62	0.9756	
1109	1	462.43	462.43	2.4651	
1110	1	463.14	463.14	3.4204	
1111	1	463.34	463.34	3.5244	
1112	1	463.34	463.34	3.5244	
1113	1	463.58	463.58	2.3436	
1114	1	463.76	463.76	1.3824	
1115	1	464.85	464.85	0.1275	
1116	1	464.88	464.88	0.1056	
1117	1	465.59	465.59	0.3419	
1118	1	466.56	466.56	0.7064	
1119	1	467.33	467.33	1.2011	
1120	1	468.5	468.5	1.97	
1121	1	468.5	468.5	2.05	
1122	1	468.5	468.5	2.05	
1123	1	468.52	468.52	1.8896	
1124	1	468.52	468.52	1.8896	
1125	1	468.65	468.65	1.4275	
1126	1	468.8	468.8	0.96	
1127	1	468.86	468.86	0.7404	
1128	1	469.2	469.2	0.16	
1129	1	469.91	469.91	0.1219	
1130	1	471.64	471.64	0.9904	
1131	1	472.6	472.6	1.44	
1132	1	473.36	473.36	1.7904	
1133	1	475.29	475.29	2.7259	
1134	1	476.41	476.41	2.8819	
1135	1	476.6	476.6	2.08	
1136	1	476.73	476.73	1.6971	
1137	1	476.92	476.92	0.6336	
1138	1	476.92	476.92	0.6336	
1139	1	477.06	477.06	0.0564	
1140	1	477.83	477.83	0.1411	
1141	1	478.8	478.8	0.6	
1142	1	479.6	479.6	0.96	
1143	1	479.7	479.7	0.81	
1144	1	480.01	480.01	0.0099	
1145	1	480.88	480.88	0.1056	
1146	1	481.69	481.69	0.4339	
1147	1	481.76	481.76	0.4224	
1148	1	481.78	481.78	0.3916	
1149	1	481.78	481.78	0.3916	
1150	1	482.61	482.61	0.8979	
1151	1	482.79	482.79	0.5859	
1152	1	483.82	483.82	0.1476	
1153	1	484.49	484.49	0.4699	
1154	1	484.81	484.81	0.3339	
1155	1	484.88	484.88	0.2256	
1156	1	484.96	484.96	0.0784	
1157	1	484.98	484.98	0.0396	
1158	1	484.98	484.98	0.0396	
1159	1	485.01	485.01	0.0099	
1160	1	485.01	485.01	0.0099	
1161	1	485.67	485.67	0.2211	
1162	1	485.88	485.88	0.1056	
1163	1	486.73	486.73	0.4371	
1164	1	486.76	486.76	0.4224	
1165	1	486.76	486.76	0.4224	
1166	1	486.87	486.87	0.5731	
1167	1	487.64	487.64	0.9504	
1168	1	488.02	488.02	1.3396	
1169	1	489.45	489.45	2.4475	
1170	1	489.4	489.4	2.64	
1171	1	490.24	490.24	3.4824	
1172	1	490.34	490.34	3.5244	
1173	1	490.4	490.4	3.24	
1174	1	490.64	490.64	2.0304	
1175	1	490.82	490.82	1.0476	
1176	1	490.94	490.94	0.3564	
1177	1	491.81	491.81	0.1539	
1178	1	491.89	491.89	0.0979	
1179	1	492.39	492.39	0.4579	
1180	1	493.45	493.45	0.8475	
1181	1	493.75	493.75	0.5475	
1182	1	493.81	493.81	0.3939	
1183	1	494.7	494.7	0.53	
1184	1	495.44	495.44	0.9664	
1185	1	495.67	495.67	0.8811	
1186	1	495.7	495.7	0.93	
1187	1	496.33	496.33	1.5611	
1188	1	497.76	497.76	3.0024	
1189	1	498.34	498.34	3.5244	
1190	1	498.34	498.34	3.5244	
1191	1	499.53	499.53	5.6691	
1192	1	500.12	500.12	6.2656	
1193	1	500.12	500.12	6.2656	
1194	1	500.12	500.12	6.2656	
1195	1	500.55	500.55	7.2675	
1196	1	501.03	501.03	7.9891	
1197	1	502	502	9	
1198	1	502.4	502.4	5.64	
1199	1	502.9	502.9	0.99	
1200	1	503.77	503.77	0.1771	
1201	1	504.57	504.57	0.4651	
1202	1	504.78	504.78	0.3916	
1203	1	504.78	504.78	0.3916	
1204	1	504.74	504.74	0.4524	
1205	1	505.58	505.58	0.7036	
1206	1	506.38	506.38	1.3156	
1207	1	506.6	506.6	1.32	
1208	1	506.61	506.61	1.2579	
1209	1	507.46	507.46	1.9684	
1210	1	507.72	507.72	1.2416	
1211	1	508.82	508.82	0.1476	
1212	1	508.89	508.89	0.0979	
1213	1	508.9	508.9	0.11	
1214	1	509.77	509.77	0.3971	
1215	1	509.76	509.76	0.4224	
1216	1	509.74	509.74	0.4524	
1217	1	510.69	510.69	1.0539	
1218	1	512.22	512.22	2.3716	
1219	1	512.65	512.65	2.8475	
1220	1	514.2	514.2	4.96	
1221	1	515.23	515.23	6.6971	
1222	1	516.07	516.07	8.1451	
1223	1	516.81	516.81	9.6739	
1224	1	516.9	516.9	9.79	
1225	1	516.9	516.9	9.79	
1226	1	517.2	517.2	7.36	
1227	1	517.7	517.7	2.91	
1228	1	518.74	518.74	0.1924	
1229	1	518.93	518.93	0.2051	
1230	1	519.75	519.75	0.4075	
1231	1	519.76	519.76	0.4224	
1232	1	519.79	519.79	0.4059	
1233	1	520.71	520.71	0.7459	
1234	1	520.74	520.74	0.6124	
1235	1	521.75	521.75	0.6075	
1236	1	522.36	522.36	0.3504	
1237	1	522.89	522.89	0.0979	
1238	1	522.89	522.89	0.0979	
1239	1	523.63	523.63	0.4731	
1240	1	523.8	523.8	0.36	
1241	1	523.85	523.85	0.3075	
1242	1	524.77	524.77	0.4971	
1243	1	525.75	525.75	0.4275	
1244	1	525.78	525.78	0.3916	
1245	1	525.76	525.76	0.4224	
1246	1	525.9	525.9	0.19	
1247	1	526.01	526.01	0.0099	
1248	1	526.01	526.01	0.0099	
1249	1	526.01	526.01	0.0099	
1250	1	526.01	526.01	0.0099	
1251	1	526.01	526.01	0.0099	
1252	1	526.01	526.01	0.0099	
1253	1	526.44	526.44	0.2464	
1254	1	526.89	526.89	0.0979	
1255	1	527.74	527.74	0.4324	
1256	1	528.07	528.07	0.7251	
1257	1	529.09	529.09	1.4819	
1258	1	530.45	530.45	2.4475	
1259	1	530.45	530.45	2.4475	
1260	1	530.45	530.45	2.4475	
1261	1	530.45	530.45	2.4475	
1262	1	530.6	530.6	1.84	
1263	1	531.46	531.46	1.7484	
1264	1	531.82	531.82	1.6276	
1265	1	532.67	532.67	1.2811	
1266	1	534.49	534.49	1.5699	
1267	1	534.65	534.65	1.7275	
1268	1	535.45	535.45	2.4475	
1269	1	535.45	535.45	2.4475	
1270	1	535.45	535.45	2.4475	
1271	1	535.76	535.76	3.0024	
1272	1	536.97	536.97	4.5891	
1273	1	537.23	537.23	4.7971	
1274	1	537.58	537.58	2.7636	
1275	1	539.72	539.72	0.4416	
1276	1	539.78	539.78	0.3916	
1277	1	539.78	539.78	0.3916	
1278	1	539.8	539.8	0.34	
1279	1	540.39	540.39	0.7379	
1280	1	540.72	540.72	0.6616	
1281	1	540.82	540.82	0.9276	
1282	1	541.62	541.62	1.1956	
1283	1	541.8	541.8	0.76	
1284	1	542.01	542.01	0.0099	
1285	1	542.01	542.01	0.0099	
1286	1	542.44	542.44	0.2464	
1287	1	542.89	542.89	0.0979	
1288	1	542.95	542.95	0.1675	
1289	1	543.76	543.76	0.4024	
1290	1	543.78	543.78	0.3916	
1291	1	543.84	543.84	0.2944	
1292	1	543.88	543.88	0.2256	
1293	1	543.96	543.96	0.0784	
1294	1	543.98	543.98	0.0396	
1295	1	543.98	543.98	0.0396	
1296	1	544.16	544.16	0.1344	
1297	1	544.87	544.87	0.1131	
1298	1	544.86	544.86	0.1204	
1299	1	544.89	544.89	0.0979	
1300	1	544.89	544.89	0.0979	
1301	1	545.35	545.35	0.5275	
1302	1	545.97	545.97	0.6291	
1303	1	546.73	546.73	0.7371	
1304	1	546.91	546.91	0.2619	
1305	1	546.97	546.97	0.0891	
1306	1	547.05	547.05	0.0475	
1307	1	547.8	547.8	0.16	
1308	1	548.02	548.02	0.0196	
1309	1	548.88	548.88	0.1056	
1310	1	549.07	549.07	0.2851	
1311	1	550.59	550.59	0.9019	
1312	1	551.93	551.93	2.1251	
1313	1	552.45	552.45	2.4475	
1314	1	552.45	552.45	2.4475	
1315	1	552.46	552.46	2.4684	
1316	1	552.46	552.46	2.4684	
1317	1	553.36	553.36	3.5104	
1318	1	554.22	554.22	4.7916	
1319	1	555.04	555.04	6.1984	
1320	1	555.63	555.63	7.4331	
1321	1	556.01	556.01	7.9299	
1322	1	556.01	556.01	7.9299	
1323	1	556.01	556.01	7.9299	
1324	1	556.1	556.1	7.29	
1325	1	557.24	557.24	6.4824	
1326	1	557.67	557.67	2.0211	
1327	1	558.71	558.71	0.4259	
1328	1	558.82	558.82	0.2676	
1329	1	558.88	558.88	0.2456	
1330	1	559.75	559.75	0.5275	
1331	1	559.77	559.77	0.4371	
1332	1	559.78	559.78	0.3916	
1333	1	560.29	560.29	0.8659	
1334	1	560.68	560.68	0.8976	
1335	1	560.67	560.67	0.8811	
1336	1	561.64	561.64	1.8104	
1337	1	562.75	562.75	1.1875	
1338	1	562.95	562.95	0.2475	
1339	1	563.03	563.03	0.0291	
1340	1	564.68	564.68	0.4976	
1341	1	564.78	564.78	0.3916	
1342	1	564.78	564.78	0.3916	
1343	1	565.55	565.55	0.9075	
1344	1	565.69	565.69	0.9139	
1345	1	566.5	566.5	1.57	
1346	1	566.56	566.56	1.5664	
1347	1	566.56	566.56	1.5664	
1348	1	567.13	567.13	2.5131	
1349	1	567.45	567.45	2.4475	
1350	1	568.34	568.34	3.5244	
1351	1	568.34	568.34	3.5244	
1352	1	568.34	568.34	3.5244	
1353	1	568.34	568.34	3.5244	
1354	1	568.34	568.34	3.5244	
1355	1	568.59	568.59	2.7819	
1356	1	570.65	570.65	2.1875	
1357	1	571.67	571.67	0.8811	
1358	1	571.82	571.82	0.5076	
1359	1	571.97	571.97	0.0891	
1360	1	572.53	572.53	0.2491	
1361	1	572.89	572.89	0.0979	
1362	1	573.24	573.24	0.3024	
1363	1	574.59	574.59	0.5819	
1364	1	575.56	575.56	1.0264	
1365	1	576.22	576.22	1.5716	
1366	1	576.48	576.48	1.8096	
1367	1	576.8	576.8	0.76	
1368	1	576.88	576.88	0.4656	
1369	1	577.58	577.58	0.4436	
1370	1	577.89	577.89	0.0979	
1371	1	577.89	577.89	0.0979	
1372	1	578.06	578.06	0.3164	
1373	1	579.03	579.03	0.4491	
1374	1	579.8	579.8	0.4	
1375	1	579.78	579.78	0.4716	
1376	1	579.79	579.79	0.4659	
1377	1	579.81	579.81	0.3339	
1378	1	579.92	579.92	0.0736	
1379	1	580	580	0	
1380	1	580	580	0	
1381	1	580.7	580.7	0.29	
1382	1	581.74	581.74	0.4524	
1383	1	582.57	582.57	0.9051	
1384	1	582.67	582.67	0.8811	
1385	1	582.67	582.67	0.8811	
1386	1	582.72	582.72	0.9616	
1387	1	584.15	584.15	2.3275	
1388	1	584.5	584.5	2.25	
1389	1	584.75	584.75	1.1875	
1390	1	584.95	584.95	0.2475	
1391	1	585.01	585.01	0.0099	
1392	1	585.1	585.1	0.09	
1393	1	586.51	586.51	0.3099	
1394	1	586.87	586.87	0.1131	
1395	1	587.66	587.66	0.4444	
1396	1	588.6	588.6	0.72	
1397	1	588.77	588.77	0.5371	
1398	1	588.84	588.84	0.3744	
1399	1	588.9	588.9	0.09	
1400	1	588.93	588.93	0.0651	
1401	1	588.99	588.99	0.0099	
1402	1	588.99	588.99	0.0099	
1403	1	589.01	589.01	0.0099	
1404	1	589.5	589.5	0.25	
1405	1	589.89	589.89	0.0979	
1406	1	589.84	589.84	0.1344	
1407	1	589.87	589.87	0.1131	
1408	1	589.87	589.87	0.1131	
1409	1	589.89	589.89	0.0979	
1410	1	589.89	589.89	0.0979	
1411	1	589.88	589.88	0.1056	
1412	1	589.86	589.86	0.1204	
1413	1	589.86	589.86	0.1404	
1414	1	590.78	590.78	0.3916	
1415	1	590.78	590.78	0.3916	
1416	1	591.39	591.39	0.8979	
1417	1	591.67	591.67	0.8811	
1418	1	592.54	592.54	1.5884	
1419	1	593.21	593.21	2.3659	
1420	1	593.45	593.45	2.4475	
1421	1	593.65	593.65	1.6275	
1422	1	593.95	593.95	0.2475	
1423	1	593.95	593.95	0.2475	
1424	1	594.01	594.01	0.0099	
1425	1	594.69	594.69	0.2139	
1426	1	594.87	594.87	0.1131	
1427	1	594.84	594.84	0.1344	
1428	1	595.82	595.82	0.2876	
1429	1	595.93	595.93	0.0651	
1430	1	595.99	595.99	0.0099	
1431	1	596.7	596.7	0.21	
1432	1	597.87	597.87	0.6331	
1433	1	598.67	598.67	0.8811	
1434	1	598.63	598.63	1.0531	
1435	1	599.52	599.52	1.5696	
1436	1	599.56	599.56	1.5664	
1437	1	599.64	599.64	1.3104	
1438	1	599.96	599.96	0.1584	
1439	1	599.96	599.96	0.1584	
1440	1	599.96	599.96	0.1584	
1441	1	600.01	600.01	0.0099	
1442	1	600.01	600.01	0.0099	
1443	1	600.01	600.01	0.0099	
1444	1	600.01	600.01	0.0099	
1445	1	600.08	600.08	0.0736	
1446	1	601.59	601.59	0.5019	
1447	1	601.78	601.78	0.3916	
1448	1	601.78	601.78	0.3916	
1449	1	601.76	601.76	0.4224	
1450	1	602.64	602.64	0.8304	
1451	1	603.43	603.43	1.5851	
1452	1	603.62	603.62	1.2556	
1453	1	603.66	603.66	1.0444	
1454	1	604.34	604.34	1.5844	
1455	1	604.57	604.57	1.6051	
1456	1	605.28	605.28	2.4216	
1457	1	605.46	605.46	2.4684	
1458	1	605.72	605.72	1.0416	
1459	1	605.76	605.76	0.9024	
1460	1	605.96	605.96	0.1584	
1461	1	605.96	605.96	0.1584	
1462	1	606.01	606.01	0.0099	
1463	1	606.05	606.05	0.0475	
1464	1	606.01	606.01	0.0099	
1465	1	606.01	606.01	0.0099	
1466	1	606.28	606.28	0.2016	
1467	1	607.47	607.47	0.5091	
1468	1	607.78	607.78	0.3916	
1469	1	607.86	607.86	0.3204	
1470	1	609.56	609.56	0.9664	
1471	1	609.68	609.68	0.9376	
1472	1	609.73	609.73	0.8171	
1473	1	609.8	609.8	0.52	
1474	1	609.96	609.96	0.1584	
1475	1	609.96	609.96	0.1584	
1476	1	610.01	610.01	0.0099	
1477	1	610.01	610.01	0.0099	
1478	1	611.31	611.31	0.6139	
1479	1	612.6	612.6	0.96	
1480	1	612.67	612.67	0.8811	
1481	1	612.67	612.67	0.8811	
1482	1	613.88	613.88	0.1056	
1483	1	614.84	614.84	0.1944	
1484	1	614.88	614.88	0.1256	
1485	1	615.7	615.7	0.43	
1486	1	616.67	616.67	0.8211	
1487	1	617.43	617.43	1.0851	
1488	1	617.73	617.73	0.7971	
1489	1	617.96	617.96	0.9784	
1490	1	618.66	618.66	1.1644	
1491	1	618.69	618.69	0.9739	
1492	1	618.74	618.74	0.8724	
1493	1	619.61	619.61	1.3779	
1494	1	619.67	619.67	0.8811	
1495	1	619.65	619.65	0.9675	
1496	1	619.67	619.67	0.8811	
1497	1	620.11	620.11	1.4179	
1498	1	621.33	621.33	2.4211	
1499	1	621.45	621.45	2.4475	
1500	1	621.45	621.45	2.4475	
1501	1	621.55	621.55	2.0475	
1502	1	621.55	621.55	2.0475	
1503	1	622.13	622.13	0.1131	
1504	1	623.02	623.02	0.2796	
1505	1	623.78	623.78	0.3916	
1506	1	623.78	623.78	0.3916	
1507	1	623.78	623.78	0.3916	
1508	1	623.92	623.92	0.1536	
1509	1	624.31	624.31	0.3939	
1510	1	624.85	624.85	0.2475	
1511	1	624.89	624.89	0.0979	
1512	1	624.89	624.89	0.0979	
1513	1	625.77	625.77	0.3971	
1514	1	625.78	625.78	0.3916	
1515	1	625.93	625.93	0.3451	
1516	1	626.82	626.82	0.1476	
1517	1	627.76	627.76	0.4224	
1518	1	627.78	627.78	0.3916	
1519	1	627.78	627.78	0.3916	
1520	1	627.78	627.78	0.3916	
1521	1	627.78	627.78	0.3916	
1522	1	627.76	627.76	0.4224	
1523	1	627.78	627.78	0.3916	
1524	1	628.42	628.42	0.9036	
1525	1	628.7	628.7	0.81	
1526	1	629.02	629.02	0.4996	
1527	1	629.83	629.83	0.3811	
1528	1	630.32	630.32	0.4376	
1529	1	631.67	631.67	0.8811	
1530	1	632.91	632.91	2.1019	
1531	1	633.62	633.62	2.7756	
1532	1	634.34	634.34	3.5244	
1533	1	635.76	635.76	5.9024	
1534	1	636.52	636.52	3.6096	
1535	1	636.92	636.92	0.6336	
1536	1	637.02	637.02	0.0196	
1537	1	637.83	637.83	0.1411	
1538	1	637.9	637.9	0.09	
1539	1	638.84	638.84	0.1544	
1540	1	638.88	638.88	0.1056	
1541	1	638.91	638.91	0.0819	
1542	1	639.44	639.44	0.3864	
1543	1	639.81	639.81	0.3139	
1544	1	639.85	639.85	0.3075	
1545	1	640.77	640.77	0.4171	
1546	1	640.97	640.97	0.1091	
1547	1	641.01	641.01	0.0099	
1548	1	641.56	641.56	0.2464	
1549	1	642.53	642.53	0.4691	
1550	1	642.78	642.78	0.3916	
1551	1	642.76	642.76	0.4224	
1552	1	642.88	642.88	0.2256	
1553	1	643.08	643.08	0.0736	
1554	1	643.95	643.95	0.1075	
1555	1	646.05	646.05	1.1675	
1556	1	646.59	646.59	1.3219	
1557	1	646.91	646.91	0.2619	
1558	1	646.97	646.97	0.0891	
1559	1	647.01	647.01	0.0099	
1560	1	647.83	647.83	0.1411	
1561	1	647.89	647.89	0.0979	
1562	1	647.94	647.94	0.1764	
1563	1	650.05	650.05	1.4875	
1564	1	650.56	650.56	1.5664	
1565	1	651.39	651.39	2.4379	
1566	1	651.65	651.65	1.6275	
1567	1	651.95	651.95	0.2475	
1568	1	651.95	651.95	0.2475	
1569	1	652.01	652.01	0.0099	
1570	1	652.01	652.01	0.0099	
1571	1	652.01	652.01	0.0099	
1572	1	652.01	652.01	0.0099	
1573	1	652.01	652.01	0.0099	
1574	1	652.01	652.01	0.0099	
1575	1	652.05	652.05	0.0475	
1576	1	652.89	652.89	0.0979	
1577	1	652.87	652.87	0.1131	
1578	1	652.9	652.9	0.11	
1579	1	653.49	653.49	0.4899	
1580	1	653.78	653.78	0.3916	
1581	1	653.87	653.87	0.5131	
1582	1	654.66	654.66	0.8844	
1583	1	655.45	655.45	1.5675	
1584	1	655.52	655.52	1.6896	
1585	1	655.56	655.56	1.5664	
1586	1	655.56	655.56	1.5664	
1587	1	655.56	655.56	1.5664	
1588	1	655.56	655.56	1.5664	
1589	1	656.39	656.39	2.4579	
1590	1	658.09	658.09	4.7019	
1591	1	659.27	659.27	6.7971	
1592	1	660.89	660.89	9.7779	
1593	1	660.9	660.9	9.79	
1594	1	661.6	661.6	11.54	
1595	1	661.79	661.79	11.8459	
1596	1	662.34	662.34	13.4244	
1597	1	663.32	663.32	16.0176	
1598	1	663.57	663.57	16.5451	
1599	1	663.57	663.57	16.5451	
1600	1	663.57	663.57	16.5451	
1601	1	663.57	663.57	16.5451	
1602	1	663.83	663.83	13.8411	
1603	1	665.39	665.39	0.2379	
1604	1	665.88	665.88	0.1056	
1605	1	666.62	666.62	0.4556	
1606	1	666.76	666.76	0.4224	
1607	1	666.78	666.78	0.3916	
1608	1	666.78	666.78	0.3916	
1609	1	666.78	666.78	0.3916	
1610	1	666.78	666.78	0.3916	
1611	1	666.78	666.78	0.3916	
1612	1	667.79	667.79	1.1259	
1613	1	668.54	668.54	1.5684	
1614	1	669.52	669.52	1.6496	
1615	1	669.73	669.73	0.9971	
1616	1	670.81	670.81	1.1939	
1617	1	671.66	671.66	0.8844	
1618	1	671.67	671.67	0.8811	
1619	1	671.99	671.99	1.3099	
1620	1	672.68	672.68	1.7776	
1621	1	673.45	673.45	2.4475	
1622	1	673.79	673.79	2.1459	
1623	1	674.83	674.83	0.7411	
1624	1	675.73	675.73	0.1971	
1625	1	676.45	676.45	0.4875	
1626	1	676.77	676.77	0.3971	
1627	1	676.78	676.78	0.3916	
1628	1	676.78	676.78	0.3916	
1629	1	676.9	676.9	0.61	
1630	1	677.76	677.76	0.6624	
1631	1	678.02	678.02	0.9796	
1632	1	679.6	679.6	1.54	
1633	1	680.5	680.5	2.11	
1634	1	680.49	680.49	2.3499	
1635	1	680.49	680.49	2.3499	
1636	1	680.49	680.49	2.3499	
1637	1	681.31	681.31	0.6939	
1638	1	681.8	681.8	0.52	
1639	1	682.06	682.06	0.2764	
1640	1	682.78	682.78	0.3916	
1641	1	682.78	682.78	0.3916	
1642	1	682.78	682.78	0.3916	
1643	1	682.76	682.76	0.4224	
1644	1	683.42	683.42	0.9636	
1645	1	683.73	683.73	0.7371	
1646	1	684.46	684.46	0.2484	
1647	1	684.98	684.98	0.0196	
1648	1	685	685	0	
1649	1	685.01	685.01	0.0099	
1650	1	685.84	685.84	0.1344	
1651	1	685.88	685.88	0.1056	
1652	1	685.89	685.89	0.0979	
1653	1	686.55	686.55	0.4675	
1654	1	686.78	686.78	0.3916	
1655	1	686.76	686.76	0.4224	
1656	1	686.78	686.78	0.3916	
1657	1	686.92	686.92	0.1536	
1658	1	687.61	687.61	0.2379	
1659	1	687.88	687.88	0.1056	
1660	1	687.89	687.89	0.0979	
1661	1	687.87	687.87	0.1131	
1662	1	687.86	687.86	0.1404	
1663	1	688.74	688.74	0.4324	
1664	1	688.8	688.8	0.36	
1665	1	688.76	688.76	0.4224	
1666	1	688.78	688.78	0.3916	
1667	1	689.18	689.18	0.8076	
1668	1	689.86	689.86	1.1604	
1669	1	690.89	690.89	2.0779	
1670	1	691.44	691.44	2.4664	
1671	1	692.34	692.34	3.5244	
1672	1	692.34	692.34	3.5244	
1673	1	692.58	692.58	2.3436	
1674	1	692.94	692.94	0.3564	
1675	1	692.94	692.94	0.3564	
1676	1	692.94	692.94	0.3564	
1677	1	693.01	693.01	0.0099	
1678	1	693.01	693.01	0.0099	
1679	1	693.72	693.72	0.2016	
1680	1	695.75	695.75	0.6075	
1681	1	695.97	695.97	0.0891	
1682	1	696.83	696.83	0.1411	
1683	1	696.89	696.89	0.0979	
1684	1	696.86	696.86	0.1204	
1685	1	696.88	696.88	0.1056	
1686	1	696.83	696.83	0.1411	
1687	1	697.59	697.59	0.4619	
1688	1	698.55	698.55	0.9075	
1689	1	699.1	699.1	1.41	
1690	1	700.46	700.46	2.4684	
1691	1	700.86	700.86	3.4004	
1692	1	702.23	702.23	4.7971	
1693	1	702.59	702.59	5.5819	
1694	1	703.09	703.09	6.2419	
1695	1	703.1	703.1	6.25	
1696	1	703.15	703.15	6.3475	
1697	1	703.12	703.12	6.2656	
1698	1	703.2	703.2	5.76	
1699	1	703.62	703.62	3.0756	
1700	1	704.7	704.7	2.37	
1701	1	704.96	704.96	0.0384	
1702	1	705.45	705.45	0.2675	
1703	1	705.9	705.9	0.11	
1704	1	707.25	707.25	0.9075	
1705	1	708.22	708.22	1.4916	
1706	1	708.65	708.65	1.7275	
1707	1	709.55	709.55	2.0475	
1708	1	709.95	709.95	0.2475	
1709	1	709.95	709.95	0.2475	
1710	1	710.01	710.01	0.0099	
1711	1	710.01	710.01	0.0099	
1712	1	710.01	710.01	0.0099	
1713	1	710.85	710.85	0.1275	
1714	1	711.56	711.56	0.2464	
1715	1	711.86	711.86	0.1204	
1716	1	712.02	712.02	0.2396	
1717	1	712.78	712.78	0.3916	
1718	1	712.78	712.78	0.3916	
1719	1	712.74	712.74	0.4524	
1720	1	712.78	712.78	0.3916	
1721	1	712.78	712.78	0.3916	
1722	1	713.1	713.1	0.75	
1723	1	713.65	713.65	0.8875	
1724	1	713.67	713.67	0.8811	
1725	1	713.67	713.67	0.8811	
1726	1	713.67	713.67	0.8811	
1727	1	713.67	713.67	0.8811	
1728	1	713.71	713.71	0.9459	
1729	1	714.56	714.56	1.5664	
1730	1	714.56	714.56	1.5664	
1731	1	714.56	714.56	1.5664	
1732	1	714.56	714.56	1.5664	
1733	1	715.39	715.39	2.0779	
1734	1	717.08	717.08	2.6736	
1735	1	718.42	718.42	0.6436	
1736	1	719.78	719.78	0.6516	
1737	1	720.67	720.67	0.3411	
1738	1	721.19	721.19	0.5339	
1739	1	721.71	721.71	0.6459	
1740	1	721.69	721.69	0.7339	
1741	1	721.71	721.71	0.7059	
1742	1	721.77	721.77	0.7971	
1743	1	722.61	722.61	1.2579	
1744	1	722.6	722.6	1.32	
1745	1	722.84	722.84	1.6944	
1746	1	723.48	723.48	2.2096	
1747	1	723.7	723.7	2.61	
1748	1	725.81	725.81	5.5139	
1749	1	726.15	726.15	5.8675	
1750	1	726.14	726.14	6.0004	
1751	1	726.14	726.14	6.0004	
1752	1	726.75	726.75	7.2875	
1753	1	727.05	727.05	7.6875	
1754	1	727.91	727.91	9.4619	
1755	1	728.6	728.6	3.84	
1756	1	729.01	729.01	0.0099	
1757	1	729.01	729.01	0.0099	
1758	1	729.01	729.01	0.0099	
1759	1	729.01	729.01	0.0099	
1760	1	729.24	729.24	0.1824	
1761	1	730.56	730.56	0.4664	
1762	1	730.85	730.85	0.6675	
1763	1	731.7	731.7	0.93	
1764	1	732.56	732.56	1.5664	
1765	1	732.65	732.65	1.7275	
1766	1	734.86	734.86	4.7804	
1767	1	735.28	735.28	4.9216	
1768	1	736.12	736.12	6.2656	
1769	1	737.12	737.12	8.4056	
1770	1	737.89	737.89	9.7779	
1771	1	738.77	738.77	11.8171	
1772	1	739.34	739.34	6.8244	
1773	1	739.68	739.68	3.5376	
1774	1	740.19	740.19	2.7939	
1775	1	740.89	740.89	0.0979	
1776	1	740.89	740.89	0.0979	
1777	1	740.88	740.88	0.1056	
1778	1	741.16	741.16	0.3544	
1779	1	741.78	741.78	0.3916	
1780	1	741.9	741.9	0.61	
1781	1	743.3	743.3	1.53	
1782	1	743.84	743.84	2.0544	
1783	1	744.45	744.45	2.4475	
1784	1	744.45	744.45	2.4475	
1785	1	744.45	744.45	2.4475	
1786	1	744.45	744.45	2.4475	
1787	1	744.87	744.87	3.1531	
1788	1	745.34	745.34	3.5244	
1789	1	745.41	745.41	3.6819	
1790	1	747.12	747.12	6.2656	
1791	1	747.13	747.13	6.2931	
1792	1	748.69	748.69	9.4939	
1793	1	748.9	748.9	9.79	
1794	1	749.2	749.2	7.36	
1795	1	749.79	749.79	7.4459	
1796	1	750.69	750.69	2.4139	
1797	1	750.89	750.89	0.0979	
1798	1	750.89	750.89	0.0979	
1799	1	750.89	750.89	0.0979	
1800	1	751.49	751.49	0.4699	
1801	1	751.76	751.76	0.4224	
1802	1	752.36	752.36	0.8904	
1803	1	752.67	752.67	0.8811	
1804	1	753.24	753.24	1.5024	
1805	1	753.56	753.56	1.5664	
1806	1	753.76	753.76	0.9024	
1807	1	754	754	0	
1808	1	754	754	0	
1809	1	754.01	754.01	0.0099	
1810	1	754.85	754.85	0.1275	
1811	1	755	755	0	
1812	1	756.56	756.56	0.6664	
1813	1	758.53	758.53	1.5691	
1814	1	759.4	759.4	2.44	
1815	1	759.45	759.45	2.4475	
1816	1	759.8	759.8	0.96	
1817	1	760.57	760.57	0.2451	
1818	1	761.75	761.75	0.4075	
1819	1	761.74	761.74	0.4524	
1820	1	761.96	761.96	0.6184	
1821	1	763.59	763.59	1.4419	
1822	1	763.76	763.76	0.9024	
1823	1	763.8	763.8	0.76	
1824	1	763.92	763.92	0.3136	
1825	1	764.6	764.6	0.24	
1826	1	764.89	764.89	0.0979	
1827	1	765.01	765.01	0.2499	
1828	1	767.02	767.02	1.4196	
1829	1	767.56	767.56	1.5664	
1830	1	767.52	767.52	1.6896	
1831	1	767.85	767.85	2.0275	
1832	1	768.46	768.46	2.4684	
1833	1	768.45	768.45	2.4475	
1834	1	768.45	768.45	2.4475	
1835	1	769.25	769.25	3.4875	
1836	1	769.5	769.5	3.87	
1837	1	770.59	770.59	2.3419	
1838	1	770.82	770.82	0.9876	
1839	1	770.95	770.95	0.0475	
1840	1	770.99	770.99	0.0099	
1841	1	771.75	771.75	0.1875	
1842	1	771.84	771.84	0.1344	
1843	1	771.84	771.84	0.1344	
1844	1	771.94	771.94	0.1564	
1845	1	773.16	773.16	1.0344	
1846	1	773.67	773.67	0.8811	
1847	1	773.79	773.79	0.5859	
1848	1	773.85	773.85	0.4275	
1849	1	774.2	774.2	0.16	
1850	1	774.93	774.93	0.0651	
1851	1	775.8	775.8	0.16	
1852	1	776.05	776.05	0.0875	
1853	1	776.88	776.88	0.1056	
1854	1	776.87	776.87	0.1131	
1855	1	777.38	777.38	0.4756	
1856	1	778.61	778.61	0.8979	
1857	1	778.67	778.67	0.8811	
1858	1	778.67	778.67	0.8811	
1859	1	778.67	778.67	0.8811	
1860	1	778.69	778.69	0.9139	
1861	1	779.54	779.54	1.5684	
1862	1	779.56	779.56	1.5664	
1863	1	779.56	779.56	1.5664	
1864	1	780.39	780.39	2.4379	
1865	1	780.45	780.45	2.4475	
1866	1	780.45	780.45	2.4475	
1867	1	780.48	780.48	2.5096	
1868	1	780.45	780.45	2.4475	
1869	1	780.45	780.45	2.4475	
1870	1	780.45	780.45	2.4475	
1871	1	780.7	780.7	1.41	
1872	1	781.64	781.64	0.2304	
1873	1	781.88	781.88	0.1056	
1874	1	781.89	781.89	0.0979	
1875	1	781.89	781.89	0.0979	
1876	1	781.87	781.87	0.1131	
1877	1	782.75	782.75	0.4075	
1878	1	783.56	783.56	0.9064	
1879	1	784.53	784.53	1.5691	
1880	1	784.49	784.49	1.8299	
1881	1	785.39	785.39	2.2379	
1882	1	785.7	785.7	1.41	
1883	1	785.8	785.8	0.96	
1884	1	786.81	786.81	0.1539	
1885	1	786.96	786.96	0.1784	
1886	1	787.76	787.76	0.4024	
1887	1	788.57	788.57	0.9051	
1888	1	788.67	788.67	0.8811	
1889	1	788.65	788.65	0.9075	
1890	1	788.77	788.77	1.0371	
1891	1	789.8	789.8	0.76	
1892	1	789.92	789.92	0.3136	
1893	1	789.96	789.96	0.1584	
1894	1	790.01	790.01	0.0099	
1895	1	790.01	790.01	0.0099	
1896	1	790.01	790.01	0.0099	
1897	1	790.01	790.01	0.0099	
1898	1	790.01	790.01	0.0099	
1899	1	790.79	790.79	0.1659	
1900	1	791.79	791.79	0.3259	
1901	1	793.57	793.57	0.9651	
1902	1	794.19	794.19	1.5539	
1903	1	794.55	794.55	1.6475	
1904	1	795.32	795.32	2.6176	
1905	1	796.33	796.33	3.6411	
1906	1	796.33	796.33	3.6411	
1907	1	796.46	796.46	2.9484	
1908	1	796.94	796.94	0.3564	
1909	1	797.01	797.01	0.0099	
1910	1	797.71	797.71	0.2059	
1911	1	797.85	797.85	0.1275	
1912	1	798.74	798.74	0.4324	
1913	1	798.76	798.76	0.4224	
1914	1	798.74	798.74	0.4524	
1915	1	799.24	799.24	0.8424	
1916	1	799.66	799.66	0.8844	
1917	1	799.7	799.7	0.93	
1918	1	801.33	801.33	2.5211	
1919	1	801.75	801.75	1.1875	
1920	1	801.9	801.9	0.49	
1921	1	802.4	802.4	0.24	
1922	1	802.87	802.87	0.1131	
1923	1	803.25	803.25	0.4075	
1924	1	803.78	803.78	0.3916	
1925	1	804.24	804.24	0.8424	
1926	1	805.46	805.46	1.5684	
1927	1	805.68	805.68	1.1776	
1928	1	805.92	805.92	0.3136	
1929	1	805.96	805.96	0.1584	
1930	1	806.89	806.89	0.0979	
1931	1	806.88	806.88	0.1056	
1932	1	806.89	806.89	0.0979	
1933	1	806.89	806.89	0.0979	
1934	1	806.94	806.94	0.0564	
1935	1	807.24	807.24	0.2224	
1936	1	808.17	808.17	0.4011	
1937	1	808.77	808.77	0.3971	
1938	1	808.78	808.78	0.3916	
1939	1	808.78	808.78	0.3916	
1940	1	808.78	808.78	0.3916	
1941	1	809.47	809.47	0.9091	
1942	1	809.67	809.67	0.8811	
1943	1	809.64	809.64	0.9504	
1944	1	809.64	809.64	0.9504	
1945	1	809.71	809.71	0.9459	
1946	1	812.4	812.4	2.58	
1947	1	812.84	812.84	1.0744	
1948	1	814.54	814.54	1.0084	
1949	1	815.64	815.64	0.9504	
1950	1	815.67	815.67	0.8811	
1951	1	815.7	815.7	0.81	
1952	1	816.58	816.58	1.2036	
1953	1	816.71	816.71	0.9259	
1954	1	817.2	817.2	0.92	
1955	1	817.86	817.86	0.2604	
1956	1	818.65	818.65	0.5275	
1957	1	818.77	818.77	0.4771	
1958	1	818.9	818.9	0.21	
1959	1	818.98	818.98	0.0196	
1960	1	818.98	818.98	0.0196	
1961	1	819.13	819.13	0.1131	
1962	1	819.89	819.89	0.0979	
1963	1	819.89	819.89	0.0979	
1964	1	819.89	819.89	0.0979	
1965	1	819.89	819.89	0.0979	
1966	1	819.89	819.89	0.0979	
1967	1	819.89	819.89	0.0979	
1968	1	820.25	820.25	0.4675	
1969	1	820.78	820.78	0.3916	
1970	1	820.76	820.76	0.4224	
1971	1	820.92	820.92	0.1536	
1972	1	820.94	820.94	0.1164	
1973	1	820.98	820.98	0.0396	
1974	1	820.98	820.98	0.0396	
1975	1	821.46	821.46	0.2484	
1976	1	821.82	821.82	0.1476	
1977	1	821.98	821.98	0.1996	
1978	1	822.78	822.78	0.3916	
1979	1	823.6	823.6	0.86	
1980	1	823.72	823.72	0.7816	
1981	1	823.74	823.74	0.5724	
1982	1	825.35	825.35	1.8875	
1983	1	825.52	825.52	1.8896	
1984	1	825.52	825.52	1.8896	
1985	1	825.52	825.52	1.8896	
1986	1	826.67	826.67	3.4011	
1987	1	827.28	827.28	3.9816	
1988	1	827.67	827.67	4.7411	
1989	1	828.19	828.19	5.3339	
1990	1	828.2	828.2	5.36	
1991	1	828.93	828.93	5.6051	
1992	1	829.3	829.3	5.35	
1993	1	829.36	829.36	4.7904	
1994	1	829.7	829.7	2.37	
1995	1	830	830	0	
1996	1	830	830	0	
1997	1	830	830	0	
1998	1	830	830	0	
1999	1	830.87	830.87	0.1131	
2000	1	831.21	831.21	0.1659	
