# mu = 0.01, s = 1, trials requested = 1, runtime = 0:00:01
# "Time"	"Actual trials"	"Mean mutation"	"Average mean mutation"	"Average mutation variance"
0	1	0	0	0	
1	1	0.01	0.01	0.0099	
2	1	0.03	0.03	0.0291	
3	1	0.05	0.05	0.0475	
4	1	0.04	0.04	0.0384	
5	1	0.13	0.13	0.1131	
6	1	0.19	0.19	0.1539	
7	1	0.45	0.45	0.2875	
8	1	0.53	0.53	0.2491	
9	1	0.71	0.71	0.2059	
10	1	0.78	0.78	0.1916	
11	1	1	1	0.4	
12	1	1.19	1.19	0.4139	
13	1	1.52	1.52	0.8896	
14	1	2	2	1.16	
15	1	2.45	2.45	1.3275	
16	1	2.64	2.64	1.3904	
17	1	2.89	2.89	1.3779	
18	1	3.16	3.16	1.4744	
19	1	3.23	3.23	1.3771	
20	1	3.37	3.37	1.3531	
21	1	3.42	3.42	1.4036	
22	1	3.6	3.6	1.64	
23	1	3.75	3.75	1.8075	
24	1	4.15	4.15	1.8475	
25	1	4.33	4.33	1.7611	
26	1	4.53	4.53	1.8091	
27	1	4.63	4.63	1.9931	
28	1	4.89	4.89	2.4579	
29	1	5.11	5.11	2.4579	
30	1	5.27	5.27	2.5771	
31	1	5.46	5.46	2.7884	
32	1	5.63	5.63	3.0731	
33	1	5.98	5.98	3.4196	
34	1	6.14	6.14	3.5604	
35	1	6.26	6.26	3.8724	
36	1	6.97	6.97	5.5091	
37	1	7.58	7.58	6.2436	
38	1	7.8	7.8	6.32	
39	1	7.98	7.98	6.3796	
40	1	8.06	8.06	6.4964	
41	1	8.13	8.13	6.5531	
42	1	8.33	8.33	6.8611	
43	1	8.5	8.5	7.25	
44	1	8.67	8.67	7.6611	
45	1	9.09	9.09	8.7219	
46	1	9.59	9.59	9.5619	
47	1	9.77	9.77	9.9971	
48	1	10.1	10.1	10.67	
49	1	10.55	10.55	11.6875	
50	1	11.1	11.1	13.27	
51	1	11.68	11.68	14.9176	
52	1	12.38	12.38	16.3556	
53	1	12.69	12.69	17.0939	
54	1	13.08	13.08	18.2336	
55	1	13.6	13.6	19.84	
56	1	13.78	13.78	20.3116	
57	1	14.17	14.17	21.6411	
58	1	14.5	14.5	23.01	
59	1	15.17	15.17	25.4411	
60	1	15.58	15.58	26.5836	
61	1	16.28	16.28	29.5216	
62	1	16.93	16.93	32.0451	
63	1	17.38	17.38	33.6156	
64	1	17.65	17.65	34.3075	
65	1	17.78	17.78	34.5516	
66	1	17.84	17.84	34.7944	
67	1	17.97	17.97	35.3091	
68	1	18.11	18.11	35.8579	
69	1	18.15	18.15	36.0275	
70	1	18.33	18.33	36.8411	
71	1	18.49	18.49	37.5099	
72	1	18.61	18.61	38.0579	
73	1	18.64	18.64	38.1304	
74	1	18.68	18.68	38.2976	
75	1	18.82	18.82	38.9076	
76	1	19.05	19.05	40.0275	
77	1	19.36	19.36	41.3904	
78	1	19.55	19.55	42.1275	
79	1	19.65	19.65	42.6475	
80	1	19.71	19.71	42.9059	
81	1	20.32	20.32	46.3576	
82	1	20.79	20.79	48.6259	
83	1	21.18	21.18	50.1676	
84	1	21.36	21.36	50.8304	
85	1	21.48	21.48	51.2496	
86	1	21.57	21.57	51.7251	
87	1	21.79	21.79	53.0259	
88	1	22	22	54.24	
89	1	22.21	22.21	55.2459	
90	1	22.74	22.74	58.3524	
91	1	23.54	23.54	63.4484	
92	1	24.49	24.49	68.2699	
93	1	24.89	24.89	70.2179	
94	1	25.24	25.24	72.0224	
95	1	25.42	25.42	73.1836	
96	1	25.63	25.63	74.3731	
97	1	25.8	25.8	75.36	
98	1	26.06	26.06	77.1364	
99	1	26.6	26.6	80.76	
100	1	27.2	27.2	84.6	
101	1	27.32	27.32	85.2976	
102	1	27.61	27.61	86.9379	
103	1	27.83	27.83	88.2811	
104	1	28.12	28.12	90.1856	
105	1	28.53	28.53	84.6691	
106	1	28.73	28.73	85.9571	
107	1	28.89	28.89	86.8179	
108	1	28.88	28.88	86.7456	
109	1	28.92	28.92	86.9936	
110	1	28.94	28.94	87.1764	
111	1	29.31	29.31	89.6539	
112	1	29.74	29.74	83.4924	
113	1	29.94	29.94	84.4964	
114	1	30.07	30.07	85.2051	
115	1	30.15	30.15	85.7075	
116	1	30.65	30.65	77.6075	
117	1	31.08	31.08	68.7536	
118	1	31.95	31.95	49.6475	
119	1	32.13	32.13	50.1531	
120	1	32.45	32.45	42.3075	
121	1	32.55	32.55	42.6075	
122	1	32.99	32.99	44.5699	
123	1	34.01	34.01	48.8499	
124	1	34.96	34.96	51.4984	
125	1	35.44	35.44	52.9664	
126	1	35.78	35.78	54.0516	
127	1	36.23	36.23	55.6171	
128	1	36.77	36.77	57.8571	
129	1	37.2	37.2	59.42	
130	1	37.62	37.62	60.9156	
131	1	37.89	37.89	61.7779	
132	1	38.06	38.06	62.5364	
133	1	38.21	38.21	63.2059	
134	1	38.49	38.49	64.4099	
135	1	38.75	38.75	65.4675	
136	1	38.86	38.86	65.9804	
137	1	38.93	38.93	66.3051	
138	1	39.13	39.13	67.2931	
139	1	39.31	39.31	68.1139	
140	1	39.55	39.55	69.1275	
141	1	39.61	39.61	69.3579	
142	1	39.63	39.63	69.4131	
143	1	39.68	39.68	69.6376	
144	1	39.89	39.89	70.7779	
145	1	40.1	40.1	71.83	
146	1	40.2	40.2	72.3	
147	1	40.37	40.37	73.0731	
148	1	40.44	40.44	73.4864	
149	1	40.69	40.69	74.8539	
150	1	40.98	40.98	76.2596	
151	1	41.43	41.43	78.7051	
152	1	41.88	41.88	81.0256	
153	1	42.22	42.22	82.6316	
154	1	42.5	42.5	84.01	
155	1	42.77	42.77	85.5771	
156	1	43.11	43.11	87.2779	
157	1	43.18	43.18	87.6476	
158	1	43.24	43.24	87.9624	
159	1	43.26	43.26	88.0524	
160	1	43.36	43.36	88.6704	
161	1	43.52	43.52	89.6496	
162	1	43.71	43.71	90.7259	
163	1	43.76	43.76	91.0224	
164	1	43.98	43.98	92.4396	
165	1	44.45	44.45	95.4275	
166	1	45.07	45.07	99.2251	
167	1	45.27	45.27	100.377	
168	1	45.5	45.5	101.63	
169	1	45.74	45.74	102.772	
170	1	45.8	45.8	103	
171	1	45.87	45.87	103.373	
172	1	45.9	45.9	103.55	
173	1	45.91	45.91	103.622	
174	1	45.95	45.95	103.907	
175	1	46.06	46.06	104.676	
176	1	46.19	46.19	105.574	
177	1	46.6	46.6	108.54	
178	1	47.2	47.2	112.44	
179	1	47.42	47.42	113.704	
180	1	47.68	47.68	115.158	
181	1	47.87	47.87	116.453	
182	1	47.98	47.98	117.24	
183	1	48.07	48.07	117.845	
184	1	48.06	48.06	117.776	
185	1	48.22	48.22	118.852	
186	1	48.41	48.41	120.122	
187	1	48.46	48.46	120.448	
188	1	48.66	48.66	121.984	
189	1	48.78	48.78	122.792	
190	1	49.01	49.01	124.31	
191	1	49.27	49.27	126.097	
192	1	49.5	49.5	127.89	
193	1	50.06	50.06	132.176	
194	1	50.46	50.46	135.148	
195	1	50.75	50.75	137.227	
196	1	51.18	51.18	140.388	
197	1	51.41	51.41	142.042	
198	1	51.63	51.63	143.753	
199	1	51.77	51.77	144.677	
200	1	51.76	51.76	144.602	
201	1	51.98	51.98	146.2	
202	1	52.12	52.12	147.386	
203	1	52.64	52.64	151.97	
204	1	53.41	53.41	158.002	
205	1	53.71	53.71	160.006	
206	1	53.77	53.77	160.397	
207	1	53.89	53.89	161.258	
208	1	53.94	53.94	161.596	
209	1	54.06	54.06	162.676	
210	1	54.27	54.27	164.657	
211	1	54.59	54.59	167.542	
212	1	55.14	55.14	172.16	
213	1	55.28	55.28	173.282	
214	1	55.48	55.48	174.81	
215	1	55.64	55.64	176.09	
216	1	56.11	56.11	172.718	
217	1	56.36	56.36	174.75	
218	1	56.57	56.57	176.585	
219	1	56.85	56.85	179.067	
220	1	57.48	57.48	176.19	
221	1	57.73	57.73	178.097	
222	1	57.9	57.9	179.33	
223	1	57.96	57.96	179.798	
224	1	58.22	58.22	181.952	
225	1	59.09	59.09	171.322	
226	1	59.27	59.27	172.517	
227	1	59.42	59.42	173.444	
228	1	59.61	59.61	174.938	
229	1	59.86	59.86	176.76	
230	1	59.91	59.91	177.122	
231	1	60.78	60.78	142.452	
232	1	60.84	60.84	142.734	
233	1	61.51	61.51	105.67	
234	1	61.72	61.72	106.822	
235	1	61.81	61.81	107.294	
236	1	62	62	108.3	
237	1	62.33	62.33	110.121	
238	1	62.8	62.8	112.32	
239	1	63.3	63.3	113.71	
240	1	63.48	63.48	114.55	
241	1	63.69	63.69	115.294	
242	1	63.88	63.88	116.186	
243	1	64.16	64.16	117.554	
244	1	64.26	64.26	118.052	
245	1	64.36	64.36	118.61	
246	1	65.05	65.05	122.248	
247	1	65.75	65.75	125.807	
248	1	66.24	66.24	128.222	
249	1	66.49	66.49	129.31	
250	1	67.02	67.02	132.22	
251	1	67.49	67.49	134.79	
252	1	67.85	67.85	136.608	
253	1	67.95	67.95	137.188	
254	1	68.12	68.12	138.026	
255	1	68.18	68.18	138.328	
256	1	68.34	68.34	139.324	
257	1	68.68	68.68	141.338	
258	1	68.81	68.81	142.094	
259	1	68.86	68.86	142.42	
260	1	69	69	143.28	
261	1	69.18	69.18	144.428	
262	1	69.42	69.42	145.924	
263	1	70.02	70.02	149.92	
264	1	70.53	70.53	153.089	
265	1	71.04	71.04	156.338	
266	1	71.26	71.26	157.792	
267	1	71.44	71.44	158.726	
268	1	71.53	71.53	159.269	
269	1	71.68	71.68	160.358	
270	1	72.03	72.03	162.769	
271	1	72.48	72.48	165.87	
272	1	73.07	73.07	170.105	
273	1	73.6	73.6	173.98	
274	1	73.97	73.97	176.389	
275	1	74.19	74.19	177.794	
276	1	74.34	74.34	178.744	
277	1	74.6	74.6	180.76	
278	1	74.96	74.96	183.378	
279	1	75.15	75.15	184.787	
280	1	75.22	75.22	185.312	
281	1	75.32	75.32	186.038	
282	1	75.53	75.53	187.769	
283	1	75.69	75.69	189.014	
284	1	75.77	75.77	189.597	
285	1	76.49	76.49	195.67	
286	1	77.28	77.28	201.962	
287	1	77.63	77.63	204.393	
288	1	77.82	77.82	205.848	
289	1	77.94	77.94	206.736	
290	1	78.17	78.17	208.701	
291	1	78.38	78.38	210.416	
292	1	78.45	78.45	210.988	
293	1	78.56	78.56	211.866	
294	1	78.7	78.7	213.01	
295	1	78.88	78.88	214.706	
296	1	79.11	79.11	216.578	
297	1	79.24	79.24	217.682	
298	1	79.35	79.35	218.588	
299	1	79.41	79.41	219.082	
300	1	79.47	79.47	219.569	
301	1	79.63	79.63	220.993	
302	1	79.95	79.95	220.547	
303	1	80.66	80.66	223.224	
304	1	81.31	81.31	229.034	
305	1	82.06	82.06	235.316	
306	1	82.46	82.46	238.288	
307	1	82.8	82.8	240.9	
308	1	83.02	83.02	242.82	
309	1	83.33	83.33	245.441	
310	1	83.42	83.42	246.124	
311	1	83.57	83.57	247.525	
312	1	83.96	83.96	251.058	
313	1	84.19	84.19	253.034	
314	1	84.52	84.52	256.11	
315	1	84.97	84.97	260.409	
316	1	85.78	85.78	268.692	
317	1	86.6	86.6	276.12	
318	1	86.81	86.81	277.714	
319	1	86.99	86.99	279.11	
320	1	87.18	87.18	280.828	
321	1	87.43	87.43	283.365	
322	1	88.12	88.12	290.586	
323	1	88.55	88.55	294.628	
324	1	88.79	88.79	296.726	
325	1	88.91	88.91	297.742	
326	1	88.97	88.97	298.389	
327	1	89.12	89.12	299.966	
328	1	89.25	89.25	301.347	
329	1	89.4	89.4	302.9	
330	1	89.53	89.53	304.209	
331	1	89.69	89.69	305.794	
332	1	89.89	89.89	307.838	
333	1	90.05	90.05	309.568	
334	1	90.26	90.26	311.812	
335	1	90.56	90.56	315.146	
336	1	90.72	90.72	316.802	
337	1	91.22	91.22	322.352	
338	1	91.82	91.82	328.708	
339	1	92.22	92.22	332.852	
340	1	92.36	92.36	334.21	
341	1	92.48	92.48	335.41	
342	1	92.5	92.5	335.65	
343	1	92.54	92.54	336.108	
344	1	92.57	92.57	336.445	
345	1	92.7	92.7	337.97	
346	1	92.81	92.81	339.254	
347	1	93.02	93.02	341.76	
348	1	93.5	93.5	347.31	
349	1	93.81	93.81	350.614	
350	1	93.97	93.97	352.349	
351	1	95.53	95.53	273.269	
352	1	95.6	95.6	273.76	
353	1	95.65	95.65	274.167	
354	1	98.33	98.33	48.5811	
355	1	98.35	98.35	48.6675	
356	1	98.81	98.81	38.5339	
357	1	99.23	99.23	27.8771	
358	1	99.29	99.29	28.0259	
359	1	99.43	99.43	28.3651	
360	1	100.02	100.02	17.4596	
361	1	100.25	100.25	17.7875	
362	1	100.49	100.49	18.2899	
363	1	100.83	100.83	18.7811	
364	1	101	101	19	
365	1	101.14	101.14	19.2004	
366	1	101.26	101.26	19.4324	
367	1	101.44	101.44	19.8464	
368	1	101.6	101.6	20.14	
369	1	101.8	101.8	20.4	
370	1	101.93	101.93	20.5651	
371	1	101.98	101.98	20.6596	
372	1	102.03	102.03	20.7491	
373	1	102.01	102.01	20.7099	
374	1	102.02	102.02	20.7396	
375	1	101.97	101.97	20.7891	
376	1	101.97	101.97	20.6891	
377	1	102.04	102.04	20.8984	
378	1	102.19	102.19	21.3139	
379	1	102.33	102.33	21.6611	
380	1	102.95	102.95	23.3475	
381	1	103.28	103.28	23.9016	
382	1	103.54	103.54	24.3484	
383	1	103.82	103.82	24.8276	
384	1	103.91	103.91	25.1019	
385	1	104.04	104.04	25.3784	
386	1	104.1	104.1	25.53	
387	1	104.37	104.37	25.9131	
388	1	104.57	104.57	26.3451	
389	1	104.76	104.76	26.5224	
390	1	105.13	105.13	27.0731	
391	1	105.24	105.24	27.3024	
392	1	105.46	105.46	27.5484	
393	1	105.86	105.86	28.6204	
394	1	106.22	106.22	28.9516	
395	1	106.41	106.41	29.2819	
396	1	106.48	106.48	29.3496	
397	1	106.6	106.6	29.48	
398	1	106.69	106.69	29.6739	
399	1	106.9	106.9	30.27	
400	1	107.16	107.16	31.0144	
401	1	107.24	107.24	31.2424	
402	1	107.46	107.46	31.7284	
403	1	107.58	107.58	31.9636	
404	1	107.63	107.63	32.0731	
405	1	107.7	107.7	32.23	
406	1	107.64	107.64	32.1304	
407	1	107.65	107.65	32.0475	
408	1	107.65	107.65	32.0475	
409	1	107.65	107.65	32.0475	
410	1	107.65	107.65	32.0475	
411	1	107.68	107.68	32.1576	
412	1	107.77	107.77	32.4771	
413	1	107.78	107.78	32.5116	
414	1	108.05	108.05	33.3675	
415	1	108.33	108.33	34.1011	
416	1	108.45	108.45	34.3875	
417	1	108.46	108.46	34.4484	
418	1	108.58	108.58	34.6236	
419	1	108.69	108.69	34.7739	
420	1	108.85	108.85	35.0875	
421	1	109	109	35.14	
422	1	109.4	109.4	35.08	
423	1	109.57	109.57	35.4251	
424	1	109.61	109.61	35.5179	
425	1	109.7	109.7	35.73	
426	1	109.8	109.8	35.96	
427	1	109.96	109.96	36.4784	
428	1	110.24	110.24	37.2624	
429	1	110.56	110.56	36.6864	
430	1	110.73	110.73	37.0571	
431	1	110.93	110.93	36.1651	
432	1	111	111	36.3	
433	1	111.16	111.16	36.7944	
434	1	111.33	111.33	37.2211	
435	1	111.4	111.4	37.38	
436	1	111.58	111.58	37.7436	
437	1	111.56	111.56	37.7064	
438	1	111.69	111.69	37.9739	
439	1	111.75	111.75	38.1675	
440	1	111.73	111.73	38.0771	
441	1	111.85	111.85	38.4475	
442	1	112.05	112.05	39.0875	
443	1	112.21	112.21	39.5059	
444	1	112.37	112.37	39.9331	
445	1	112.47	112.47	40.1491	
446	1	112.58	112.58	40.3836	
447	1	112.72	112.72	40.9016	
448	1	113.33	113.33	43.2611	
449	1	113.92	113.92	45.0336	
450	1	114.47	114.47	46.7291	
451	1	115.26	115.26	49.5924	
452	1	115.74	115.74	50.7924	
453	1	116.01	116.01	51.4899	
454	1	116.11	116.11	51.6979	
455	1	116.15	116.15	51.8075	
456	1	116.19	116.19	52.0139	
457	1	116.34	116.34	52.6644	
458	1	116.46	116.46	53.0884	
459	1	116.55	116.55	53.4875	
460	1	116.79	116.79	54.3659	
461	1	116.95	116.95	54.9075	
462	1	117.14	117.14	55.7204	
463	1	117.3	117.3	56.31	
464	1	117.39	117.39	56.6779	
465	1	117.71	117.71	57.9059	
466	1	117.75	117.75	58.0875	
467	1	117.84	117.84	58.4344	
468	1	118.12	118.12	59.6056	
469	1	118.28	118.28	60.2616	
470	1	118.67	118.67	62.0811	
471	1	119.07	119.07	63.9251	
472	1	119.47	119.47	65.8291	
473	1	119.97	119.97	68.5491	
474	1	120.87	120.87	73.1331	
475	1	121.73	121.73	77.0771	
476	1	122.08	122.08	78.2736	
477	1	122.33	122.33	79.2811	
478	1	122.48	122.48	80.3896	
479	1	123.05	123.05	83.8275	
480	1	123.65	123.65	86.8275	
481	1	124.02	124.02	88.4396	
482	1	124.19	124.19	89.2139	
483	1	124.28	124.28	89.6816	
484	1	124.36	124.36	90.1904	
485	1	124.53	124.53	91.2291	
486	1	124.7	124.7	92.21	
487	1	124.8	124.8	92.76	
488	1	124.84	124.84	93.0144	
489	1	125.18	125.18	94.9876	
490	1	125.34	125.34	95.9444	
491	1	125.54	125.54	97.1884	
492	1	125.68	125.68	97.9576	
493	1	125.86	125.86	98.9404	
494	1	125.93	125.93	99.4251	
495	1	126.05	126.05	100.108	
496	1	126.21	126.21	101.166	
497	1	126.27	126.27	101.557	
498	1	126.5	126.5	102.99	
499	1	126.64	126.64	103.91	
500	1	126.81	126.81	104.974	
501	1	127.11	127.11	106.978	
502	1	127.43	127.43	109.005	
503	1	127.59	127.59	110.122	
504	1	128.01	128.01	112.99	
505	1	128.25	128.25	114.548	
506	1	128.6	128.6	117.06	
507	1	128.92	128.92	119.094	
508	1	129.3	129.3	121.59	
509	1	129.53	129.53	122.909	
510	1	129.64	129.64	123.77	
511	1	129.94	129.94	125.856	
512	1	130.25	130.25	128.007	
513	1	130.49	130.49	129.75	
514	1	130.96	130.96	133.498	
515	1	131.47	131.47	137.589	
516	1	132.26	132.26	143.832	
517	1	132.59	132.59	145.922	
518	1	132.85	132.85	147.608	
519	1	133.04	133.04	149.258	
520	1	133.33	133.33	151.501	
521	1	133.41	133.41	151.962	
522	1	133.65	133.65	153.747	
523	1	133.71	133.71	154.206	
524	1	133.81	133.81	154.934	
525	1	133.99	133.99	156.31	
526	1	134.19	134.19	158.054	
527	1	134.76	134.76	155.142	
528	1	135.17	135.17	158.521	
529	1	135.98	135.98	156.06	
530	1	136.68	136.68	151.958	
531	1	137.03	137.03	154.289	
532	1	137.55	137.55	148.367	
533	1	137.72	137.72	149.342	
534	1	137.99	137.99	151.05	
535	1	138.2	138.2	152.46	
536	1	138.33	138.33	153.261	
537	1	138.56	138.56	154.546	
538	1	138.71	138.71	155.406	
539	1	139.19	139.19	148.174	
540	1	139.5	139.5	150.15	
541	1	139.62	139.62	150.856	
542	1	139.72	139.72	151.342	
543	1	139.84	139.84	152.014	
544	1	139.89	139.89	152.278	
545	1	139.95	139.95	152.568	
546	1	140.16	140.16	154.014	
547	1	140.35	140.35	155.268	
548	1	140.62	140.62	157.156	
549	1	140.98	140.98	159.5	
550	1	141.32	141.32	161.458	
551	1	141.48	141.48	162.35	
552	1	141.65	141.65	163.368	
553	1	141.86	141.86	164.76	
554	1	142.04	142.04	165.938	
555	1	142.22	142.22	167.132	
556	1	142.42	142.42	168.484	
557	1	142.69	142.69	170.534	
558	1	143.23	143.23	174.757	
559	1	143.9	143.9	179.85	
560	1	144.47	144.47	183.549	
561	1	144.86	144.86	186.06	
562	1	145.11	145.11	187.438	
563	1	145.28	145.28	188.522	
564	1	145.62	145.62	191.416	
565	1	146.4	146.4	197.6	
566	1	146.77	146.77	200.057	
567	1	146.87	146.87	200.693	
568	1	147.01	147.01	201.61	
569	1	147.04	147.04	201.818	
570	1	147.11	147.11	202.378	
571	1	147.18	147.18	202.968	
572	1	147.26	147.26	203.652	
573	1	147.41	147.41	204.902	
574	1	147.73	147.73	207.457	
575	1	148.04	148.04	210.058	
576	1	148.28	148.28	212.002	
577	1	148.5	148.5	213.75	
578	1	148.55	148.55	214.107	
579	1	148.79	148.79	214.606	
580	1	148.95	148.95	214.448	
581	1	149.12	149.12	214.326	
582	1	149.36	149.36	213.23	
583	1	149.8	149.8	197.74	
584	1	149.86	149.86	198.16	
585	1	150.4	150.4	182.86	
586	1	150.53	150.53	183.649	
587	1	150.65	150.65	184.327	
588	1	150.77	150.77	184.997	
589	1	150.89	150.89	185.618	
590	1	151.02	151.02	186.32	
591	1	151.15	151.15	186.947	
592	1	151.26	151.26	187.552	
593	1	151.57	151.57	189.605	
594	1	151.77	151.77	191.017	
595	1	152.76	152.76	197.302	
596	1	153.34	153.34	200.684	
597	1	153.8	153.8	203.2	
598	1	154.22	154.22	205.692	
599	1	154.42	154.42	206.864	
600	1	154.54	154.54	207.568	
601	1	154.58	154.58	207.784	
602	1	154.72	154.72	208.642	
603	1	154.8	154.8	209.24	
604	1	155.04	155.04	210.918	
605	1	155.23	155.23	212.217	
606	1	155.39	155.39	213.178	
607	1	155.48	155.48	213.71	
608	1	155.57	155.57	214.305	
609	1	155.56	155.56	214.286	
610	1	155.8	155.8	216	
611	1	156.1	156.1	218.11	
612	1	156.23	156.23	218.977	
613	1	156.46	156.46	220.528	
614	1	156.6	156.6	221.4	
615	1	156.77	156.77	222.637	
616	1	156.84	156.84	223.094	
617	1	157.02	157.02	224.48	
618	1	157.31	157.31	226.594	
619	1	157.58	157.58	228.564	
620	1	158.31	158.31	234.874	
621	1	159.28	159.28	242.002	
622	1	159.88	159.88	245.886	
623	1	159.99	159.99	246.63	
624	1	160.24	160.24	248.522	
625	1	160.87	160.87	254.033	
626	1	161.35	161.35	257.847	
627	1	161.71	161.71	260.346	
628	1	161.89	161.89	261.718	
629	1	161.99	161.99	262.55	
630	1	162.09	162.09	263.422	
631	1	162.27	162.27	264.977	
632	1	162.48	162.48	266.75	
633	1	162.57	162.57	267.505	
634	1	162.79	162.79	269.426	
635	1	162.98	162.98	271.1	
636	1	163.34	163.34	274.264	
637	1	163.67	163.67	277.181	
638	1	163.98	163.98	279.86	
639	1	164.2	164.2	281.66	
640	1	164.57	164.57	285.145	
641	1	164.75	164.75	286.827	
642	1	165.09	165.09	289.702	
643	1	165.26	165.26	291.112	
644	1	165.47	165.47	293.049	
645	1	166.05	166.05	298.987	
646	1	166.64	166.64	304.41	
647	1	166.86	166.86	306.42	
648	1	167.13	167.13	308.973	
649	1	167.58	167.58	313.064	
650	1	167.88	167.88	315.926	
651	1	168.08	168.08	317.954	
652	1	168.21	168.21	319.266	
653	1	168.53	168.53	322.549	
654	1	169.11	169.11	328.738	
655	1	169.77	169.77	335.617	
656	1	170.17	170.17	339.501	
657	1	170.65	170.65	344.688	
658	1	171.56	171.56	354.066	
659	1	171.98	171.98	358.54	
660	1	172.36	172.36	362.21	
661	1	172.58	172.58	364.584	
662	1	172.83	172.83	367.361	
663	1	172.96	172.96	368.698	
664	1	173.08	173.08	370.014	
665	1	173.24	173.24	371.802	
666	1	173.46	173.46	374.248	
667	1	173.57	173.57	375.465	
668	1	173.73	173.73	377.317	
669	1	173.91	173.91	379.322	
670	1	174.51	174.51	378.51	
671	1	174.77	174.77	381.497	
672	1	175.56	175.56	382.166	
673	1	176.15	176.15	387.967	
674	1	176.41	176.41	390.562	
675	1	176.65	176.65	392.907	
676	1	176.9	176.9	395.71	
677	1	177.19	177.19	398.814	
678	1	177.43	177.43	401.325	
679	1	177.73	177.73	404.677	
680	1	177.96	177.96	407.198	
681	1	178.03	178.03	408.029	
682	1	178.22	178.22	410.272	
683	1	178.58	178.58	414.584	
684	1	179.14	179.14	421	
685	1	179.59	179.59	426.142	
686	1	180.15	180.15	432.587	
687	1	180.6	180.6	437.5	
688	1	180.72	180.72	438.802	
689	1	180.86	180.86	440.32	
690	1	180.94	180.94	441.196	
691	1	181.17	181.17	443.181	
692	1	181.37	181.37	444.933	
693	1	181.76	181.76	449.482	
694	1	182.68	182.68	434.858	
695	1	183.29	183.29	428.826	
696	1	183.59	183.59	431.702	
697	1	183.84	183.84	433.974	
698	1	184	184	435.48	
699	1	184.08	184.08	436.194	
700	1	184.27	184.27	438.157	
701	1	184.94	184.94	431.596	
702	1	185.05	185.05	432.507	
703	1	185.22	185.22	433.992	
704	1	185.19	185.19	433.674	
705	1	185.25	185.25	434.188	
706	1	185.28	185.28	434.502	
707	1	185.42	185.42	435.904	
708	1	185.73	185.73	438.917	
709	1	185.99	185.99	441.43	
710	1	186.25	186.25	443.908	
711	1	186.39	186.39	445.318	
712	1	186.65	186.65	447.867	
713	1	186.91	186.91	450.462	
714	1	187.22	187.22	453.652	
715	1	187.7	187.7	458.47	
716	1	188.13	188.13	462.813	
717	1	188.38	188.38	465.216	
718	1	188.61	188.61	467.378	
719	1	188.68	188.68	468.058	
720	1	188.86	188.86	469.9	
721	1	189.01	189.01	471.53	
722	1	189.37	189.37	475.393	
723	1	189.54	189.54	477.148	
724	1	189.88	189.88	480.946	
725	1	190.44	190.44	487.106	
726	1	190.91	190.91	492.042	
727	1	191.29	191.29	495.846	
728	1	191.43	191.43	497.145	
729	1	191.5	191.5	497.89	
730	1	191.56	191.56	498.506	
731	1	191.57	191.57	498.605	
732	1	191.76	191.76	500.862	
733	1	192.11	192.11	504.958	
734	1	192.74	192.74	512.472	
735	1	193.73	193.73	524.657	
736	1	194.47	194.47	532.649	
737	1	194.91	194.91	537.102	
738	1	195.06	195.06	538.396	
739	1	195.08	195.08	538.594	
740	1	195.08	195.08	538.594	
741	1	195.08	195.08	538.594	
742	1	195.14	195.14	539.36	
743	1	195.21	195.21	540.246	
744	1	195.54	195.54	544.288	
745	1	195.76	195.76	546.862	
746	1	195.93	195.93	549.005	
747	1	196.05	196.05	550.527	
748	1	196.37	196.37	554.433	
749	1	196.77	196.77	559.277	
750	1	197.11	197.11	563.538	
751	1	197.41	197.41	567.102	
752	1	197.52	197.52	568.43	
753	1	197.69	197.69	570.434	
754	1	197.78	197.78	571.572	
755	1	197.98	197.98	574.18	
756	1	198.29	198.29	578.166	
757	1	198.7	198.7	583.55	
758	1	199.03	199.03	587.789	
759	1	199.36	199.36	592.09	
760	1	199.88	199.88	599.026	
761	1	200.26	200.26	604.192	
762	1	200.48	200.48	606.95	
763	1	200.76	200.76	610.502	
764	1	201	201	613.46	
765	1	201.35	201.35	618.088	
766	1	201.58	201.58	621.084	
767	1	201.67	201.67	622.361	
768	1	202.24	202.24	630.262	
769	1	202.73	202.73	636.797	
770	1	202.98	202.98	640.02	
771	1	202.97	202.97	639.909	
772	1	203.08	203.08	641.354	
773	1	203.29	203.29	644.366	
774	1	203.38	203.38	645.616	
775	1	203.48	203.48	646.99	
776	1	203.67	203.67	649.621	
777	1	203.84	203.84	651.954	
778	1	203.9	203.9	652.85	
779	1	204	204	654.32	
780	1	204.24	204.24	657.722	
781	1	204.54	204.54	661.928	
782	1	204.64	204.64	663.27	
783	1	204.8	204.8	665.42	
784	1	204.84	204.84	665.994	
785	1	204.87	204.87	666.373	
786	1	205.07	205.07	669.405	
787	1	205.25	205.25	672.107	
788	1	205.58	205.58	677.064	
789	1	205.94	205.94	682.236	
790	1	206.21	206.21	686.046	
791	1	206.43	206.43	689.125	
792	1	206.54	206.54	690.648	
793	1	206.7	206.7	692.97	
794	1	206.82	206.82	694.808	
795	1	211.12	211.12	181.206	
796	1	213.07	213.07	36.0051	
797	1	213.25	213.25	36.4875	
798	1	213.37	213.37	36.7731	
799	1	213.55	213.55	37.1875	
800	1	213.7	213.7	37.77	
801	1	214.46	214.46	32.2484	
802	1	215.09	215.09	34.1419	
803	1	215.68	215.68	35.3576	
804	1	216.09	216.09	36.3219	
805	1	216.46	216.46	36.8684	
806	1	216.54	216.54	37.0084	
807	1	216.59	216.59	37.1619	
808	1	216.6	216.6	37.16	
809	1	216.73	216.73	37.6371	
810	1	216.79	216.79	37.8459	
811	1	217.09	217.09	38.9619	
812	1	217.55	217.55	40.5275	
813	1	217.88	217.88	41.5656	
814	1	218.12	218.12	42.1456	
815	1	218.34	218.34	42.8844	
816	1	218.72	218.72	44.2416	
817	1	218.93	218.93	44.8451	
818	1	219.13	219.13	45.4931	
819	1	219.28	219.28	46.0216	
820	1	219.67	219.67	47.4811	
821	1	219.8	219.8	47.94	
822	1	219.97	219.97	48.4491	
823	1	220.04	220.04	48.7184	
824	1	220.09	220.09	48.9219	
825	1	220.09	220.09	49.0019	
826	1	220.36	220.36	50.0704	
827	1	220.38	220.38	50.1356	
828	1	220.39	220.39	50.2779	
829	1	221.29	221.29	54.7859	
830	1	222.13	222.13	58.1931	
831	1	222.74	222.74	60.0324	
832	1	223.08	223.08	61.4136	
833	1	223.23	223.23	62.1371	
834	1	223.5	223.5	63.43	
835	1	223.77	223.77	64.7971	
836	1	224	224	65.84	
837	1	224.16	224.16	66.4344	
838	1	224.36	224.36	67.3104	
839	1	224.49	224.49	67.9899	
840	1	224.5	224.5	68.05	
841	1	224.79	224.79	69.6059	
842	1	225.03	225.03	71.0091	
843	1	225.47	225.47	73.4891	
844	1	225.9	225.9	75.39	
845	1	226.17	226.17	76.5211	
846	1	226.26	226.26	76.8924	
847	1	226.31	226.31	77.0939	
848	1	226.32	226.32	77.1376	
849	1	226.34	226.34	77.2044	
850	1	226.35	226.35	77.2675	
851	1	226.4	226.4	77.58	
852	1	226.56	226.56	78.5464	
853	1	226.82	226.82	80.0076	
854	1	226.89	226.89	80.3779	
855	1	227.1	227.1	81.53	
856	1	227.23	227.23	82.2971	
857	1	227.5	227.5	83.87	
858	1	227.63	227.63	84.5331	
859	1	227.84	227.84	85.8744	
860	1	228.22	228.22	88.1516	
861	1	228.66	228.66	90.8044	
862	1	229.09	229.09	93.3219	
863	1	229.38	229.38	95.0756	
864	1	229.93	229.93	98.9851	
865	1	231.1	231.1	84.27	
866	1	232.06	232.06	66.5564	
867	1	232.37	232.37	67.6531	
868	1	232.54	232.54	68.2484	
869	1	233.23	233.23	48.2571	
870	1	234.32	234.32	54.0776	
871	1	234.99	234.99	56.5499	
872	1	235.3	235.3	57.37	
873	1	235.53	235.53	58.0891	
874	1	236.21	236.21	34.6859	
875	1	236.52	236.52	35.9096	
876	1	237.05	237.05	38.2875	
877	1	237.41	237.41	39.5419	
878	1	237.75	237.75	40.6275	
879	1	237.87	237.87	40.8931	
880	1	238	238	41.3	
881	1	238.09	238.09	41.6619	
882	1	238.14	238.14	41.8604	
883	1	238.22	238.22	42.2316	
884	1	238.61	238.61	44.1779	
885	1	239.03	239.03	46.1491	
886	1	239.6	239.6	48.86	
887	1	240.1	240.1	50.77	
888	1	240.5	240.5	52.21	
889	1	240.59	240.59	52.4419	
890	1	240.64	240.64	52.6304	
891	1	240.71	240.71	52.9659	
892	1	240.81	240.81	53.4739	
893	1	241.27	241.27	56.0971	
894	1	241.79	241.79	58.6459	
895	1	242.21	242.21	60.4859	
896	1	242.21	242.21	60.4459	
897	1	242.28	242.28	60.7416	
898	1	242.38	242.38	61.1156	
899	1	242.46	242.46	61.5284	
900	1	242.72	242.72	62.9616	
901	1	243.29	243.29	66.2659	
902	1	243.53	243.53	67.5491	
903	1	244	244	69.86	
904	1	244.25	244.25	71.1675	
905	1	244.86	244.86	64.0604	
906	1	245.04	245.04	64.9384	
907	1	245.63	245.63	57.0931	
908	1	245.9	245.9	58.27	
909	1	246.36	246.36	60.2504	
910	1	246.45	246.45	60.7075	
911	1	246.62	246.62	61.5156	
912	1	246.76	246.76	62.1424	
913	1	247.01	247.01	63.3499	
914	1	247.33	247.33	65.2411	
915	1	247.85	247.85	67.6275	
916	1	248.16	248.16	69.0344	
917	1	248.38	248.38	70.0756	
918	1	248.57	248.57	70.9651	
919	1	248.76	248.76	71.8224	
920	1	248.85	248.85	72.3875	
921	1	249.21	249.21	74.3659	
922	1	249.65	249.65	76.6675	
923	1	249.96	249.96	78.2384	
924	1	250.19	250.19	79.5139	
925	1	250.55	250.55	81.4875	
926	1	250.79	250.79	82.8259	
927	1	250.89	250.89	83.3379	
928	1	251.11	251.11	84.5379	
929	1	251.3	251.3	85.73	
930	1	251.57	251.57	87.3251	
931	1	251.82	251.82	88.7476	
932	1	251.96	251.96	89.4384	
933	1	252	252	89.64	
934	1	252	252	89.64	
935	1	252.02	252.02	89.7796	
936	1	252.14	252.14	90.5804	
937	1	252.28	252.28	91.5216	
938	1	252.44	252.44	92.4864	
939	1	252.71	252.71	94.1859	
940	1	252.97	252.97	95.9691	
941	1	253.61	253.61	100.358	
942	1	254.13	254.13	103.413	
943	1	254.32	254.32	104.438	
944	1	254.53	254.53	105.909	
945	1	254.69	254.69	106.794	
946	1	255.06	255.06	109.396	
947	1	255.29	255.29	110.846	
948	1	255.45	255.45	111.808	
949	1	255.55	255.55	112.447	
950	1	255.73	255.73	113.777	
951	1	255.88	255.88	114.786	
952	1	256.08	256.08	116.194	
953	1	256.31	256.31	117.774	
954	1	256.36	256.36	118.11	
955	1	256.54	256.54	119.448	
956	1	256.75	256.75	121.008	
957	1	257.07	257.07	123.405	
958	1	257.41	257.41	125.902	
959	1	257.67	257.67	127.821	
960	1	258.01	258.01	130.19	
961	1	258.2	258.2	131.62	
962	1	258.49	258.49	133.93	
963	1	258.71	258.71	135.526	
964	1	259.05	259.05	138.287	
965	1	259.49	259.49	141.71	
966	1	259.85	259.85	144.247	
967	1	259.91	259.91	144.642	
968	1	259.98	259.98	145.12	
969	1	260.06	260.06	145.796	
970	1	260.07	260.07	145.845	
971	1	260.19	260.19	146.814	
972	1	260.41	260.41	148.682	
973	1	260.77	260.77	151.837	
974	1	261.61	261.61	159.178	
975	1	262.28	262.28	164.562	
976	1	262.63	262.63	167.093	
977	1	262.85	262.85	168.907	
978	1	262.94	262.94	169.736	
979	1	263.13	263.13	171.553	
980	1	263.42	263.42	174.384	
981	1	263.97	263.97	179.169	
982	1	264.24	264.24	181.382	
983	1	264.49	264.49	183.51	
984	1	264.59	264.59	184.382	
985	1	264.72	264.72	185.562	
986	1	264.99	264.99	188.05	
987	1	265.1	265.1	189.03	
988	1	265.24	265.24	190.322	
989	1	265.36	265.36	191.45	
990	1	265.57	265.57	193.485	
991	1	265.83	265.83	195.861	
992	1	266.13	266.13	198.773	
993	1	266.42	266.42	201.504	
994	1	266.76	266.76	204.722	
995	1	266.92	266.92	206.174	
996	1	267.02	267.02	207.12	
997	1	267.11	267.11	207.898	
998	1	267.19	267.19	208.674	
999	1	267.3	267.3	209.81	
1000	1	267.48	267.48	211.63	
1001	1	267.62	267.62	213.016	
1002	1	267.71	267.71	213.886	
1003	1	267.89	267.89	215.578	
1004	1	267.97	267.97	216.309	
1005	1	267.96	267.96	216.218	
1006	1	267.97	267.97	216.309	
1007	1	268.03	268.03	216.909	
1008	1	268.12	268.12	217.846	
1009	1	268.57	268.57	222.745	
1010	1	269.21	269.21	229.566	
1011	1	270.05	270.05	238.208	
1012	1	270.31	270.31	240.634	
1013	1	270.5	270.5	242.41	
1014	1	270.68	270.68	244.158	
1015	1	270.9	270.9	246.57	
1016	1	270.92	270.92	246.794	
1017	1	271.12	271.12	248.926	
1018	1	271.33	271.33	251.221	
1019	1	271.83	271.83	256.981	
1020	1	272.47	272.47	264.249	
1021	1	272.97	272.97	269.449	
1022	1	273.21	273.21	271.786	
1023	1	273.29	273.29	272.506	
1024	1	273.41	273.41	273.822	
1025	1	273.41	273.41	273.822	
1026	1	273.44	273.44	274.206	
1027	1	273.57	273.57	275.725	
1028	1	273.8	273.8	278.4	
1029	1	274.06	274.06	281.376	
1030	1	274.4	274.4	285.36	
1031	1	274.6	274.6	287.72	
1032	1	274.88	274.88	290.866	
1033	1	275.11	275.11	293.458	
1034	1	275.12	275.12	293.686	
1035	1	275.5	275.5	298.29	
1036	1	276.02	276.02	304.74	
1037	1	276.55	276.55	310.907	
1038	1	276.86	276.86	314.2	
1039	1	276.93	276.93	314.945	
1040	1	276.94	276.94	315.116	
1041	1	277.23	277.23	318.777	
1042	1	277.34	277.34	320.124	
1043	1	277.55	277.55	322.647	
1044	1	277.74	277.74	324.992	
1045	1	277.94	277.94	327.516	
1046	1	278.06	278.06	329.076	
1047	1	278.33	278.33	332.461	
1048	1	278.55	278.55	335.087	
1049	1	278.64	278.64	336.11	
1050	1	278.79	278.79	338.106	
1051	1	279.06	279.06	341.556	
1052	1	279.25	279.25	343.928	
1053	1	279.37	279.37	345.393	
1054	1	279.52	279.52	347.19	
1055	1	279.54	279.54	347.428	
1056	1	279.54	279.54	347.468	
1057	1	279.54	279.54	347.428	
1058	1	279.71	279.71	349.726	
1059	1	279.87	279.87	351.813	
1060	1	280.04	280.04	354.018	
1061	1	280.25	280.25	356.727	
1062	1	280.61	280.61	361.418	
1063	1	280.67	280.67	362.241	
1064	1	281.03	281.03	367.089	
1065	1	281.71	281.71	376.646	
1066	1	282.43	282.43	386.205	
1067	1	282.82	282.82	391.088	
1068	1	282.94	282.94	392.536	
1069	1	282.97	282.97	392.929	
1070	1	283.08	283.08	394.334	
1071	1	283.23	283.23	396.317	
1072	1	283.4	283.4	398.76	
1073	1	283.43	283.43	399.185	
1074	1	283.67	283.67	402.401	
1075	1	283.76	283.76	403.622	
1076	1	283.89	283.89	405.358	
1077	1	284.01	284.01	406.93	
1078	1	284.06	284.06	407.636	
1079	1	284.15	284.15	408.948	
1080	1	284.68	284.68	416.918	
1081	1	285.26	285.26	425.052	
1082	1	285.58	285.58	429.504	
1083	1	286.06	286.06	436.596	
1084	1	286.5	286.5	442.97	
1085	1	287.04	287.04	450.718	
1086	1	287.37	287.37	455.293	
1087	1	287.58	287.58	458.344	
1088	1	287.8	287.8	461.5	
1089	1	288.04	288.04	465.158	
1090	1	288.28	288.28	468.642	
1091	1	288.64	288.64	474.13	
1092	1	288.79	288.79	476.346	
1093	1	289.09	289.09	480.862	
1094	1	289.44	289.44	486.426	
1095	1	290.26	290.26	499.352	
1096	1	290.78	290.78	507.172	
1097	1	291.05	291.05	511.327	
1098	1	291.34	291.34	515.944	
1099	1	294.44	294.44	385.406	
1100	1	295.02	295.02	391.78	
1101	1	295.79	295.79	399.826	
1102	1	296.12	296.12	403.166	
1103	1	296.26	296.26	404.552	
1104	1	296.37	296.37	405.613	
1105	1	296.44	296.44	406.386	
1106	1	296.6	296.6	408.18	
1107	1	296.79	296.79	410.366	
1108	1	297.2	297.2	415.12	
1109	1	297.57	297.57	419.465	
1110	1	297.77	297.77	421.677	
1111	1	298.08	298.08	425.174	
1112	1	298.59	298.59	431.242	
1113	1	299.03	299.03	436.529	
1114	1	299.4	299.4	440.76	
1115	1	299.71	299.71	444.106	
1116	1	299.84	299.84	445.574	
1117	1	299.97	299.97	446.989	
1118	1	299.99	299.99	447.19	
1119	1	300.08	300.08	448.334	
1120	1	300.41	300.41	452.682	
1121	1	300.81	300.81	457.754	
1122	1	301.19	301.19	462.334	
1123	1	301.67	301.67	468.241	
1124	1	302.04	302.04	472.918	
1125	1	302.68	302.68	481.178	
1126	1	303.17	303.17	486.981	
1127	1	303.4	303.4	489.68	
1128	1	303.57	303.57	491.725	
1129	1	303.68	303.68	493.138	
1130	1	303.81	303.81	494.894	
1131	1	303.81	303.81	494.894	
1132	1	303.94	303.94	496.616	
1133	1	304.03	304.03	497.829	
1134	1	304.41	304.41	502.822	
1135	1	304.7	304.7	506.85	
1136	1	305.38	305.38	515.976	
1137	1	305.89	305.89	522.718	
1138	1	306.27	306.27	527.757	
1139	1	306.69	306.69	533.674	
1140	1	307.13	307.13	539.593	
1141	1	307.44	307.44	543.826	
1142	1	307.84	307.84	546.634	
1143	1	308.19	308.19	548.674	
1144	1	308.46	308.46	549.608	
1145	1	310.6	310.6	370.52	
1146	1	310.7	310.7	371.43	
1147	1	310.77	310.77	372.037	
1148	1	310.76	310.76	371.962	
1149	1	311.93	311.93	280.685	
1150	1	311.94	311.94	280.716	
1151	1	313.09	313.09	186.562	
1152	1	314.3	314.3	89.95	
1153	1	315.21	315.21	45.8059	
1154	1	315.31	315.31	45.9339	
1155	1	316.3	316.3	0.27	
1156	1	316.42	316.42	0.2436	
1157	1	316.49	316.49	0.2499	
1158	1	316.65	316.65	0.2275	
1159	1	316.77	316.77	0.2171	
1160	1	316.91	316.91	0.2219	
1161	1	317.23	317.23	0.7171	
1162	1	317.91	317.91	1.2219	
1163	1	318.3	318.3	1.35	
1164	1	318.64	318.64	1.4104	
1165	1	319.02	319.02	2.4196	
1166	1	320.02	320.02	3.6396	
1167	1	320.93	320.93	3.7651	
1168	1	321.25	321.25	3.7875	
1169	1	321.5	321.5	4.29	
1170	1	322.09	322.09	5.4419	
1171	1	322.51	322.51	5.9899	
1172	1	322.8	322.8	6.18	
1173	1	322.91	322.91	6.2619	
1174	1	323.09	323.09	6.4819	
1175	1	323.57	323.57	7.8851	
1176	1	324.19	324.19	9.0539	
1177	1	324.66	324.66	9.7444	
1178	1	324.89	324.89	10.0379	
1179	1	325.01	325.01	10.3299	
1180	1	325.27	325.27	10.9971	
1181	1	325.42	325.42	11.2236	
1182	1	325.69	325.69	11.8539	
1183	1	325.82	325.82	12.2276	
1184	1	326.14	326.14	13.0404	
1185	1	326.4	326.4	13.64	
1186	1	326.85	326.85	13.5075	
1187	1	327.36	327.36	13.2304	
1188	1	327.69	327.69	14.0339	
1189	1	328.08	328.08	14.9536	
1190	1	328.4	328.4	15.56	
1191	1	328.8	328.8	16.74	
1192	1	329.01	329.01	17.3699	
1193	1	329.23	329.23	17.9571	
1194	1	329.55	329.55	18.6075	
1195	1	329.81	329.81	19.3939	
1196	1	330.24	330.24	20.9624	
1197	1	330.58	330.58	22.0836	
1198	1	331	331	23.12	
1199	1	331.25	331.25	23.6275	
1200	1	331.3	331.3	23.71	
1201	1	331.33	331.33	23.8211	
1202	1	331.37	331.37	23.9331	
1203	1	331.48	331.48	24.3696	
1204	1	331.81	331.81	25.7339	
1205	1	332.22	332.22	27.3916	
1206	1	332.87	332.87	29.8931	
1207	1	333.2	333.2	30.98	
1208	1	333.64	333.64	32.3904	
1209	1	333.74	333.74	32.7124	
1210	1	333.94	333.94	33.5364	
1211	1	334.24	334.24	34.6624	
1212	1	334.38	334.38	35.1556	
1213	1	334.59	334.59	35.9619	
1214	1	334.8	334.8	36.7	
1215	1	334.87	334.87	36.9331	
1216	1	334.98	334.98	37.3996	
1217	1	335.16	335.16	38.2544	
1218	1	335.4	335.4	39.3	
1219	1	335.57	335.57	39.9651	
1220	1	335.73	335.73	40.4971	
1221	1	335.75	335.75	40.5675	
1222	1	335.85	335.85	41.0075	
1223	1	335.89	335.89	41.2179	
1224	1	336.17	336.17	37.5211	
1225	1	336.25	336.25	37.8875	
1226	1	336.38	336.38	38.4556	
1227	1	336.72	336.72	34.7216	
1228	1	336.89	336.89	35.2979	
1229	1	337.29	337.29	31.4859	
1230	1	337.46	337.46	32.0484	
1231	1	337.75	337.75	33.0275	
1232	1	337.92	337.92	33.5936	
1233	1	338.07	338.07	34.0451	
1234	1	338.21	338.21	34.4059	
1235	1	338.24	338.24	34.4824	
1236	1	338.54	338.54	29.7684	
1237	1	338.57	338.57	29.8251	
1238	1	338.69	338.69	30.2739	
1239	1	339.11	339.11	31.6179	
1240	1	339.73	339.73	33.9371	
1241	1	340.42	340.42	36.5036	
1242	1	341	341	38.44	
1243	1	341.52	341.52	39.8896	
1244	1	341.9	341.9	40.93	
1245	1	341.91	341.91	40.9019	
1246	1	342.01	342.01	41.1099	
1247	1	342.01	342.01	41.1099	
1248	1	342.15	342.15	41.6675	
1249	1	342.24	342.24	42.0224	
1250	1	342.45	342.45	42.9075	
1251	1	342.79	342.79	44.2059	
1252	1	342.93	342.93	44.8251	
1253	1	343.27	343.27	37.8971	
1254	1	343.38	343.38	38.3156	
1255	1	343.5	343.5	38.73	
1256	1	343.68	343.68	39.3576	
1257	1	343.77	343.77	39.7571	
1258	1	343.97	343.97	40.3891	
1259	1	344.18	344.18	41.1276	
1260	1	344.19	344.19	41.2139	
1261	1	344.4	344.4	42.06	
1262	1	344.82	344.82	34.7476	
1263	1	344.9	344.9	35.01	
1264	1	345.16	345.16	35.7544	
1265	1	345.25	345.25	36.0675	
1266	1	345.41	345.41	36.6019	
1267	1	345.64	345.64	37.5104	
1268	1	345.8	345.8	38.08	
1269	1	345.89	345.89	38.3779	
1270	1	346.06	346.06	38.9164	
1271	1	346.26	346.26	39.6524	
1272	1	346.47	346.47	40.5691	
1273	1	346.52	346.52	40.7896	
1274	1	346.85	346.85	42.3675	
1275	1	347.39	347.39	44.5379	
1276	1	347.94	347.94	41.6364	
1277	1	348.01	348.01	41.7499	
1278	1	348.09	348.09	41.9819	
1279	1	348.71	348.71	27.6059	
1280	1	348.97	348.97	28.3091	
1281	1	349.16	349.16	28.8544	
1282	1	349.71	349.71	18.2059	
1283	1	349.89	349.89	18.5579	
1284	1	350.64	350.64	7.8304	
1285	1	350.94	350.94	8.4964	
1286	1	351.51	351.51	9.2899	
1287	1	351.84	351.84	9.6144	
1288	1	352.09	352.09	8.2019	
1289	1	352.17	352.17	8.3011	
1290	1	352.48	352.48	7.0096	
1291	1	352.52	352.52	7.1096	
1292	1	352.93	352.93	5.8851	
1293	1	353.22	353.22	6.0316	
1294	1	353.26	353.26	6.0524	
1295	1	353.35	353.35	6.0875	
1296	1	353.45	353.45	4.5075	
1297	1	353.65	353.65	2.5875	
1298	1	353.76	353.76	0.8224	
1299	1	353.76	353.76	0.8224	
1300	1	353.79	353.79	0.7259	
1301	1	353.85	353.85	0.6075	
1302	1	353.94	353.94	0.5164	
1303	1	354	354	0.64	
1304	1	354.2	354.2	0.6	
1305	1	354.37	354.37	0.6131	
1306	1	354.39	354.39	0.8179	
1307	1	354.5	354.5	0.83	
1308	1	354.63	354.63	0.8531	
1309	1	354.78	354.78	0.9116	
1310	1	355	355	1.12	
1311	1	355.25	355.25	1.4275	
1312	1	355.58	355.58	1.3436	
1313	1	355.81	355.81	1.4339	
1314	1	356.07	356.07	1.6251	
1315	1	356.17	356.17	1.6011	
1316	1	356.31	356.31	1.6739	
1317	1	356.51	356.51	1.8899	
1318	1	357	357	2.84	
1319	1	357.56	357.56	3.5864	
1320	1	358.2	358.2	4.3	
1321	1	358.54	358.54	4.4284	
1322	1	358.87	358.87	4.5331	
1323	1	359.05	359.05	4.7475	
1324	1	359.19	359.19	4.8339	
1325	1	359.23	359.23	4.8771	
1326	1	359.23	359.23	4.8771	
1327	1	359.23	359.23	4.8571	
1328	1	359.27	359.27	4.9371	
1329	1	359.35	359.35	5.1275	
1330	1	359.41	359.41	5.2619	
1331	1	359.57	359.57	5.5851	
1332	1	359.74	359.74	5.8724	
1333	1	359.79	359.79	5.9459	
1334	1	359.93	359.93	6.1251	
1335	1	360	360	6.2	
1336	1	360	360	6.2	
1337	1	360.05	360.05	6.2475	
1338	1	360.05	360.05	6.3075	
1339	1	360.16	360.16	6.5344	
1340	1	360.47	360.47	7.2291	
1341	1	360.7	360.7	7.87	
1342	1	361.17	361.17	8.8411	
1343	1	361.65	361.65	9.5475	
1344	1	361.96	361.96	10.2584	
1345	1	362.14	362.14	10.6404	
1346	1	362.46	362.46	11.3484	
1347	1	362.83	362.83	12.3811	
1348	1	363.05	363.05	13.0275	
1349	1	363.43	363.43	14.3051	
1350	1	364.5	364.5	17.93	
1351	1	365.33	365.33	19.9211	
1352	1	365.89	365.89	21.4979	
1353	1	366.29	366.29	22.4459	
1354	1	366.68	366.68	23.5376	
1355	1	366.98	366.98	24.3396	
1356	1	367.24	367.24	25.2024	
1357	1	367.42	367.42	25.7836	
1358	1	367.64	367.64	26.6904	
1359	1	367.84	367.84	27.4144	
1360	1	368.24	368.24	29.0024	
1361	1	368.81	368.81	25.6739	
1362	1	369.11	369.11	26.4379	
1363	1	369.27	369.27	26.9171	
1364	1	369.37	369.37	27.2131	
1365	1	369.76	369.76	25.5624	
1366	1	370.04	370.04	23.4184	
1367	1	370.21	370.21	23.9259	
1368	1	370.3	370.3	24.19	
1369	1	370.44	370.44	24.5264	
1370	1	370.59	370.59	25.0219	
1371	1	370.78	370.78	25.6916	
1372	1	371.03	371.03	26.4091	
1373	1	371.24	371.24	26.8624	
1374	1	371.39	371.39	27.1779	
1375	1	371.43	371.43	27.2851	
1376	1	371.46	371.46	27.4884	
1377	1	371.68	371.68	28.2576	
1378	1	371.91	371.91	29.0819	
1379	1	372.14	372.14	29.7004	
1380	1	372.22	372.22	29.8916	
1381	1	372.32	372.32	30.2176	
1382	1	372.38	372.38	30.5156	
1383	1	372.73	372.73	31.9571	
1384	1	373.1	373.1	33.49	
1385	1	373.79	373.79	35.9859	
1386	1	374.26	374.26	37.4724	
1387	1	374.47	374.47	38.1691	
1388	1	374.73	374.73	39.0171	
1389	1	374.97	374.97	39.8691	
1390	1	375	375	39.88	
1391	1	375.01	375.01	39.9099	
1392	1	375.01	375.01	39.9099	
1393	1	375.01	375.01	39.9099	
1394	1	375.02	375.02	39.9596	
1395	1	375.03	375.03	40.0091	
1396	1	375.13	375.13	40.4931	
1397	1	375.33	375.33	41.4011	
1398	1	375.51	375.51	42.1699	
1399	1	375.65	375.65	42.7675	
1400	1	375.84	375.84	43.6544	
1401	1	376.1	376.1	44.81	
1402	1	376.32	376.32	45.8376	
1403	1	376.71	376.71	47.5259	
1404	1	376.94	376.94	48.4564	
1405	1	377.41	377.41	50.7619	
1406	1	377.88	377.88	52.9256	
1407	1	378.36	378.36	55.1104	
1408	1	379.18	379.18	59.7076	
1409	1	379.75	379.75	62.4475	
1410	1	380.14	380.14	64.0604	
1411	1	380.46	380.46	65.6484	
1412	1	380.64	380.64	66.5104	
1413	1	380.8	380.8	67.6	
1414	1	381.31	381.31	70.4939	
1415	1	381.85	381.85	73.3675	
1416	1	381.99	381.99	74.0099	
1417	1	382.23	382.23	75.4971	
1418	1	382.51	382.51	77.0899	
1419	1	382.77	382.77	78.4371	
1420	1	382.96	382.96	79.4184	
1421	1	383.01	383.01	79.7099	
1422	1	383.12	383.12	80.4456	
1423	1	383.29	383.29	81.5659	
1424	1	383.45	383.45	82.5475	
1425	1	384.18	384.18	74.9676	
1426	1	384.61	384.61	77.2779	
1427	1	384.85	384.85	78.4875	
1428	1	385.32	385.32	68.0576	
1429	1	385.44	385.44	68.6064	
1430	1	385.82	385.82	57.4676	
1431	1	386.01	386.01	58.3299	
1432	1	386.46	386.46	45.6484	
1433	1	386.63	386.63	46.2531	
1434	1	387.09	387.09	35.8419	
1435	1	387.3	387.3	36.33	
1436	1	387.38	387.38	36.5156	
1437	1	387.75	387.75	25.2675	
1438	1	388.07	388.07	13.7451	
1439	1	388.5	388.5	7.09	
1440	1	388.53	388.53	7.1091	
1441	1	388.56	388.56	7.1464	
1442	1	388.82	388.82	3.7276	
1443	1	389.09	389.09	4.0019	
1444	1	389.27	389.27	4.0571	
1445	1	389.56	389.56	4.0864	
1446	1	389.83	389.83	0.1611	
1447	1	389.87	389.87	0.1731	
1448	1	389.89	389.89	0.1379	
1449	1	389.9	389.9	0.15	
1450	1	389.95	389.95	0.1675	
1451	1	389.99	389.99	0.0899	
1452	1	390.04	390.04	0.0584	
1453	1	389.99	389.99	0.0099	
1454	1	390	390	0.02	
1455	1	390.05	390.05	0.1075	
1456	1	390.14	390.14	0.1604	
1457	1	390.25	390.25	0.2075	
1458	1	390.26	390.26	0.2124	
1459	1	390.35	390.35	0.2675	
1460	1	390.6	390.6	0.34	
1461	1	390.88	390.88	0.5656	
1462	1	391.17	391.17	0.6611	
1463	1	391.4	391.4	0.66	
1464	1	391.55	391.55	0.5675	
1465	1	391.68	391.68	0.4776	
1466	1	391.78	391.78	0.4916	
1467	1	391.83	391.83	0.6611	
1468	1	392.09	392.09	0.8619	
1469	1	392.29	392.29	0.9459	
1470	1	392.5	392.5	0.99	
1471	1	392.64	392.64	1.0904	
1472	1	392.68	392.68	1.0176	
1473	1	392.8	392.8	1.12	
1474	1	393.13	393.13	1.6531	
1475	1	393.6	393.6	2.24	
1476	1	393.92	393.92	2.6536	
1477	1	394.39	394.39	3.7179	
1478	1	394.91	394.91	3.8619	
1479	1	395.32	395.32	4.0176	
1480	1	395.64	395.64	4.3304	
1481	1	395.9	395.9	4.71	
1482	1	396.22	396.22	5.2716	
1483	1	396.41	396.41	5.5819	
1484	1	396.72	396.72	5.9016	
1485	1	396.92	396.92	6.3536	
1486	1	397.22	397.22	6.8716	
1487	1	397.54	397.54	7.4084	
1488	1	397.64	397.64	7.5904	
1489	1	397.85	397.85	7.7675	
1490	1	397.94	397.94	7.8764	
1491	1	398.03	398.03	7.9891	
1492	1	398.08	398.08	8.1336	
1493	1	398.2	398.2	8.46	
1494	1	398.42	398.42	9.1436	
1495	1	398.96	398.96	10.6784	
1496	1	399.38	399.38	11.4156	
1497	1	399.68	399.68	11.7176	
1498	1	399.66	399.66	11.6644	
1499	1	399.65	399.65	11.6675	
1500	1	399.71	399.71	11.7659	
1501	1	399.75	399.75	11.8475	
1502	1	399.93	399.93	12.3051	
1503	1	400.2	400.2	13.08	
1504	1	400.36	400.36	13.4704	
1505	1	400.48	400.48	13.7696	
1506	1	400.72	400.72	14.4416	
1507	1	401.01	401.01	15.4099	
1508	1	401.41	401.41	16.8819	
1509	1	401.96	401.96	18.3984	
1510	1	402.2	402.2	18.86	
1511	1	402.43	402.43	19.3051	
1512	1	402.5	402.5	19.67	
1513	1	402.71	402.71	20.3859	
1514	1	403.04	403.04	21.6184	
1515	1	403.45	403.45	22.8475	
1516	1	403.73	403.73	23.6371	
1517	1	403.97	403.97	24.3291	
1518	1	404.07	404.07	24.6251	
1519	1	404.19	404.19	24.9939	
1520	1	404.29	404.29	25.3459	
1521	1	404.38	404.38	25.7156	
1522	1	404.62	404.62	26.6556	
1523	1	404.75	404.75	27.1275	
1524	1	404.91	404.91	27.6819	
1525	1	405.01	405.01	27.9899	
1526	1	405.11	405.11	28.4179	
1527	1	405.34	405.34	29.3644	
1528	1	405.58	405.58	30.3036	
1529	1	405.9	405.9	31.75	
1530	1	406.16	406.16	32.7544	
1531	1	406.53	406.53	34.2291	
1532	1	407.01	407.01	36.1899	
1533	1	407.37	407.37	37.7531	
1534	1	407.7	407.7	39.19	
1535	1	407.99	407.99	40.5299	
1536	1	408.59	408.59	43.5619	
1537	1	409.44	409.44	47.9664	
1538	1	410.37	410.37	52.7331	
1539	1	410.83	410.83	54.7411	
1540	1	411.08	411.08	56.0336	
1541	1	411.67	411.67	59.3611	
1542	1	412.49	412.49	63.1699	
1543	1	412.8	412.8	64.72	
1544	1	412.89	412.89	65.1379	
1545	1	413.06	413.06	65.8564	
1546	1	413.52	413.52	61.6096	
1547	1	413.77	413.77	63.0771	
1548	1	413.87	413.87	63.5731	
1549	1	414.18	414.18	65.4676	
1550	1	414.27	414.27	65.9771	
1551	1	414.59	414.59	67.7419	
1552	1	414.88	414.88	69.1456	
1553	1	415.06	415.06	69.9364	
1554	1	415.14	415.14	70.3004	
1555	1	415.68	415.68	57.4576	
1556	1	415.74	415.74	57.6924	
1557	1	415.87	415.87	58.3531	
1558	1	416.2	416.2	51.86	
1559	1	416.47	416.47	53.0291	
1560	1	416.9	416.9	46.55	
1561	1	417	417	46.88	
1562	1	417.39	417.39	39.8779	
1563	1	417.49	417.49	40.1499	
1564	1	417.88	417.88	41.8256	
1565	1	418.43	418.43	43.7451	
1566	1	419.25	419.25	36.7475	
1567	1	419.39	419.39	36.9579	
1568	1	419.46	419.46	37.1084	
1569	1	419.51	419.51	37.1699	
1570	1	419.51	419.51	37.1699	
1571	1	419.92	419.92	28.2336	
1572	1	420.55	420.55	9.9875	
1573	1	420.97	420.97	0.7891	
1574	1	421.61	421.61	1.7179	
1575	1	422.19	422.19	2.0139	
1576	1	422.63	422.63	2.1531	
1577	1	422.95	422.95	2.0875	
1578	1	423.09	423.09	2.1219	
1579	1	423.2	423.2	2.2	
1580	1	423.33	423.33	2.1811	
1581	1	423.56	423.56	2.2464	
1582	1	423.92	423.92	3.0936	
1583	1	424.39	424.39	4.0979	
1584	1	425.22	425.22	5.1916	
1585	1	425.7	425.7	5.45	
1586	1	426.04	426.04	5.6784	
1587	1	426.28	426.28	6.0416	
1588	1	426.6	426.6	6.52	
1589	1	426.75	426.75	6.8475	
1590	1	426.88	426.88	7.0256	
1591	1	426.95	426.95	7.0875	
1592	1	427.11	427.11	7.3979	
1593	1	427.17	427.17	7.4011	
1594	1	427.17	427.17	7.4411	
1595	1	427.45	427.45	6.9675	
1596	1	427.71	427.71	7.5059	
1597	1	427.97	427.97	8.0891	
1598	1	428.27	428.27	7.4171	
1599	1	428.57	428.57	7.7851	
1600	1	428.82	428.82	6.8076	
1601	1	429	429	7.02	
1602	1	429.07	429.07	7.1051	
1603	1	429.09	429.09	7.1219	
1604	1	429.13	429.13	7.1531	
1605	1	429.32	429.32	6.1776	
1606	1	429.57	429.57	6.7251	
1607	1	429.9	429.9	7.45	
1608	1	430.28	430.28	8.0616	
1609	1	430.64	430.64	8.4904	
1610	1	430.75	430.75	8.5675	
1611	1	430.94	430.94	8.7764	
1612	1	431.06	431.06	8.9364	
1613	1	431.21	431.21	9.2859	
1614	1	431.43	431.43	9.8451	
1615	1	431.73	431.73	10.6171	
1616	1	432.12	432.12	11.4856	
1617	1	432.44	432.44	11.9064	
1618	1	432.7	432.7	12.43	
1619	1	433.01	433.01	13.1699	
1620	1	433.19	433.19	13.6539	
1621	1	433.41	433.41	14.0019	
1622	1	433.57	433.57	14.3851	
1623	1	433.66	433.66	14.5044	
1624	1	433.62	433.62	14.4156	
1625	1	433.72	433.72	14.5616	
1626	1	433.85	433.85	14.9075	
1627	1	434.05	434.05	15.5275	
1628	1	434.27	434.27	16.2171	
1629	1	434.82	434.82	17.9276	
1630	1	435.36	435.36	19.2704	
1631	1	435.5	435.5	19.75	
1632	1	435.79	435.79	20.5859	
1633	1	435.94	435.94	21.0964	
1634	1	436.04	436.04	21.3584	
1635	1	436.18	436.18	21.7276	
1636	1	436.22	436.22	21.7716	
1637	1	436.35	436.35	21.9875	
1638	1	436.33	436.33	21.9411	
1639	1	436.49	436.49	22.4299	
1640	1	436.71	436.71	23.2459	
1641	1	437.01	437.01	24.3299	
1642	1	437.25	437.25	25.2275	
1643	1	437.63	437.63	26.5731	
1644	1	437.97	437.97	27.5091	
1645	1	438.08	438.08	27.8336	
1646	1	438.15	438.15	28.0275	
1647	1	438.22	438.22	28.2716	
1648	1	438.27	438.27	28.4771	
1649	1	438.46	438.46	29.2684	
1650	1	438.62	438.62	29.9556	
1651	1	438.87	438.87	30.7931	
1652	1	438.95	438.95	31.0275	
1653	1	439.18	439.18	27.8876	
1654	1	439.45	439.45	24.8475	
1655	1	439.72	439.72	24.4416	
1656	1	440.09	440.09	25.8219	
1657	1	440.48	440.48	27.0296	
1658	1	440.85	440.85	28.0475	
1659	1	441.14	441.14	28.8004	
1660	1	441.34	441.34	29.2844	
1661	1	441.47	441.47	29.6891	
1662	1	441.68	441.68	30.4576	
1663	1	441.89	441.89	29.4579	
1664	1	442.24	442.24	30.4824	
1665	1	442.45	442.45	31.2075	
1666	1	442.76	442.76	32.1624	
1667	1	443.09	443.09	30.5419	
1668	1	443.17	443.17	30.7611	
1669	1	443.36	443.36	31.3704	
1670	1	443.47	443.47	31.6491	
1671	1	444.31	444.31	29.0939	
1672	1	444.95	444.95	30.7475	
1673	1	445.35	445.35	32.3275	
1674	1	446.16	446.16	35.3544	
1675	1	446.84	446.84	37.2144	
1676	1	447.11	447.11	37.8179	
1677	1	447.31	447.31	38.4339	
1678	1	447.57	447.57	39.4451	
1679	1	447.82	447.82	40.3076	
1680	1	448.06	448.06	41.1964	
1681	1	448.19	448.19	41.6939	
1682	1	448.51	448.51	42.9299	
1683	1	448.88	448.88	44.5456	
1684	1	449.27	449.27	46.1371	
1685	1	449.55	449.55	47.1875	
1686	1	449.69	449.69	47.6539	
1687	1	449.83	449.83	48.2011	
1688	1	449.97	449.97	48.8091	
1689	1	450.13	450.13	49.5931	
1690	1	450.33	450.33	50.4811	
1691	1	450.65	450.65	52.0475	
1692	1	451.01	451.01	53.7699	
1693	1	451.31	451.31	54.9539	
1694	1	451.61	451.61	47.1579	
1695	1	451.79	451.79	47.8059	
1696	1	451.86	451.86	48.1204	
1697	1	452	452	48.8	
1698	1	452.12	452.12	49.3256	
1699	1	452.34	452.34	50.4044	
1700	1	452.73	452.73	52.5971	
1701	1	453.44	453.44	56.3264	
1702	1	453.9	453.9	58.37	
1703	1	454.13	454.13	59.2331	
1704	1	454.38	454.38	60.1556	
1705	1	454.53	454.53	60.6891	
1706	1	454.73	454.73	61.7771	
1707	1	455.03	455.03	63.2691	
1708	1	455.41	455.41	65.2619	
1709	1	455.69	455.69	66.7539	
1710	1	455.97	455.97	68.1491	
1711	1	456.17	456.17	69.0811	
1712	1	456.18	456.18	69.1476	
1713	1	456.25	456.25	69.4275	
1714	1	456.3	456.3	69.79	
1715	1	456.53	456.53	71.1091	
1716	1	456.76	456.76	72.3824	
1717	1	456.9	456.9	73.13	
1718	1	456.96	456.96	73.4384	
1719	1	457.17	457.17	74.6211	
1720	1	457.22	457.22	74.8716	
1721	1	457.44	457.44	76.2264	
1722	1	457.69	457.69	77.7539	
1723	1	458.33	458.33	81.9211	
1724	1	459.01	459.01	86.0899	
1725	1	459.36	459.36	87.8704	
1726	1	459.71	459.71	89.8859	
1727	1	459.82	459.82	90.6076	
1728	1	459.93	459.93	91.1451	
1729	1	460.21	460.21	92.9459	
1730	1	460.37	460.37	93.9931	
1731	1	460.52	460.52	94.9696	
1732	1	460.7	460.7	96.13	
1733	1	460.91	460.91	97.6819	
1734	1	461.44	461.44	101.606	
1735	1	462.23	462.23	107.537	
1736	1	462.92	462.92	111.874	
1737	1	463.22	463.22	113.452	
1738	1	463.3	463.3	113.93	
1739	1	463.45	463.45	114.967	
1740	1	463.57	463.57	115.845	
1741	1	463.75	463.75	117.228	
1742	1	464.05	464.05	119.268	
1743	1	464.14	464.14	119.88	
1744	1	464.15	464.15	119.948	
1745	1	464.22	464.22	120.492	
1746	1	464.36	464.36	121.53	
1747	1	464.47	464.47	122.449	
1748	1	464.78	464.78	124.912	
1749	1	465.11	465.11	127.378	
1750	1	465.32	465.32	129.078	
1751	1	465.86	465.86	133.34	
1752	1	466.24	466.24	136.342	
1753	1	466.47	466.47	137.989	
1754	1	466.62	466.62	139.076	
1755	1	466.8	466.8	140.46	
1756	1	467.07	467.07	142.525	
1757	1	467.31	467.31	144.594	
1758	1	467.91	467.91	149.882	
1759	1	468.43	468.43	154.405	
1760	1	469.07	469.07	159.605	
1761	1	469.41	469.41	162.582	
1762	1	469.88	469.88	166.706	
1763	1	470.25	470.25	169.967	
1764	1	470.52	470.52	172.15	
1765	1	470.71	470.71	173.806	
1766	1	470.95	470.95	175.967	
1767	1	471.03	471.03	176.629	
1768	1	471.21	471.21	178.126	
1769	1	471.34	471.34	179.244	
1770	1	471.34	471.34	179.224	
1771	1	471.37	471.37	179.473	
1772	1	471.4	471.4	179.74	
1773	1	471.42	471.42	179.904	
1774	1	471.47	471.47	180.409	
1775	1	471.65	471.65	182.208	
1776	1	471.92	471.92	184.874	
1777	1	472.4	472.4	189.5	
1778	1	472.76	472.76	192.762	
1779	1	473.05	473.05	195.447	
1780	1	473.19	473.19	196.694	
1781	1	473.26	473.26	197.232	
1782	1	473.41	473.41	198.762	
1783	1	474.19	474.19	177.974	
1784	1	474.48	474.48	180.43	
1785	1	474.89	474.89	184.298	
1786	1	475.96	475.96	178.798	
1787	1	476.35	476.35	181.587	
1788	1	476.84	476.84	185.254	
1789	1	477.18	477.18	187.788	
1790	1	477.32	477.32	188.798	
1791	1	477.64	477.64	191.25	
1792	1	477.86	477.86	193.06	
1793	1	478.12	478.12	195.126	
1794	1	478.49	478.49	198.35	
1795	1	478.73	478.73	200.377	
1796	1	479.09	479.09	203.542	
1797	1	479.7	479.7	209.05	
1798	1	480.12	480.12	212.446	
1799	1	480.35	480.35	214.367	
1800	1	480.38	480.38	214.596	
1801	1	480.46	480.46	215.268	
1802	1	480.59	480.59	216.442	
1803	1	480.69	480.69	217.334	
1804	1	480.83	480.83	218.541	
1805	1	481.2	481.2	220.72	
1806	1	481.48	481.48	223.13	
1807	1	481.53	481.53	223.569	
1808	1	481.63	481.63	224.413	
1809	1	481.75	481.75	225.508	
1810	1	481.95	481.95	226.648	
1811	1	482.06	482.06	227.576	
1812	1	482.27	482.27	229.417	
1813	1	482.39	482.39	230.458	
1814	1	482.99	482.99	214.43	
1815	1	483.41	483.41	218.182	
1816	1	484.12	484.12	224.166	
1817	1	484.5	484.5	226.99	
1818	1	484.69	484.69	228.294	
1819	1	484.77	484.77	228.977	
1820	1	484.81	484.81	229.254	
1821	1	484.91	484.91	230.122	
1822	1	484.94	484.94	230.396	
1823	1	485.04	485.04	231.298	
1824	1	485.8	485.8	190.7	
1825	1	486.08	486.08	192.834	
1826	1	486.39	486.39	195.338	
1827	1	486.77	486.77	198.017	
1828	1	486.96	486.96	199.278	
1829	1	487.15	487.15	200.708	
1830	1	488.42	488.42	160.964	
1831	1	489.15	489.15	140.408	
1832	1	490.12	490.12	146.146	
1833	1	491.53	491.53	153.449	
1834	1	492.03	492.03	155.049	
1835	1	492.17	492.17	155.541	
1836	1	492.22	492.22	155.772	
1837	1	492.26	492.26	155.992	
1838	1	492.26	492.26	156.192	
1839	1	492.4	492.4	156.86	
1840	1	492.68	492.68	158.518	
1841	1	492.93	492.93	159.665	
1842	1	493.05	493.05	160.307	
1843	1	493.23	493.23	161.177	
1844	1	494.24	494.24	119.402	
1845	1	494.49	494.49	120.47	
1846	1	494.69	494.69	121.114	
1847	1	494.78	494.78	121.412	
1848	1	494.83	494.83	121.581	
1849	1	494.83	494.83	121.581	
1850	1	494.84	494.84	121.614	
1851	1	496.42	496.42	5.7436	
1852	1	496.55	496.55	4.6675	
1853	1	496.57	496.57	4.6651	
1854	1	496.56	496.56	4.6464	
1855	1	496.56	496.56	4.6464	
1856	1	496.68	496.68	3.5376	
1857	1	496.83	496.83	2.4411	
1858	1	496.95	496.95	1.2675	
1859	1	497.09	497.09	0.0819	
1860	1	497.13	497.13	0.1131	
1861	1	497.24	497.24	0.1824	
1862	1	497.47	497.47	0.2891	
1863	1	497.57	497.57	0.2451	
1864	1	497.64	497.64	0.2304	
1865	1	497.81	497.81	0.1539	
1866	1	497.81	497.81	0.1539	
1867	1	497.83	497.83	0.1411	
1868	1	497.84	497.84	0.1344	
1869	1	497.88	497.88	0.1056	
1870	1	497.89	497.89	0.0979	
1871	1	497.9	497.9	0.11	
1872	1	497.91	497.91	0.1219	
1873	1	497.98	497.98	0.2196	
1874	1	498.12	498.12	0.3256	
1875	1	498.35	498.35	0.4275	
1876	1	498.41	498.41	0.4619	
1877	1	498.6	498.6	0.56	
1878	1	498.83	498.83	0.6811	
1879	1	499.11	499.11	0.9779	
1880	1	499.56	499.56	1.2464	
1881	1	500.02	500.02	1.4596	
1882	1	500.24	500.24	1.6224	
1883	1	500.42	500.42	1.6236	
1884	1	500.53	500.53	1.5091	
1885	1	500.56	500.56	1.4664	
1886	1	500.59	500.59	1.6619	
1887	1	500.69	500.69	1.6939	
1888	1	501.08	501.08	1.9736	
1889	1	501.34	501.34	2.4044	
1890	1	501.77	501.77	2.8571	
1891	1	502.22	502.22	3.1116	
1892	1	502.49	502.49	3.5099	
1893	1	502.84	502.84	3.8544	
1894	1	503.56	503.56	4.2464	
1895	1	503.9	503.9	4.41	
1896	1	504.03	504.03	4.4691	
1897	1	504.14	504.14	4.5204	
1898	1	504.24	504.24	4.6824	
1899	1	504.27	504.27	4.6771	
1900	1	504.42	504.42	5.0236	
1901	1	504.58	504.58	5.3036	
1902	1	504.81	504.81	5.6339	
1903	1	504.95	504.95	5.8075	
1904	1	505.08	505.08	5.9336	
1905	1	505.21	505.21	6.1459	
1906	1	505.29	505.29	6.2859	
1907	1	505.38	505.38	6.4956	
1908	1	505.5	505.5	6.81	
1909	1	505.96	505.96	8.0984	
1910	1	506.32	506.32	8.6976	
1911	1	506.62	506.62	9.2356	
1912	1	506.78	506.78	9.4716	
1913	1	507.01	507.01	9.8499	
1914	1	507.24	507.24	10.2624	
1915	1	507.47	507.47	10.6691	
1916	1	507.59	507.59	10.9019	
1917	1	507.64	507.64	10.9904	
1918	1	507.73	507.73	11.1771	
1919	1	507.79	507.79	11.3259	
1920	1	507.87	507.87	11.4731	
1921	1	508.16	508.16	12.4744	
1922	1	508.73	508.73	14.2371	
1923	1	509.23	509.23	15.6171	
1924	1	509.7	509.7	16.77	
1925	1	510.26	510.26	17.9724	
1926	1	510.39	510.39	18.1979	
1927	1	510.55	510.55	18.5875	
1928	1	510.74	510.74	19.2324	
1929	1	510.92	510.92	19.8336	
1930	1	511.11	511.11	20.3979	
1931	1	511.15	511.15	20.5275	
1932	1	511.36	511.36	21.0904	
1933	1	511.43	511.43	21.2851	
1934	1	511.43	511.43	21.3251	
1935	1	511.42	511.42	21.3036	
1936	1	511.65	511.65	22.2475	
1937	1	512.06	512.06	23.8764	
1938	1	512.5	512.5	25.41	
1939	1	512.66	512.66	25.8444	
1940	1	513.01	513.01	26.8099	
1941	1	513.14	513.14	27.1804	
1942	1	513.17	513.17	27.1811	
1943	1	513.19	513.19	27.2539	
1944	1	513.31	513.31	27.8539	
1945	1	513.67	513.67	29.5411	
1946	1	514.68	514.68	26.0376	
1947	1	515.27	515.27	23.7171	
1948	1	515.5	515.5	20.41	
1949	1	515.88	515.88	17.0856	
1950	1	515.98	515.98	17.3596	
1951	1	516.31	516.31	13.9339	
1952	1	516.55	516.55	14.4275	
1953	1	516.95	516.95	8.1075	
1954	1	517.09	517.09	8.2419	
1955	1	517.51	517.51	9.0899	
1956	1	518.3	518.3	10.67	
1957	1	518.66	518.66	10.9044	
1958	1	519.07	519.07	10.9251	
1959	1	519.18	519.18	11.0476	
1960	1	519.47	519.47	11.5491	
1961	1	519.6	519.6	11.74	
1962	1	519.83	519.83	12.1011	
1963	1	519.93	519.93	12.2651	
1964	1	520	520	12.36	
1965	1	520.32	520.32	9.1176	
1966	1	520.61	520.61	9.5979	
1967	1	520.6	520.6	9.56	
1968	1	520.8	520.8	9.88	
1969	1	520.98	520.98	10.0996	
1970	1	521.04	521.04	10.1584	
1971	1	521.17	521.17	10.3811	
1972	1	521.26	521.26	10.6524	
1973	1	521.46	521.46	11.0684	
1974	1	521.8	521.8	11.7	
1975	1	522.15	522.15	12.4475	
1976	1	522.35	522.35	12.7675	
1977	1	522.43	522.43	12.9651	
1978	1	522.58	522.58	13.2036	
1979	1	522.88	522.88	13.8656	
1980	1	523.47	523.47	15.4691	
1981	1	524.13	524.13	17.0731	
1982	1	524.34	524.34	17.4044	
1983	1	524.64	524.64	18.1904	
1984	1	525.12	525.12	19.7856	
1985	1	525.97	525.97	21.8091	
1986	1	526.17	526.17	22.2411	
1987	1	526.36	526.36	22.6104	
1988	1	526.49	526.49	23.0299	
1989	1	526.75	526.75	23.9675	
1990	1	527.05	527.05	25.0675	
1991	1	527.42	527.42	26.0636	
1992	1	527.76	527.76	27.1224	
1993	1	527.94	527.94	27.6364	
1994	1	528.06	528.06	27.9764	
1995	1	528.23	528.23	28.5571	
1996	1	528.32	528.32	28.8176	
1997	1	528.32	528.32	28.8376	
1998	1	528.47	528.47	29.4291	
1999	1	528.73	528.73	30.3971	
2000	1	528.91	528.91	31.0219	
