# mu = 0.001, s = -0.001, trials requested = 1, runtime = 0:00:18
# "Time"	"Actual trials"	"Mean mutation"	"Average mean mutation"	"Average mutation variance"
0	1	0	0	0	
1	1	0	0	0	
2	1	0	0	0	
3	1	0.01	0.01	0.0099	
4	1	0.07	0.07	0.0651	
5	1	0.18	0.18	0.1476	
6	1	0.44	0.44	0.2464	
7	1	0.71	0.71	0.2259	
8	1	0.23	0.23	0.1771	
9	1	0.23	0.23	0.1771	
10	1	0.12	0.12	0.1056	
11	1	0.2	0.2	0.16	
12	1	0.11	0.11	0.0979	
13	1	0.35	0.35	0.2275	
14	1	0.43	0.43	0.2451	
15	1	0.37	0.37	0.2331	
16	1	0.51	0.51	0.2499	
17	1	0.64	0.64	0.3504	
18	1	0.63	0.63	0.2331	
19	1	0.56	0.56	0.2464	
20	1	0.89	0.89	0.0979	
21	1	0.73	0.73	0.1971	
22	1	0.89	0.89	0.0979	
23	1	0.97	0.97	0.0291	
24	1	0.99	0.99	0.0099	
25	1	1.01	1.01	0.0099	
26	1	1.01	1.01	0.0099	
27	1	1.01	1.01	0.0099	
28	1	1.11	1.11	0.0979	
29	1	1.03	1.03	0.0291	
30	1	1.08	1.08	0.0736	
31	1	1.01	1.01	0.0099	
32	1	1.01	1.01	0.0099	
33	1	1.01	1.01	0.0099	
34	1	1.02	1.02	0.0196	
35	1	1.01	1.01	0.0099	
36	1	1.01	1.01	0.0099	
37	1	1.01	1.01	0.0099	
38	1	1.01	1.01	0.0099	
39	1	1.01	1.01	0.0099	
40	1	1.01	1.01	0.0099	
41	1	1.01	1.01	0.0099	
42	1	1.03	1.03	0.0291	
43	1	1.02	1.02	0.0196	
44	1	1.01	1.01	0.0099	
45	1	1.01	1.01	0.0099	
46	1	1.01	1.01	0.0099	
47	1	1.01	1.01	0.0099	
48	1	1.01	1.01	0.0099	
49	1	1.01	1.01	0.0099	
50	1	1.01	1.01	0.0099	
51	1	1.01	1.01	0.0099	
52	1	1.01	1.01	0.0099	
53	1	1.01	1.01	0.0099	
54	1	1.01	1.01	0.0099	
55	1	1.01	1.01	0.0099	
56	1	1.01	1.01	0.0099	
57	1	1.04	1.04	0.0384	
58	1	1.01	1.01	0.0099	
59	1	1.01	1.01	0.0099	
60	1	1.01	1.01	0.0099	
61	1	1.01	1.01	0.0099	
62	1	1.01	1.01	0.0099	
63	1	1.01	1.01	0.0099	
64	1	1.01	1.01	0.0099	
65	1	1.01	1.01	0.0099	
66	1	1.01	1.01	0.0099	
67	1	1.01	1.01	0.0099	
68	1	1.01	1.01	0.0099	
69	1	1.14	1.14	0.1204	
70	1	1.19	1.19	0.1539	
71	1	1.36	1.36	0.2304	
72	1	1.37	1.37	0.2331	
73	1	1.47	1.47	0.2491	
74	1	1.63	1.63	0.2331	
75	1	1.99	1.99	0.0899	
76	1	2.61	2.61	0.2979	
77	1	2.88	2.88	0.1056	
78	1	3	3	0	
79	1	3	3	0	
80	1	3	3	0	
81	1	3	3	0	
82	1	3.01	3.01	0.0099	
83	1	3.01	3.01	0.0099	
84	1	3.01	3.01	0.0099	
85	1	3.01	3.01	0.0099	
86	1	3.01	3.01	0.0099	
87	1	3.03	3.03	0.0291	
88	1	3.01	3.01	0.0099	
89	1	3.01	3.01	0.0099	
90	1	3.04	3.04	0.0384	
91	1	3.01	3.01	0.0099	
92	1	3.01	3.01	0.0099	
93	1	3.01	3.01	0.0099	
94	1	3.01	3.01	0.0099	
95	1	3.01	3.01	0.0099	
96	1	3.01	3.01	0.0099	
97	1	3.01	3.01	0.0099	
98	1	3.01	3.01	0.0099	
99	1	3.01	3.01	0.0099	
100	1	3.05	3.05	0.0475	
101	1	3.1	3.1	0.09	
102	1	3.27	3.27	0.1971	
103	1	3.29	3.29	0.2059	
104	1	3.49	3.49	0.2499	
105	1	3.51	3.51	0.4499	
106	1	3.57	3.57	0.2851	
107	1	4.31	4.31	0.2339	
108	1	4.24	4.24	0.1824	
109	1	4.35	4.35	0.2275	
110	1	4.61	4.61	0.2379	
111	1	4.5	4.5	0.25	
112	1	4.33	4.33	0.2211	
113	1	4.74	4.74	0.1924	
114	1	4.99	4.99	0.0099	
115	1	5.01	5.01	0.0099	
116	1	5.01	5.01	0.0099	
117	1	5.01	5.01	0.0099	
118	1	5.01	5.01	0.0099	
119	1	5.01	5.01	0.0099	
120	1	5.01	5.01	0.0099	
121	1	5.01	5.01	0.0099	
122	1	5.01	5.01	0.0099	
123	1	5.01	5.01	0.0099	
124	1	5.01	5.01	0.0099	
125	1	5.01	5.01	0.0099	
126	1	5.01	5.01	0.0099	
127	1	5.01	5.01	0.0099	
128	1	5.01	5.01	0.0099	
129	1	5.01	5.01	0.0099	
130	1	5.01	5.01	0.0099	
131	1	5.06	5.06	0.0564	
132	1	5.22	5.22	0.1716	
133	1	5.16	5.16	0.1344	
134	1	5.12	5.12	0.1056	
135	1	5.22	5.22	0.1716	
136	1	5.16	5.16	0.1344	
137	1	5.06	5.06	0.0564	
138	1	5.01	5.01	0.0099	
139	1	5.01	5.01	0.0099	
140	1	5.01	5.01	0.0099	
141	1	5.01	5.01	0.0099	
142	1	5.01	5.01	0.0099	
143	1	5.01	5.01	0.0099	
144	1	5.01	5.01	0.0099	
145	1	5.01	5.01	0.0099	
146	1	5.01	5.01	0.0099	
147	1	5.11	5.11	0.0979	
148	1	5.01	5.01	0.0099	
149	1	5.01	5.01	0.0099	
150	1	5.01	5.01	0.0099	
151	1	5.01	5.01	0.0099	
152	1	5.01	5.01	0.0099	
153	1	5.06	5.06	0.0564	
154	1	5.01	5.01	0.0099	
155	1	5.01	5.01	0.0099	
156	1	5.01	5.01	0.0099	
157	1	5.01	5.01	0.0099	
158	1	5.01	5.01	0.0099	
159	1	5.01	5.01	0.0099	
160	1	5.01	5.01	0.0099	
161	1	5.01	5.01	0.0099	
162	1	5.01	5.01	0.0099	
163	1	5.01	5.01	0.0099	
164	1	5.01	5.01	0.0099	
165	1	5.02	5.02	0.0196	
166	1	5.01	5.01	0.0099	
167	1	5.01	5.01	0.0099	
168	1	5.01	5.01	0.0099	
169	1	5.01	5.01	0.0099	
170	1	5.09	5.09	0.0819	
171	1	5.01	5.01	0.0099	
172	1	5.01	5.01	0.0099	
173	1	5.01	5.01	0.0099	
174	1	5.01	5.01	0.0099	
175	1	5.01	5.01	0.0099	
176	1	5.19	5.19	0.1539	
177	1	5.1	5.1	0.09	
178	1	5.01	5.01	0.0099	
179	1	5.14	5.14	0.1204	
180	1	5.16	5.16	0.1344	
181	1	5.01	5.01	0.0099	
182	1	5.01	5.01	0.0099	
183	1	5.01	5.01	0.0099	
184	1	5.01	5.01	0.0099	
185	1	5.01	5.01	0.0099	
186	1	5.02	5.02	0.0196	
187	1	5.01	5.01	0.0099	
188	1	5.01	5.01	0.0099	
189	1	5.01	5.01	0.0099	
190	1	5.03	5.03	0.0291	
191	1	5.12	5.12	0.1056	
192	1	5.26	5.26	0.1924	
193	1	5.25	5.25	0.1875	
194	1	5.05	5.05	0.0475	
195	1	5.14	5.14	0.1204	
196	1	5.14	5.14	0.1204	
197	1	5.01	5.01	0.0099	
198	1	5.01	5.01	0.0099	
199	1	5.01	5.01	0.0099	
200	1	5.01	5.01	0.0099	
201	1	5.01	5.01	0.0099	
202	1	5.01	5.01	0.0099	
203	1	5.01	5.01	0.0099	
204	1	5.01	5.01	0.0099	
205	1	5.01	5.01	0.0099	
206	1	5.01	5.01	0.0099	
207	1	5.01	5.01	0.0099	
208	1	5.01	5.01	0.0099	
209	1	5.01	5.01	0.0099	
210	1	5.01	5.01	0.0099	
211	1	5.01	5.01	0.0099	
212	1	5.01	5.01	0.0099	
213	1	5.01	5.01	0.0099	
214	1	5.01	5.01	0.0099	
215	1	5.02	5.02	0.0196	
216	1	5.01	5.01	0.0099	
217	1	5.01	5.01	0.0099	
218	1	5.01	5.01	0.0099	
219	1	5.01	5.01	0.0099	
220	1	5.01	5.01	0.0099	
221	1	5.01	5.01	0.0099	
222	1	5.06	5.06	0.0564	
223	1	5.01	5.01	0.0099	
224	1	5.01	5.01	0.0099	
225	1	5.01	5.01	0.0099	
226	1	5.01	5.01	0.0099	
227	1	5.01	5.01	0.0099	
228	1	5.01	5.01	0.0099	
229	1	5.01	5.01	0.0099	
230	1	5.01	5.01	0.0099	
231	1	5.01	5.01	0.0099	
232	1	5.01	5.01	0.0099	
233	1	5.01	5.01	0.0099	
234	1	5.06	5.06	0.0564	
235	1	5.01	5.01	0.0099	
236	1	5.01	5.01	0.0099	
237	1	5.01	5.01	0.0099	
238	1	5.01	5.01	0.0099	
239	1	5.01	5.01	0.0099	
240	1	5.01	5.01	0.0099	
241	1	5.01	5.01	0.0099	
242	1	5.03	5.03	0.0291	
243	1	5.06	5.06	0.0564	
244	1	5.27	5.27	0.1971	
245	1	5.49	5.49	0.2499	
246	1	5.69	5.69	0.2139	
247	1	5.79	5.79	0.1659	
248	1	5.48	5.48	0.2496	
249	1	5.79	5.79	0.1659	
250	1	5.87	5.87	0.1131	
251	1	5.97	5.97	0.0291	
252	1	6.01	6.01	0.0099	
253	1	6.15	6.15	0.1275	
254	1	6.07	6.07	0.0651	
255	1	6.03	6.03	0.0291	
256	1	6.01	6.01	0.0099	
257	1	6.01	6.01	0.0099	
258	1	6.01	6.01	0.0099	
259	1	6.01	6.01	0.0099	
260	1	6.01	6.01	0.0099	
261	1	6.01	6.01	0.0099	
262	1	6.01	6.01	0.0099	
263	1	6.01	6.01	0.0099	
264	1	6.01	6.01	0.0099	
265	1	6.01	6.01	0.0099	
266	1	6.01	6.01	0.0099	
267	1	6.02	6.02	0.0196	
268	1	6.01	6.01	0.0099	
269	1	6.01	6.01	0.0099	
270	1	6.01	6.01	0.0099	
271	1	6.01	6.01	0.0099	
272	1	6.01	6.01	0.0099	
273	1	6.01	6.01	0.0099	
274	1	6.01	6.01	0.0099	
275	1	6.01	6.01	0.0099	
276	1	6.01	6.01	0.0099	
277	1	6.05	6.05	0.0475	
278	1	6.01	6.01	0.0099	
279	1	6.01	6.01	0.0099	
280	1	6.01	6.01	0.0099	
281	1	6.01	6.01	0.0099	
282	1	6.01	6.01	0.0099	
283	1	6.01	6.01	0.0099	
284	1	6.01	6.01	0.0099	
285	1	6.06	6.06	0.0564	
286	1	6.07	6.07	0.0651	
287	1	6.03	6.03	0.0291	
288	1	6.07	6.07	0.0651	
289	1	6.01	6.01	0.0099	
290	1	6.01	6.01	0.0099	
291	1	6.01	6.01	0.0099	
292	1	6.05	6.05	0.0475	
293	1	6.04	6.04	0.0384	
294	1	6.26	6.26	0.1924	
295	1	6.38	6.38	0.2356	
296	1	6.19	6.19	0.1539	
297	1	6.12	6.12	0.1056	
298	1	6.01	6.01	0.0099	
299	1	6.01	6.01	0.0099	
300	1	6.01	6.01	0.0099	
301	1	6.01	6.01	0.0099	
302	1	6.01	6.01	0.0099	
303	1	6.03	6.03	0.0291	
304	1	6.01	6.01	0.0099	
305	1	6.02	6.02	0.0196	
306	1	6.01	6.01	0.0099	
307	1	6.01	6.01	0.0099	
308	1	6.01	6.01	0.0099	
309	1	6.02	6.02	0.0196	
310	1	6.22	6.22	0.1716	
311	1	6.24	6.24	0.1824	
312	1	6.1	6.1	0.09	
313	1	6.11	6.11	0.0979	
314	1	6.47	6.47	0.2491	
315	1	6.64	6.64	0.2304	
316	1	6.73	6.73	0.2171	
317	1	6.67	6.67	0.2211	
318	1	6.62	6.62	0.2356	
319	1	6.57	6.57	0.2451	
320	1	6.56	6.56	0.2464	
321	1	6.48	6.48	0.2496	
322	1	6.57	6.57	0.2451	
323	1	6.61	6.61	0.2979	
324	1	6.82	6.82	0.1476	
325	1	6.85	6.85	0.1275	
326	1	6.78	6.78	0.1716	
327	1	6.75	6.75	0.1875	
328	1	6.74	6.74	0.1924	
329	1	6.7	6.7	0.27	
330	1	6.63	6.63	0.2531	
331	1	6.03	6.03	0.0291	
332	1	6.01	6.01	0.0099	
333	1	6.01	6.01	0.0099	
334	1	6.01	6.01	0.0099	
335	1	6.04	6.04	0.0384	
336	1	6.06	6.06	0.0564	
337	1	6.01	6.01	0.0099	
338	1	6.01	6.01	0.0099	
339	1	6.01	6.01	0.0099	
340	1	6.02	6.02	0.0196	
341	1	6.01	6.01	0.0099	
342	1	6.01	6.01	0.0099	
343	1	6.01	6.01	0.0099	
344	1	6.25	6.25	0.1875	
345	1	6.15	6.15	0.1275	
346	1	6.24	6.24	0.1824	
347	1	6.08	6.08	0.0736	
348	1	6.06	6.06	0.0564	
349	1	6.59	6.59	0.2419	
350	1	6.96	6.96	0.0584	
351	1	7.04	7.04	0.0384	
352	1	7.01	7.01	0.0099	
353	1	7.01	7.01	0.0099	
354	1	7.01	7.01	0.0099	
355	1	7.08	7.08	0.0736	
356	1	7.01	7.01	0.0099	
357	1	7.01	7.01	0.0099	
358	1	7.01	7.01	0.0099	
359	1	7.01	7.01	0.0099	
360	1	7.02	7.02	0.0196	
361	1	7.01	7.01	0.0099	
362	1	7.01	7.01	0.0099	
363	1	7.01	7.01	0.0099	
364	1	7.04	7.04	0.0384	
365	1	7.01	7.01	0.0099	
366	1	7.01	7.01	0.0099	
367	1	7.05	7.05	0.0475	
368	1	7.01	7.01	0.0099	
369	1	7.01	7.01	0.0099	
370	1	7.01	7.01	0.0099	
371	1	7.01	7.01	0.0099	
372	1	7.01	7.01	0.0099	
373	1	7.01	7.01	0.0099	
374	1	7.01	7.01	0.0099	
375	1	7.01	7.01	0.0099	
376	1	7.06	7.06	0.0564	
377	1	7.13	7.13	0.1131	
378	1	7.07	7.07	0.0651	
379	1	7.01	7.01	0.0099	
380	1	7.01	7.01	0.0099	
381	1	7.01	7.01	0.0099	
382	1	7.01	7.01	0.0099	
383	1	7.01	7.01	0.0099	
384	1	7.01	7.01	0.0099	
385	1	7.01	7.01	0.0099	
386	1	7.15	7.15	0.1275	
387	1	7.04	7.04	0.0384	
388	1	7.01	7.01	0.0099	
389	1	7.01	7.01	0.0099	
390	1	7.01	7.01	0.0099	
391	1	7.06	7.06	0.0564	
392	1	7.1	7.1	0.09	
393	1	7.12	7.12	0.1056	
394	1	7.28	7.28	0.2016	
395	1	7.08	7.08	0.0736	
396	1	7.02	7.02	0.0196	
397	1	7.01	7.01	0.0099	
398	1	7.01	7.01	0.0099	
399	1	7.01	7.01	0.0099	
400	1	7.01	7.01	0.0099	
401	1	7.01	7.01	0.0099	
402	1	7.01	7.01	0.0099	
403	1	7.01	7.01	0.0099	
404	1	7.01	7.01	0.0099	
405	1	7.01	7.01	0.0099	
406	1	7.01	7.01	0.0099	
407	1	7.01	7.01	0.0099	
408	1	7.01	7.01	0.0099	
409	1	7.01	7.01	0.0099	
410	1	7.01	7.01	0.0099	
411	1	7.01	7.01	0.0099	
412	1	7.03	7.03	0.0291	
413	1	7.01	7.01	0.0099	
414	1	7.01	7.01	0.0099	
415	1	7.01	7.01	0.0099	
416	1	7.01	7.01	0.0099	
417	1	7.01	7.01	0.0099	
418	1	7.01	7.01	0.0099	
419	1	7.01	7.01	0.0099	
420	1	7.01	7.01	0.0099	
421	1	7.01	7.01	0.0099	
422	1	7.01	7.01	0.0099	
423	1	7.01	7.01	0.0099	
424	1	7.01	7.01	0.0099	
425	1	7.01	7.01	0.0099	
426	1	7.06	7.06	0.0564	
427	1	7.01	7.01	0.0099	
428	1	7.01	7.01	0.0099	
429	1	7.01	7.01	0.0099	
430	1	7.01	7.01	0.0099	
431	1	7.01	7.01	0.0099	
432	1	7.01	7.01	0.0099	
433	1	7.01	7.01	0.0099	
434	1	7.01	7.01	0.0099	
435	1	7.01	7.01	0.0099	
436	1	7.01	7.01	0.0099	
437	1	7.01	7.01	0.0099	
438	1	7.01	7.01	0.0099	
439	1	7.01	7.01	0.0099	
440	1	7.01	7.01	0.0099	
441	1	7.01	7.01	0.0099	
442	1	7.01	7.01	0.0099	
443	1	7.01	7.01	0.0099	
444	1	7.13	7.13	0.1131	
445	1	7.01	7.01	0.0099	
446	1	7.01	7.01	0.0099	
447	1	7.01	7.01	0.0099	
448	1	7.01	7.01	0.0099	
449	1	7.01	7.01	0.0099	
450	1	7.01	7.01	0.0099	
451	1	7.01	7.01	0.0099	
452	1	7.01	7.01	0.0099	
453	1	7.01	7.01	0.0099	
454	1	7.02	7.02	0.0196	
455	1	7.01	7.01	0.0099	
456	1	7.01	7.01	0.0099	
457	1	7.1	7.1	0.09	
458	1	7.22	7.22	0.1716	
459	1	7.21	7.21	0.1659	
460	1	7.55	7.55	0.2475	
461	1	7.2	7.2	0.16	
462	1	7.08	7.08	0.0736	
463	1	7.26	7.26	0.1924	
464	1	7.43	7.43	0.2451	
465	1	7.38	7.38	0.2356	
466	1	7.14	7.14	0.1204	
467	1	7.07	7.07	0.0651	
468	1	7.18	7.18	0.1476	
469	1	7.02	7.02	0.0196	
470	1	7.01	7.01	0.0099	
471	1	7.01	7.01	0.0099	
472	1	7.01	7.01	0.0099	
473	1	7.01	7.01	0.0099	
474	1	7.01	7.01	0.0099	
475	1	7.01	7.01	0.0099	
476	1	7.01	7.01	0.0099	
477	1	7.01	7.01	0.0099	
478	1	7.01	7.01	0.0099	
479	1	7.01	7.01	0.0099	
480	1	7.01	7.01	0.0099	
481	1	7.01	7.01	0.0099	
482	1	7.01	7.01	0.0099	
483	1	7.01	7.01	0.0099	
484	1	7.01	7.01	0.0099	
485	1	7.01	7.01	0.0099	
486	1	7.01	7.01	0.0099	
487	1	7.05	7.05	0.0475	
488	1	7.01	7.01	0.0099	
489	1	7.01	7.01	0.0099	
490	1	7.01	7.01	0.0099	
491	1	7.01	7.01	0.0099	
492	1	7.01	7.01	0.0099	
493	1	7.01	7.01	0.0099	
494	1	7.01	7.01	0.0099	
495	1	7.01	7.01	0.0099	
496	1	7.01	7.01	0.0099	
497	1	7.01	7.01	0.0099	
498	1	7.01	7.01	0.0099	
499	1	7.01	7.01	0.0099	
500	1	7.01	7.01	0.0099	
501	1	7.01	7.01	0.0099	
502	1	7.01	7.01	0.0099	
503	1	7.01	7.01	0.0099	
504	1	7.01	7.01	0.0099	
505	1	7.01	7.01	0.0099	
506	1	7.01	7.01	0.0099	
507	1	7.01	7.01	0.0099	
508	1	7.04	7.04	0.0384	
509	1	7.07	7.07	0.0651	
510	1	7.01	7.01	0.0099	
511	1	7.01	7.01	0.0099	
512	1	7.02	7.02	0.0196	
513	1	7.01	7.01	0.0099	
514	1	7.01	7.01	0.0099	
515	1	7.01	7.01	0.0099	
516	1	7.02	7.02	0.0196	
517	1	7.01	7.01	0.0099	
518	1	7.08	7.08	0.0736	
519	1	7.01	7.01	0.0099	
520	1	7.01	7.01	0.0099	
521	1	7.01	7.01	0.0099	
522	1	7.01	7.01	0.0099	
523	1	7.01	7.01	0.0099	
524	1	7.01	7.01	0.0099	
525	1	7.01	7.01	0.0099	
526	1	7.01	7.01	0.0099	
527	1	7.01	7.01	0.0099	
528	1	7.01	7.01	0.0099	
529	1	7.01	7.01	0.0099	
530	1	7.01	7.01	0.0099	
531	1	7.08	7.08	0.0736	
532	1	7.06	7.06	0.0564	
533	1	7.04	7.04	0.0384	
534	1	7.21	7.21	0.1659	
535	1	7.08	7.08	0.0736	
536	1	7.01	7.01	0.0099	
537	1	7.01	7.01	0.0099	
538	1	7.01	7.01	0.0099	
539	1	7.01	7.01	0.0099	
540	1	7.01	7.01	0.0099	
541	1	7.01	7.01	0.0099	
542	1	7.01	7.01	0.0099	
543	1	7.01	7.01	0.0099	
544	1	7.01	7.01	0.0099	
545	1	7.01	7.01	0.0099	
546	1	7.01	7.01	0.0099	
547	1	7.01	7.01	0.0099	
548	1	7.01	7.01	0.0099	
549	1	7.01	7.01	0.0099	
550	1	7.07	7.07	0.0651	
551	1	7.02	7.02	0.0196	
552	1	7.02	7.02	0.0196	
553	1	7.03	7.03	0.0291	
554	1	7.01	7.01	0.0099	
555	1	7.03	7.03	0.0291	
556	1	7.01	7.01	0.0099	
557	1	7.01	7.01	0.0099	
558	1	7.03	7.03	0.0291	
559	1	7.01	7.01	0.0099	
560	1	7.01	7.01	0.0099	
561	1	7.01	7.01	0.0099	
562	1	7.01	7.01	0.0099	
563	1	7.01	7.01	0.0099	
564	1	7.01	7.01	0.0099	
565	1	7.01	7.01	0.0099	
566	1	7.01	7.01	0.0099	
567	1	7.01	7.01	0.0099	
568	1	7.01	7.01	0.0099	
569	1	7.05	7.05	0.0475	
570	1	7.01	7.01	0.0099	
571	1	7.01	7.01	0.0099	
572	1	7.01	7.01	0.0099	
573	1	7.01	7.01	0.0099	
574	1	7.01	7.01	0.0099	
575	1	7.02	7.02	0.0196	
576	1	7.01	7.01	0.0099	
577	1	7.01	7.01	0.0099	
578	1	7.01	7.01	0.0099	
579	1	7.01	7.01	0.0099	
580	1	7.01	7.01	0.0099	
581	1	7.01	7.01	0.0099	
582	1	7.07	7.07	0.0651	
583	1	7.01	7.01	0.0099	
584	1	7.01	7.01	0.0099	
585	1	7.05	7.05	0.0475	
586	1	7.01	7.01	0.0099	
587	1	7.01	7.01	0.0099	
588	1	7.02	7.02	0.0196	
589	1	7.02	7.02	0.0196	
590	1	7.03	7.03	0.0291	
591	1	7.01	7.01	0.0099	
592	1	7.01	7.01	0.0099	
593	1	7.01	7.01	0.0099	
594	1	7.01	7.01	0.0099	
595	1	7.01	7.01	0.0099	
596	1	7.02	7.02	0.0196	
597	1	7.01	7.01	0.0099	
598	1	7.01	7.01	0.0099	
599	1	7.02	7.02	0.0196	
600	1	7.01	7.01	0.0099	
601	1	7.01	7.01	0.0099	
602	1	7.01	7.01	0.0099	
603	1	7.01	7.01	0.0099	
604	1	7.01	7.01	0.0099	
605	1	7.15	7.15	0.1275	
606	1	7.07	7.07	0.0651	
607	1	7.16	7.16	0.1344	
608	1	7.01	7.01	0.0099	
609	1	7.01	7.01	0.0099	
610	1	7.01	7.01	0.0099	
611	1	7.01	7.01	0.0099	
612	1	7.01	7.01	0.0099	
613	1	7.01	7.01	0.0099	
614	1	7.01	7.01	0.0099	
615	1	7.01	7.01	0.0099	
616	1	7.01	7.01	0.0099	
617	1	7.01	7.01	0.0099	
618	1	7.01	7.01	0.0099	
619	1	7.01	7.01	0.0099	
620	1	7.01	7.01	0.0099	
621	1	7.01	7.01	0.0099	
622	1	7.05	7.05	0.0475	
623	1	7.07	7.07	0.0651	
624	1	7.03	7.03	0.0291	
625	1	7.12	7.12	0.1056	
626	1	7.15	7.15	0.1275	
627	1	7.63	7.63	0.2331	
628	1	7.4	7.4	0.24	
629	1	7.28	7.28	0.2016	
630	1	7.17	7.17	0.1411	
631	1	7.15	7.15	0.1275	
632	1	7.44	7.44	0.2464	
633	1	7.49	7.49	0.2499	
634	1	7.37	7.37	0.2331	
635	1	7.37	7.37	0.2331	
636	1	7.44	7.44	0.2464	
637	1	7.43	7.43	0.2451	
638	1	7.38	7.38	0.2356	
639	1	7.84	7.84	0.1344	
640	1	7.86	7.86	0.1204	
641	1	7.99	7.99	0.0099	
642	1	8.01	8.01	0.0099	
643	1	8.01	8.01	0.0099	
644	1	8.03	8.03	0.0291	
645	1	8.02	8.02	0.0196	
646	1	8.01	8.01	0.0099	
647	1	8.01	8.01	0.0099	
648	1	8.01	8.01	0.0099	
649	1	8.01	8.01	0.0099	
650	1	8.01	8.01	0.0099	
651	1	8.01	8.01	0.0099	
652	1	8.01	8.01	0.0099	
653	1	8.01	8.01	0.0099	
654	1	8.01	8.01	0.0099	
655	1	8.02	8.02	0.0196	
656	1	8.01	8.01	0.0099	
657	1	8.01	8.01	0.0099	
658	1	8.01	8.01	0.0099	
659	1	8.01	8.01	0.0099	
660	1	8.01	8.01	0.0099	
661	1	8.01	8.01	0.0099	
662	1	8.01	8.01	0.0099	
663	1	8.02	8.02	0.0196	
664	1	8.01	8.01	0.0099	
665	1	8.01	8.01	0.0099	
666	1	8.01	8.01	0.0099	
667	1	8.01	8.01	0.0099	
668	1	8.01	8.01	0.0099	
669	1	8.01	8.01	0.0099	
670	1	8.01	8.01	0.0099	
671	1	8.06	8.06	0.0564	
672	1	8.06	8.06	0.0564	
673	1	8.06	8.06	0.0564	
674	1	8.03	8.03	0.0291	
675	1	8.01	8.01	0.0099	
676	1	8.01	8.01	0.0099	
677	1	8.01	8.01	0.0099	
678	1	8.01	8.01	0.0099	
679	1	8.01	8.01	0.0099	
680	1	8.01	8.01	0.0099	
681	1	8.01	8.01	0.0099	
682	1	8.01	8.01	0.0099	
683	1	8.01	8.01	0.0099	
684	1	8.01	8.01	0.0099	
685	1	8.03	8.03	0.0291	
686	1	8.01	8.01	0.0099	
687	1	8.01	8.01	0.0099	
688	1	8.01	8.01	0.0099	
689	1	8.01	8.01	0.0099	
690	1	8.01	8.01	0.0099	
691	1	8.01	8.01	0.0099	
692	1	8.24	8.24	0.1824	
693	1	8.18	8.18	0.1476	
694	1	8.37	8.37	0.2931	
695	1	8.36	8.36	0.3504	
696	1	8.39	8.39	0.2379	
697	1	8.64	8.64	0.2304	
698	1	8.43	8.43	0.2451	
699	1	8.73	8.73	0.2371	
700	1	8.56	8.56	0.2464	
701	1	8.87	8.87	0.1331	
702	1	8.89	8.89	0.0979	
703	1	9.01	9.01	0.0099	
704	1	9.01	9.01	0.0099	
705	1	9.01	9.01	0.0099	
706	1	9.05	9.05	0.0475	
707	1	9.26	9.26	0.1924	
708	1	9.06	9.06	0.0564	
709	1	9.01	9.01	0.0099	
710	1	9.01	9.01	0.0099	
711	1	9.01	9.01	0.0099	
712	1	9.01	9.01	0.0099	
713	1	9.08	9.08	0.0736	
714	1	9.1	9.1	0.09	
715	1	9.01	9.01	0.0099	
716	1	9.01	9.01	0.0099	
717	1	9.01	9.01	0.0099	
718	1	9.01	9.01	0.0099	
719	1	9.01	9.01	0.0099	
720	1	9.01	9.01	0.0099	
721	1	9.01	9.01	0.0099	
722	1	9.01	9.01	0.0099	
723	1	9.01	9.01	0.0099	
724	1	9.01	9.01	0.0099	
725	1	9.01	9.01	0.0099	
726	1	9.01	9.01	0.0099	
727	1	9.01	9.01	0.0099	
728	1	9.01	9.01	0.0099	
729	1	9.01	9.01	0.0099	
730	1	9.01	9.01	0.0099	
731	1	9.01	9.01	0.0099	
732	1	9.01	9.01	0.0099	
733	1	9.01	9.01	0.0099	
734	1	9.01	9.01	0.0099	
735	1	9.01	9.01	0.0099	
736	1	9.01	9.01	0.0099	
737	1	9.01	9.01	0.0099	
738	1	9.02	9.02	0.0196	
739	1	9.01	9.01	0.0099	
740	1	9.01	9.01	0.0099	
741	1	9.01	9.01	0.0099	
742	1	9.01	9.01	0.0099	
743	1	9.01	9.01	0.0099	
744	1	9.01	9.01	0.0099	
745	1	9.01	9.01	0.0099	
746	1	9.01	9.01	0.0099	
747	1	9.01	9.01	0.0099	
748	1	9.01	9.01	0.0099	
749	1	9.01	9.01	0.0099	
750	1	9.03	9.03	0.0291	
751	1	9.01	9.01	0.0099	
752	1	9.01	9.01	0.0099	
753	1	9.01	9.01	0.0099	
754	1	9.01	9.01	0.0099	
755	1	9.01	9.01	0.0099	
756	1	9.01	9.01	0.0099	
757	1	9.01	9.01	0.0099	
758	1	9.01	9.01	0.0099	
759	1	9.01	9.01	0.0099	
760	1	9.01	9.01	0.0099	
761	1	9.01	9.01	0.0099	
762	1	9.01	9.01	0.0099	
763	1	9.01	9.01	0.0099	
764	1	9.02	9.02	0.0196	
765	1	9.01	9.01	0.0099	
766	1	9.01	9.01	0.0099	
767	1	9.01	9.01	0.0099	
768	1	9.01	9.01	0.0099	
769	1	9.01	9.01	0.0099	
770	1	9.01	9.01	0.0099	
771	1	9.01	9.01	0.0099	
772	1	9.01	9.01	0.0099	
773	1	9.01	9.01	0.0099	
774	1	9.01	9.01	0.0099	
775	1	9.01	9.01	0.0099	
776	1	9.01	9.01	0.0099	
777	1	9.01	9.01	0.0099	
778	1	9.01	9.01	0.0099	
779	1	9.01	9.01	0.0099	
780	1	9.01	9.01	0.0099	
781	1	9.01	9.01	0.0099	
782	1	9.01	9.01	0.0099	
783	1	9.01	9.01	0.0099	
784	1	9.01	9.01	0.0099	
785	1	9.01	9.01	0.0099	
786	1	9.08	9.08	0.0736	
787	1	9.01	9.01	0.0099	
788	1	9.01	9.01	0.0099	
789	1	9.01	9.01	0.0099	
790	1	9.01	9.01	0.0099	
791	1	9.01	9.01	0.0099	
792	1	9.01	9.01	0.0099	
793	1	9.01	9.01	0.0099	
794	1	9.07	9.07	0.0651	
795	1	9.01	9.01	0.0099	
796	1	9.01	9.01	0.0099	
797	1	9.01	9.01	0.0099	
798	1	9.01	9.01	0.0099	
799	1	9.01	9.01	0.0099	
800	1	9.01	9.01	0.0099	
801	1	9.01	9.01	0.0099	
802	1	9.01	9.01	0.0099	
803	1	9.01	9.01	0.0099	
804	1	9.01	9.01	0.0099	
805	1	9.01	9.01	0.0099	
806	1	9.01	9.01	0.0099	
807	1	9.12	9.12	0.1056	
808	1	9.07	9.07	0.0651	
809	1	9.01	9.01	0.0099	
810	1	9.01	9.01	0.0099	
811	1	9.01	9.01	0.0099	
812	1	9.01	9.01	0.0099	
813	1	9.01	9.01	0.0099	
814	1	9.05	9.05	0.0475	
815	1	9.01	9.01	0.0099	
816	1	9.01	9.01	0.0099	
817	1	9.01	9.01	0.0099	
818	1	9.01	9.01	0.0099	
819	1	9.01	9.01	0.0099	
820	1	9.01	9.01	0.0099	
821	1	9.01	9.01	0.0099	
822	1	9.02	9.02	0.0196	
823	1	9.01	9.01	0.0099	
824	1	9.01	9.01	0.0099	
825	1	9.01	9.01	0.0099	
826	1	9.01	9.01	0.0099	
827	1	9.01	9.01	0.0099	
828	1	9.01	9.01	0.0099	
829	1	9.01	9.01	0.0099	
830	1	9.05	9.05	0.0475	
831	1	9.01	9.01	0.0099	
832	1	9.01	9.01	0.0099	
833	1	9.02	9.02	0.0196	
834	1	9.04	9.04	0.0384	
835	1	9.01	9.01	0.0099	
836	1	9.07	9.07	0.0651	
837	1	9.17	9.17	0.1411	
838	1	9.29	9.29	0.2059	
839	1	9.08	9.08	0.0736	
840	1	9.14	9.14	0.1204	
841	1	9.01	9.01	0.0099	
842	1	9.03	9.03	0.0291	
843	1	9.01	9.01	0.0099	
844	1	9.01	9.01	0.0099	
845	1	9.01	9.01	0.0099	
846	1	9.01	9.01	0.0099	
847	1	9.05	9.05	0.0475	
848	1	9.01	9.01	0.0099	
849	1	9.01	9.01	0.0099	
850	1	9.01	9.01	0.0099	
851	1	9.01	9.01	0.0099	
852	1	9.01	9.01	0.0099	
853	1	9.01	9.01	0.0099	
854	1	9.01	9.01	0.0099	
855	1	9.02	9.02	0.0196	
856	1	9.03	9.03	0.0291	
857	1	9.01	9.01	0.0099	
858	1	9.01	9.01	0.0099	
859	1	9.01	9.01	0.0099	
860	1	9.01	9.01	0.0099	
861	1	9.01	9.01	0.0099	
862	1	9.01	9.01	0.0099	
863	1	9.06	9.06	0.0564	
864	1	9.03	9.03	0.0291	
865	1	9.01	9.01	0.0099	
866	1	9.01	9.01	0.0099	
867	1	9.01	9.01	0.0099	
868	1	9.01	9.01	0.0099	
869	1	9.02	9.02	0.0196	
870	1	9.01	9.01	0.0099	
871	1	9.01	9.01	0.0099	
872	1	9.02	9.02	0.0196	
873	1	9.03	9.03	0.0291	
874	1	9.01	9.01	0.0099	
875	1	9.05	9.05	0.0475	
876	1	9.36	9.36	0.2304	
877	1	9.43	9.43	0.2451	
878	1	9.58	9.58	0.2436	
879	1	9.77	9.77	0.1771	
880	1	9.99	9.99	0.0099	
881	1	9.99	9.99	0.0099	
882	1	10.01	10.01	0.0099	
883	1	10.01	10.01	0.0099	
884	1	10.01	10.01	0.0099	
885	1	10.01	10.01	0.0099	
886	1	10.01	10.01	0.0099	
887	1	10.01	10.01	0.0099	
888	1	10.01	10.01	0.0099	
889	1	10.03	10.03	0.0291	
890	1	10.01	10.01	0.0099	
891	1	10.01	10.01	0.0099	
892	1	10.01	10.01	0.0099	
893	1	10.01	10.01	0.0099	
894	1	10.01	10.01	0.0099	
895	1	10.01	10.01	0.0099	
896	1	10.01	10.01	0.0099	
897	1	10.01	10.01	0.0099	
898	1	10.01	10.01	0.0099	
899	1	10.01	10.01	0.0099	
900	1	10.01	10.01	0.0099	
901	1	10.01	10.01	0.0099	
902	1	10.01	10.01	0.0099	
903	1	10.01	10.01	0.0099	
904	1	10.01	10.01	0.0099	
905	1	10.01	10.01	0.0099	
906	1	10.12	10.12	0.1056	
907	1	10.01	10.01	0.0099	
908	1	10.05	10.05	0.0475	
909	1	10.09	10.09	0.0819	
910	1	10.01	10.01	0.0099	
911	1	10.01	10.01	0.0099	
912	1	10.01	10.01	0.0099	
913	1	10.01	10.01	0.0099	
914	1	10.01	10.01	0.0099	
915	1	10.01	10.01	0.0099	
916	1	10.01	10.01	0.0099	
917	1	10.01	10.01	0.0099	
918	1	10.01	10.01	0.0099	
919	1	10.02	10.02	0.0196	
920	1	10.01	10.01	0.0099	
921	1	10.01	10.01	0.0099	
922	1	10.01	10.01	0.0099	
923	1	10.01	10.01	0.0099	
924	1	10.01	10.01	0.0099	
925	1	10.01	10.01	0.0099	
926	1	10.01	10.01	0.0099	
927	1	10.04	10.04	0.0384	
928	1	10.06	10.06	0.0564	
929	1	10.01	10.01	0.0099	
930	1	10.01	10.01	0.0099	
931	1	10.01	10.01	0.0099	
932	1	10.01	10.01	0.0099	
933	1	10.01	10.01	0.0099	
934	1	10.01	10.01	0.0099	
935	1	10.11	10.11	0.0979	
936	1	10.63	10.63	0.2331	
937	1	10.38	10.38	0.2356	
938	1	10.29	10.29	0.2059	
939	1	10.19	10.19	0.1539	
940	1	10.64	10.64	0.2304	
941	1	10.74	10.74	0.1924	
942	1	10.92	10.92	0.0736	
943	1	10.91	10.91	0.0819	
944	1	10.99	10.99	0.0099	
945	1	11.02	11.02	0.0196	
946	1	11.01	11.01	0.0099	
947	1	11.01	11.01	0.0099	
948	1	11.15	11.15	0.1275	
949	1	11.28	11.28	0.2016	
950	1	11.01	11.01	0.0099	
951	1	11.01	11.01	0.0099	
952	1	11.01	11.01	0.0099	
953	1	11.01	11.01	0.0099	
954	1	11.01	11.01	0.0099	
955	1	11.01	11.01	0.0099	
956	1	11.01	11.01	0.0099	
957	1	11.01	11.01	0.0099	
958	1	11.01	11.01	0.0099	
959	1	11.02	11.02	0.0196	
960	1	11.27	11.27	0.1971	
961	1	11.41	11.41	0.2419	
962	1	11.65	11.65	0.2275	
963	1	11.44	11.44	0.2464	
964	1	11.5	11.5	0.25	
965	1	11.08	11.08	0.0736	
966	1	11.26	11.26	0.1924	
967	1	11.01	11.01	0.0099	
968	1	11.01	11.01	0.0099	
969	1	11.01	11.01	0.0099	
970	1	11.01	11.01	0.0099	
971	1	11.02	11.02	0.0196	
972	1	11.29	11.29	0.2059	
973	1	11.01	11.01	0.0099	
974	1	11.01	11.01	0.0099	
975	1	11.01	11.01	0.0099	
976	1	11.01	11.01	0.0099	
977	1	11.01	11.01	0.0099	
978	1	11.01	11.01	0.0099	
979	1	11.12	11.12	0.1056	
980	1	11.01	11.01	0.0099	
981	1	11.01	11.01	0.0099	
982	1	11.01	11.01	0.0099	
983	1	11.01	11.01	0.0099	
984	1	11.01	11.01	0.0099	
985	1	11.01	11.01	0.0099	
986	1	11.01	11.01	0.0099	
987	1	11.01	11.01	0.0099	
988	1	11.01	11.01	0.0099	
989	1	11.01	11.01	0.0099	
990	1	11.01	11.01	0.0099	
991	1	11.01	11.01	0.0099	
992	1	11.04	11.04	0.0384	
993	1	11.01	11.01	0.0099	
994	1	11.01	11.01	0.0099	
995	1	11.01	11.01	0.0099	
996	1	11.01	11.01	0.0099	
997	1	11.01	11.01	0.0099	
998	1	11.01	11.01	0.0099	
999	1	11.01	11.01	0.0099	
1000	1	11.01	11.01	0.0099	
1001	1	11.07	11.07	0.0651	
1002	1	11.01	11.01	0.0099	
1003	1	11.01	11.01	0.0099	
1004	1	11.01	11.01	0.0099	
1005	1	11.01	11.01	0.0099	
1006	1	11.01	11.01	0.0099	
1007	1	11.01	11.01	0.0099	
1008	1	11.01	11.01	0.0099	
1009	1	11.01	11.01	0.0099	
1010	1	11.01	11.01	0.0099	
1011	1	11.01	11.01	0.0099	
1012	1	11.16	11.16	0.1344	
1013	1	11.07	11.07	0.0651	
1014	1	11.01	11.01	0.0099	
1015	1	11.01	11.01	0.0099	
1016	1	11.01	11.01	0.0099	
1017	1	11.01	11.01	0.0099	
1018	1	11.01	11.01	0.0099	
1019	1	11.01	11.01	0.0099	
1020	1	11.01	11.01	0.0099	
1021	1	11.01	11.01	0.0099	
1022	1	11.01	11.01	0.0099	
1023	1	11.01	11.01	0.0099	
1024	1	11.01	11.01	0.0099	
1025	1	11.01	11.01	0.0099	
1026	1	11.01	11.01	0.0099	
1027	1	11.15	11.15	0.1275	
1028	1	11.44	11.44	0.2464	
1029	1	11.5	11.5	0.25	
1030	1	11.07	11.07	0.0651	
1031	1	11.01	11.01	0.0099	
1032	1	11.01	11.01	0.0099	
1033	1	11.01	11.01	0.0099	
1034	1	11.01	11.01	0.0099	
1035	1	11.01	11.01	0.0099	
1036	1	11.01	11.01	0.0099	
1037	1	11.01	11.01	0.0099	
1038	1	11.01	11.01	0.0099	
1039	1	11.01	11.01	0.0099	
1040	1	11.01	11.01	0.0099	
1041	1	11.01	11.01	0.0099	
1042	1	11.01	11.01	0.0099	
1043	1	11.01	11.01	0.0099	
1044	1	11.01	11.01	0.0099	
1045	1	11.04	11.04	0.0384	
1046	1	11.01	11.01	0.0099	
1047	1	11.01	11.01	0.0099	
1048	1	11.01	11.01	0.0099	
1049	1	11.01	11.01	0.0099	
1050	1	11.01	11.01	0.0099	
1051	1	11.03	11.03	0.0291	
1052	1	11.01	11.01	0.0099	
1053	1	11.02	11.02	0.0196	
1054	1	11.01	11.01	0.0099	
1055	1	11.01	11.01	0.0099	
1056	1	11.01	11.01	0.0099	
1057	1	11.01	11.01	0.0099	
1058	1	11.01	11.01	0.0099	
1059	1	11.01	11.01	0.0099	
1060	1	11.01	11.01	0.0099	
1061	1	11.01	11.01	0.0099	
1062	1	11.01	11.01	0.0099	
1063	1	11.01	11.01	0.0099	
1064	1	11.01	11.01	0.0099	
1065	1	11.01	11.01	0.0099	
1066	1	11.01	11.01	0.0099	
1067	1	11.01	11.01	0.0099	
1068	1	11.01	11.01	0.0099	
1069	1	11.01	11.01	0.0099	
1070	1	11.01	11.01	0.0099	
1071	1	11.01	11.01	0.0099	
1072	1	11.01	11.01	0.0099	
1073	1	11.01	11.01	0.0099	
1074	1	11.21	11.21	0.1659	
1075	1	11.34	11.34	0.2244	
1076	1	11.46	11.46	0.2484	
1077	1	11.79	11.79	0.3059	
1078	1	12.02	12.02	0.4796	
1079	1	11.87	11.87	0.4731	
1080	1	12.2	12.2	0.74	
1081	1	12.22	12.22	0.9316	
1082	1	12.42	12.42	0.8236	
1083	1	12.36	12.36	0.8704	
1084	1	12.04	12.04	0.9984	
1085	1	11.96	11.96	0.9984	
1086	1	11.66	11.66	0.8844	
1087	1	12.6	12.6	0.7	
1088	1	12.64	12.64	0.5904	
1089	1	13.01	13.01	0.0099	
1090	1	13.27	13.27	0.1971	
1091	1	13.38	13.38	0.2356	
1092	1	13.43	13.43	0.2451	
1093	1	13.52	13.52	0.2496	
1094	1	13.4	13.4	0.24	
1095	1	13.53	13.53	0.2491	
1096	1	13.54	13.54	0.2484	
1097	1	13.52	13.52	0.2496	
1098	1	13.67	13.67	0.2211	
1099	1	13.75	13.75	0.1875	
1100	1	13.56	13.56	0.2464	
1101	1	13.86	13.86	0.1204	
1102	1	13.76	13.76	0.1824	
1103	1	13.91	13.91	0.0819	
1104	1	14.01	14.01	0.0099	
1105	1	14.01	14.01	0.0099	
1106	1	14.02	14.02	0.0196	
1107	1	14.01	14.01	0.0099	
1108	1	14.01	14.01	0.0099	
1109	1	14.01	14.01	0.0099	
1110	1	14.01	14.01	0.0099	
1111	1	14.01	14.01	0.0099	
1112	1	14.01	14.01	0.0099	
1113	1	14.01	14.01	0.0099	
1114	1	14.01	14.01	0.0099	
1115	1	14.02	14.02	0.0196	
1116	1	14.06	14.06	0.0564	
1117	1	14.37	14.37	0.2331	
1118	1	14.4	14.4	0.24	
1119	1	14.38	14.38	0.2356	
1120	1	14.3	14.3	0.21	
1121	1	14.21	14.21	0.2859	
1122	1	14.22	14.22	0.2316	
1123	1	14.01	14.01	0.0099	
1124	1	14.01	14.01	0.0099	
1125	1	14.01	14.01	0.0099	
1126	1	14.01	14.01	0.0099	
1127	1	14.01	14.01	0.0099	
1128	1	14.01	14.01	0.0099	
1129	1	14.01	14.01	0.0099	
1130	1	14.01	14.01	0.0099	
1131	1	14.14	14.14	0.1204	
1132	1	14.27	14.27	0.2171	
1133	1	14.18	14.18	0.1476	
1134	1	14.1	14.1	0.09	
1135	1	14.01	14.01	0.0099	
1136	1	14.01	14.01	0.0099	
1137	1	14.01	14.01	0.0099	
1138	1	14.01	14.01	0.0099	
1139	1	14.01	14.01	0.0099	
1140	1	14.01	14.01	0.0099	
1141	1	14.01	14.01	0.0099	
1142	1	14.01	14.01	0.0099	
1143	1	14.01	14.01	0.0099	
1144	1	14.01	14.01	0.0099	
1145	1	14.01	14.01	0.0099	
1146	1	14.01	14.01	0.0099	
1147	1	14.01	14.01	0.0099	
1148	1	14.01	14.01	0.0099	
1149	1	14.01	14.01	0.0099	
1150	1	14.01	14.01	0.0099	
1151	1	14.01	14.01	0.0099	
1152	1	14.01	14.01	0.0099	
1153	1	14.01	14.01	0.0099	
1154	1	14.01	14.01	0.0099	
1155	1	14.02	14.02	0.0196	
1156	1	14.01	14.01	0.0099	
1157	1	14.01	14.01	0.0099	
1158	1	14.01	14.01	0.0099	
1159	1	14.01	14.01	0.0099	
1160	1	14.01	14.01	0.0099	
1161	1	14.01	14.01	0.0099	
1162	1	14.01	14.01	0.0099	
1163	1	14.01	14.01	0.0099	
1164	1	14.01	14.01	0.0099	
1165	1	14.01	14.01	0.0099	
1166	1	14.01	14.01	0.0099	
1167	1	14.01	14.01	0.0099	
1168	1	14.01	14.01	0.0099	
1169	1	14.07	14.07	0.0651	
1170	1	14.05	14.05	0.0475	
1171	1	14.45	14.45	0.2475	
1172	1	14.42	14.42	0.2436	
1173	1	14.48	14.48	0.2496	
1174	1	14.14	14.14	0.1204	
1175	1	14.17	14.17	0.1411	
1176	1	14.56	14.56	0.2464	
1177	1	14.41	14.41	0.2419	
1178	1	14.69	14.69	0.2139	
1179	1	14.33	14.33	0.2211	
1180	1	14.25	14.25	0.1875	
1181	1	14.06	14.06	0.0564	
1182	1	14.26	14.26	0.1924	
1183	1	14.42	14.42	0.2436	
1184	1	14.48	14.48	0.2496	
1185	1	14.39	14.39	0.2379	
1186	1	14.52	14.52	0.2496	
1187	1	14.39	14.39	0.2379	
1188	1	14.41	14.41	0.2419	
1189	1	14.58	14.58	0.2636	
1190	1	14.94	14.94	0.0564	
1191	1	14.56	14.56	0.2464	
1192	1	14.89	14.89	0.0979	
1193	1	15.01	15.01	0.0099	
1194	1	15.01	15.01	0.0099	
1195	1	15.01	15.01	0.0099	
1196	1	15.08	15.08	0.0736	
1197	1	15.01	15.01	0.0099	
1198	1	15.01	15.01	0.0099	
1199	1	15.01	15.01	0.0099	
1200	1	15.01	15.01	0.0099	
1201	1	15.01	15.01	0.0099	
1202	1	15.05	15.05	0.0475	
1203	1	15.25	15.25	0.1875	
1204	1	15.1	15.1	0.09	
1205	1	15.22	15.22	0.1716	
1206	1	15.01	15.01	0.0099	
1207	1	15.01	15.01	0.0099	
1208	1	15.01	15.01	0.0099	
1209	1	15.01	15.01	0.0099	
1210	1	15.01	15.01	0.0099	
1211	1	15.01	15.01	0.0099	
1212	1	15.01	15.01	0.0099	
1213	1	15.01	15.01	0.0099	
1214	1	15.01	15.01	0.0099	
1215	1	15.01	15.01	0.0099	
1216	1	15.01	15.01	0.0099	
1217	1	15.01	15.01	0.0099	
1218	1	15.01	15.01	0.0099	
1219	1	15.01	15.01	0.0099	
1220	1	15.01	15.01	0.0099	
1221	1	15.01	15.01	0.0099	
1222	1	15.01	15.01	0.0099	
1223	1	15.01	15.01	0.0099	
1224	1	15.01	15.01	0.0099	
1225	1	15.01	15.01	0.0099	
1226	1	15.17	15.17	0.2211	
1227	1	15.17	15.17	0.1811	
1228	1	15.34	15.34	0.2244	
1229	1	15.32	15.32	0.2176	
1230	1	15.3	15.3	0.21	
1231	1	15.17	15.17	0.1411	
1232	1	15.14	15.14	0.1204	
1233	1	15.28	15.28	0.2016	
1234	1	15.8	15.8	0.16	
1235	1	15.68	15.68	0.2176	
1236	1	15.91	15.91	0.1619	
1237	1	15.98	15.98	0.0996	
1238	1	16.01	16.01	0.0099	
1239	1	16.05	16.05	0.0475	
1240	1	16.01	16.01	0.0099	
1241	1	16.01	16.01	0.0099	
1242	1	16.09	16.09	0.0819	
1243	1	16.01	16.01	0.0099	
1244	1	16.01	16.01	0.0099	
1245	1	16.01	16.01	0.0099	
1246	1	16.01	16.01	0.0099	
1247	1	16.01	16.01	0.0099	
1248	1	16.01	16.01	0.0099	
1249	1	16.01	16.01	0.0099	
1250	1	16.01	16.01	0.0099	
1251	1	16.14	16.14	0.1204	
1252	1	16.01	16.01	0.0099	
1253	1	16.01	16.01	0.0099	
1254	1	16.01	16.01	0.0099	
1255	1	16.01	16.01	0.0099	
1256	1	16.01	16.01	0.0099	
1257	1	16.01	16.01	0.0099	
1258	1	16.01	16.01	0.0099	
1259	1	16.01	16.01	0.0099	
1260	1	16.01	16.01	0.0099	
1261	1	16.02	16.02	0.0196	
1262	1	16.09	16.09	0.0819	
1263	1	16.16	16.16	0.1944	
1264	1	16.28	16.28	0.4216	
1265	1	16.46	16.46	0.7084	
1266	1	16.06	16.06	0.1164	
1267	1	16.08	16.08	0.1536	
1268	1	16.01	16.01	0.0099	
1269	1	16.14	16.14	0.1204	
1270	1	16.14	16.14	0.1204	
1271	1	16.15	16.15	0.1275	
1272	1	16.01	16.01	0.0099	
1273	1	16.01	16.01	0.0099	
1274	1	16.03	16.03	0.0291	
1275	1	16.01	16.01	0.0099	
1276	1	16.01	16.01	0.0099	
1277	1	16.01	16.01	0.0099	
1278	1	16.01	16.01	0.0099	
1279	1	16.01	16.01	0.0099	
1280	1	16.01	16.01	0.0099	
1281	1	16.01	16.01	0.0099	
1282	1	16.01	16.01	0.0099	
1283	1	16.01	16.01	0.0099	
1284	1	16.01	16.01	0.0099	
1285	1	16.01	16.01	0.0099	
1286	1	16.01	16.01	0.0099	
1287	1	16.01	16.01	0.0099	
1288	1	16.01	16.01	0.0099	
1289	1	16.03	16.03	0.0291	
1290	1	16.08	16.08	0.0736	
1291	1	16.04	16.04	0.0384	
1292	1	16.19	16.19	0.1539	
1293	1	16.59	16.59	0.2419	
1294	1	16.24	16.24	0.1824	
1295	1	16.19	16.19	0.1539	
1296	1	16.06	16.06	0.0564	
1297	1	16.29	16.29	0.2059	
1298	1	16.41	16.41	0.2419	
1299	1	16.18	16.18	0.1476	
1300	1	16.1	16.1	0.09	
1301	1	16.05	16.05	0.0475	
1302	1	16.05	16.05	0.0475	
1303	1	16.01	16.01	0.0099	
1304	1	16.01	16.01	0.0099	
1305	1	16.01	16.01	0.0099	
1306	1	16.01	16.01	0.0099	
1307	1	16.01	16.01	0.0099	
1308	1	16.01	16.01	0.0099	
1309	1	16.01	16.01	0.0099	
1310	1	16.02	16.02	0.0196	
1311	1	16.01	16.01	0.0099	
1312	1	16.01	16.01	0.0099	
1313	1	16.02	16.02	0.0196	
1314	1	16.05	16.05	0.0475	
1315	1	16.07	16.07	0.0651	
1316	1	16.17	16.17	0.1411	
1317	1	16.28	16.28	0.2016	
1318	1	16.27	16.27	0.1971	
1319	1	16.09	16.09	0.0819	
1320	1	16.01	16.01	0.0099	
1321	1	16.13	16.13	0.1131	
1322	1	16.16	16.16	0.1544	
1323	1	16.17	16.17	0.1411	
1324	1	16.1	16.1	0.09	
1325	1	16.09	16.09	0.0819	
1326	1	16.15	16.15	0.1275	
1327	1	16.36	16.36	0.2304	
1328	1	16.2	16.2	0.16	
1329	1	16.15	16.15	0.1275	
1330	1	16.24	16.24	0.1824	
1331	1	16.1	16.1	0.09	
1332	1	16.05	16.05	0.0475	
1333	1	16.03	16.03	0.0291	
1334	1	16.38	16.38	0.2356	
1335	1	16.58	16.58	0.2436	
1336	1	16.38	16.38	0.2356	
1337	1	16.52	16.52	0.2496	
1338	1	16.64	16.64	0.2304	
1339	1	16.99	16.99	0.0699	
1340	1	16.85	16.85	0.1275	
1341	1	17	17	0	
1342	1	17	17	0	
1343	1	17	17	0	
1344	1	17	17	0	
1345	1	17	17	0	
1346	1	17.14	17.14	0.1204	
1347	1	17	17	0	
1348	1	17	17	0	
1349	1	17.12	17.12	0.1056	
1350	1	17.01	17.01	0.0099	
1351	1	17.01	17.01	0.0099	
1352	1	17.01	17.01	0.0099	
1353	1	17.02	17.02	0.0196	
1354	1	17.01	17.01	0.0099	
1355	1	17.01	17.01	0.0099	
1356	1	17.01	17.01	0.0099	
1357	1	17.01	17.01	0.0099	
1358	1	17.02	17.02	0.0196	
1359	1	17.01	17.01	0.0099	
1360	1	17.01	17.01	0.0099	
1361	1	17.01	17.01	0.0099	
1362	1	17.01	17.01	0.0099	
1363	1	17.02	17.02	0.0196	
1364	1	17.01	17.01	0.0099	
1365	1	17.01	17.01	0.0099	
1366	1	17.01	17.01	0.0099	
1367	1	17.01	17.01	0.0099	
1368	1	17.01	17.01	0.0099	
1369	1	17.03	17.03	0.0291	
1370	1	17.01	17.01	0.0099	
1371	1	17.01	17.01	0.0099	
1372	1	17.1	17.1	0.09	
1373	1	17.01	17.01	0.0099	
1374	1	17.01	17.01	0.0099	
1375	1	17.01	17.01	0.0099	
1376	1	17.01	17.01	0.0099	
1377	1	17.01	17.01	0.0099	
1378	1	17.01	17.01	0.0099	
1379	1	17.08	17.08	0.0736	
1380	1	17.18	17.18	0.1476	
1381	1	17.01	17.01	0.0099	
1382	1	17.05	17.05	0.0475	
1383	1	17.04	17.04	0.0384	
1384	1	17.26	17.26	0.1924	
1385	1	17.56	17.56	0.2464	
1386	1	17.6	17.6	0.24	
1387	1	17.86	17.86	0.1204	
1388	1	17.92	17.92	0.0736	
1389	1	18.01	18.01	0.0099	
1390	1	18.01	18.01	0.0099	
1391	1	18.01	18.01	0.0099	
1392	1	18.33	18.33	0.2411	
1393	1	18.35	18.35	0.2275	
1394	1	18.25	18.25	0.1875	
1395	1	18.04	18.04	0.0384	
1396	1	18.01	18.01	0.0099	
1397	1	18.01	18.01	0.0099	
1398	1	18.01	18.01	0.0099	
1399	1	18.01	18.01	0.0099	
1400	1	18.01	18.01	0.0099	
1401	1	18.01	18.01	0.0099	
1402	1	18.01	18.01	0.0099	
1403	1	18.01	18.01	0.0099	
1404	1	18.01	18.01	0.0099	
1405	1	18.06	18.06	0.0564	
1406	1	18.01	18.01	0.0099	
1407	1	18.01	18.01	0.0099	
1408	1	18.01	18.01	0.0099	
1409	1	18.01	18.01	0.0099	
1410	1	18.02	18.02	0.0196	
1411	1	18.08	18.08	0.0736	
1412	1	18.06	18.06	0.0564	
1413	1	18.01	18.01	0.0099	
1414	1	18.01	18.01	0.0099	
1415	1	18.01	18.01	0.0099	
1416	1	18.01	18.01	0.0099	
1417	1	18.02	18.02	0.0196	
1418	1	18.01	18.01	0.0099	
1419	1	18.01	18.01	0.0099	
1420	1	18.01	18.01	0.0099	
1421	1	18.03	18.03	0.0291	
1422	1	18.01	18.01	0.0099	
1423	1	18.01	18.01	0.0099	
1424	1	18.01	18.01	0.0099	
1425	1	18.01	18.01	0.0099	
1426	1	18.01	18.01	0.0099	
1427	1	18.01	18.01	0.0099	
1428	1	18.01	18.01	0.0099	
1429	1	18.01	18.01	0.0099	
1430	1	18.01	18.01	0.0099	
1431	1	18.01	18.01	0.0099	
1432	1	18.02	18.02	0.0196	
1433	1	18.01	18.01	0.0099	
1434	1	18.01	18.01	0.0099	
1435	1	18.13	18.13	0.1131	
1436	1	18.01	18.01	0.0099	
1437	1	18.01	18.01	0.0099	
1438	1	18.01	18.01	0.0099	
1439	1	18.01	18.01	0.0099	
1440	1	18.01	18.01	0.0099	
1441	1	18.01	18.01	0.0099	
1442	1	18.01	18.01	0.0099	
1443	1	18.01	18.01	0.0099	
1444	1	18.01	18.01	0.0099	
1445	1	18.06	18.06	0.0564	
1446	1	18.24	18.24	0.2024	
1447	1	18.08	18.08	0.0736	
1448	1	18.01	18.01	0.0099	
1449	1	18.01	18.01	0.0099	
1450	1	18.01	18.01	0.0099	
1451	1	18.01	18.01	0.0099	
1452	1	18.04	18.04	0.0384	
1453	1	18.11	18.11	0.0979	
1454	1	18.23	18.23	0.1771	
1455	1	18.23	18.23	0.1771	
1456	1	18.03	18.03	0.0291	
1457	1	18.1	18.1	0.09	
1458	1	18.01	18.01	0.0099	
1459	1	18.01	18.01	0.0099	
1460	1	18.01	18.01	0.0099	
1461	1	18.01	18.01	0.0099	
1462	1	18.01	18.01	0.0099	
1463	1	18.01	18.01	0.0099	
1464	1	18.09	18.09	0.0819	
1465	1	18.24	18.24	0.1824	
1466	1	18.46	18.46	0.2684	
1467	1	18.09	18.09	0.0819	
1468	1	18.1	18.1	0.09	
1469	1	18.25	18.25	0.1875	
1470	1	18.02	18.02	0.0196	
1471	1	18.01	18.01	0.0099	
1472	1	18.01	18.01	0.0099	
1473	1	18.01	18.01	0.0099	
1474	1	18.1	18.1	0.09	
1475	1	18.01	18.01	0.0099	
1476	1	18.01	18.01	0.0099	
1477	1	18.01	18.01	0.0099	
1478	1	18.01	18.01	0.0099	
1479	1	18.01	18.01	0.0099	
1480	1	18.01	18.01	0.0099	
1481	1	18.01	18.01	0.0099	
1482	1	18.01	18.01	0.0099	
1483	1	18.01	18.01	0.0099	
1484	1	18.01	18.01	0.0099	
1485	1	18.01	18.01	0.0099	
1486	1	18.01	18.01	0.0099	
1487	1	18.01	18.01	0.0099	
1488	1	18.01	18.01	0.0099	
1489	1	18.01	18.01	0.0099	
1490	1	18.01	18.01	0.0099	
1491	1	18.01	18.01	0.0099	
1492	1	18.01	18.01	0.0099	
1493	1	18.01	18.01	0.0099	
1494	1	18.02	18.02	0.0196	
1495	1	18.14	18.14	0.1204	
1496	1	18.02	18.02	0.0196	
1497	1	18.08	18.08	0.0736	
1498	1	18.31	18.31	0.2139	
1499	1	18.36	18.36	0.2304	
1500	1	18.41	18.41	0.2419	
1501	1	18.14	18.14	0.1204	
1502	1	18.01	18.01	0.0099	
1503	1	18.01	18.01	0.0099	
1504	1	18.01	18.01	0.0099	
1505	1	18.01	18.01	0.0099	
1506	1	18.01	18.01	0.0099	
1507	1	18.01	18.01	0.0099	
1508	1	18.01	18.01	0.0099	
1509	1	18.01	18.01	0.0099	
1510	1	18.01	18.01	0.0099	
1511	1	18.01	18.01	0.0099	
1512	1	18.01	18.01	0.0099	
1513	1	18.01	18.01	0.0099	
1514	1	18.01	18.01	0.0099	
1515	1	18.01	18.01	0.0099	
1516	1	18.01	18.01	0.0099	
1517	1	18.01	18.01	0.0099	
1518	1	18.02	18.02	0.0196	
1519	1	18.01	18.01	0.0099	
1520	1	18.01	18.01	0.0099	
1521	1	18.01	18.01	0.0099	
1522	1	18.01	18.01	0.0099	
1523	1	18.01	18.01	0.0099	
1524	1	18.01	18.01	0.0099	
1525	1	18.01	18.01	0.0099	
1526	1	18.01	18.01	0.0099	
1527	1	18.02	18.02	0.0196	
1528	1	18.01	18.01	0.0099	
1529	1	18.03	18.03	0.0291	
1530	1	18.01	18.01	0.0099	
1531	1	18.01	18.01	0.0099	
1532	1	18.01	18.01	0.0099	
1533	1	18.01	18.01	0.0099	
1534	1	18.01	18.01	0.0099	
1535	1	18.01	18.01	0.0099	
1536	1	18.01	18.01	0.0099	
1537	1	18.01	18.01	0.0099	
1538	1	18.03	18.03	0.0291	
1539	1	18.14	18.14	0.1204	
1540	1	18.04	18.04	0.0384	
1541	1	18.01	18.01	0.0099	
1542	1	18.01	18.01	0.0099	
1543	1	18.01	18.01	0.0099	
1544	1	18.01	18.01	0.0099	
1545	1	18.04	18.04	0.0384	
1546	1	18.01	18.01	0.0099	
1547	1	18.01	18.01	0.0099	
1548	1	18.02	18.02	0.0196	
1549	1	18.01	18.01	0.0099	
1550	1	18.01	18.01	0.0099	
1551	1	18.01	18.01	0.0099	
1552	1	18.01	18.01	0.0099	
1553	1	18.01	18.01	0.0099	
1554	1	18.01	18.01	0.0099	
1555	1	18.01	18.01	0.0099	
1556	1	18.01	18.01	0.0099	
1557	1	18.01	18.01	0.0099	
1558	1	18.03	18.03	0.0291	
1559	1	18.01	18.01	0.0099	
1560	1	18.01	18.01	0.0099	
1561	1	18.01	18.01	0.0099	
1562	1	18.09	18.09	0.0819	
1563	1	18.41	18.41	0.2419	
1564	1	18.09	18.09	0.0819	
1565	1	18.59	18.59	0.2419	
1566	1	18.31	18.31	0.2139	
1567	1	18.7	18.7	0.23	
1568	1	18.83	18.83	0.1411	
1569	1	18.89	18.89	0.0979	
1570	1	19.01	19.01	0.0099	
1571	1	19.01	19.01	0.0099	
1572	1	19.01	19.01	0.0099	
1573	1	19.01	19.01	0.0099	
1574	1	19.01	19.01	0.0099	
1575	1	19.01	19.01	0.0099	
1576	1	19.01	19.01	0.0099	
1577	1	19.01	19.01	0.0099	
1578	1	19.01	19.01	0.0099	
1579	1	19.01	19.01	0.0099	
1580	1	19.01	19.01	0.0099	
1581	1	19.01	19.01	0.0099	
1582	1	19.01	19.01	0.0099	
1583	1	19.01	19.01	0.0099	
1584	1	19.01	19.01	0.0099	
1585	1	19.01	19.01	0.0099	
1586	1	19.01	19.01	0.0099	
1587	1	19.01	19.01	0.0099	
1588	1	19.01	19.01	0.0099	
1589	1	19.12	19.12	0.1056	
1590	1	19.02	19.02	0.0196	
1591	1	19.02	19.02	0.0196	
1592	1	19.15	19.15	0.1275	
1593	1	19.08	19.08	0.0736	
1594	1	19.2	19.2	0.16	
1595	1	19.01	19.01	0.0099	
1596	1	19.02	19.02	0.0196	
1597	1	19.45	19.45	0.2475	
1598	1	19.8	19.8	0.18	
1599	1	19.86	19.86	0.1204	
1600	1	19.99	19.99	0.0099	
1601	1	20.01	20.01	0.0099	
1602	1	20.01	20.01	0.0099	
1603	1	20.01	20.01	0.0099	
1604	1	20.01	20.01	0.0099	
1605	1	20.01	20.01	0.0099	
1606	1	20.01	20.01	0.0099	
1607	1	20.01	20.01	0.0099	
1608	1	20.02	20.02	0.0196	
1609	1	20.01	20.01	0.0099	
1610	1	20.01	20.01	0.0099	
1611	1	20.04	20.04	0.0384	
1612	1	20.12	20.12	0.1056	
1613	1	20.5	20.5	0.25	
1614	1	20.37	20.37	0.3131	
1615	1	20.36	20.36	0.2304	
1616	1	20.5	20.5	0.25	
1617	1	20.19	20.19	0.1539	
1618	1	20.09	20.09	0.0819	
1619	1	20.23	20.23	0.1771	
1620	1	20.12	20.12	0.1056	
1621	1	20.12	20.12	0.1056	
1622	1	20.25	20.25	0.1875	
1623	1	20.56	20.56	0.2464	
1624	1	20.71	20.71	0.2059	
1625	1	20.62	20.62	0.2356	
1626	1	20.95	20.95	0.0475	
1627	1	20.99	20.99	0.0099	
1628	1	21.02	21.02	0.0196	
1629	1	21.01	21.01	0.0099	
1630	1	21.01	21.01	0.0099	
1631	1	21.01	21.01	0.0099	
1632	1	21.01	21.01	0.0099	
1633	1	21.01	21.01	0.0099	
1634	1	21.01	21.01	0.0099	
1635	1	21.01	21.01	0.0099	
1636	1	21.01	21.01	0.0099	
1637	1	21.01	21.01	0.0099	
1638	1	21.01	21.01	0.0099	
1639	1	21.01	21.01	0.0099	
1640	1	21.01	21.01	0.0099	
1641	1	21.01	21.01	0.0099	
1642	1	21.01	21.01	0.0099	
1643	1	21.01	21.01	0.0099	
1644	1	21.01	21.01	0.0099	
1645	1	21.01	21.01	0.0099	
1646	1	21.01	21.01	0.0099	
1647	1	21.01	21.01	0.0099	
1648	1	21.01	21.01	0.0099	
1649	1	21.01	21.01	0.0099	
1650	1	21.01	21.01	0.0099	
1651	1	21.01	21.01	0.0099	
1652	1	21.01	21.01	0.0099	
1653	1	21.01	21.01	0.0099	
1654	1	21.01	21.01	0.0099	
1655	1	21.01	21.01	0.0099	
1656	1	21.01	21.01	0.0099	
1657	1	21.01	21.01	0.0099	
1658	1	21.01	21.01	0.0099	
1659	1	21.01	21.01	0.0099	
1660	1	21.01	21.01	0.0099	
1661	1	21.01	21.01	0.0099	
1662	1	21.01	21.01	0.0099	
1663	1	21.01	21.01	0.0099	
1664	1	21.01	21.01	0.0099	
1665	1	21.01	21.01	0.0099	
1666	1	21.01	21.01	0.0099	
1667	1	21.01	21.01	0.0099	
1668	1	21.01	21.01	0.0099	
1669	1	21.07	21.07	0.0651	
1670	1	21.05	21.05	0.0475	
1671	1	21.01	21.01	0.0099	
1672	1	21.01	21.01	0.0099	
1673	1	21.01	21.01	0.0099	
1674	1	21.01	21.01	0.0099	
1675	1	21.04	21.04	0.0384	
1676	1	21.01	21.01	0.0099	
1677	1	21.01	21.01	0.0099	
1678	1	21.01	21.01	0.0099	
1679	1	21.01	21.01	0.0099	
1680	1	21.01	21.01	0.0099	
1681	1	21.01	21.01	0.0099	
1682	1	21.01	21.01	0.0099	
1683	1	21.01	21.01	0.0099	
1684	1	21.01	21.01	0.0099	
1685	1	21.06	21.06	0.0564	
1686	1	21.01	21.01	0.0099	
1687	1	21.01	21.01	0.0099	
1688	1	21.01	21.01	0.0099	
1689	1	21.01	21.01	0.0099	
1690	1	21.09	21.09	0.0819	
1691	1	21.39	21.39	0.2379	
1692	1	21.21	21.21	0.1659	
1693	1	21.24	21.24	0.1824	
1694	1	21.01	21.01	0.0099	
1695	1	21.01	21.01	0.0099	
1696	1	21.1	21.1	0.09	
1697	1	21.01	21.01	0.0099	
1698	1	21.01	21.01	0.0099	
1699	1	21.01	21.01	0.0099	
1700	1	21.01	21.01	0.0099	
1701	1	21.01	21.01	0.0099	
1702	1	21.01	21.01	0.0099	
1703	1	21.03	21.03	0.0291	
1704	1	21.01	21.01	0.0099	
1705	1	21.01	21.01	0.0099	
1706	1	21.01	21.01	0.0099	
1707	1	21.01	21.01	0.0099	
1708	1	21.01	21.01	0.0099	
1709	1	21.01	21.01	0.0099	
1710	1	21.01	21.01	0.0099	
1711	1	21.01	21.01	0.0099	
1712	1	21.01	21.01	0.0099	
1713	1	21.01	21.01	0.0099	
1714	1	21.01	21.01	0.0099	
1715	1	21.1	21.1	0.09	
1716	1	21.11	21.11	0.0979	
1717	1	21.29	21.29	0.2059	
1718	1	21.24	21.24	0.1824	
1719	1	21.35	21.35	0.2275	
1720	1	21.33	21.33	0.2211	
1721	1	21.8	21.8	0.16	
1722	1	21.91	21.91	0.0819	
1723	1	21.79	21.79	0.1859	
1724	1	21.52	21.52	0.2496	
1725	1	21.74	21.74	0.1924	
1726	1	21.84	21.84	0.2344	
1727	1	21.97	21.97	0.0491	
1728	1	21.98	21.98	0.0196	
1729	1	22.01	22.01	0.0099	
1730	1	22.01	22.01	0.0099	
1731	1	22.01	22.01	0.0099	
1732	1	22.01	22.01	0.0099	
1733	1	22.01	22.01	0.0099	
1734	1	22.01	22.01	0.0099	
1735	1	22.01	22.01	0.0099	
1736	1	22.01	22.01	0.0099	
1737	1	22.01	22.01	0.0099	
1738	1	22.01	22.01	0.0099	
1739	1	22.01	22.01	0.0099	
1740	1	22.01	22.01	0.0099	
1741	1	22.01	22.01	0.0099	
1742	1	22.01	22.01	0.0099	
1743	1	22.01	22.01	0.0099	
1744	1	22.01	22.01	0.0099	
1745	1	22.01	22.01	0.0099	
1746	1	22.34	22.34	0.2244	
1747	1	22.05	22.05	0.0475	
1748	1	22.31	22.31	0.2139	
1749	1	22.48	22.48	0.2496	
1750	1	22.69	22.69	0.2139	
1751	1	22.9	22.9	0.09	
1752	1	22.89	22.89	0.0979	
1753	1	22.89	22.89	0.1179	
1754	1	23	23	0	
1755	1	23.01	23.01	0.0099	
1756	1	23.01	23.01	0.0099	
1757	1	23.03	23.03	0.0291	
1758	1	23.01	23.01	0.0099	
1759	1	23.01	23.01	0.0099	
1760	1	23.01	23.01	0.0099	
1761	1	23.01	23.01	0.0099	
1762	1	23.01	23.01	0.0099	
1763	1	23.02	23.02	0.0196	
1764	1	23.01	23.01	0.0099	
1765	1	23.01	23.01	0.0099	
1766	1	23.01	23.01	0.0099	
1767	1	23.01	23.01	0.0099	
1768	1	23.03	23.03	0.0291	
1769	1	23.01	23.01	0.0099	
1770	1	23.12	23.12	0.1256	
1771	1	23.01	23.01	0.0099	
1772	1	23.01	23.01	0.0099	
1773	1	23.01	23.01	0.0099	
1774	1	23.22	23.22	0.1716	
1775	1	23.24	23.24	0.1824	
1776	1	23.25	23.25	0.1875	
1777	1	23.19	23.19	0.1539	
1778	1	23.13	23.13	0.1131	
1779	1	23.09	23.09	0.0819	
1780	1	23.04	23.04	0.0384	
1781	1	23.01	23.01	0.0099	
1782	1	23.01	23.01	0.0099	
1783	1	23.02	23.02	0.0196	
1784	1	23.01	23.01	0.0099	
1785	1	23.01	23.01	0.0099	
1786	1	23.15	23.15	0.1275	
1787	1	23.11	23.11	0.0979	
1788	1	23.01	23.01	0.0099	
1789	1	23.01	23.01	0.0099	
1790	1	23.01	23.01	0.0099	
1791	1	23.02	23.02	0.0196	
1792	1	23.01	23.01	0.0099	
1793	1	23.16	23.16	0.1344	
1794	1	23.12	23.12	0.1056	
1795	1	23.08	23.08	0.0736	
1796	1	23.06	23.06	0.0564	
1797	1	23.01	23.01	0.0099	
1798	1	23.01	23.01	0.0099	
1799	1	23.17	23.17	0.1411	
1800	1	23.39	23.39	0.2379	
1801	1	23.26	23.26	0.1924	
1802	1	23.39	23.39	0.2379	
1803	1	23.06	23.06	0.0564	
1804	1	23.05	23.05	0.0475	
1805	1	23.01	23.01	0.0099	
1806	1	23.01	23.01	0.0099	
1807	1	23.01	23.01	0.0099	
1808	1	23.01	23.01	0.0099	
1809	1	23.01	23.01	0.0099	
1810	1	23.01	23.01	0.0099	
1811	1	23.01	23.01	0.0099	
1812	1	23.01	23.01	0.0099	
1813	1	23.01	23.01	0.0099	
1814	1	23.01	23.01	0.0099	
1815	1	23.01	23.01	0.0099	
1816	1	23.01	23.01	0.0099	
1817	1	23.01	23.01	0.0099	
1818	1	23.01	23.01	0.0099	
1819	1	23.01	23.01	0.0099	
1820	1	23.01	23.01	0.0099	
1821	1	23.01	23.01	0.0099	
1822	1	23.01	23.01	0.0099	
1823	1	23.01	23.01	0.0099	
1824	1	23.01	23.01	0.0099	
1825	1	23.08	23.08	0.0736	
1826	1	23.02	23.02	0.0196	
1827	1	23.01	23.01	0.0099	
1828	1	23.01	23.01	0.0099	
1829	1	23.01	23.01	0.0099	
1830	1	23.08	23.08	0.0736	
1831	1	23.01	23.01	0.0099	
1832	1	23.08	23.08	0.0736	
1833	1	23.43	23.43	0.2451	
1834	1	23.67	23.67	0.4611	
1835	1	23.23	23.23	0.1771	
1836	1	23.18	23.18	0.1476	
1837	1	23.01	23.01	0.0099	
1838	1	23.03	23.03	0.0291	
1839	1	23.01	23.01	0.0099	
1840	1	23.01	23.01	0.0099	
1841	1	23.01	23.01	0.0099	
1842	1	23.01	23.01	0.0099	
1843	1	23.01	23.01	0.0099	
1844	1	23.01	23.01	0.0099	
1845	1	23.01	23.01	0.0099	
1846	1	23.01	23.01	0.0099	
1847	1	23.01	23.01	0.0099	
1848	1	23.01	23.01	0.0099	
1849	1	23.01	23.01	0.0099	
1850	1	23.01	23.01	0.0099	
1851	1	23.01	23.01	0.0099	
1852	1	23.02	23.02	0.0196	
1853	1	23.02	23.02	0.0196	
1854	1	23.01	23.01	0.0099	
1855	1	23.01	23.01	0.0099	
1856	1	23.01	23.01	0.0099	
1857	1	23.01	23.01	0.0099	
1858	1	23.01	23.01	0.0099	
1859	1	23.01	23.01	0.0099	
1860	1	23.01	23.01	0.0099	
1861	1	23.01	23.01	0.0099	
1862	1	23.01	23.01	0.0099	
1863	1	23.01	23.01	0.0099	
1864	1	23.03	23.03	0.0291	
1865	1	23.03	23.03	0.0291	
1866	1	23.05	23.05	0.0475	
1867	1	23.01	23.01	0.0099	
1868	1	23.01	23.01	0.0099	
1869	1	23.01	23.01	0.0099	
1870	1	23.01	23.01	0.0099	
1871	1	23.01	23.01	0.0099	
1872	1	23.01	23.01	0.0099	
1873	1	23.01	23.01	0.0099	
1874	1	23.01	23.01	0.0099	
1875	1	23.01	23.01	0.0099	
1876	1	23.01	23.01	0.0099	
1877	1	23.01	23.01	0.0099	
1878	1	23.01	23.01	0.0099	
1879	1	23.04	23.04	0.0384	
1880	1	23.01	23.01	0.0099	
1881	1	23.01	23.01	0.0099	
1882	1	23.01	23.01	0.0099	
1883	1	23.01	23.01	0.0099	
1884	1	23.01	23.01	0.0099	
1885	1	23.01	23.01	0.0099	
1886	1	23.01	23.01	0.0099	
1887	1	23.01	23.01	0.0099	
1888	1	23.01	23.01	0.0099	
1889	1	23.01	23.01	0.0099	
1890	1	23.01	23.01	0.0099	
1891	1	23.01	23.01	0.0099	
1892	1	23.01	23.01	0.0099	
1893	1	23.01	23.01	0.0099	
1894	1	23.01	23.01	0.0099	
1895	1	23.01	23.01	0.0099	
1896	1	23.01	23.01	0.0099	
1897	1	23.01	23.01	0.0099	
1898	1	23.01	23.01	0.0099	
1899	1	23.01	23.01	0.0099	
1900	1	23.01	23.01	0.0099	
1901	1	23.01	23.01	0.0099	
1902	1	23.01	23.01	0.0099	
1903	1	23.01	23.01	0.0099	
1904	1	23.01	23.01	0.0099	
1905	1	23.01	23.01	0.0099	
1906	1	23.16	23.16	0.1344	
1907	1	23.01	23.01	0.0099	
1908	1	23.01	23.01	0.0099	
1909	1	23.01	23.01	0.0099	
1910	1	23.01	23.01	0.0099	
1911	1	23.01	23.01	0.0099	
1912	1	23.04	23.04	0.0384	
1913	1	23.01	23.01	0.0099	
1914	1	23.01	23.01	0.0099	
1915	1	23.01	23.01	0.0099	
1916	1	23.01	23.01	0.0099	
1917	1	23.01	23.01	0.0099	
1918	1	23.01	23.01	0.0099	
1919	1	23.01	23.01	0.0099	
1920	1	23.03	23.03	0.0291	
1921	1	23.01	23.01	0.0099	
1922	1	23.01	23.01	0.0099	
1923	1	23.01	23.01	0.0099	
1924	1	23.01	23.01	0.0099	
1925	1	23.01	23.01	0.0099	
1926	1	23.01	23.01	0.0099	
1927	1	23.01	23.01	0.0099	
1928	1	23.01	23.01	0.0099	
1929	1	23.01	23.01	0.0099	
1930	1	23.06	23.06	0.0564	
1931	1	23.01	23.01	0.0099	
1932	1	23.01	23.01	0.0099	
1933	1	23.01	23.01	0.0099	
1934	1	23.02	23.02	0.0196	
1935	1	23.01	23.01	0.0099	
1936	1	23.01	23.01	0.0099	
1937	1	23.01	23.01	0.0099	
1938	1	23.01	23.01	0.0099	
1939	1	23.02	23.02	0.0196	
1940	1	23.17	23.17	0.1411	
1941	1	23.39	23.39	0.2379	
1942	1	23.54	23.54	0.2484	
1943	1	23.34	23.34	0.2244	
1944	1	23.27	23.27	0.1971	
1945	1	23.42	23.42	0.2436	
1946	1	23.05	23.05	0.0475	
1947	1	23.01	23.01	0.0099	
1948	1	23.01	23.01	0.0099	
1949	1	23.04	23.04	0.0384	
1950	1	23.01	23.01	0.0099	
1951	1	23.01	23.01	0.0099	
1952	1	23.01	23.01	0.0099	
1953	1	23.01	23.01	0.0099	
1954	1	23.03	23.03	0.0291	
1955	1	23.01	23.01	0.0099	
1956	1	23.01	23.01	0.0099	
1957	1	23.01	23.01	0.0099	
1958	1	23.03	23.03	0.0291	
1959	1	23.01	23.01	0.0099	
1960	1	23.01	23.01	0.0099	
1961	1	23.01	23.01	0.0099	
1962	1	23.01	23.01	0.0099	
1963	1	23.01	23.01	0.0099	
1964	1	23.01	23.01	0.0099	
1965	1	23.01	23.01	0.0099	
1966	1	23.01	23.01	0.0099	
1967	1	23.01	23.01	0.0099	
1968	1	23.01	23.01	0.0099	
1969	1	23.01	23.01	0.0099	
1970	1	23.01	23.01	0.0099	
1971	1	23.01	23.01	0.0099	
1972	1	23.01	23.01	0.0099	
1973	1	23.01	23.01	0.0099	
1974	1	23.01	23.01	0.0099	
1975	1	23.01	23.01	0.0099	
1976	1	23.01	23.01	0.0099	
1977	1	23.01	23.01	0.0099	
1978	1	23.01	23.01	0.0099	
1979	1	23.01	23.01	0.0099	
1980	1	23.01	23.01	0.0099	
1981	1	23.01	23.01	0.0099	
1982	1	23.01	23.01	0.0099	
1983	1	23.01	23.01	0.0099	
1984	1	23.01	23.01	0.0099	
1985	1	23.01	23.01	0.0099	
1986	1	23.01	23.01	0.0099	
1987	1	23.01	23.01	0.0099	
1988	1	23.01	23.01	0.0099	
1989	1	23.05	23.05	0.0475	
1990	1	23.01	23.01	0.0099	
1991	1	23.01	23.01	0.0099	
1992	1	23.01	23.01	0.0099	
1993	1	23.04	23.04	0.0384	
1994	1	23.42	23.42	0.4036	
1995	1	23.57	23.57	0.3651	
1996	1	23.5	23.5	0.25	
1997	1	23.66	23.66	0.2244	
1998	1	23.49	23.49	0.2499	
1999	1	23.52	23.52	0.2496	
2000	1	23.54	23.54	0.2484	
