# mu = 0.001, s = 0.1, trials requested = 1, runtime = 0:00:02
# "Time"	"Actual trials"	"Mean mutation"	"Average mean mutation"	"Average mutation variance"
0	1	0	0	0	
1	1	0	0	0	
2	1	0.09	0.09	0.0819	
3	1	0.01	0.01	0.0099	
4	1	0.03	0.03	0.0291	
5	1	0.12	0.12	0.1056	
6	1	0.02	0.02	0.0196	
7	1	0.01	0.01	0.0099	
8	1	0.01	0.01	0.0099	
9	1	0.03	0.03	0.0291	
10	1	0.01	0.01	0.0099	
11	1	0.01	0.01	0.0099	
12	1	0.01	0.01	0.0099	
13	1	0.01	0.01	0.0099	
14	1	0.01	0.01	0.0099	
15	1	0.01	0.01	0.0099	
16	1	0.01	0.01	0.0099	
17	1	0.01	0.01	0.0099	
18	1	0.24	0.24	0.1824	
19	1	0.25	0.25	0.1875	
20	1	0.7	0.7	0.21	
21	1	0.78	0.78	0.1716	
22	1	0.64	0.64	0.2304	
23	1	0.58	0.58	0.2436	
24	1	0.69	0.69	0.2139	
25	1	0.91	0.91	0.0819	
26	1	1	1	0	
27	1	1	1	0	
28	1	1	1	0	
29	1	1	1	0	
30	1	1	1	0	
31	1	1	1	0	
32	1	1	1	0	
33	1	1	1	0	
34	1	1	1	0	
35	1	1	1	0	
36	1	1.01	1.01	0.0099	
37	1	1.01	1.01	0.0099	
38	1	1.01	1.01	0.0099	
39	1	1.01	1.01	0.0099	
40	1	1.07	1.07	0.0651	
41	1	1.43	1.43	0.2451	
42	1	1.19	1.19	0.1539	
43	1	1.2	1.2	0.16	
44	1	1.35	1.35	0.2275	
45	1	1.85	1.85	0.2075	
46	1	1.99	1.99	0.0099	
47	1	2	2	0	
48	1	2	2	0	
49	1	2	2	0	
50	1	2	2	0	
51	1	2.02	2.02	0.0196	
52	1	2.01	2.01	0.0099	
53	1	2.06	2.06	0.0564	
54	1	2.01	2.01	0.0099	
55	1	2.01	2.01	0.0099	
56	1	2.01	2.01	0.0099	
57	1	2.19	2.19	0.1539	
58	1	2.17	2.17	0.1411	
59	1	2.47	2.47	0.2491	
60	1	2.86	2.86	0.1404	
61	1	3.08	3.08	0.0736	
62	1	3.26	3.26	0.1924	
63	1	3.44	3.44	0.2464	
64	1	3.46	3.46	0.2484	
65	1	3.5	3.5	0.25	
66	1	3.7	3.7	0.27	
67	1	3.65	3.65	0.2275	
68	1	3.95	3.95	0.0475	
69	1	3.99	3.99	0.0099	
70	1	4.01	4.01	0.0099	
71	1	4.01	4.01	0.0099	
72	1	4.01	4.01	0.0099	
73	1	4.06	4.06	0.0564	
74	1	4.02	4.02	0.0196	
75	1	4.09	4.09	0.0819	
76	1	4.27	4.27	0.1971	
77	1	4.11	4.11	0.0979	
78	1	4.16	4.16	0.1344	
79	1	4.4	4.4	0.24	
80	1	4.53	4.53	0.2491	
81	1	4.89	4.89	0.0979	
82	1	4.95	4.95	0.0475	
83	1	4.99	4.99	0.0099	
84	1	5.01	5.01	0.0099	
85	1	5.01	5.01	0.0099	
86	1	5.01	5.01	0.0099	
87	1	5.01	5.01	0.0099	
88	1	5.01	5.01	0.0099	
89	1	5.01	5.01	0.0099	
90	1	5.01	5.01	0.0099	
91	1	5.01	5.01	0.0099	
92	1	5.24	5.24	0.1824	
93	1	5.58	5.58	0.2436	
94	1	5.79	5.79	0.1659	
95	1	5.88	5.88	0.1256	
96	1	5.99	5.99	0.0099	
97	1	6.01	6.01	0.0099	
98	1	6.01	6.01	0.0099	
99	1	6.01	6.01	0.0099	
100	1	6.01	6.01	0.0099	
101	1	6.01	6.01	0.0099	
102	1	6.01	6.01	0.0099	
103	1	6.02	6.02	0.0196	
104	1	6.01	6.01	0.0099	
105	1	6.01	6.01	0.0099	
106	1	6.01	6.01	0.0099	
107	1	6.01	6.01	0.0099	
108	1	6.01	6.01	0.0099	
109	1	6.08	6.08	0.0736	
110	1	6.01	6.01	0.0099	
111	1	6.01	6.01	0.0099	
112	1	6.01	6.01	0.0099	
113	1	6.01	6.01	0.0099	
114	1	6.05	6.05	0.0475	
115	1	6.12	6.12	0.1056	
116	1	6.62	6.62	0.2756	
117	1	7.27	7.27	0.4171	
118	1	7.65	7.65	0.3075	
119	1	7.99	7.99	0.0099	
120	1	8.01	8.01	0.0099	
121	1	8.01	8.01	0.0099	
122	1	8.01	8.01	0.0099	
123	1	8.01	8.01	0.0099	
124	1	8.01	8.01	0.0099	
125	1	8.01	8.01	0.0099	
126	1	8.01	8.01	0.0099	
127	1	8.01	8.01	0.0099	
128	1	8.01	8.01	0.0099	
129	1	8.01	8.01	0.0099	
130	1	8.38	8.38	0.2356	
131	1	8.85	8.85	0.1275	
132	1	8.99	8.99	0.0099	
133	1	9.01	9.01	0.0099	
134	1	9.01	9.01	0.0099	
135	1	9.01	9.01	0.0099	
136	1	9.02	9.02	0.0196	
137	1	9.24	9.24	0.1824	
138	1	9.52	9.52	0.2496	
139	1	9.99	9.99	0.0099	
140	1	10.01	10.01	0.0099	
141	1	10.01	10.01	0.0099	
142	1	10.01	10.01	0.0099	
143	1	10.01	10.01	0.0099	
144	1	10.01	10.01	0.0099	
145	1	10.01	10.01	0.0099	
146	1	10.01	10.01	0.0099	
147	1	10.02	10.02	0.0196	
148	1	10.01	10.01	0.0099	
149	1	10.01	10.01	0.0099	
150	1	10.01	10.01	0.0099	
151	1	10.01	10.01	0.0099	
152	1	10.01	10.01	0.0099	
153	1	10.01	10.01	0.0099	
154	1	10.01	10.01	0.0099	
155	1	10.01	10.01	0.0099	
156	1	10.11	10.11	0.0979	
157	1	10.43	10.43	0.2451	
158	1	10.5	10.5	0.25	
159	1	10.78	10.78	0.1716	
160	1	10.85	10.85	0.1275	
161	1	10.98	10.98	0.0196	
162	1	10.99	10.99	0.0099	
163	1	11.03	11.03	0.0291	
164	1	11.01	11.01	0.0099	
165	1	11.01	11.01	0.0099	
166	1	11.01	11.01	0.0099	
167	1	11.01	11.01	0.0099	
168	1	11.01	11.01	0.0099	
169	1	11.01	11.01	0.0099	
170	1	11.01	11.01	0.0099	
171	1	11.01	11.01	0.0099	
172	1	11.09	11.09	0.0819	
173	1	11.03	11.03	0.0291	
174	1	11.01	11.01	0.0099	
175	1	11.01	11.01	0.0099	
176	1	11.01	11.01	0.0099	
177	1	11.01	11.01	0.0099	
178	1	11.01	11.01	0.0099	
179	1	11.01	11.01	0.0099	
180	1	11.01	11.01	0.0099	
181	1	11.01	11.01	0.0099	
182	1	11.01	11.01	0.0099	
183	1	11.01	11.01	0.0099	
184	1	11.06	11.06	0.0564	
185	1	11.01	11.01	0.0099	
186	1	11.01	11.01	0.0099	
187	1	11.01	11.01	0.0099	
188	1	11.01	11.01	0.0099	
189	1	11.01	11.01	0.0099	
190	1	11.32	11.32	0.2176	
191	1	11.51	11.51	0.2499	
192	1	11.71	11.71	0.2259	
193	1	11.54	11.54	0.2484	
194	1	11.66	11.66	0.2244	
195	1	11.82	11.82	0.1876	
196	1	11.99	11.99	0.0099	
197	1	12.01	12.01	0.0099	
198	1	12.01	12.01	0.0099	
199	1	12.01	12.01	0.0099	
200	1	12.01	12.01	0.0099	
201	1	12.01	12.01	0.0099	
202	1	12.01	12.01	0.0099	
203	1	12.03	12.03	0.0291	
204	1	12.48	12.48	0.2496	
205	1	12.68	12.68	0.2176	
206	1	13.02	13.02	0.0196	
207	1	13.01	13.01	0.0099	
208	1	13.01	13.01	0.0099	
209	1	13.01	13.01	0.0099	
210	1	13.19	13.19	0.1539	
211	1	13.47	13.47	0.2491	
212	1	13.56	13.56	0.2464	
213	1	13.74	13.74	0.1924	
214	1	13.95	13.95	0.0475	
215	1	13.99	13.99	0.0099	
216	1	14.01	14.01	0.0099	
217	1	14.01	14.01	0.0099	
218	1	14.01	14.01	0.0099	
219	1	14.01	14.01	0.0099	
220	1	14.01	14.01	0.0099	
221	1	14.01	14.01	0.0099	
222	1	14.01	14.01	0.0099	
223	1	14.01	14.01	0.0099	
224	1	14.01	14.01	0.0099	
225	1	14.01	14.01	0.0099	
226	1	14.01	14.01	0.0099	
227	1	14.01	14.01	0.0099	
228	1	14.29	14.29	0.2059	
229	1	14.1	14.1	0.09	
230	1	14.36	14.36	0.2304	
231	1	14.44	14.44	0.2464	
232	1	14.77	14.77	0.1771	
233	1	14.93	14.93	0.0651	
234	1	15.11	15.11	0.0979	
235	1	15.2	15.2	0.16	
236	1	15.24	15.24	0.1824	
237	1	15.6	15.6	0.24	
238	1	15.62	15.62	0.2356	
239	1	15.99	15.99	0.0099	
240	1	16.01	16.01	0.0099	
241	1	16.01	16.01	0.0099	
242	1	16.01	16.01	0.0099	
243	1	16.01	16.01	0.0099	
244	1	16.04	16.04	0.0384	
245	1	16.01	16.01	0.0099	
246	1	16.01	16.01	0.0099	
247	1	16.01	16.01	0.0099	
248	1	16.01	16.01	0.0099	
249	1	16.01	16.01	0.0099	
250	1	16.01	16.01	0.0099	
251	1	16.01	16.01	0.0099	
252	1	16.06	16.06	0.0564	
253	1	16.05	16.05	0.0475	
254	1	16.04	16.04	0.0384	
255	1	16.26	16.26	0.1924	
256	1	16.39	16.39	0.2379	
257	1	16.88	16.88	0.1056	
258	1	16.75	16.75	0.1875	
259	1	16.96	16.96	0.0384	
260	1	17.09	17.09	0.0819	
261	1	17.35	17.35	0.2275	
262	1	17.75	17.75	0.2275	
263	1	17.97	17.97	0.0291	
264	1	18.01	18.01	0.0099	
265	1	18.04	18.04	0.0384	
266	1	18.17	18.17	0.1411	
267	1	18.27	18.27	0.1971	
268	1	18.7	18.7	0.21	
269	1	18.98	18.98	0.0196	
270	1	19.01	19.01	0.0099	
271	1	19.01	19.01	0.0099	
272	1	19.02	19.02	0.0196	
273	1	19.02	19.02	0.0196	
274	1	19.01	19.01	0.0099	
275	1	19.01	19.01	0.0099	
276	1	19.01	19.01	0.0099	
277	1	19.01	19.01	0.0099	
278	1	19.01	19.01	0.0099	
279	1	19.01	19.01	0.0099	
280	1	19.01	19.01	0.0099	
281	1	19.01	19.01	0.0099	
282	1	19.01	19.01	0.0099	
283	1	19.03	19.03	0.0291	
284	1	19.01	19.01	0.0099	
285	1	19.01	19.01	0.0099	
286	1	19.01	19.01	0.0099	
287	1	19.01	19.01	0.0099	
288	1	19.02	19.02	0.0196	
289	1	19.01	19.01	0.0099	
290	1	19.01	19.01	0.0099	
291	1	19.01	19.01	0.0099	
292	1	19.01	19.01	0.0099	
293	1	19.01	19.01	0.0099	
294	1	19.01	19.01	0.0099	
295	1	19.01	19.01	0.0099	
296	1	19.18	19.18	0.1476	
297	1	19.81	19.81	0.1739	
298	1	19.9	19.9	0.35	
299	1	19.97	19.97	0.0291	
300	1	19.99	19.99	0.0099	
301	1	20.01	20.01	0.0099	
302	1	20.01	20.01	0.0099	
303	1	20.06	20.06	0.0564	
304	1	20.23	20.23	0.1771	
305	1	20.66	20.66	0.2444	
306	1	20.84	20.84	0.1344	
307	1	20.94	20.94	0.0564	
308	1	21	21	0	
309	1	21.01	21.01	0.0099	
310	1	21.01	21.01	0.0099	
311	1	21.22	21.22	0.1716	
312	1	21.21	21.21	0.1659	
313	1	21.46	21.46	0.2484	
314	1	21.76	21.76	0.1824	
315	1	21.59	21.59	0.2419	
316	1	21.84	21.84	0.1344	
317	1	22.39	22.39	0.2379	
318	1	22.54	22.54	0.2484	
319	1	22.95	22.95	0.0475	
320	1	23.01	23.01	0.0099	
321	1	23.01	23.01	0.0099	
322	1	23.01	23.01	0.0099	
323	1	23.03	23.03	0.0291	
324	1	23.01	23.01	0.0099	
325	1	23.01	23.01	0.0099	
326	1	23.01	23.01	0.0099	
327	1	23.01	23.01	0.0099	
328	1	23.01	23.01	0.0099	
329	1	23.01	23.01	0.0099	
330	1	23.01	23.01	0.0099	
331	1	23.01	23.01	0.0099	
332	1	23.01	23.01	0.0099	
333	1	23.01	23.01	0.0099	
334	1	23.01	23.01	0.0099	
335	1	23.01	23.01	0.0099	
336	1	23.01	23.01	0.0099	
337	1	23.01	23.01	0.0099	
338	1	23.01	23.01	0.0099	
339	1	23.03	23.03	0.0291	
340	1	23.19	23.19	0.1539	
341	1	23.03	23.03	0.0291	
342	1	23.01	23.01	0.0099	
343	1	23.01	23.01	0.0099	
344	1	23.02	23.02	0.0196	
345	1	23.01	23.01	0.0099	
346	1	23.03	23.03	0.0291	
347	1	23.01	23.01	0.0099	
348	1	23.01	23.01	0.0099	
349	1	23.01	23.01	0.0099	
350	1	23.01	23.01	0.0099	
351	1	23.01	23.01	0.0099	
352	1	23.01	23.01	0.0099	
353	1	23.27	23.27	0.1971	
354	1	23.51	23.51	0.2499	
355	1	23.89	23.89	0.0979	
356	1	23.9	23.9	0.11	
357	1	23.96	23.96	0.0384	
358	1	24.18	24.18	0.1476	
359	1	24.6	24.6	0.24	
360	1	24.83	24.83	0.1411	
361	1	24.78	24.78	0.1716	
362	1	24.93	24.93	0.0851	
363	1	25.04	25.04	0.0384	
364	1	25.2	25.2	0.16	
365	1	25.48	25.48	0.2496	
366	1	25.52	25.52	0.2496	
367	1	25.8	25.8	0.16	
368	1	25.99	25.99	0.0099	
369	1	26.01	26.01	0.0099	
370	1	26.01	26.01	0.0099	
371	1	26.01	26.01	0.0099	
372	1	26.08	26.08	0.0736	
373	1	26.01	26.01	0.0099	
374	1	26.01	26.01	0.0099	
375	1	26.11	26.11	0.0979	
376	1	26.01	26.01	0.0099	
377	1	26.01	26.01	0.0099	
378	1	26.01	26.01	0.0099	
379	1	26.14	26.14	0.1204	
380	1	26.14	26.14	0.1204	
381	1	26.2	26.2	0.18	
382	1	26.2	26.2	0.16	
383	1	26.76	26.76	0.8424	
384	1	27.61	27.61	0.2779	
385	1	27.99	27.99	0.0099	
386	1	28.01	28.01	0.0099	
387	1	28.05	28.05	0.0475	
388	1	28.01	28.01	0.0099	
389	1	28.01	28.01	0.0099	
390	1	28.01	28.01	0.0099	
391	1	28.01	28.01	0.0099	
392	1	28.01	28.01	0.0099	
393	1	28.01	28.01	0.0099	
394	1	28.01	28.01	0.0099	
395	1	28.01	28.01	0.0099	
396	1	28.01	28.01	0.0099	
397	1	28.01	28.01	0.0099	
398	1	28.18	28.18	0.1476	
399	1	28.44	28.44	0.2464	
400	1	28.98	28.98	0.0996	
401	1	29.01	29.01	0.0099	
402	1	29.01	29.01	0.0099	
403	1	29.01	29.01	0.0099	
404	1	29.01	29.01	0.0099	
405	1	29.01	29.01	0.0099	
406	1	29.02	29.02	0.0196	
407	1	29.01	29.01	0.0099	
408	1	29.03	29.03	0.0291	
409	1	29.01	29.01	0.0099	
410	1	29.02	29.02	0.0196	
411	1	29.34	29.34	0.2244	
412	1	29.57	29.57	0.2451	
413	1	29.43	29.43	0.2451	
414	1	29.55	29.55	0.2475	
415	1	29.45	29.45	0.2475	
416	1	29.86	29.86	0.1204	
417	1	29.99	29.99	0.0099	
418	1	30.03	30.03	0.0291	
419	1	30.16	30.16	0.1344	
420	1	30.02	30.02	0.0196	
421	1	30.01	30.01	0.0099	
422	1	30.01	30.01	0.0099	
423	1	30.01	30.01	0.0099	
424	1	30.01	30.01	0.0099	
425	1	30.01	30.01	0.0099	
426	1	30.01	30.01	0.0099	
427	1	30.07	30.07	0.0651	
428	1	30.04	30.04	0.0384	
429	1	30.23	30.23	0.2171	
430	1	31.1	31.1	0.57	
431	1	31.27	31.27	0.1971	
432	1	31.35	31.35	0.2275	
433	1	31.57	31.57	0.2451	
434	1	32.08	32.08	0.2936	
435	1	32	32	0.06	
436	1	32.01	32.01	0.0099	
437	1	32.01	32.01	0.0099	
438	1	32.01	32.01	0.0099	
439	1	32.01	32.01	0.0099	
440	1	32.01	32.01	0.0099	
441	1	32.01	32.01	0.0099	
442	1	32.01	32.01	0.0099	
443	1	32.01	32.01	0.0099	
444	1	32.01	32.01	0.0099	
445	1	32.22	32.22	0.1716	
446	1	32.42	32.42	0.2436	
447	1	32.42	32.42	0.2436	
448	1	32.45	32.45	0.3275	
449	1	32.44	32.44	0.2464	
450	1	32.48	32.48	0.2496	
451	1	32.56	32.56	0.2464	
452	1	32.84	32.84	0.1344	
453	1	32.99	32.99	0.0099	
454	1	33.16	33.16	0.1344	
455	1	33.07	33.07	0.0651	
456	1	33.18	33.18	0.1476	
457	1	33.57	33.57	0.2451	
458	1	33.87	33.87	0.1131	
459	1	34	34	0	
460	1	34.01	34.01	0.0099	
461	1	34	34	0	
462	1	34.01	34.01	0.0099	
463	1	34.02	34.02	0.0196	
464	1	34.01	34.01	0.0099	
465	1	34.01	34.01	0.0099	
466	1	34.01	34.01	0.0099	
467	1	34.01	34.01	0.0099	
468	1	34.01	34.01	0.0099	
469	1	34.01	34.01	0.0099	
470	1	34.01	34.01	0.0099	
471	1	34.03	34.03	0.0291	
472	1	34.01	34.01	0.0099	
473	1	34.01	34.01	0.0099	
474	1	34.01	34.01	0.0099	
475	1	34.01	34.01	0.0099	
476	1	34.01	34.01	0.0099	
477	1	34.01	34.01	0.0099	
478	1	34.01	34.01	0.0099	
479	1	34.08	34.08	0.0736	
480	1	34.34	34.34	0.2244	
481	1	34.62	34.62	0.2356	
482	1	34.86	34.86	0.1204	
483	1	35.01	35.01	0.0099	
484	1	35.01	35.01	0.0099	
485	1	35.03	35.03	0.0291	
486	1	35.01	35.01	0.0099	
487	1	35.01	35.01	0.0099	
488	1	35.01	35.01	0.0099	
489	1	35.01	35.01	0.0099	
490	1	35.01	35.01	0.0099	
491	1	35.01	35.01	0.0099	
492	1	35.01	35.01	0.0099	
493	1	35.01	35.01	0.0099	
494	1	35.02	35.02	0.0196	
495	1	35.01	35.01	0.0099	
496	1	35.07	35.07	0.0651	
497	1	35.08	35.08	0.0736	
498	1	35.18	35.18	0.1476	
499	1	35.24	35.24	0.1824	
500	1	35.69	35.69	0.2339	
501	1	35.86	35.86	0.1204	
502	1	35.94	35.94	0.0564	
503	1	35.95	35.95	0.0475	
504	1	35.95	35.95	0.0475	
505	1	35.99	35.99	0.0099	
506	1	36.01	36.01	0.0099	
507	1	36.01	36.01	0.0099	
508	1	36.01	36.01	0.0099	
509	1	36.3	36.3	0.21	
510	1	36.15	36.15	0.1275	
511	1	36.19	36.19	0.1539	
512	1	36.34	36.34	0.2244	
513	1	36.94	36.94	0.0564	
514	1	36.99	36.99	0.0099	
515	1	37.01	37.01	0.0099	
516	1	37.01	37.01	0.0099	
517	1	37.01	37.01	0.0099	
518	1	37.01	37.01	0.0099	
519	1	37.07	37.07	0.0651	
520	1	37.01	37.01	0.0099	
521	1	37.01	37.01	0.0099	
522	1	37.01	37.01	0.0099	
523	1	37.01	37.01	0.0099	
524	1	37.01	37.01	0.0099	
525	1	37.01	37.01	0.0099	
526	1	37.02	37.02	0.0196	
527	1	37.01	37.01	0.0099	
528	1	37.01	37.01	0.0099	
529	1	37.01	37.01	0.0099	
530	1	37.01	37.01	0.0099	
531	1	37.01	37.01	0.0099	
532	1	37.01	37.01	0.0099	
533	1	37.04	37.04	0.0384	
534	1	37.01	37.01	0.0099	
535	1	37.01	37.01	0.0099	
536	1	37.01	37.01	0.0099	
537	1	37.01	37.01	0.0099	
538	1	37.01	37.01	0.0099	
539	1	37.01	37.01	0.0099	
540	1	37.01	37.01	0.0099	
541	1	37.01	37.01	0.0099	
542	1	37.01	37.01	0.0099	
543	1	37.01	37.01	0.0099	
544	1	37.01	37.01	0.0099	
545	1	37.01	37.01	0.0099	
546	1	37.01	37.01	0.0099	
547	1	37.01	37.01	0.0099	
548	1	37.01	37.01	0.0099	
549	1	37.01	37.01	0.0099	
550	1	37.01	37.01	0.0099	
551	1	37.01	37.01	0.0099	
552	1	37.01	37.01	0.0099	
553	1	37.01	37.01	0.0099	
554	1	37.01	37.01	0.0099	
555	1	37.01	37.01	0.0099	
556	1	37.02	37.02	0.0196	
557	1	37.01	37.01	0.0099	
558	1	37.01	37.01	0.0099	
559	1	37.01	37.01	0.0099	
560	1	37.03	37.03	0.0291	
561	1	37.38	37.38	0.2356	
562	1	37.79	37.79	0.1659	
563	1	37.99	37.99	0.0099	
564	1	37.99	37.99	0.0099	
565	1	37.99	37.99	0.0099	
566	1	38.01	38.01	0.0099	
567	1	38.01	38.01	0.0099	
568	1	38.03	38.03	0.0291	
569	1	38.4	38.4	0.24	
570	1	38.92	38.92	0.0736	
571	1	39.01	39.01	0.0099	
572	1	39.01	39.01	0.0099	
573	1	39.01	39.01	0.0099	
574	1	39.11	39.11	0.0979	
575	1	39.13	39.13	0.1131	
576	1	39.24	39.24	0.1824	
577	1	39.21	39.21	0.1659	
578	1	39.2	39.2	0.16	
579	1	39.01	39.01	0.0099	
580	1	39.06	39.06	0.0564	
581	1	39.25	39.25	0.1875	
582	1	39.38	39.38	0.2356	
583	1	39.45	39.45	0.2475	
584	1	39.64	39.64	0.2304	
585	1	39.78	39.78	0.1916	
586	1	39.67	39.67	0.3411	
587	1	39.6	39.6	0.72	
588	1	39.97	39.97	0.7691	
589	1	40.65	40.65	0.2475	
590	1	40.59	40.59	0.2419	
591	1	40.94	40.94	0.0564	
592	1	40.95	40.95	0.0475	
593	1	41.01	41.01	0.0099	
594	1	41.01	41.01	0.0099	
595	1	41.01	41.01	0.0099	
596	1	41.01	41.01	0.0099	
597	1	41.01	41.01	0.0099	
598	1	41.01	41.01	0.0099	
599	1	41.01	41.01	0.0099	
600	1	41.01	41.01	0.0099	
601	1	41.01	41.01	0.0099	
602	1	41.01	41.01	0.0099	
603	1	41.01	41.01	0.0099	
604	1	41.01	41.01	0.0099	
605	1	41.01	41.01	0.0099	
606	1	41.01	41.01	0.0099	
607	1	41.49	41.49	0.2499	
608	1	41.9	41.9	0.09	
609	1	41.99	41.99	0.0099	
610	1	42.01	42.01	0.0099	
611	1	42.01	42.01	0.0099	
612	1	42.01	42.01	0.0099	
613	1	42.04	42.04	0.0384	
614	1	42.01	42.01	0.0099	
615	1	42.01	42.01	0.0099	
616	1	42.03	42.03	0.0291	
617	1	42.04	42.04	0.0384	
618	1	42.01	42.01	0.0099	
619	1	42.01	42.01	0.0099	
620	1	42.01	42.01	0.0099	
621	1	42.02	42.02	0.0196	
622	1	42.01	42.01	0.0099	
623	1	42.01	42.01	0.0099	
624	1	42.08	42.08	0.0736	
625	1	42.01	42.01	0.0099	
626	1	42.01	42.01	0.0099	
627	1	42.01	42.01	0.0099	
628	1	42.01	42.01	0.0099	
629	1	42.01	42.01	0.0099	
630	1	42.01	42.01	0.0099	
631	1	42.01	42.01	0.0099	
632	1	42.01	42.01	0.0099	
633	1	42.01	42.01	0.0099	
634	1	42.01	42.01	0.0099	
635	1	42.01	42.01	0.0099	
636	1	42.01	42.01	0.0099	
637	1	42.01	42.01	0.0099	
638	1	42.01	42.01	0.0099	
639	1	42.05	42.05	0.0475	
640	1	42.05	42.05	0.0475	
641	1	42.01	42.01	0.0099	
642	1	42.01	42.01	0.0099	
643	1	42.01	42.01	0.0099	
644	1	42.01	42.01	0.0099	
645	1	42.01	42.01	0.0099	
646	1	42.01	42.01	0.0099	
647	1	42.01	42.01	0.0099	
648	1	42.01	42.01	0.0099	
649	1	42.17	42.17	0.1411	
650	1	42.15	42.15	0.1275	
651	1	42.16	42.16	0.1344	
652	1	42.32	42.32	0.2176	
653	1	42.63	42.63	0.2331	
654	1	42.78	42.78	0.2316	
655	1	42.78	42.78	0.1716	
656	1	43.01	43.01	0.0099	
657	1	43.01	43.01	0.0099	
658	1	43.03	43.03	0.0291	
659	1	43.05	43.05	0.0475	
660	1	43.15	43.15	0.1475	
661	1	43.52	43.52	0.2496	
662	1	43.69	43.69	0.2139	
663	1	44	44	0	
664	1	44.01	44.01	0.0099	
665	1	44.01	44.01	0.0099	
666	1	44.01	44.01	0.0099	
667	1	44.01	44.01	0.0099	
668	1	44.01	44.01	0.0099	
669	1	44.01	44.01	0.0099	
670	1	44.03	44.03	0.0291	
671	1	44.25	44.25	0.1875	
672	1	44.11	44.11	0.0979	
673	1	44.01	44.01	0.0099	
674	1	44.47	44.47	0.2491	
675	1	44.85	44.85	0.1275	
676	1	44.76	44.76	0.1824	
677	1	44.84	44.84	0.1344	
678	1	44.74	44.74	0.1924	
679	1	44.92	44.92	0.0736	
680	1	44.99	44.99	0.0499	
681	1	45.56	45.56	0.2464	
682	1	45.69	45.69	0.2339	
683	1	45.84	45.84	0.1344	
684	1	45.91	45.91	0.0819	
685	1	46.01	46.01	0.0099	
686	1	46.01	46.01	0.0099	
687	1	46.01	46.01	0.0099	
688	1	46.01	46.01	0.0099	
689	1	46.3	46.3	0.21	
690	1	46.37	46.37	0.2331	
691	1	47.47	47.47	1.4891	
692	1	49.33	49.33	0.8411	
693	1	49.96	49.96	0.0384	
694	1	50.02	50.02	0.0196	
695	1	50.07	50.07	0.0651	
696	1	50.08	50.08	0.0736	
697	1	50.01	50.01	0.0099	
698	1	50.01	50.01	0.0099	
699	1	50.01	50.01	0.0099	
700	1	50.01	50.01	0.0099	
701	1	50.01	50.01	0.0099	
702	1	50.01	50.01	0.0099	
703	1	50.01	50.01	0.0099	
704	1	50.01	50.01	0.0099	
705	1	50.01	50.01	0.0099	
706	1	50.01	50.01	0.0099	
707	1	50.01	50.01	0.0099	
708	1	50.01	50.01	0.0099	
709	1	50.01	50.01	0.0099	
710	1	50.01	50.01	0.0099	
711	1	50.07	50.07	0.0651	
712	1	50.04	50.04	0.0384	
713	1	50.01	50.01	0.0099	
714	1	50.01	50.01	0.0099	
715	1	50.01	50.01	0.0099	
716	1	50.01	50.01	0.0099	
717	1	50.01	50.01	0.0099	
718	1	50.01	50.01	0.0099	
719	1	50.01	50.01	0.0099	
720	1	50.01	50.01	0.0099	
721	1	50.01	50.01	0.0099	
722	1	50.01	50.01	0.0099	
723	1	50.01	50.01	0.0099	
724	1	50.06	50.06	0.0564	
725	1	50.34	50.34	0.2244	
726	1	50.38	50.38	0.2556	
727	1	50.54	50.54	0.2484	
728	1	50.76	50.76	0.2224	
729	1	50.71	50.71	0.2059	
730	1	50.71	50.71	0.2059	
731	1	50.71	50.71	0.2059	
732	1	50.99	50.99	0.0099	
733	1	50.99	50.99	0.0099	
734	1	50.99	50.99	0.0099	
735	1	51.01	51.01	0.0099	
736	1	51.01	51.01	0.0099	
737	1	51.17	51.17	0.1411	
738	1	51.52	51.52	0.2496	
739	1	51.64	51.64	0.2304	
740	1	51.44	51.44	0.2464	
741	1	51.29	51.29	0.2059	
742	1	51.67	51.67	0.2411	
743	1	51.69	51.69	0.2139	
744	1	51.95	51.95	0.0475	
745	1	51.99	51.99	0.0099	
746	1	52.02	52.02	0.0196	
747	1	52.01	52.01	0.0099	
748	1	52.01	52.01	0.0099	
749	1	52.01	52.01	0.0099	
750	1	52.01	52.01	0.0099	
751	1	52.01	52.01	0.0099	
752	1	52.01	52.01	0.0099	
753	1	52.01	52.01	0.0099	
754	1	52.17	52.17	0.1411	
755	1	52.35	52.35	0.2275	
756	1	52.61	52.61	0.2379	
757	1	52.75	52.75	0.1875	
758	1	52.98	52.98	0.0196	
759	1	52.99	52.99	0.0099	
760	1	53.01	53.01	0.0099	
761	1	53.27	53.27	0.2771	
762	1	54.11	54.11	0.6579	
763	1	54.56	54.56	0.3464	
764	1	55	55	0	
765	1	55	55	0	
766	1	55	55	0	
767	1	55.01	55.01	0.0099	
768	1	55.01	55.01	0.0099	
769	1	55.01	55.01	0.0099	
770	1	55.01	55.01	0.0099	
771	1	55.01	55.01	0.0099	
772	1	55.01	55.01	0.0099	
773	1	55.01	55.01	0.0099	
774	1	55.01	55.01	0.0099	
775	1	55.01	55.01	0.0099	
776	1	55.01	55.01	0.0099	
777	1	55.01	55.01	0.0099	
778	1	55.07	55.07	0.0651	
779	1	55.25	55.25	0.1875	
780	1	55.32	55.32	0.2176	
781	1	55.09	55.09	0.0819	
782	1	55.3	55.3	0.21	
783	1	55.42	55.42	0.2436	
784	1	55.56	55.56	0.2464	
785	1	55.92	55.92	0.0736	
786	1	56	56	0	
787	1	56	56	0	
788	1	56	56	0	
789	1	56	56	0	
790	1	56	56	0	
791	1	56	56	0	
792	1	56	56	0	
793	1	56	56	0	
794	1	56	56	0	
795	1	56.01	56.01	0.0099	
796	1	56.15	56.15	0.1275	
797	1	56.2	56.2	0.16	
798	1	56.53	56.53	0.2491	
799	1	56.82	56.82	0.1476	
800	1	56.83	56.83	0.1411	
801	1	56.89	56.89	0.0979	
802	1	56.96	56.96	0.0384	
803	1	57.01	57.01	0.0099	
804	1	57.01	57.01	0.0099	
805	1	57.01	57.01	0.0099	
806	1	57.01	57.01	0.0099	
807	1	57.01	57.01	0.0099	
808	1	57.01	57.01	0.0099	
809	1	57.01	57.01	0.0099	
810	1	57.01	57.01	0.0099	
811	1	57.01	57.01	0.0099	
812	1	57.02	57.02	0.0196	
813	1	57.01	57.01	0.0099	
814	1	57.01	57.01	0.0099	
815	1	57.01	57.01	0.0099	
816	1	57.01	57.01	0.0099	
817	1	57.01	57.01	0.0099	
818	1	57.01	57.01	0.0099	
819	1	57.01	57.01	0.0099	
820	1	57.01	57.01	0.0099	
821	1	57.01	57.01	0.0099	
822	1	57.01	57.01	0.0099	
823	1	57.01	57.01	0.0099	
824	1	57.01	57.01	0.0099	
825	1	57.06	57.06	0.0564	
826	1	57.01	57.01	0.0099	
827	1	57.01	57.01	0.0099	
828	1	57.01	57.01	0.0099	
829	1	57.04	57.04	0.0384	
830	1	57.15	57.15	0.1275	
831	1	57.01	57.01	0.0099	
832	1	57.01	57.01	0.0099	
833	1	57.43	57.43	0.2451	
834	1	57.71	57.71	0.2059	
835	1	57.56	57.56	0.2464	
836	1	57.37	57.37	0.2331	
837	1	57.69	57.69	0.2339	
838	1	57.49	57.49	0.2499	
839	1	57.8	57.8	0.24	
840	1	57.95	57.95	0.0475	
841	1	58.01	58.01	0.0099	
842	1	58.01	58.01	0.0099	
843	1	58.01	58.01	0.0099	
844	1	58.06	58.06	0.0564	
845	1	58.15	58.15	0.1275	
846	1	58.54	58.54	0.2484	
847	1	58.9	58.9	0.09	
848	1	58.82	58.82	0.1676	
849	1	58.76	58.76	0.1824	
850	1	58.6	58.6	0.24	
851	1	58.81	58.81	0.1539	
852	1	58.94	58.94	0.0564	
853	1	59.01	59.01	0.0099	
854	1	59.01	59.01	0.0099	
855	1	59.01	59.01	0.0099	
856	1	59.01	59.01	0.0099	
857	1	59.01	59.01	0.0099	
858	1	59.01	59.01	0.0099	
859	1	59.01	59.01	0.0099	
860	1	59.01	59.01	0.0099	
861	1	59.05	59.05	0.0475	
862	1	59.35	59.35	0.2275	
863	1	59.86	59.86	0.1204	
864	1	59.79	59.79	0.1659	
865	1	59.97	59.97	0.0291	
866	1	60.01	60.01	0.0099	
867	1	60.01	60.01	0.0099	
868	1	60.01	60.01	0.0099	
869	1	60.03	60.03	0.0291	
870	1	60.27	60.27	0.1971	
871	1	60.12	60.12	0.1056	
872	1	60.41	60.41	0.2419	
873	1	60.59	60.59	0.2419	
874	1	60.92	60.92	0.0736	
875	1	60.92	60.92	0.1136	
876	1	60.86	60.86	0.1204	
877	1	60.73	60.73	0.1971	
878	1	60.84	60.84	0.1344	
879	1	60.99	60.99	0.0099	
880	1	60.99	60.99	0.0099	
881	1	60.99	60.99	0.0099	
882	1	61.01	61.01	0.0099	
883	1	61.18	61.18	0.1476	
884	1	61.1	61.1	0.09	
885	1	61.26	61.26	0.1924	
886	1	61.63	61.63	0.2331	
887	1	61.71	61.71	0.2059	
888	1	61.74	61.74	0.1924	
889	1	61.77	61.77	0.1771	
890	1	61.93	61.93	0.0651	
891	1	61.82	61.82	0.1476	
892	1	61.99	61.99	0.0099	
893	1	61.99	61.99	0.0099	
894	1	62.01	62.01	0.0099	
895	1	62.01	62.01	0.0099	
896	1	62.01	62.01	0.0099	
897	1	62.02	62.02	0.0196	
898	1	62.01	62.01	0.0099	
899	1	62.01	62.01	0.0099	
900	1	62.01	62.01	0.0099	
901	1	62.01	62.01	0.0099	
902	1	62.44	62.44	0.2464	
903	1	62.53	62.53	0.2491	
904	1	62.89	62.89	0.0979	
905	1	63.13	63.13	0.1131	
906	1	63.21	63.21	0.1659	
907	1	63.29	63.29	0.2059	
908	1	63.3	63.3	0.21	
909	1	63.93	63.93	1.0051	
910	1	65.34	65.34	0.7244	
911	1	66.06	66.06	0.0564	
912	1	66.17	66.17	0.1411	
913	1	66.71	66.71	0.2059	
914	1	66.68	66.68	0.2176	
915	1	67.62	67.62	0.8556	
916	1	68.64	68.64	0.5904	
917	1	68.98	68.98	0.0396	
918	1	69.01	69.01	0.0099	
919	1	69.01	69.01	0.0099	
920	1	69.01	69.01	0.0099	
921	1	69.01	69.01	0.0099	
922	1	69.02	69.02	0.0196	
923	1	69.04	69.04	0.0384	
924	1	69.55	69.55	0.2475	
925	1	69.92	69.92	0.0736	
926	1	69.96	69.96	0.0584	
927	1	70	70	0	
928	1	70	70	0	
929	1	70.06	70.06	0.0564	
930	1	70.03	70.03	0.0291	
931	1	70.48	70.48	0.2496	
932	1	70.71	70.71	0.2059	
933	1	70.84	70.84	0.1344	
934	1	70.94	70.94	0.0564	
935	1	70.76	70.76	0.1824	
936	1	70.9	70.9	0.09	
937	1	70.98	70.98	0.0196	
938	1	71.01	71.01	0.0099	
939	1	71.15	71.15	0.1275	
940	1	71.47	71.47	0.2491	
941	1	71.8	71.8	0.16	
942	1	71.91	71.91	0.0819	
943	1	72.21	72.21	0.2259	
944	1	72.42	72.42	0.3636	
945	1	72.82	72.82	0.1476	
946	1	72.8	72.8	0.16	
947	1	72.93	72.93	0.0651	
948	1	73.01	73.01	0.0099	
949	1	73.01	73.01	0.0099	
950	1	73.01	73.01	0.0099	
951	1	73.03	73.03	0.0291	
952	1	73.34	73.34	0.2244	
953	1	73.62	73.62	0.2356	
954	1	74.08	74.08	0.3736	
955	1	74.3	74.3	0.21	
956	1	74.84	74.84	0.1944	
957	1	74.98	74.98	0.0796	
958	1	75.02	75.02	0.0196	
959	1	75.01	75.01	0.0099	
960	1	75.33	75.33	0.2211	
961	1	75.65	75.65	0.3075	
962	1	75.75	75.75	0.5675	
963	1	76.52	76.52	1.0696	
964	1	77.33	77.33	0.8811	
965	1	77.82	77.82	0.3276	
966	1	77.98	77.98	0.0396	
967	1	77.98	77.98	0.0396	
968	1	77.98	77.98	0.0396	
969	1	77.98	77.98	0.0396	
970	1	77.98	77.98	0.0396	
971	1	78.01	78.01	0.0099	
972	1	78.02	78.02	0.0196	
973	1	78.01	78.01	0.0099	
974	1	78.16	78.16	0.1344	
975	1	78.77	78.77	0.1771	
976	1	78.89	78.89	0.0979	
977	1	78.99	78.99	0.0099	
978	1	78.99	78.99	0.0099	
979	1	78.99	78.99	0.0099	
980	1	78.99	78.99	0.0099	
981	1	79.01	79.01	0.0099	
982	1	79.01	79.01	0.0099	
983	1	79.03	79.03	0.0291	
984	1	79.04	79.04	0.0384	
985	1	79.01	79.01	0.0099	
986	1	79.01	79.01	0.0099	
987	1	79.15	79.15	0.1275	
988	1	79.33	79.33	0.2211	
989	1	79.83	79.83	0.1411	
990	1	79.97	79.97	0.0291	
991	1	80	80	0	
992	1	80	80	0	
993	1	80.02	80.02	0.0196	
994	1	80.2	80.2	0.16	
995	1	80.01	80.01	0.0099	
996	1	80	80	0	
997	1	80	80	0	
998	1	80.01	80.01	0.0099	
999	1	80.01	80.01	0.0099	
1000	1	80.01	80.01	0.0099	
1001	1	80.01	80.01	0.0099	
1002	1	80.01	80.01	0.0099	
1003	1	80.01	80.01	0.0099	
1004	1	80.01	80.01	0.0099	
1005	1	80.01	80.01	0.0099	
1006	1	80.01	80.01	0.0099	
1007	1	80.07	80.07	0.0651	
1008	1	80.56	80.56	0.2464	
1009	1	81.01	81.01	0.0499	
1010	1	80.99	80.99	0.0099	
1011	1	81.06	81.06	0.0564	
1012	1	81.01	81.01	0.0099	
1013	1	81.01	81.01	0.0099	
1014	1	81.01	81.01	0.0099	
1015	1	81.01	81.01	0.0099	
1016	1	81.01	81.01	0.0099	
1017	1	81.01	81.01	0.0099	
1018	1	81.01	81.01	0.0099	
1019	1	81.01	81.01	0.0099	
1020	1	81.01	81.01	0.0099	
1021	1	81.01	81.01	0.0099	
1022	1	81.01	81.01	0.0099	
1023	1	81.01	81.01	0.0099	
1024	1	81.01	81.01	0.0099	
1025	1	81.01	81.01	0.0099	
1026	1	81.01	81.01	0.0099	
1027	1	81.01	81.01	0.0099	
1028	1	81.01	81.01	0.0099	
1029	1	81.01	81.01	0.0099	
1030	1	81.01	81.01	0.0099	
1031	1	81.01	81.01	0.0099	
1032	1	81.01	81.01	0.0099	
1033	1	81.17	81.17	0.1411	
1034	1	81.13	81.13	0.1131	
1035	1	81.09	81.09	0.0819	
1036	1	81.01	81.01	0.0099	
1037	1	81.01	81.01	0.0099	
1038	1	81.01	81.01	0.0099	
1039	1	81.01	81.01	0.0099	
1040	1	81	81	0	
1041	1	81.01	81.01	0.0099	
1042	1	81.01	81.01	0.0099	
1043	1	81.01	81.01	0.0099	
1044	1	81.01	81.01	0.0099	
1045	1	81.01	81.01	0.0099	
1046	1	81.04	81.04	0.0384	
1047	1	81.01	81.01	0.0099	
1048	1	81.01	81.01	0.0099	
1049	1	81.02	81.02	0.0196	
1050	1	81.01	81.01	0.0099	
1051	1	81.01	81.01	0.0099	
1052	1	81.02	81.02	0.0196	
1053	1	81.01	81.01	0.0099	
1054	1	81.1	81.1	0.09	
1055	1	81.29	81.29	0.2059	
1056	1	81.14	81.14	0.1204	
1057	1	81.01	81.01	0.0099	
1058	1	81.07	81.07	0.0651	
1059	1	81.01	81.01	0.0099	
1060	1	81.01	81.01	0.0099	
1061	1	81.01	81.01	0.0099	
1062	1	81.01	81.01	0.0099	
1063	1	81.01	81.01	0.0099	
1064	1	81.01	81.01	0.0099	
1065	1	81.01	81.01	0.0099	
1066	1	81.01	81.01	0.0099	
1067	1	81.01	81.01	0.0099	
1068	1	81.03	81.03	0.0291	
1069	1	81.01	81.01	0.0099	
1070	1	81.01	81.01	0.0099	
1071	1	81.02	81.02	0.0196	
1072	1	81.01	81.01	0.0099	
1073	1	81.01	81.01	0.0099	
1074	1	81.01	81.01	0.0099	
1075	1	81.01	81.01	0.0099	
1076	1	81.01	81.01	0.0099	
1077	1	81.01	81.01	0.0099	
1078	1	81.01	81.01	0.0099	
1079	1	81.01	81.01	0.0099	
1080	1	81.01	81.01	0.0099	
1081	1	81.01	81.01	0.0099	
1082	1	81.07	81.07	0.0651	
1083	1	81.23	81.23	0.1771	
1084	1	81.63	81.63	0.2331	
1085	1	81.87	81.87	0.1131	
1086	1	82.01	82.01	0.0099	
1087	1	82.22	82.22	0.1716	
1088	1	82.44	82.44	0.2464	
1089	1	82.64	82.64	0.2304	
1090	1	82.87	82.87	0.2131	
1091	1	83.21	83.21	0.2459	
1092	1	83.38	83.38	0.2356	
1093	1	83.43	83.43	0.2451	
1094	1	83.63	83.63	0.6131	
1095	1	84.51	84.51	0.4499	
1096	1	84.93	84.93	0.7051	
1097	1	85.11	85.11	0.3979	
1098	1	85.29	85.29	0.2859	
1099	1	86.07	86.07	0.8851	
1100	1	86.59	86.59	0.4019	
1101	1	86.36	86.36	0.3304	
1102	1	86.73	86.73	0.1971	
1103	1	87.02	87.02	0.0396	
1104	1	87	87	0	
1105	1	87	87	0	
1106	1	87	87	0	
1107	1	87.03	87.03	0.0291	
1108	1	87	87	0	
1109	1	87.03	87.03	0.0291	
1110	1	87.16	87.16	0.1344	
1111	1	87.12	87.12	0.1056	
1112	1	87.27	87.27	0.1971	
1113	1	87.38	87.38	0.2356	
1114	1	87.65	87.65	0.2275	
1115	1	87.94	87.94	0.0564	
1116	1	87.99	87.99	0.0099	
1117	1	87.99	87.99	0.0099	
1118	1	87.99	87.99	0.0099	
1119	1	87.99	87.99	0.0099	
1120	1	87.99	87.99	0.0099	
1121	1	88.01	88.01	0.0099	
1122	1	88.01	88.01	0.0099	
1123	1	88.02	88.02	0.0196	
1124	1	88.01	88.01	0.0099	
1125	1	88.01	88.01	0.0099	
1126	1	88.01	88.01	0.0099	
1127	1	88.01	88.01	0.0099	
1128	1	88.01	88.01	0.0099	
1129	1	88.12	88.12	0.1056	
1130	1	88.23	88.23	0.1771	
1131	1	88.78	88.78	0.5916	
1132	1	89.74	89.74	0.3124	
1133	1	89.72	89.72	0.2216	
1134	1	89.79	89.79	0.1859	
1135	1	89.9	89.9	0.09	
1136	1	90.01	90.01	0.0099	
1137	1	90.02	90.02	0.0196	
1138	1	90.06	90.06	0.0564	
1139	1	90.24	90.24	0.1824	
1140	1	90.49	90.49	0.2699	
1141	1	90.75	90.75	0.1875	
1142	1	90.97	90.97	0.0291	
1143	1	91.01	91.01	0.0099	
1144	1	91.01	91.01	0.0099	
1145	1	91.01	91.01	0.0099	
1146	1	91.01	91.01	0.0099	
1147	1	91.01	91.01	0.0099	
1148	1	91.01	91.01	0.0099	
1149	1	91.1	91.1	0.09	
1150	1	91.01	91.01	0.0099	
1151	1	91.01	91.01	0.0099	
1152	1	91.24	91.24	0.1824	
1153	1	91.53	91.53	0.2491	
1154	1	91.55	91.55	0.2475	
1155	1	91.93	91.93	0.2851	
1156	1	92.68	92.68	0.2176	
1157	1	92.99	92.99	0.0099	
1158	1	93.01	93.01	0.0099	
1159	1	93.01	93.01	0.0099	
1160	1	93.01	93.01	0.0099	
1161	1	93.02	93.02	0.0196	
1162	1	93.01	93.01	0.0099	
1163	1	93.04	93.04	0.0384	
1164	1	93.01	93.01	0.0099	
1165	1	93.01	93.01	0.0099	
1166	1	93.02	93.02	0.0196	
1167	1	93.01	93.01	0.0099	
1168	1	93.2	93.2	0.16	
1169	1	93.14	93.14	0.1204	
1170	1	93.17	93.17	0.1411	
1171	1	93.5	93.5	0.25	
1172	1	93.56	93.56	0.2464	
1173	1	93.88	93.88	0.1056	
1174	1	93.99	93.99	0.0099	
1175	1	94.01	94.01	0.0099	
1176	1	94.01	94.01	0.0099	
1177	1	94.01	94.01	0.0099	
1178	1	94.02	94.02	0.0196	
1179	1	94.02	94.02	0.0196	
1180	1	94.18	94.18	0.1476	
1181	1	94.35	94.35	0.2275	
1182	1	94.68	94.68	0.2176	
1183	1	95	95	0	
1184	1	95.07	95.07	0.0651	
1185	1	95.34	95.34	0.2244	
1186	1	95.7	95.7	0.21	
1187	1	96.01	96.01	0.2099	
1188	1	96.42	96.42	0.2636	
1189	1	96.36	96.36	0.2304	
1190	1	96.15	96.15	0.1275	
1191	1	96.08	96.08	0.0736	
1192	1	96.01	96.01	0.0099	
1193	1	96.06	96.06	0.1164	
1194	1	97.38	97.38	0.8556	
1195	1	97.88	97.88	0.2256	
1196	1	98.15	98.15	0.1275	
1197	1	98.11	98.11	0.0979	
1198	1	98.62	98.62	0.2356	
1199	1	98.89	98.89	0.0979	
1200	1	98.94	98.94	0.0564	
1201	1	99	99	0	
1202	1	99	99	0	
1203	1	99	99	0	
1204	1	99	99	0	
1205	1	99.02	99.02	0.0196	
1206	1	99	99	0	
1207	1	99	99	0	
1208	1	99.02	99.02	0.0196	
1209	1	99.17	99.17	0.1411	
1210	1	99.01	99.01	0.0099	
1211	1	99.01	99.01	0.0099	
1212	1	99.11	99.11	0.0979	
1213	1	99.12	99.12	0.1056	
1214	1	99.64	99.64	0.2304	
1215	1	99.96	99.96	0.0384	
1216	1	100.01	100.01	0.0099	
1217	1	100.01	100.01	0.0099	
1218	1	100.03	100.03	0.0291	
1219	1	100.01	100.01	0.0099	
1220	1	100.01	100.01	0.0099	
1221	1	100.08	100.08	0.0936	
1222	1	100.19	100.19	0.1539	
1223	1	101.13	101.13	0.5131	
1224	1	101.82	101.82	0.2676	
1225	1	102	102	0	
1226	1	102	102	0	
1227	1	102	102	0	
1228	1	102.01	102.01	0.0099	
1229	1	102.01	102.01	0.0099	
1230	1	102.01	102.01	0.0099	
1231	1	102.01	102.01	0.0099	
1232	1	102.01	102.01	0.0099	
1233	1	102.04	102.04	0.0384	
1234	1	102.01	102.01	0.0099	
1235	1	102.01	102.01	0.0099	
1236	1	102.01	102.01	0.0099	
1237	1	102.01	102.01	0.0099	
1238	1	102.01	102.01	0.0099	
1239	1	102.01	102.01	0.0099	
1240	1	102.01	102.01	0.0099	
1241	1	102.01	102.01	0.0099	
1242	1	102.09	102.09	0.0819	
1243	1	102.32	102.32	0.2176	
1244	1	102.44	102.44	0.2464	
1245	1	102.66	102.66	0.2244	
1246	1	102.79	102.79	0.1659	
1247	1	102.83	102.83	0.1411	
1248	1	102.92	102.92	0.0736	
1249	1	102.99	102.99	0.0099	
1250	1	103.09	103.09	0.0819	
1251	1	103.25	103.25	0.1875	
1252	1	103.44	103.44	0.2464	
1253	1	103.34	103.34	0.2244	
1254	1	103.14	103.14	0.1204	
1255	1	103.16	103.16	0.1344	
1256	1	103.41	103.41	0.2419	
1257	1	103.67	103.67	0.2211	
1258	1	103.62	103.62	0.2556	
1259	1	104	104	0.02	
1260	1	104.01	104.01	0.0099	
1261	1	104.01	104.01	0.0099	
1262	1	104.01	104.01	0.0099	
1263	1	104.01	104.01	0.0099	
1264	1	104.01	104.01	0.0099	
1265	1	104.23	104.23	0.1771	
1266	1	104.24	104.24	0.1824	
1267	1	104.58	104.58	0.2436	
1268	1	105.11	105.11	0.4779	
1269	1	105.5	105.5	0.43	
1270	1	105.85	105.85	0.2275	
1271	1	105.99	105.99	0.0099	
1272	1	106.01	106.01	0.0099	
1273	1	106.01	106.01	0.0099	
1274	1	106.01	106.01	0.0099	
1275	1	106.01	106.01	0.0099	
1276	1	106.01	106.01	0.0099	
1277	1	106.04	106.04	0.0384	
1278	1	106.02	106.02	0.0196	
1279	1	106.01	106.01	0.0099	
1280	1	106.01	106.01	0.0099	
1281	1	106.01	106.01	0.0099	
1282	1	106.01	106.01	0.0099	
1283	1	106.01	106.01	0.0099	
1284	1	106.01	106.01	0.0099	
1285	1	106.01	106.01	0.0099	
1286	1	106.08	106.08	0.0736	
1287	1	106.1	106.1	0.09	
1288	1	106.02	106.02	0.0196	
1289	1	106.06	106.06	0.0564	
1290	1	106.01	106.01	0.0099	
1291	1	106.01	106.01	0.0099	
1292	1	106.01	106.01	0.0099	
1293	1	106.01	106.01	0.0099	
1294	1	106.01	106.01	0.0099	
1295	1	106.01	106.01	0.0099	
1296	1	106.01	106.01	0.0099	
1297	1	106.01	106.01	0.0099	
1298	1	106.01	106.01	0.0099	
1299	1	106.01	106.01	0.0099	
1300	1	106.04	106.04	0.0384	
1301	1	106.36	106.36	0.2304	
1302	1	106.71	106.71	0.2059	
1303	1	106.99	106.99	0.0099	
1304	1	106.99	106.99	0.0099	
1305	1	107.01	107.01	0.0099	
1306	1	107.02	107.02	0.0196	
1307	1	107.1	107.1	0.09	
1308	1	107.03	107.03	0.0291	
1309	1	107.01	107.01	0.0099	
1310	1	107.03	107.03	0.0291	
1311	1	107.11	107.11	0.0979	
1312	1	107.54	107.54	0.6684	
1313	1	107.74	107.74	0.5124	
1314	1	108.13	108.13	0.1331	
1315	1	108.27	108.27	0.1971	
1316	1	108.36	108.36	0.2304	
1317	1	108.73	108.73	0.2771	
1318	1	109.11	109.11	0.1579	
1319	1	108.93	108.93	0.1451	
1320	1	108.99	108.99	0.0099	
1321	1	109.01	109.01	0.0099	
1322	1	109.01	109.01	0.0099	
1323	1	109.01	109.01	0.0099	
1324	1	109.01	109.01	0.0099	
1325	1	109.01	109.01	0.0099	
1326	1	109.01	109.01	0.0099	
1327	1	109.5	109.5	0.25	
1328	1	109.51	109.51	0.2499	
1329	1	109.85	109.85	0.1675	
1330	1	109.91	109.91	0.0819	
1331	1	109.91	109.91	0.0819	
1332	1	110.09	110.09	0.0819	
1333	1	110.02	110.02	0.0196	
1334	1	110.01	110.01	0.0099	
1335	1	110.01	110.01	0.0099	
1336	1	110.01	110.01	0.0099	
1337	1	110.01	110.01	0.0099	
1338	1	110.01	110.01	0.0099	
1339	1	110.01	110.01	0.0099	
1340	1	110.01	110.01	0.0099	
1341	1	110.01	110.01	0.0099	
1342	1	110.01	110.01	0.0099	
1343	1	110.01	110.01	0.0099	
1344	1	110.01	110.01	0.0099	
1345	1	110.01	110.01	0.0099	
1346	1	110.01	110.01	0.0099	
1347	1	110.01	110.01	0.0099	
1348	1	110.01	110.01	0.0099	
1349	1	110.01	110.01	0.0099	
1350	1	110.01	110.01	0.0099	
1351	1	110.17	110.17	0.1411	
1352	1	110.2	110.2	0.16	
1353	1	110.68	110.68	0.2176	
1354	1	110.97	110.97	0.0691	
1355	1	110.99	110.99	0.0099	
1356	1	111.19	111.19	0.1539	
1357	1	111.11	111.11	0.0979	
1358	1	111.39	111.39	0.2579	
1359	1	111.58	111.58	0.2436	
1360	1	111.6	111.6	0.36	
1361	1	111.81	111.81	0.2939	
1362	1	112.02	112.02	0.1396	
1363	1	111.88	111.88	0.1056	
1364	1	111.99	111.99	0.0099	
1365	1	111.99	111.99	0.0099	
1366	1	112.12	112.12	0.1056	
1367	1	112.24	112.24	0.1824	
1368	1	112.04	112.04	0.0384	
1369	1	112.33	112.33	0.2211	
1370	1	112.52	112.52	0.4096	
1371	1	112.43	112.43	0.2451	
1372	1	112.97	112.97	0.0491	
1373	1	112.99	112.99	0.0099	
1374	1	112.99	112.99	0.0099	
1375	1	112.99	112.99	0.0099	
1376	1	113.01	113.01	0.0099	
1377	1	113.01	113.01	0.0099	
1378	1	113.01	113.01	0.0099	
1379	1	113.27	113.27	0.1971	
1380	1	113.32	113.32	0.2176	
1381	1	113.01	113.01	0.0099	
1382	1	113.01	113.01	0.0099	
1383	1	113.01	113.01	0.0099	
1384	1	113.06	113.06	0.0564	
1385	1	113.03	113.03	0.0291	
1386	1	113.01	113.01	0.0099	
1387	1	113.01	113.01	0.0099	
1388	1	113.01	113.01	0.0099	
1389	1	113.01	113.01	0.0099	
1390	1	113.01	113.01	0.0099	
1391	1	113.01	113.01	0.0099	
1392	1	113.01	113.01	0.0099	
1393	1	113.01	113.01	0.0099	
1394	1	113.01	113.01	0.0099	
1395	1	113.01	113.01	0.0099	
1396	1	113.01	113.01	0.0099	
1397	1	113.01	113.01	0.0099	
1398	1	113.01	113.01	0.0099	
1399	1	113.01	113.01	0.0099	
1400	1	113.01	113.01	0.0099	
1401	1	113.01	113.01	0.0099	
1402	1	113.01	113.01	0.0099	
1403	1	113.01	113.01	0.0099	
1404	1	113.01	113.01	0.0099	
1405	1	113.01	113.01	0.0099	
1406	1	113.01	113.01	0.0099	
1407	1	113.03	113.03	0.0291	
1408	1	113.01	113.01	0.0099	
1409	1	113.01	113.01	0.0099	
1410	1	113.01	113.01	0.0099	
1411	1	113.01	113.01	0.0099	
1412	1	113.06	113.06	0.0564	
1413	1	113.31	113.31	0.2139	
1414	1	113.61	113.61	0.2379	
1415	1	113.8	113.8	0.28	
1416	1	114.39	114.39	0.6779	
1417	1	114.18	114.18	0.8276	
1418	1	114.98	114.98	0.0196	
1419	1	114.99	114.99	0.0099	
1420	1	115.02	115.02	0.0196	
1421	1	115.03	115.03	0.0291	
1422	1	115.06	115.06	0.0564	
1423	1	115.01	115.01	0.0099	
1424	1	115.01	115.01	0.0099	
1425	1	115.01	115.01	0.0099	
1426	1	115.01	115.01	0.0099	
1427	1	115.01	115.01	0.0099	
1428	1	115.01	115.01	0.0099	
1429	1	115.01	115.01	0.0099	
1430	1	115.01	115.01	0.0099	
1431	1	115.01	115.01	0.0099	
1432	1	115.01	115.01	0.0099	
1433	1	115.01	115.01	0.0099	
1434	1	115.01	115.01	0.0099	
1435	1	115.04	115.04	0.0384	
1436	1	115.02	115.02	0.0196	
1437	1	115.01	115.01	0.0099	
1438	1	115.01	115.01	0.0099	
1439	1	115.01	115.01	0.0099	
1440	1	115.01	115.01	0.0099	
1441	1	115.01	115.01	0.0099	
1442	1	115.01	115.01	0.0099	
1443	1	115.01	115.01	0.0099	
1444	1	115.01	115.01	0.0099	
1445	1	115.01	115.01	0.0099	
1446	1	115.01	115.01	0.0099	
1447	1	115.28	115.28	0.2016	
1448	1	115.19	115.19	0.1539	
1449	1	115.17	115.17	0.1411	
1450	1	115.3	115.3	0.21	
1451	1	115.48	115.48	0.2496	
1452	1	115.95	115.95	0.1075	
1453	1	115.98	115.98	0.1796	
1454	1	116.49	116.49	0.2499	
1455	1	116.89	116.89	0.0979	
1456	1	116.96	116.96	0.0384	
1457	1	116.98	116.98	0.0196	
1458	1	116.99	116.99	0.0099	
1459	1	117.01	117.01	0.0099	
1460	1	117.04	117.04	0.0384	
1461	1	117.22	117.22	0.1716	
1462	1	117.62	117.62	0.2356	
1463	1	118.05	118.05	0.0475	
1464	1	118.01	118.01	0.0099	
1465	1	118.01	118.01	0.0099	
1466	1	118.01	118.01	0.0099	
1467	1	118.01	118.01	0.0099	
1468	1	118.01	118.01	0.0099	
1469	1	118.01	118.01	0.0099	
1470	1	118.01	118.01	0.0099	
1471	1	118.01	118.01	0.0099	
1472	1	118.01	118.01	0.0099	
1473	1	118.01	118.01	0.0099	
1474	1	118.01	118.01	0.0099	
1475	1	118.01	118.01	0.0099	
1476	1	118.01	118.01	0.0099	
1477	1	118.01	118.01	0.0099	
1478	1	118.01	118.01	0.0099	
1479	1	118.01	118.01	0.0099	
1480	1	118.01	118.01	0.0099	
1481	1	118.01	118.01	0.0099	
1482	1	118.01	118.01	0.0099	
1483	1	118.01	118.01	0.0099	
1484	1	118.01	118.01	0.0099	
1485	1	118.01	118.01	0.0099	
1486	1	118.01	118.01	0.0099	
1487	1	118.01	118.01	0.0099	
1488	1	118.01	118.01	0.0099	
1489	1	118.01	118.01	0.0099	
1490	1	118.01	118.01	0.0099	
1491	1	118.03	118.03	0.0291	
1492	1	118.03	118.03	0.0291	
1493	1	118.01	118.01	0.0099	
1494	1	118.05	118.05	0.0475	
1495	1	118.01	118.01	0.0099	
1496	1	118.01	118.01	0.0099	
1497	1	118.01	118.01	0.0099	
1498	1	118.01	118.01	0.0099	
1499	1	118.01	118.01	0.0099	
1500	1	118.01	118.01	0.0099	
1501	1	118.01	118.01	0.0099	
1502	1	118.01	118.01	0.0099	
1503	1	118.26	118.26	0.1924	
1504	1	118.52	118.52	0.2496	
1505	1	118.84	118.84	0.1344	
1506	1	118.93	118.93	0.0651	
1507	1	118.99	118.99	0.0099	
1508	1	118.99	118.99	0.0099	
1509	1	118.99	118.99	0.0099	
1510	1	119.01	119.01	0.0099	
1511	1	119.01	119.01	0.0099	
1512	1	119.01	119.01	0.0099	
1513	1	119.01	119.01	0.0099	
1514	1	119.01	119.01	0.0099	
1515	1	119.01	119.01	0.0099	
1516	1	119.27	119.27	0.1971	
1517	1	119.58	119.58	0.2436	
1518	1	119.68	119.68	0.3976	
1519	1	120.17	120.17	0.6611	
1520	1	120.62	120.62	0.2356	
1521	1	120.94	120.94	0.0564	
1522	1	121	121	0	
1523	1	121	121	0	
1524	1	121	121	0	
1525	1	121	121	0	
1526	1	121.06	121.06	0.0564	
1527	1	121.35	121.35	0.2275	
1528	1	121.6	121.6	0.24	
1529	1	121.73	121.73	0.2571	
1530	1	122	122	0.14	
1531	1	122.56	122.56	0.2464	
1532	1	122.73	122.73	0.1971	
1533	1	122.96	122.96	0.0384	
1534	1	122.99	122.99	0.0099	
1535	1	122.99	122.99	0.0099	
1536	1	122.99	122.99	0.0099	
1537	1	123.01	123.01	0.0099	
1538	1	123.01	123.01	0.0099	
1539	1	123.01	123.01	0.0099	
1540	1	123.01	123.01	0.0099	
1541	1	123.01	123.01	0.0099	
1542	1	123.15	123.15	0.1675	
1543	1	124.44	124.44	0.8064	
1544	1	124.98	124.98	0.0396	
1545	1	124.98	124.98	0.0396	
1546	1	124.98	124.98	0.0396	
1547	1	125.02	125.02	0.0196	
1548	1	125.12	125.12	0.1056	
1549	1	125.42	125.42	0.2436	
1550	1	125.93	125.93	0.0651	
1551	1	125.99	125.99	0.0099	
1552	1	126.01	126.01	0.0099	
1553	1	126.03	126.03	0.0291	
1554	1	126.01	126.01	0.0099	
1555	1	126.01	126.01	0.0099	
1556	1	126.01	126.01	0.0099	
1557	1	126.02	126.02	0.0196	
1558	1	126.01	126.01	0.0099	
1559	1	126.01	126.01	0.0099	
1560	1	126.01	126.01	0.0099	
1561	1	126.11	126.11	0.0979	
1562	1	126.01	126.01	0.0099	
1563	1	126.01	126.01	0.0099	
1564	1	126.01	126.01	0.0099	
1565	1	126.09	126.09	0.0819	
1566	1	126.03	126.03	0.0291	
1567	1	126.01	126.01	0.0099	
1568	1	126.01	126.01	0.0099	
1569	1	126.01	126.01	0.0099	
1570	1	126.01	126.01	0.0099	
1571	1	126.01	126.01	0.0099	
1572	1	126.01	126.01	0.0099	
1573	1	126.03	126.03	0.0291	
1574	1	126.1	126.1	0.09	
1575	1	126.08	126.08	0.0736	
1576	1	126.07	126.07	0.0651	
1577	1	126.01	126.01	0.0099	
1578	1	126.3	126.3	0.21	
1579	1	126.07	126.07	0.0651	
1580	1	126.11	126.11	0.0979	
1581	1	126.6	126.6	0.24	
1582	1	126.8	126.8	0.16	
1583	1	126.75	126.75	0.1875	
1584	1	126.69	126.69	0.2339	
1585	1	126.88	126.88	0.1256	
1586	1	126.96	126.96	0.0384	
1587	1	126.99	126.99	0.0099	
1588	1	127.02	127.02	0.0196	
1589	1	127.01	127.01	0.0099	
1590	1	127.01	127.01	0.0099	
1591	1	127.01	127.01	0.0099	
1592	1	127.01	127.01	0.0099	
1593	1	127.01	127.01	0.0099	
1594	1	127.01	127.01	0.0099	
1595	1	127.01	127.01	0.0099	
1596	1	127.01	127.01	0.0099	
1597	1	127.01	127.01	0.0099	
1598	1	127.01	127.01	0.0099	
1599	1	127.01	127.01	0.0099	
1600	1	127.01	127.01	0.0099	
1601	1	127.01	127.01	0.0099	
1602	1	127.01	127.01	0.0099	
1603	1	127.01	127.01	0.0099	
1604	1	127.01	127.01	0.0099	
1605	1	127.01	127.01	0.0099	
1606	1	127.01	127.01	0.0099	
1607	1	127.01	127.01	0.0099	
1608	1	127.01	127.01	0.0099	
1609	1	127.14	127.14	0.1204	
1610	1	127.01	127.01	0.0099	
1611	1	127.01	127.01	0.0099	
1612	1	127.01	127.01	0.0099	
1613	1	127.08	127.08	0.0736	
1614	1	127.01	127.01	0.0099	
1615	1	127.01	127.01	0.0099	
1616	1	127.01	127.01	0.0099	
1617	1	127.01	127.01	0.0099	
1618	1	127.01	127.01	0.0099	
1619	1	127.01	127.01	0.0099	
1620	1	127.01	127.01	0.0099	
1621	1	127.01	127.01	0.0099	
1622	1	127.34	127.34	0.2244	
1623	1	127.28	127.28	0.2016	
1624	1	127.56	127.56	0.2664	
1625	1	127.63	127.63	0.2331	
1626	1	127.84	127.84	0.1344	
1627	1	127.76	127.76	0.1824	
1628	1	127.99	127.99	0.0099	
1629	1	127.99	127.99	0.0099	
1630	1	128	128	0	
1631	1	128	128	0	
1632	1	128	128	0	
1633	1	128.01	128.01	0.0099	
1634	1	128.01	128.01	0.0099	
1635	1	128.01	128.01	0.0099	
1636	1	128.01	128.01	0.0099	
1637	1	128.01	128.01	0.0099	
1638	1	128.01	128.01	0.0099	
1639	1	128.01	128.01	0.0099	
1640	1	128.93	128.93	0.6451	
1641	1	129.4	129.4	0.58	
1642	1	130.32	130.32	0.3376	
1643	1	130.92	130.92	0.0936	
1644	1	130.99	130.99	0.0099	
1645	1	130.99	130.99	0.0099	
1646	1	130.99	130.99	0.0099	
1647	1	131.01	131.01	0.0099	
1648	1	131.01	131.01	0.0099	
1649	1	131.04	131.04	0.0384	
1650	1	131.01	131.01	0.0099	
1651	1	131.05	131.05	0.0475	
1652	1	131.3	131.3	0.21	
1653	1	132.25	132.25	0.6875	
1654	1	132.78	132.78	0.1716	
1655	1	132.77	132.77	0.1771	
1656	1	132.84	132.84	0.1344	
1657	1	132.93	132.93	0.0651	
1658	1	133.05	133.05	0.0475	
1659	1	133.01	133.01	0.0099	
1660	1	133.08	133.08	0.0936	
1661	1	133.04	133.04	0.0384	
1662	1	133.02	133.02	0.0196	
1663	1	133.01	133.01	0.0099	
1664	1	133.01	133.01	0.0099	
1665	1	133.01	133.01	0.0099	
1666	1	133.01	133.01	0.0099	
1667	1	133.01	133.01	0.0099	
1668	1	133.01	133.01	0.0099	
1669	1	133.01	133.01	0.0099	
1670	1	133.11	133.11	0.0979	
1671	1	133.01	133.01	0.0099	
1672	1	133.09	133.09	0.0819	
1673	1	133.01	133.01	0.0099	
1674	1	133.1	133.1	0.09	
1675	1	133.68	133.68	0.2176	
1676	1	133.91	133.91	0.0819	
1677	1	134	134	0	
1678	1	134	134	0	
1679	1	134	134	0	
1680	1	134	134	0	
1681	1	134	134	0	
1682	1	134.17	134.17	0.1411	
1683	1	134.63	134.63	0.2331	
1684	1	135	135	0	
1685	1	135.07	135.07	0.0651	
1686	1	135.17	135.17	0.1411	
1687	1	135.17	135.17	0.1411	
1688	1	135.02	135.02	0.0196	
1689	1	135.22	135.22	0.1716	
1690	1	135.35	135.35	0.2275	
1691	1	135.72	135.72	0.2016	
1692	1	135.73	135.73	0.1971	
1693	1	135.85	135.85	0.1275	
1694	1	136.31	136.31	0.2339	
1695	1	136.58	136.58	0.2436	
1696	1	136.89	136.89	0.1579	
1697	1	136.99	136.99	0.0099	
1698	1	136.99	136.99	0.0099	
1699	1	136.99	136.99	0.0099	
1700	1	137.01	137.01	0.0099	
1701	1	137.01	137.01	0.0099	
1702	1	137.01	137.01	0.0099	
1703	1	137.01	137.01	0.0099	
1704	1	137.01	137.01	0.0099	
1705	1	137.12	137.12	0.1056	
1706	1	137.68	137.68	0.2176	
1707	1	138	138	0	
1708	1	138	138	0	
1709	1	138	138	0	
1710	1	138	138	0	
1711	1	138.01	138.01	0.0099	
1712	1	138	138	0	
1713	1	138	138	0	
1714	1	138	138	0	
1715	1	138.03	138.03	0.0291	
1716	1	138.01	138.01	0.0099	
1717	1	138.09	138.09	0.0819	
1718	1	138.01	138.01	0.0099	
1719	1	138.08	138.08	0.0736	
1720	1	138	138	0	
1721	1	138	138	0	
1722	1	138.01	138.01	0.0099	
1723	1	138.01	138.01	0.0099	
1724	1	138.07	138.07	0.0651	
1725	1	138.06	138.06	0.0564	
1726	1	138.14	138.14	0.1204	
1727	1	138.2	138.2	0.16	
1728	1	138.61	138.61	0.2379	
1729	1	138.82	138.82	0.1476	
1730	1	139	139	0	
1731	1	139.23	139.23	0.1771	
1732	1	139.39	139.39	0.2379	
1733	1	139.2	139.2	0.16	
1734	1	139.37	139.37	0.2331	
1735	1	139.15	139.15	0.1275	
1736	1	139.17	139.17	0.1411	
1737	1	139.23	139.23	0.1771	
1738	1	139.85	139.85	0.1275	
1739	1	139.99	139.99	0.0099	
1740	1	140.01	140.01	0.0099	
1741	1	140.01	140.01	0.0099	
1742	1	140.01	140.01	0.0099	
1743	1	140.01	140.01	0.0099	
1744	1	140.01	140.01	0.0099	
1745	1	140.01	140.01	0.0099	
1746	1	140.01	140.01	0.0099	
1747	1	140.01	140.01	0.0099	
1748	1	140.01	140.01	0.0099	
1749	1	140.01	140.01	0.0099	
1750	1	140.01	140.01	0.0099	
1751	1	140.02	140.02	0.0196	
1752	1	140.01	140.01	0.0099	
1753	1	140.02	140.02	0.0196	
1754	1	140.03	140.03	0.0291	
1755	1	140.02	140.02	0.0196	
1756	1	140.01	140.01	0.0099	
1757	1	140.01	140.01	0.0099	
1758	1	140.01	140.01	0.0099	
1759	1	140.01	140.01	0.0099	
1760	1	140.01	140.01	0.0099	
1761	1	140.01	140.01	0.0099	
1762	1	140.04	140.04	0.0384	
1763	1	140.04	140.04	0.0384	
1764	1	140.01	140.01	0.0099	
1765	1	140.01	140.01	0.0099	
1766	1	140.01	140.01	0.0099	
1767	1	140.01	140.01	0.0099	
1768	1	140.01	140.01	0.0099	
1769	1	140.01	140.01	0.0099	
1770	1	140.01	140.01	0.0099	
1771	1	140.01	140.01	0.0099	
1772	1	140.01	140.01	0.0099	
1773	1	140.01	140.01	0.0099	
1774	1	140.01	140.01	0.0099	
1775	1	140.01	140.01	0.0099	
1776	1	140.01	140.01	0.0099	
1777	1	140.01	140.01	0.0099	
1778	1	140.01	140.01	0.0099	
1779	1	140.05	140.05	0.0475	
1780	1	140.01	140.01	0.0099	
1781	1	140.01	140.01	0.0099	
1782	1	140.14	140.14	0.1204	
1783	1	140.07	140.07	0.0651	
1784	1	140.11	140.11	0.0979	
1785	1	140.2	140.2	0.16	
1786	1	140.18	140.18	0.1476	
1787	1	140.42	140.42	0.2436	
1788	1	140.78	140.78	0.1716	
1789	1	140.93	140.93	0.0651	
1790	1	140.99	140.99	0.0099	
1791	1	140.99	140.99	0.0099	
1792	1	141.01	141.01	0.0099	
1793	1	141.01	141.01	0.0099	
1794	1	141.01	141.01	0.0099	
1795	1	141.01	141.01	0.0099	
1796	1	141.01	141.01	0.0099	
1797	1	141.01	141.01	0.0099	
1798	1	141.15	141.15	0.1275	
1799	1	141.59	141.59	0.2419	
1800	1	141.66	141.66	0.2244	
1801	1	141.92	141.92	0.0736	
1802	1	141.91	141.91	0.0819	
1803	1	142.09	142.09	0.0819	
1804	1	142	142	0	
1805	1	142	142	0	
1806	1	142	142	0	
1807	1	142	142	0	
1808	1	142.01	142.01	0.0099	
1809	1	142.01	142.01	0.0099	
1810	1	142.01	142.01	0.0099	
1811	1	142.01	142.01	0.0099	
1812	1	142.14	142.14	0.1204	
1813	1	142.57	142.57	0.2851	
1814	1	142.75	142.75	0.2475	
1815	1	142.73	142.73	0.3571	
1816	1	143.37	143.37	0.2331	
1817	1	143.4	143.4	0.24	
1818	1	143.74	143.74	0.3724	
1819	1	143.96	143.96	0.1584	
1820	1	144.25	144.25	0.3275	
1821	1	144.89	144.89	0.0979	
1822	1	144.99	144.99	0.0099	
1823	1	144.99	144.99	0.0099	
1824	1	145.01	145.01	0.0099	
1825	1	145.01	145.01	0.0099	
1826	1	145.02	145.02	0.0196	
1827	1	145.15	145.15	0.1275	
1828	1	145.61	145.61	0.2979	
1829	1	145.88	145.88	0.5456	
1830	1	146.3	146.3	0.85	
1831	1	146.97	146.97	0.0891	
1832	1	147.4	147.4	0.24	
1833	1	147.82	147.82	0.1476	
1834	1	147.99	147.99	0.0499	
1835	1	148.01	148.01	0.0099	
1836	1	148.01	148.01	0.0099	
1837	1	148.01	148.01	0.0099	
1838	1	148.01	148.01	0.0099	
1839	1	148.08	148.08	0.0736	
1840	1	148.35	148.35	0.2275	
1841	1	148.64	148.64	0.2304	
1842	1	148.94	148.94	0.0564	
1843	1	148.99	148.99	0.0099	
1844	1	148.99	148.99	0.0099	
1845	1	148.99	148.99	0.0099	
1846	1	148.99	148.99	0.0099	
1847	1	148.99	148.99	0.0099	
1848	1	149.01	149.01	0.0099	
1849	1	149.01	149.01	0.0099	
1850	1	149.01	149.01	0.0099	
1851	1	149.25	149.25	0.1875	
1852	1	149.11	149.11	0.0979	
1853	1	149.21	149.21	0.1659	
1854	1	149.19	149.19	0.1539	
1855	1	149.09	149.09	0.0819	
1856	1	149.31	149.31	0.2139	
1857	1	149.77	149.77	0.1771	
1858	1	149.91	149.91	0.0819	
1859	1	149.89	149.89	0.0979	
1860	1	149.88	149.88	0.1056	
1861	1	149.99	149.99	0.0099	
1862	1	150.01	150.01	0.0099	
1863	1	150.01	150.01	0.0099	
1864	1	150.01	150.01	0.0099	
1865	1	150.01	150.01	0.0099	
1866	1	150.01	150.01	0.0099	
1867	1	150.01	150.01	0.0099	
1868	1	150.01	150.01	0.0099	
1869	1	150.01	150.01	0.0099	
1870	1	150.01	150.01	0.0099	
1871	1	150.01	150.01	0.0099	
1872	1	150.01	150.01	0.0099	
1873	1	150.01	150.01	0.0099	
1874	1	150.01	150.01	0.0099	
1875	1	150.03	150.03	0.0291	
1876	1	150.01	150.01	0.0099	
1877	1	150.01	150.01	0.0099	
1878	1	150.01	150.01	0.0099	
1879	1	150.01	150.01	0.0099	
1880	1	150.39	150.39	0.5979	
1881	1	151.05	151.05	0.9875	
1882	1	151.82	151.82	0.3276	
1883	1	151.98	151.98	0.0396	
1884	1	151.98	151.98	0.0396	
1885	1	151.98	151.98	0.0396	
1886	1	152.01	152.01	0.0099	
1887	1	152.01	152.01	0.0099	
1888	1	152.01	152.01	0.0099	
1889	1	152.01	152.01	0.0099	
1890	1	152.01	152.01	0.0099	
1891	1	152.15	152.15	0.1275	
1892	1	152.01	152.01	0.0099	
1893	1	152.01	152.01	0.0099	
1894	1	152.01	152.01	0.0099	
1895	1	152.01	152.01	0.0099	
1896	1	152.06	152.06	0.0564	
1897	1	152.1	152.1	0.09	
1898	1	152.21	152.21	0.1659	
1899	1	152.25	152.25	0.1875	
1900	1	152.84	152.84	0.1344	
1901	1	152.96	152.96	0.1184	
1902	1	153.04	153.04	0.0384	
1903	1	153.25	153.25	0.1875	
1904	1	153.26	153.26	0.1924	
1905	1	153.76	153.76	0.2024	
1906	1	153.57	153.57	0.2451	
1907	1	153.84	153.84	0.1344	
1908	1	153.94	153.94	0.0564	
1909	1	153.94	153.94	0.0564	
1910	1	153.99	153.99	0.0099	
1911	1	153.99	153.99	0.0099	
1912	1	153.99	153.99	0.0099	
1913	1	153.99	153.99	0.0099	
1914	1	154.01	154.01	0.0099	
1915	1	154.01	154.01	0.0099	
1916	1	154.01	154.01	0.0099	
1917	1	154.01	154.01	0.0099	
1918	1	154.01	154.01	0.0099	
1919	1	154.01	154.01	0.0099	
1920	1	154.01	154.01	0.0099	
1921	1	154.01	154.01	0.0099	
1922	1	154.01	154.01	0.0099	
1923	1	154.01	154.01	0.0099	
1924	1	154.01	154.01	0.0099	
1925	1	154.01	154.01	0.0099	
1926	1	154.01	154.01	0.0099	
1927	1	154.01	154.01	0.0099	
1928	1	154.01	154.01	0.0099	
1929	1	154.31	154.31	0.2139	
1930	1	154.01	154.01	0.0099	
1931	1	154.05	154.05	0.0475	
1932	1	154.01	154.01	0.0099	
1933	1	154.01	154.01	0.0099	
1934	1	154.01	154.01	0.0099	
1935	1	154.01	154.01	0.0099	
1936	1	154.01	154.01	0.0099	
1937	1	154.01	154.01	0.0099	
1938	1	154.01	154.01	0.0099	
1939	1	154.01	154.01	0.0099	
1940	1	154.16	154.16	0.1344	
1941	1	154.65	154.65	0.2275	
1942	1	154.9	154.9	0.09	
1943	1	154.99	154.99	0.0099	
1944	1	154.99	154.99	0.0099	
1945	1	155.01	155.01	0.0099	
1946	1	155.01	155.01	0.0099	
1947	1	155.01	155.01	0.0099	
1948	1	155.01	155.01	0.0099	
1949	1	155.01	155.01	0.0099	
1950	1	155.01	155.01	0.0099	
1951	1	155.01	155.01	0.0099	
1952	1	155.01	155.01	0.0099	
1953	1	155.04	155.04	0.0384	
1954	1	155.03	155.03	0.0291	
1955	1	155.59	155.59	0.2419	
1956	1	155.75	155.75	0.2275	
1957	1	156.03	156.03	0.2491	
1958	1	155.99	155.99	0.0099	
1959	1	156.01	156.01	0.0099	
1960	1	156.1	156.1	0.09	
1961	1	156.53	156.53	0.4891	
1962	1	156.78	156.78	0.7916	
1963	1	157.64	157.64	0.5904	
1964	1	157.98	157.98	0.0396	
1965	1	158.01	158.01	0.0099	
1966	1	158.01	158.01	0.0099	
1967	1	158.13	158.13	0.1131	
1968	1	158.01	158.01	0.0099	
1969	1	158.01	158.01	0.0099	
1970	1	158.01	158.01	0.0099	
1971	1	158.01	158.01	0.0099	
1972	1	158.01	158.01	0.0099	
1973	1	158.01	158.01	0.0099	
1974	1	158.31	158.31	0.2139	
1975	1	158.61	158.61	0.2379	
1976	1	158.73	158.73	0.1971	
1977	1	159.11	159.11	0.5579	
1978	1	159.21	159.21	0.6059	
1979	1	159.81	159.81	0.1539	
1980	1	160.01	160.01	0.0099	
1981	1	160.01	160.01	0.0099	
1982	1	160.15	160.15	0.1275	
1983	1	160.62	160.62	0.2356	
1984	1	160.89	160.89	0.0979	
1985	1	161.45	161.45	0.4075	
1986	1	161.54	161.54	0.2684	
1987	1	161.98	161.98	0.1996	
1988	1	162.03	162.03	0.1891	
1989	1	161.96	161.96	0.0384	
1990	1	162.01	162.01	0.0099	
1991	1	162.05	162.05	0.0475	
1992	1	162.06	162.06	0.0564	
1993	1	162.17	162.17	0.1411	
1994	1	162.38	162.38	0.2356	
1995	1	162.77	162.77	0.2171	
1996	1	162.57	162.57	0.2451	
1997	1	162.83	162.83	0.2211	
1998	1	162.99	162.99	0.0099	
1999	1	163.01	163.01	0.0099	
2000	1	163.01	163.01	0.0099	
