# mu = 0.01, s = -0.01, trials requested = 1, runtime = 0:00:01
# "Time"	"Actual trials"	"Mean mutation"	"Average mean mutation"	"Average mutation variance"
0	1	0	0	0	
1	1	0	0	0	
2	1	0.01	0.01	0.0099	
3	1	0.08	0.08	0.0736	
4	1	0.08	0.08	0.0736	
5	1	0.05	0.05	0.0475	
6	1	0.08	0.08	0.0736	
7	1	0.05	0.05	0.0475	
8	1	0.04	0.04	0.0384	
9	1	0.1	0.1	0.09	
10	1	0.08	0.08	0.0736	
11	1	0.14	0.14	0.1204	
12	1	0.16	0.16	0.1344	
13	1	0.24	0.24	0.1824	
14	1	0.2	0.2	0.16	
15	1	0.18	0.18	0.1476	
16	1	0.16	0.16	0.1344	
17	1	0.12	0.12	0.1056	
18	1	0.14	0.14	0.1204	
19	1	0.17	0.17	0.1411	
20	1	0.23	0.23	0.1771	
21	1	0.24	0.24	0.2024	
22	1	0.17	0.17	0.1811	
23	1	0.14	0.14	0.1604	
24	1	0.09	0.09	0.0819	
25	1	0.11	0.11	0.1179	
26	1	0.13	0.13	0.1131	
27	1	0.17	0.17	0.1411	
28	1	0.25	0.25	0.1875	
29	1	0.29	0.29	0.2059	
30	1	0.29	0.29	0.2059	
31	1	0.18	0.18	0.1476	
32	1	0.19	0.19	0.1539	
33	1	0.12	0.12	0.1056	
34	1	0.18	0.18	0.1476	
35	1	0.17	0.17	0.1611	
36	1	0.19	0.19	0.2139	
37	1	0.11	0.11	0.0979	
38	1	0.25	0.25	0.1875	
39	1	0.15	0.15	0.1275	
40	1	0.2	0.2	0.16	
41	1	0.1	0.1	0.09	
42	1	0.07	0.07	0.0651	
43	1	0.09	0.09	0.0819	
44	1	0.06	0.06	0.0564	
45	1	0.06	0.06	0.0564	
46	1	0.04	0.04	0.0384	
47	1	0.09	0.09	0.0819	
48	1	0.07	0.07	0.0651	
49	1	0.1	0.1	0.09	
50	1	0.12	0.12	0.1056	
51	1	0.21	0.21	0.1659	
52	1	0.24	0.24	0.1824	
53	1	0.18	0.18	0.1476	
54	1	0.13	0.13	0.1131	
55	1	0.17	0.17	0.1611	
56	1	0.07	0.07	0.0651	
57	1	0.02	0.02	0.0196	
58	1	0.04	0.04	0.0384	
59	1	0.03	0.03	0.0291	
60	1	0.06	0.06	0.0564	
61	1	0.11	0.11	0.0979	
62	1	0.12	0.12	0.1056	
63	1	0.14	0.14	0.1204	
64	1	0.14	0.14	0.1204	
65	1	0.25	0.25	0.1875	
66	1	0.21	0.21	0.1659	
67	1	0.2	0.2	0.18	
68	1	0.3	0.3	0.25	
69	1	0.35	0.35	0.2475	
70	1	0.43	0.43	0.2451	
71	1	0.54	0.54	0.2484	
72	1	0.6	0.6	0.24	
73	1	0.64	0.64	0.2304	
74	1	0.69	0.69	0.3339	
75	1	0.66	0.66	0.3044	
76	1	0.63	0.63	0.3131	
77	1	0.59	0.59	0.2619	
78	1	0.62	0.62	0.2556	
79	1	0.68	0.68	0.2576	
80	1	0.64	0.64	0.2904	
81	1	0.7	0.7	0.29	
82	1	0.78	0.78	0.2316	
83	1	0.78	0.78	0.1916	
84	1	0.95	0.95	0.2675	
85	1	0.96	0.96	0.3384	
86	1	0.93	0.93	0.2451	
87	1	0.98	0.98	0.1796	
88	1	0.88	0.88	0.2856	
89	1	0.81	0.81	0.3339	
90	1	0.72	0.72	0.3016	
91	1	0.71	0.71	0.2259	
92	1	0.65	0.65	0.2275	
93	1	0.59	0.59	0.2419	
94	1	0.56	0.56	0.2464	
95	1	0.52	0.52	0.2496	
96	1	0.57	0.57	0.2451	
97	1	0.54	0.54	0.2484	
98	1	0.57	0.57	0.2651	
99	1	0.62	0.62	0.2556	
100	1	0.72	0.72	0.2816	
101	1	0.74	0.74	0.1924	
102	1	0.75	0.75	0.2075	
103	1	0.82	0.82	0.2076	
104	1	0.7	0.7	0.27	
105	1	0.65	0.65	0.2475	
106	1	0.54	0.54	0.3084	
107	1	0.46	0.46	0.2884	
108	1	0.47	0.47	0.2491	
109	1	0.59	0.59	0.2419	
110	1	0.59	0.59	0.2619	
111	1	0.58	0.58	0.2436	
112	1	0.52	0.52	0.2496	
113	1	0.49	0.49	0.2499	
114	1	0.54	0.54	0.2684	
115	1	0.54	0.54	0.2884	
116	1	0.51	0.51	0.2699	
117	1	0.51	0.51	0.2499	
118	1	0.44	0.44	0.2464	
119	1	0.55	0.55	0.2875	
120	1	0.64	0.64	0.3904	
121	1	0.74	0.74	0.4724	
122	1	0.65	0.65	0.4275	
123	1	0.66	0.66	0.3644	
124	1	0.53	0.53	0.3691	
125	1	0.44	0.44	0.3664	
126	1	0.26	0.26	0.2124	
127	1	0.36	0.36	0.2304	
128	1	0.38	0.38	0.2356	
129	1	0.37	0.37	0.2331	
130	1	0.33	0.33	0.2411	
131	1	0.31	0.31	0.2139	
132	1	0.34	0.34	0.2244	
133	1	0.25	0.25	0.1875	
134	1	0.16	0.16	0.1344	
135	1	0.21	0.21	0.1659	
136	1	0.26	0.26	0.2324	
137	1	0.2	0.2	0.2	
138	1	0.21	0.21	0.1859	
139	1	0.13	0.13	0.1131	
140	1	0.1	0.1	0.09	
141	1	0.09	0.09	0.0819	
142	1	0.05	0.05	0.0475	
143	1	0.1	0.1	0.09	
144	1	0.09	0.09	0.0819	
145	1	0.08	0.08	0.0736	
146	1	0.09	0.09	0.0819	
147	1	0.05	0.05	0.0475	
148	1	0.09	0.09	0.0819	
149	1	0.08	0.08	0.0736	
150	1	0.08	0.08	0.0736	
151	1	0.17	0.17	0.1411	
152	1	0.17	0.17	0.1411	
153	1	0.19	0.19	0.1939	
154	1	0.23	0.23	0.2171	
155	1	0.16	0.16	0.1544	
156	1	0.12	0.12	0.1056	
157	1	0.1	0.1	0.09	
158	1	0.09	0.09	0.0819	
159	1	0.1	0.1	0.09	
160	1	0.13	0.13	0.1131	
161	1	0.19	0.19	0.2139	
162	1	0.2	0.2	0.2	
163	1	0.26	0.26	0.2324	
164	1	0.24	0.24	0.2224	
165	1	0.36	0.36	0.3904	
166	1	0.44	0.44	0.5264	
167	1	0.33	0.33	0.4211	
168	1	0.43	0.43	0.5051	
169	1	0.34	0.34	0.3844	
170	1	0.21	0.21	0.2459	
171	1	0.15	0.15	0.2075	
172	1	0.11	0.11	0.1379	
173	1	0.17	0.17	0.2011	
174	1	0.3	0.3	0.27	
175	1	0.38	0.38	0.2556	
176	1	0.47	0.47	0.2891	
177	1	0.43	0.43	0.3251	
178	1	0.28	0.28	0.2416	
179	1	0.37	0.37	0.3131	
180	1	0.48	0.48	0.4696	
181	1	0.44	0.44	0.3664	
182	1	0.55	0.55	0.3875	
183	1	0.56	0.56	0.4064	
184	1	0.54	0.54	0.3484	
185	1	0.59	0.59	0.3419	
186	1	0.55	0.55	0.2675	
187	1	0.58	0.58	0.2436	
188	1	0.6	0.6	0.26	
189	1	0.69	0.69	0.2339	
190	1	0.62	0.62	0.2356	
191	1	0.58	0.58	0.2636	
192	1	0.55	0.55	0.2675	
193	1	0.55	0.55	0.3275	
194	1	0.37	0.37	0.2931	
195	1	0.3	0.3	0.21	
196	1	0.25	0.25	0.1875	
197	1	0.22	0.22	0.1716	
198	1	0.26	0.26	0.1924	
199	1	0.33	0.33	0.2411	
200	1	0.38	0.38	0.2356	
201	1	0.2	0.2	0.16	
202	1	0.19	0.19	0.1539	
203	1	0.17	0.17	0.1411	
204	1	0.17	0.17	0.1411	
205	1	0.25	0.25	0.2275	
206	1	0.17	0.17	0.1411	
207	1	0.18	0.18	0.1676	
208	1	0.24	0.24	0.2624	
209	1	0.27	0.27	0.2171	
210	1	0.13	0.13	0.1131	
211	1	0.09	0.09	0.0819	
212	1	0.1	0.1	0.09	
213	1	0.14	0.14	0.1604	
214	1	0.12	0.12	0.1256	
215	1	0.14	0.14	0.1404	
216	1	0.22	0.22	0.1916	
217	1	0.31	0.31	0.2539	
218	1	0.16	0.16	0.1344	
219	1	0.26	0.26	0.1924	
220	1	0.29	0.29	0.2059	
221	1	0.18	0.18	0.1676	
222	1	0.17	0.17	0.1611	
223	1	0.28	0.28	0.3216	
224	1	0.46	0.46	0.5284	
225	1	0.37	0.37	0.3531	
226	1	0.28	0.28	0.3416	
227	1	0.28	0.28	0.2616	
228	1	0.22	0.22	0.1916	
229	1	0.26	0.26	0.1924	
230	1	0.21	0.21	0.1659	
231	1	0.3	0.3	0.21	
232	1	0.38	0.38	0.2556	
233	1	0.38	0.38	0.2556	
234	1	0.42	0.42	0.2436	
235	1	0.5	0.5	0.25	
236	1	0.47	0.47	0.2491	
237	1	0.41	0.41	0.2419	
238	1	0.33	0.33	0.2211	
239	1	0.31	0.31	0.2139	
240	1	0.31	0.31	0.2139	
241	1	0.24	0.24	0.2024	
242	1	0.23	0.23	0.1771	
243	1	0.21	0.21	0.1659	
244	1	0.33	0.33	0.2211	
245	1	0.47	0.47	0.2491	
246	1	0.52	0.52	0.2896	
247	1	0.48	0.48	0.3296	
248	1	0.55	0.55	0.2675	
249	1	0.46	0.46	0.2684	
250	1	0.52	0.52	0.2696	
251	1	0.5	0.5	0.31	
252	1	0.54	0.54	0.3484	
253	1	0.53	0.53	0.3691	
254	1	0.56	0.56	0.4064	
255	1	0.53	0.53	0.4491	
256	1	0.68	0.68	0.5776	
257	1	0.67	0.67	0.6011	
258	1	0.8	0.8	0.64	
259	1	0.79	0.79	0.6259	
260	1	0.62	0.62	0.5556	
261	1	0.76	0.76	0.5024	
262	1	0.86	0.86	0.4804	
263	1	0.83	0.83	0.4611	
264	1	0.91	0.91	0.4819	
265	1	0.85	0.85	0.4275	
266	1	1.01	1.01	0.3899	
267	1	0.85	0.85	0.4875	
268	1	0.66	0.66	0.4844	
269	1	0.76	0.76	0.4824	
270	1	0.76	0.76	0.5024	
271	1	0.91	0.91	0.6019	
272	1	0.89	0.89	0.5379	
273	1	1.1	1.1	0.55	
274	1	1.02	1.02	0.6196	
275	1	1.03	1.03	0.6091	
276	1	1.02	1.02	0.6396	
277	1	0.94	0.94	0.6564	
278	1	0.82	0.82	0.6876	
279	1	1.03	1.03	0.7691	
280	1	1.08	1.08	0.7536	
281	1	1.14	1.14	0.8204	
282	1	1.04	1.04	0.8784	
283	1	1	1	0.9	
284	1	0.83	0.83	0.7811	
285	1	0.72	0.72	0.8416	
286	1	0.5	0.5	0.61	
287	1	0.62	0.62	0.7556	
288	1	0.41	0.41	0.5419	
289	1	0.58	0.58	0.7436	
290	1	0.44	0.44	0.6264	
291	1	0.42	0.42	0.6036	
292	1	0.38	0.38	0.5556	
293	1	0.45	0.45	0.6475	
294	1	0.45	0.45	0.6475	
295	1	0.38	0.38	0.4956	
296	1	0.4	0.4	0.48	
297	1	0.28	0.28	0.3616	
298	1	0.25	0.25	0.2475	
299	1	0.36	0.36	0.4104	
300	1	0.31	0.31	0.3939	
301	1	0.41	0.41	0.4219	
302	1	0.44	0.44	0.4664	
303	1	0.49	0.49	0.5099	
304	1	0.37	0.37	0.4331	
305	1	0.37	0.37	0.4531	
306	1	0.31	0.31	0.3939	
307	1	0.28	0.28	0.4216	
308	1	0.33	0.33	0.3811	
309	1	0.23	0.23	0.2571	
310	1	0.18	0.18	0.2476	
311	1	0.22	0.22	0.2916	
312	1	0.42	0.42	0.3636	
313	1	0.5	0.5	0.43	
314	1	0.33	0.33	0.3211	
315	1	0.29	0.29	0.3459	
316	1	0.26	0.26	0.3324	
317	1	0.34	0.34	0.6844	
318	1	0.46	0.46	1.2084	
319	1	0.73	0.73	1.5171	
320	1	0.94	0.94	1.7564	
321	1	0.92	0.92	1.7936	
322	1	1.05	1.05	2.2675	
323	1	0.81	0.81	1.6339	
324	1	0.67	0.67	1.2611	
325	1	0.66	0.66	1.1244	
326	1	0.49	0.49	0.8899	
327	1	0.53	0.53	1.0091	
328	1	0.59	0.59	1.1019	
329	1	0.81	0.81	1.4139	
330	1	0.87	0.87	1.4731	
331	1	1.04	1.04	2.2784	
332	1	1.08	1.08	2.3736	
333	1	0.87	0.87	1.9131	
334	1	0.89	0.89	2.1779	
335	1	0.75	0.75	1.8275	
336	1	0.55	0.55	1.1675	
337	1	0.36	0.36	0.4704	
338	1	0.33	0.33	0.2211	
339	1	0.36	0.36	0.2704	
340	1	0.25	0.25	0.2075	
341	1	0.2	0.2	0.16	
342	1	0.19	0.19	0.1539	
343	1	0.23	0.23	0.1771	
344	1	0.32	0.32	0.2176	
345	1	0.34	0.34	0.2244	
346	1	0.33	0.33	0.2211	
347	1	0.45	0.45	0.2475	
348	1	0.47	0.47	0.2491	
349	1	0.39	0.39	0.2379	
350	1	0.32	0.32	0.2176	
351	1	0.32	0.32	0.2176	
352	1	0.36	0.36	0.2304	
353	1	0.29	0.29	0.2059	
354	1	0.22	0.22	0.1716	
355	1	0.29	0.29	0.2459	
356	1	0.44	0.44	0.3864	
357	1	0.5	0.5	0.41	
358	1	0.69	0.69	0.4739	
359	1	0.54	0.54	0.4684	
360	1	0.55	0.55	0.4475	
361	1	0.68	0.68	0.5576	
362	1	0.69	0.69	0.5739	
363	1	0.55	0.55	0.5075	
364	1	0.54	0.54	0.4884	
365	1	0.36	0.36	0.3304	
366	1	0.38	0.38	0.3756	
367	1	0.34	0.34	0.3044	
368	1	0.35	0.35	0.2875	
369	1	0.37	0.37	0.2531	
370	1	0.54	0.54	0.3084	
371	1	0.53	0.53	0.3291	
372	1	0.56	0.56	0.3464	
373	1	0.49	0.49	0.2899	
374	1	0.54	0.54	0.2884	
375	1	0.51	0.51	0.2699	
376	1	0.48	0.48	0.2496	
377	1	0.56	0.56	0.2464	
378	1	0.67	0.67	0.2211	
379	1	0.69	0.69	0.2139	
380	1	0.73	0.73	0.1971	
381	1	0.82	0.82	0.1476	
382	1	0.67	0.67	0.2211	
383	1	0.75	0.75	0.3875	
384	1	0.88	0.88	0.4056	
385	1	0.82	0.82	0.2876	
386	1	0.79	0.79	0.1859	
387	1	0.88	0.88	0.1256	
388	1	0.86	0.86	0.1404	
389	1	0.95	0.95	0.1275	
390	1	0.8	0.8	0.22	
391	1	0.76	0.76	0.2624	
392	1	0.74	0.74	0.2524	
393	1	0.75	0.75	0.2475	
394	1	0.71	0.71	0.2259	
395	1	0.74	0.74	0.1924	
396	1	0.84	0.84	0.1544	
397	1	0.89	0.89	0.0979	
398	1	0.91	0.91	0.0819	
399	1	0.96	0.96	0.0584	
400	1	0.96	0.96	0.0384	
401	1	1	1	0.02	
402	1	1.03	1.03	0.0291	
403	1	1.04	1.04	0.0384	
404	1	1.07	1.07	0.0651	
405	1	1.08	1.08	0.0736	
406	1	1.06	1.06	0.0564	
407	1	1.07	1.07	0.0651	
408	1	1.08	1.08	0.0736	
409	1	1.09	1.09	0.0819	
410	1	1.08	1.08	0.0736	
411	1	1.16	1.16	0.1344	
412	1	1.14	1.14	0.1204	
413	1	1.14	1.14	0.1404	
414	1	1.05	1.05	0.0475	
415	1	1.06	1.06	0.0564	
416	1	1.1	1.1	0.09	
417	1	1.06	1.06	0.0564	
418	1	1.01	1.01	0.0099	
419	1	1.03	1.03	0.0291	
420	1	1.05	1.05	0.0475	
421	1	1.01	1.01	0.0099	
422	1	1.01	1.01	0.0099	
423	1	1.05	1.05	0.0475	
424	1	1.04	1.04	0.0384	
425	1	1.08	1.08	0.0736	
426	1	1.13	1.13	0.1131	
427	1	1.1	1.1	0.09	
428	1	1.1	1.1	0.09	
429	1	1.14	1.14	0.1204	
430	1	1.23	1.23	0.1971	
431	1	1.32	1.32	0.2576	
432	1	1.42	1.42	0.3636	
433	1	1.58	1.58	0.3636	
434	1	1.69	1.69	0.3339	
435	1	1.6	1.6	0.32	
436	1	1.57	1.57	0.3851	
437	1	1.69	1.69	0.4939	
438	1	1.71	1.71	0.4259	
439	1	1.62	1.62	0.4356	
440	1	1.58	1.58	0.4036	
441	1	1.46	1.46	0.3884	
442	1	1.49	1.49	0.3299	
443	1	1.39	1.39	0.2579	
444	1	1.36	1.36	0.2504	
445	1	1.35	1.35	0.2275	
446	1	1.51	1.51	0.2499	
447	1	1.54	1.54	0.2484	
448	1	1.6	1.6	0.28	
449	1	1.63	1.63	0.3531	
450	1	1.73	1.73	0.4771	
451	1	1.72	1.72	0.4016	
452	1	1.56	1.56	0.3064	
453	1	1.51	1.51	0.2499	
454	1	1.41	1.41	0.2419	
455	1	1.38	1.38	0.2356	
456	1	1.34	1.34	0.2244	
457	1	1.3	1.3	0.21	
458	1	1.19	1.19	0.1539	
459	1	1.14	1.14	0.1204	
460	1	1.19	1.19	0.1539	
461	1	1.16	1.16	0.1344	
462	1	1.16	1.16	0.1344	
463	1	1.02	1.02	0.0196	
464	1	1.01	1.01	0.0099	
465	1	1.1	1.1	0.09	
466	1	1.16	1.16	0.1344	
467	1	1.19	1.19	0.1539	
468	1	1.13	1.13	0.1331	
469	1	1.11	1.11	0.1179	
470	1	1.07	1.07	0.0651	
471	1	1.09	1.09	0.0819	
472	1	1.12	1.12	0.1056	
473	1	1.11	1.11	0.0979	
474	1	1.18	1.18	0.2076	
475	1	1.21	1.21	0.2659	
476	1	1.24	1.24	0.2824	
477	1	1.27	1.27	0.3371	
478	1	1.29	1.29	0.4059	
479	1	1.3	1.3	0.41	
480	1	1.28	1.28	0.4016	
481	1	1.25	1.25	0.3275	
482	1	1.17	1.17	0.2211	
483	1	1.19	1.19	0.2139	
484	1	1.21	1.21	0.1859	
485	1	1.28	1.28	0.2216	
486	1	1.33	1.33	0.2211	
487	1	1.33	1.33	0.2411	
488	1	1.26	1.26	0.1924	
489	1	1.21	1.21	0.1659	
490	1	1.18	1.18	0.1476	
491	1	1.2	1.2	0.16	
492	1	1.15	1.15	0.1475	
493	1	1.07	1.07	0.0651	
494	1	1.12	1.12	0.1256	
495	1	1.15	1.15	0.1475	
496	1	1.08	1.08	0.0736	
497	1	1.09	1.09	0.0819	
498	1	1.13	1.13	0.1131	
499	1	1.16	1.16	0.1344	
500	1	1.21	1.21	0.1659	
501	1	1.25	1.25	0.1875	
502	1	1.19	1.19	0.1539	
503	1	1.1	1.1	0.09	
504	1	1.09	1.09	0.0819	
505	1	1.11	1.11	0.0979	
506	1	1.2	1.2	0.16	
507	1	1.22	1.22	0.1716	
508	1	1.28	1.28	0.2016	
509	1	1.32	1.32	0.2576	
510	1	1.33	1.33	0.3211	
511	1	1.33	1.33	0.2811	
512	1	1.24	1.24	0.2024	
513	1	1.18	1.18	0.1876	
514	1	1.18	1.18	0.2276	
515	1	1.17	1.17	0.2011	
516	1	1.11	1.11	0.1179	
517	1	1.08	1.08	0.0736	
518	1	1.08	1.08	0.0736	
519	1	1.07	1.07	0.0651	
520	1	1.12	1.12	0.1056	
521	1	1.05	1.05	0.0475	
522	1	1.05	1.05	0.0475	
523	1	1.01	1.01	0.0099	
524	1	1.01	1.01	0.0099	
525	1	1.01	1.01	0.0099	
526	1	1.02	1.02	0.0196	
527	1	1.05	1.05	0.0475	
528	1	1.02	1.02	0.0196	
529	1	1.01	1.01	0.0099	
530	1	1.02	1.02	0.0196	
531	1	1.07	1.07	0.0651	
532	1	1.06	1.06	0.0764	
533	1	1.01	1.01	0.0099	
534	1	1.01	1.01	0.0099	
535	1	1.01	1.01	0.0099	
536	1	1.01	1.01	0.0099	
537	1	1.01	1.01	0.0099	
538	1	1	1	0	
539	1	1.01	1.01	0.0099	
540	1	1.01	1.01	0.0099	
541	1	1.01	1.01	0.0099	
542	1	1.01	1.01	0.0099	
543	1	1.03	1.03	0.0291	
544	1	1.02	1.02	0.0196	
545	1	1.03	1.03	0.0291	
546	1	1.01	1.01	0.0099	
547	1	1.01	1.01	0.0099	
548	1	1.01	1.01	0.0099	
549	1	1.01	1.01	0.0099	
550	1	1.01	1.01	0.0099	
551	1	1.04	1.04	0.0384	
552	1	1.04	1.04	0.0384	
553	1	1.01	1.01	0.0099	
554	1	1.02	1.02	0.0196	
555	1	1.01	1.01	0.0099	
556	1	1.01	1.01	0.0099	
557	1	1.03	1.03	0.0291	
558	1	1.04	1.04	0.0384	
559	1	1.03	1.03	0.0291	
560	1	1.01	1.01	0.0099	
561	1	1.03	1.03	0.0291	
562	1	1.01	1.01	0.0099	
563	1	1.02	1.02	0.0196	
564	1	1.01	1.01	0.0099	
565	1	1.1	1.1	0.09	
566	1	1.11	1.11	0.0979	
567	1	1.11	1.11	0.0979	
568	1	1.08	1.08	0.0736	
569	1	1.03	1.03	0.0291	
570	1	1.04	1.04	0.0384	
571	1	1.03	1.03	0.0291	
572	1	1.01	1.01	0.0099	
573	1	1.01	1.01	0.0099	
574	1	1.01	1.01	0.0099	
575	1	1.01	1.01	0.0099	
576	1	1.01	1.01	0.0099	
577	1	1.03	1.03	0.0291	
578	1	1.02	1.02	0.0196	
579	1	1.07	1.07	0.0651	
580	1	1.13	1.13	0.1531	
581	1	1.13	1.13	0.1131	
582	1	1.07	1.07	0.0651	
583	1	1.08	1.08	0.0736	
584	1	1.11	1.11	0.0979	
585	1	1.1	1.1	0.09	
586	1	1.2	1.2	0.16	
587	1	1.25	1.25	0.1875	
588	1	1.27	1.27	0.1971	
589	1	1.4	1.4	0.24	
590	1	1.36	1.36	0.2304	
591	1	1.37	1.37	0.2331	
592	1	1.43	1.43	0.2451	
593	1	1.51	1.51	0.2499	
594	1	1.48	1.48	0.2496	
595	1	1.42	1.42	0.2436	
596	1	1.5	1.5	0.25	
597	1	1.59	1.59	0.2619	
598	1	1.57	1.57	0.3451	
599	1	1.58	1.58	0.3236	
600	1	1.57	1.57	0.3651	
601	1	1.65	1.65	0.3675	
602	1	1.77	1.77	0.2971	
603	1	1.71	1.71	0.4059	
604	1	1.67	1.67	0.4611	
605	1	1.64	1.64	0.2704	
606	1	1.47	1.47	0.2491	
607	1	1.38	1.38	0.2356	
608	1	1.45	1.45	0.2475	
609	1	1.42	1.42	0.2436	
610	1	1.43	1.43	0.3051	
611	1	1.45	1.45	0.2475	
612	1	1.52	1.52	0.2496	
613	1	1.6	1.6	0.24	
614	1	1.64	1.64	0.2504	
615	1	1.65	1.65	0.2475	
616	1	1.67	1.67	0.2411	
617	1	1.82	1.82	0.2876	
618	1	1.74	1.74	0.2324	
619	1	1.88	1.88	0.1656	
620	1	1.92	1.92	0.1136	
621	1	1.99	1.99	0.1899	
622	1	2.05	2.05	0.2075	
623	1	2.01	2.01	0.1499	
624	1	2.04	2.04	0.2384	
625	1	2.06	2.06	0.2564	
626	1	2.08	2.08	0.2936	
627	1	2.05	2.05	0.3075	
628	1	2.05	2.05	0.3675	
629	1	2.1	2.1	0.27	
630	1	2.22	2.22	0.2916	
631	1	2.27	2.27	0.2971	
632	1	2.33	2.33	0.3011	
633	1	2.21	2.21	0.2059	
634	1	2.19	2.19	0.1539	
635	1	2.3	2.3	0.23	
636	1	2.31	2.31	0.2739	
637	1	2.3	2.3	0.21	
638	1	2.36	2.36	0.2304	
639	1	2.45	2.45	0.2875	
640	1	2.39	2.39	0.2779	
641	1	2.53	2.53	0.3691	
642	1	2.53	2.53	0.2491	
643	1	2.45	2.45	0.2475	
644	1	2.37	2.37	0.2331	
645	1	2.46	2.46	0.2484	
646	1	2.49	2.49	0.2499	
647	1	2.64	2.64	0.2904	
648	1	2.65	2.65	0.2875	
649	1	2.69	2.69	0.2539	
650	1	2.75	2.75	0.2275	
651	1	2.79	2.79	0.2059	
652	1	2.84	2.84	0.2144	
653	1	2.78	2.78	0.2116	
654	1	2.83	2.83	0.1811	
655	1	2.67	2.67	0.2411	
656	1	2.67	2.67	0.2811	
657	1	2.85	2.85	0.2675	
658	1	2.97	2.97	0.2891	
659	1	2.99	2.99	0.2499	
660	1	3.11	3.11	0.3579	
661	1	3.18	3.18	0.2876	
662	1	3.22	3.22	0.3116	
663	1	3.17	3.17	0.4011	
664	1	3.05	3.05	0.4875	
665	1	3.25	3.25	0.4875	
666	1	3.16	3.16	0.2344	
667	1	3.09	3.09	0.2219	
668	1	3.19	3.19	0.2939	
669	1	3.22	3.22	0.3116	
670	1	3.13	3.13	0.2731	
671	1	3.12	3.12	0.3456	
672	1	3.15	3.15	0.3275	
673	1	3.22	3.22	0.1916	
674	1	3.16	3.16	0.1344	
675	1	3.08	3.08	0.0736	
676	1	3.16	3.16	0.1344	
677	1	3.12	3.12	0.1056	
678	1	3.05	3.05	0.0475	
679	1	3.04	3.04	0.0384	
680	1	3.08	3.08	0.0936	
681	1	3.05	3.05	0.0475	
682	1	3.06	3.06	0.0564	
683	1	3.1	3.1	0.09	
684	1	3.06	3.06	0.0564	
685	1	3.07	3.07	0.0651	
686	1	3.11	3.11	0.0979	
687	1	3.08	3.08	0.0736	
688	1	3.04	3.04	0.0384	
689	1	3.02	3.02	0.0196	
690	1	3.02	3.02	0.0196	
691	1	3.03	3.03	0.0291	
692	1	3.06	3.06	0.0564	
693	1	3.07	3.07	0.0651	
694	1	3.1	3.1	0.09	
695	1	3.09	3.09	0.0819	
696	1	3.1	3.1	0.09	
697	1	3.12	3.12	0.1056	
698	1	3.18	3.18	0.1476	
699	1	3.19	3.19	0.1739	
700	1	3.21	3.21	0.1859	
701	1	3.23	3.23	0.1771	
702	1	3.25	3.25	0.1875	
703	1	3.28	3.28	0.2016	
704	1	3.28	3.28	0.2016	
705	1	3.19	3.19	0.1539	
706	1	3.18	3.18	0.1476	
707	1	3.21	3.21	0.1659	
708	1	3.17	3.17	0.1411	
709	1	3.25	3.25	0.1875	
710	1	3.29	3.29	0.2059	
711	1	3.23	3.23	0.1771	
712	1	3.18	3.18	0.1476	
713	1	3.27	3.27	0.1971	
714	1	3.27	3.27	0.2171	
715	1	3.18	3.18	0.1476	
716	1	3.06	3.06	0.0564	
717	1	3.04	3.04	0.0384	
718	1	3.04	3.04	0.0384	
719	1	3.14	3.14	0.1204	
720	1	3.11	3.11	0.0979	
721	1	3.17	3.17	0.1411	
722	1	3.14	3.14	0.1204	
723	1	3.23	3.23	0.2371	
724	1	3.21	3.21	0.2259	
725	1	3.15	3.15	0.1475	
726	1	3.07	3.07	0.0651	
727	1	3.05	3.05	0.0475	
728	1	3.02	3.02	0.0196	
729	1	3.04	3.04	0.0384	
730	1	3.05	3.05	0.0875	
731	1	3.04	3.04	0.0584	
732	1	3.03	3.03	0.0291	
733	1	3.01	3.01	0.0099	
734	1	3.01	3.01	0.0099	
735	1	3.02	3.02	0.0196	
736	1	3.01	3.01	0.0099	
737	1	3.07	3.07	0.1051	
738	1	3.01	3.01	0.0099	
739	1	3.02	3.02	0.0196	
740	1	3.06	3.06	0.0564	
741	1	3.08	3.08	0.0736	
742	1	3.11	3.11	0.0979	
743	1	3.22	3.22	0.1716	
744	1	3.24	3.24	0.2024	
745	1	3.25	3.25	0.2075	
746	1	3.18	3.18	0.1476	
747	1	3.17	3.17	0.1411	
748	1	3.29	3.29	0.2059	
749	1	3.4	3.4	0.24	
750	1	3.49	3.49	0.4099	
751	1	3.5	3.5	0.47	
752	1	3.61	3.61	0.4779	
753	1	3.63	3.63	0.5131	
754	1	3.85	3.85	0.4475	
755	1	3.91	3.91	0.4619	
756	1	3.88	3.88	0.3656	
757	1	4	4	0.38	
758	1	4.07	4.07	0.3851	
759	1	3.93	3.93	0.4251	
760	1	3.98	3.98	0.4596	
761	1	3.89	3.89	0.4979	
762	1	3.76	3.76	0.5024	
763	1	3.69	3.69	0.4539	
764	1	3.64	3.64	0.5104	
765	1	3.68	3.68	0.5376	
766	1	3.59	3.59	0.5019	
767	1	3.65	3.65	0.6475	
768	1	3.46	3.46	0.5084	
769	1	3.43	3.43	0.4851	
770	1	3.32	3.32	0.3776	
771	1	3.44	3.44	0.5064	
772	1	3.49	3.49	0.4299	
773	1	3.44	3.44	0.4064	
774	1	3.61	3.61	0.6179	
775	1	3.74	3.74	0.7524	
776	1	3.63	3.63	0.6131	
777	1	3.6	3.6	0.6	
778	1	3.38	3.38	0.3756	
779	1	3.42	3.42	0.4036	
780	1	3.36	3.36	0.3304	
781	1	3.32	3.32	0.2576	
782	1	3.29	3.29	0.2259	
783	1	3.37	3.37	0.2531	
784	1	3.41	3.41	0.3019	
785	1	3.4	3.4	0.26	
786	1	3.45	3.45	0.2675	
787	1	3.62	3.62	0.2556	
788	1	3.59	3.59	0.3019	
789	1	3.67	3.67	0.3211	
790	1	3.73	3.73	0.2171	
791	1	3.66	3.66	0.2644	
792	1	3.67	3.67	0.2411	
793	1	3.69	3.69	0.2339	
794	1	3.61	3.61	0.2779	
795	1	3.78	3.78	0.3116	
796	1	3.79	3.79	0.3459	
797	1	3.85	3.85	0.2875	
798	1	3.83	3.83	0.2211	
799	1	3.78	3.78	0.2116	
800	1	3.8	3.8	0.22	
801	1	3.74	3.74	0.2524	
802	1	3.65	3.65	0.2475	
803	1	3.68	3.68	0.2576	
804	1	3.73	3.73	0.1971	
805	1	3.75	3.75	0.1875	
806	1	3.67	3.67	0.2411	
807	1	3.71	3.71	0.2459	
808	1	3.75	3.75	0.2275	
809	1	3.79	3.79	0.1859	
810	1	3.76	3.76	0.1824	
811	1	3.73	3.73	0.2371	
812	1	3.71	3.71	0.2059	
813	1	3.78	3.78	0.1916	
814	1	3.77	3.77	0.1971	
815	1	3.82	3.82	0.1876	
816	1	3.85	3.85	0.2075	
817	1	3.96	3.96	0.3184	
818	1	3.96	3.96	0.3984	
819	1	3.89	3.89	0.3979	
820	1	3.81	3.81	0.3939	
821	1	3.74	3.74	0.3524	
822	1	3.79	3.79	0.4859	
823	1	3.86	3.86	0.4204	
824	1	3.88	3.88	0.4856	
825	1	3.85	3.85	0.5875	
826	1	3.64	3.64	0.6704	
827	1	3.62	3.62	0.4956	
828	1	3.55	3.55	0.3075	
829	1	3.44	3.44	0.2864	
830	1	3.51	3.51	0.2899	
831	1	3.47	3.47	0.3091	
832	1	3.5	3.5	0.29	
833	1	3.47	3.47	0.3091	
834	1	3.46	3.46	0.2884	
835	1	3.5	3.5	0.25	
836	1	3.43	3.43	0.2451	
837	1	3.46	3.46	0.2484	
838	1	3.57	3.57	0.2451	
839	1	3.61	3.61	0.2579	
840	1	3.63	3.63	0.2531	
841	1	3.66	3.66	0.2244	
842	1	3.6	3.6	0.24	
843	1	3.62	3.62	0.2556	
844	1	3.52	3.52	0.2896	
845	1	3.53	3.53	0.2491	
846	1	3.61	3.61	0.2379	
847	1	3.64	3.64	0.2504	
848	1	3.75	3.75	0.1875	
849	1	3.72	3.72	0.2216	
850	1	3.75	3.75	0.2875	
851	1	3.81	3.81	0.2539	
852	1	3.77	3.77	0.2771	
853	1	3.83	3.83	0.2811	
854	1	3.85	3.85	0.3275	
855	1	3.8	3.8	0.4	
856	1	3.85	3.85	0.3875	
857	1	3.79	3.79	0.3259	
858	1	3.93	3.93	0.3251	
859	1	3.93	3.93	0.3251	
860	1	3.78	3.78	0.3716	
861	1	3.79	3.79	0.4659	
862	1	3.76	3.76	0.3624	
863	1	3.76	3.76	0.3024	
864	1	3.68	3.68	0.2976	
865	1	3.86	3.86	0.4004	
866	1	3.84	3.84	0.3744	
867	1	3.88	3.88	0.2456	
868	1	3.99	3.99	0.2299	
869	1	3.98	3.98	0.1796	
870	1	4.02	4.02	0.2396	
871	1	3.9	3.9	0.31	
872	1	3.81	3.81	0.4339	
873	1	3.71	3.71	0.4259	
874	1	3.71	3.71	0.3859	
875	1	3.65	3.65	0.4675	
876	1	3.61	3.61	0.3579	
877	1	3.56	3.56	0.3264	
878	1	3.65	3.65	0.3675	
879	1	3.8	3.8	0.38	
880	1	3.88	3.88	0.2656	
881	1	3.86	3.86	0.2604	
882	1	3.94	3.94	0.2564	
883	1	3.81	3.81	0.3339	
884	1	3.77	3.77	0.3171	
885	1	3.87	3.87	0.2531	
886	1	3.85	3.85	0.2075	
887	1	3.89	3.89	0.2179	
888	1	3.96	3.96	0.2184	
889	1	3.94	3.94	0.2764	
890	1	3.95	3.95	0.3675	
891	1	3.95	3.95	0.1675	
892	1	3.97	3.97	0.1291	
893	1	3.92	3.92	0.1536	
894	1	3.92	3.92	0.3136	
895	1	3.9	3.9	0.27	
896	1	3.96	3.96	0.2784	
897	1	3.98	3.98	0.2996	
898	1	3.97	3.97	0.2291	
899	1	4.02	4.02	0.2596	
900	1	4.03	4.03	0.2491	
901	1	3.96	3.96	0.2984	
902	1	4.07	4.07	0.2051	
903	1	4.09	4.09	0.1819	
904	1	4.19	4.19	0.2339	
905	1	4.23	4.23	0.1971	
906	1	4.21	4.21	0.1659	
907	1	4.15	4.15	0.1275	
908	1	4.1	4.1	0.09	
909	1	4.07	4.07	0.0651	
910	1	4.11	4.11	0.0979	
911	1	4.08	4.08	0.0736	
912	1	4.07	4.07	0.0651	
913	1	4.18	4.18	0.1476	
914	1	4.18	4.18	0.1476	
915	1	4.13	4.13	0.1131	
916	1	4.1	4.1	0.09	
917	1	4.15	4.15	0.1275	
918	1	4.19	4.19	0.1539	
919	1	4.17	4.17	0.1411	
920	1	4.14	4.14	0.1204	
921	1	4.09	4.09	0.0819	
922	1	4.08	4.08	0.0736	
923	1	4.04	4.04	0.0384	
924	1	4.05	4.05	0.0475	
925	1	4.05	4.05	0.0475	
926	1	4.04	4.04	0.0384	
927	1	4.06	4.06	0.0564	
928	1	4.06	4.06	0.0564	
929	1	4.06	4.06	0.0564	
930	1	4.08	4.08	0.0736	
931	1	4.09	4.09	0.0819	
932	1	4.08	4.08	0.0736	
933	1	4.01	4.01	0.0099	
934	1	4.02	4.02	0.0196	
935	1	4.03	4.03	0.0291	
936	1	4.02	4.02	0.0196	
937	1	4	4	0	
938	1	4.02	4.02	0.0196	
939	1	4.03	4.03	0.0291	
940	1	4.01	4.01	0.0099	
941	1	4.01	4.01	0.0099	
942	1	4.01	4.01	0.0099	
943	1	4.06	4.06	0.0564	
944	1	4.04	4.04	0.0384	
945	1	4.05	4.05	0.0475	
946	1	4.01	4.01	0.0099	
947	1	4	4	0	
948	1	4	4	0	
949	1	4	4	0	
950	1	4.02	4.02	0.0196	
951	1	4.08	4.08	0.0936	
952	1	4.18	4.18	0.2276	
953	1	4.21	4.21	0.2259	
954	1	4.27	4.27	0.3371	
955	1	4.28	4.28	0.3616	
956	1	4.3	4.3	0.43	
957	1	4.33	4.33	0.4211	
958	1	4.34	4.34	0.3244	
959	1	4.49	4.49	0.3099	
960	1	4.58	4.58	0.2836	
961	1	4.58	4.58	0.3036	
962	1	4.63	4.63	0.2531	
963	1	4.62	4.62	0.2956	
964	1	4.62	4.62	0.3756	
965	1	4.74	4.74	0.3924	
966	1	4.86	4.86	0.4604	
967	1	4.9	4.9	0.43	
968	1	4.88	4.88	0.4656	
969	1	5.02	5.02	0.4596	
970	1	5.02	5.02	0.4596	
971	1	4.96	4.96	0.4184	
972	1	4.88	4.88	0.4656	
973	1	4.86	4.86	0.5604	
974	1	4.98	4.98	0.5196	
975	1	5.11	5.11	0.5779	
976	1	5.18	5.18	0.5276	
977	1	5.32	5.32	0.6776	
978	1	5.25	5.25	0.5875	
979	1	5.3	5.3	0.59	
980	1	5.54	5.54	0.5884	
981	1	5.67	5.67	0.5411	
982	1	5.89	5.89	0.4579	
983	1	5.84	5.84	0.5744	
984	1	5.92	5.92	0.7136	
985	1	5.83	5.83	0.9011	
986	1	5.83	5.83	0.9011	
987	1	5.75	5.75	0.8275	
988	1	5.83	5.83	0.7411	
989	1	5.85	5.85	0.6875	
990	1	5.81	5.81	0.6139	
991	1	5.65	5.65	0.3875	
992	1	5.67	5.67	0.3811	
993	1	5.59	5.59	0.3219	
994	1	5.59	5.59	0.2619	
995	1	5.65	5.65	0.2275	
996	1	5.66	5.66	0.2244	
997	1	5.64	5.64	0.2304	
998	1	5.57	5.57	0.2451	
999	1	5.62	5.62	0.2356	
1000	1	5.67	5.67	0.2211	
1001	1	5.71	5.71	0.2059	
1002	1	5.66	5.66	0.2844	
1003	1	5.62	5.62	0.2756	
1004	1	5.81	5.81	0.2339	
1005	1	5.89	5.89	0.2379	
1006	1	5.75	5.75	0.2675	
1007	1	5.74	5.74	0.2924	
1008	1	5.84	5.84	0.1944	
1009	1	5.85	5.85	0.1275	
1010	1	5.92	5.92	0.0936	
1011	1	5.95	5.95	0.0675	
1012	1	5.92	5.92	0.0936	
1013	1	5.88	5.88	0.1056	
1014	1	5.89	5.89	0.0979	
1015	1	5.9	5.9	0.11	
1016	1	5.94	5.94	0.0964	
1017	1	5.9	5.9	0.11	
1018	1	5.86	5.86	0.1804	
1019	1	5.86	5.86	0.2004	
1020	1	5.73	5.73	0.2171	
1021	1	5.7	5.7	0.21	
1022	1	5.69	5.69	0.2339	
1023	1	5.6	5.6	0.26	
1024	1	5.61	5.61	0.2579	
1025	1	5.59	5.59	0.2619	
1026	1	5.61	5.61	0.2379	
1027	1	5.68	5.68	0.2976	
1028	1	5.71	5.71	0.3059	
1029	1	5.72	5.72	0.2816	
1030	1	5.84	5.84	0.3544	
1031	1	5.92	5.92	0.4336	
1032	1	5.99	5.99	0.4499	
1033	1	6.13	6.13	0.3931	
1034	1	6.26	6.26	0.4524	
1035	1	6.26	6.26	0.4324	
1036	1	6.26	6.26	0.4324	
1037	1	6.24	6.24	0.3224	
1038	1	6.34	6.34	0.3844	
1039	1	6.36	6.36	0.3104	
1040	1	6.5	6.5	0.31	
1041	1	6.55	6.55	0.3075	
1042	1	6.6	6.6	0.26	
1043	1	6.63	6.63	0.3331	
1044	1	6.45	6.45	0.3275	
1045	1	6.33	6.33	0.2211	
1046	1	6.34	6.34	0.2244	
1047	1	6.4	6.4	0.24	
1048	1	6.38	6.38	0.2356	
1049	1	6.35	6.35	0.2275	
1050	1	6.39	6.39	0.2379	
1051	1	6.26	6.26	0.1924	
1052	1	6.14	6.14	0.1204	
1053	1	6.15	6.15	0.1275	
1054	1	6.14	6.14	0.1204	
1055	1	6.13	6.13	0.1131	
1056	1	6.07	6.07	0.0651	
1057	1	6.02	6.02	0.0196	
1058	1	6.03	6.03	0.0291	
1059	1	6.01	6.01	0.0099	
1060	1	6.01	6.01	0.0099	
1061	1	6.06	6.06	0.0564	
1062	1	6.13	6.13	0.1131	
1063	1	6.16	6.16	0.1344	
1064	1	6.14	6.14	0.1204	
1065	1	6.2	6.2	0.16	
1066	1	6.25	6.25	0.1875	
1067	1	6.28	6.28	0.2016	
1068	1	6.46	6.46	0.2484	
1069	1	6.6	6.6	0.24	
1070	1	6.5	6.5	0.25	
1071	1	6.43	6.43	0.2451	
1072	1	6.35	6.35	0.2275	
1073	1	6.2	6.2	0.16	
1074	1	6.12	6.12	0.1056	
1075	1	6.15	6.15	0.1275	
1076	1	6.11	6.11	0.0979	
1077	1	6.02	6.02	0.0196	
1078	1	6.01	6.01	0.0099	
1079	1	6.01	6.01	0.0099	
1080	1	6.01	6.01	0.0099	
1081	1	6.01	6.01	0.0099	
1082	1	6.02	6.02	0.0196	
1083	1	6.01	6.01	0.0099	
1084	1	6.02	6.02	0.0196	
1085	1	6.03	6.03	0.0291	
1086	1	6.01	6.01	0.0099	
1087	1	6.01	6.01	0.0099	
1088	1	6.01	6.01	0.0099	
1089	1	6.01	6.01	0.0099	
1090	1	6.01	6.01	0.0099	
1091	1	6.01	6.01	0.0099	
1092	1	6.01	6.01	0.0099	
1093	1	6.01	6.01	0.0099	
1094	1	6.03	6.03	0.0291	
1095	1	6.02	6.02	0.0196	
1096	1	6.03	6.03	0.0291	
1097	1	6.01	6.01	0.0099	
1098	1	6.01	6.01	0.0099	
1099	1	6.08	6.08	0.0736	
1100	1	6.08	6.08	0.0736	
1101	1	6.07	6.07	0.0651	
1102	1	6.1	6.1	0.09	
1103	1	6.1	6.1	0.09	
1104	1	6.14	6.14	0.1204	
1105	1	6.23	6.23	0.1971	
1106	1	6.21	6.21	0.2259	
1107	1	6.26	6.26	0.2124	
1108	1	6.31	6.31	0.2539	
1109	1	6.34	6.34	0.2244	
1110	1	6.35	6.35	0.2275	
1111	1	6.47	6.47	0.2491	
1112	1	6.61	6.61	0.2579	
1113	1	6.74	6.74	0.2124	
1114	1	6.8	6.8	0.2	
1115	1	6.79	6.79	0.1659	
1116	1	6.84	6.84	0.1744	
1117	1	6.85	6.85	0.2275	
1118	1	6.88	6.88	0.2056	
1119	1	6.88	6.88	0.1656	
1120	1	6.96	6.96	0.1384	
1121	1	6.98	6.98	0.1996	
1122	1	7.02	7.02	0.3596	
1123	1	7.08	7.08	0.3536	
1124	1	7.12	7.12	0.3256	
1125	1	7.06	7.06	0.2764	
1126	1	6.95	6.95	0.1275	
1127	1	6.98	6.98	0.1396	
1128	1	7.01	7.01	0.2099	
1129	1	6.94	6.94	0.2164	
1130	1	6.89	6.89	0.2379	
1131	1	6.88	6.88	0.1856	
1132	1	6.91	6.91	0.2419	
1133	1	6.89	6.89	0.3779	
1134	1	7.01	7.01	0.5499	
1135	1	7	7	0.5	
1136	1	7	7	0.42	
1137	1	6.95	6.95	0.2475	
1138	1	6.96	6.96	0.1384	
1139	1	7.02	7.02	0.1596	
1140	1	7.08	7.08	0.1336	
1141	1	7.14	7.14	0.1204	
1142	1	7.23	7.23	0.1771	
1143	1	7.26	7.26	0.1924	
1144	1	7.26	7.26	0.1924	
1145	1	7.19	7.19	0.1539	
1146	1	7.22	7.22	0.1716	
1147	1	7.29	7.29	0.2259	
1148	1	7.34	7.34	0.2644	
1149	1	7.21	7.21	0.1659	
1150	1	7.13	7.13	0.1131	
1151	1	7.19	7.19	0.1539	
1152	1	7.34	7.34	0.2844	
1153	1	7.47	7.47	0.5091	
1154	1	7.59	7.59	0.4619	
1155	1	7.62	7.62	0.4756	
1156	1	7.73	7.73	0.5371	
1157	1	7.68	7.68	0.5576	
1158	1	7.66	7.66	0.6044	
1159	1	7.67	7.67	0.6411	
1160	1	7.49	7.49	0.4899	
1161	1	7.52	7.52	0.5296	
1162	1	7.62	7.62	0.6156	
1163	1	7.78	7.78	0.5116	
1164	1	7.74	7.74	0.4524	
1165	1	7.73	7.73	0.4371	
1166	1	7.91	7.91	0.4619	
1167	1	7.96	7.96	0.5384	
1168	1	7.99	7.99	0.5299	
1169	1	8.03	8.03	0.6291	
1170	1	7.88	7.88	0.6656	
1171	1	7.72	7.72	0.5016	
1172	1	7.95	7.95	0.5275	
1173	1	7.92	7.92	0.6536	
1174	1	7.94	7.94	0.7764	
1175	1	8.07	8.07	0.8851	
1176	1	7.94	7.94	0.8164	
1177	1	8.09	8.09	0.9419	
1178	1	7.96	7.96	0.8784	
1179	1	7.85	7.85	0.7475	
1180	1	7.88	7.88	0.8456	
1181	1	7.76	7.76	0.8424	
1182	1	7.81	7.81	0.9739	
1183	1	7.74	7.74	0.8924	
1184	1	7.73	7.73	0.9571	
1185	1	7.69	7.69	1.1139	
1186	1	7.88	7.88	1.3056	
1187	1	7.89	7.89	1.5579	
1188	1	8.03	8.03	1.7091	
1189	1	8.01	8.01	1.2699	
1190	1	7.74	7.74	0.7924	
1191	1	7.7	7.7	0.81	
1192	1	7.75	7.75	0.7675	
1193	1	7.71	7.71	0.6459	
1194	1	7.6	7.6	0.54	
1195	1	7.64	7.64	0.5904	
1196	1	7.5	7.5	0.39	
1197	1	7.27	7.27	0.2571	
1198	1	7.24	7.24	0.2224	
1199	1	7.3	7.3	0.35	
1200	1	7.19	7.19	0.2139	
1201	1	7.37	7.37	0.3931	
1202	1	7.33	7.33	0.3811	
1203	1	7.22	7.22	0.2116	
1204	1	7.27	7.27	0.2171	
1205	1	7.23	7.23	0.1971	
1206	1	7.17	7.17	0.1411	
1207	1	7.22	7.22	0.1916	
1208	1	7.22	7.22	0.2116	
1209	1	7.18	7.18	0.1676	
1210	1	7.15	7.15	0.1475	
1211	1	7.11	7.11	0.0979	
1212	1	7.18	7.18	0.1676	
1213	1	7.18	7.18	0.2076	
1214	1	7.2	7.2	0.18	
1215	1	7.38	7.38	0.3356	
1216	1	7.39	7.39	0.3179	
1217	1	7.43	7.43	0.3051	
1218	1	7.46	7.46	0.3284	
1219	1	7.35	7.35	0.2875	
1220	1	7.36	7.36	0.2504	
1221	1	7.35	7.35	0.2475	
1222	1	7.4	7.4	0.26	
1223	1	7.38	7.38	0.2556	
1224	1	7.36	7.36	0.2704	
1225	1	7.39	7.39	0.3179	
1226	1	7.56	7.56	0.4064	
1227	1	7.51	7.51	0.3299	
1228	1	7.42	7.42	0.2436	
1229	1	7.37	7.37	0.2331	
1230	1	7.35	7.35	0.2275	
1231	1	7.3	7.3	0.21	
1232	1	7.15	7.15	0.1275	
1233	1	7.1	7.1	0.09	
1234	1	7.12	7.12	0.1056	
1235	1	7.21	7.21	0.2259	
1236	1	7.15	7.15	0.1475	
1237	1	7.24	7.24	0.2224	
1238	1	7.26	7.26	0.2724	
1239	1	7.41	7.41	0.4619	
1240	1	7.45	7.45	0.4875	
1241	1	7.37	7.37	0.4131	
1242	1	7.28	7.28	0.2816	
1243	1	7.28	7.28	0.3016	
1244	1	7.26	7.26	0.2724	
1245	1	7.21	7.21	0.2259	
1246	1	7.24	7.24	0.2424	
1247	1	7.31	7.31	0.4339	
1248	1	7.15	7.15	0.1875	
1249	1	7.16	7.16	0.1744	
1250	1	7.21	7.21	0.2859	
1251	1	7.18	7.18	0.2076	
1252	1	7.2	7.2	0.22	
1253	1	7.17	7.17	0.1411	
1254	1	7.1	7.1	0.09	
1255	1	7.28	7.28	0.2016	
1256	1	7.21	7.21	0.1659	
1257	1	7.25	7.25	0.2075	
1258	1	7.32	7.32	0.2976	
1259	1	7.49	7.49	0.3699	
1260	1	7.45	7.45	0.3875	
1261	1	7.51	7.51	0.3099	
1262	1	7.49	7.49	0.4899	
1263	1	7.67	7.67	0.6811	
1264	1	7.61	7.61	0.4779	
1265	1	7.54	7.54	0.3684	
1266	1	7.48	7.48	0.3096	
1267	1	7.64	7.64	0.3304	
1268	1	7.6	7.6	0.24	
1269	1	7.59	7.59	0.2419	
1270	1	7.66	7.66	0.2444	
1271	1	7.66	7.66	0.2644	
1272	1	7.64	7.64	0.2904	
1273	1	7.72	7.72	0.2816	
1274	1	7.72	7.72	0.3816	
1275	1	7.67	7.67	0.3811	
1276	1	7.7	7.7	0.49	
1277	1	7.61	7.61	0.3379	
1278	1	7.62	7.62	0.3556	
1279	1	7.77	7.77	0.2771	
1280	1	7.81	7.81	0.3539	
1281	1	7.88	7.88	0.3856	
1282	1	7.89	7.89	0.5779	
1283	1	7.94	7.94	0.4164	
1284	1	8.01	8.01	0.3899	
1285	1	8.07	8.07	0.3051	
1286	1	8.12	8.12	0.2656	
1287	1	8.2	8.2	0.3	
1288	1	8.09	8.09	0.3019	
1289	1	8.05	8.05	0.2475	
1290	1	8.02	8.02	0.3196	
1291	1	8.06	8.06	0.2364	
1292	1	8.06	8.06	0.1764	
1293	1	8.09	8.09	0.1819	
1294	1	8.11	8.11	0.1579	
1295	1	8.02	8.02	0.2396	
1296	1	7.92	7.92	0.2736	
1297	1	8.01	8.01	0.2499	
1298	1	8	8	0.26	
1299	1	8.01	8.01	0.2099	
1300	1	8.02	8.02	0.2396	
1301	1	8.05	8.05	0.1875	
1302	1	8.09	8.09	0.1619	
1303	1	8.03	8.03	0.1691	
1304	1	8.03	8.03	0.0891	
1305	1	7.97	7.97	0.1091	
1306	1	8.03	8.03	0.1291	
1307	1	7.96	7.96	0.0784	
1308	1	7.96	7.96	0.1984	
1309	1	8.03	8.03	0.1691	
1310	1	7.93	7.93	0.1451	
1311	1	7.93	7.93	0.1451	
1312	1	7.93	7.93	0.1451	
1313	1	8.01	8.01	0.1899	
1314	1	8.09	8.09	0.2219	
1315	1	7.97	7.97	0.2491	
1316	1	7.87	7.87	0.2131	
1317	1	7.79	7.79	0.1859	
1318	1	7.77	7.77	0.1771	
1319	1	7.75	7.75	0.1875	
1320	1	7.82	7.82	0.1876	
1321	1	7.86	7.86	0.1804	
1322	1	7.78	7.78	0.1916	
1323	1	7.75	7.75	0.2875	
1324	1	7.84	7.84	0.1744	
1325	1	7.87	7.87	0.2931	
1326	1	7.92	7.92	0.2736	
1327	1	8.15	8.15	0.3675	
1328	1	8.17	8.17	0.3011	
1329	1	8.1	8.1	0.37	
1330	1	8.18	8.18	0.4876	
1331	1	8.25	8.25	0.3675	
1332	1	8.33	8.33	0.4211	
1333	1	8.31	8.31	0.4139	
1334	1	8.38	8.38	0.4156	
1335	1	8.3	8.3	0.35	
1336	1	8.47	8.47	0.3891	
1337	1	8.64	8.64	0.3304	
1338	1	8.52	8.52	0.3296	
1339	1	8.58	8.58	0.3036	
1340	1	8.66	8.66	0.2444	
1341	1	8.6	8.6	0.3	
1342	1	8.59	8.59	0.3019	
1343	1	8.54	8.54	0.2884	
1344	1	8.55	8.55	0.4075	
1345	1	8.6	8.6	0.26	
1346	1	8.64	8.64	0.2704	
1347	1	8.75	8.75	0.2475	
1348	1	8.76	8.76	0.3024	
1349	1	8.71	8.71	0.3459	
1350	1	8.89	8.89	0.5379	
1351	1	8.75	8.75	0.6075	
1352	1	8.65	8.65	0.7275	
1353	1	8.62	8.62	0.6956	
1354	1	8.57	8.57	0.6451	
1355	1	8.45	8.45	0.5075	
1356	1	8.29	8.29	0.2459	
1357	1	8.27	8.27	0.2171	
1358	1	8.25	8.25	0.1875	
1359	1	8.26	8.26	0.1924	
1360	1	8.24	8.24	0.1824	
1361	1	8.33	8.33	0.2211	
1362	1	8.35	8.35	0.2275	
1363	1	8.36	8.36	0.2304	
1364	1	8.32	8.32	0.2176	
1365	1	8.35	8.35	0.3075	
1366	1	8.36	8.36	0.3104	
1367	1	8.34	8.34	0.2444	
1368	1	8.24	8.24	0.1824	
1369	1	8.32	8.32	0.2376	
1370	1	8.34	8.34	0.2644	
1371	1	8.41	8.41	0.2619	
1372	1	8.48	8.48	0.2896	
1373	1	8.55	8.55	0.3075	
1374	1	8.54	8.54	0.3284	
1375	1	8.5	8.5	0.37	
1376	1	8.55	8.55	0.4875	
1377	1	8.42	8.42	0.3036	
1378	1	8.38	8.38	0.2556	
1379	1	8.42	8.42	0.3236	
1380	1	8.44	8.44	0.3064	
1381	1	8.47	8.47	0.3691	
1382	1	8.56	8.56	0.4064	
1383	1	8.62	8.62	0.4356	
1384	1	8.64	8.64	0.3904	
1385	1	8.6	8.6	0.44	
1386	1	8.56	8.56	0.4864	
1387	1	8.49	8.49	0.4299	
1388	1	8.45	8.45	0.4275	
1389	1	8.38	8.38	0.3356	
1390	1	8.48	8.48	0.4496	
1391	1	8.79	8.79	0.6259	
1392	1	8.88	8.88	0.7456	
1393	1	8.89	8.89	0.8579	
1394	1	8.82	8.82	0.7676	
1395	1	8.77	8.77	0.8171	
1396	1	8.39	8.39	0.4979	
1397	1	8.38	8.38	0.5156	
1398	1	8.35	8.35	0.5275	
1399	1	8.18	8.18	0.2876	
1400	1	8.26	8.26	0.4124	
1401	1	8.47	8.47	0.6691	
1402	1	8.38	8.38	0.5556	
1403	1	8.61	8.61	0.7979	
1404	1	8.91	8.91	0.9419	
1405	1	8.89	8.89	1.0179	
1406	1	8.91	8.91	1.2019	
1407	1	8.87	8.87	1.0531	
1408	1	8.88	8.88	1.2456	
1409	1	8.54	8.54	0.9284	
1410	1	8.48	8.48	0.8696	
1411	1	8.5	8.5	0.99	
1412	1	8.76	8.76	1.2624	
1413	1	8.62	8.62	1.0756	
1414	1	8.64	8.64	1.0304	
1415	1	8.68	8.68	1.2776	
1416	1	8.62	8.62	1.0756	
1417	1	8.49	8.49	0.9699	
1418	1	8.46	8.46	0.9284	
1419	1	8.41	8.41	0.9419	
1420	1	8.4	8.4	0.8	
1421	1	8.6	8.6	0.9	
1422	1	8.62	8.62	0.8956	
1423	1	8.76	8.76	1.1224	
1424	1	8.46	8.46	0.7684	
1425	1	8.45	8.45	0.7675	
1426	1	8.32	8.32	0.3776	
1427	1	8.17	8.17	0.2211	
1428	1	8.24	8.24	0.3024	
1429	1	8.27	8.27	0.3171	
1430	1	8.15	8.15	0.1675	
1431	1	8.06	8.06	0.0564	
1432	1	8.02	8.02	0.0196	
1433	1	8.03	8.03	0.0291	
1434	1	8.06	8.06	0.0564	
1435	1	8.05	8.05	0.0475	
1436	1	8.05	8.05	0.0475	
1437	1	8.1	8.1	0.09	
1438	1	8.2	8.2	0.16	
1439	1	8.19	8.19	0.1539	
1440	1	8.19	8.19	0.1539	
1441	1	8.26	8.26	0.1924	
1442	1	8.33	8.33	0.2211	
1443	1	8.37	8.37	0.2331	
1444	1	8.31	8.31	0.2139	
1445	1	8.26	8.26	0.1924	
1446	1	8.3	8.3	0.21	
1447	1	8.27	8.27	0.1971	
1448	1	8.27	8.27	0.1971	
1449	1	8.3	8.3	0.21	
1450	1	8.36	8.36	0.3304	
1451	1	8.4	8.4	0.36	
1452	1	8.34	8.34	0.3044	
1453	1	8.28	8.28	0.2416	
1454	1	8.61	8.61	0.5179	
1455	1	8.65	8.65	0.5475	
1456	1	8.64	8.64	0.5104	
1457	1	8.83	8.83	0.5611	
1458	1	8.91	8.91	0.5019	
1459	1	8.9	8.9	0.51	
1460	1	8.94	8.94	0.4564	
1461	1	8.88	8.88	0.6056	
1462	1	8.8	8.8	0.6	
1463	1	8.5	8.5	0.39	
1464	1	8.42	8.42	0.2836	
1465	1	8.44	8.44	0.2664	
1466	1	8.51	8.51	0.2699	
1467	1	8.56	8.56	0.2864	
1468	1	8.47	8.47	0.2491	
1469	1	8.44	8.44	0.2464	
1470	1	8.43	8.43	0.2451	
1471	1	8.48	8.48	0.2496	
1472	1	8.41	8.41	0.2419	
1473	1	8.46	8.46	0.2484	
1474	1	8.44	8.44	0.2664	
1475	1	8.4	8.4	0.26	
1476	1	8.43	8.43	0.2451	
1477	1	8.43	8.43	0.2451	
1478	1	8.59	8.59	0.2619	
1479	1	8.58	8.58	0.3036	
1480	1	8.6	8.6	0.36	
1481	1	8.77	8.77	0.4371	
1482	1	8.64	8.64	0.4304	
1483	1	8.72	8.72	0.4416	
1484	1	8.61	8.61	0.4379	
1485	1	8.5	8.5	0.31	
1486	1	8.51	8.51	0.2699	
1487	1	8.52	8.52	0.3096	
1488	1	8.54	8.54	0.3884	
1489	1	8.47	8.47	0.3091	
1490	1	8.51	8.51	0.3299	
1491	1	8.46	8.46	0.2884	
1492	1	8.42	8.42	0.2436	
1493	1	8.45	8.45	0.2675	
1494	1	8.46	8.46	0.2484	
1495	1	8.38	8.38	0.2356	
1496	1	8.29	8.29	0.2059	
1497	1	8.32	8.32	0.2176	
1498	1	8.21	8.21	0.1659	
1499	1	8.18	8.18	0.1476	
1500	1	8.21	8.21	0.1659	
1501	1	8.14	8.14	0.1204	
1502	1	8.2	8.2	0.16	
1503	1	8.21	8.21	0.1659	
1504	1	8.23	8.23	0.1771	
1505	1	8.15	8.15	0.1275	
1506	1	8.14	8.14	0.1204	
1507	1	8.18	8.18	0.1476	
1508	1	8.21	8.21	0.1659	
1509	1	8.32	8.32	0.2376	
1510	1	8.18	8.18	0.1876	
1511	1	8.27	8.27	0.2171	
1512	1	8.3	8.3	0.21	
1513	1	8.34	8.34	0.2244	
1514	1	8.35	8.35	0.2275	
1515	1	8.3	8.3	0.21	
1516	1	8.25	8.25	0.1875	
1517	1	8.23	8.23	0.1771	
1518	1	8.12	8.12	0.1056	
1519	1	8.17	8.17	0.1411	
1520	1	8.1	8.1	0.09	
1521	1	8.11	8.11	0.0979	
1522	1	8.23	8.23	0.1771	
1523	1	8.31	8.31	0.2139	
1524	1	8.48	8.48	0.3096	
1525	1	8.6	8.6	0.54	
1526	1	8.53	8.53	0.6291	
1527	1	8.45	8.45	0.6075	
1528	1	8.42	8.42	0.7036	
1529	1	8.64	8.64	1.1704	
1530	1	8.65	8.65	1.1075	
1531	1	8.79	8.79	1.3059	
1532	1	8.52	8.52	1.0096	
1533	1	8.75	8.75	1.3475	
1534	1	9.14	9.14	1.8004	
1535	1	9.26	9.26	1.7924	
1536	1	9.26	9.26	1.5924	
1537	1	9.33	9.33	1.6611	
1538	1	9.55	9.55	1.6075	
1539	1	9.45	9.45	1.6075	
1540	1	9.16	9.16	1.6944	
1541	1	9.4	9.4	2	
1542	1	9.23	9.23	1.9971	
1543	1	9.35	9.35	2.2875	
1544	1	9.32	9.32	2.6576	
1545	1	9.04	9.04	2.3384	
1546	1	9.36	9.36	2.9304	
1547	1	9.44	9.44	3.1064	
1548	1	9.15	9.15	2.9475	
1549	1	9.12	9.12	2.9056	
1550	1	9.01	9.01	2.6699	
1551	1	9	9	2.4	
1552	1	9.28	9.28	3.0816	
1553	1	9.23	9.23	2.7371	
1554	1	9.39	9.39	2.7579	
1555	1	9.38	9.38	3.0556	
1556	1	9.61	9.61	3.1579	
1557	1	9.61	9.61	3.1979	
1558	1	9.59	9.59	3.2019	
1559	1	9.7	9.7	3.13	
1560	1	9.38	9.38	3.0756	
1561	1	9.24	9.24	2.6224	
1562	1	9.01	9.01	2.4499	
1563	1	8.89	8.89	1.8379	
1564	1	9.08	9.08	2.0136	
1565	1	8.9	8.9	2.03	
1566	1	8.78	8.78	1.5716	
1567	1	8.63	8.63	1.2131	
1568	1	8.67	8.67	1.0411	
1569	1	8.42	8.42	0.5236	
1570	1	8.55	8.55	0.6275	
1571	1	8.58	8.58	0.6836	
1572	1	8.69	8.69	0.6939	
1573	1	8.74	8.74	0.7124	
1574	1	8.8	8.8	0.7	
1575	1	8.73	8.73	0.6971	
1576	1	8.73	8.73	0.7571	
1577	1	8.87	8.87	0.7931	
1578	1	8.75	8.75	0.7675	
1579	1	8.7	8.7	0.75	
1580	1	8.63	8.63	0.6331	
1581	1	8.65	8.65	0.5875	
1582	1	8.5	8.5	0.45	
1583	1	8.45	8.45	0.4075	
1584	1	8.28	8.28	0.3016	
1585	1	8.43	8.43	0.5251	
1586	1	8.43	8.43	0.4451	
1587	1	8.34	8.34	0.3444	
1588	1	8.33	8.33	0.3211	
1589	1	8.24	8.24	0.2424	
1590	1	8.14	8.14	0.1604	
1591	1	8.14	8.14	0.1604	
1592	1	8.12	8.12	0.1056	
1593	1	8.17	8.17	0.1411	
1594	1	8.31	8.31	0.2139	
1595	1	8.28	8.28	0.2216	
1596	1	8.33	8.33	0.2611	
1597	1	8.32	8.32	0.2176	
1598	1	8.27	8.27	0.1971	
1599	1	8.26	8.26	0.1924	
1600	1	8.26	8.26	0.1924	
1601	1	8.39	8.39	0.2579	
1602	1	8.4	8.4	0.24	
1603	1	8.45	8.45	0.2475	
1604	1	8.51	8.51	0.2499	
1605	1	8.6	8.6	0.28	
1606	1	8.54	8.54	0.2484	
1607	1	8.65	8.65	0.2475	
1608	1	8.58	8.58	0.2636	
1609	1	8.72	8.72	0.3216	
1610	1	8.69	8.69	0.3139	
1611	1	8.78	8.78	0.2916	
1612	1	8.85	8.85	0.3075	
1613	1	8.66	8.66	0.2444	
1614	1	8.57	8.57	0.2451	
1615	1	8.64	8.64	0.2304	
1616	1	8.62	8.62	0.2356	
1617	1	8.49	8.49	0.2499	
1618	1	8.47	8.47	0.2491	
1619	1	8.45	8.45	0.2475	
1620	1	8.46	8.46	0.3084	
1621	1	8.53	8.53	0.2691	
1622	1	8.5	8.5	0.25	
1623	1	8.49	8.49	0.2499	
1624	1	8.65	8.65	0.3075	
1625	1	8.61	8.61	0.2779	
1626	1	8.57	8.57	0.2451	
1627	1	8.58	8.58	0.2836	
1628	1	8.6	8.6	0.24	
1629	1	8.62	8.62	0.2556	
1630	1	8.71	8.71	0.2859	
1631	1	8.77	8.77	0.2571	
1632	1	8.92	8.92	0.1736	
1633	1	8.9	8.9	0.13	
1634	1	8.9	8.9	0.15	
1635	1	8.91	8.91	0.1419	
1636	1	8.95	8.95	0.1875	
1637	1	9.01	9.01	0.1899	
1638	1	9.04	9.04	0.1784	
1639	1	9.08	9.08	0.1136	
1640	1	9.11	9.11	0.0979	
1641	1	9.16	9.16	0.1344	
1642	1	9.08	9.08	0.0736	
1643	1	9.09	9.09	0.0819	
1644	1	9.12	9.12	0.1056	
1645	1	9.09	9.09	0.0819	
1646	1	9.17	9.17	0.1411	
1647	1	9.14	9.14	0.1204	
1648	1	9.12	9.12	0.1056	
1649	1	9.04	9.04	0.0384	
1650	1	9.03	9.03	0.0291	
1651	1	9.01	9.01	0.0099	
1652	1	9	9	0	
1653	1	9	9	0	
1654	1	9.01	9.01	0.0099	
1655	1	9.06	9.06	0.0564	
1656	1	9.05	9.05	0.0475	
1657	1	9.01	9.01	0.0099	
1658	1	9	9	0	
1659	1	9.02	9.02	0.0196	
1660	1	9.08	9.08	0.0736	
1661	1	9.1	9.1	0.09	
1662	1	9.08	9.08	0.0736	
1663	1	9.06	9.06	0.0564	
1664	1	9.11	9.11	0.0979	
1665	1	9.11	9.11	0.0979	
1666	1	9.15	9.15	0.1275	
1667	1	9.23	9.23	0.2171	
1668	1	9.21	9.21	0.1859	
1669	1	9.13	9.13	0.1331	
1670	1	9.13	9.13	0.1131	
1671	1	9.12	9.12	0.1056	
1672	1	9.11	9.11	0.0979	
1673	1	9.1	9.1	0.09	
1674	1	9.17	9.17	0.1411	
1675	1	9.19	9.19	0.1539	
1676	1	9.21	9.21	0.1659	
1677	1	9.2	9.2	0.16	
1678	1	9.18	9.18	0.1476	
1679	1	9.26	9.26	0.1924	
1680	1	9.29	9.29	0.2059	
1681	1	9.26	9.26	0.2124	
1682	1	9.31	9.31	0.2339	
1683	1	9.26	9.26	0.2124	
1684	1	9.3	9.3	0.25	
1685	1	9.24	9.24	0.1824	
1686	1	9.24	9.24	0.1824	
1687	1	9.22	9.22	0.1716	
1688	1	9.24	9.24	0.1824	
1689	1	9.26	9.26	0.1924	
1690	1	9.21	9.21	0.1659	
1691	1	9.11	9.11	0.0979	
1692	1	9.04	9.04	0.0384	
1693	1	9.03	9.03	0.0291	
1694	1	9.03	9.03	0.0291	
1695	1	9.01	9.01	0.0099	
1696	1	9.04	9.04	0.0384	
1697	1	9.03	9.03	0.0291	
1698	1	9.07	9.07	0.0651	
1699	1	9.1	9.1	0.13	
1700	1	9.09	9.09	0.0819	
1701	1	9.1	9.1	0.09	
1702	1	9.16	9.16	0.1344	
1703	1	9.09	9.09	0.0819	
1704	1	9.11	9.11	0.0979	
1705	1	9.09	9.09	0.0819	
1706	1	9.12	9.12	0.1056	
1707	1	9.12	9.12	0.1056	
1708	1	9.24	9.24	0.1824	
1709	1	9.23	9.23	0.1771	
1710	1	9.26	9.26	0.2124	
1711	1	9.19	9.19	0.1739	
1712	1	9.06	9.06	0.0564	
1713	1	9.11	9.11	0.0979	
1714	1	9.06	9.06	0.0564	
1715	1	9.03	9.03	0.0291	
1716	1	9.04	9.04	0.0584	
1717	1	9.01	9.01	0.0099	
1718	1	9.01	9.01	0.0099	
1719	1	9.02	9.02	0.0196	
1720	1	9.03	9.03	0.0291	
1721	1	9.11	9.11	0.0979	
1722	1	9.16	9.16	0.1344	
1723	1	9.15	9.15	0.1275	
1724	1	9.16	9.16	0.1344	
1725	1	9.13	9.13	0.1131	
1726	1	9.12	9.12	0.1056	
1727	1	9.2	9.2	0.16	
1728	1	9.15	9.15	0.1275	
1729	1	9.1	9.1	0.11	
1730	1	9.16	9.16	0.1544	
1731	1	9.17	9.17	0.1411	
1732	1	9.24	9.24	0.2024	
1733	1	9.19	9.19	0.1739	
1734	1	9.14	9.14	0.1404	
1735	1	9.14	9.14	0.1404	
1736	1	9.11	9.11	0.1579	
1737	1	9.12	9.12	0.1656	
1738	1	9.12	9.12	0.1056	
1739	1	9.05	9.05	0.0475	
1740	1	9.13	9.13	0.1131	
1741	1	9.1	9.1	0.09	
1742	1	9.11	9.11	0.0979	
1743	1	9.1	9.1	0.09	
1744	1	9.06	9.06	0.0564	
1745	1	9.11	9.11	0.0979	
1746	1	9.04	9.04	0.0384	
1747	1	9.05	9.05	0.0475	
1748	1	9.05	9.05	0.0475	
1749	1	9.03	9.03	0.0291	
1750	1	9.02	9.02	0.0196	
1751	1	9.01	9.01	0.0099	
1752	1	9.01	9.01	0.0099	
1753	1	9.01	9.01	0.0099	
1754	1	9.01	9.01	0.0099	
1755	1	9.01	9.01	0.0099	
1756	1	9.01	9.01	0.0099	
1757	1	9.01	9.01	0.0099	
1758	1	9.01	9.01	0.0099	
1759	1	9.03	9.03	0.0291	
1760	1	9.04	9.04	0.0384	
1761	1	9.05	9.05	0.0475	
1762	1	9.11	9.11	0.1179	
1763	1	9.09	9.09	0.0819	
1764	1	9.15	9.15	0.1275	
1765	1	9.21	9.21	0.1859	
1766	1	9.18	9.18	0.1876	
1767	1	9.21	9.21	0.2059	
1768	1	9.24	9.24	0.3224	
1769	1	9.15	9.15	0.1875	
1770	1	9.14	9.14	0.1604	
1771	1	9.39	9.39	0.3779	
1772	1	9.44	9.44	0.3864	
1773	1	9.41	9.41	0.3819	
1774	1	9.38	9.38	0.3756	
1775	1	9.39	9.39	0.4579	
1776	1	9.28	9.28	0.3616	
1777	1	9.23	9.23	0.2571	
1778	1	9.21	9.21	0.2059	
1779	1	9.22	9.22	0.2316	
1780	1	9.15	9.15	0.1475	
1781	1	9.15	9.15	0.1475	
1782	1	9.14	9.14	0.1404	
1783	1	9.23	9.23	0.2171	
1784	1	9.31	9.31	0.2139	
1785	1	9.24	9.24	0.1824	
1786	1	9.27	9.27	0.1971	
1787	1	9.33	9.33	0.2211	
1788	1	9.34	9.34	0.2244	
1789	1	9.34	9.34	0.2444	
1790	1	9.29	9.29	0.2059	
1791	1	9.31	9.31	0.2139	
1792	1	9.33	9.33	0.2411	
1793	1	9.22	9.22	0.1716	
1794	1	9.21	9.21	0.1659	
1795	1	9.22	9.22	0.1716	
1796	1	9.24	9.24	0.1824	
1797	1	9.25	9.25	0.1875	
1798	1	9.25	9.25	0.1875	
1799	1	9.26	9.26	0.1924	
1800	1	9.35	9.35	0.2275	
1801	1	9.3	9.3	0.21	
1802	1	9.24	9.24	0.2024	
1803	1	9.31	9.31	0.2339	
1804	1	9.31	9.31	0.2539	
1805	1	9.35	9.35	0.3275	
1806	1	9.49	9.49	0.4899	
1807	1	9.49	9.49	0.4299	
1808	1	9.36	9.36	0.2904	
1809	1	9.38	9.38	0.2956	
1810	1	9.46	9.46	0.3484	
1811	1	9.53	9.53	0.3691	
1812	1	9.45	9.45	0.2875	
1813	1	9.51	9.51	0.3699	
1814	1	9.48	9.48	0.3496	
1815	1	9.42	9.42	0.2836	
1816	1	9.63	9.63	0.3731	
1817	1	9.76	9.76	0.3824	
1818	1	9.82	9.82	0.3476	
1819	1	9.9	9.9	0.27	
1820	1	9.84	9.84	0.2344	
1821	1	9.86	9.86	0.2204	
1822	1	9.82	9.82	0.2676	
1823	1	9.75	9.75	0.3075	
1824	1	9.7	9.7	0.41	
1825	1	9.78	9.78	0.3316	
1826	1	9.88	9.88	0.2656	
1827	1	9.77	9.77	0.2171	
1828	1	9.67	9.67	0.2611	
1829	1	9.59	9.59	0.3019	
1830	1	9.61	9.61	0.4179	
1831	1	9.69	9.69	0.3939	
1832	1	9.64	9.64	0.4104	
1833	1	9.66	9.66	0.4244	
1834	1	9.52	9.52	0.4096	
1835	1	9.56	9.56	0.4264	
1836	1	9.56	9.56	0.4064	
1837	1	9.41	9.41	0.3019	
1838	1	9.36	9.36	0.2504	
1839	1	9.38	9.38	0.2356	
1840	1	9.31	9.31	0.2139	
1841	1	9.37	9.37	0.3331	
1842	1	9.52	9.52	0.4496	
1843	1	9.57	9.57	0.4451	
1844	1	9.61	9.61	0.4779	
1845	1	9.65	9.65	0.5475	
1846	1	9.76	9.76	0.5024	
1847	1	9.92	9.92	0.5536	
1848	1	9.98	9.98	0.5996	
1849	1	10.1	10.1	0.59	
1850	1	10.25	10.25	0.6075	
1851	1	10.26	10.26	0.6524	
1852	1	10.31	10.31	0.6339	
1853	1	10.31	10.31	0.7539	
1854	1	10.16	10.16	0.9944	
1855	1	9.94	9.94	0.8964	
1856	1	9.98	9.98	0.8396	
1857	1	9.95	9.95	0.8475	
1858	1	9.81	9.81	0.8539	
1859	1	9.79	9.79	0.8059	
1860	1	9.72	9.72	0.6216	
1861	1	9.64	9.64	0.7704	
1862	1	9.77	9.77	0.6571	
1863	1	9.84	9.84	0.7744	
1864	1	9.86	9.86	0.8004	
1865	1	10.12	10.12	0.7256	
1866	1	10.21	10.21	0.8259	
1867	1	9.97	9.97	0.8291	
1868	1	9.95	9.95	0.9275	
1869	1	10.07	10.07	0.8251	
1870	1	9.94	9.94	1.1964	
1871	1	9.73	9.73	1.1771	
1872	1	9.57	9.57	0.9451	
1873	1	9.64	9.64	0.9304	
1874	1	9.62	9.62	0.9956	
1875	1	9.8	9.8	1.06	
1876	1	9.66	9.66	1.1844	
1877	1	9.63	9.63	0.8931	
1878	1	9.69	9.69	0.8939	
1879	1	9.58	9.58	0.6436	
1880	1	9.46	9.46	0.4884	
1881	1	9.46	9.46	0.5684	
1882	1	9.5	9.5	0.61	
1883	1	9.44	9.44	0.5264	
1884	1	9.4	9.4	0.42	
1885	1	9.45	9.45	0.4475	
1886	1	9.33	9.33	0.3411	
1887	1	9.35	9.35	0.4675	
1888	1	9.31	9.31	0.4139	
1889	1	9.29	9.29	0.3659	
1890	1	9.33	9.33	0.3211	
1891	1	9.38	9.38	0.2956	
1892	1	9.28	9.28	0.2816	
1893	1	9.21	9.21	0.1659	
1894	1	9.15	9.15	0.1275	
1895	1	9.17	9.17	0.1411	
1896	1	9.23	9.23	0.1971	
1897	1	9.25	9.25	0.2075	
1898	1	9.25	9.25	0.1875	
1899	1	9.29	9.29	0.2059	
1900	1	9.33	9.33	0.2211	
1901	1	9.32	9.32	0.2176	
1902	1	9.31	9.31	0.2139	
1903	1	9.2	9.2	0.16	
1904	1	9.19	9.19	0.1539	
1905	1	9.22	9.22	0.1716	
1906	1	9.29	9.29	0.2059	
1907	1	9.34	9.34	0.2244	
1908	1	9.45	9.45	0.2475	
1909	1	9.46	9.46	0.2484	
1910	1	9.47	9.47	0.2491	
1911	1	9.47	9.47	0.2491	
1912	1	9.48	9.48	0.2496	
1913	1	9.36	9.36	0.2304	
1914	1	9.36	9.36	0.2304	
1915	1	9.34	9.34	0.2244	
1916	1	9.38	9.38	0.2356	
1917	1	9.39	9.39	0.2579	
1918	1	9.45	9.45	0.3075	
1919	1	9.39	9.39	0.2579	
1920	1	9.48	9.48	0.2496	
1921	1	9.45	9.45	0.2475	
1922	1	9.37	9.37	0.2731	
1923	1	9.31	9.31	0.2739	
1924	1	9.36	9.36	0.2904	
1925	1	9.38	9.38	0.2956	
1926	1	9.27	9.27	0.2171	
1927	1	9.17	9.17	0.1811	
1928	1	9.16	9.16	0.1344	
1929	1	9.09	9.09	0.0819	
1930	1	9.14	9.14	0.1204	
1931	1	9.11	9.11	0.0979	
1932	1	9.09	9.09	0.0819	
1933	1	9.12	9.12	0.1056	
1934	1	9.11	9.11	0.0979	
1935	1	9.11	9.11	0.0979	
1936	1	9.07	9.07	0.0651	
1937	1	9.04	9.04	0.0384	
1938	1	9.12	9.12	0.1056	
1939	1	9.12	9.12	0.1056	
1940	1	9.09	9.09	0.0819	
1941	1	9.14	9.14	0.1204	
1942	1	9.2	9.2	0.16	
1943	1	9.23	9.23	0.1771	
1944	1	9.28	9.28	0.2016	
1945	1	9.26	9.26	0.1924	
1946	1	9.24	9.24	0.1824	
1947	1	9.32	9.32	0.2176	
1948	1	9.2	9.2	0.16	
1949	1	9.16	9.16	0.1344	
1950	1	9.13	9.13	0.1131	
1951	1	9.11	9.11	0.0979	
1952	1	9.1	9.1	0.09	
1953	1	9.13	9.13	0.1131	
1954	1	9.19	9.19	0.1739	
1955	1	9.21	9.21	0.1859	
1956	1	9.21	9.21	0.2059	
1957	1	9.23	9.23	0.2171	
1958	1	9.24	9.24	0.1824	
1959	1	9.38	9.38	0.2556	
1960	1	9.48	9.48	0.3696	
1961	1	9.5	9.5	0.41	
1962	1	9.42	9.42	0.4436	
1963	1	9.52	9.52	0.6096	
1964	1	9.34	9.34	0.4244	
1965	1	9.25	9.25	0.2675	
1966	1	9.38	9.38	0.4356	
1967	1	9.58	9.58	0.8636	
1968	1	9.61	9.61	0.8379	
1969	1	9.57	9.57	0.8851	
1970	1	9.59	9.59	0.8819	
1971	1	9.59	9.59	0.7019	
1972	1	9.48	9.48	0.6896	
1973	1	9.54	9.54	0.8284	
1974	1	9.61	9.61	0.9579	
1975	1	9.6	9.6	0.82	
1976	1	9.35	9.35	0.5675	
1977	1	9.39	9.39	0.5779	
1978	1	9.27	9.27	0.4371	
1979	1	9.29	9.29	0.4659	
1980	1	9.48	9.48	0.6896	
1981	1	9.4	9.4	0.66	
1982	1	9.43	9.43	0.7051	
1983	1	9.54	9.54	0.8484	
1984	1	9.43	9.43	0.7051	
1985	1	9.47	9.47	0.7091	
1986	1	9.56	9.56	0.8064	
1987	1	9.44	9.44	0.7064	
1988	1	9.38	9.38	0.6156	
1989	1	9.27	9.27	0.4371	
1990	1	9.33	9.33	0.5011	
1991	1	9.28	9.28	0.3816	
1992	1	9.28	9.28	0.3416	
1993	1	9.29	9.29	0.3659	
1994	1	9.4	9.4	0.54	
1995	1	9.33	9.33	0.4611	
1996	1	9.4	9.4	0.56	
1997	1	9.3	9.3	0.47	
1998	1	9.25	9.25	0.4075	
1999	1	9.22	9.22	0.3916	
2000	1	9.47	9.47	0.6891	
