# mu = 1e-05, s = -0.001, trials requested = 1, runtime = 0:02:33
# "Time"	"Actual trials"	"Mean mutation"	"Average mean mutation"	"Average mutation variance"
0	1	0	0	0	
1	1	0	0	0	
2	1	0	0	0	
3	1	0.01	0.01	0.0099	
4	1	0.22	0.22	0.1716	
5	1	0.03	0.03	0.0291	
6	1	0.01	0.01	0.0099	
7	1	0.01	0.01	0.0099	
8	1	0.01	0.01	0.0099	
9	1	0.02	0.02	0.0196	
10	1	0.01	0.01	0.0099	
11	1	0.01	0.01	0.0099	
12	1	0.01	0.01	0.0099	
13	1	0.01	0.01	0.0099	
14	1	0.01	0.01	0.0099	
15	1	0.01	0.01	0.0099	
16	1	0.01	0.01	0.0099	
17	1	0.01	0.01	0.0099	
18	1	0.01	0.01	0.0099	
19	1	0.01	0.01	0.0099	
20	1	0.01	0.01	0.0099	
21	1	0.01	0.01	0.0099	
22	1	0.01	0.01	0.0099	
23	1	0.01	0.01	0.0099	
24	1	0.01	0.01	0.0099	
25	1	0.01	0.01	0.0099	
26	1	0.16	0.16	0.1344	
27	1	0.05	0.05	0.0475	
28	1	0.01	0.01	0.0099	
29	1	0.01	0.01	0.0099	
30	1	0.01	0.01	0.0099	
31	1	0.01	0.01	0.0099	
32	1	0.01	0.01	0.0099	
33	1	0.01	0.01	0.0099	
34	1	0.01	0.01	0.0099	
35	1	0.01	0.01	0.0099	
36	1	0.01	0.01	0.0099	
37	1	0.01	0.01	0.0099	
38	1	0.01	0.01	0.0099	
39	1	0.01	0.01	0.0099	
40	1	0.01	0.01	0.0099	
41	1	0.01	0.01	0.0099	
42	1	0.01	0.01	0.0099	
43	1	0.01	0.01	0.0099	
44	1	0.03	0.03	0.0291	
45	1	0.1	0.1	0.09	
46	1	0.02	0.02	0.0196	
47	1	0.01	0.01	0.0099	
48	1	0.01	0.01	0.0099	
49	1	0.01	0.01	0.0099	
50	1	0.01	0.01	0.0099	
51	1	0.01	0.01	0.0099	
52	1	0.01	0.01	0.0099	
53	1	0.01	0.01	0.0099	
54	1	0.02	0.02	0.0196	
55	1	0.28	0.28	0.2016	
56	1	0.32	0.32	0.2176	
57	1	0.15	0.15	0.1275	
58	1	0.21	0.21	0.1659	
59	1	0.25	0.25	0.1875	
60	1	0.21	0.21	0.1659	
61	1	0.18	0.18	0.1476	
62	1	0.6	0.6	0.24	
63	1	0.86	0.86	0.1204	
64	1	0.78	0.78	0.1716	
65	1	0.99	0.99	0.0099	
66	1	0.99	0.99	0.0099	
67	1	1.01	1.01	0.0099	
68	1	1.01	1.01	0.0099	
69	1	1.01	1.01	0.0099	
70	1	1.01	1.01	0.0099	
71	1	1.01	1.01	0.0099	
72	1	1.01	1.01	0.0099	
73	1	1.01	1.01	0.0099	
74	1	1.01	1.01	0.0099	
75	1	1.03	1.03	0.0291	
76	1	1.01	1.01	0.0099	
77	1	1.01	1.01	0.0099	
78	1	1.01	1.01	0.0099	
79	1	1.01	1.01	0.0099	
80	1	1.01	1.01	0.0099	
81	1	1.01	1.01	0.0099	
82	1	1.01	1.01	0.0099	
83	1	1.01	1.01	0.0099	
84	1	1.01	1.01	0.0099	
85	1	1.01	1.01	0.0099	
86	1	1.01	1.01	0.0099	
87	1	1.01	1.01	0.0099	
88	1	1.01	1.01	0.0099	
89	1	1.01	1.01	0.0099	
90	1	1.06	1.06	0.0564	
91	1	1.04	1.04	0.0384	
92	1	1.23	1.23	0.1771	
93	1	1.02	1.02	0.0196	
94	1	1.01	1.01	0.0099	
95	1	1.01	1.01	0.0099	
96	1	1.01	1.01	0.0099	
97	1	1.01	1.01	0.0099	
98	1	1.01	1.01	0.0099	
99	1	1.01	1.01	0.0099	
100	1	1.01	1.01	0.0099	
101	1	1.01	1.01	0.0099	
102	1	1.01	1.01	0.0099	
103	1	1.01	1.01	0.0099	
104	1	1.01	1.01	0.0099	
105	1	1.01	1.01	0.0099	
106	1	1.01	1.01	0.0099	
107	1	1.01	1.01	0.0099	
108	1	1.09	1.09	0.0819	
109	1	1.17	1.17	0.1411	
110	1	1.52	1.52	0.2496	
111	1	1.28	1.28	0.2016	
112	1	1.17	1.17	0.1411	
113	1	1.38	1.38	0.2356	
114	1	1.43	1.43	0.2451	
115	1	1.22	1.22	0.1716	
116	1	1.17	1.17	0.1411	
117	1	1.41	1.41	0.2419	
118	1	1.22	1.22	0.1716	
119	1	1.38	1.38	0.2356	
120	1	1.18	1.18	0.1476	
121	1	1.01	1.01	0.0099	
122	1	1.01	1.01	0.0099	
123	1	1.01	1.01	0.0099	
124	1	1.03	1.03	0.0291	
125	1	1.05	1.05	0.0475	
126	1	1.01	1.01	0.0099	
127	1	1.01	1.01	0.0099	
128	1	1.03	1.03	0.0291	
129	1	1.01	1.01	0.0099	
130	1	1.01	1.01	0.0099	
131	1	1.01	1.01	0.0099	
132	1	1.01	1.01	0.0099	
133	1	1.02	1.02	0.0196	
134	1	1.3	1.3	0.21	
135	1	1.26	1.26	0.1924	
136	1	1.28	1.28	0.2016	
137	1	1.35	1.35	0.2275	
138	1	1.12	1.12	0.1056	
139	1	1.14	1.14	0.1204	
140	1	1.58	1.58	0.2436	
141	1	1.8	1.8	0.16	
142	1	1.46	1.46	0.2484	
143	1	1.28	1.28	0.2016	
144	1	1.41	1.41	0.2419	
145	1	1.35	1.35	0.2675	
146	1	1.51	1.51	0.2499	
147	1	1.25	1.25	0.1875	
148	1	1.04	1.04	0.0384	
149	1	1.01	1.01	0.0099	
150	1	1.01	1.01	0.0099	
151	1	1.02	1.02	0.0196	
152	1	1.01	1.01	0.0099	
153	1	1.01	1.01	0.0099	
154	1	1.01	1.01	0.0099	
155	1	1.01	1.01	0.0099	
156	1	1.02	1.02	0.0196	
157	1	1.01	1.01	0.0099	
158	1	1.01	1.01	0.0099	
159	1	1.01	1.01	0.0099	
160	1	1.01	1.01	0.0099	
161	1	1.01	1.01	0.0099	
162	1	1.01	1.01	0.0099	
163	1	1.01	1.01	0.0099	
164	1	1.24	1.24	0.1824	
165	1	1.21	1.21	0.1659	
166	1	1.1	1.1	0.09	
167	1	1.01	1.01	0.0099	
168	1	1.01	1.01	0.0099	
169	1	1.01	1.01	0.0099	
170	1	1.01	1.01	0.0099	
171	1	1.01	1.01	0.0099	
172	1	1.01	1.01	0.0099	
173	1	1.01	1.01	0.0099	
174	1	1.01	1.01	0.0099	
175	1	1.01	1.01	0.0099	
176	1	1.01	1.01	0.0099	
177	1	1.01	1.01	0.0099	
178	1	1.01	1.01	0.0099	
179	1	1.17	1.17	0.1411	
180	1	1.22	1.22	0.1716	
181	1	1.01	1.01	0.0099	
182	1	1.01	1.01	0.0099	
183	1	1.01	1.01	0.0099	
184	1	1.01	1.01	0.0099	
185	1	1.01	1.01	0.0099	
186	1	1.01	1.01	0.0099	
187	1	1.01	1.01	0.0099	
188	1	1.01	1.01	0.0099	
189	1	1.1	1.1	0.09	
190	1	1.1	1.1	0.09	
191	1	1.08	1.08	0.0736	
192	1	1.53	1.53	0.2491	
193	1	1.35	1.35	0.2275	
194	1	1.41	1.41	0.2419	
195	1	1.4	1.4	0.24	
196	1	1.47	1.47	0.2491	
197	1	1.5	1.5	0.25	
198	1	1.28	1.28	0.2016	
199	1	1.08	1.08	0.0736	
200	1	1.01	1.01	0.0099	
201	1	1.02	1.02	0.0196	
202	1	1.01	1.01	0.0099	
203	1	1.01	1.01	0.0099	
204	1	1.01	1.01	0.0099	
205	1	1.1	1.1	0.09	
206	1	1.25	1.25	0.1875	
207	1	1.55	1.55	0.2475	
208	1	1.56	1.56	0.2464	
209	1	1.28	1.28	0.2016	
210	1	1.09	1.09	0.0819	
211	1	1.01	1.01	0.0099	
212	1	1.01	1.01	0.0099	
213	1	1.01	1.01	0.0099	
214	1	1.01	1.01	0.0099	
215	1	1.05	1.05	0.0475	
216	1	1.01	1.01	0.0099	
217	1	1.01	1.01	0.0099	
218	1	1.01	1.01	0.0099	
219	1	1.03	1.03	0.0291	
220	1	1.01	1.01	0.0099	
221	1	1.01	1.01	0.0099	
222	1	1.01	1.01	0.0099	
223	1	1.01	1.01	0.0099	
224	1	1.01	1.01	0.0099	
225	1	1.01	1.01	0.0099	
226	1	1.14	1.14	0.1204	
227	1	1.2	1.2	0.16	
228	1	1.3	1.3	0.21	
229	1	1.45	1.45	0.2475	
230	1	1.55	1.55	0.2475	
231	1	1.53	1.53	0.2491	
232	1	1.57	1.57	0.2451	
233	1	1.62	1.62	0.2356	
234	1	1.85	1.85	0.1275	
235	1	1.86	1.86	0.1204	
236	1	1.66	1.66	0.2244	
237	1	1.75	1.75	0.2075	
238	1	1.7	1.7	0.21	
239	1	1.92	1.92	0.0736	
240	1	1.99	1.99	0.0099	
241	1	2.01	2.01	0.0099	
242	1	2.01	2.01	0.0099	
243	1	2.01	2.01	0.0099	
244	1	2.01	2.01	0.0099	
245	1	2.01	2.01	0.0099	
246	1	2.01	2.01	0.0099	
247	1	2.01	2.01	0.0099	
248	1	2.01	2.01	0.0099	
249	1	2.01	2.01	0.0099	
250	1	2.01	2.01	0.0099	
251	1	2.01	2.01	0.0099	
252	1	2.01	2.01	0.0099	
253	1	2.01	2.01	0.0099	
254	1	2.05	2.05	0.0475	
255	1	2.03	2.03	0.0291	
256	1	2.01	2.01	0.0099	
257	1	2.08	2.08	0.0736	
258	1	2.01	2.01	0.0099	
259	1	2.01	2.01	0.0099	
260	1	2.01	2.01	0.0099	
261	1	2.01	2.01	0.0099	
262	1	2.01	2.01	0.0099	
263	1	2.01	2.01	0.0099	
264	1	2.01	2.01	0.0099	
265	1	2.03	2.03	0.0291	
266	1	2.01	2.01	0.0099	
267	1	2.01	2.01	0.0099	
268	1	2.01	2.01	0.0099	
269	1	2.01	2.01	0.0099	
270	1	2.02	2.02	0.0196	
271	1	2.01	2.01	0.0099	
272	1	2.01	2.01	0.0099	
273	1	2.01	2.01	0.0099	
274	1	2.01	2.01	0.0099	
275	1	2.01	2.01	0.0099	
276	1	2.01	2.01	0.0099	
277	1	2.01	2.01	0.0099	
278	1	2.01	2.01	0.0099	
279	1	2.01	2.01	0.0099	
280	1	2.01	2.01	0.0099	
281	1	2.03	2.03	0.0291	
282	1	2.01	2.01	0.0099	
283	1	2.01	2.01	0.0099	
284	1	2.01	2.01	0.0099	
285	1	2.01	2.01	0.0099	
286	1	2.01	2.01	0.0099	
287	1	2.01	2.01	0.0099	
288	1	2.01	2.01	0.0099	
289	1	2.01	2.01	0.0099	
290	1	2.04	2.04	0.0384	
291	1	2.01	2.01	0.0099	
292	1	2.01	2.01	0.0099	
293	1	2.08	2.08	0.0736	
294	1	2.01	2.01	0.0099	
295	1	2.01	2.01	0.0099	
296	1	2.01	2.01	0.0099	
297	1	2.01	2.01	0.0099	
298	1	2.01	2.01	0.0099	
299	1	2.01	2.01	0.0099	
300	1	2.01	2.01	0.0099	
301	1	2.01	2.01	0.0099	
302	1	2.01	2.01	0.0099	
303	1	2.01	2.01	0.0099	
304	1	2.01	2.01	0.0099	
305	1	2.01	2.01	0.0099	
306	1	2.01	2.01	0.0099	
307	1	2.01	2.01	0.0099	
308	1	2.01	2.01	0.0099	
309	1	2.01	2.01	0.0099	
310	1	2.01	2.01	0.0099	
311	1	2.01	2.01	0.0099	
312	1	2.01	2.01	0.0099	
313	1	2.01	2.01	0.0099	
314	1	2.01	2.01	0.0099	
315	1	2.01	2.01	0.0099	
316	1	2.01	2.01	0.0099	
317	1	2.01	2.01	0.0099	
318	1	2.07	2.07	0.0651	
319	1	2.03	2.03	0.0291	
320	1	2.01	2.01	0.0099	
321	1	2.01	2.01	0.0099	
322	1	2.01	2.01	0.0099	
323	1	2.01	2.01	0.0099	
324	1	2.01	2.01	0.0099	
325	1	2.01	2.01	0.0099	
326	1	2.01	2.01	0.0099	
327	1	2.01	2.01	0.0099	
328	1	2.01	2.01	0.0099	
329	1	2.01	2.01	0.0099	
330	1	2.01	2.01	0.0099	
331	1	2.01	2.01	0.0099	
332	1	2.01	2.01	0.0099	
333	1	2.01	2.01	0.0099	
334	1	2.09	2.09	0.0819	
335	1	2.01	2.01	0.0099	
336	1	2.01	2.01	0.0099	
337	1	2.01	2.01	0.0099	
338	1	2.01	2.01	0.0099	
339	1	2.01	2.01	0.0099	
340	1	2.01	2.01	0.0099	
341	1	2.01	2.01	0.0099	
342	1	2.01	2.01	0.0099	
343	1	2.01	2.01	0.0099	
344	1	2.01	2.01	0.0099	
345	1	2.01	2.01	0.0099	
346	1	2.01	2.01	0.0099	
347	1	2.01	2.01	0.0099	
348	1	2.01	2.01	0.0099	
349	1	2.01	2.01	0.0099	
350	1	2.01	2.01	0.0099	
351	1	2.17	2.17	0.1411	
352	1	2.07	2.07	0.0651	
353	1	2.01	2.01	0.0099	
354	1	2.01	2.01	0.0099	
355	1	2.01	2.01	0.0099	
356	1	2.01	2.01	0.0099	
357	1	2.01	2.01	0.0099	
358	1	2.01	2.01	0.0099	
359	1	2.01	2.01	0.0099	
360	1	2.27	2.27	0.1971	
361	1	2.19	2.19	0.1539	
362	1	2.1	2.1	0.09	
363	1	2.01	2.01	0.0099	
364	1	2.01	2.01	0.0099	
365	1	2.05	2.05	0.0475	
366	1	2.02	2.02	0.0196	
367	1	2.01	2.01	0.0099	
368	1	2.01	2.01	0.0099	
369	1	2.01	2.01	0.0099	
370	1	2.01	2.01	0.0099	
371	1	2.01	2.01	0.0099	
372	1	2.01	2.01	0.0099	
373	1	2.13	2.13	0.1131	
374	1	2.07	2.07	0.0851	
375	1	2.2	2.2	0.22	
376	1	2.01	2.01	0.0099	
377	1	2.01	2.01	0.0099	
378	1	2.07	2.07	0.0651	
379	1	2.07	2.07	0.0651	
380	1	2.01	2.01	0.0099	
381	1	2.06	2.06	0.0564	
382	1	2.06	2.06	0.0564	
383	1	2.01	2.01	0.0099	
384	1	2.11	2.11	0.0979	
385	1	2.19	2.19	0.1539	
386	1	2.05	2.05	0.0475	
387	1	2.07	2.07	0.0651	
388	1	2.22	2.22	0.1716	
389	1	2.37	2.37	0.2331	
390	1	2.2	2.2	0.16	
391	1	2.14	2.14	0.1204	
392	1	2.01	2.01	0.0099	
393	1	2.01	2.01	0.0099	
394	1	2.01	2.01	0.0099	
395	1	2.01	2.01	0.0099	
396	1	2.01	2.01	0.0099	
397	1	2.01	2.01	0.0099	
398	1	2.01	2.01	0.0099	
399	1	2.01	2.01	0.0099	
400	1	2.01	2.01	0.0099	
401	1	2.01	2.01	0.0099	
402	1	2.01	2.01	0.0099	
403	1	2.03	2.03	0.0291	
404	1	2.01	2.01	0.0099	
405	1	2.01	2.01	0.0099	
406	1	2.01	2.01	0.0099	
407	1	2.01	2.01	0.0099	
408	1	2.01	2.01	0.0099	
409	1	2.05	2.05	0.0475	
410	1	2.01	2.01	0.0099	
411	1	2.01	2.01	0.0099	
412	1	2.01	2.01	0.0099	
413	1	2.01	2.01	0.0099	
414	1	2.07	2.07	0.0651	
415	1	2.06	2.06	0.0564	
416	1	2.03	2.03	0.0291	
417	1	2.01	2.01	0.0099	
418	1	2.01	2.01	0.0099	
419	1	2.01	2.01	0.0099	
420	1	2.01	2.01	0.0099	
421	1	2.03	2.03	0.0291	
422	1	2.01	2.01	0.0099	
423	1	2.01	2.01	0.0099	
424	1	2.01	2.01	0.0099	
425	1	2.01	2.01	0.0099	
426	1	2.01	2.01	0.0099	
427	1	2.02	2.02	0.0196	
428	1	2.01	2.01	0.0099	
429	1	2.01	2.01	0.0099	
430	1	2.01	2.01	0.0099	
431	1	2.01	2.01	0.0099	
432	1	2.01	2.01	0.0099	
433	1	2.01	2.01	0.0099	
434	1	2.01	2.01	0.0099	
435	1	2.01	2.01	0.0099	
436	1	2.01	2.01	0.0099	
437	1	2.01	2.01	0.0099	
438	1	2.01	2.01	0.0099	
439	1	2.01	2.01	0.0099	
440	1	2.01	2.01	0.0099	
441	1	2.01	2.01	0.0099	
442	1	2.01	2.01	0.0099	
443	1	2.01	2.01	0.0099	
444	1	2.01	2.01	0.0099	
445	1	2.01	2.01	0.0099	
446	1	2.01	2.01	0.0099	
447	1	2.18	2.18	0.1476	
448	1	2.24	2.24	0.1824	
449	1	2.28	2.28	0.2016	
450	1	2.01	2.01	0.0099	
451	1	2.01	2.01	0.0099	
452	1	2.01	2.01	0.0099	
453	1	2.01	2.01	0.0099	
454	1	2.01	2.01	0.0099	
455	1	2.01	2.01	0.0099	
456	1	2.01	2.01	0.0099	
457	1	2.01	2.01	0.0099	
458	1	2.04	2.04	0.0384	
459	1	2.09	2.09	0.0819	
460	1	2.01	2.01	0.0099	
461	1	2.02	2.02	0.0196	
462	1	2.01	2.01	0.0099	
463	1	2.01	2.01	0.0099	
464	1	2.01	2.01	0.0099	
465	1	2.04	2.04	0.0384	
466	1	2.15	2.15	0.1275	
467	1	2.01	2.01	0.0099	
468	1	2.01	2.01	0.0099	
469	1	2.01	2.01	0.0099	
470	1	2.01	2.01	0.0099	
471	1	2.01	2.01	0.0099	
472	1	2.01	2.01	0.0099	
473	1	2.01	2.01	0.0099	
474	1	2.01	2.01	0.0099	
475	1	2.01	2.01	0.0099	
476	1	2.01	2.01	0.0099	
477	1	2.01	2.01	0.0099	
478	1	2.01	2.01	0.0099	
479	1	2.01	2.01	0.0099	
480	1	2.01	2.01	0.0099	
481	1	2.01	2.01	0.0099	
482	1	2.01	2.01	0.0099	
483	1	2.01	2.01	0.0099	
484	1	2.01	2.01	0.0099	
485	1	2.01	2.01	0.0099	
486	1	2.01	2.01	0.0099	
487	1	2.01	2.01	0.0099	
488	1	2.01	2.01	0.0099	
489	1	2.01	2.01	0.0099	
490	1	2.01	2.01	0.0099	
491	1	2.01	2.01	0.0099	
492	1	2.01	2.01	0.0099	
493	1	2.01	2.01	0.0099	
494	1	2.01	2.01	0.0099	
495	1	2.01	2.01	0.0099	
496	1	2.01	2.01	0.0099	
497	1	2.02	2.02	0.0196	
498	1	2.01	2.01	0.0099	
499	1	2.01	2.01	0.0099	
500	1	2.01	2.01	0.0099	
501	1	2.1	2.1	0.09	
502	1	2.23	2.23	0.1771	
503	1	2.06	2.06	0.0564	
504	1	2.26	2.26	0.1924	
505	1	2.09	2.09	0.0819	
506	1	2.09	2.09	0.0819	
507	1	2.06	2.06	0.0564	
508	1	2.01	2.01	0.0099	
509	1	2.01	2.01	0.0099	
510	1	2.02	2.02	0.0196	
511	1	2.02	2.02	0.0196	
512	1	2.01	2.01	0.0099	
513	1	2.01	2.01	0.0099	
514	1	2.02	2.02	0.0196	
515	1	2.01	2.01	0.0099	
516	1	2.01	2.01	0.0099	
517	1	2.01	2.01	0.0099	
518	1	2.01	2.01	0.0099	
519	1	2.02	2.02	0.0196	
520	1	2.01	2.01	0.0099	
521	1	2.01	2.01	0.0099	
522	1	2.01	2.01	0.0099	
523	1	2.09	2.09	0.0819	
524	1	2.01	2.01	0.0099	
525	1	2.01	2.01	0.0099	
526	1	2.01	2.01	0.0099	
527	1	2.01	2.01	0.0099	
528	1	2.01	2.01	0.0099	
529	1	2.01	2.01	0.0099	
530	1	2.01	2.01	0.0099	
531	1	2.01	2.01	0.0099	
532	1	2.04	2.04	0.0384	
533	1	2.01	2.01	0.0099	
534	1	2.01	2.01	0.0099	
535	1	2.01	2.01	0.0099	
536	1	2.06	2.06	0.0564	
537	1	2.13	2.13	0.1131	
538	1	2.39	2.39	0.2379	
539	1	2.51	2.51	0.2499	
540	1	2.59	2.59	0.2419	
541	1	2.66	2.66	0.2244	
542	1	2.68	2.68	0.2176	
543	1	2.43	2.43	0.2451	
544	1	2.67	2.67	0.2211	
545	1	2.87	2.87	0.1531	
546	1	2.93	2.93	0.0651	
547	1	2.74	2.74	0.1924	
548	1	2.74	2.74	0.2524	
549	1	2.71	2.71	0.2059	
550	1	2.64	2.64	0.2504	
551	1	2.36	2.36	0.2304	
552	1	2.63	2.63	0.2331	
553	1	2.45	2.45	0.2475	
554	1	2.71	2.71	0.2059	
555	1	2.89	2.89	0.0979	
556	1	3.08	3.08	0.0736	
557	1	3.08	3.08	0.0736	
558	1	3.01	3.01	0.0099	
559	1	3.09	3.09	0.0819	
560	1	3.01	3.01	0.0099	
561	1	3.01	3.01	0.0099	
562	1	3.01	3.01	0.0099	
563	1	3.07	3.07	0.0651	
564	1	3.01	3.01	0.0099	
565	1	3.02	3.02	0.0196	
566	1	3.01	3.01	0.0099	
567	1	3.01	3.01	0.0099	
568	1	3.01	3.01	0.0099	
569	1	3.01	3.01	0.0099	
570	1	3.01	3.01	0.0099	
571	1	3.01	3.01	0.0099	
572	1	3.01	3.01	0.0099	
573	1	3.05	3.05	0.0475	
574	1	3.01	3.01	0.0099	
575	1	3.01	3.01	0.0099	
576	1	3.01	3.01	0.0099	
577	1	3.01	3.01	0.0099	
578	1	3.01	3.01	0.0099	
579	1	3.01	3.01	0.0099	
580	1	3.01	3.01	0.0099	
581	1	3.01	3.01	0.0099	
582	1	3.01	3.01	0.0099	
583	1	3.01	3.01	0.0099	
584	1	3.01	3.01	0.0099	
585	1	3.01	3.01	0.0099	
586	1	3.01	3.01	0.0099	
587	1	3.01	3.01	0.0099	
588	1	3.01	3.01	0.0099	
589	1	3.01	3.01	0.0099	
590	1	3.01	3.01	0.0099	
591	1	3.01	3.01	0.0099	
592	1	3.01	3.01	0.0099	
593	1	3.01	3.01	0.0099	
594	1	3.02	3.02	0.0196	
595	1	3.36	3.36	0.2304	
596	1	3.27	3.27	0.1971	
597	1	3.43	3.43	0.2451	
598	1	3.2	3.2	0.16	
599	1	3.7	3.7	0.21	
600	1	3.72	3.72	0.2016	
601	1	3.62	3.62	0.2356	
602	1	3.91	3.91	0.1019	
603	1	4.07	4.07	0.0651	
604	1	4.02	4.02	0.0196	
605	1	4.06	4.06	0.0564	
606	1	4.14	4.14	0.1204	
607	1	4.01	4.01	0.0099	
608	1	4.01	4.01	0.0099	
609	1	4.04	4.04	0.0384	
610	1	4.01	4.01	0.0099	
611	1	4.01	4.01	0.0099	
612	1	4.19	4.19	0.1539	
613	1	4.38	4.38	0.2356	
614	1	4.37	4.37	0.2531	
615	1	4.05	4.05	0.0475	
616	1	4.12	4.12	0.1056	
617	1	4.04	4.04	0.0384	
618	1	4.01	4.01	0.0099	
619	1	4.01	4.01	0.0099	
620	1	4.01	4.01	0.0099	
621	1	4.01	4.01	0.0099	
622	1	4.01	4.01	0.0099	
623	1	4.01	4.01	0.0099	
624	1	4.01	4.01	0.0099	
625	1	4.01	4.01	0.0099	
626	1	4.01	4.01	0.0099	
627	1	4.01	4.01	0.0099	
628	1	4.01	4.01	0.0099	
629	1	4.05	4.05	0.0475	
630	1	4.01	4.01	0.0099	
631	1	4.01	4.01	0.0099	
632	1	4.01	4.01	0.0099	
633	1	4.01	4.01	0.0099	
634	1	4.01	4.01	0.0099	
635	1	4.01	4.01	0.0099	
636	1	4.01	4.01	0.0099	
637	1	4.01	4.01	0.0099	
638	1	4.01	4.01	0.0099	
639	1	4.01	4.01	0.0099	
640	1	4.01	4.01	0.0099	
641	1	4.01	4.01	0.0099	
642	1	4.01	4.01	0.0099	
643	1	4.01	4.01	0.0099	
644	1	4.01	4.01	0.0099	
645	1	4.01	4.01	0.0099	
646	1	4.01	4.01	0.0099	
647	1	4.01	4.01	0.0099	
648	1	4.01	4.01	0.0099	
649	1	4.01	4.01	0.0099	
650	1	4.01	4.01	0.0099	
651	1	4.01	4.01	0.0099	
652	1	4.01	4.01	0.0099	
653	1	4.01	4.01	0.0099	
654	1	4.01	4.01	0.0099	
655	1	4.01	4.01	0.0099	
656	1	4.01	4.01	0.0099	
657	1	4.04	4.04	0.0584	
658	1	4.01	4.01	0.0099	
659	1	4.01	4.01	0.0099	
660	1	4.01	4.01	0.0099	
661	1	4.01	4.01	0.0099	
662	1	4.01	4.01	0.0099	
663	1	4.01	4.01	0.0099	
664	1	4.01	4.01	0.0099	
665	1	4.07	4.07	0.0651	
666	1	4.01	4.01	0.0099	
667	1	4.01	4.01	0.0099	
668	1	4.01	4.01	0.0099	
669	1	4.01	4.01	0.0099	
670	1	4.01	4.01	0.0099	
671	1	4.01	4.01	0.0099	
672	1	4.01	4.01	0.0099	
673	1	4.01	4.01	0.0099	
674	1	4.01	4.01	0.0099	
675	1	4.01	4.01	0.0099	
676	1	4.01	4.01	0.0099	
677	1	4.01	4.01	0.0099	
678	1	4.01	4.01	0.0099	
679	1	4.01	4.01	0.0099	
680	1	4.01	4.01	0.0099	
681	1	4.06	4.06	0.0564	
682	1	4.34	4.34	0.2244	
683	1	4.82	4.82	0.1476	
684	1	4.84	4.84	0.1344	
685	1	4.78	4.78	0.1716	
686	1	4.93	4.93	0.1051	
687	1	4.94	4.94	0.2164	
688	1	5.02	5.02	0.0596	
689	1	5.06	5.06	0.0564	
690	1	5.01	5.01	0.0099	
691	1	5.01	5.01	0.0099	
692	1	5.01	5.01	0.0099	
693	1	5.01	5.01	0.0099	
694	1	5.01	5.01	0.0099	
695	1	5.01	5.01	0.0099	
696	1	5.01	5.01	0.0099	
697	1	5.01	5.01	0.0099	
698	1	5.01	5.01	0.0099	
699	1	5.01	5.01	0.0099	
700	1	5.01	5.01	0.0099	
701	1	5.01	5.01	0.0099	
702	1	5.01	5.01	0.0099	
703	1	5.01	5.01	0.0099	
704	1	5.03	5.03	0.0291	
705	1	5.02	5.02	0.0196	
706	1	5.03	5.03	0.0291	
707	1	5.24	5.24	0.1824	
708	1	5.33	5.33	0.2211	
709	1	5.1	5.1	0.09	
710	1	5.01	5.01	0.0099	
711	1	5.01	5.01	0.0099	
712	1	5.03	5.03	0.0291	
713	1	5.01	5.01	0.0099	
714	1	5.01	5.01	0.0099	
715	1	5.01	5.01	0.0099	
716	1	5.03	5.03	0.0291	
717	1	5.01	5.01	0.0099	
718	1	5.01	5.01	0.0099	
719	1	5.01	5.01	0.0099	
720	1	5.01	5.01	0.0099	
721	1	5.01	5.01	0.0099	
722	1	5.01	5.01	0.0099	
723	1	5.01	5.01	0.0099	
724	1	5.01	5.01	0.0099	
725	1	5.01	5.01	0.0099	
726	1	5.01	5.01	0.0099	
727	1	5.01	5.01	0.0099	
728	1	5.01	5.01	0.0099	
729	1	5.01	5.01	0.0099	
730	1	5.01	5.01	0.0099	
731	1	5.01	5.01	0.0099	
732	1	5.01	5.01	0.0099	
733	1	5.01	5.01	0.0099	
734	1	5.02	5.02	0.0196	
735	1	5.01	5.01	0.0099	
736	1	5.01	5.01	0.0099	
737	1	5.01	5.01	0.0099	
738	1	5.02	5.02	0.0196	
739	1	5.01	5.01	0.0099	
740	1	5.01	5.01	0.0099	
741	1	5.01	5.01	0.0099	
742	1	5.01	5.01	0.0099	
743	1	5.01	5.01	0.0099	
744	1	5.01	5.01	0.0099	
745	1	5.02	5.02	0.0196	
746	1	5.01	5.01	0.0099	
747	1	5.01	5.01	0.0099	
748	1	5.01	5.01	0.0099	
749	1	5.01	5.01	0.0099	
750	1	5.01	5.01	0.0099	
751	1	5.09	5.09	0.0819	
752	1	5.18	5.18	0.1476	
753	1	5.14	5.14	0.1204	
754	1	5.41	5.41	0.2419	
755	1	5.29	5.29	0.2059	
756	1	5.01	5.01	0.0099	
757	1	5.01	5.01	0.0099	
758	1	5.01	5.01	0.0099	
759	1	5.01	5.01	0.0099	
760	1	5.01	5.01	0.0099	
761	1	5.01	5.01	0.0099	
762	1	5.01	5.01	0.0099	
763	1	5.01	5.01	0.0099	
764	1	5.01	5.01	0.0099	
765	1	5.01	5.01	0.0099	
766	1	5.01	5.01	0.0099	
767	1	5.01	5.01	0.0099	
768	1	5.15	5.15	0.1275	
769	1	5.02	5.02	0.0196	
770	1	5.01	5.01	0.0099	
771	1	5.01	5.01	0.0099	
772	1	5.01	5.01	0.0099	
773	1	5.01	5.01	0.0099	
774	1	5.01	5.01	0.0099	
775	1	5.01	5.01	0.0099	
776	1	5.01	5.01	0.0099	
777	1	5.01	5.01	0.0099	
778	1	5.01	5.01	0.0099	
779	1	5.17	5.17	0.1411	
780	1	5.25	5.25	0.1875	
781	1	5.08	5.08	0.0736	
782	1	5.03	5.03	0.0291	
783	1	5.01	5.01	0.0099	
784	1	5.01	5.01	0.0099	
785	1	5.01	5.01	0.0099	
786	1	5.01	5.01	0.0099	
787	1	5.01	5.01	0.0099	
788	1	5.01	5.01	0.0099	
789	1	5.01	5.01	0.0099	
790	1	5.01	5.01	0.0099	
791	1	5.01	5.01	0.0099	
792	1	5.01	5.01	0.0099	
793	1	5.04	5.04	0.0384	
794	1	5.01	5.01	0.0099	
795	1	5.01	5.01	0.0099	
796	1	5.01	5.01	0.0099	
797	1	5.01	5.01	0.0099	
798	1	5.01	5.01	0.0099	
799	1	5.01	5.01	0.0099	
800	1	5.01	5.01	0.0099	
801	1	5.01	5.01	0.0099	
802	1	5.01	5.01	0.0099	
803	1	5.01	5.01	0.0099	
804	1	5.01	5.01	0.0099	
805	1	5.01	5.01	0.0099	
806	1	5.02	5.02	0.0196	
807	1	5.01	5.01	0.0099	
808	1	5.02	5.02	0.0196	
809	1	5.01	5.01	0.0099	
810	1	5.01	5.01	0.0099	
811	1	5.01	5.01	0.0099	
812	1	5.01	5.01	0.0099	
813	1	5.01	5.01	0.0099	
814	1	5.03	5.03	0.0291	
815	1	5.01	5.01	0.0099	
816	1	5.01	5.01	0.0099	
817	1	5.01	5.01	0.0099	
818	1	5.01	5.01	0.0099	
819	1	5.01	5.01	0.0099	
820	1	5.01	5.01	0.0099	
821	1	5.01	5.01	0.0099	
822	1	5.01	5.01	0.0099	
823	1	5.01	5.01	0.0099	
824	1	5.01	5.01	0.0099	
825	1	5.01	5.01	0.0099	
826	1	5.01	5.01	0.0099	
827	1	5.01	5.01	0.0099	
828	1	5.11	5.11	0.1979	
829	1	5.02	5.02	0.0396	
830	1	5.02	5.02	0.0396	
831	1	5.01	5.01	0.0099	
832	1	5.01	5.01	0.0099	
833	1	5.01	5.01	0.0099	
834	1	5.05	5.05	0.0475	
835	1	5.01	5.01	0.0099	
836	1	5.01	5.01	0.0099	
837	1	5.01	5.01	0.0099	
838	1	5.01	5.01	0.0099	
839	1	5.01	5.01	0.0099	
840	1	5.04	5.04	0.0384	
841	1	5.12	5.12	0.1056	
842	1	5.01	5.01	0.0099	
843	1	5.01	5.01	0.0099	
844	1	5.01	5.01	0.0099	
845	1	5.01	5.01	0.0099	
846	1	5.01	5.01	0.0099	
847	1	5.01	5.01	0.0099	
848	1	5.05	5.05	0.0475	
849	1	5.01	5.01	0.0099	
850	1	5.01	5.01	0.0099	
851	1	5.02	5.02	0.0196	
852	1	5.01	5.01	0.0099	
853	1	5.01	5.01	0.0099	
854	1	5.01	5.01	0.0099	
855	1	5.01	5.01	0.0099	
856	1	5.01	5.01	0.0099	
857	1	5.01	5.01	0.0099	
858	1	5.01	5.01	0.0099	
859	1	5.01	5.01	0.0099	
860	1	5.01	5.01	0.0099	
861	1	5.01	5.01	0.0099	
862	1	5.01	5.01	0.0099	
863	1	5.01	5.01	0.0099	
864	1	5.01	5.01	0.0099	
865	1	5.01	5.01	0.0099	
866	1	5.01	5.01	0.0099	
867	1	5.01	5.01	0.0099	
868	1	5.01	5.01	0.0099	
869	1	5.01	5.01	0.0099	
870	1	5.01	5.01	0.0099	
871	1	5.01	5.01	0.0099	
872	1	5.01	5.01	0.0099	
873	1	5.01	5.01	0.0099	
874	1	5.01	5.01	0.0099	
875	1	5.01	5.01	0.0099	
876	1	5.01	5.01	0.0099	
877	1	5.01	5.01	0.0099	
878	1	5.01	5.01	0.0099	
879	1	5.01	5.01	0.0099	
880	1	5.16	5.16	0.1344	
881	1	5.4	5.4	0.24	
882	1	5.87	5.87	0.3931	
883	1	5.91	5.91	0.1619	
884	1	6.01	6.01	0.0099	
885	1	6.01	6.01	0.0099	
886	1	6.01	6.01	0.0099	
887	1	6.01	6.01	0.0099	
888	1	6.01	6.01	0.0099	
889	1	6.01	6.01	0.0099	
890	1	6.05	6.05	0.0475	
891	1	6.09	6.09	0.0819	
892	1	6.33	6.33	0.2211	
893	1	6.3	6.3	0.21	
894	1	6.55	6.55	0.2475	
895	1	6.27	6.27	0.1971	
896	1	6.12	6.12	0.1056	
897	1	6.03	6.03	0.0291	
898	1	6.09	6.09	0.0819	
899	1	6.55	6.55	0.2475	
900	1	6.98	6.98	0.0196	
901	1	7.01	7.01	0.0099	
902	1	7.01	7.01	0.0099	
903	1	7.06	7.06	0.0564	
904	1	7.01	7.01	0.0099	
905	1	7.16	7.16	0.1344	
906	1	7.19	7.19	0.1539	
907	1	7.18	7.18	0.1476	
908	1	7.25	7.25	0.1875	
909	1	7.13	7.13	0.1131	
910	1	7.01	7.01	0.0099	
911	1	7.01	7.01	0.0099	
912	1	7.01	7.01	0.0099	
913	1	7.01	7.01	0.0099	
914	1	7.01	7.01	0.0099	
915	1	7.01	7.01	0.0099	
916	1	7.01	7.01	0.0099	
917	1	7.01	7.01	0.0099	
918	1	7.01	7.01	0.0099	
919	1	7.02	7.02	0.0196	
920	1	7.02	7.02	0.0196	
921	1	7.05	7.05	0.0475	
922	1	7.25	7.25	0.1875	
923	1	7.37	7.37	0.2331	
924	1	7.3	7.3	0.21	
925	1	7.1	7.1	0.09	
926	1	7.15	7.15	0.1275	
927	1	7.31	7.31	0.2139	
928	1	7.24	7.24	0.1824	
929	1	7.19	7.19	0.1539	
930	1	7.27	7.27	0.1971	
931	1	7.47	7.47	0.2491	
932	1	7.26	7.26	0.1924	
933	1	7.16	7.16	0.1344	
934	1	7.13	7.13	0.1131	
935	1	7.01	7.01	0.0099	
936	1	7.01	7.01	0.0099	
937	1	7.01	7.01	0.0099	
938	1	7.01	7.01	0.0099	
939	1	7.01	7.01	0.0099	
940	1	7.06	7.06	0.0564	
941	1	7.1	7.1	0.09	
942	1	7.01	7.01	0.0099	
943	1	7.01	7.01	0.0099	
944	1	7.01	7.01	0.0099	
945	1	7.01	7.01	0.0099	
946	1	7.01	7.01	0.0099	
947	1	7.01	7.01	0.0099	
948	1	7.01	7.01	0.0099	
949	1	7.01	7.01	0.0099	
950	1	7.01	7.01	0.0099	
951	1	7.01	7.01	0.0099	
952	1	7.01	7.01	0.0099	
953	1	7.03	7.03	0.0291	
954	1	7.01	7.01	0.0099	
955	1	7.01	7.01	0.0099	
956	1	7.01	7.01	0.0099	
957	1	7.01	7.01	0.0099	
958	1	7.01	7.01	0.0099	
959	1	7.16	7.16	0.1344	
960	1	7.36	7.36	0.2504	
961	1	7.47	7.47	0.2491	
962	1	7.44	7.44	0.3464	
963	1	7.36	7.36	0.5704	
964	1	7.07	7.07	0.0851	
965	1	7.01	7.01	0.0099	
966	1	7.01	7.01	0.0099	
967	1	7.01	7.01	0.0099	
968	1	7.01	7.01	0.0099	
969	1	7.01	7.01	0.0099	
970	1	7.03	7.03	0.0291	
971	1	7.01	7.01	0.0099	
972	1	7.01	7.01	0.0099	
973	1	7.01	7.01	0.0099	
974	1	7.01	7.01	0.0099	
975	1	7.02	7.02	0.0196	
976	1	7.01	7.01	0.0099	
977	1	7.01	7.01	0.0099	
978	1	7.01	7.01	0.0099	
979	1	7.01	7.01	0.0099	
980	1	7.05	7.05	0.0475	
981	1	7.01	7.01	0.0099	
982	1	7.01	7.01	0.0099	
983	1	7.01	7.01	0.0099	
984	1	7.01	7.01	0.0099	
985	1	7.01	7.01	0.0099	
986	1	7.01	7.01	0.0099	
987	1	7.01	7.01	0.0099	
988	1	7.01	7.01	0.0099	
989	1	7.01	7.01	0.0099	
990	1	7.01	7.01	0.0099	
991	1	7.01	7.01	0.0099	
992	1	7.03	7.03	0.0291	
993	1	7.08	7.08	0.0736	
994	1	7.19	7.19	0.1539	
995	1	7.39	7.39	0.2379	
996	1	7.31	7.31	0.2139	
997	1	7.15	7.15	0.1275	
998	1	7.21	7.21	0.1659	
999	1	7.02	7.02	0.0196	
1000	1	7.04	7.04	0.0384	
1001	1	7.01	7.01	0.0099	
1002	1	7.01	7.01	0.0099	
1003	1	7.01	7.01	0.0099	
1004	1	7.01	7.01	0.0099	
1005	1	7.01	7.01	0.0099	
1006	1	7.01	7.01	0.0099	
1007	1	7.01	7.01	0.0099	
1008	1	7.01	7.01	0.0099	
1009	1	7.01	7.01	0.0099	
1010	1	7.01	7.01	0.0099	
1011	1	7.01	7.01	0.0099	
1012	1	7.02	7.02	0.0196	
1013	1	7.01	7.01	0.0099	
1014	1	7.01	7.01	0.0099	
1015	1	7.01	7.01	0.0099	
1016	1	7.01	7.01	0.0099	
1017	1	7.22	7.22	0.1716	
1018	1	7.08	7.08	0.0736	
1019	1	7.19	7.19	0.1539	
1020	1	7.01	7.01	0.0099	
1021	1	7.01	7.01	0.0099	
1022	1	7.01	7.01	0.0099	
1023	1	7.01	7.01	0.0099	
1024	1	7.01	7.01	0.0099	
1025	1	7.01	7.01	0.0099	
1026	1	7.01	7.01	0.0099	
1027	1	7.01	7.01	0.0099	
1028	1	7.01	7.01	0.0099	
1029	1	7.01	7.01	0.0099	
1030	1	7.01	7.01	0.0099	
1031	1	7.01	7.01	0.0099	
1032	1	7.01	7.01	0.0099	
1033	1	7.01	7.01	0.0099	
1034	1	7.01	7.01	0.0099	
1035	1	7.01	7.01	0.0099	
1036	1	7.01	7.01	0.0099	
1037	1	7.01	7.01	0.0099	
1038	1	7.01	7.01	0.0099	
1039	1	7.03	7.03	0.0291	
1040	1	7.01	7.01	0.0099	
1041	1	7.01	7.01	0.0099	
1042	1	7.01	7.01	0.0099	
1043	1	7.01	7.01	0.0099	
1044	1	7.01	7.01	0.0099	
1045	1	7.15	7.15	0.1675	
1046	1	7.4	7.4	0.64	
1047	1	7.88	7.88	0.9856	
1048	1	8.08	8.08	0.9936	
1049	1	8.06	8.06	1.1164	
1050	1	8.38	8.38	0.8556	
1051	1	8.6	8.6	0.64	
1052	1	8.52	8.52	0.7296	
1053	1	8.44	8.44	0.8664	
1054	1	8.48	8.48	0.7696	
1055	1	8.33	8.33	0.8611	
1056	1	8.64	8.64	0.5904	
1057	1	8.32	8.32	0.8976	
1058	1	8.12	8.12	0.9856	
1059	1	8.18	8.18	0.9676	
1060	1	8.56	8.56	0.6864	
1061	1	8.26	8.26	0.9324	
1062	1	8.2	8.2	0.96	
1063	1	8.68	8.68	0.5376	
1064	1	8.66	8.66	0.5644	
1065	1	8.76	8.76	0.4224	
1066	1	8.82	8.82	0.3276	
1067	1	9.26	9.26	0.1924	
1068	1	9.34	9.34	0.2244	
1069	1	9.46	9.46	0.2684	
1070	1	9.68	9.68	0.2176	
1071	1	9.46	9.46	0.2484	
1072	1	9.59	9.59	0.2419	
1073	1	9.55	9.55	0.2475	
1074	1	9.63	9.63	0.2331	
1075	1	9.99	9.99	0.0099	
1076	1	9.99	9.99	0.0099	
1077	1	9.99	9.99	0.0099	
1078	1	9.99	9.99	0.0099	
1079	1	10.01	10.01	0.0099	
1080	1	10.01	10.01	0.0099	
1081	1	10.01	10.01	0.0099	
1082	1	10.01	10.01	0.0099	
1083	1	10.01	10.01	0.0099	
1084	1	10.01	10.01	0.0099	
1085	1	10.01	10.01	0.0099	
1086	1	10.01	10.01	0.0099	
1087	1	10.01	10.01	0.0099	
1088	1	10.01	10.01	0.0099	
1089	1	10.06	10.06	0.0564	
1090	1	10.01	10.01	0.0099	
1091	1	10.01	10.01	0.0099	
1092	1	10.01	10.01	0.0099	
1093	1	10.01	10.01	0.0099	
1094	1	10.01	10.01	0.0099	
1095	1	10.01	10.01	0.0099	
1096	1	10.01	10.01	0.0099	
1097	1	10.01	10.01	0.0099	
1098	1	10.01	10.01	0.0099	
1099	1	10.01	10.01	0.0099	
1100	1	10.01	10.01	0.0099	
1101	1	10.01	10.01	0.0099	
1102	1	10.04	10.04	0.0384	
1103	1	10.01	10.01	0.0099	
1104	1	10.01	10.01	0.0099	
1105	1	10.01	10.01	0.0099	
1106	1	10.01	10.01	0.0099	
1107	1	10.05	10.05	0.0475	
1108	1	10.01	10.01	0.0099	
1109	1	10.01	10.01	0.0099	
1110	1	10.01	10.01	0.0099	
1111	1	10.01	10.01	0.0099	
1112	1	10.01	10.01	0.0099	
1113	1	10.04	10.04	0.0384	
1114	1	10.01	10.01	0.0099	
1115	1	10.01	10.01	0.0099	
1116	1	10.01	10.01	0.0099	
1117	1	10.01	10.01	0.0099	
1118	1	10.01	10.01	0.0099	
1119	1	10.01	10.01	0.0099	
1120	1	10.01	10.01	0.0099	
1121	1	10.01	10.01	0.0099	
1122	1	10.01	10.01	0.0099	
1123	1	10.01	10.01	0.0099	
1124	1	10.01	10.01	0.0099	
1125	1	10.01	10.01	0.0099	
1126	1	10.01	10.01	0.0099	
1127	1	10.01	10.01	0.0099	
1128	1	10.01	10.01	0.0099	
1129	1	10.01	10.01	0.0099	
1130	1	10.01	10.01	0.0099	
1131	1	10.01	10.01	0.0099	
1132	1	10.01	10.01	0.0099	
1133	1	10.01	10.01	0.0099	
1134	1	10.04	10.04	0.0384	
1135	1	10.38	10.38	0.2356	
1136	1	10.11	10.11	0.0979	
1137	1	10.01	10.01	0.0099	
1138	1	10.01	10.01	0.0099	
1139	1	10.01	10.01	0.0099	
1140	1	10.01	10.01	0.0099	
1141	1	10.01	10.01	0.0099	
1142	1	10.01	10.01	0.0099	
1143	1	10.01	10.01	0.0099	
1144	1	10.02	10.02	0.0196	
1145	1	10.01	10.01	0.0099	
1146	1	10.01	10.01	0.0099	
1147	1	10.01	10.01	0.0099	
1148	1	10.01	10.01	0.0099	
1149	1	10.01	10.01	0.0099	
1150	1	10.05	10.05	0.0475	
1151	1	10.02	10.02	0.0196	
1152	1	10.01	10.01	0.0099	
1153	1	10.01	10.01	0.0099	
1154	1	10.01	10.01	0.0099	
1155	1	10.01	10.01	0.0099	
1156	1	10.03	10.03	0.0291	
1157	1	10.01	10.01	0.0099	
1158	1	10.01	10.01	0.0099	
1159	1	10.01	10.01	0.0099	
1160	1	10.01	10.01	0.0099	
1161	1	10.01	10.01	0.0099	
1162	1	10.01	10.01	0.0099	
1163	1	10.01	10.01	0.0099	
1164	1	10.01	10.01	0.0099	
1165	1	10.01	10.01	0.0099	
1166	1	10.01	10.01	0.0099	
1167	1	10.01	10.01	0.0099	
1168	1	10.04	10.04	0.0384	
1169	1	10.01	10.01	0.0099	
1170	1	10.05	10.05	0.0475	
1171	1	10.03	10.03	0.0291	
1172	1	10.06	10.06	0.0564	
1173	1	10.01	10.01	0.0099	
1174	1	10.01	10.01	0.0099	
1175	1	10.04	10.04	0.0384	
1176	1	10.01	10.01	0.0099	
1177	1	10.01	10.01	0.0099	
1178	1	10.01	10.01	0.0099	
1179	1	10.04	10.04	0.0384	
1180	1	10.01	10.01	0.0099	
1181	1	10.01	10.01	0.0099	
1182	1	10.01	10.01	0.0099	
1183	1	10.01	10.01	0.0099	
1184	1	10.14	10.14	0.1204	
1185	1	10.01	10.01	0.0099	
1186	1	10.01	10.01	0.0099	
1187	1	10.01	10.01	0.0099	
1188	1	10.03	10.03	0.0291	
1189	1	10.01	10.01	0.0099	
1190	1	10.01	10.01	0.0099	
1191	1	10.01	10.01	0.0099	
1192	1	10.01	10.01	0.0099	
1193	1	10.01	10.01	0.0099	
1194	1	10.01	10.01	0.0099	
1195	1	10.01	10.01	0.0099	
1196	1	10.01	10.01	0.0099	
1197	1	10.03	10.03	0.0291	
1198	1	10.01	10.01	0.0099	
1199	1	10.01	10.01	0.0099	
1200	1	10.01	10.01	0.0099	
1201	1	10.01	10.01	0.0099	
1202	1	10.11	10.11	0.0979	
1203	1	10.08	10.08	0.0736	
1204	1	10.03	10.03	0.0291	
1205	1	10.23	10.23	0.1771	
1206	1	10.18	10.18	0.1476	
1207	1	10.01	10.01	0.0099	
1208	1	10.07	10.07	0.0651	
1209	1	10.01	10.01	0.0099	
1210	1	10.01	10.01	0.0099	
1211	1	10.01	10.01	0.0099	
1212	1	10.01	10.01	0.0099	
1213	1	10.01	10.01	0.0099	
1214	1	10.01	10.01	0.0099	
1215	1	10.04	10.04	0.0384	
1216	1	10.02	10.02	0.0196	
1217	1	10.01	10.01	0.0099	
1218	1	10.01	10.01	0.0099	
1219	1	10.01	10.01	0.0099	
1220	1	10.01	10.01	0.0099	
1221	1	10.01	10.01	0.0099	
1222	1	10.01	10.01	0.0099	
1223	1	10.01	10.01	0.0099	
1224	1	10.01	10.01	0.0099	
1225	1	10.01	10.01	0.0099	
1226	1	10.01	10.01	0.0099	
1227	1	10.01	10.01	0.0099	
1228	1	10.01	10.01	0.0099	
1229	1	10.01	10.01	0.0099	
1230	1	10.04	10.04	0.0384	
1231	1	10.01	10.01	0.0099	
1232	1	10.01	10.01	0.0099	
1233	1	10.01	10.01	0.0099	
1234	1	10.01	10.01	0.0099	
1235	1	10.01	10.01	0.0099	
1236	1	10.01	10.01	0.0099	
1237	1	10.01	10.01	0.0099	
1238	1	10.01	10.01	0.0099	
1239	1	10.01	10.01	0.0099	
1240	1	10.01	10.01	0.0099	
1241	1	10.01	10.01	0.0099	
1242	1	10.01	10.01	0.0099	
1243	1	10.01	10.01	0.0099	
1244	1	10.01	10.01	0.0099	
1245	1	10.01	10.01	0.0099	
1246	1	10.01	10.01	0.0099	
1247	1	10.01	10.01	0.0099	
1248	1	10.01	10.01	0.0099	
1249	1	10.06	10.06	0.0564	
1250	1	10.01	10.01	0.0099	
1251	1	10.01	10.01	0.0099	
1252	1	10.01	10.01	0.0099	
1253	1	10.01	10.01	0.0099	
1254	1	10.01	10.01	0.0099	
1255	1	10.01	10.01	0.0099	
1256	1	10.03	10.03	0.0291	
1257	1	10.01	10.01	0.0099	
1258	1	10.01	10.01	0.0099	
1259	1	10.01	10.01	0.0099	
1260	1	10.01	10.01	0.0099	
1261	1	10.01	10.01	0.0099	
1262	1	10.01	10.01	0.0099	
1263	1	10.01	10.01	0.0099	
1264	1	10.01	10.01	0.0099	
1265	1	10.01	10.01	0.0099	
1266	1	10.01	10.01	0.0099	
1267	1	10.01	10.01	0.0099	
1268	1	10.04	10.04	0.0384	
1269	1	10.06	10.06	0.0564	
1270	1	10.11	10.11	0.0979	
1271	1	10.01	10.01	0.0099	
1272	1	10.06	10.06	0.0564	
1273	1	10.09	10.09	0.0819	
1274	1	10.13	10.13	0.1131	
1275	1	10.05	10.05	0.0475	
1276	1	10.08	10.08	0.0736	
1277	1	10.01	10.01	0.0099	
1278	1	10.01	10.01	0.0099	
1279	1	10.01	10.01	0.0099	
1280	1	10.01	10.01	0.0099	
1281	1	10.01	10.01	0.0099	
1282	1	10.01	10.01	0.0099	
1283	1	10.01	10.01	0.0099	
1284	1	10.01	10.01	0.0099	
1285	1	10.01	10.01	0.0099	
1286	1	10.04	10.04	0.0384	
1287	1	10.04	10.04	0.0384	
1288	1	10.15	10.15	0.1275	
1289	1	10.43	10.43	0.2451	
1290	1	10.37	10.37	0.2331	
1291	1	10.33	10.33	0.2211	
1292	1	10.58	10.58	0.2436	
1293	1	10.43	10.43	0.2451	
1294	1	10.35	10.35	0.2275	
1295	1	10.01	10.01	0.0099	
1296	1	10.13	10.13	0.1131	
1297	1	10.02	10.02	0.0196	
1298	1	10.01	10.01	0.0099	
1299	1	10.13	10.13	0.1131	
1300	1	10.42	10.42	0.2436	
1301	1	10.62	10.62	0.2356	
1302	1	10.55	10.55	0.2475	
1303	1	10.61	10.61	0.2379	
1304	1	10.68	10.68	0.2176	
1305	1	10.91	10.91	0.0819	
1306	1	10.99	10.99	0.0099	
1307	1	11.03	11.03	0.0291	
1308	1	11.01	11.01	0.0099	
1309	1	11.01	11.01	0.0099	
1310	1	11.01	11.01	0.0099	
1311	1	11.01	11.01	0.0099	
1312	1	11.01	11.01	0.0099	
1313	1	11.01	11.01	0.0099	
1314	1	11.01	11.01	0.0099	
1315	1	11.01	11.01	0.0099	
1316	1	11.01	11.01	0.0099	
1317	1	11.01	11.01	0.0099	
1318	1	11.01	11.01	0.0099	
1319	1	11.05	11.05	0.0475	
1320	1	11.01	11.01	0.0099	
1321	1	11.01	11.01	0.0099	
1322	1	11.01	11.01	0.0099	
1323	1	11.01	11.01	0.0099	
1324	1	11.01	11.01	0.0099	
1325	1	11.01	11.01	0.0099	
1326	1	11.01	11.01	0.0099	
1327	1	11.01	11.01	0.0099	
1328	1	11.01	11.01	0.0099	
1329	1	11.01	11.01	0.0099	
1330	1	11.02	11.02	0.0196	
1331	1	11.01	11.01	0.0099	
1332	1	11.01	11.01	0.0099	
1333	1	11.02	11.02	0.0196	
1334	1	11.01	11.01	0.0099	
1335	1	11.01	11.01	0.0099	
1336	1	11.01	11.01	0.0099	
1337	1	11.01	11.01	0.0099	
1338	1	11.01	11.01	0.0099	
1339	1	11.01	11.01	0.0099	
1340	1	11.01	11.01	0.0099	
1341	1	11.01	11.01	0.0099	
1342	1	11.01	11.01	0.0099	
1343	1	11.01	11.01	0.0099	
1344	1	11.01	11.01	0.0099	
1345	1	11.01	11.01	0.0099	
1346	1	11.01	11.01	0.0099	
1347	1	11.01	11.01	0.0099	
1348	1	11.01	11.01	0.0099	
1349	1	11.01	11.01	0.0099	
1350	1	11.01	11.01	0.0099	
1351	1	11.01	11.01	0.0099	
1352	1	11.01	11.01	0.0099	
1353	1	11.01	11.01	0.0099	
1354	1	11.01	11.01	0.0099	
1355	1	11.01	11.01	0.0099	
1356	1	11.01	11.01	0.0099	
1357	1	11.01	11.01	0.0099	
1358	1	11.03	11.03	0.0291	
1359	1	11.03	11.03	0.0291	
1360	1	11.01	11.01	0.0099	
1361	1	11.01	11.01	0.0099	
1362	1	11.01	11.01	0.0099	
1363	1	11.01	11.01	0.0099	
1364	1	11.01	11.01	0.0099	
1365	1	11.01	11.01	0.0099	
1366	1	11.01	11.01	0.0099	
1367	1	11.01	11.01	0.0099	
1368	1	11.01	11.01	0.0099	
1369	1	11.01	11.01	0.0099	
1370	1	11.01	11.01	0.0099	
1371	1	11.01	11.01	0.0099	
1372	1	11.01	11.01	0.0099	
1373	1	11.01	11.01	0.0099	
1374	1	11.01	11.01	0.0099	
1375	1	11.01	11.01	0.0099	
1376	1	11.07	11.07	0.0651	
1377	1	11.01	11.01	0.0099	
1378	1	11.01	11.01	0.0099	
1379	1	11.01	11.01	0.0099	
1380	1	11.01	11.01	0.0099	
1381	1	11.04	11.04	0.0384	
1382	1	11.02	11.02	0.0196	
1383	1	11.11	11.11	0.0979	
1384	1	11.1	11.1	0.09	
1385	1	11.03	11.03	0.0291	
1386	1	11.17	11.17	0.1411	
1387	1	11.06	11.06	0.0564	
1388	1	11.14	11.14	0.1204	
1389	1	11.04	11.04	0.0384	
1390	1	11.05	11.05	0.0475	
1391	1	11.04	11.04	0.0384	
1392	1	11.02	11.02	0.0196	
1393	1	11.01	11.01	0.0099	
1394	1	11.01	11.01	0.0099	
1395	1	11.01	11.01	0.0099	
1396	1	11.01	11.01	0.0099	
1397	1	11.01	11.01	0.0099	
1398	1	11.01	11.01	0.0099	
1399	1	11.01	11.01	0.0099	
1400	1	11.01	11.01	0.0099	
1401	1	11.16	11.16	0.1344	
1402	1	11.07	11.07	0.0651	
1403	1	11.01	11.01	0.0099	
1404	1	11.01	11.01	0.0099	
1405	1	11.01	11.01	0.0099	
1406	1	11.01	11.01	0.0099	
1407	1	11.01	11.01	0.0099	
1408	1	11.01	11.01	0.0099	
1409	1	11.01	11.01	0.0099	
1410	1	11.01	11.01	0.0099	
1411	1	11.02	11.02	0.0196	
1412	1	11.02	11.02	0.0196	
1413	1	11.17	11.17	0.1411	
1414	1	11.08	11.08	0.0736	
1415	1	11.01	11.01	0.0099	
1416	1	11.01	11.01	0.0099	
1417	1	11.01	11.01	0.0099	
1418	1	11.01	11.01	0.0099	
1419	1	11.01	11.01	0.0099	
1420	1	11.01	11.01	0.0099	
1421	1	11.01	11.01	0.0099	
1422	1	11.01	11.01	0.0099	
1423	1	11.01	11.01	0.0099	
1424	1	11.01	11.01	0.0099	
1425	1	11.01	11.01	0.0099	
1426	1	11.01	11.01	0.0099	
1427	1	11.01	11.01	0.0099	
1428	1	11.01	11.01	0.0099	
1429	1	11.02	11.02	0.0196	
1430	1	11.01	11.01	0.0099	
1431	1	11.01	11.01	0.0099	
1432	1	11.01	11.01	0.0099	
1433	1	11.01	11.01	0.0099	
1434	1	11.01	11.01	0.0099	
1435	1	11.01	11.01	0.0099	
1436	1	11.01	11.01	0.0099	
1437	1	11.01	11.01	0.0099	
1438	1	11.01	11.01	0.0099	
1439	1	11.01	11.01	0.0099	
1440	1	11.01	11.01	0.0099	
1441	1	11.01	11.01	0.0099	
1442	1	11.01	11.01	0.0099	
1443	1	11.05	11.05	0.0475	
1444	1	11.05	11.05	0.0475	
1445	1	11.01	11.01	0.0099	
1446	1	11.01	11.01	0.0099	
1447	1	11.01	11.01	0.0099	
1448	1	11.01	11.01	0.0099	
1449	1	11.01	11.01	0.0099	
1450	1	11.01	11.01	0.0099	
1451	1	11.01	11.01	0.0099	
1452	1	11.01	11.01	0.0099	
1453	1	11.02	11.02	0.0196	
1454	1	11.01	11.01	0.0099	
1455	1	11.01	11.01	0.0099	
1456	1	11.01	11.01	0.0099	
1457	1	11.05	11.05	0.0475	
1458	1	11.09	11.09	0.0819	
1459	1	11.01	11.01	0.0099	
1460	1	11.01	11.01	0.0099	
1461	1	11.35	11.35	0.2275	
1462	1	11.54	11.54	0.2484	
1463	1	11.39	11.39	0.2379	
1464	1	11.49	11.49	0.2699	
1465	1	11.08	11.08	0.0736	
1466	1	11.04	11.04	0.0384	
1467	1	11.01	11.01	0.0099	
1468	1	11.01	11.01	0.0099	
1469	1	11.01	11.01	0.0099	
1470	1	11.01	11.01	0.0099	
1471	1	11.01	11.01	0.0099	
1472	1	11.01	11.01	0.0099	
1473	1	11.01	11.01	0.0099	
1474	1	11.01	11.01	0.0099	
1475	1	11.01	11.01	0.0099	
1476	1	11.01	11.01	0.0099	
1477	1	11.01	11.01	0.0099	
1478	1	11.01	11.01	0.0099	
1479	1	11.01	11.01	0.0099	
1480	1	11.01	11.01	0.0099	
1481	1	11.01	11.01	0.0099	
1482	1	11.01	11.01	0.0099	
1483	1	11.01	11.01	0.0099	
1484	1	11.01	11.01	0.0099	
1485	1	11.01	11.01	0.0099	
1486	1	11.01	11.01	0.0099	
1487	1	11.01	11.01	0.0099	
1488	1	11.01	11.01	0.0099	
1489	1	11.01	11.01	0.0099	
1490	1	11.01	11.01	0.0099	
1491	1	11.01	11.01	0.0099	
1492	1	11.01	11.01	0.0099	
1493	1	11.02	11.02	0.0196	
1494	1	11.01	11.01	0.0099	
1495	1	11.01	11.01	0.0099	
1496	1	11.03	11.03	0.0291	
1497	1	11.03	11.03	0.0291	
1498	1	11.01	11.01	0.0099	
1499	1	11.01	11.01	0.0099	
1500	1	11.01	11.01	0.0099	
1501	1	11.01	11.01	0.0099	
1502	1	11.01	11.01	0.0099	
1503	1	11.01	11.01	0.0099	
1504	1	11.01	11.01	0.0099	
1505	1	11.07	11.07	0.0651	
1506	1	11.01	11.01	0.0099	
1507	1	11.01	11.01	0.0099	
1508	1	11.01	11.01	0.0099	
1509	1	11.08	11.08	0.0736	
1510	1	11.01	11.01	0.0099	
1511	1	11.01	11.01	0.0099	
1512	1	11.01	11.01	0.0099	
1513	1	11.01	11.01	0.0099	
1514	1	11.01	11.01	0.0099	
1515	1	11.01	11.01	0.0099	
1516	1	11.01	11.01	0.0099	
1517	1	11.01	11.01	0.0099	
1518	1	11.01	11.01	0.0099	
1519	1	11.01	11.01	0.0099	
1520	1	11.01	11.01	0.0099	
1521	1	11.03	11.03	0.0291	
1522	1	11.13	11.13	0.1131	
1523	1	11.01	11.01	0.0099	
1524	1	11.01	11.01	0.0099	
1525	1	11.01	11.01	0.0099	
1526	1	11.01	11.01	0.0099	
1527	1	11.01	11.01	0.0099	
1528	1	11.01	11.01	0.0099	
1529	1	11.01	11.01	0.0099	
1530	1	11.01	11.01	0.0099	
1531	1	11.01	11.01	0.0099	
1532	1	11.01	11.01	0.0099	
1533	1	11.02	11.02	0.0196	
1534	1	11.01	11.01	0.0099	
1535	1	11.01	11.01	0.0099	
1536	1	11.01	11.01	0.0099	
1537	1	11.01	11.01	0.0099	
1538	1	11.01	11.01	0.0099	
1539	1	11.01	11.01	0.0099	
1540	1	11.09	11.09	0.0819	
1541	1	11.25	11.25	0.2475	
1542	1	11.29	11.29	0.2059	
1543	1	11.09	11.09	0.0819	
1544	1	11.33	11.33	0.2211	
1545	1	11.06	11.06	0.0564	
1546	1	11.01	11.01	0.0099	
1547	1	11.01	11.01	0.0099	
1548	1	11.01	11.01	0.0099	
1549	1	11.03	11.03	0.0291	
1550	1	11.01	11.01	0.0099	
1551	1	11.01	11.01	0.0099	
1552	1	11.01	11.01	0.0099	
1553	1	11.01	11.01	0.0099	
1554	1	11.01	11.01	0.0099	
1555	1	11.01	11.01	0.0099	
1556	1	11.01	11.01	0.0099	
1557	1	11.01	11.01	0.0099	
1558	1	11.01	11.01	0.0099	
1559	1	11.01	11.01	0.0099	
1560	1	11.01	11.01	0.0099	
1561	1	11.01	11.01	0.0099	
1562	1	11.01	11.01	0.0099	
1563	1	11.08	11.08	0.0736	
1564	1	11.01	11.01	0.0099	
1565	1	11.01	11.01	0.0099	
1566	1	11.01	11.01	0.0099	
1567	1	11.06	11.06	0.0564	
1568	1	11.01	11.01	0.0099	
1569	1	11.01	11.01	0.0099	
1570	1	11.01	11.01	0.0099	
1571	1	11.01	11.01	0.0099	
1572	1	11.01	11.01	0.0099	
1573	1	11.01	11.01	0.0099	
1574	1	11.01	11.01	0.0099	
1575	1	11.01	11.01	0.0099	
1576	1	11.01	11.01	0.0099	
1577	1	11.01	11.01	0.0099	
1578	1	11.06	11.06	0.0564	
1579	1	11.14	11.14	0.1204	
1580	1	11.39	11.39	0.2379	
1581	1	11.66	11.66	0.3244	
1582	1	12.05	12.05	0.6675	
1583	1	12.39	12.39	0.3379	
1584	1	12.5	12.5	0.25	
1585	1	12.44	12.44	0.2464	
1586	1	12.46	12.46	0.2484	
1587	1	12.62	12.62	0.2356	
1588	1	12.59	12.59	0.2419	
1589	1	12.59	12.59	0.2419	
1590	1	12.61	12.61	0.2379	
1591	1	12.51	12.51	0.2499	
1592	1	12.38	12.38	0.2356	
1593	1	12.25	12.25	0.1875	
1594	1	12.32	12.32	0.2176	
1595	1	12.29	12.29	0.2059	
1596	1	12.24	12.24	0.1824	
1597	1	12.09	12.09	0.0819	
1598	1	12.01	12.01	0.0099	
1599	1	12.03	12.03	0.0291	
1600	1	12.01	12.01	0.0099	
1601	1	12.02	12.02	0.0196	
1602	1	12.01	12.01	0.0099	
1603	1	12.04	12.04	0.0384	
1604	1	12.01	12.01	0.0099	
1605	1	12.01	12.01	0.0099	
1606	1	12.01	12.01	0.0099	
1607	1	12.02	12.02	0.0196	
1608	1	12.01	12.01	0.0099	
1609	1	12.09	12.09	0.0819	
1610	1	12.04	12.04	0.0384	
1611	1	12.08	12.08	0.0736	
1612	1	12.11	12.11	0.0979	
1613	1	12.23	12.23	0.1771	
1614	1	12.07	12.07	0.0651	
1615	1	12.01	12.01	0.0099	
1616	1	12.01	12.01	0.0099	
1617	1	12.01	12.01	0.0099	
1618	1	12.01	12.01	0.0099	
1619	1	12.01	12.01	0.0099	
1620	1	12.02	12.02	0.0196	
1621	1	12.01	12.01	0.0099	
1622	1	12.01	12.01	0.0099	
1623	1	12.05	12.05	0.0475	
1624	1	12.07	12.07	0.0651	
1625	1	12.01	12.01	0.0099	
1626	1	12.01	12.01	0.0099	
1627	1	12.01	12.01	0.0099	
1628	1	12.01	12.01	0.0099	
1629	1	12.01	12.01	0.0099	
1630	1	12.23	12.23	0.1771	
1631	1	12.34	12.34	0.2244	
1632	1	12.01	12.01	0.0099	
1633	1	12.01	12.01	0.0099	
1634	1	12.01	12.01	0.0099	
1635	1	12.01	12.01	0.0099	
1636	1	12.03	12.03	0.0291	
1637	1	12.01	12.01	0.0099	
1638	1	12.06	12.06	0.0564	
1639	1	12.08	12.08	0.0736	
1640	1	12.01	12.01	0.0099	
1641	1	12.01	12.01	0.0099	
1642	1	12.01	12.01	0.0099	
1643	1	12.01	12.01	0.0099	
1644	1	12.01	12.01	0.0099	
1645	1	12.01	12.01	0.0099	
1646	1	12.01	12.01	0.0099	
1647	1	12.19	12.19	0.1539	
1648	1	12.56	12.56	0.4264	
1649	1	12.85	12.85	0.1275	
1650	1	13.02	13.02	0.0196	
1651	1	13.67	13.67	0.2211	
1652	1	13.55	13.55	0.2475	
1653	1	13.74	13.74	0.1924	
1654	1	13.66	13.66	0.2244	
1655	1	13.4	13.4	0.24	
1656	1	13.36	13.36	0.3304	
1657	1	13.08	13.08	0.0736	
1658	1	13.04	13.04	0.0384	
1659	1	13.28	13.28	0.2016	
1660	1	13.25	13.25	0.1875	
1661	1	13.26	13.26	0.1924	
1662	1	13.01	13.01	0.0099	
1663	1	13.01	13.01	0.0099	
1664	1	13.01	13.01	0.0099	
1665	1	13.01	13.01	0.0099	
1666	1	13.01	13.01	0.0099	
1667	1	13.01	13.01	0.0099	
1668	1	13.01	13.01	0.0099	
1669	1	13.01	13.01	0.0099	
1670	1	13.01	13.01	0.0099	
1671	1	13.01	13.01	0.0099	
1672	1	13.03	13.03	0.0291	
1673	1	13.11	13.11	0.0979	
1674	1	13.13	13.13	0.1131	
1675	1	13.01	13.01	0.0099	
1676	1	13.01	13.01	0.0099	
1677	1	13.01	13.01	0.0099	
1678	1	13.01	13.01	0.0099	
1679	1	13.01	13.01	0.0099	
1680	1	13.01	13.01	0.0099	
1681	1	13.01	13.01	0.0099	
1682	1	13.01	13.01	0.0099	
1683	1	13.01	13.01	0.0099	
1684	1	13.01	13.01	0.0099	
1685	1	13.01	13.01	0.0099	
1686	1	13.01	13.01	0.0099	
1687	1	13.01	13.01	0.0099	
1688	1	13.01	13.01	0.0099	
1689	1	13.01	13.01	0.0099	
1690	1	13.01	13.01	0.0099	
1691	1	13.01	13.01	0.0099	
1692	1	13.01	13.01	0.0099	
1693	1	13.01	13.01	0.0099	
1694	1	13.01	13.01	0.0099	
1695	1	13.01	13.01	0.0099	
1696	1	13.01	13.01	0.0099	
1697	1	13.01	13.01	0.0099	
1698	1	13.01	13.01	0.0099	
1699	1	13.01	13.01	0.0099	
1700	1	13.01	13.01	0.0099	
1701	1	13.01	13.01	0.0099	
1702	1	13.02	13.02	0.0196	
1703	1	13.02	13.02	0.0196	
1704	1	13.02	13.02	0.0196	
1705	1	13.01	13.01	0.0099	
1706	1	13.01	13.01	0.0099	
1707	1	13.01	13.01	0.0099	
1708	1	13.02	13.02	0.0196	
1709	1	13.01	13.01	0.0099	
1710	1	13.01	13.01	0.0099	
1711	1	13.01	13.01	0.0099	
1712	1	13.01	13.01	0.0099	
1713	1	13.01	13.01	0.0099	
1714	1	13.01	13.01	0.0099	
1715	1	13.03	13.03	0.0291	
1716	1	13.19	13.19	0.1539	
1717	1	13.02	13.02	0.0196	
1718	1	13.04	13.04	0.0384	
1719	1	13.01	13.01	0.0099	
1720	1	13.01	13.01	0.0099	
1721	1	13.01	13.01	0.0099	
1722	1	13.01	13.01	0.0099	
1723	1	13.01	13.01	0.0099	
1724	1	13.01	13.01	0.0099	
1725	1	13.01	13.01	0.0099	
1726	1	13.01	13.01	0.0099	
1727	1	13.01	13.01	0.0099	
1728	1	13.01	13.01	0.0099	
1729	1	13.01	13.01	0.0099	
1730	1	13.01	13.01	0.0099	
1731	1	13.01	13.01	0.0099	
1732	1	13.01	13.01	0.0099	
1733	1	13.01	13.01	0.0099	
1734	1	13.01	13.01	0.0099	
1735	1	13.07	13.07	0.0651	
1736	1	13.01	13.01	0.0099	
1737	1	13.01	13.01	0.0099	
1738	1	13.07	13.07	0.0651	
1739	1	13.01	13.01	0.0099	
1740	1	13.01	13.01	0.0099	
1741	1	13.05	13.05	0.0475	
1742	1	13.01	13.01	0.0099	
1743	1	13.01	13.01	0.0099	
1744	1	13.01	13.01	0.0099	
1745	1	13.02	13.02	0.0196	
1746	1	13.01	13.01	0.0099	
1747	1	13.01	13.01	0.0099	
1748	1	13.01	13.01	0.0099	
1749	1	13.01	13.01	0.0099	
1750	1	13.01	13.01	0.0099	
1751	1	13.01	13.01	0.0099	
1752	1	13.01	13.01	0.0099	
1753	1	13.01	13.01	0.0099	
1754	1	13.01	13.01	0.0099	
1755	1	13.01	13.01	0.0099	
1756	1	13.01	13.01	0.0099	
1757	1	13.01	13.01	0.0099	
1758	1	13.01	13.01	0.0099	
1759	1	13.01	13.01	0.0099	
1760	1	13.02	13.02	0.0196	
1761	1	13.02	13.02	0.0196	
1762	1	13.01	13.01	0.0099	
1763	1	13.07	13.07	0.0651	
1764	1	13.13	13.13	0.1131	
1765	1	13.01	13.01	0.0099	
1766	1	13.01	13.01	0.0099	
1767	1	13.01	13.01	0.0099	
1768	1	13.01	13.01	0.0099	
1769	1	13.01	13.01	0.0099	
1770	1	13.01	13.01	0.0099	
1771	1	13.01	13.01	0.0099	
1772	1	13.08	13.08	0.0736	
1773	1	13.23	13.23	0.1771	
1774	1	13.44	13.44	0.2464	
1775	1	13.63	13.63	0.2331	
1776	1	13.6	13.6	0.24	
1777	1	13.83	13.83	0.1411	
1778	1	13.76	13.76	0.1824	
1779	1	13.96	13.96	0.0584	
1780	1	13.96	13.96	0.0384	
1781	1	13.99	13.99	0.0099	
1782	1	13.99	13.99	0.0099	
1783	1	13.99	13.99	0.0099	
1784	1	14.01	14.01	0.0099	
1785	1	14.01	14.01	0.0099	
1786	1	14.01	14.01	0.0099	
1787	1	14.01	14.01	0.0099	
1788	1	14.01	14.01	0.0099	
1789	1	14.07	14.07	0.0651	
1790	1	14.01	14.01	0.0099	
1791	1	14.11	14.11	0.0979	
1792	1	14.01	14.01	0.0099	
1793	1	14.01	14.01	0.0099	
1794	1	14.01	14.01	0.0099	
1795	1	14.01	14.01	0.0099	
1796	1	14.1	14.1	0.09	
1797	1	14.19	14.19	0.1539	
1798	1	14.09	14.09	0.0819	
1799	1	14.15	14.15	0.1275	
1800	1	14.42	14.42	0.2436	
1801	1	14.21	14.21	0.1659	
1802	1	14.03	14.03	0.0291	
1803	1	14.12	14.12	0.1056	
1804	1	14.01	14.01	0.0099	
1805	1	14.01	14.01	0.0099	
1806	1	14.01	14.01	0.0099	
1807	1	14.01	14.01	0.0099	
1808	1	14.01	14.01	0.0099	
1809	1	14.01	14.01	0.0099	
1810	1	14.01	14.01	0.0099	
1811	1	14.01	14.01	0.0099	
1812	1	14.01	14.01	0.0099	
1813	1	14.01	14.01	0.0099	
1814	1	14.01	14.01	0.0099	
1815	1	14.09	14.09	0.0819	
1816	1	14.18	14.18	0.1476	
1817	1	14.01	14.01	0.0099	
1818	1	14.01	14.01	0.0099	
1819	1	14.01	14.01	0.0099	
1820	1	14.01	14.01	0.0099	
1821	1	14.01	14.01	0.0099	
1822	1	14.01	14.01	0.0099	
1823	1	14.01	14.01	0.0099	
1824	1	14.01	14.01	0.0099	
1825	1	14.1	14.1	0.13	
1826	1	14.01	14.01	0.0099	
1827	1	14.01	14.01	0.0099	
1828	1	14.01	14.01	0.0099	
1829	1	14.01	14.01	0.0099	
1830	1	14.01	14.01	0.0099	
1831	1	14.01	14.01	0.0099	
1832	1	14.01	14.01	0.0099	
1833	1	14.01	14.01	0.0099	
1834	1	14.01	14.01	0.0099	
1835	1	14.01	14.01	0.0099	
1836	1	14.01	14.01	0.0099	
1837	1	14.01	14.01	0.0099	
1838	1	14.07	14.07	0.0651	
1839	1	14.01	14.01	0.0099	
1840	1	14.01	14.01	0.0099	
1841	1	14.01	14.01	0.0099	
1842	1	14.01	14.01	0.0099	
1843	1	14.01	14.01	0.0099	
1844	1	14.06	14.06	0.0564	
1845	1	14.01	14.01	0.0099	
1846	1	14.01	14.01	0.0099	
1847	1	14.01	14.01	0.0099	
1848	1	14.01	14.01	0.0099	
1849	1	14.01	14.01	0.0099	
1850	1	14.01	14.01	0.0099	
1851	1	14.25	14.25	0.1875	
1852	1	14.44	14.44	0.2464	
1853	1	14.03	14.03	0.0291	
1854	1	14.01	14.01	0.0099	
1855	1	14.01	14.01	0.0099	
1856	1	14.01	14.01	0.0099	
1857	1	14.03	14.03	0.0291	
1858	1	14.01	14.01	0.0099	
1859	1	14.01	14.01	0.0099	
1860	1	14.01	14.01	0.0099	
1861	1	14.01	14.01	0.0099	
1862	1	14.01	14.01	0.0099	
1863	1	14.01	14.01	0.0099	
1864	1	14.01	14.01	0.0099	
1865	1	14.02	14.02	0.0196	
1866	1	14.01	14.01	0.0099	
1867	1	14.01	14.01	0.0099	
1868	1	14.01	14.01	0.0099	
1869	1	14.01	14.01	0.0099	
1870	1	14.01	14.01	0.0099	
1871	1	14.01	14.01	0.0099	
1872	1	14.01	14.01	0.0099	
1873	1	14.01	14.01	0.0099	
1874	1	14.01	14.01	0.0099	
1875	1	14.01	14.01	0.0099	
1876	1	14.01	14.01	0.0099	
1877	1	14.01	14.01	0.0099	
1878	1	14.01	14.01	0.0099	
1879	1	14.01	14.01	0.0099	
1880	1	14.01	14.01	0.0099	
1881	1	14.01	14.01	0.0099	
1882	1	14.01	14.01	0.0099	
1883	1	14.01	14.01	0.0099	
1884	1	14.06	14.06	0.0564	
1885	1	14.01	14.01	0.0099	
1886	1	14.01	14.01	0.0099	
1887	1	14.01	14.01	0.0099	
1888	1	14.12	14.12	0.1056	
1889	1	14.01	14.01	0.0099	
1890	1	14.01	14.01	0.0099	
1891	1	14.01	14.01	0.0099	
1892	1	14.01	14.01	0.0099	
1893	1	14.01	14.01	0.0099	
1894	1	14.01	14.01	0.0099	
1895	1	14.01	14.01	0.0099	
1896	1	14.01	14.01	0.0099	
1897	1	14.01	14.01	0.0099	
1898	1	14.01	14.01	0.0099	
1899	1	14.02	14.02	0.0196	
1900	1	14.01	14.01	0.0099	
1901	1	14.01	14.01	0.0099	
1902	1	14.01	14.01	0.0099	
1903	1	14.02	14.02	0.0196	
1904	1	14.01	14.01	0.0099	
1905	1	14.01	14.01	0.0099	
1906	1	14.01	14.01	0.0099	
1907	1	14.01	14.01	0.0099	
1908	1	14.01	14.01	0.0099	
1909	1	14.04	14.04	0.0384	
1910	1	14.01	14.01	0.0099	
1911	1	14.01	14.01	0.0099	
1912	1	14.01	14.01	0.0099	
1913	1	14.02	14.02	0.0196	
1914	1	14.01	14.01	0.0099	
1915	1	14.02	14.02	0.0196	
1916	1	14.01	14.01	0.0099	
1917	1	14.01	14.01	0.0099	
1918	1	14.01	14.01	0.0099	
1919	1	14.01	14.01	0.0099	
1920	1	14.02	14.02	0.0196	
1921	1	14.01	14.01	0.0099	
1922	1	14.01	14.01	0.0099	
1923	1	14.01	14.01	0.0099	
1924	1	14.01	14.01	0.0099	
1925	1	14.01	14.01	0.0099	
1926	1	14.01	14.01	0.0099	
1927	1	14.01	14.01	0.0099	
1928	1	14.01	14.01	0.0099	
1929	1	14.01	14.01	0.0099	
1930	1	14.01	14.01	0.0099	
1931	1	14.01	14.01	0.0099	
1932	1	14.01	14.01	0.0099	
1933	1	14.01	14.01	0.0099	
1934	1	14.01	14.01	0.0099	
1935	1	14.01	14.01	0.0099	
1936	1	14.01	14.01	0.0099	
1937	1	14.01	14.01	0.0099	
1938	1	14.01	14.01	0.0099	
1939	1	14.01	14.01	0.0099	
1940	1	14.03	14.03	0.0291	
1941	1	14.01	14.01	0.0099	
1942	1	14.03	14.03	0.0291	
1943	1	14.01	14.01	0.0099	
1944	1	14.01	14.01	0.0099	
1945	1	14.01	14.01	0.0099	
1946	1	14.01	14.01	0.0099	
1947	1	14.01	14.01	0.0099	
1948	1	14.01	14.01	0.0099	
1949	1	14.01	14.01	0.0099	
1950	1	14.01	14.01	0.0099	
1951	1	14.01	14.01	0.0099	
1952	1	14.01	14.01	0.0099	
1953	1	14.03	14.03	0.0291	
1954	1	14.01	14.01	0.0099	
1955	1	14.01	14.01	0.0099	
1956	1	14.01	14.01	0.0099	
1957	1	14.01	14.01	0.0099	
1958	1	14.01	14.01	0.0099	
1959	1	14.01	14.01	0.0099	
1960	1	14.01	14.01	0.0099	
1961	1	14.01	14.01	0.0099	
1962	1	14.01	14.01	0.0099	
1963	1	14.05	14.05	0.0475	
1964	1	14.19	14.19	0.1539	
1965	1	14.38	14.38	0.2356	
1966	1	14.01	14.01	0.0099	
1967	1	14.41	14.41	0.2419	
1968	1	14.39	14.39	0.2379	
1969	1	14.27	14.27	0.1971	
1970	1	14.27	14.27	0.1971	
1971	1	14.78	14.78	0.1716	
1972	1	14.56	14.56	0.2464	
1973	1	14.5	14.5	0.25	
1974	1	14.35	14.35	0.2275	
1975	1	14.52	14.52	0.2496	
1976	1	14.65	14.65	0.2275	
1977	1	14.59	14.59	0.2419	
1978	1	14.61	14.61	0.2379	
1979	1	14.62	14.62	0.2356	
1980	1	14.63	14.63	0.2331	
1981	1	14.78	14.78	0.1716	
1982	1	14.74	14.74	0.1924	
1983	1	14.83	14.83	0.1411	
1984	1	14.57	14.57	0.2451	
1985	1	14.9	14.9	0.09	
1986	1	15	15	0	
1987	1	15.06	15.06	0.0564	
1988	1	15.01	15.01	0.0099	
1989	1	15.01	15.01	0.0099	
1990	1	15.01	15.01	0.0099	
1991	1	15.01	15.01	0.0099	
1992	1	15.01	15.01	0.0099	
1993	1	15.01	15.01	0.0099	
1994	1	15.01	15.01	0.0099	
1995	1	15.01	15.01	0.0099	
1996	1	15.01	15.01	0.0099	
1997	1	15.01	15.01	0.0099	
1998	1	15.01	15.01	0.0099	
1999	1	15.01	15.01	0.0099	
2000	1	15.01	15.01	0.0099	
