# mu = 0.01, s = 0, trials requested = 1, runtime = 0:00:24
# "Time"	"Actual trials"	"Mean mutation"	"Average mean mutation"	"Average mutation variance"
0	1	0	0	0	
1	1	0	0	0	
2	1	0	0	0	
3	1	0.02	0.02	0.0196	
4	1	0.03	0.03	0.0291	
5	1	0.05	0.05	0.0475	
6	1	0.07	0.07	0.0651	
7	1	0.07	0.07	0.0651	
8	1	0.09	0.09	0.1019	
9	1	0.1	0.1	0.11	
10	1	0.12	0.12	0.1256	
11	1	0.12	0.12	0.1256	
12	1	0.12	0.12	0.1256	
13	1	0.16	0.16	0.1944	
14	1	0.16	0.16	0.1944	
15	1	0.18	0.18	0.2076	
16	1	0.19	0.19	0.2339	
17	1	0.19	0.19	0.2339	
18	1	0.21	0.21	0.2659	
19	1	0.21	0.21	0.2659	
20	1	0.21	0.21	0.2659	
21	1	0.22	0.22	0.2716	
22	1	0.25	0.25	0.2875	
23	1	0.25	0.25	0.2875	
24	1	0.24	0.24	0.2824	
25	1	0.25	0.25	0.2875	
26	1	0.26	0.26	0.2924	
27	1	0.26	0.26	0.2924	
28	1	0.26	0.26	0.3124	
29	1	0.26	0.26	0.3124	
30	1	0.27	0.27	0.3171	
31	1	0.28	0.28	0.3216	
32	1	0.29	0.29	0.3259	
33	1	0.33	0.33	0.3611	
34	1	0.33	0.33	0.3411	
35	1	0.33	0.33	0.3411	
36	1	0.35	0.35	0.3475	
37	1	0.37	0.37	0.3731	
38	1	0.37	0.37	0.3731	
39	1	0.38	0.38	0.4156	
40	1	0.39	0.39	0.4179	
41	1	0.4	0.4	0.44	
42	1	0.42	0.42	0.4636	
43	1	0.43	0.43	0.5251	
44	1	0.43	0.43	0.5451	
45	1	0.44	0.44	0.5464	
46	1	0.45	0.45	0.5675	
47	1	0.45	0.45	0.5675	
48	1	0.48	0.48	0.6696	
49	1	0.49	0.49	0.6699	
50	1	0.53	0.53	0.7091	
51	1	0.46	0.46	0.6684	
52	1	0.47	0.47	0.7091	
53	1	0.48	0.48	0.7096	
54	1	0.5	0.5	0.75	
55	1	0.52	0.52	0.7696	
56	1	0.55	0.55	0.7875	
57	1	0.54	0.54	0.7684	
58	1	0.55	0.55	0.7875	
59	1	0.56	0.56	0.7864	
60	1	0.59	0.59	0.8019	
61	1	0.57	0.57	0.7851	
62	1	0.6	0.6	0.84	
63	1	0.58	0.58	0.8036	
64	1	0.59	0.59	0.8219	
65	1	0.59	0.59	0.8019	
66	1	0.6	0.6	0.82	
67	1	0.58	0.58	0.8436	
68	1	0.6	0.6	0.88	
69	1	0.62	0.62	0.8956	
70	1	0.62	0.62	0.8956	
71	1	0.6	0.6	0.88	
72	1	0.61	0.61	0.8779	
73	1	0.64	0.64	0.8904	
74	1	0.72	0.72	1.1216	
75	1	0.68	0.68	0.9376	
76	1	0.7	0.7	0.93	
77	1	0.72	0.72	0.9216	
78	1	0.69	0.69	0.8939	
79	1	0.7	0.7	0.91	
80	1	0.72	0.72	0.9416	
81	1	0.77	0.77	0.9571	
82	1	0.74	0.74	0.9524	
83	1	0.8	0.8	1.02	
84	1	0.81	0.81	1.0739	
85	1	0.8	0.8	1.08	
86	1	0.8	0.8	1	
87	1	0.79	0.79	1.0059	
88	1	0.83	0.83	1.0811	
89	1	0.87	0.87	1.2331	
90	1	0.85	0.85	1.2275	
91	1	0.82	0.82	1.1876	
92	1	0.81	0.81	1.1939	
93	1	0.82	0.82	1.1876	
94	1	0.82	0.82	1.1876	
95	1	0.82	0.82	1.1876	
96	1	0.82	0.82	1.2076	
97	1	0.84	0.84	1.2144	
98	1	0.84	0.84	1.1944	
99	1	0.83	0.83	1.2011	
100	1	0.85	0.85	1.2075	
101	1	0.86	0.86	1.2404	
102	1	0.87	0.87	1.2531	
103	1	0.89	0.89	1.2779	
104	1	0.87	0.87	1.2731	
105	1	0.91	0.91	1.2619	
106	1	0.92	0.92	1.3136	
107	1	0.92	0.92	1.3136	
108	1	0.94	0.94	1.3564	
109	1	0.93	0.93	1.3051	
110	1	0.92	0.92	1.3136	
111	1	0.93	0.93	1.3051	
112	1	0.96	0.96	1.3384	
113	1	0.97	0.97	1.3491	
114	1	0.95	0.95	1.3475	
115	1	0.98	0.98	1.4196	
116	1	0.98	0.98	1.3996	
117	1	0.98	0.98	1.3996	
118	1	0.98	0.98	1.3996	
119	1	1.01	1.01	1.3899	
120	1	1.06	1.06	1.4564	
121	1	1.05	1.05	1.4075	
122	1	1.05	1.05	1.4075	
123	1	1.05	1.05	1.4075	
124	1	1.1	1.1	1.45	
125	1	1.1	1.1	1.45	
126	1	1.12	1.12	1.4856	
127	1	1.1	1.1	1.49	
128	1	1.09	1.09	1.4819	
129	1	1.14	1.14	1.6204	
130	1	1.1	1.1	1.47	
131	1	1.12	1.12	1.5056	
132	1	1.15	1.15	1.5075	
133	1	1.12	1.12	1.4856	
134	1	1.13	1.13	1.4731	
135	1	1.12	1.12	1.5056	
136	1	1.13	1.13	1.5131	
137	1	1.12	1.12	1.5056	
138	1	1.19	1.19	1.6539	
139	1	1.2	1.2	1.58	
140	1	1.19	1.19	1.5739	
141	1	1.21	1.21	1.5659	
142	1	1.24	1.24	1.5424	
143	1	1.25	1.25	1.5475	
144	1	1.24	1.24	1.5424	
145	1	1.32	1.32	1.6776	
146	1	1.28	1.28	1.5816	
147	1	1.31	1.31	1.5939	
148	1	1.36	1.36	1.7304	
149	1	1.36	1.36	1.7504	
150	1	1.44	1.44	1.8664	
151	1	1.42	1.42	1.7836	
152	1	1.43	1.43	1.7651	
153	1	1.43	1.43	1.7651	
154	1	1.44	1.44	1.7864	
155	1	1.44	1.44	1.8064	
156	1	1.44	1.44	1.8264	
157	1	1.5	1.5	1.95	
158	1	1.48	1.48	1.8696	
159	1	1.48	1.48	1.8696	
160	1	1.46	1.46	1.8484	
161	1	1.46	1.46	1.8084	
162	1	1.44	1.44	1.8264	
163	1	1.48	1.48	1.8296	
164	1	1.45	1.45	1.8275	
165	1	1.47	1.47	2.0491	
166	1	1.4	1.4	1.86	
167	1	1.4	1.4	1.88	
168	1	1.39	1.39	1.9379	
169	1	1.41	1.41	1.9219	
170	1	1.45	1.45	2.0075	
171	1	1.53	1.53	2.1691	
172	1	1.48	1.48	2.0696	
173	1	1.52	1.52	2.0296	
174	1	1.5	1.5	2.05	
175	1	1.49	1.49	2.0699	
176	1	1.5	1.5	2.05	
177	1	1.51	1.51	2.0499	
178	1	1.53	1.53	2.0491	
179	1	1.48	1.48	1.8496	
180	1	1.51	1.51	1.8499	
181	1	1.6	1.6	1.92	
182	1	1.57	1.57	1.9051	
183	1	1.57	1.57	1.9051	
184	1	1.6	1.6	1.92	
185	1	1.63	1.63	1.9531	
186	1	1.67	1.67	2.0611	
187	1	1.63	1.63	1.9531	
188	1	1.65	1.65	1.9875	
189	1	1.62	1.62	2.0156	
190	1	1.61	1.61	2.0379	
191	1	1.66	1.66	2.0844	
192	1	1.58	1.58	1.9636	
193	1	1.59	1.59	2.0219	
194	1	1.6	1.6	2	
195	1	1.64	1.64	2.0104	
196	1	1.64	1.64	1.9704	
197	1	1.69	1.69	2.0739	
198	1	1.66	1.66	2.0044	
199	1	1.67	1.67	2.0211	
200	1	1.67	1.67	2.0211	
201	1	1.69	1.69	2.0739	
202	1	1.68	1.68	2.0776	
203	1	1.67	1.67	2.0411	
204	1	1.68	1.68	2.0176	
205	1	1.66	1.66	2.0044	
206	1	1.62	1.62	1.9356	
207	1	1.65	1.65	1.9275	
208	1	1.64	1.64	1.9304	
209	1	1.61	1.61	1.9379	
210	1	1.6	1.6	1.92	
211	1	1.61	1.61	1.8979	
212	1	1.64	1.64	1.9504	
213	1	1.73	1.73	2.0971	
214	1	1.7	1.7	2.03	
215	1	1.73	1.73	2.0171	
216	1	1.74	1.74	1.9724	
217	1	1.74	1.74	1.9724	
218	1	1.77	1.77	2.0971	
219	1	1.81	1.81	2.1339	
220	1	1.83	1.83	2.2011	
221	1	1.83	1.83	2.2011	
222	1	1.81	1.81	2.1939	
223	1	1.89	1.89	2.3979	
224	1	1.85	1.85	2.3475	
225	1	1.89	1.89	2.3579	
226	1	1.91	1.91	2.3219	
227	1	1.87	1.87	2.3131	
228	1	1.87	1.87	2.3131	
229	1	1.87	1.87	2.2331	
230	1	1.86	1.86	2.2804	
231	1	1.85	1.85	2.3075	
232	1	1.82	1.82	2.4076	
233	1	1.84	1.84	2.3944	
234	1	1.85	1.85	2.3675	
235	1	1.89	1.89	2.3979	
236	1	1.89	1.89	2.3979	
237	1	1.93	1.93	2.5851	
238	1	1.94	1.94	2.5364	
239	1	1.98	1.98	2.6796	
240	1	1.93	1.93	2.5651	
241	1	2.01	2.01	2.6699	
242	1	1.94	1.94	2.4164	
243	1	1.96	1.96	2.4184	
244	1	1.95	1.95	2.4275	
245	1	1.97	1.97	2.4491	
246	1	1.94	1.94	2.5564	
247	1	1.93	1.93	2.5451	
248	1	1.97	1.97	2.5491	
249	1	1.97	1.97	2.6091	
250	1	1.97	1.97	2.7091	
251	1	1.96	1.96	2.7384	
252	1	2.02	2.02	2.7196	
253	1	2.03	2.03	2.9691	
254	1	2.02	2.02	2.8996	
255	1	2	2	2.94	
256	1	2.04	2.04	3.0984	
257	1	2	2	3.02	
258	1	1.93	1.93	2.9251	
259	1	1.96	1.96	2.8984	
260	1	2.01	2.01	2.8699	
261	1	1.99	1.99	2.9299	
262	1	1.97	1.97	2.9491	
263	1	1.96	1.96	3.0184	
264	1	1.96	1.96	3.1984	
265	1	1.95	1.95	3.0075	
266	1	1.93	1.93	3.0051	
267	1	1.96	1.96	2.9784	
268	1	1.96	1.96	3.0184	
269	1	1.95	1.95	2.9875	
270	1	1.91	1.91	3.0419	
271	1	1.87	1.87	2.9731	
272	1	1.88	1.88	2.9456	
273	1	1.94	1.94	3.0164	
274	1	1.96	1.96	3.0984	
275	1	2.03	2.03	3.1291	
276	1	2.01	2.01	3.0899	
277	1	2.01	2.01	3.1099	
278	1	2.01	2.01	3.1099	
279	1	2.01	2.01	3.1699	
280	1	2.01	2.01	3.1899	
281	1	2.07	2.07	3.2651	
282	1	2.05	2.05	3.2675	
283	1	2.02	2.02	3.1996	
284	1	2.01	2.01	3.2099	
285	1	1.99	1.99	3.2299	
286	1	2.01	2.01	3.1699	
287	1	2.02	2.02	3.1796	
288	1	2.13	2.13	3.3531	
289	1	2.1	2.1	3.43	
290	1	2.12	2.12	3.5456	
291	1	2.12	2.12	3.5256	
292	1	2.17	2.17	3.4411	
293	1	2.17	2.17	3.5211	
294	1	2.2	2.2	3.42	
295	1	2.16	2.16	3.4344	
296	1	2.23	2.23	3.4371	
297	1	2.17	2.17	3.4211	
298	1	2.2	2.2	3.46	
299	1	2.21	2.21	3.5859	
300	1	2.32	2.32	3.9176	
301	1	2.33	2.33	3.9211	
302	1	2.37	2.37	3.8331	
303	1	2.38	2.38	3.8556	
304	1	2.37	2.37	3.8931	
305	1	2.4	2.4	3.88	
306	1	2.43	2.43	3.9051	
307	1	2.51	2.51	3.8299	
308	1	2.47	2.47	3.6691	
309	1	2.41	2.41	3.7619	
310	1	2.42	2.42	3.7436	
311	1	2.4	2.4	3.78	
312	1	2.44	2.44	3.7064	
313	1	2.42	2.42	3.7036	
314	1	2.37	2.37	3.7531	
315	1	2.36	2.36	3.8104	
316	1	2.35	2.35	3.7875	
317	1	2.43	2.43	3.7451	
318	1	2.44	2.44	3.6464	
319	1	2.41	2.41	3.6019	
320	1	2.47	2.47	3.8891	
321	1	2.44	2.44	3.6864	
322	1	2.43	2.43	3.5451	
323	1	2.45	2.45	3.6075	
324	1	2.38	2.38	3.5756	
325	1	2.42	2.42	3.7836	
326	1	2.39	2.39	3.6379	
327	1	2.46	2.46	3.7084	
328	1	2.42	2.42	3.5636	
329	1	2.41	2.41	3.5619	
330	1	2.47	2.47	3.5491	
331	1	2.45	2.45	3.6075	
332	1	2.51	2.51	3.7899	
333	1	2.46	2.46	3.8084	
334	1	2.47	2.47	3.7691	
335	1	2.41	2.41	3.7019	
336	1	2.42	2.42	3.9036	
337	1	2.43	2.43	3.8651	
338	1	2.44	2.44	3.9264	
339	1	2.41	2.41	3.8219	
340	1	2.42	2.42	3.8036	
341	1	2.49	2.49	3.9499	
342	1	2.5	2.5	3.95	
343	1	2.49	2.49	3.9099	
344	1	2.49	2.49	3.9499	
345	1	2.49	2.49	3.7099	
346	1	2.51	2.51	3.7099	
347	1	2.5	2.5	3.71	
348	1	2.53	2.53	3.7291	
349	1	2.53	2.53	3.5691	
350	1	2.47	2.47	3.6491	
351	1	2.47	2.47	3.6891	
352	1	2.53	2.53	3.5891	
353	1	2.55	2.55	3.6075	
354	1	2.56	2.56	3.5464	
355	1	2.63	2.63	3.5331	
356	1	2.61	2.61	3.5179	
357	1	2.64	2.64	3.4504	
358	1	2.65	2.65	3.4475	
359	1	2.7	2.7	3.61	
360	1	2.71	2.71	3.5659	
361	1	2.72	2.72	3.5216	
362	1	2.77	2.77	3.6371	
363	1	2.75	2.75	3.5475	
364	1	2.72	2.72	3.6216	
365	1	2.78	2.78	3.7116	
366	1	2.76	2.76	3.7424	
367	1	2.77	2.77	3.7971	
368	1	2.77	2.77	3.7971	
369	1	2.79	2.79	3.8459	
370	1	2.83	2.83	3.7211	
371	1	2.83	2.83	3.8011	
372	1	2.82	2.82	3.8076	
373	1	2.84	2.84	3.7744	
374	1	2.86	2.86	3.8804	
375	1	2.92	2.92	4.0136	
376	1	2.93	2.93	3.8851	
377	1	2.97	2.97	3.7891	
378	1	3	3	3.86	
379	1	2.97	2.97	3.7691	
380	1	3.02	3.02	3.9996	
381	1	3.02	3.02	3.9996	
382	1	3.01	3.01	4.0299	
383	1	2.99	2.99	4.1299	
384	1	2.97	2.97	4.2091	
385	1	3.03	3.03	4.0491	
386	1	3.04	3.04	4.0584	
387	1	3.09	3.09	3.9419	
388	1	3.14	3.14	4.0204	
389	1	3.21	3.21	4.1059	
390	1	3.23	3.23	4.1371	
391	1	3.31	3.31	4.2139	
392	1	3.23	3.23	4.2171	
393	1	3.27	3.27	4.1771	
394	1	3.25	3.25	4.1075	
395	1	3.26	3.26	4.2324	
396	1	3.24	3.24	4.1624	
397	1	3.38	3.38	4.3956	
398	1	3.38	3.38	4.3956	
399	1	3.32	3.32	4.3576	
400	1	3.33	3.33	4.3011	
401	1	3.37	3.37	4.3331	
402	1	3.39	3.39	4.3779	
403	1	3.42	3.42	4.3836	
404	1	3.38	3.38	4.4156	
405	1	3.34	3.34	4.5044	
406	1	3.29	3.29	4.4659	
407	1	3.38	3.38	4.6556	
408	1	3.42	3.42	4.4836	
409	1	3.4	3.4	4.58	
410	1	3.52	3.52	4.6896	
411	1	3.54	3.54	4.6284	
412	1	3.6	3.6	4.6	
413	1	3.54	3.54	4.6684	
414	1	3.64	3.64	4.4704	
415	1	3.63	3.63	4.3531	
416	1	3.63	3.63	4.3331	
417	1	3.65	3.65	4.4275	
418	1	3.71	3.71	4.5459	
419	1	3.72	3.72	4.5616	
420	1	3.67	3.67	4.7411	
421	1	3.67	3.67	4.6611	
422	1	3.7	3.7	4.77	
423	1	3.68	3.68	4.7176	
424	1	3.76	3.76	4.6624	
425	1	3.72	3.72	4.5816	
426	1	3.78	3.78	4.8116	
427	1	3.75	3.75	4.6275	
428	1	3.68	3.68	4.5576	
429	1	3.75	3.75	4.8275	
430	1	3.74	3.74	4.7524	
431	1	3.8	3.8	4.6	
432	1	3.75	3.75	4.6075	
433	1	3.73	3.73	4.4371	
434	1	3.75	3.75	4.4475	
435	1	3.76	3.76	4.3624	
436	1	3.83	3.83	4.6011	
437	1	3.76	3.76	4.2624	
438	1	3.78	3.78	4.3716	
439	1	3.76	3.76	4.3624	
440	1	3.87	3.87	4.4131	
441	1	3.8	3.8	4.48	
442	1	3.77	3.77	4.7171	
443	1	3.83	3.83	4.7211	
444	1	3.79	3.79	4.6259	
445	1	3.76	3.76	4.7624	
446	1	3.77	3.77	4.8371	
447	1	3.84	3.84	4.7344	
448	1	3.84	3.84	4.6744	
449	1	3.87	3.87	4.5331	
450	1	3.9	3.9	4.63	
451	1	3.93	3.93	4.8451	
452	1	3.9	3.9	4.99	
453	1	3.92	3.92	4.9536	
454	1	3.97	3.97	4.8091	
455	1	3.95	3.95	4.7075	
456	1	3.95	3.95	4.7075	
457	1	3.97	3.97	4.7491	
458	1	3.92	3.92	4.8936	
459	1	3.84	3.84	4.8344	
460	1	3.85	3.85	4.6875	
461	1	3.91	3.91	4.7219	
462	1	3.92	3.92	4.9536	
463	1	3.87	3.87	4.7931	
464	1	3.91	3.91	4.8819	
465	1	3.87	3.87	4.9531	
466	1	3.98	3.98	4.9796	
467	1	3.99	3.99	5.3299	
468	1	3.98	3.98	5.1996	
469	1	3.93	3.93	5.3251	
470	1	3.97	3.97	5.1891	
471	1	3.96	3.96	5.2584	
472	1	3.89	3.89	5.4179	
473	1	4.04	4.04	5.6184	
474	1	4.04	4.04	5.5184	
475	1	4.1	4.1	5.39	
476	1	4.06	4.06	5.2564	
477	1	4.03	4.03	5.4491	
478	1	4.08	4.08	5.2936	
479	1	4.12	4.12	5.2856	
480	1	4.11	4.11	5.1379	
481	1	4.13	4.13	5.2131	
482	1	4.14	4.14	5.2004	
483	1	4.14	4.14	5.4604	
484	1	4.19	4.19	5.4539	
485	1	4.12	4.12	5.7056	
486	1	4.12	4.12	5.7656	
487	1	4.04	4.04	5.3184	
488	1	4.1	4.1	5.55	
489	1	4.05	4.05	5.4275	
490	1	4.08	4.08	5.4736	
491	1	4.13	4.13	5.5931	
492	1	4.13	4.13	5.5331	
493	1	4.13	4.13	5.6531	
494	1	4.21	4.21	5.5859	
495	1	4.27	4.27	5.5371	
496	1	4.29	4.29	5.6659	
497	1	4.31	4.31	5.6339	
498	1	4.34	4.34	5.6444	
499	1	4.27	4.27	5.6971	
500	1	4.2	4.2	5.72	
501	1	4.2	4.2	5.56	
502	1	4.18	4.18	5.6076	
503	1	4.18	4.18	5.7076	
504	1	4.27	4.27	5.7171	
505	1	4.29	4.29	5.6259	
506	1	4.38	4.38	5.5356	
507	1	4.39	4.39	5.1979	
508	1	4.35	4.35	5.3075	
509	1	4.42	4.42	5.2036	
510	1	4.45	4.45	5.2075	
511	1	4.42	4.42	5.2036	
512	1	4.41	4.41	5.2019	
513	1	4.42	4.42	5.1836	
514	1	4.48	4.48	5.1696	
515	1	4.47	4.47	5.1091	
516	1	4.48	4.48	5.3096	
517	1	4.5	4.5	5.25	
518	1	4.55	4.55	5.3475	
519	1	4.57	4.57	5.2251	
520	1	4.57	4.57	5.2651	
521	1	4.68	4.68	5.3976	
522	1	4.69	4.69	5.3739	
523	1	4.68	4.68	5.2176	
524	1	4.7	4.7	5.31	
525	1	4.72	4.72	5.1416	
526	1	4.69	4.69	4.9939	
527	1	4.64	4.64	5.1904	
528	1	4.67	4.67	5.1011	
529	1	4.73	4.73	4.9771	
530	1	4.79	4.79	4.7659	
531	1	4.74	4.74	4.7124	
532	1	4.77	4.77	4.6571	
533	1	4.73	4.73	4.8971	
534	1	4.82	4.82	4.7276	
535	1	4.81	4.81	4.8139	
536	1	4.91	4.91	4.6419	
537	1	4.92	4.92	4.6536	
538	1	4.88	4.88	4.7656	
539	1	4.93	4.93	4.6051	
540	1	4.9	4.9	4.69	
541	1	4.88	4.88	4.6256	
542	1	4.84	4.84	4.6544	
543	1	4.8	4.8	4.86	
544	1	4.82	4.82	4.8676	
545	1	4.83	4.83	4.8011	
546	1	4.89	4.89	4.7379	
547	1	4.91	4.91	4.6819	
548	1	4.93	4.93	4.6851	
549	1	4.87	4.87	4.7331	
550	1	4.89	4.89	4.9179	
551	1	4.76	4.76	4.4224	
552	1	4.79	4.79	4.4859	
553	1	4.82	4.82	4.5676	
554	1	4.81	4.81	4.6139	
555	1	4.9	4.9	4.51	
556	1	4.91	4.91	4.6419	
557	1	4.98	4.98	4.4996	
558	1	5.02	5.02	4.5596	
559	1	5.03	5.03	4.5091	
560	1	5.08	5.08	4.5736	
561	1	5.08	5.08	4.5536	
562	1	5.06	5.06	4.6564	
563	1	5.06	5.06	4.4764	
564	1	5.1	5.1	4.53	
565	1	5.06	5.06	4.4164	
566	1	4.97	4.97	4.6091	
567	1	4.98	4.98	4.5396	
568	1	5.07	5.07	4.5051	
569	1	4.98	4.98	4.6596	
570	1	5.02	5.02	4.5596	
571	1	4.94	4.94	4.6964	
572	1	5	5	4.62	
573	1	5.04	5.04	4.4984	
574	1	5.08	5.08	4.5536	
575	1	5.15	5.15	4.6875	
576	1	5.07	5.07	4.5451	
577	1	5.08	5.08	4.5936	
578	1	5.14	5.14	4.4204	
579	1	5.13	5.13	4.3931	
580	1	5.14	5.14	4.3604	
581	1	5.17	5.17	4.3811	
582	1	5.21	5.21	4.5059	
583	1	5.24	5.24	4.5424	
584	1	5.23	5.23	4.5771	
585	1	5.24	5.24	4.5424	
586	1	5.26	5.26	4.6524	
587	1	5.24	5.24	4.7424	
588	1	5.31	5.31	4.7739	
589	1	5.3	5.3	4.81	
590	1	5.32	5.32	4.8776	
591	1	5.26	5.26	5.1124	
592	1	5.31	5.31	5.0939	
593	1	5.32	5.32	5.1376	
594	1	5.34	5.34	5.0644	
595	1	5.29	5.29	5.1059	
596	1	5.27	5.27	5.1171	
597	1	5.33	5.33	5.2011	
598	1	5.3	5.3	5.13	
599	1	5.32	5.32	5.0376	
600	1	5.4	5.4	5.26	
601	1	5.41	5.41	5.3019	
602	1	5.44	5.44	5.3264	
603	1	5.43	5.43	5.3651	
604	1	5.43	5.43	5.3651	
605	1	5.46	5.46	5.3084	
606	1	5.42	5.42	5.5836	
607	1	5.42	5.42	5.5836	
608	1	5.49	5.49	5.5099	
609	1	5.45	5.45	5.6875	
610	1	5.5	5.5	5.59	
611	1	5.48	5.48	5.5696	
612	1	5.52	5.52	5.6896	
613	1	5.52	5.52	5.6296	
614	1	5.52	5.52	5.6096	
615	1	5.59	5.59	5.6019	
616	1	5.51	5.51	5.5699	
617	1	5.56	5.56	5.6664	
618	1	5.59	5.59	5.7219	
619	1	5.53	5.53	5.9091	
620	1	5.47	5.47	5.9691	
621	1	5.53	5.53	5.8691	
622	1	5.54	5.54	5.9684	
623	1	5.66	5.66	5.9844	
624	1	5.74	5.74	5.8124	
625	1	5.8	5.8	5.72	
626	1	5.82	5.82	5.6676	
627	1	5.83	5.83	5.7411	
628	1	5.86	5.86	5.6204	
629	1	5.83	5.83	5.6811	
630	1	5.91	5.91	5.6819	
631	1	5.91	5.91	5.7019	
632	1	5.85	5.85	5.9275	
633	1	5.86	5.86	5.5604	
634	1	5.87	5.87	5.5531	
635	1	5.86	5.86	5.6004	
636	1	5.91	5.91	5.6219	
637	1	5.9	5.9	5.75	
638	1	5.92	5.92	5.5736	
639	1	5.96	5.96	5.6984	
640	1	5.9	5.9	5.75	
641	1	6.05	6.05	5.9275	
642	1	6.02	6.02	5.9796	
643	1	6.02	6.02	5.6596	
644	1	6.08	6.08	5.8536	
645	1	6.04	6.04	5.7784	
646	1	6.04	6.04	5.6384	
647	1	6.03	6.03	5.4291	
648	1	5.93	5.93	5.6251	
649	1	5.91	5.91	5.4819	
650	1	5.96	5.96	5.6584	
651	1	5.91	5.91	5.5819	
652	1	5.98	5.98	5.4596	
653	1	5.98	5.98	5.4596	
654	1	5.99	5.99	5.5099	
655	1	5.94	5.94	5.4964	
656	1	6.01	6.01	5.5699	
657	1	6	6	5.52	
658	1	5.96	5.96	5.5184	
659	1	6.03	6.03	5.5091	
660	1	6.03	6.03	5.4491	
661	1	6.03	6.03	5.4491	
662	1	6.11	6.11	5.5379	
663	1	6.07	6.07	5.3851	
664	1	6.05	6.05	5.4875	
665	1	6.05	6.05	5.3475	
666	1	6	6	5.5	
667	1	6.03	6.03	5.4691	
668	1	6.11	6.11	5.6179	
669	1	6.09	6.09	5.5819	
670	1	6.08	6.08	5.6136	
671	1	6.12	6.12	5.6056	
672	1	6.1	6.1	5.57	
673	1	6.13	6.13	5.6131	
674	1	6.09	6.09	5.7019	
675	1	6.1	6.1	5.81	
676	1	6.08	6.08	5.5536	
677	1	6.05	6.05	5.7675	
678	1	6.18	6.18	5.4676	
679	1	6.28	6.28	5.4816	
680	1	6.3	6.3	5.53	
681	1	6.35	6.35	5.6075	
682	1	6.39	6.39	5.3979	
683	1	6.5	6.5	5.45	
684	1	6.42	6.42	5.3036	
685	1	6.46	6.46	5.3684	
686	1	6.51	6.51	5.2899	
687	1	6.46	6.46	5.2884	
688	1	6.45	6.45	5.2875	
689	1	6.39	6.39	5.4179	
690	1	6.48	6.48	5.4296	
691	1	6.49	6.49	5.4499	
692	1	6.54	6.54	5.2484	
693	1	6.49	6.49	5.2899	
694	1	6.47	6.47	5.3291	
695	1	6.5	6.5	5.29	
696	1	6.54	6.54	5.3284	
697	1	6.54	6.54	5.4484	
698	1	6.57	6.57	5.5651	
699	1	6.56	6.56	5.4464	
700	1	6.49	6.49	5.4099	
701	1	6.52	6.52	5.3496	
702	1	6.53	6.53	5.4091	
703	1	6.57	6.57	5.3251	
704	1	6.56	6.56	5.3864	
705	1	6.63	6.63	5.3931	
706	1	6.63	6.63	5.3331	
707	1	6.59	6.59	5.4619	
708	1	6.62	6.62	5.3556	
709	1	6.57	6.57	5.0651	
710	1	6.58	6.58	4.9636	
711	1	6.62	6.62	4.8956	
712	1	6.62	6.62	4.8956	
713	1	6.61	6.61	4.7179	
714	1	6.59	6.59	4.7419	
715	1	6.59	6.59	4.7419	
716	1	6.51	6.51	4.7499	
717	1	6.56	6.56	4.8064	
718	1	6.58	6.58	4.8236	
719	1	6.58	6.58	4.9836	
720	1	6.55	6.55	4.7475	
721	1	6.65	6.65	4.5075	
722	1	6.71	6.71	4.5259	
723	1	6.73	6.73	4.6171	
724	1	6.66	6.66	4.7044	
725	1	6.69	6.69	4.7739	
726	1	6.75	6.75	4.7875	
727	1	6.7	6.7	4.91	
728	1	6.75	6.75	4.7675	
729	1	6.83	6.83	4.6411	
730	1	6.78	6.78	4.6516	
731	1	6.84	6.84	4.8744	
732	1	6.81	6.81	4.6539	
733	1	6.84	6.84	4.6344	
734	1	6.85	6.85	4.7075	
735	1	6.9	6.9	4.83	
736	1	6.84	6.84	4.8144	
737	1	6.87	6.87	4.8731	
738	1	6.88	6.88	4.7456	
739	1	6.91	6.91	4.7619	
740	1	6.87	6.87	4.6531	
741	1	6.87	6.87	4.5931	
742	1	6.86	6.86	4.7604	
743	1	6.91	6.91	4.7219	
744	1	6.86	6.86	4.8204	
745	1	6.98	6.98	4.6796	
746	1	7.01	7.01	4.7299	
747	1	7.06	7.06	4.6564	
748	1	7.07	7.07	4.6451	
749	1	7.13	7.13	4.6531	
750	1	7.16	7.16	4.5544	
751	1	7.21	7.21	4.7459	
752	1	7.22	7.22	4.9516	
753	1	7.17	7.17	4.9211	
754	1	7.2	7.2	4.9	
755	1	7.2	7.2	4.98	
756	1	7.28	7.28	4.9416	
757	1	7.25	7.25	5.1275	
758	1	7.29	7.29	5.2459	
759	1	7.29	7.29	5.0659	
760	1	7.38	7.38	5.1756	
761	1	7.37	7.37	5.1331	
762	1	7.38	7.38	5.2956	
763	1	7.34	7.34	5.3844	
764	1	7.32	7.32	5.2776	
765	1	7.42	7.42	4.9236	
766	1	7.43	7.43	5.0451	
767	1	7.37	7.37	4.9731	
768	1	7.41	7.41	4.9619	
769	1	7.46	7.46	5.0884	
770	1	7.44	7.44	4.9264	
771	1	7.48	7.48	5.0496	
772	1	7.5	7.5	5.03	
773	1	7.53	7.53	5.0291	
774	1	7.49	7.49	5.0699	
775	1	7.56	7.56	5.1264	
776	1	7.58	7.58	5.1436	
777	1	7.55	7.55	5.3475	
778	1	7.54	7.54	5.2884	
779	1	7.56	7.56	5.2064	
780	1	7.58	7.58	5.1836	
781	1	7.6	7.6	5.3	
782	1	7.59	7.59	5.3219	
783	1	7.53	7.53	5.1691	
784	1	7.52	7.52	5.1296	
785	1	7.57	7.57	5.2251	
786	1	7.56	7.56	5.1464	
787	1	7.55	7.55	5.1075	
788	1	7.54	7.54	5.2284	
789	1	7.55	7.55	5.1475	
790	1	7.53	7.53	5.2491	
791	1	7.64	7.64	4.9904	
792	1	7.65	7.65	5.1275	
793	1	7.65	7.65	5.0675	
794	1	7.71	7.71	5.0059	
795	1	7.78	7.78	4.9316	
796	1	7.77	7.77	4.9171	
797	1	7.85	7.85	4.9075	
798	1	7.85	7.85	4.9075	
799	1	7.82	7.82	4.9476	
800	1	7.85	7.85	4.8875	
801	1	7.92	7.92	4.9736	
802	1	7.89	7.89	5.3379	
803	1	7.94	7.94	5.3164	
804	1	7.92	7.92	5.2336	
805	1	7.94	7.94	5.3164	
806	1	7.95	7.95	5.3675	
807	1	7.99	7.99	5.3499	
808	1	8.05	8.05	5.3875	
809	1	7.98	7.98	5.3396	
810	1	8	8	5.34	
811	1	7.96	7.96	5.4984	
812	1	7.98	7.98	5.4196	
813	1	8.03	8.03	5.5691	
814	1	7.96	7.96	5.3384	
815	1	7.98	7.98	5.2596	
816	1	7.93	7.93	5.3251	
817	1	7.94	7.94	5.3364	
818	1	7.94	7.94	5.4364	
819	1	7.94	7.94	5.5364	
820	1	8.01	8.01	5.5899	
821	1	8.01	8.01	5.5899	
822	1	8.03	8.03	5.5491	
823	1	8.02	8.02	5.4996	
824	1	8.02	8.02	5.6596	
825	1	8.04	8.04	5.5184	
826	1	8.13	8.13	5.5131	
827	1	8.07	8.07	5.4251	
828	1	8.06	8.06	5.6564	
829	1	8.1	8.1	5.65	
830	1	8.09	8.09	5.6619	
831	1	8.23	8.23	5.8371	
832	1	8.22	8.22	5.9716	
833	1	8.29	8.29	5.9859	
834	1	8.28	8.28	5.9016	
835	1	8.32	8.32	5.9976	
836	1	8.32	8.32	5.9976	
837	1	8.33	8.33	6.0611	
838	1	8.34	8.34	6.0844	
839	1	8.5	8.5	5.63	
840	1	8.53	8.53	5.5091	
841	1	8.52	8.52	5.4296	
842	1	8.68	8.68	5.4776	
843	1	8.71	8.71	5.7459	
844	1	8.72	8.72	5.7616	
845	1	8.72	8.72	5.8216	
846	1	8.66	8.66	6.0044	
847	1	8.74	8.74	5.9924	
848	1	8.75	8.75	5.6875	
849	1	8.72	8.72	5.6816	
850	1	8.67	8.67	5.9011	
851	1	8.69	8.69	5.9539	
852	1	8.7	8.7	5.91	
853	1	8.74	8.74	5.9324	
854	1	8.75	8.75	6.0075	
855	1	8.7	8.7	6.03	
856	1	8.72	8.72	6.1416	
857	1	8.77	8.77	6.2971	
858	1	8.76	8.76	5.9024	
859	1	8.83	8.83	5.9611	
860	1	8.69	8.69	5.8739	
861	1	8.78	8.78	5.8716	
862	1	8.83	8.83	5.7411	
863	1	8.83	8.83	5.8211	
864	1	8.85	8.85	5.7875	
865	1	8.89	8.89	5.8779	
866	1	8.92	8.92	5.9736	
867	1	8.91	8.91	5.7219	
868	1	8.86	8.86	5.6404	
869	1	8.93	8.93	5.5651	
870	1	8.88	8.88	5.3856	
871	1	8.87	8.87	5.4331	
872	1	8.86	8.86	5.6004	
873	1	8.84	8.84	5.4944	
874	1	8.88	8.88	5.3256	
875	1	8.78	8.78	5.2716	
876	1	8.82	8.82	5.2076	
877	1	8.76	8.76	5.4224	
878	1	8.82	8.82	5.1876	
879	1	8.84	8.84	5.2144	
880	1	8.74	8.74	5.4924	
881	1	8.66	8.66	5.6444	
882	1	8.67	8.67	5.7411	
883	1	8.57	8.57	5.9451	
884	1	8.62	8.62	6.0756	
885	1	8.63	8.63	6.0931	
886	1	8.73	8.73	5.9371	
887	1	8.72	8.72	5.9216	
888	1	8.79	8.79	6.1059	
889	1	8.69	8.69	6.1539	
890	1	8.7	8.7	6.37	
891	1	8.81	8.81	6.0139	
892	1	8.95	8.95	5.8275	
893	1	8.93	8.93	5.7851	
894	1	8.95	8.95	5.7875	
895	1	8.99	8.99	5.9299	
896	1	8.99	8.99	5.9299	
897	1	8.96	8.96	5.9384	
898	1	8.94	8.94	5.7764	
899	1	8.94	8.94	5.8964	
900	1	8.88	8.88	5.9256	
901	1	8.87	8.87	5.9931	
902	1	8.9	8.9	6.01	
903	1	8.85	8.85	5.8875	
904	1	8.85	8.85	5.9675	
905	1	8.85	8.85	6.0875	
906	1	8.86	8.86	6.1004	
907	1	8.85	8.85	6.0675	
908	1	8.85	8.85	6.1275	
909	1	8.87	8.87	6.1331	
910	1	8.88	8.88	6.1656	
911	1	8.84	8.84	6.1544	
912	1	8.86	8.86	6.0404	
913	1	8.81	8.81	6.2739	
914	1	8.88	8.88	5.9656	
915	1	8.93	8.93	6.0251	
916	1	8.86	8.86	5.9604	
917	1	8.9	8.9	5.89	
918	1	8.83	8.83	6.2211	
919	1	8.85	8.85	6.1275	
920	1	8.92	8.92	5.9136	
921	1	8.91	8.91	6.0219	
922	1	8.95	8.95	6.0475	
923	1	8.99	8.99	6.0099	
924	1	8.87	8.87	6.0331	
925	1	8.83	8.83	5.8011	
926	1	8.89	8.89	5.7779	
927	1	8.9	8.9	5.79	
928	1	8.88	8.88	5.7456	
929	1	8.86	8.86	5.8004	
930	1	8.88	8.88	5.8456	
931	1	8.92	8.92	5.7736	
932	1	8.93	8.93	5.8051	
933	1	8.91	8.91	5.8819	
934	1	9.09	9.09	5.4819	
935	1	9.12	9.12	5.6256	
936	1	9.08	9.08	5.4736	
937	1	9.15	9.15	5.8475	
938	1	9.1	9.1	5.91	
939	1	9.05	9.05	6.0875	
940	1	9.1	9.1	6.03	
941	1	9.06	9.06	6.0164	
942	1	9.12	9.12	5.9656	
943	1	9.14	9.14	5.9404	
944	1	9.11	9.11	6.0179	
945	1	9.13	9.13	6.0531	
946	1	9.19	9.19	5.9139	
947	1	9.26	9.26	6.0124	
948	1	9.28	9.28	6.1616	
949	1	9.24	9.24	6.2424	
950	1	9.24	9.24	6.2424	
951	1	9.24	9.24	6.4424	
952	1	9.32	9.32	6.2376	
953	1	9.15	9.15	6.3275	
954	1	9.18	9.18	6.2276	
955	1	9.17	9.17	6.4211	
956	1	9.2	9.2	6.62	
957	1	9.18	9.18	6.5276	
958	1	9.17	9.17	6.4411	
959	1	9.26	9.26	6.2724	
960	1	9.35	9.35	6.1875	
961	1	9.31	9.31	6.3739	
962	1	9.37	9.37	6.2131	
963	1	9.37	9.37	6.2131	
964	1	9.32	9.32	6.2976	
965	1	9.36	9.36	6.1904	
966	1	9.36	9.36	6.1904	
967	1	9.39	9.39	6.1379	
968	1	9.38	9.38	5.9356	
969	1	9.39	9.39	5.9779	
970	1	9.35	9.35	6.1875	
971	1	9.35	9.35	6.2675	
972	1	9.28	9.28	6.3816	
973	1	9.32	9.32	6.3576	
974	1	9.41	9.41	6.4019	
975	1	9.37	9.37	6.5531	
976	1	9.51	9.51	6.6299	
977	1	9.49	9.49	6.4899	
978	1	9.47	9.47	6.4691	
979	1	9.5	9.5	6.49	
980	1	9.37	9.37	6.5931	
981	1	9.37	9.37	6.4931	
982	1	9.38	9.38	6.4356	
983	1	9.42	9.42	6.4036	
984	1	9.49	9.49	6.2699	
985	1	9.53	9.53	6.3491	
986	1	9.52	9.52	6.4896	
987	1	9.59	9.59	6.6219	
988	1	9.57	9.57	6.5051	
989	1	9.56	9.56	6.7264	
990	1	9.68	9.68	6.5776	
991	1	9.67	9.67	6.4611	
992	1	9.7	9.7	6.67	
993	1	9.6	9.6	6.68	
994	1	9.66	9.66	6.5044	
995	1	9.63	9.63	6.8131	
996	1	9.62	9.62	6.5556	
997	1	9.69	9.69	6.3339	
998	1	9.73	9.73	6.3571	
999	1	9.69	9.69	6.3139	
1000	1	9.66	9.66	6.1044	
1001	1	9.64	9.64	6.1904	
1002	1	9.65	9.65	6.2475	
1003	1	9.67	9.67	6.0211	
1004	1	9.69	9.69	6.0739	
1005	1	9.67	9.67	6.1011	
1006	1	9.65	9.65	6.2075	
1007	1	9.66	9.66	6.1444	
1008	1	9.73	9.73	5.9371	
1009	1	9.69	9.69	5.9739	
1010	1	9.76	9.76	5.8424	
1011	1	9.78	9.78	5.9116	
1012	1	9.81	9.81	5.7939	
1013	1	9.77	9.77	5.9171	
1014	1	9.79	9.79	6.1259	
1015	1	9.84	9.84	6.2144	
1016	1	9.79	9.79	6.3459	
1017	1	9.83	9.83	6.2011	
1018	1	9.79	9.79	6.4059	
1019	1	9.86	9.86	6.5404	
1020	1	9.86	9.86	6.2204	
1021	1	9.97	9.97	7.0091	
1022	1	9.96	9.96	7.0984	
1023	1	9.92	9.92	6.1936	
1024	1	9.83	9.83	6.3811	
1025	1	9.95	9.95	6.2875	
1026	1	9.95	9.95	6.3475	
1027	1	9.93	9.93	6.2251	
1028	1	9.95	9.95	6.2075	
1029	1	10	10	6.14	
1030	1	10.04	10.04	6.1184	
1031	1	10	10	6.22	
1032	1	10.02	10.02	6.1996	
1033	1	10.07	10.07	6.0451	
1034	1	10.1	10.1	6.11	
1035	1	10.11	10.11	6.1579	
1036	1	10.14	10.14	6.1804	
1037	1	10.11	10.11	6.1179	
1038	1	10.12	10.12	6.1656	
1039	1	10.06	10.06	6.0564	
1040	1	10.08	10.08	6.2936	
1041	1	9.99	9.99	6.2299	
1042	1	10.01	10.01	6.0299	
1043	1	10.01	10.01	6.2499	
1044	1	10.13	10.13	5.8731	
1045	1	10.06	10.06	6.0964	
1046	1	10.09	10.09	5.7619	
1047	1	10.03	10.03	5.7491	
1048	1	10.13	10.13	5.9131	
1049	1	10.12	10.12	5.8456	
1050	1	10.14	10.14	5.8404	
1051	1	10.12	10.12	5.7656	
1052	1	10.15	10.15	5.7675	
1053	1	10.16	10.16	5.8544	
1054	1	10.13	10.13	5.8931	
1055	1	10.11	10.11	6.0579	
1056	1	10.21	10.21	5.8859	
1057	1	10.19	10.19	5.9539	
1058	1	10.18	10.18	6.0076	
1059	1	10.18	10.18	6.0076	
1060	1	10.22	10.22	5.8316	
1061	1	10.24	10.24	5.9024	
1062	1	10.19	10.19	6.2139	
1063	1	10.23	10.23	6.4371	
1064	1	10.25	10.25	6.2075	
1065	1	10.28	10.28	6.1016	
1066	1	10.32	10.32	6.0576	
1067	1	10.33	10.33	6.1811	
1068	1	10.28	10.28	6.1216	
1069	1	10.27	10.27	6.4171	
1070	1	10.31	10.31	6.2139	
1071	1	10.33	10.33	6.3611	
1072	1	10.32	10.32	6.1976	
1073	1	10.35	10.35	6.3075	
1074	1	10.32	10.32	6.1776	
1075	1	10.34	10.34	6.0644	
1076	1	10.39	10.39	6.0379	
1077	1	10.37	10.37	6.0131	
1078	1	10.41	10.41	6.1419	
1079	1	10.35	10.35	6.2875	
1080	1	10.4	10.4	5.88	
1081	1	10.33	10.33	5.8811	
1082	1	10.3	10.3	6.05	
1083	1	10.31	10.31	6.0939	
1084	1	10.32	10.32	5.9776	
1085	1	10.33	10.33	6.0011	
1086	1	10.39	10.39	5.9379	
1087	1	10.35	10.35	6.1075	
1088	1	10.37	10.37	6.1531	
1089	1	10.37	10.37	6.1131	
1090	1	10.39	10.39	6.2379	
1091	1	10.33	10.33	6.4611	
1092	1	10.37	10.37	6.4331	
1093	1	10.35	10.35	6.5875	
1094	1	10.37	10.37	6.7931	
1095	1	10.37	10.37	6.7931	
1096	1	10.38	10.38	6.8556	
1097	1	10.47	10.47	6.8291	
1098	1	10.48	10.48	6.7496	
1099	1	10.46	10.46	6.6884	
1100	1	10.4	10.4	6.74	
1101	1	10.43	10.43	6.8051	
1102	1	10.45	10.45	6.8675	
1103	1	10.43	10.43	6.7851	
1104	1	10.44	10.44	6.7664	
1105	1	10.5	10.5	6.85	
1106	1	10.5	10.5	7.05	
1107	1	10.6	10.6	6.64	
1108	1	10.55	10.55	6.8275	
1109	1	10.55	10.55	6.8075	
1110	1	10.5	10.5	7.01	
1111	1	10.5	10.5	7.09	
1112	1	10.43	10.43	7.2251	
1113	1	10.54	10.54	6.8684	
1114	1	10.6	10.6	7.16	
1115	1	10.61	10.61	7.2579	
1116	1	10.64	10.64	7.2704	
1117	1	10.64	10.64	7.2904	
1118	1	10.69	10.69	7.2739	
1119	1	10.56	10.56	7.5064	
1120	1	10.62	10.62	7.4356	
1121	1	10.64	10.64	8.3704	
1122	1	10.5	10.5	7.69	
1123	1	10.62	10.62	7.5556	
1124	1	10.64	10.64	7.6304	
1125	1	10.66	10.66	7.6644	
1126	1	10.68	10.68	7.7576	
1127	1	10.69	10.69	7.8139	
1128	1	10.69	10.69	7.7339	
1129	1	10.69	10.69	7.7339	
1130	1	10.68	10.68	7.7376	
1131	1	10.63	10.63	7.9531	
1132	1	10.72	10.72	7.8616	
1133	1	10.67	10.67	7.6211	
1134	1	10.79	10.79	7.5459	
1135	1	10.79	10.79	7.5459	
1136	1	10.87	10.87	7.6931	
1137	1	10.89	10.89	7.7379	
1138	1	10.8	10.8	7.68	
1139	1	10.93	10.93	7.6251	
1140	1	10.91	10.91	7.5819	
1141	1	10.91	10.91	7.6419	
1142	1	10.91	10.91	7.5619	
1143	1	10.82	10.82	7.4676	
1144	1	10.82	10.82	7.4676	
1145	1	10.81	10.81	7.3939	
1146	1	10.81	10.81	7.4139	
1147	1	10.83	10.83	7.4611	
1148	1	10.71	10.71	6.4259	
1149	1	10.66	10.66	6.6044	
1150	1	10.64	10.64	6.5904	
1151	1	10.77	10.77	6.2771	
1152	1	10.8	10.8	6.38	
1153	1	10.79	10.79	6.3259	
1154	1	10.8	10.8	6.34	
1155	1	10.84	10.84	6.4544	
1156	1	10.87	10.87	6.4731	
1157	1	10.81	10.81	6.8339	
1158	1	10.89	10.89	6.5379	
1159	1	10.92	10.92	6.4936	
1160	1	10.92	10.92	6.4936	
1161	1	10.9	10.9	6.37	
1162	1	11	11	6.12	
1163	1	10.95	10.95	5.8075	
1164	1	10.96	10.96	5.8584	
1165	1	11	11	5.82	
1166	1	11.04	11.04	5.7584	
1167	1	11.01	11.01	6.0699	
1168	1	11.02	11.02	6.0996	
1169	1	11.09	11.09	5.9819	
1170	1	11.1	11.1	6.03	
1171	1	11.02	11.02	6.2796	
1172	1	11.07	11.07	6.3251	
1173	1	11.05	11.05	6.4075	
1174	1	11.06	11.06	6.4564	
1175	1	11.11	11.11	6.4779	
1176	1	11.04	11.04	6.5384	
1177	1	11.16	11.16	6.1144	
1178	1	11.23	11.23	6.0171	
1179	1	11.22	11.22	5.9916	
1180	1	11.19	11.19	5.9739	
1181	1	11.2	11.2	5.96	
1182	1	11.26	11.26	6.2124	
1183	1	11.24	11.24	6.4024	
1184	1	11.27	11.27	6.4771	
1185	1	11.27	11.27	6.3571	
1186	1	11.32	11.32	6.4176	
1187	1	11.25	11.25	6.6075	
1188	1	11.35	11.35	6.4475	
1189	1	11.38	11.38	6.5356	
1190	1	11.35	11.35	6.7675	
1191	1	11.36	11.36	6.7904	
1192	1	11.38	11.38	6.8556	
1193	1	11.41	11.41	6.9419	
1194	1	11.44	11.44	7.0064	
1195	1	11.46	11.46	6.9884	
1196	1	11.49	11.49	6.8699	
1197	1	11.48	11.48	6.8296	
1198	1	11.37	11.37	7.2131	
1199	1	11.47	11.47	6.9491	
1200	1	11.52	11.52	6.4696	
1201	1	11.56	11.56	6.6264	
1202	1	11.51	11.51	6.7099	
1203	1	11.53	11.53	6.6691	
1204	1	11.53	11.53	6.6691	
1205	1	11.57	11.57	6.6651	
1206	1	11.53	11.53	6.6291	
1207	1	11.55	11.55	6.4675	
1208	1	11.57	11.57	6.5251	
1209	1	11.53	11.53	6.8091	
1210	1	11.58	11.58	6.5036	
1211	1	11.62	11.62	6.5956	
1212	1	11.56	11.56	6.6664	
1213	1	11.62	11.62	6.5956	
1214	1	11.64	11.64	6.6504	
1215	1	11.64	11.64	6.6304	
1216	1	11.65	11.65	6.6275	
1217	1	11.68	11.68	6.7576	
1218	1	11.68	11.68	6.6776	
1219	1	11.65	11.65	6.5675	
1220	1	11.66	11.66	6.5844	
1221	1	11.68	11.68	6.6176	
1222	1	11.67	11.67	6.6211	
1223	1	11.67	11.67	6.8411	
1224	1	11.65	11.65	6.9075	
1225	1	11.74	11.74	6.7124	
1226	1	11.75	11.75	6.7075	
1227	1	11.7	11.7	6.39	
1228	1	11.68	11.68	6.6976	
1229	1	11.76	11.76	6.4224	
1230	1	11.75	11.75	6.3875	
1231	1	11.72	11.72	6.6216	
1232	1	11.74	11.74	6.7324	
1233	1	11.79	11.79	6.9059	
1234	1	11.81	11.81	6.9739	
1235	1	11.8	11.8	6.96	
1236	1	11.83	11.83	7.0611	
1237	1	11.71	11.71	7.4659	
1238	1	11.71	11.71	7.5459	
1239	1	11.78	11.78	7.2316	
1240	1	11.78	11.78	7.1116	
1241	1	11.74	11.74	7.3524	
1242	1	11.79	11.79	7.0259	
1243	1	11.76	11.76	7.0424	
1244	1	11.85	11.85	7.0475	
1245	1	11.88	11.88	7.0656	
1246	1	11.89	11.89	6.9979	
1247	1	11.85	11.85	6.8875	
1248	1	11.89	11.89	6.8379	
1249	1	11.83	11.83	7.2011	
1250	1	11.86	11.86	7.2404	
1251	1	11.85	11.85	7.1875	
1252	1	11.79	11.79	7.2859	
1253	1	11.79	11.79	7.5659	
1254	1	11.82	11.82	7.5676	
1255	1	11.77	11.77	7.9971	
1256	1	11.79	11.79	7.9259	
1257	1	11.81	11.81	8.0539	
1258	1	11.83	11.83	8.1611	
1259	1	11.85	11.85	8.2475	
1260	1	11.82	11.82	8.2476	
1261	1	11.79	11.79	8.3859	
1262	1	11.89	11.89	8.5579	
1263	1	11.75	11.75	8.2675	
1264	1	11.69	11.69	8.5139	
1265	1	11.73	11.73	8.4771	
1266	1	11.7	11.7	8.73	
1267	1	11.77	11.77	8.1971	
1268	1	11.71	11.71	8.3459	
1269	1	11.66	11.66	8.7444	
1270	1	11.74	11.74	8.4924	
1271	1	11.72	11.72	8.7416	
1272	1	11.7	11.7	8.67	
1273	1	11.56	11.56	8.8264	
1274	1	11.67	11.67	9.1811	
1275	1	11.53	11.53	9.5091	
1276	1	11.58	11.58	9.3036	
1277	1	11.61	11.61	9.4379	
1278	1	11.62	11.62	9.2356	
1279	1	11.64	11.64	8.9904	
1280	1	11.66	11.66	8.9644	
1281	1	11.55	11.55	8.8075	
1282	1	11.46	11.46	9.0684	
1283	1	11.45	11.45	9.1275	
1284	1	11.5	11.5	9.03	
1285	1	11.51	11.51	8.9699	
1286	1	11.45	11.45	9.1475	
1287	1	11.53	11.53	9.0691	
1288	1	11.43	11.43	8.8051	
1289	1	11.44	11.44	8.8264	
1290	1	11.45	11.45	8.8675	
1291	1	11.45	11.45	8.8675	
1292	1	11.47	11.47	8.9891	
1293	1	11.41	11.41	9.2819	
1294	1	11.46	11.46	8.9884	
1295	1	11.43	11.43	9.1251	
1296	1	11.41	11.41	9.0619	
1297	1	11.41	11.41	9.4219	
1298	1	11.4	11.4	9.2	
1299	1	11.46	11.46	9.3284	
1300	1	11.46	11.46	9.3284	
1301	1	11.37	11.37	9.3731	
1302	1	11.33	11.33	9.4011	
1303	1	11.36	11.36	9.2704	
1304	1	11.32	11.32	9.3376	
1305	1	11.24	11.24	9.2224	
1306	1	11.21	11.21	9.4659	
1307	1	11.32	11.32	9.6976	
1308	1	11.24	11.24	9.5424	
1309	1	11.21	11.21	9.5459	
1310	1	11.22	11.22	9.6916	
1311	1	11.28	11.28	9.8416	
1312	1	11.39	11.39	9.5979	
1313	1	11.46	11.46	9.6884	
1314	1	11.44	11.44	9.5064	
1315	1	11.44	11.44	9.2664	
1316	1	11.39	11.39	9.4779	
1317	1	11.44	11.44	9.7064	
1318	1	11.38	11.38	9.3156	
1319	1	11.3	11.3	9.21	
1320	1	11.36	11.36	9.2104	
1321	1	11.33	11.33	9.2011	
1322	1	11.31	11.31	8.8939	
1323	1	11.26	11.26	8.9724	
1324	1	11.32	11.32	8.8176	
1325	1	11.34	11.34	8.9044	
1326	1	11.32	11.32	8.9176	
1327	1	11.4	11.4	9.02	
1328	1	11.42	11.42	8.8836	
1329	1	11.47	11.47	8.9091	
1330	1	11.42	11.42	9.1436	
1331	1	11.36	11.36	8.9704	
1332	1	11.43	11.43	8.9851	
1333	1	11.43	11.43	8.9851	
1334	1	11.5	11.5	9.09	
1335	1	11.57	11.57	9.0451	
1336	1	11.46	11.46	9.2684	
1337	1	11.51	11.51	9.0299	
1338	1	11.46	11.46	9.0284	
1339	1	11.52	11.52	9.0496	
1340	1	11.48	11.48	9.1696	
1341	1	11.53	11.53	9.1691	
1342	1	11.6	11.6	9.28	
1343	1	11.68	11.68	9.6576	
1344	1	11.64	11.64	9.3704	
1345	1	11.6	11.6	9.42	
1346	1	11.6	11.6	9.5	
1347	1	11.71	11.71	10.2659	
1348	1	11.63	11.63	10.1531	
1349	1	11.62	11.62	10.1956	
1350	1	11.72	11.72	10.5416	
1351	1	11.66	11.66	10.1644	
1352	1	11.62	11.62	9.9956	
1353	1	11.57	11.57	10.1851	
1354	1	11.57	11.57	10.3051	
1355	1	11.52	11.52	10.3696	
1356	1	11.65	11.65	10.0675	
1357	1	11.65	11.65	10.0675	
1358	1	11.68	11.68	10.2376	
1359	1	11.65	11.65	10.3675	
1360	1	11.67	11.67	10.3211	
1361	1	11.72	11.72	10.6616	
1362	1	11.65	11.65	10.5475	
1363	1	11.72	11.72	10.3416	
1364	1	11.68	11.68	10.4976	
1365	1	11.79	11.79	10.4059	
1366	1	11.97	11.97	11.1091	
1367	1	11.92	11.92	11.6136	
1368	1	11.97	11.97	11.4691	
1369	1	12.04	12.04	11.5584	
1370	1	12.07	12.07	11.5251	
1371	1	12.13	12.13	11.7531	
1372	1	12.12	12.12	11.6856	
1373	1	12.13	12.13	11.7531	
1374	1	12.14	12.14	11.5804	
1375	1	12.13	12.13	11.5331	
1376	1	12.1	12.1	11.85	
1377	1	12.19	12.19	11.7539	
1378	1	12.23	12.23	11.6771	
1379	1	12.17	12.17	12.1011	
1380	1	12.19	12.19	12.3339	
1381	1	12.08	12.08	12.6536	
1382	1	12.08	12.08	12.7536	
1383	1	12.14	12.14	12.4804	
1384	1	12.2	12.2	12.38	
1385	1	12.24	12.24	12.9624	
1386	1	12.3	12.3	13.17	
1387	1	12.43	12.43	13.1651	
1388	1	12.58	12.58	13.1236	
1389	1	12.45	12.45	12.8675	
1390	1	12.55	12.55	12.4675	
1391	1	12.53	12.53	12.4491	
1392	1	12.5	12.5	12.51	
1393	1	12.64	12.64	12.0704	
1394	1	12.67	12.67	12.2411	
1395	1	12.67	12.67	12.2411	
1396	1	12.72	12.72	11.9616	
1397	1	12.76	12.76	11.6624	
1398	1	12.84	12.84	11.6944	
1399	1	12.91	12.91	11.8019	
1400	1	12.89	12.89	11.3379	
1401	1	12.9	12.9	11.39	
1402	1	12.88	12.88	11.2256	
1403	1	12.91	12.91	11.4819	
1404	1	12.79	12.79	11.3859	
1405	1	12.76	12.76	11.1624	
1406	1	12.7	12.7	11.11	
1407	1	12.72	12.72	11.2416	
1408	1	12.73	12.73	11.2171	
1409	1	12.89	12.89	11.4979	
1410	1	12.95	12.95	11.6075	
1411	1	12.95	12.95	11.9675	
1412	1	12.88	12.88	11.6656	
1413	1	12.92	12.92	11.5736	
1414	1	12.97	12.97	11.8091	
1415	1	12.91	12.91	12.0019	
1416	1	12.94	12.94	12.2764	
1417	1	12.86	12.86	12.4204	
1418	1	12.93	12.93	12.2251	
1419	1	12.86	12.86	12.4204	
1420	1	12.91	12.91	12.4419	
1421	1	12.74	12.74	12.3724	
1422	1	12.81	12.81	12.3339	
1423	1	12.91	12.91	12.6819	
1424	1	12.87	12.87	12.3731	
1425	1	12.87	12.87	12.4931	
1426	1	12.91	12.91	12.4219	
1427	1	12.96	12.96	12.3784	
1428	1	12.99	12.99	12.5299	
1429	1	12.88	12.88	12.6256	
1430	1	12.98	12.98	12.7796	
1431	1	13.09	13.09	12.5619	
1432	1	13.19	13.19	12.6739	
1433	1	13.4	13.4	13.22	
1434	1	13.43	13.43	13.1851	
1435	1	13.46	13.46	13.5284	
1436	1	13.51	13.51	13.2299	
1437	1	13.67	13.67	13.3611	
1438	1	13.63	13.63	13.0531	
1439	1	13.54	13.54	12.9284	
1440	1	13.53	13.53	13.0691	
1441	1	13.53	13.53	12.5891	
1442	1	13.47	13.47	13.0491	
1443	1	13.67	13.67	13.1611	
1444	1	13.66	13.66	12.8644	
1445	1	13.72	13.72	12.5616	
1446	1	13.74	13.74	12.5524	
1447	1	13.83	13.83	12.1411	
1448	1	13.85	13.85	12.1875	
1449	1	14.02	14.02	11.6396	
1450	1	14.05	14.05	11.6075	
1451	1	13.98	13.98	11.9996	
1452	1	14.25	14.25	11.0875	
1453	1	14.21	14.21	10.7859	
1454	1	14.12	14.12	11.4256	
1455	1	14.2	14.2	11.88	
1456	1	14.17	14.17	11.4011	
1457	1	14.15	14.15	11.6075	
1458	1	14.21	14.21	11.2259	
1459	1	14.21	14.21	11.3659	
1460	1	14.24	14.24	11.1824	
1461	1	14.24	14.24	11.1624	
1462	1	14.23	14.23	11.1771	
1463	1	14.24	14.24	11.0824	
1464	1	14.21	14.21	11.1859	
1465	1	14.26	14.26	11.0124	
1466	1	14.21	14.21	11.3859	
1467	1	14.25	14.25	11.5675	
1468	1	14.44	14.44	11.5264	
1469	1	14.44	14.44	11.8664	
1470	1	14.51	14.51	11.8099	
1471	1	14.5	14.5	11.79	
1472	1	14.62	14.62	12.3556	
1473	1	14.66	14.66	12.2444	
1474	1	14.62	14.62	13.0356	
1475	1	14.6	14.6	13.1	
1476	1	14.61	14.61	13.2179	
1477	1	14.61	14.61	13.2979	
1478	1	14.52	14.52	13.4096	
1479	1	14.52	14.52	13.5096	
1480	1	14.52	14.52	13.5296	
1481	1	14.42	14.42	14.0636	
1482	1	14.47	14.47	14.0691	
1483	1	14.42	14.42	14.3036	
1484	1	14.31	14.31	13.8139	
1485	1	14.38	14.38	13.5956	
1486	1	14.44	14.44	13.9064	
1487	1	14.4	14.4	13.48	
1488	1	14.33	14.33	13.8011	
1489	1	14.36	14.36	14.0504	
1490	1	14.34	14.34	13.8644	
1491	1	14.3	14.3	13.83	
1492	1	14.36	14.36	13.7904	
1493	1	14.3	14.3	13.75	
1494	1	14.28	14.28	13.7616	
1495	1	14.15	14.15	14.3075	
1496	1	14.17	14.17	14.2011	
1497	1	14.24	14.24	14.0824	
1498	1	14.25	14.25	14.0475	
1499	1	14.29	14.29	14.0659	
1500	1	14.25	14.25	13.9275	
1501	1	14.16	14.16	13.5744	
1502	1	14.18	14.18	14.3476	
1503	1	14.17	14.17	13.8211	
1504	1	14.22	14.22	14.1716	
1505	1	14.24	14.24	14.0024	
1506	1	14.07	14.07	14.3051	
1507	1	14.06	14.06	14.3164	
1508	1	14.05	14.05	14.4475	
1509	1	14.08	14.08	14.5736	
1510	1	14.14	14.14	14.4404	
1511	1	14.15	14.15	14.7875	
1512	1	14.16	14.16	14.6144	
1513	1	14.05	14.05	14.9075	
1514	1	14.08	14.08	15.2136	
1515	1	14.12	14.12	14.8056	
1516	1	14.19	14.19	14.8539	
1517	1	14.23	14.23	15.1971	
1518	1	14.1	14.1	15.27	
1519	1	14.08	14.08	15.1336	
1520	1	14.15	14.15	15.2475	
1521	1	14.15	14.15	15.1275	
1522	1	14.2	14.2	15.04	
1523	1	14.22	14.22	15.0516	
1524	1	14.11	14.11	14.7579	
1525	1	14.06	14.06	14.6764	
1526	1	14.16	14.16	15.0544	
1527	1	14.24	14.24	14.8624	
1528	1	14.24	14.24	14.9624	
1529	1	14.22	14.22	14.8116	
1530	1	14.26	14.26	15.1924	
1531	1	14.26	14.26	15.1124	
1532	1	14.15	14.15	15.2275	
1533	1	14.24	14.24	15.4424	
1534	1	14.25	14.25	15.4875	
1535	1	14.19	14.19	15.4739	
1536	1	14.22	14.22	15.4716	
1537	1	14.24	14.24	15.4424	
1538	1	14.28	14.28	15.4416	
1539	1	14.07	14.07	15.6651	
1540	1	14.08	14.08	15.7336	
1541	1	14.07	14.07	15.7051	
1542	1	13.97	13.97	16.4291	
1543	1	14.04	14.04	16.0784	
1544	1	14.15	14.15	16.4075	
1545	1	14.14	14.14	16.1404	
1546	1	14.12	14.12	16.3656	
1547	1	14.21	14.21	16.3459	
1548	1	14.18	14.18	16.3076	
1549	1	14.2	14.2	16.28	
1550	1	14.21	14.21	16.3259	
1551	1	14.11	14.11	16.8979	
1552	1	14.14	14.14	16.6404	
1553	1	14.01	14.01	17.1699	
1554	1	14.04	14.04	17.4784	
1555	1	14.15	14.15	17.1075	
1556	1	14.09	14.09	16.8219	
1557	1	14.07	14.07	16.8451	
1558	1	14.04	14.04	16.7584	
1559	1	14.04	14.04	16.7584	
1560	1	14.05	14.05	16.6875	
1561	1	14.01	14.01	16.8099	
1562	1	13.93	13.93	16.6851	
1563	1	13.96	13.96	18.1984	
1564	1	13.94	13.94	17.3364	
1565	1	13.87	13.87	17.6531	
1566	1	13.8	13.8	17.68	
1567	1	13.79	13.79	17.7259	
1568	1	13.77	13.77	18.1371	
1569	1	13.88	13.88	18.2456	
1570	1	13.97	13.97	17.8491	
1571	1	13.99	13.99	17.9699	
1572	1	14.11	14.11	18.9779	
1573	1	14.12	14.12	18.8456	
1574	1	14.15	14.15	18.7875	
1575	1	14.23	14.23	18.5771	
1576	1	14.23	14.23	18.5771	
1577	1	14.17	14.17	18.9811	
1578	1	14.09	14.09	18.7619	
1579	1	14.13	14.13	18.3531	
1580	1	14.2	14.2	18.4	
1581	1	14.03	14.03	18.0091	
1582	1	14.09	14.09	17.8219	
1583	1	14.13	14.13	18.2931	
1584	1	14.14	14.14	18.4004	
1585	1	14.05	14.05	18.1475	
1586	1	14.18	14.18	18.6276	
1587	1	14.16	14.16	18.2944	
1588	1	14.17	14.17	18.4411	
1589	1	14.24	14.24	18.8224	
1590	1	14.02	14.02	18.2796	
1591	1	14.07	14.07	18.2251	
1592	1	14.12	14.12	18.4256	
1593	1	14.17	14.17	18.7011	
1594	1	14.14	14.14	18.6804	
1595	1	14.18	14.18	19.1276	
1596	1	14.11	14.11	18.5779	
1597	1	14.1	14.1	18.69	
1598	1	14.06	14.06	18.3564	
1599	1	14.13	14.13	18.2331	
1600	1	14.32	14.32	18.4376	
1601	1	14.3	14.3	18.67	
1602	1	14.42	14.42	19.1236	
1603	1	14.35	14.35	19.0075	
1604	1	14.34	14.34	19.0644	
1605	1	14.29	14.29	19.3859	
1606	1	14.32	14.32	20.1776	
1607	1	14.43	14.43	19.7651	
1608	1	14.41	14.41	20.0619	
1609	1	14.51	14.51	20.3299	
1610	1	14.53	14.53	20.3891	
1611	1	14.45	14.45	20.3275	
1612	1	14.52	14.52	20.4296	
1613	1	14.59	14.59	20.5019	
1614	1	14.62	14.62	20.4356	
1615	1	14.51	14.51	20.7099	
1616	1	14.57	14.57	21.1451	
1617	1	14.46	14.46	20.7084	
1618	1	14.29	14.29	20.7259	
1619	1	14.66	14.66	20.9644	
1620	1	14.63	14.63	20.6131	
1621	1	14.57	14.57	20.4451	
1622	1	14.64	14.64	20.7104	
1623	1	14.55	14.55	20.9875	
1624	1	14.7	14.7	21.31	
1625	1	14.77	14.77	21.8571	
1626	1	14.73	14.73	22.1171	
1627	1	14.73	14.73	21.9971	
1628	1	14.8	14.8	22	
1629	1	14.71	14.71	21.6259	
1630	1	14.7	14.7	21.19	
1631	1	14.65	14.65	20.9675	
1632	1	14.62	14.62	21.0356	
1633	1	14.61	14.61	21.3379	
1634	1	14.71	14.71	21.2859	
1635	1	14.69	14.69	20.7939	
1636	1	14.68	14.68	20.9776	
1637	1	14.73	14.73	21.4571	
1638	1	14.93	14.93	21.4851	
1639	1	14.67	14.67	22.2011	
1640	1	14.69	14.69	22.0539	
1641	1	14.73	14.73	21.8171	
1642	1	14.73	14.73	21.8771	
1643	1	14.81	14.81	21.9939	
1644	1	14.82	14.82	22.0276	
1645	1	14.79	14.79	21.7459	
1646	1	14.9	14.9	21.99	
1647	1	14.82	14.82	21.4276	
1648	1	14.79	14.79	21.8859	
1649	1	14.86	14.86	21.6404	
1650	1	14.95	14.95	22.1075	
1651	1	14.92	14.92	21.8736	
1652	1	14.86	14.86	22.6204	
1653	1	14.89	14.89	22.6179	
1654	1	14.84	14.84	22.1544	
1655	1	14.83	14.83	22.1211	
1656	1	14.76	14.76	22.9224	
1657	1	14.88	14.88	22.5656	
1658	1	15.03	15.03	22.8691	
1659	1	14.9	14.9	22.99	
1660	1	14.95	14.95	22.5475	
1661	1	14.94	14.94	22.3364	
1662	1	14.9	14.9	22.87	
1663	1	14.98	14.98	22.7996	
1664	1	15.02	15.02	23.3396	
1665	1	15.16	15.16	23.3144	
1666	1	15.08	15.08	23.6536	
1667	1	15.12	15.12	23.6456	
1668	1	15.15	15.15	23.6675	
1669	1	14.98	14.98	24.0396	
1670	1	15.19	15.19	23.7939	
1671	1	15.21	15.21	23.7659	
1672	1	15.04	15.04	24.2784	
1673	1	15.12	15.12	24.4256	
1674	1	15.06	15.06	25.0364	
1675	1	15.18	15.18	24.4276	
1676	1	14.99	14.99	24.6499	
1677	1	15.08	15.08	24.0336	
1678	1	15.12	15.12	23.9056	
1679	1	15.1	15.1	23.51	
1680	1	15.15	15.15	23.6675	
1681	1	15.22	15.22	23.3116	
1682	1	15.17	15.17	23.0811	
1683	1	15.07	15.07	23.8851	
1684	1	15.24	15.24	24.2024	
1685	1	15.26	15.26	24.3724	
1686	1	15.32	15.32	24.6376	
1687	1	15.29	15.29	24.9459	
1688	1	15.22	15.22	25.2916	
1689	1	15.39	15.39	24.8379	
1690	1	15.51	15.51	25.3099	
1691	1	15.44	15.44	24.6664	
1692	1	15.46	15.46	24.6684	
1693	1	15.42	15.42	24.5436	
1694	1	15.52	15.52	24.0696	
1695	1	15.58	15.58	24.1036	
1696	1	15.61	15.61	24.8579	
1697	1	15.64	15.64	24.1904	
1698	1	15.67	15.67	24.5411	
1699	1	15.56	15.56	24.3464	
1700	1	15.56	15.56	23.9264	
1701	1	15.66	15.66	24.1044	
1702	1	15.74	15.74	23.4124	
1703	1	15.87	15.87	24.1331	
1704	1	15.97	15.97	23.9091	
1705	1	16.02	16.02	23.5796	
1706	1	16.1	16.1	23.19	
1707	1	16.2	16.2	23.14	
1708	1	16.23	16.23	23.4371	
1709	1	16.31	16.31	23.8739	
1710	1	16.28	16.28	23.6016	
1711	1	16.18	16.18	24.0476	
1712	1	16.31	16.31	23.4939	
1713	1	16.19	16.19	24.2739	
1714	1	16.07	16.07	24.2251	
1715	1	16.08	16.08	24.1336	
1716	1	16.05	16.05	24.6875	
1717	1	16.11	16.11	24.0779	
1718	1	16.22	16.22	24.4116	
1719	1	16.21	16.21	24.2859	
1720	1	16.13	16.13	23.6931	
1721	1	16.15	16.15	24.1675	
1722	1	16.09	16.09	24.6419	
1723	1	16.1	16.1	24.09	
1724	1	16.24	16.24	24.2024	
1725	1	16.02	16.02	24.2596	
1726	1	16	16	24.68	
1727	1	16.14	16.14	24.6604	
1728	1	16.14	16.14	23.9404	
1729	1	16.2	16.2	24.18	
1730	1	16.18	16.18	24.2076	
1731	1	16.24	16.24	24.2424	
1732	1	16.24	16.24	24.2424	
1733	1	16.17	16.17	25.0611	
1734	1	16.21	16.21	25.2659	
1735	1	15.89	15.89	25.0979	
1736	1	15.87	15.87	25.5331	
1737	1	15.91	15.91	25.0019	
1738	1	16.02	16.02	25.4396	
1739	1	15.8	15.8	24.8	
1740	1	15.74	15.74	25.2524	
1741	1	15.77	15.77	24.0371	
1742	1	15.83	15.83	24.4211	
1743	1	15.81	15.81	24.0539	
1744	1	15.79	15.79	23.9659	
1745	1	15.57	15.57	23.6451	
1746	1	15.55	15.55	23.7475	
1747	1	15.53	15.53	23.9691	
1748	1	15.65	15.65	23.5275	
1749	1	15.87	15.87	23.5731	
1750	1	15.74	15.74	23.4524	
1751	1	15.71	15.71	23.5059	
1752	1	15.73	15.73	24.4771	
1753	1	15.63	15.63	24.2331	
1754	1	15.83	15.83	25.1211	
1755	1	15.59	15.59	25.3019	
1756	1	15.82	15.82	25.8076	
1757	1	15.86	15.86	26.0804	
1758	1	15.92	15.92	26.4536	
1759	1	16.03	16.03	25.9091	
1760	1	16.03	16.03	25.6091	
1761	1	15.87	15.87	25.7331	
1762	1	15.93	15.93	25.5051	
1763	1	16.19	16.19	25.2739	
1764	1	16.04	16.04	24.5584	
1765	1	16.04	16.04	24.5584	
1766	1	16.04	16.04	24.6984	
1767	1	16	16	25.06	
1768	1	16.14	16.14	25.3004	
1769	1	16.15	16.15	25.0675	
1770	1	16.18	16.18	25.1476	
1771	1	16.22	16.22	25.8716	
1772	1	16.22	16.22	25.8116	
1773	1	16.04	16.04	25.2184	
1774	1	16.05	16.05	25.2875	
1775	1	16.21	16.21	26.1659	
1776	1	15.97	15.97	26.0091	
1777	1	16.08	16.08	25.4336	
1778	1	16.11	16.11	25.2979	
1779	1	16.16	16.16	24.5744	
1780	1	16.1	16.1	23.87	
1781	1	16.21	16.21	24.3859	
1782	1	16.26	16.26	24.5124	
1783	1	16.17	16.17	23.7411	
1784	1	16.08	16.08	24.0336	
1785	1	16.06	16.06	23.6164	
1786	1	16.18	16.18	23.9276	
1787	1	16.23	16.23	23.7771	
1788	1	16.37	16.37	24.5131	
1789	1	16.07	16.07	25.6051	
1790	1	16.23	16.23	25.8771	
1791	1	16.1	16.1	25.33	
1792	1	16.19	16.19	24.8339	
1793	1	16.31	16.31	24.8539	
1794	1	16.22	16.22	24.6316	
1795	1	16.27	16.27	24.4171	
1796	1	16.31	16.31	25.1339	
1797	1	16.16	16.16	25.0344	
1798	1	16.25	16.25	24.5475	
1799	1	16.33	16.33	25.0611	
1800	1	16.24	16.24	24.0424	
1801	1	16.34	16.34	24.2444	
1802	1	16.27	16.27	24.0171	
1803	1	16.28	16.28	23.9416	
1804	1	16.33	16.33	23.8611	
1805	1	16.29	16.29	23.8859	
1806	1	16.41	16.41	24.1019	
1807	1	16.47	16.47	23.8091	
1808	1	16.48	16.48	23.6896	
1809	1	16.45	16.45	23.9875	
1810	1	16.43	16.43	22.8451	
1811	1	16.55	16.55	23.0675	
1812	1	16.6	16.6	23.14	
1813	1	16.62	16.62	22.9956	
1814	1	16.56	16.56	22.6664	
1815	1	16.6	16.6	22.88	
1816	1	16.5	16.5	22.83	
1817	1	16.7	16.7	22.19	
1818	1	16.65	16.65	21.6875	
1819	1	16.74	16.74	22.1124	
1820	1	16.77	16.77	21.9371	
1821	1	16.71	16.71	22.4059	
1822	1	16.82	16.82	22.0276	
1823	1	16.83	16.83	21.9811	
1824	1	16.65	16.65	21.9275	
1825	1	16.63	16.63	22.1131	
1826	1	16.72	16.72	21.7816	
1827	1	16.7	16.7	21.69	
1828	1	16.77	16.77	21.3771	
1829	1	16.77	16.77	21.9171	
1830	1	16.84	16.84	22.2544	
1831	1	16.64	16.64	22.3104	
1832	1	16.76	16.76	21.4224	
1833	1	16.74	16.74	21.2124	
1834	1	16.53	16.53	21.5691	
1835	1	16.61	16.61	21.1779	
1836	1	16.81	16.81	20.9539	
1837	1	16.85	16.85	21.0475	
1838	1	16.86	16.86	21.0804	
1839	1	16.84	16.84	20.9944	
1840	1	16.89	16.89	20.8179	
1841	1	16.96	16.96	21.2784	
1842	1	17.01	17.01	21.8699	
1843	1	16.98	16.98	21.7596	
1844	1	17.01	17.01	21.6299	
1845	1	17.06	17.06	21.5564	
1846	1	17.16	17.16	21.9344	
1847	1	17.14	17.14	21.3804	
1848	1	17.33	17.33	21.5611	
1849	1	17.32	17.32	21.0776	
1850	1	17.24	17.24	21.3424	
1851	1	17.28	17.28	21.3016	
1852	1	17.14	17.14	21.3204	
1853	1	17.16	17.16	21.4944	
1854	1	17.25	17.25	20.7475	
1855	1	17.24	17.24	20.7424	
1856	1	17.16	17.16	21.3744	
1857	1	17.22	17.22	20.4316	
1858	1	17.2	17.2	20.62	
1859	1	17.37	17.37	19.2531	
1860	1	17.34	17.34	18.7244	
1861	1	17.2	17.2	19.22	
1862	1	17.29	17.29	18.7459	
1863	1	17.32	17.32	18.9776	
1864	1	17.34	17.34	19.0644	
1865	1	17.26	17.26	18.7724	
1866	1	17.23	17.23	18.7371	
1867	1	17.47	17.47	19.7091	
1868	1	17.31	17.31	19.8339	
1869	1	17.41	17.41	19.3619	
1870	1	17.26	17.26	19.6724	
1871	1	17.2	17.2	19.58	
1872	1	17.26	17.26	19.6324	
1873	1	17.1	17.1	19.21	
1874	1	17.12	17.12	19.2856	
1875	1	17.07	17.07	19.0451	
1876	1	17.08	17.08	18.9936	
1877	1	17.14	17.14	19.0204	
1878	1	17.23	17.23	19.1371	
1879	1	17.3	17.3	19.71	
1880	1	17.34	17.34	18.7244	
1881	1	17.33	17.33	18.8411	
1882	1	17.39	17.39	18.4179	
1883	1	17.38	17.38	18.3356	
1884	1	17.28	17.28	18.5416	
1885	1	17.42	17.42	17.9036	
1886	1	17.45	17.45	18.2075	
1887	1	17.44	17.44	18.3464	
1888	1	17.44	17.44	18.1064	
1889	1	17.47	17.47	17.9291	
1890	1	17.52	17.52	18.7696	
1891	1	17.56	17.56	18.8064	
1892	1	17.69	17.69	18.2939	
1893	1	17.53	17.53	18.7691	
1894	1	17.64	17.64	18.9704	
1895	1	17.63	17.63	18.7131	
1896	1	17.62	17.62	18.7156	
1897	1	17.64	17.64	19.0504	
1898	1	17.59	17.59	18.8619	
1899	1	17.6	17.6	18.8	
1900	1	17.65	17.65	18.7875	
1901	1	17.71	17.71	19.2659	
1902	1	17.88	17.88	19.4456	
1903	1	17.76	17.76	19.6624	
1904	1	17.97	17.97	19.4891	
1905	1	17.85	17.85	19.4475	
1906	1	17.86	17.86	19.3004	
1907	1	17.88	17.88	19.3856	
1908	1	17.69	17.69	19.6539	
1909	1	17.8	17.8	19.94	
1910	1	17.78	17.78	19.5716	
1911	1	17.82	17.82	19.8276	
1912	1	17.72	17.72	19.8016	
1913	1	17.72	17.72	19.6016	
1914	1	17.7	17.7	19.83	
1915	1	17.69	17.69	19.8739	
1916	1	17.7	17.7	20.47	
1917	1	17.64	17.64	19.5904	
1918	1	17.67	17.67	19.7011	
1919	1	17.63	17.63	19.5931	
1920	1	17.67	17.67	19.5211	
1921	1	17.69	17.69	19.5339	
1922	1	17.68	17.68	19.4976	
1923	1	17.65	17.65	19.5675	
1924	1	17.7	17.7	18.95	
1925	1	17.55	17.55	18.7275	
1926	1	17.61	17.61	18.1779	
1927	1	17.6	17.6	18.08	
1928	1	17.61	17.61	18.0179	
1929	1	17.63	17.63	17.9331	
1930	1	17.82	17.82	17.7476	
1931	1	17.78	17.78	17.8116	
1932	1	17.8	17.8	17.72	
1933	1	17.71	17.71	18.0459	
1934	1	17.79	17.79	17.9259	
1935	1	17.76	17.76	18.1824	
1936	1	17.85	17.85	18.0075	
1937	1	17.86	17.86	17.8404	
1938	1	17.98	17.98	18.4796	
1939	1	17.97	17.97	17.8891	
1940	1	17.95	17.95	18.5275	
1941	1	18.01	18.01	17.8299	
1942	1	17.98	17.98	18.3196	
1943	1	18.01	18.01	17.6899	
1944	1	18.05	18.05	17.6075	
1945	1	18	18	17.2	
1946	1	18.02	18.02	17.0996	
1947	1	18.06	18.06	17.1764	
1948	1	18.01	18.01	17.0899	
1949	1	18.09	18.09	16.6419	
1950	1	18.2	18.2	16.56	
1951	1	18.23	18.23	16.8171	
1952	1	18.32	18.32	16.2576	
1953	1	18.34	18.34	16.9444	
1954	1	18.43	18.43	16.4251	
1955	1	18.36	18.36	16.6904	
1956	1	18.36	18.36	16.2704	
1957	1	18.29	18.29	16.6459	
1958	1	18.37	18.37	17.0931	
1959	1	18.4	18.4	17.4	
1960	1	18.3	18.3	16.95	
1961	1	18.26	18.26	16.8124	
1962	1	18.37	18.37	17.1931	
1963	1	18.34	18.34	16.9644	
1964	1	18.29	18.29	16.9859	
1965	1	18.43	18.43	16.8051	
1966	1	18.4	18.4	16.42	
1967	1	18.41	18.41	16.4419	
1968	1	18.34	18.34	16.7444	
1969	1	18.38	18.38	17.0356	
1970	1	18.31	18.31	16.1139	
1971	1	18.42	18.42	16.0236	
1972	1	18.37	18.37	15.9531	
1973	1	18.39	18.39	16.0179	
1974	1	18.41	18.41	15.8019	
1975	1	18.32	18.32	16.2376	
1976	1	18.3	18.3	16.63	
1977	1	18.19	18.19	16.1739	
1978	1	18.3	18.3	16.35	
1979	1	17.97	17.97	16.1091	
1980	1	17.98	17.98	16.0996	
1981	1	17.99	17.99	16.1499	
1982	1	17.97	17.97	16.0691	
1983	1	18.04	18.04	16.6984	
1984	1	17.94	17.94	16.4164	
1985	1	18.07	18.07	15.6051	
1986	1	18.06	18.06	16.1164	
1987	1	17.84	17.84	16.1344	
1988	1	17.85	17.85	16.0675	
1989	1	17.93	17.93	16.4451	
1990	1	18.24	18.24	17.5224	
1991	1	18.19	18.19	17.1539	
1992	1	18.25	18.25	17.2875	
1993	1	18.16	18.16	17.3544	
1994	1	18.04	18.04	17.2984	
1995	1	18	18	16.8	
1996	1	18.03	18.03	17.0091	
1997	1	18.03	18.03	17.0091	
1998	1	18.09	18.09	17.0419	
1999	1	18.11	18.11	16.9579	
2000	1	18.27	18.27	16.7171	
