# mu = 0.0001, s = 0.001, trials requested = 1, runtime = 0:00:06
# "Time"	"Actual trials"	"Mean mutation"	"Average mean mutation"	"Average mutation variance"
0	1	0	0	0	
1	1	0.01	0.01	0.0099	
2	1	0.01	0.01	0.0099	
3	1	0.01	0.01	0.0099	
4	1	0.01	0.01	0.0099	
5	1	0.01	0.01	0.0099	
6	1	0.01	0.01	0.0099	
7	1	0.01	0.01	0.0099	
8	1	0.01	0.01	0.0099	
9	1	0.01	0.01	0.0099	
10	1	0.18	0.18	0.1476	
11	1	0.01	0.01	0.0099	
12	1	0.01	0.01	0.0099	
13	1	0.01	0.01	0.0099	
14	1	0.02	0.02	0.0196	
15	1	0.01	0.01	0.0099	
16	1	0.67	0.67	0.2211	
17	1	0.76	0.76	0.1824	
18	1	0.69	0.69	0.3139	
19	1	1.01	1.01	0.0099	
20	1	1.01	1.01	0.0099	
21	1	1.01	1.01	0.0099	
22	1	1.01	1.01	0.0099	
23	1	1.01	1.01	0.0099	
24	1	1.01	1.01	0.0099	
25	1	1.01	1.01	0.0099	
26	1	1.01	1.01	0.0099	
27	1	1.01	1.01	0.0099	
28	1	1.01	1.01	0.0099	
29	1	1.01	1.01	0.0099	
30	1	1.01	1.01	0.0099	
31	1	1.01	1.01	0.0099	
32	1	1.01	1.01	0.0099	
33	1	1.01	1.01	0.0099	
34	1	1.01	1.01	0.0099	
35	1	1.01	1.01	0.0099	
36	1	1.01	1.01	0.0099	
37	1	1.01	1.01	0.0099	
38	1	1.01	1.01	0.0099	
39	1	1.01	1.01	0.0099	
40	1	1.22	1.22	0.1716	
41	1	1.22	1.22	0.1716	
42	1	1.37	1.37	0.2331	
43	1	1.01	1.01	0.0099	
44	1	1.01	1.01	0.0099	
45	1	1.01	1.01	0.0099	
46	1	1.01	1.01	0.0099	
47	1	1.01	1.01	0.0099	
48	1	1.01	1.01	0.0099	
49	1	1.01	1.01	0.0099	
50	1	1.11	1.11	0.0979	
51	1	1.01	1.01	0.0099	
52	1	1.01	1.01	0.0099	
53	1	1.01	1.01	0.0099	
54	1	1.01	1.01	0.0099	
55	1	1.01	1.01	0.0099	
56	1	1.01	1.01	0.0099	
57	1	1.01	1.01	0.0099	
58	1	1.03	1.03	0.0291	
59	1	1.01	1.01	0.0099	
60	1	1.01	1.01	0.0099	
61	1	1.01	1.01	0.0099	
62	1	1.01	1.01	0.0099	
63	1	1.01	1.01	0.0099	
64	1	1.01	1.01	0.0099	
65	1	1.01	1.01	0.0099	
66	1	1.01	1.01	0.0099	
67	1	1.01	1.01	0.0099	
68	1	1.01	1.01	0.0099	
69	1	1.01	1.01	0.0099	
70	1	1.01	1.01	0.0099	
71	1	1.01	1.01	0.0099	
72	1	1.01	1.01	0.0099	
73	1	1.01	1.01	0.0099	
74	1	1.01	1.01	0.0099	
75	1	1.01	1.01	0.0099	
76	1	1.01	1.01	0.0099	
77	1	1.01	1.01	0.0099	
78	1	1.01	1.01	0.0099	
79	1	1.01	1.01	0.0099	
80	1	1.01	1.01	0.0099	
81	1	1.01	1.01	0.0099	
82	1	1.01	1.01	0.0099	
83	1	1.01	1.01	0.0099	
84	1	1.01	1.01	0.0099	
85	1	1.02	1.02	0.0196	
86	1	1.01	1.01	0.0099	
87	1	1.01	1.01	0.0099	
88	1	1.01	1.01	0.0099	
89	1	1.01	1.01	0.0099	
90	1	1.01	1.01	0.0099	
91	1	1.01	1.01	0.0099	
92	1	1.01	1.01	0.0099	
93	1	1.09	1.09	0.0819	
94	1	1.01	1.01	0.0099	
95	1	1.01	1.01	0.0099	
96	1	1.01	1.01	0.0099	
97	1	1.01	1.01	0.0099	
98	1	1.01	1.01	0.0099	
99	1	1.01	1.01	0.0099	
100	1	1.01	1.01	0.0099	
101	1	1.06	1.06	0.0564	
102	1	1.01	1.01	0.0099	
103	1	1.01	1.01	0.0099	
104	1	1.01	1.01	0.0099	
105	1	1.01	1.01	0.0099	
106	1	1.01	1.01	0.0099	
107	1	1.01	1.01	0.0099	
108	1	1.01	1.01	0.0099	
109	1	1.01	1.01	0.0099	
110	1	1.01	1.01	0.0099	
111	1	1.01	1.01	0.0099	
112	1	1.01	1.01	0.0099	
113	1	1.28	1.28	0.2016	
114	1	1.27	1.27	0.1971	
115	1	1.71	1.71	0.2059	
116	1	1.72	1.72	0.2016	
117	1	1.78	1.78	0.1716	
118	1	2.01	2.01	0.0099	
119	1	2.01	2.01	0.0099	
120	1	2.01	2.01	0.0099	
121	1	2.01	2.01	0.0099	
122	1	2.01	2.01	0.0099	
123	1	2.01	2.01	0.0099	
124	1	2.01	2.01	0.0099	
125	1	2.01	2.01	0.0099	
126	1	2.01	2.01	0.0099	
127	1	2.01	2.01	0.0099	
128	1	2.21	2.21	0.1659	
129	1	2.19	2.19	0.1539	
130	1	2.12	2.12	0.1056	
131	1	2.01	2.01	0.0099	
132	1	2.01	2.01	0.0099	
133	1	2.01	2.01	0.0099	
134	1	2.04	2.04	0.0384	
135	1	2.03	2.03	0.0291	
136	1	2.01	2.01	0.0099	
137	1	2.01	2.01	0.0099	
138	1	2.01	2.01	0.0099	
139	1	2.01	2.01	0.0099	
140	1	2.01	2.01	0.0099	
141	1	2.01	2.01	0.0099	
142	1	2.01	2.01	0.0099	
143	1	2.01	2.01	0.0099	
144	1	2.01	2.01	0.0099	
145	1	2.01	2.01	0.0099	
146	1	2.01	2.01	0.0099	
147	1	2.01	2.01	0.0099	
148	1	2.01	2.01	0.0099	
149	1	2.01	2.01	0.0099	
150	1	2.01	2.01	0.0099	
151	1	2.01	2.01	0.0099	
152	1	2.01	2.01	0.0099	
153	1	2.01	2.01	0.0099	
154	1	2.01	2.01	0.0099	
155	1	2.01	2.01	0.0099	
156	1	2.01	2.01	0.0099	
157	1	2.01	2.01	0.0099	
158	1	2.01	2.01	0.0099	
159	1	2.01	2.01	0.0099	
160	1	2.01	2.01	0.0099	
161	1	2.01	2.01	0.0099	
162	1	2.01	2.01	0.0099	
163	1	2.08	2.08	0.0736	
164	1	2.01	2.01	0.0099	
165	1	2.09	2.09	0.0819	
166	1	2.8	2.8	0.16	
167	1	3.01	3.01	0.0099	
168	1	3.06	3.06	0.0564	
169	1	3.01	3.01	0.0099	
170	1	3.01	3.01	0.0099	
171	1	3.01	3.01	0.0099	
172	1	3.01	3.01	0.0099	
173	1	3.01	3.01	0.0099	
174	1	3.01	3.01	0.0099	
175	1	3.01	3.01	0.0099	
176	1	3.01	3.01	0.0099	
177	1	3.01	3.01	0.0099	
178	1	3.01	3.01	0.0099	
179	1	3.01	3.01	0.0099	
180	1	3.01	3.01	0.0099	
181	1	3.01	3.01	0.0099	
182	1	3.01	3.01	0.0099	
183	1	3.01	3.01	0.0099	
184	1	3.01	3.01	0.0099	
185	1	3.01	3.01	0.0099	
186	1	3.01	3.01	0.0099	
187	1	3.01	3.01	0.0099	
188	1	3.01	3.01	0.0099	
189	1	3.01	3.01	0.0099	
190	1	3.01	3.01	0.0099	
191	1	3.01	3.01	0.0099	
192	1	3.01	3.01	0.0099	
193	1	3.01	3.01	0.0099	
194	1	3.01	3.01	0.0099	
195	1	3.01	3.01	0.0099	
196	1	3.01	3.01	0.0099	
197	1	3.01	3.01	0.0099	
198	1	3.13	3.13	0.1131	
199	1	3.01	3.01	0.0099	
200	1	3.01	3.01	0.0099	
201	1	3.01	3.01	0.0099	
202	1	3.01	3.01	0.0099	
203	1	3.01	3.01	0.0099	
204	1	3.01	3.01	0.0099	
205	1	3.01	3.01	0.0099	
206	1	3.01	3.01	0.0099	
207	1	3.01	3.01	0.0099	
208	1	3.02	3.02	0.0196	
209	1	3.01	3.01	0.0099	
210	1	3.01	3.01	0.0099	
211	1	3.01	3.01	0.0099	
212	1	3.01	3.01	0.0099	
213	1	3.01	3.01	0.0099	
214	1	3.01	3.01	0.0099	
215	1	3.01	3.01	0.0099	
216	1	3.01	3.01	0.0099	
217	1	3.01	3.01	0.0099	
218	1	3.01	3.01	0.0099	
219	1	3.01	3.01	0.0099	
220	1	3.01	3.01	0.0099	
221	1	3.06	3.06	0.0564	
222	1	3.01	3.01	0.0099	
223	1	3.01	3.01	0.0099	
224	1	3.01	3.01	0.0099	
225	1	3.01	3.01	0.0099	
226	1	3.01	3.01	0.0099	
227	1	3.01	3.01	0.0099	
228	1	3.01	3.01	0.0099	
229	1	3.01	3.01	0.0099	
230	1	3.01	3.01	0.0099	
231	1	3.01	3.01	0.0099	
232	1	3.01	3.01	0.0099	
233	1	3.01	3.01	0.0099	
234	1	3.01	3.01	0.0099	
235	1	3.01	3.01	0.0099	
236	1	3.01	3.01	0.0099	
237	1	3.01	3.01	0.0099	
238	1	3.01	3.01	0.0099	
239	1	3.01	3.01	0.0099	
240	1	3.01	3.01	0.0099	
241	1	3.01	3.01	0.0099	
242	1	3.01	3.01	0.0099	
243	1	3.01	3.01	0.0099	
244	1	3.01	3.01	0.0099	
245	1	3.01	3.01	0.0099	
246	1	3.01	3.01	0.0099	
247	1	3.05	3.05	0.0475	
248	1	3.01	3.01	0.0099	
249	1	3.01	3.01	0.0099	
250	1	3.01	3.01	0.0099	
251	1	3.01	3.01	0.0099	
252	1	3.01	3.01	0.0099	
253	1	3.01	3.01	0.0099	
254	1	3.01	3.01	0.0099	
255	1	3.01	3.01	0.0099	
256	1	3.01	3.01	0.0099	
257	1	3.01	3.01	0.0099	
258	1	3.01	3.01	0.0099	
259	1	3.01	3.01	0.0099	
260	1	3.01	3.01	0.0099	
261	1	3.01	3.01	0.0099	
262	1	3.01	3.01	0.0099	
263	1	3.01	3.01	0.0099	
264	1	3.01	3.01	0.0099	
265	1	3.01	3.01	0.0099	
266	1	3.01	3.01	0.0099	
267	1	3.01	3.01	0.0099	
268	1	3.01	3.01	0.0099	
269	1	3.01	3.01	0.0099	
270	1	3.01	3.01	0.0099	
271	1	3.01	3.01	0.0099	
272	1	3.01	3.01	0.0099	
273	1	3.01	3.01	0.0099	
274	1	3.01	3.01	0.0099	
275	1	3.01	3.01	0.0099	
276	1	3.01	3.01	0.0099	
277	1	3.01	3.01	0.0099	
278	1	3.01	3.01	0.0099	
279	1	3.01	3.01	0.0099	
280	1	3.01	3.01	0.0099	
281	1	3.01	3.01	0.0099	
282	1	3.01	3.01	0.0099	
283	1	3.01	3.01	0.0099	
284	1	3.01	3.01	0.0099	
285	1	3.03	3.03	0.0291	
286	1	3.01	3.01	0.0099	
287	1	3.01	3.01	0.0099	
288	1	3.01	3.01	0.0099	
289	1	3.01	3.01	0.0099	
290	1	3.01	3.01	0.0099	
291	1	3.01	3.01	0.0099	
292	1	3.01	3.01	0.0099	
293	1	3.01	3.01	0.0099	
294	1	3.01	3.01	0.0099	
295	1	3.01	3.01	0.0099	
296	1	3.01	3.01	0.0099	
297	1	3.01	3.01	0.0099	
298	1	3.01	3.01	0.0099	
299	1	3.01	3.01	0.0099	
300	1	3.01	3.01	0.0099	
301	1	3.01	3.01	0.0099	
302	1	3.01	3.01	0.0099	
303	1	3.01	3.01	0.0099	
304	1	3.01	3.01	0.0099	
305	1	3.01	3.01	0.0099	
306	1	3.01	3.01	0.0099	
307	1	3.16	3.16	0.1344	
308	1	3.01	3.01	0.0099	
309	1	3.01	3.01	0.0099	
310	1	3.01	3.01	0.0099	
311	1	3.01	3.01	0.0099	
312	1	3.06	3.06	0.0564	
313	1	3.49	3.49	0.2499	
314	1	3.69	3.69	0.2139	
315	1	3.34	3.34	0.2244	
316	1	3.68	3.68	0.2176	
317	1	3.99	3.99	0.0099	
318	1	4.01	4.01	0.0099	
319	1	4.01	4.01	0.0099	
320	1	4.05	4.05	0.0475	
321	1	4.22	4.22	0.1716	
322	1	4.14	4.14	0.1204	
323	1	4.01	4.01	0.0099	
324	1	4.01	4.01	0.0099	
325	1	4.01	4.01	0.0099	
326	1	4.01	4.01	0.0099	
327	1	4.01	4.01	0.0099	
328	1	4.01	4.01	0.0099	
329	1	4.01	4.01	0.0099	
330	1	4.01	4.01	0.0099	
331	1	4.01	4.01	0.0099	
332	1	4.01	4.01	0.0099	
333	1	4.01	4.01	0.0099	
334	1	4.01	4.01	0.0099	
335	1	4.01	4.01	0.0099	
336	1	4.01	4.01	0.0099	
337	1	4.01	4.01	0.0099	
338	1	4.01	4.01	0.0099	
339	1	4.01	4.01	0.0099	
340	1	4.01	4.01	0.0099	
341	1	4.01	4.01	0.0099	
342	1	4.01	4.01	0.0099	
343	1	4.01	4.01	0.0099	
344	1	4.01	4.01	0.0099	
345	1	4.01	4.01	0.0099	
346	1	4.01	4.01	0.0099	
347	1	4.01	4.01	0.0099	
348	1	4.01	4.01	0.0099	
349	1	4.01	4.01	0.0099	
350	1	4.01	4.01	0.0099	
351	1	4.05	4.05	0.0475	
352	1	4.01	4.01	0.0099	
353	1	4.01	4.01	0.0099	
354	1	4.01	4.01	0.0099	
355	1	4.01	4.01	0.0099	
356	1	4.01	4.01	0.0099	
357	1	4.01	4.01	0.0099	
358	1	4.01	4.01	0.0099	
359	1	4.01	4.01	0.0099	
360	1	4.01	4.01	0.0099	
361	1	4.01	4.01	0.0099	
362	1	4.01	4.01	0.0099	
363	1	4.01	4.01	0.0099	
364	1	4.01	4.01	0.0099	
365	1	4.01	4.01	0.0099	
366	1	4.01	4.01	0.0099	
367	1	4.01	4.01	0.0099	
368	1	4.01	4.01	0.0099	
369	1	4.01	4.01	0.0099	
370	1	4.01	4.01	0.0099	
371	1	4.01	4.01	0.0099	
372	1	4.01	4.01	0.0099	
373	1	4.01	4.01	0.0099	
374	1	4.01	4.01	0.0099	
375	1	4.01	4.01	0.0099	
376	1	4.01	4.01	0.0099	
377	1	4.01	4.01	0.0099	
378	1	4.01	4.01	0.0099	
379	1	4.01	4.01	0.0099	
380	1	4.01	4.01	0.0099	
381	1	4.01	4.01	0.0099	
382	1	4.01	4.01	0.0099	
383	1	4.01	4.01	0.0099	
384	1	4.12	4.12	0.1056	
385	1	4.01	4.01	0.0099	
386	1	4.01	4.01	0.0099	
387	1	4.01	4.01	0.0099	
388	1	4.01	4.01	0.0099	
389	1	4.01	4.01	0.0099	
390	1	4.01	4.01	0.0099	
391	1	4.01	4.01	0.0099	
392	1	4.01	4.01	0.0099	
393	1	4.01	4.01	0.0099	
394	1	4.01	4.01	0.0099	
395	1	4.01	4.01	0.0099	
396	1	4.01	4.01	0.0099	
397	1	4.01	4.01	0.0099	
398	1	4.01	4.01	0.0099	
399	1	4.01	4.01	0.0099	
400	1	4.01	4.01	0.0099	
401	1	4.01	4.01	0.0099	
402	1	4.01	4.01	0.0099	
403	1	4.01	4.01	0.0099	
404	1	4.01	4.01	0.0099	
405	1	4.01	4.01	0.0099	
406	1	4.01	4.01	0.0099	
407	1	4.01	4.01	0.0099	
408	1	4.01	4.01	0.0099	
409	1	4.01	4.01	0.0099	
410	1	4.01	4.01	0.0099	
411	1	4.01	4.01	0.0099	
412	1	4.01	4.01	0.0099	
413	1	4.01	4.01	0.0099	
414	1	4.01	4.01	0.0099	
415	1	4.01	4.01	0.0099	
416	1	4.01	4.01	0.0099	
417	1	4.01	4.01	0.0099	
418	1	4.01	4.01	0.0099	
419	1	4.01	4.01	0.0099	
420	1	4.01	4.01	0.0099	
421	1	4.01	4.01	0.0099	
422	1	4.01	4.01	0.0099	
423	1	4.01	4.01	0.0099	
424	1	4.02	4.02	0.0196	
425	1	4.01	4.01	0.0099	
426	1	4.01	4.01	0.0099	
427	1	4.01	4.01	0.0099	
428	1	4.01	4.01	0.0099	
429	1	4.01	4.01	0.0099	
430	1	4.01	4.01	0.0099	
431	1	4.01	4.01	0.0099	
432	1	4.01	4.01	0.0099	
433	1	4.01	4.01	0.0099	
434	1	4.01	4.01	0.0099	
435	1	4.01	4.01	0.0099	
436	1	4.01	4.01	0.0099	
437	1	4.01	4.01	0.0099	
438	1	4.01	4.01	0.0099	
439	1	4.05	4.05	0.0475	
440	1	4.31	4.31	0.2139	
441	1	4.99	4.99	0.0099	
442	1	5.01	5.01	0.0099	
443	1	5.01	5.01	0.0099	
444	1	5.01	5.01	0.0099	
445	1	5.01	5.01	0.0099	
446	1	5.01	5.01	0.0099	
447	1	5.01	5.01	0.0099	
448	1	5.01	5.01	0.0099	
449	1	5.01	5.01	0.0099	
450	1	5.01	5.01	0.0099	
451	1	5.01	5.01	0.0099	
452	1	5.01	5.01	0.0099	
453	1	5.01	5.01	0.0099	
454	1	5.01	5.01	0.0099	
455	1	5.01	5.01	0.0099	
456	1	5.01	5.01	0.0099	
457	1	5.01	5.01	0.0099	
458	1	5.01	5.01	0.0099	
459	1	5.01	5.01	0.0099	
460	1	5.01	5.01	0.0099	
461	1	5.01	5.01	0.0099	
462	1	5.01	5.01	0.0099	
463	1	5.24	5.24	0.1824	
464	1	5.01	5.01	0.0099	
465	1	5.01	5.01	0.0099	
466	1	5.01	5.01	0.0099	
467	1	5.01	5.01	0.0099	
468	1	5.09	5.09	0.0819	
469	1	5.01	5.01	0.0099	
470	1	5.01	5.01	0.0099	
471	1	5.01	5.01	0.0099	
472	1	5.06	5.06	0.0564	
473	1	5.01	5.01	0.0099	
474	1	5.01	5.01	0.0099	
475	1	5.01	5.01	0.0099	
476	1	5.01	5.01	0.0099	
477	1	5.01	5.01	0.0099	
478	1	5.01	5.01	0.0099	
479	1	5.01	5.01	0.0099	
480	1	5.01	5.01	0.0099	
481	1	5.01	5.01	0.0099	
482	1	5.01	5.01	0.0099	
483	1	5.01	5.01	0.0099	
484	1	5.01	5.01	0.0099	
485	1	5.01	5.01	0.0099	
486	1	5.34	5.34	0.2244	
487	1	5.46	5.46	0.2484	
488	1	5.55	5.55	0.2475	
489	1	5.37	5.37	0.2331	
490	1	5.54	5.54	0.2484	
491	1	5.8	5.8	0.16	
492	1	5.88	5.88	0.1056	
493	1	6.01	6.01	0.0099	
494	1	6.01	6.01	0.0099	
495	1	6.01	6.01	0.0099	
496	1	6.01	6.01	0.0099	
497	1	6.01	6.01	0.0099	
498	1	6.01	6.01	0.0099	
499	1	6.01	6.01	0.0099	
500	1	6.01	6.01	0.0099	
501	1	6.01	6.01	0.0099	
502	1	6.01	6.01	0.0099	
503	1	6.01	6.01	0.0099	
504	1	6.01	6.01	0.0099	
505	1	6.01	6.01	0.0099	
506	1	6.01	6.01	0.0099	
507	1	6.01	6.01	0.0099	
508	1	6.01	6.01	0.0099	
509	1	6.01	6.01	0.0099	
510	1	6.01	6.01	0.0099	
511	1	6.01	6.01	0.0099	
512	1	6.01	6.01	0.0099	
513	1	6.01	6.01	0.0099	
514	1	6.01	6.01	0.0099	
515	1	6.01	6.01	0.0099	
516	1	6.01	6.01	0.0099	
517	1	6.01	6.01	0.0099	
518	1	6.01	6.01	0.0099	
519	1	6.01	6.01	0.0099	
520	1	6.01	6.01	0.0099	
521	1	6.01	6.01	0.0099	
522	1	6.01	6.01	0.0099	
523	1	6.01	6.01	0.0099	
524	1	6.01	6.01	0.0099	
525	1	6.01	6.01	0.0099	
526	1	6.01	6.01	0.0099	
527	1	6.01	6.01	0.0099	
528	1	6.01	6.01	0.0099	
529	1	6.12	6.12	0.1056	
530	1	6.01	6.01	0.0099	
531	1	6.01	6.01	0.0099	
532	1	6.01	6.01	0.0099	
533	1	6.01	6.01	0.0099	
534	1	6.01	6.01	0.0099	
535	1	6.01	6.01	0.0099	
536	1	6.01	6.01	0.0099	
537	1	6.01	6.01	0.0099	
538	1	6.01	6.01	0.0099	
539	1	6.01	6.01	0.0099	
540	1	6.01	6.01	0.0099	
541	1	6.01	6.01	0.0099	
542	1	6.01	6.01	0.0099	
543	1	6.01	6.01	0.0099	
544	1	6.01	6.01	0.0099	
545	1	6.01	6.01	0.0099	
546	1	6.16	6.16	0.1344	
547	1	6.23	6.23	0.1771	
548	1	6.49	6.49	0.2499	
549	1	6.01	6.01	0.0099	
550	1	6.01	6.01	0.0099	
551	1	6.01	6.01	0.0099	
552	1	6.01	6.01	0.0099	
553	1	6.01	6.01	0.0099	
554	1	6.01	6.01	0.0099	
555	1	6.01	6.01	0.0099	
556	1	6.01	6.01	0.0099	
557	1	6.01	6.01	0.0099	
558	1	6.01	6.01	0.0099	
559	1	6.01	6.01	0.0099	
560	1	6.01	6.01	0.0099	
561	1	6.01	6.01	0.0099	
562	1	6.01	6.01	0.0099	
563	1	6.01	6.01	0.0099	
564	1	6.01	6.01	0.0099	
565	1	6.01	6.01	0.0099	
566	1	6.01	6.01	0.0099	
567	1	6.01	6.01	0.0099	
568	1	6.01	6.01	0.0099	
569	1	6.61	6.61	0.2379	
570	1	6.45	6.45	0.2475	
571	1	7	7	0.3	
572	1	7.48	7.48	0.2496	
573	1	7.33	7.33	0.2211	
574	1	7.64	7.64	0.2304	
575	1	7.8	7.8	0.16	
576	1	7.51	7.51	0.2499	
577	1	7.6	7.6	0.24	
578	1	7.31	7.31	0.2139	
579	1	7.05	7.05	0.0475	
580	1	7.01	7.01	0.0099	
581	1	7.01	7.01	0.0099	
582	1	7.01	7.01	0.0099	
583	1	7.01	7.01	0.0099	
584	1	7.01	7.01	0.0099	
585	1	7.01	7.01	0.0099	
586	1	7.01	7.01	0.0099	
587	1	7.01	7.01	0.0099	
588	1	7.01	7.01	0.0099	
589	1	7.01	7.01	0.0099	
590	1	7.01	7.01	0.0099	
591	1	7.01	7.01	0.0099	
592	1	7.01	7.01	0.0099	
593	1	7.01	7.01	0.0099	
594	1	7.08	7.08	0.0736	
595	1	7.01	7.01	0.0099	
596	1	7.01	7.01	0.0099	
597	1	7.01	7.01	0.0099	
598	1	7.52	7.52	0.2496	
599	1	7.76	7.76	0.1824	
600	1	7.87	7.87	0.1131	
601	1	7.99	7.99	0.0099	
602	1	7.99	7.99	0.0099	
603	1	7.99	7.99	0.0099	
604	1	8.01	8.01	0.0099	
605	1	8.01	8.01	0.0099	
606	1	8.01	8.01	0.0099	
607	1	8.01	8.01	0.0099	
608	1	8.01	8.01	0.0099	
609	1	8.01	8.01	0.0099	
610	1	8.01	8.01	0.0099	
611	1	8.01	8.01	0.0099	
612	1	8.06	8.06	0.0564	
613	1	8.01	8.01	0.0099	
614	1	8.01	8.01	0.0099	
615	1	8.01	8.01	0.0099	
616	1	8.01	8.01	0.0099	
617	1	8.01	8.01	0.0099	
618	1	8.01	8.01	0.0099	
619	1	8.01	8.01	0.0099	
620	1	8.01	8.01	0.0099	
621	1	8.01	8.01	0.0099	
622	1	8.01	8.01	0.0099	
623	1	8.01	8.01	0.0099	
624	1	8.01	8.01	0.0099	
625	1	8.01	8.01	0.0099	
626	1	8.01	8.01	0.0099	
627	1	8.01	8.01	0.0099	
628	1	8.01	8.01	0.0099	
629	1	8.01	8.01	0.0099	
630	1	8.01	8.01	0.0099	
631	1	8.01	8.01	0.0099	
632	1	8.01	8.01	0.0099	
633	1	8.01	8.01	0.0099	
634	1	8.01	8.01	0.0099	
635	1	8.01	8.01	0.0099	
636	1	8.01	8.01	0.0099	
637	1	8.01	8.01	0.0099	
638	1	8.01	8.01	0.0099	
639	1	8.01	8.01	0.0099	
640	1	8.23	8.23	0.1771	
641	1	8.01	8.01	0.0099	
642	1	8.01	8.01	0.0099	
643	1	8.29	8.29	0.2059	
644	1	8.32	8.32	0.2176	
645	1	8.4	8.4	0.24	
646	1	8.68	8.68	0.2176	
647	1	8.99	8.99	0.0099	
648	1	9.01	9.01	0.0099	
649	1	9.01	9.01	0.0099	
650	1	9.01	9.01	0.0099	
651	1	9.01	9.01	0.0099	
652	1	9.01	9.01	0.0099	
653	1	9.01	9.01	0.0099	
654	1	9.01	9.01	0.0099	
655	1	9.01	9.01	0.0099	
656	1	9.01	9.01	0.0099	
657	1	9.01	9.01	0.0099	
658	1	9.01	9.01	0.0099	
659	1	9.01	9.01	0.0099	
660	1	9.01	9.01	0.0099	
661	1	9.01	9.01	0.0099	
662	1	9.01	9.01	0.0099	
663	1	9.01	9.01	0.0099	
664	1	9.01	9.01	0.0099	
665	1	9.01	9.01	0.0099	
666	1	9.01	9.01	0.0099	
667	1	9.01	9.01	0.0099	
668	1	9.01	9.01	0.0099	
669	1	9.01	9.01	0.0099	
670	1	9.01	9.01	0.0099	
671	1	9.01	9.01	0.0099	
672	1	9.01	9.01	0.0099	
673	1	9.01	9.01	0.0099	
674	1	9.01	9.01	0.0099	
675	1	9.01	9.01	0.0099	
676	1	9.01	9.01	0.0099	
677	1	9.01	9.01	0.0099	
678	1	9.01	9.01	0.0099	
679	1	9.01	9.01	0.0099	
680	1	9.01	9.01	0.0099	
681	1	9.12	9.12	0.1056	
682	1	9.01	9.01	0.0099	
683	1	9.01	9.01	0.0099	
684	1	9.01	9.01	0.0099	
685	1	9.01	9.01	0.0099	
686	1	9.01	9.01	0.0099	
687	1	9.01	9.01	0.0099	
688	1	9.05	9.05	0.0475	
689	1	9.01	9.01	0.0099	
690	1	9.01	9.01	0.0099	
691	1	9.13	9.13	0.1131	
692	1	9.06	9.06	0.0564	
693	1	9.01	9.01	0.0099	
694	1	9.01	9.01	0.0099	
695	1	9.01	9.01	0.0099	
696	1	9.01	9.01	0.0099	
697	1	9.01	9.01	0.0099	
698	1	9.01	9.01	0.0099	
699	1	9.01	9.01	0.0099	
700	1	9.01	9.01	0.0099	
701	1	9.01	9.01	0.0099	
702	1	9.01	9.01	0.0099	
703	1	9.01	9.01	0.0099	
704	1	9.05	9.05	0.0475	
705	1	9.01	9.01	0.0099	
706	1	9.01	9.01	0.0099	
707	1	9.07	9.07	0.0651	
708	1	9.01	9.01	0.0099	
709	1	9.01	9.01	0.0099	
710	1	9.01	9.01	0.0099	
711	1	9.01	9.01	0.0099	
712	1	9.01	9.01	0.0099	
713	1	9.01	9.01	0.0099	
714	1	9.01	9.01	0.0099	
715	1	9.01	9.01	0.0099	
716	1	9.01	9.01	0.0099	
717	1	9.01	9.01	0.0099	
718	1	9.01	9.01	0.0099	
719	1	9.01	9.01	0.0099	
720	1	9.01	9.01	0.0099	
721	1	9.01	9.01	0.0099	
722	1	9.01	9.01	0.0099	
723	1	9.01	9.01	0.0099	
724	1	9.01	9.01	0.0099	
725	1	9.01	9.01	0.0099	
726	1	9.01	9.01	0.0099	
727	1	9.01	9.01	0.0099	
728	1	9.01	9.01	0.0099	
729	1	9.01	9.01	0.0099	
730	1	9.01	9.01	0.0099	
731	1	9.01	9.01	0.0099	
732	1	9.01	9.01	0.0099	
733	1	9.04	9.04	0.0384	
734	1	9.45	9.45	0.2475	
735	1	9.71	9.71	0.2059	
736	1	9.62	9.62	0.2356	
737	1	9.58	9.58	0.2436	
738	1	9.72	9.72	0.2016	
739	1	9.94	9.94	0.0764	
740	1	10.01	10.01	0.0099	
741	1	10.01	10.01	0.0099	
742	1	10.01	10.01	0.0099	
743	1	10.01	10.01	0.0099	
744	1	10.01	10.01	0.0099	
745	1	10.01	10.01	0.0099	
746	1	10.06	10.06	0.0564	
747	1	10.01	10.01	0.0099	
748	1	10.01	10.01	0.0099	
749	1	10.01	10.01	0.0099	
750	1	10.01	10.01	0.0099	
751	1	10.01	10.01	0.0099	
752	1	10.06	10.06	0.0564	
753	1	10.01	10.01	0.0099	
754	1	10.01	10.01	0.0099	
755	1	10.01	10.01	0.0099	
756	1	10.01	10.01	0.0099	
757	1	10.01	10.01	0.0099	
758	1	10.01	10.01	0.0099	
759	1	10.01	10.01	0.0099	
760	1	10.01	10.01	0.0099	
761	1	10.01	10.01	0.0099	
762	1	10.01	10.01	0.0099	
763	1	10.01	10.01	0.0099	
764	1	10.01	10.01	0.0099	
765	1	10.01	10.01	0.0099	
766	1	10.01	10.01	0.0099	
767	1	10.01	10.01	0.0099	
768	1	10.01	10.01	0.0099	
769	1	10.09	10.09	0.0819	
770	1	10.01	10.01	0.0099	
771	1	10.12	10.12	0.1056	
772	1	10.01	10.01	0.0099	
773	1	10.01	10.01	0.0099	
774	1	10.01	10.01	0.0099	
775	1	10.01	10.01	0.0099	
776	1	10.01	10.01	0.0099	
777	1	10.01	10.01	0.0099	
778	1	10.01	10.01	0.0099	
779	1	10.01	10.01	0.0099	
780	1	10.01	10.01	0.0099	
781	1	10.01	10.01	0.0099	
782	1	10.01	10.01	0.0099	
783	1	10.01	10.01	0.0099	
784	1	10.01	10.01	0.0099	
785	1	10.01	10.01	0.0099	
786	1	10.26	10.26	0.1924	
787	1	10.28	10.28	0.2016	
788	1	10.63	10.63	0.2331	
789	1	10.98	10.98	0.6196	
790	1	11.15	11.15	0.2275	
791	1	11.12	11.12	0.1056	
792	1	11.24	11.24	0.4224	
793	1	11.01	11.01	0.0099	
794	1	11.01	11.01	0.0099	
795	1	11.01	11.01	0.0099	
796	1	11.01	11.01	0.0099	
797	1	11.01	11.01	0.0099	
798	1	11.01	11.01	0.0099	
799	1	11.01	11.01	0.0099	
800	1	11.01	11.01	0.0099	
801	1	11.01	11.01	0.0099	
802	1	11.01	11.01	0.0099	
803	1	11.01	11.01	0.0099	
804	1	11.01	11.01	0.0099	
805	1	11.01	11.01	0.0099	
806	1	11.01	11.01	0.0099	
807	1	11.01	11.01	0.0099	
808	1	11.01	11.01	0.0099	
809	1	11.01	11.01	0.0099	
810	1	11.01	11.01	0.0099	
811	1	11.01	11.01	0.0099	
812	1	11.01	11.01	0.0099	
813	1	11.01	11.01	0.0099	
814	1	11.01	11.01	0.0099	
815	1	11.01	11.01	0.0099	
816	1	11.01	11.01	0.0099	
817	1	11.01	11.01	0.0099	
818	1	11.1	11.1	0.09	
819	1	11.12	11.12	0.1056	
820	1	11.01	11.01	0.0099	
821	1	11.01	11.01	0.0099	
822	1	11.01	11.01	0.0099	
823	1	11.01	11.01	0.0099	
824	1	11.01	11.01	0.0099	
825	1	11.01	11.01	0.0099	
826	1	11.01	11.01	0.0099	
827	1	11.01	11.01	0.0099	
828	1	11.01	11.01	0.0099	
829	1	11.01	11.01	0.0099	
830	1	11.01	11.01	0.0099	
831	1	11.01	11.01	0.0099	
832	1	11.01	11.01	0.0099	
833	1	11.01	11.01	0.0099	
834	1	11.01	11.01	0.0099	
835	1	11.01	11.01	0.0099	
836	1	11.01	11.01	0.0099	
837	1	11.01	11.01	0.0099	
838	1	11.01	11.01	0.0099	
839	1	11.01	11.01	0.0099	
840	1	11.22	11.22	0.1716	
841	1	11.01	11.01	0.0099	
842	1	11.01	11.01	0.0099	
843	1	11.01	11.01	0.0099	
844	1	11.01	11.01	0.0099	
845	1	11.01	11.01	0.0099	
846	1	11.01	11.01	0.0099	
847	1	11.01	11.01	0.0099	
848	1	11.01	11.01	0.0099	
849	1	11.01	11.01	0.0099	
850	1	11.01	11.01	0.0099	
851	1	11.01	11.01	0.0099	
852	1	11.01	11.01	0.0099	
853	1	11.01	11.01	0.0099	
854	1	11.01	11.01	0.0099	
855	1	11.01	11.01	0.0099	
856	1	11.01	11.01	0.0099	
857	1	11.01	11.01	0.0099	
858	1	11.01	11.01	0.0099	
859	1	11.01	11.01	0.0099	
860	1	11.01	11.01	0.0099	
861	1	11.01	11.01	0.0099	
862	1	11.01	11.01	0.0099	
863	1	11.01	11.01	0.0099	
864	1	11.01	11.01	0.0099	
865	1	11.01	11.01	0.0099	
866	1	11.01	11.01	0.0099	
867	1	11.01	11.01	0.0099	
868	1	11.01	11.01	0.0099	
869	1	11.01	11.01	0.0099	
870	1	11.01	11.01	0.0099	
871	1	11.01	11.01	0.0099	
872	1	11.01	11.01	0.0099	
873	1	11.01	11.01	0.0099	
874	1	11.01	11.01	0.0099	
875	1	11.01	11.01	0.0099	
876	1	11.01	11.01	0.0099	
877	1	11.01	11.01	0.0099	
878	1	11.01	11.01	0.0099	
879	1	11.01	11.01	0.0099	
880	1	11.01	11.01	0.0099	
881	1	11.01	11.01	0.0099	
882	1	11.01	11.01	0.0099	
883	1	11.01	11.01	0.0099	
884	1	11.01	11.01	0.0099	
885	1	11.01	11.01	0.0099	
886	1	11.01	11.01	0.0099	
887	1	11.01	11.01	0.0099	
888	1	11.01	11.01	0.0099	
889	1	11.01	11.01	0.0099	
890	1	11.38	11.38	0.2356	
891	1	11.09	11.09	0.0819	
892	1	11.01	11.01	0.0099	
893	1	11.01	11.01	0.0099	
894	1	11.01	11.01	0.0099	
895	1	11.01	11.01	0.0099	
896	1	11.01	11.01	0.0099	
897	1	11.01	11.01	0.0099	
898	1	11.01	11.01	0.0099	
899	1	11.01	11.01	0.0099	
900	1	11.01	11.01	0.0099	
901	1	11.11	11.11	0.0979	
902	1	11.01	11.01	0.0099	
903	1	11.01	11.01	0.0099	
904	1	11.07	11.07	0.0651	
905	1	11.01	11.01	0.0099	
906	1	11.01	11.01	0.0099	
907	1	11.01	11.01	0.0099	
908	1	11.01	11.01	0.0099	
909	1	11.01	11.01	0.0099	
910	1	11.01	11.01	0.0099	
911	1	11.01	11.01	0.0099	
912	1	11.01	11.01	0.0099	
913	1	11.01	11.01	0.0099	
914	1	11.01	11.01	0.0099	
915	1	11.01	11.01	0.0099	
916	1	11.01	11.01	0.0099	
917	1	11.01	11.01	0.0099	
918	1	11.01	11.01	0.0099	
919	1	11.01	11.01	0.0099	
920	1	11.01	11.01	0.0099	
921	1	11.01	11.01	0.0099	
922	1	11.01	11.01	0.0099	
923	1	11.01	11.01	0.0099	
924	1	11.01	11.01	0.0099	
925	1	11.01	11.01	0.0099	
926	1	11.06	11.06	0.0564	
927	1	11.15	11.15	0.1275	
928	1	11.05	11.05	0.0475	
929	1	11.01	11.01	0.0099	
930	1	11.01	11.01	0.0099	
931	1	11.01	11.01	0.0099	
932	1	11.01	11.01	0.0099	
933	1	11.01	11.01	0.0099	
934	1	11.01	11.01	0.0099	
935	1	11.01	11.01	0.0099	
936	1	11.01	11.01	0.0099	
937	1	11.01	11.01	0.0099	
938	1	11.01	11.01	0.0099	
939	1	11.01	11.01	0.0099	
940	1	11.01	11.01	0.0099	
941	1	11.01	11.01	0.0099	
942	1	11.01	11.01	0.0099	
943	1	11.01	11.01	0.0099	
944	1	11.01	11.01	0.0099	
945	1	11.01	11.01	0.0099	
946	1	11.01	11.01	0.0099	
947	1	11.01	11.01	0.0099	
948	1	11.01	11.01	0.0099	
949	1	11.01	11.01	0.0099	
950	1	11.01	11.01	0.0099	
951	1	11.24	11.24	0.1824	
952	1	11.01	11.01	0.0099	
953	1	11.01	11.01	0.0099	
954	1	11.01	11.01	0.0099	
955	1	11.01	11.01	0.0099	
956	1	11.01	11.01	0.0099	
957	1	11.01	11.01	0.0099	
958	1	11.01	11.01	0.0099	
959	1	11.01	11.01	0.0099	
960	1	11.01	11.01	0.0099	
961	1	11.01	11.01	0.0099	
962	1	11.01	11.01	0.0099	
963	1	11.01	11.01	0.0099	
964	1	11.01	11.01	0.0099	
965	1	11.01	11.01	0.0099	
966	1	11.01	11.01	0.0099	
967	1	11.01	11.01	0.0099	
968	1	11.01	11.01	0.0099	
969	1	11.01	11.01	0.0099	
970	1	11.01	11.01	0.0099	
971	1	11.01	11.01	0.0099	
972	1	11.01	11.01	0.0099	
973	1	11.01	11.01	0.0099	
974	1	11.01	11.01	0.0099	
975	1	11.01	11.01	0.0099	
976	1	11.01	11.01	0.0099	
977	1	11.01	11.01	0.0099	
978	1	11.01	11.01	0.0099	
979	1	11.01	11.01	0.0099	
980	1	11.01	11.01	0.0099	
981	1	11.01	11.01	0.0099	
982	1	11.01	11.01	0.0099	
983	1	11.01	11.01	0.0099	
984	1	11.01	11.01	0.0099	
985	1	11.01	11.01	0.0099	
986	1	11.01	11.01	0.0099	
987	1	11.01	11.01	0.0099	
988	1	11.01	11.01	0.0099	
989	1	11.01	11.01	0.0099	
990	1	11.01	11.01	0.0099	
991	1	11.01	11.01	0.0099	
992	1	11.01	11.01	0.0099	
993	1	11.01	11.01	0.0099	
994	1	11.01	11.01	0.0099	
995	1	11.01	11.01	0.0099	
996	1	11.01	11.01	0.0099	
997	1	11.01	11.01	0.0099	
998	1	11.83	11.83	0.1411	
999	1	11.11	11.11	0.0979	
1000	1	11.01	11.01	0.0099	
1001	1	11.01	11.01	0.0099	
1002	1	11.01	11.01	0.0099	
1003	1	11.01	11.01	0.0099	
1004	1	11.01	11.01	0.0099	
1005	1	11.15	11.15	0.1275	
1006	1	11.34	11.34	0.2244	
1007	1	11.1	11.1	0.09	
1008	1	11.73	11.73	0.1971	
1009	1	11.99	11.99	0.0099	
1010	1	12.01	12.01	0.0099	
1011	1	12.01	12.01	0.0099	
1012	1	12.34	12.34	0.2244	
1013	1	12.25	12.25	0.1875	
1014	1	12.02	12.02	0.0396	
1015	1	12.02	12.02	0.0396	
1016	1	12.02	12.02	0.0396	
1017	1	12.01	12.01	0.0099	
1018	1	12.01	12.01	0.0099	
1019	1	12.01	12.01	0.0099	
1020	1	12.01	12.01	0.0099	
1021	1	12.01	12.01	0.0099	
1022	1	12.12	12.12	0.1056	
1023	1	12.16	12.16	0.1344	
1024	1	12.01	12.01	0.0099	
1025	1	12.01	12.01	0.0099	
1026	1	12.01	12.01	0.0099	
1027	1	12.01	12.01	0.0099	
1028	1	12.01	12.01	0.0099	
1029	1	12.01	12.01	0.0099	
1030	1	12.01	12.01	0.0099	
1031	1	12.17	12.17	0.1411	
1032	1	12.22	12.22	0.1716	
1033	1	13	13	0	
1034	1	13	13	0	
1035	1	13	13	0	
1036	1	13.01	13.01	0.0099	
1037	1	13.01	13.01	0.0099	
1038	1	13.01	13.01	0.0099	
1039	1	13.01	13.01	0.0099	
1040	1	13.01	13.01	0.0099	
1041	1	13.01	13.01	0.0099	
1042	1	13.01	13.01	0.0099	
1043	1	13.01	13.01	0.0099	
1044	1	13.01	13.01	0.0099	
1045	1	13.01	13.01	0.0099	
1046	1	13.01	13.01	0.0099	
1047	1	13.01	13.01	0.0099	
1048	1	13.01	13.01	0.0099	
1049	1	13.01	13.01	0.0099	
1050	1	13.01	13.01	0.0099	
1051	1	13.04	13.04	0.0384	
1052	1	13.01	13.01	0.0099	
1053	1	13.01	13.01	0.0099	
1054	1	13.01	13.01	0.0099	
1055	1	13.01	13.01	0.0099	
1056	1	13.01	13.01	0.0099	
1057	1	13.01	13.01	0.0099	
1058	1	13.01	13.01	0.0099	
1059	1	13.01	13.01	0.0099	
1060	1	13.01	13.01	0.0099	
1061	1	13.01	13.01	0.0099	
1062	1	13.01	13.01	0.0099	
1063	1	13.01	13.01	0.0099	
1064	1	13.01	13.01	0.0099	
1065	1	13.01	13.01	0.0099	
1066	1	13.23	13.23	0.1771	
1067	1	13.63	13.63	0.2331	
1068	1	13.78	13.78	0.1716	
1069	1	13.99	13.99	0.0099	
1070	1	14.01	14.01	0.0099	
1071	1	14.01	14.01	0.0099	
1072	1	14.01	14.01	0.0099	
1073	1	14.01	14.01	0.0099	
1074	1	14.01	14.01	0.0099	
1075	1	14.01	14.01	0.0099	
1076	1	14.01	14.01	0.0099	
1077	1	14.01	14.01	0.0099	
1078	1	14.01	14.01	0.0099	
1079	1	14.01	14.01	0.0099	
1080	1	14.01	14.01	0.0099	
1081	1	14.01	14.01	0.0099	
1082	1	14.01	14.01	0.0099	
1083	1	14.01	14.01	0.0099	
1084	1	14.01	14.01	0.0099	
1085	1	14.01	14.01	0.0099	
1086	1	14.17	14.17	0.1411	
1087	1	14.01	14.01	0.0099	
1088	1	14.01	14.01	0.0099	
1089	1	14.01	14.01	0.0099	
1090	1	14.01	14.01	0.0099	
1091	1	14.02	14.02	0.0196	
1092	1	14.01	14.01	0.0099	
1093	1	14.01	14.01	0.0099	
1094	1	14.01	14.01	0.0099	
1095	1	14.01	14.01	0.0099	
1096	1	14.01	14.01	0.0099	
1097	1	14.01	14.01	0.0099	
1098	1	14.02	14.02	0.0196	
1099	1	14.01	14.01	0.0099	
1100	1	14.01	14.01	0.0099	
1101	1	14.01	14.01	0.0099	
1102	1	14.01	14.01	0.0099	
1103	1	14.01	14.01	0.0099	
1104	1	14.01	14.01	0.0099	
1105	1	14.01	14.01	0.0099	
1106	1	14.01	14.01	0.0099	
1107	1	14.01	14.01	0.0099	
1108	1	14.01	14.01	0.0099	
1109	1	14.01	14.01	0.0099	
1110	1	14.01	14.01	0.0099	
1111	1	14.01	14.01	0.0099	
1112	1	14.01	14.01	0.0099	
1113	1	14.01	14.01	0.0099	
1114	1	14.01	14.01	0.0099	
1115	1	14.01	14.01	0.0099	
1116	1	14.01	14.01	0.0099	
1117	1	14.01	14.01	0.0099	
1118	1	14.01	14.01	0.0099	
1119	1	14.01	14.01	0.0099	
1120	1	14.01	14.01	0.0099	
1121	1	14.01	14.01	0.0099	
1122	1	14.01	14.01	0.0099	
1123	1	14.01	14.01	0.0099	
1124	1	14.01	14.01	0.0099	
1125	1	14.01	14.01	0.0099	
1126	1	14.01	14.01	0.0099	
1127	1	14.01	14.01	0.0099	
1128	1	14.01	14.01	0.0099	
1129	1	14.01	14.01	0.0099	
1130	1	14.01	14.01	0.0099	
1131	1	14.01	14.01	0.0099	
1132	1	14.01	14.01	0.0099	
1133	1	14.01	14.01	0.0099	
1134	1	14.01	14.01	0.0099	
1135	1	14.01	14.01	0.0099	
1136	1	14.01	14.01	0.0099	
1137	1	14.01	14.01	0.0099	
1138	1	14.01	14.01	0.0099	
1139	1	14.01	14.01	0.0099	
1140	1	14.01	14.01	0.0099	
1141	1	14.01	14.01	0.0099	
1142	1	14.01	14.01	0.0099	
1143	1	14.01	14.01	0.0099	
1144	1	14.01	14.01	0.0099	
1145	1	14.01	14.01	0.0099	
1146	1	14.01	14.01	0.0099	
1147	1	14.01	14.01	0.0099	
1148	1	14.01	14.01	0.0099	
1149	1	14.01	14.01	0.0099	
1150	1	14.01	14.01	0.0099	
1151	1	14.01	14.01	0.0099	
1152	1	14.01	14.01	0.0099	
1153	1	14.01	14.01	0.0099	
1154	1	14.01	14.01	0.0099	
1155	1	14.01	14.01	0.0099	
1156	1	14.01	14.01	0.0099	
1157	1	14.01	14.01	0.0099	
1158	1	14.01	14.01	0.0099	
1159	1	14.01	14.01	0.0099	
1160	1	14.01	14.01	0.0099	
1161	1	14.01	14.01	0.0099	
1162	1	14.01	14.01	0.0099	
1163	1	14.01	14.01	0.0099	
1164	1	14.01	14.01	0.0099	
1165	1	14.01	14.01	0.0099	
1166	1	14.01	14.01	0.0099	
1167	1	14.01	14.01	0.0099	
1168	1	14.01	14.01	0.0099	
1169	1	14.01	14.01	0.0099	
1170	1	14.01	14.01	0.0099	
1171	1	14.01	14.01	0.0099	
1172	1	14.01	14.01	0.0099	
1173	1	14.01	14.01	0.0099	
1174	1	14.01	14.01	0.0099	
1175	1	14.01	14.01	0.0099	
1176	1	14.01	14.01	0.0099	
1177	1	14.01	14.01	0.0099	
1178	1	14.01	14.01	0.0099	
1179	1	14.01	14.01	0.0099	
1180	1	14.01	14.01	0.0099	
1181	1	14.01	14.01	0.0099	
1182	1	14.01	14.01	0.0099	
1183	1	14.01	14.01	0.0099	
1184	1	14.01	14.01	0.0099	
1185	1	14.01	14.01	0.0099	
1186	1	14.01	14.01	0.0099	
1187	1	14.01	14.01	0.0099	
1188	1	14.01	14.01	0.0099	
1189	1	14.01	14.01	0.0099	
1190	1	14.01	14.01	0.0099	
1191	1	14.01	14.01	0.0099	
1192	1	14.01	14.01	0.0099	
1193	1	14.01	14.01	0.0099	
1194	1	14.01	14.01	0.0099	
1195	1	14.01	14.01	0.0099	
1196	1	14.01	14.01	0.0099	
1197	1	14.01	14.01	0.0099	
1198	1	14.01	14.01	0.0099	
1199	1	14.01	14.01	0.0099	
1200	1	14.01	14.01	0.0099	
1201	1	14.01	14.01	0.0099	
1202	1	14.01	14.01	0.0099	
1203	1	14.01	14.01	0.0099	
1204	1	14.01	14.01	0.0099	
1205	1	14.01	14.01	0.0099	
1206	1	14.01	14.01	0.0099	
1207	1	14.01	14.01	0.0099	
1208	1	14.01	14.01	0.0099	
1209	1	14.01	14.01	0.0099	
1210	1	14.01	14.01	0.0099	
1211	1	14.01	14.01	0.0099	
1212	1	14.01	14.01	0.0099	
1213	1	14.01	14.01	0.0099	
1214	1	14.01	14.01	0.0099	
1215	1	14.01	14.01	0.0099	
1216	1	14.04	14.04	0.0384	
1217	1	14.55	14.55	0.2475	
1218	1	14.59	14.59	0.2419	
1219	1	14.84	14.84	0.1344	
1220	1	15.01	15.01	0.0099	
1221	1	15.01	15.01	0.0099	
1222	1	15.01	15.01	0.0099	
1223	1	15.01	15.01	0.0099	
1224	1	15.01	15.01	0.0099	
1225	1	15.01	15.01	0.0099	
1226	1	15.01	15.01	0.0099	
1227	1	15.01	15.01	0.0099	
1228	1	15.01	15.01	0.0099	
1229	1	15.01	15.01	0.0099	
1230	1	15.01	15.01	0.0099	
1231	1	15.01	15.01	0.0099	
1232	1	15.01	15.01	0.0099	
1233	1	15.01	15.01	0.0099	
1234	1	15.01	15.01	0.0099	
1235	1	15.01	15.01	0.0099	
1236	1	15.01	15.01	0.0099	
1237	1	15.01	15.01	0.0099	
1238	1	15.01	15.01	0.0099	
1239	1	15.01	15.01	0.0099	
1240	1	15.02	15.02	0.0196	
1241	1	15.01	15.01	0.0099	
1242	1	15.01	15.01	0.0099	
1243	1	15.01	15.01	0.0099	
1244	1	15.01	15.01	0.0099	
1245	1	15.01	15.01	0.0099	
1246	1	15.01	15.01	0.0099	
1247	1	15.01	15.01	0.0099	
1248	1	15.01	15.01	0.0099	
1249	1	15.01	15.01	0.0099	
1250	1	15.01	15.01	0.0099	
1251	1	15.01	15.01	0.0099	
1252	1	15.01	15.01	0.0099	
1253	1	15.01	15.01	0.0099	
1254	1	15.01	15.01	0.0099	
1255	1	15.01	15.01	0.0099	
1256	1	15.01	15.01	0.0099	
1257	1	15.01	15.01	0.0099	
1258	1	15.01	15.01	0.0099	
1259	1	15.01	15.01	0.0099	
1260	1	15.01	15.01	0.0099	
1261	1	15.01	15.01	0.0099	
1262	1	15.01	15.01	0.0099	
1263	1	15.03	15.03	0.0291	
1264	1	15.01	15.01	0.0099	
1265	1	15.01	15.01	0.0099	
1266	1	15.01	15.01	0.0099	
1267	1	15.01	15.01	0.0099	
1268	1	15.01	15.01	0.0099	
1269	1	15.01	15.01	0.0099	
1270	1	15.01	15.01	0.0099	
1271	1	15.01	15.01	0.0099	
1272	1	15.01	15.01	0.0099	
1273	1	15.01	15.01	0.0099	
1274	1	15.01	15.01	0.0099	
1275	1	15.04	15.04	0.0384	
1276	1	15.01	15.01	0.0099	
1277	1	15.01	15.01	0.0099	
1278	1	15.01	15.01	0.0099	
1279	1	15.26	15.26	0.1924	
1280	1	15.89	15.89	0.2179	
1281	1	16.01	16.01	0.0099	
1282	1	16.01	16.01	0.0099	
1283	1	16.01	16.01	0.0099	
1284	1	16.01	16.01	0.0099	
1285	1	16.01	16.01	0.0099	
1286	1	16.01	16.01	0.0099	
1287	1	16.01	16.01	0.0099	
1288	1	16.01	16.01	0.0099	
1289	1	16.01	16.01	0.0099	
1290	1	16.01	16.01	0.0099	
1291	1	16.01	16.01	0.0099	
1292	1	16.01	16.01	0.0099	
1293	1	16.01	16.01	0.0099	
1294	1	16.01	16.01	0.0099	
1295	1	16.01	16.01	0.0099	
1296	1	16.01	16.01	0.0099	
1297	1	16.01	16.01	0.0099	
1298	1	16.01	16.01	0.0099	
1299	1	16.01	16.01	0.0099	
1300	1	16.01	16.01	0.0099	
1301	1	16.01	16.01	0.0099	
1302	1	16.01	16.01	0.0099	
1303	1	16.01	16.01	0.0099	
1304	1	16.01	16.01	0.0099	
1305	1	16.01	16.01	0.0099	
1306	1	16.01	16.01	0.0099	
1307	1	16.01	16.01	0.0099	
1308	1	16.01	16.01	0.0099	
1309	1	16.01	16.01	0.0099	
1310	1	16.01	16.01	0.0099	
1311	1	16.01	16.01	0.0099	
1312	1	16.01	16.01	0.0099	
1313	1	16.01	16.01	0.0099	
1314	1	16.01	16.01	0.0099	
1315	1	16.01	16.01	0.0099	
1316	1	16.01	16.01	0.0099	
1317	1	16.01	16.01	0.0099	
1318	1	16.01	16.01	0.0099	
1319	1	16.01	16.01	0.0099	
1320	1	16.01	16.01	0.0099	
1321	1	16.01	16.01	0.0099	
1322	1	16.01	16.01	0.0099	
1323	1	16.01	16.01	0.0099	
1324	1	16.01	16.01	0.0099	
1325	1	16.01	16.01	0.0099	
1326	1	16.01	16.01	0.0099	
1327	1	16.01	16.01	0.0099	
1328	1	16.01	16.01	0.0099	
1329	1	16.01	16.01	0.0099	
1330	1	16.01	16.01	0.0099	
1331	1	16.01	16.01	0.0099	
1332	1	16.01	16.01	0.0099	
1333	1	16.01	16.01	0.0099	
1334	1	16.01	16.01	0.0099	
1335	1	16.01	16.01	0.0099	
1336	1	16.01	16.01	0.0099	
1337	1	16.01	16.01	0.0099	
1338	1	16.01	16.01	0.0099	
1339	1	16.01	16.01	0.0099	
1340	1	16.01	16.01	0.0099	
1341	1	16.01	16.01	0.0099	
1342	1	16.01	16.01	0.0099	
1343	1	16.01	16.01	0.0099	
1344	1	16.01	16.01	0.0099	
1345	1	16.01	16.01	0.0099	
1346	1	16.01	16.01	0.0099	
1347	1	16.01	16.01	0.0099	
1348	1	16.01	16.01	0.0099	
1349	1	16.01	16.01	0.0099	
1350	1	16.01	16.01	0.0099	
1351	1	16.01	16.01	0.0099	
1352	1	16.01	16.01	0.0099	
1353	1	16.01	16.01	0.0099	
1354	1	16.01	16.01	0.0099	
1355	1	16.01	16.01	0.0099	
1356	1	16.01	16.01	0.0099	
1357	1	16.01	16.01	0.0099	
1358	1	16.01	16.01	0.0099	
1359	1	16.01	16.01	0.0099	
1360	1	16.01	16.01	0.0099	
1361	1	16.01	16.01	0.0099	
1362	1	16.01	16.01	0.0099	
1363	1	16.01	16.01	0.0099	
1364	1	16.01	16.01	0.0099	
1365	1	16.01	16.01	0.0099	
1366	1	16.01	16.01	0.0099	
1367	1	16.01	16.01	0.0099	
1368	1	16.01	16.01	0.0099	
1369	1	16.01	16.01	0.0099	
1370	1	16.01	16.01	0.0099	
1371	1	16.01	16.01	0.0099	
1372	1	16.01	16.01	0.0099	
1373	1	16.01	16.01	0.0099	
1374	1	16.01	16.01	0.0099	
1375	1	16.01	16.01	0.0099	
1376	1	16.01	16.01	0.0099	
1377	1	16.01	16.01	0.0099	
1378	1	16.01	16.01	0.0099	
1379	1	16.01	16.01	0.0099	
1380	1	16.01	16.01	0.0099	
1381	1	16.01	16.01	0.0099	
1382	1	16.01	16.01	0.0099	
1383	1	16.01	16.01	0.0099	
1384	1	16.01	16.01	0.0099	
1385	1	16.1	16.1	0.09	
1386	1	16.77	16.77	0.1771	
1387	1	16.34	16.34	0.2244	
1388	1	16.01	16.01	0.0099	
1389	1	16.01	16.01	0.0099	
1390	1	16.01	16.01	0.0099	
1391	1	16.01	16.01	0.0099	
1392	1	16.01	16.01	0.0099	
1393	1	16.01	16.01	0.0099	
1394	1	16.01	16.01	0.0099	
1395	1	16.01	16.01	0.0099	
1396	1	16.01	16.01	0.0099	
1397	1	16.01	16.01	0.0099	
1398	1	16.01	16.01	0.0099	
1399	1	16.01	16.01	0.0099	
1400	1	16.01	16.01	0.0099	
1401	1	16.01	16.01	0.0099	
1402	1	16.01	16.01	0.0099	
1403	1	16.01	16.01	0.0099	
1404	1	16.01	16.01	0.0099	
1405	1	16.01	16.01	0.0099	
1406	1	16.01	16.01	0.0099	
1407	1	16.01	16.01	0.0099	
1408	1	16.01	16.01	0.0099	
1409	1	16.01	16.01	0.0099	
1410	1	16.01	16.01	0.0099	
1411	1	16.01	16.01	0.0099	
1412	1	16.01	16.01	0.0099	
1413	1	16.01	16.01	0.0099	
1414	1	16.01	16.01	0.0099	
1415	1	16.01	16.01	0.0099	
1416	1	16.01	16.01	0.0099	
1417	1	16.01	16.01	0.0099	
1418	1	16.55	16.55	0.2475	
1419	1	16.99	16.99	0.0099	
1420	1	17.01	17.01	0.0099	
1421	1	17.01	17.01	0.0099	
1422	1	17.01	17.01	0.0099	
1423	1	17.01	17.01	0.0099	
1424	1	17.01	17.01	0.0099	
1425	1	17.01	17.01	0.0099	
1426	1	17.01	17.01	0.0099	
1427	1	17.01	17.01	0.0099	
1428	1	17.01	17.01	0.0099	
1429	1	17.01	17.01	0.0099	
1430	1	17.01	17.01	0.0099	
1431	1	17.01	17.01	0.0099	
1432	1	17.01	17.01	0.0099	
1433	1	17.01	17.01	0.0099	
1434	1	17.01	17.01	0.0099	
1435	1	17.01	17.01	0.0099	
1436	1	17.01	17.01	0.0099	
1437	1	17.01	17.01	0.0099	
1438	1	17.01	17.01	0.0099	
1439	1	17.01	17.01	0.0099	
1440	1	17.01	17.01	0.0099	
1441	1	17.01	17.01	0.0099	
1442	1	17.01	17.01	0.0099	
1443	1	17.01	17.01	0.0099	
1444	1	17.01	17.01	0.0099	
1445	1	17.01	17.01	0.0099	
1446	1	17.01	17.01	0.0099	
1447	1	17.01	17.01	0.0099	
1448	1	17.01	17.01	0.0099	
1449	1	17.01	17.01	0.0099	
1450	1	17.01	17.01	0.0099	
1451	1	17.01	17.01	0.0099	
1452	1	17.01	17.01	0.0099	
1453	1	17.01	17.01	0.0099	
1454	1	17.01	17.01	0.0099	
1455	1	17.01	17.01	0.0099	
1456	1	17.01	17.01	0.0099	
1457	1	17.01	17.01	0.0099	
1458	1	17.01	17.01	0.0099	
1459	1	17.01	17.01	0.0099	
1460	1	17.01	17.01	0.0099	
1461	1	17.01	17.01	0.0099	
1462	1	17.01	17.01	0.0099	
1463	1	17.01	17.01	0.0099	
1464	1	17.37	17.37	0.2331	
1465	1	17.33	17.33	0.2211	
1466	1	17.59	17.59	0.2419	
1467	1	17.66	17.66	0.2244	
1468	1	17.59	17.59	0.2419	
1469	1	17.7	17.7	0.21	
1470	1	17.61	17.61	0.2379	
1471	1	17.48	17.48	0.2496	
1472	1	17.48	17.48	0.2496	
1473	1	17.54	17.54	0.2484	
1474	1	17.4	17.4	0.24	
1475	1	17.87	17.87	0.1131	
1476	1	17.99	17.99	0.0099	
1477	1	18.01	18.01	0.0099	
1478	1	18.01	18.01	0.0099	
1479	1	18.01	18.01	0.0099	
1480	1	18.01	18.01	0.0099	
1481	1	18.01	18.01	0.0099	
1482	1	18.01	18.01	0.0099	
1483	1	18.01	18.01	0.0099	
1484	1	18.01	18.01	0.0099	
1485	1	18.04	18.04	0.0384	
1486	1	18.52	18.52	0.2496	
1487	1	18.73	18.73	0.1971	
1488	1	18.82	18.82	0.1476	
1489	1	19.01	19.01	0.0099	
1490	1	19.01	19.01	0.0099	
1491	1	19.01	19.01	0.0099	
1492	1	19.01	19.01	0.0099	
1493	1	19.01	19.01	0.0099	
1494	1	19.01	19.01	0.0099	
1495	1	19.06	19.06	0.0564	
1496	1	19.01	19.01	0.0099	
1497	1	19.01	19.01	0.0099	
1498	1	19.01	19.01	0.0099	
1499	1	19.01	19.01	0.0099	
1500	1	19.01	19.01	0.0099	
1501	1	19.01	19.01	0.0099	
1502	1	19.01	19.01	0.0099	
1503	1	19.01	19.01	0.0099	
1504	1	19.01	19.01	0.0099	
1505	1	19.01	19.01	0.0099	
1506	1	19.01	19.01	0.0099	
1507	1	19.01	19.01	0.0099	
1508	1	19.01	19.01	0.0099	
1509	1	19.01	19.01	0.0099	
1510	1	19.01	19.01	0.0099	
1511	1	19.01	19.01	0.0099	
1512	1	19.01	19.01	0.0099	
1513	1	19.01	19.01	0.0099	
1514	1	19.01	19.01	0.0099	
1515	1	19.01	19.01	0.0099	
1516	1	19.02	19.02	0.0196	
1517	1	19.01	19.01	0.0099	
1518	1	19.01	19.01	0.0099	
1519	1	19.01	19.01	0.0099	
1520	1	19.01	19.01	0.0099	
1521	1	19.02	19.02	0.0196	
1522	1	19.08	19.08	0.0736	
1523	1	19.01	19.01	0.0099	
1524	1	19.01	19.01	0.0099	
1525	1	19.01	19.01	0.0099	
1526	1	19.01	19.01	0.0099	
1527	1	19.01	19.01	0.0099	
1528	1	19.01	19.01	0.0099	
1529	1	19.01	19.01	0.0099	
1530	1	19.01	19.01	0.0099	
1531	1	19.01	19.01	0.0099	
1532	1	19.01	19.01	0.0099	
1533	1	19.01	19.01	0.0099	
1534	1	19.01	19.01	0.0099	
1535	1	19.01	19.01	0.0099	
1536	1	19.01	19.01	0.0099	
1537	1	19.01	19.01	0.0099	
1538	1	19.01	19.01	0.0099	
1539	1	19.01	19.01	0.0099	
1540	1	19.01	19.01	0.0099	
1541	1	19.01	19.01	0.0099	
1542	1	19.01	19.01	0.0099	
1543	1	19.01	19.01	0.0099	
1544	1	19.01	19.01	0.0099	
1545	1	19.01	19.01	0.0099	
1546	1	19.01	19.01	0.0099	
1547	1	19.01	19.01	0.0099	
1548	1	19.01	19.01	0.0099	
1549	1	19.01	19.01	0.0099	
1550	1	19.01	19.01	0.0099	
1551	1	19.01	19.01	0.0099	
1552	1	19.01	19.01	0.0099	
1553	1	19.01	19.01	0.0099	
1554	1	19.01	19.01	0.0099	
1555	1	19.08	19.08	0.0736	
1556	1	19.01	19.01	0.0099	
1557	1	19.01	19.01	0.0099	
1558	1	19.01	19.01	0.0099	
1559	1	19.01	19.01	0.0099	
1560	1	19.12	19.12	0.1056	
1561	1	19.01	19.01	0.0099	
1562	1	19.01	19.01	0.0099	
1563	1	19.01	19.01	0.0099	
1564	1	19.01	19.01	0.0099	
1565	1	19.01	19.01	0.0099	
1566	1	19.01	19.01	0.0099	
1567	1	19.01	19.01	0.0099	
1568	1	19.01	19.01	0.0099	
1569	1	19.01	19.01	0.0099	
1570	1	19.01	19.01	0.0099	
1571	1	19.01	19.01	0.0099	
1572	1	19.01	19.01	0.0099	
1573	1	19.01	19.01	0.0099	
1574	1	19.15	19.15	0.1275	
1575	1	19.02	19.02	0.0396	
1576	1	19.02	19.02	0.0396	
1577	1	19.01	19.01	0.0099	
1578	1	19.01	19.01	0.0099	
1579	1	19.01	19.01	0.0099	
1580	1	19.01	19.01	0.0099	
1581	1	19.01	19.01	0.0099	
1582	1	19.01	19.01	0.0099	
1583	1	19.01	19.01	0.0099	
1584	1	19.16	19.16	0.1344	
1585	1	19.01	19.01	0.0099	
1586	1	19.01	19.01	0.0099	
1587	1	19.01	19.01	0.0099	
1588	1	19.01	19.01	0.0099	
1589	1	19.01	19.01	0.0099	
1590	1	19.01	19.01	0.0099	
1591	1	19.01	19.01	0.0099	
1592	1	19.01	19.01	0.0099	
1593	1	19.03	19.03	0.0291	
1594	1	19.01	19.01	0.0099	
1595	1	19.01	19.01	0.0099	
1596	1	19.01	19.01	0.0099	
1597	1	19.01	19.01	0.0099	
1598	1	19.01	19.01	0.0099	
1599	1	19.01	19.01	0.0099	
1600	1	19.01	19.01	0.0099	
1601	1	19.01	19.01	0.0099	
1602	1	19.01	19.01	0.0099	
1603	1	19.01	19.01	0.0099	
1604	1	19.01	19.01	0.0099	
1605	1	19.01	19.01	0.0099	
1606	1	19.06	19.06	0.0564	
1607	1	19.01	19.01	0.0099	
1608	1	19.01	19.01	0.0099	
1609	1	19.01	19.01	0.0099	
1610	1	19.01	19.01	0.0099	
1611	1	19.01	19.01	0.0099	
1612	1	19.01	19.01	0.0099	
1613	1	19.03	19.03	0.0291	
1614	1	19.01	19.01	0.0099	
1615	1	19.01	19.01	0.0099	
1616	1	19.01	19.01	0.0099	
1617	1	19.06	19.06	0.0564	
1618	1	19.01	19.01	0.0099	
1619	1	19.01	19.01	0.0099	
1620	1	19.01	19.01	0.0099	
1621	1	19.01	19.01	0.0099	
1622	1	19.01	19.01	0.0099	
1623	1	19.01	19.01	0.0099	
1624	1	19.01	19.01	0.0099	
1625	1	19.19	19.19	0.1539	
1626	1	19.53	19.53	0.2491	
1627	1	19.89	19.89	0.3379	
1628	1	20.5	20.5	0.25	
1629	1	20.52	20.52	0.2496	
1630	1	20.41	20.41	0.2419	
1631	1	20.64	20.64	0.2304	
1632	1	20.99	20.99	0.0099	
1633	1	20.99	20.99	0.0099	
1634	1	20.99	20.99	0.0099	
1635	1	20.99	20.99	0.0099	
1636	1	20.99	20.99	0.0099	
1637	1	21.01	21.01	0.0099	
1638	1	21.02	21.02	0.0196	
1639	1	21.01	21.01	0.0099	
1640	1	21.01	21.01	0.0099	
1641	1	21.01	21.01	0.0099	
1642	1	21.01	21.01	0.0099	
1643	1	21.01	21.01	0.0099	
1644	1	21.01	21.01	0.0099	
1645	1	21.01	21.01	0.0099	
1646	1	21.01	21.01	0.0099	
1647	1	21.01	21.01	0.0099	
1648	1	21.01	21.01	0.0099	
1649	1	21.01	21.01	0.0099	
1650	1	21.01	21.01	0.0099	
1651	1	21.01	21.01	0.0099	
1652	1	21.01	21.01	0.0099	
1653	1	21.01	21.01	0.0099	
1654	1	21.01	21.01	0.0099	
1655	1	21.01	21.01	0.0099	
1656	1	21.01	21.01	0.0099	
1657	1	21.11	21.11	0.0979	
1658	1	21.01	21.01	0.0099	
1659	1	21.01	21.01	0.0099	
1660	1	21.01	21.01	0.0099	
1661	1	21.01	21.01	0.0099	
1662	1	21.01	21.01	0.0099	
1663	1	21.01	21.01	0.0099	
1664	1	21.01	21.01	0.0099	
1665	1	21.01	21.01	0.0099	
1666	1	21.01	21.01	0.0099	
1667	1	21.01	21.01	0.0099	
1668	1	21.01	21.01	0.0099	
1669	1	21.21	21.21	0.1659	
1670	1	21.92	21.92	0.0736	
1671	1	22.01	22.01	0.0099	
1672	1	22.01	22.01	0.0099	
1673	1	22.01	22.01	0.0099	
1674	1	22.01	22.01	0.0099	
1675	1	22.01	22.01	0.0099	
1676	1	22.01	22.01	0.0099	
1677	1	22.01	22.01	0.0099	
1678	1	22.01	22.01	0.0099	
1679	1	22.01	22.01	0.0099	
1680	1	22.01	22.01	0.0099	
1681	1	22.01	22.01	0.0099	
1682	1	22.01	22.01	0.0099	
1683	1	22.01	22.01	0.0099	
1684	1	22.01	22.01	0.0099	
1685	1	22.01	22.01	0.0099	
1686	1	22.06	22.06	0.0564	
1687	1	22.01	22.01	0.0099	
1688	1	22.01	22.01	0.0099	
1689	1	22.01	22.01	0.0099	
1690	1	22.01	22.01	0.0099	
1691	1	22.01	22.01	0.0099	
1692	1	22.01	22.01	0.0099	
1693	1	22.01	22.01	0.0099	
1694	1	22.01	22.01	0.0099	
1695	1	22.01	22.01	0.0099	
1696	1	22.01	22.01	0.0099	
1697	1	22.01	22.01	0.0099	
1698	1	22.01	22.01	0.0099	
1699	1	22.01	22.01	0.0099	
1700	1	22.01	22.01	0.0099	
1701	1	22.01	22.01	0.0099	
1702	1	22.34	22.34	0.2244	
1703	1	22.37	22.37	0.2331	
1704	1	22.01	22.01	0.0099	
1705	1	22.01	22.01	0.0099	
1706	1	22.01	22.01	0.0099	
1707	1	22.01	22.01	0.0099	
1708	1	22.01	22.01	0.0099	
1709	1	22.01	22.01	0.0099	
1710	1	22.01	22.01	0.0099	
1711	1	22.01	22.01	0.0099	
1712	1	22.01	22.01	0.0099	
1713	1	22.01	22.01	0.0099	
1714	1	22.01	22.01	0.0099	
1715	1	22.04	22.04	0.0384	
1716	1	22.01	22.01	0.0099	
1717	1	22.01	22.01	0.0099	
1718	1	22.01	22.01	0.0099	
1719	1	22.01	22.01	0.0099	
1720	1	22.01	22.01	0.0099	
1721	1	22.01	22.01	0.0099	
1722	1	22.02	22.02	0.0196	
1723	1	22.01	22.01	0.0099	
1724	1	22.01	22.01	0.0099	
1725	1	22.01	22.01	0.0099	
1726	1	22.01	22.01	0.0099	
1727	1	22.01	22.01	0.0099	
1728	1	22.01	22.01	0.0099	
1729	1	22.01	22.01	0.0099	
1730	1	22.01	22.01	0.0099	
1731	1	22.01	22.01	0.0099	
1732	1	22.01	22.01	0.0099	
1733	1	22.01	22.01	0.0099	
1734	1	22.01	22.01	0.0099	
1735	1	22.01	22.01	0.0099	
1736	1	22.01	22.01	0.0099	
1737	1	22.01	22.01	0.0099	
1738	1	22.01	22.01	0.0099	
1739	1	22.01	22.01	0.0099	
1740	1	22.01	22.01	0.0099	
1741	1	22.01	22.01	0.0099	
1742	1	22.01	22.01	0.0099	
1743	1	22.01	22.01	0.0099	
1744	1	22.09	22.09	0.0819	
1745	1	22.73	22.73	0.1971	
1746	1	22.39	22.39	0.2379	
1747	1	22.01	22.01	0.0099	
1748	1	22.01	22.01	0.0099	
1749	1	22.01	22.01	0.0099	
1750	1	22.01	22.01	0.0099	
1751	1	22.01	22.01	0.0099	
1752	1	22.01	22.01	0.0099	
1753	1	22.01	22.01	0.0099	
1754	1	22.01	22.01	0.0099	
1755	1	22.02	22.02	0.0196	
1756	1	22.01	22.01	0.0099	
1757	1	22.01	22.01	0.0099	
1758	1	22.01	22.01	0.0099	
1759	1	22.01	22.01	0.0099	
1760	1	22.01	22.01	0.0099	
1761	1	22.01	22.01	0.0099	
1762	1	22.2	22.2	0.16	
1763	1	22.76	22.76	0.1824	
1764	1	23	23	0	
1765	1	23	23	0	
1766	1	23.01	23.01	0.0099	
1767	1	23.01	23.01	0.0099	
1768	1	23.02	23.02	0.0196	
1769	1	23.01	23.01	0.0099	
1770	1	23.01	23.01	0.0099	
1771	1	23.01	23.01	0.0099	
1772	1	23.01	23.01	0.0099	
1773	1	23.01	23.01	0.0099	
1774	1	23.01	23.01	0.0099	
1775	1	23.01	23.01	0.0099	
1776	1	23.01	23.01	0.0099	
1777	1	23.01	23.01	0.0099	
1778	1	23.01	23.01	0.0099	
1779	1	23.01	23.01	0.0099	
1780	1	23.01	23.01	0.0099	
1781	1	23.01	23.01	0.0099	
1782	1	23.01	23.01	0.0099	
1783	1	23.01	23.01	0.0099	
1784	1	23.01	23.01	0.0099	
1785	1	23.01	23.01	0.0099	
1786	1	23.01	23.01	0.0099	
1787	1	23.01	23.01	0.0099	
1788	1	23.01	23.01	0.0099	
1789	1	23.01	23.01	0.0099	
1790	1	23.01	23.01	0.0099	
1791	1	23.01	23.01	0.0099	
1792	1	23.01	23.01	0.0099	
1793	1	23.02	23.02	0.0196	
1794	1	23.01	23.01	0.0099	
1795	1	23.01	23.01	0.0099	
1796	1	23.01	23.01	0.0099	
1797	1	23.01	23.01	0.0099	
1798	1	23.01	23.01	0.0099	
1799	1	23.01	23.01	0.0099	
1800	1	23.01	23.01	0.0099	
1801	1	23.01	23.01	0.0099	
1802	1	23.01	23.01	0.0099	
1803	1	23.01	23.01	0.0099	
1804	1	23.01	23.01	0.0099	
1805	1	23.01	23.01	0.0099	
1806	1	23.01	23.01	0.0099	
1807	1	23.01	23.01	0.0099	
1808	1	23.01	23.01	0.0099	
1809	1	23.01	23.01	0.0099	
1810	1	23.01	23.01	0.0099	
1811	1	23.01	23.01	0.0099	
1812	1	23.07	23.07	0.0651	
1813	1	23.01	23.01	0.0099	
1814	1	23.01	23.01	0.0099	
1815	1	23.01	23.01	0.0099	
1816	1	23.01	23.01	0.0099	
1817	1	23.01	23.01	0.0099	
1818	1	23.01	23.01	0.0099	
1819	1	23.01	23.01	0.0099	
1820	1	23.12	23.12	0.1056	
1821	1	23.01	23.01	0.0099	
1822	1	23.01	23.01	0.0099	
1823	1	23.01	23.01	0.0099	
1824	1	23.01	23.01	0.0099	
1825	1	23.01	23.01	0.0099	
1826	1	23.01	23.01	0.0099	
1827	1	23.01	23.01	0.0099	
1828	1	23.01	23.01	0.0099	
1829	1	23.01	23.01	0.0099	
1830	1	23.01	23.01	0.0099	
1831	1	23.22	23.22	0.1716	
1832	1	23.11	23.11	0.0979	
1833	1	23.01	23.01	0.0099	
1834	1	23.01	23.01	0.0099	
1835	1	23.01	23.01	0.0099	
1836	1	23.01	23.01	0.0099	
1837	1	23.01	23.01	0.0099	
1838	1	23.01	23.01	0.0099	
1839	1	23.04	23.04	0.0384	
1840	1	23.01	23.01	0.0099	
1841	1	23.02	23.02	0.0196	
1842	1	23.01	23.01	0.0099	
1843	1	23.01	23.01	0.0099	
1844	1	23.01	23.01	0.0099	
1845	1	23.01	23.01	0.0099	
1846	1	23.01	23.01	0.0099	
1847	1	23.01	23.01	0.0099	
1848	1	23.01	23.01	0.0099	
1849	1	23.11	23.11	0.0979	
1850	1	23.04	23.04	0.0384	
1851	1	23.01	23.01	0.0099	
1852	1	23.01	23.01	0.0099	
1853	1	23.42	23.42	0.2436	
1854	1	23.01	23.01	0.0099	
1855	1	23.01	23.01	0.0099	
1856	1	23.01	23.01	0.0099	
1857	1	23.01	23.01	0.0099	
1858	1	23.01	23.01	0.0099	
1859	1	23.01	23.01	0.0099	
1860	1	23.01	23.01	0.0099	
1861	1	23.01	23.01	0.0099	
1862	1	23.01	23.01	0.0099	
1863	1	23.01	23.01	0.0099	
1864	1	23.01	23.01	0.0099	
1865	1	23.01	23.01	0.0099	
1866	1	23.01	23.01	0.0099	
1867	1	23.01	23.01	0.0099	
1868	1	23.12	23.12	0.1056	
1869	1	23.13	23.13	0.1131	
1870	1	23.01	23.01	0.0099	
1871	1	23.01	23.01	0.0099	
1872	1	23.01	23.01	0.0099	
1873	1	23.01	23.01	0.0099	
1874	1	23.01	23.01	0.0099	
1875	1	23.01	23.01	0.0099	
1876	1	23.01	23.01	0.0099	
1877	1	23.01	23.01	0.0099	
1878	1	23.01	23.01	0.0099	
1879	1	23.01	23.01	0.0099	
1880	1	23.01	23.01	0.0099	
1881	1	23.01	23.01	0.0099	
1882	1	23.01	23.01	0.0099	
1883	1	23.01	23.01	0.0099	
1884	1	23.01	23.01	0.0099	
1885	1	23.01	23.01	0.0099	
1886	1	23.01	23.01	0.0099	
1887	1	23.01	23.01	0.0099	
1888	1	23.01	23.01	0.0099	
1889	1	23.01	23.01	0.0099	
1890	1	23.01	23.01	0.0099	
1891	1	23.01	23.01	0.0099	
1892	1	23.01	23.01	0.0099	
1893	1	23.01	23.01	0.0099	
1894	1	23.01	23.01	0.0099	
1895	1	23.01	23.01	0.0099	
1896	1	23.01	23.01	0.0099	
1897	1	23.01	23.01	0.0099	
1898	1	23.01	23.01	0.0099	
1899	1	23.01	23.01	0.0099	
1900	1	23.01	23.01	0.0099	
1901	1	23.01	23.01	0.0099	
1902	1	23.01	23.01	0.0099	
1903	1	23.01	23.01	0.0099	
1904	1	23.01	23.01	0.0099	
1905	1	23.04	23.04	0.0384	
1906	1	23.19	23.19	0.1539	
1907	1	23.01	23.01	0.0099	
1908	1	23.01	23.01	0.0099	
1909	1	23.01	23.01	0.0099	
1910	1	23.01	23.01	0.0099	
1911	1	23.01	23.01	0.0099	
1912	1	23.01	23.01	0.0099	
1913	1	23.01	23.01	0.0099	
1914	1	23.01	23.01	0.0099	
1915	1	23.01	23.01	0.0099	
1916	1	23.01	23.01	0.0099	
1917	1	23.17	23.17	0.1411	
1918	1	23.17	23.17	0.1411	
1919	1	23.01	23.01	0.0099	
1920	1	23.01	23.01	0.0099	
1921	1	23.01	23.01	0.0099	
1922	1	23.01	23.01	0.0099	
1923	1	23.01	23.01	0.0099	
1924	1	23.01	23.01	0.0099	
1925	1	23.01	23.01	0.0099	
1926	1	23.01	23.01	0.0099	
1927	1	23.01	23.01	0.0099	
1928	1	23.01	23.01	0.0099	
1929	1	23.01	23.01	0.0099	
1930	1	23.01	23.01	0.0099	
1931	1	23.01	23.01	0.0099	
1932	1	23.01	23.01	0.0099	
1933	1	23.01	23.01	0.0099	
1934	1	23.01	23.01	0.0099	
1935	1	23.01	23.01	0.0099	
1936	1	23.01	23.01	0.0099	
1937	1	23.01	23.01	0.0099	
1938	1	23.01	23.01	0.0099	
1939	1	23.01	23.01	0.0099	
1940	1	23.01	23.01	0.0099	
1941	1	23.01	23.01	0.0099	
1942	1	23.01	23.01	0.0099	
1943	1	23.01	23.01	0.0099	
1944	1	23.01	23.01	0.0099	
1945	1	23.01	23.01	0.0099	
1946	1	23.01	23.01	0.0099	
1947	1	23.01	23.01	0.0099	
1948	1	23.01	23.01	0.0099	
1949	1	23.01	23.01	0.0099	
1950	1	23.01	23.01	0.0099	
1951	1	23.01	23.01	0.0099	
1952	1	23.01	23.01	0.0099	
1953	1	23.01	23.01	0.0099	
1954	1	23.01	23.01	0.0099	
1955	1	23.01	23.01	0.0099	
1956	1	23.12	23.12	0.1056	
1957	1	23.6	23.6	0.24	
1958	1	23.74	23.74	0.1924	
1959	1	23.61	23.61	0.2379	
1960	1	23.2	23.2	0.16	
1961	1	23.42	23.42	0.2436	
1962	1	23.06	23.06	0.0564	
1963	1	23.01	23.01	0.0099	
1964	1	23.01	23.01	0.0099	
1965	1	23.01	23.01	0.0099	
1966	1	23.01	23.01	0.0099	
1967	1	23.01	23.01	0.0099	
1968	1	23.01	23.01	0.0099	
1969	1	23.01	23.01	0.0099	
1970	1	23.01	23.01	0.0099	
1971	1	23.01	23.01	0.0099	
1972	1	23.01	23.01	0.0099	
1973	1	23.01	23.01	0.0099	
1974	1	23.01	23.01	0.0099	
1975	1	23.01	23.01	0.0099	
1976	1	23.01	23.01	0.0099	
1977	1	23.01	23.01	0.0099	
1978	1	23.01	23.01	0.0099	
1979	1	23.01	23.01	0.0099	
1980	1	23.01	23.01	0.0099	
1981	1	23.01	23.01	0.0099	
1982	1	23.01	23.01	0.0099	
1983	1	23.01	23.01	0.0099	
1984	1	23.01	23.01	0.0099	
1985	1	23.01	23.01	0.0099	
1986	1	23.01	23.01	0.0099	
1987	1	23.01	23.01	0.0099	
1988	1	23.01	23.01	0.0099	
1989	1	23.01	23.01	0.0099	
1990	1	23.01	23.01	0.0099	
1991	1	23.01	23.01	0.0099	
1992	1	23.01	23.01	0.0099	
1993	1	23.01	23.01	0.0099	
1994	1	23.01	23.01	0.0099	
1995	1	23.01	23.01	0.0099	
1996	1	23.01	23.01	0.0099	
1997	1	23.01	23.01	0.0099	
1998	1	23.01	23.01	0.0099	
1999	1	23.01	23.01	0.0099	
2000	1	23.01	23.01	0.0099	
