# mu = 0.01, s = 0.1, trials requested = 1, runtime = 0:00:08
# "Time"	"Actual trials"	"Mean mutation"	"Average mean mutation"	"Average mutation variance"
0	1	0	0	0	
1	1	0	0	0	
2	1	0.02	0.02	0.0196	
3	1	0.05	0.05	0.0475	
4	1	0.06	0.06	0.0564	
5	1	0.07	0.07	0.0651	
6	1	0.08	0.08	0.0736	
7	1	0.09	0.09	0.0819	
8	1	0.16	0.16	0.1344	
9	1	0.23	0.23	0.1971	
10	1	0.23	0.23	0.1771	
11	1	0.25	0.25	0.1875	
12	1	0.28	0.28	0.2016	
13	1	0.33	0.33	0.2211	
14	1	0.27	0.27	0.1971	
15	1	0.26	0.26	0.1924	
16	1	0.3	0.3	0.21	
17	1	0.35	0.35	0.2275	
18	1	0.4	0.4	0.24	
19	1	0.47	0.47	0.2691	
20	1	0.54	0.54	0.3084	
21	1	0.45	0.45	0.2675	
22	1	0.4	0.4	0.24	
23	1	0.49	0.49	0.2499	
24	1	0.52	0.52	0.2496	
25	1	0.51	0.51	0.2499	
26	1	0.47	0.47	0.2691	
27	1	0.39	0.39	0.2379	
28	1	0.42	0.42	0.2436	
29	1	0.46	0.46	0.2484	
30	1	0.49	0.49	0.2499	
31	1	0.46	0.46	0.2484	
32	1	0.41	0.41	0.2419	
33	1	0.44	0.44	0.2464	
34	1	0.43	0.43	0.3251	
35	1	0.43	0.43	0.3251	
36	1	0.48	0.48	0.4296	
37	1	0.44	0.44	0.3664	
38	1	0.33	0.33	0.2211	
39	1	0.35	0.35	0.3075	
40	1	0.35	0.35	0.2675	
41	1	0.32	0.32	0.2976	
42	1	0.38	0.38	0.4156	
43	1	0.46	0.46	0.4284	
44	1	0.6	0.6	0.5	
45	1	0.56	0.56	0.4464	
46	1	0.55	0.55	0.4275	
47	1	0.64	0.64	0.4904	
48	1	0.76	0.76	0.4624	
49	1	0.8	0.8	0.46	
50	1	0.76	0.76	0.5024	
51	1	0.82	0.82	0.5476	
52	1	0.82	0.82	0.5476	
53	1	0.85	0.85	0.5475	
54	1	0.84	0.84	0.5944	
55	1	0.83	0.83	0.5611	
56	1	0.81	0.81	0.5339	
57	1	0.92	0.92	0.5136	
58	1	0.85	0.85	0.4675	
59	1	0.85	0.85	0.3875	
60	1	0.85	0.85	0.3875	
61	1	0.9	0.9	0.37	
62	1	0.95	0.95	0.4475	
63	1	1.01	1.01	0.4299	
64	1	0.99	0.99	0.4699	
65	1	1.04	1.04	0.4584	
66	1	1.03	1.03	0.4691	
67	1	0.99	0.99	0.2899	
68	1	0.99	0.99	0.3299	
69	1	1.03	1.03	0.2491	
70	1	1.02	1.02	0.2396	
71	1	1.02	1.02	0.1596	
72	1	1.08	1.08	0.1936	
73	1	1.01	1.01	0.1499	
74	1	1.05	1.05	0.1275	
75	1	1.04	1.04	0.1584	
76	1	1.12	1.12	0.2056	
77	1	1.15	1.15	0.2075	
78	1	1.16	1.16	0.2544	
79	1	1.23	1.23	0.2771	
80	1	1.3	1.3	0.33	
81	1	1.28	1.28	0.3416	
82	1	1.24	1.24	0.3424	
83	1	1.32	1.32	0.3976	
84	1	1.36	1.36	0.3104	
85	1	1.36	1.36	0.2904	
86	1	1.38	1.38	0.2956	
87	1	1.33	1.33	0.3011	
88	1	1.36	1.36	0.3504	
89	1	1.41	1.41	0.3419	
90	1	1.5	1.5	0.37	
91	1	1.53	1.53	0.4091	
92	1	1.56	1.56	0.4864	
93	1	1.62	1.62	0.5156	
94	1	1.63	1.63	0.5331	
95	1	1.65	1.65	0.5475	
96	1	1.77	1.77	0.6171	
97	1	1.84	1.84	0.7344	
98	1	1.93	1.93	0.7651	
99	1	1.91	1.91	0.8219	
100	1	1.98	1.98	0.9596	
101	1	2.11	2.11	1.0779	
102	1	2.31	2.31	1.0139	
103	1	2.4	2.4	1.22	
104	1	2.34	2.34	1.3244	
105	1	2.32	2.32	1.2776	
106	1	2.34	2.34	1.2044	
107	1	2.39	2.39	1.1379	
108	1	2.29	2.29	1.1859	
109	1	2.29	2.29	1.2259	
110	1	2.28	2.28	1.2416	
111	1	2.23	2.23	1.1171	
112	1	2.22	2.22	1.0716	
113	1	2.25	2.25	1.1475	
114	1	2.31	2.31	1.1939	
115	1	2.49	2.49	1.2299	
116	1	2.55	2.55	1.3075	
117	1	2.5	2.5	1.21	
118	1	2.51	2.51	1.2499	
119	1	2.47	2.47	1.2491	
120	1	2.46	2.46	1.2684	
121	1	2.53	2.53	1.4291	
122	1	2.61	2.61	1.5179	
123	1	2.56	2.56	1.4264	
124	1	2.7	2.7	1.65	
125	1	2.81	2.81	1.6739	
126	1	2.91	2.91	1.8219	
127	1	3.04	3.04	1.9584	
128	1	3.1	3.1	1.85	
129	1	3.07	3.07	1.7851	
130	1	3.12	3.12	1.8456	
131	1	3.21	3.21	2.1459	
132	1	3.24	3.24	2.1024	
133	1	3.15	3.15	2.0275	
134	1	3.26	3.26	2.2524	
135	1	3.41	3.41	2.5219	
136	1	3.32	3.32	2.3976	
137	1	3.5	3.5	2.73	
138	1	3.47	3.47	2.8891	
139	1	3.7	3.7	2.89	
140	1	3.75	3.75	2.8075	
141	1	3.85	3.85	2.7075	
142	1	3.99	3.99	2.6699	
143	1	4.11	4.11	2.5379	
144	1	4.26	4.26	2.3924	
145	1	4.34	4.34	2.3044	
146	1	4.34	4.34	2.0044	
147	1	4.24	4.24	2.2824	
148	1	4.28	4.28	2.4416	
149	1	4.37	4.37	2.0731	
150	1	4.69	4.69	1.7739	
151	1	4.66	4.66	2.0244	
152	1	4.83	4.83	1.8011	
153	1	4.76	4.76	1.7024	
154	1	4.66	4.66	1.9444	
155	1	4.41	4.41	2.5819	
156	1	4.51	4.51	2.4299	
157	1	4.54	4.54	2.3284	
158	1	4.59	4.59	2.2019	
159	1	4.83	4.83	1.6811	
160	1	4.79	4.79	1.7059	
161	1	4.73	4.73	1.8971	
162	1	4.67	4.67	1.9211	
163	1	4.75	4.75	1.9675	
164	1	4.95	4.95	1.7875	
165	1	5.15	5.15	1.5675	
166	1	5.12	5.12	1.5856	
167	1	5.06	5.06	1.8164	
168	1	5.04	5.04	1.8984	
169	1	5.09	5.09	1.9219	
170	1	5.25	5.25	1.7275	
171	1	5.4	5.4	1.56	
172	1	5.5	5.5	1.73	
173	1	5.45	5.45	1.8075	
174	1	5.59	5.59	1.6819	
175	1	5.88	5.88	1.5656	
176	1	5.97	5.97	1.8091	
177	1	6.15	6.15	1.7675	
178	1	6.26	6.26	1.2124	
179	1	6.25	6.25	1.2275	
180	1	6.36	6.36	1.1304	
181	1	6.39	6.39	0.9579	
182	1	6.36	6.36	0.9104	
183	1	6.39	6.39	0.8779	
184	1	6.44	6.44	0.7864	
185	1	6.42	6.42	0.8236	
186	1	6.47	6.47	0.8491	
187	1	6.46	6.46	0.8684	
188	1	6.52	6.52	0.8096	
189	1	6.59	6.59	0.8019	
190	1	6.72	6.72	0.8816	
191	1	6.77	6.77	1.0171	
192	1	6.74	6.74	0.9324	
193	1	6.73	6.73	0.9771	
194	1	6.78	6.78	0.9916	
195	1	6.91	6.91	1.0419	
196	1	6.86	6.86	1.1204	
197	1	6.99	6.99	1.2299	
198	1	7.14	7.14	1.3004	
199	1	7.28	7.28	1.0016	
200	1	7.25	7.25	1.1275	
201	1	7.2	7.2	1.3	
202	1	7.35	7.35	1.1875	
203	1	7.33	7.33	1.2011	
204	1	7.29	7.29	1.2259	
205	1	7.28	7.28	0.9616	
206	1	7.27	7.27	1.0771	
207	1	7.24	7.24	1.1224	
208	1	7.42	7.42	0.9636	
209	1	7.54	7.54	0.8884	
210	1	7.69	7.69	0.8139	
211	1	7.8	7.8	0.6	
212	1	7.95	7.95	0.4875	
213	1	8.01	8.01	0.4699	
214	1	7.98	7.98	0.4596	
215	1	8	8	0.44	
216	1	8	8	0.5	
217	1	8.01	8.01	0.5099	
218	1	8.04	8.04	0.6584	
219	1	7.95	7.95	0.6675	
220	1	7.97	7.97	0.8091	
221	1	7.99	7.99	0.7899	
222	1	8.1	8.1	0.79	
223	1	8.11	8.11	0.6979	
224	1	8.06	8.06	0.5564	
225	1	8.2	8.2	0.44	
226	1	8.17	8.17	0.4611	
227	1	8.25	8.25	0.4875	
228	1	8.26	8.26	0.5324	
229	1	8.24	8.24	0.5424	
230	1	8.26	8.26	0.5324	
231	1	8.39	8.39	0.4979	
232	1	8.39	8.39	0.4379	
233	1	8.45	8.45	0.3675	
234	1	8.51	8.51	0.3699	
235	1	8.52	8.52	0.4096	
236	1	8.54	8.54	0.3684	
237	1	8.52	8.52	0.3896	
238	1	8.51	8.51	0.3899	
239	1	8.61	8.61	0.4379	
240	1	8.61	8.61	0.4179	
241	1	8.69	8.69	0.4339	
242	1	8.64	8.64	0.4104	
243	1	8.5	8.5	0.41	
244	1	8.51	8.51	0.3899	
245	1	8.51	8.51	0.3699	
246	1	8.49	8.49	0.3699	
247	1	8.49	8.49	0.3499	
248	1	8.48	8.48	0.3496	
249	1	8.54	8.54	0.4884	
250	1	8.58	8.58	0.6036	
251	1	8.62	8.62	0.5956	
252	1	8.68	8.68	0.6576	
253	1	8.7	8.7	0.75	
254	1	8.61	8.61	0.6379	
255	1	8.6	8.6	0.64	
256	1	8.65	8.65	0.7475	
257	1	8.72	8.72	0.8016	
258	1	8.86	8.86	0.8004	
259	1	8.99	8.99	0.9499	
260	1	9.13	9.13	1.1131	
261	1	9.12	9.12	0.8856	
262	1	9.09	9.09	0.9019	
263	1	9.1	9.1	0.97	
264	1	9.13	9.13	1.0531	
265	1	9.06	9.06	0.9564	
266	1	9.1	9.1	0.89	
267	1	9.21	9.21	0.9859	
268	1	9.21	9.21	0.9859	
269	1	9.28	9.28	0.9816	
270	1	9.35	9.35	0.9475	
271	1	9.36	9.36	0.8704	
272	1	9.41	9.41	0.8019	
273	1	9.65	9.65	0.6075	
274	1	9.75	9.75	0.5275	
275	1	9.77	9.77	0.5771	
276	1	9.77	9.77	0.6171	
277	1	9.8	9.8	0.62	
278	1	9.75	9.75	0.5875	
279	1	9.76	9.76	0.6424	
280	1	9.71	9.71	0.8459	
281	1	9.72	9.72	0.8416	
282	1	9.66	9.66	0.8644	
283	1	9.72	9.72	0.8616	
284	1	9.71	9.71	0.9059	
285	1	9.77	9.77	0.8771	
286	1	9.78	9.78	0.8916	
287	1	9.92	9.92	0.8936	
288	1	10.02	10.02	1.0796	
289	1	10.1	10.1	0.87	
290	1	10	10	0.78	
291	1	10.09	10.09	0.6219	
292	1	10.14	10.14	0.7004	
293	1	10.13	10.13	0.7731	
294	1	10.3	10.3	0.77	
295	1	10.29	10.29	0.8059	
296	1	10.49	10.49	0.7299	
297	1	10.49	10.49	0.5299	
298	1	10.47	10.47	0.6291	
299	1	10.51	10.51	0.5099	
300	1	10.53	10.53	0.5691	
301	1	10.64	10.64	0.6104	
302	1	10.63	10.63	0.5131	
303	1	10.68	10.68	0.5376	
304	1	10.69	10.69	0.6139	
305	1	10.6	10.6	0.58	
306	1	10.58	10.58	0.5436	
307	1	10.68	10.68	0.6176	
308	1	10.54	10.54	0.5884	
309	1	10.49	10.49	0.6899	
310	1	10.41	10.41	0.6019	
311	1	10.4	10.4	0.6	
312	1	10.36	10.36	0.6104	
313	1	10.42	10.42	0.6036	
314	1	10.56	10.56	0.6664	
315	1	10.76	10.76	0.6224	
316	1	10.77	10.77	0.5571	
317	1	10.79	10.79	0.6659	
318	1	10.86	10.86	0.8004	
319	1	11	11	0.6	
320	1	11.08	11.08	0.6536	
321	1	11.15	11.15	0.7475	
322	1	11.15	11.15	0.7475	
323	1	11.21	11.21	0.6659	
324	1	11.26	11.26	0.6924	
325	1	11.33	11.33	0.7811	
326	1	11.29	11.29	0.6859	
327	1	11.34	11.34	0.6644	
328	1	11.36	11.36	0.4904	
329	1	11.39	11.39	0.4979	
330	1	11.49	11.49	0.6299	
331	1	11.64	11.64	0.7504	
332	1	11.72	11.72	0.7816	
333	1	11.82	11.82	0.8276	
334	1	11.74	11.74	0.8124	
335	1	11.83	11.83	0.8611	
336	1	11.97	11.97	0.8291	
337	1	12.03	12.03	0.7891	
338	1	12	12	0.84	
339	1	12.11	12.11	0.7979	
340	1	12.08	12.08	0.7936	
341	1	12.05	12.05	0.8075	
342	1	12.1	12.1	0.87	
343	1	12.23	12.23	0.8571	
344	1	12.2	12.2	0.82	
345	1	12.21	12.21	0.7859	
346	1	12.2	12.2	0.86	
347	1	12.28	12.28	0.8616	
348	1	12.31	12.31	1.0739	
349	1	12.24	12.24	1.2224	
350	1	12.17	12.17	1.0611	
351	1	12.41	12.41	1.2019	
352	1	12.43	12.43	1.2451	
353	1	12.52	12.52	1.1896	
354	1	12.42	12.42	1.1836	
355	1	12.54	12.54	1.1484	
356	1	12.56	12.56	1.2064	
357	1	12.62	12.62	1.1156	
358	1	12.71	12.71	0.9259	
359	1	12.72	12.72	0.9016	
360	1	12.75	12.75	0.8675	
361	1	12.83	12.83	0.7811	
362	1	12.89	12.89	0.8979	
363	1	12.82	12.82	0.9276	
364	1	12.92	12.92	0.8136	
365	1	12.85	12.85	0.7475	
366	1	12.89	12.89	0.9379	
367	1	12.75	12.75	1.1875	
368	1	12.68	12.68	1.1176	
369	1	12.72	12.72	1.0416	
370	1	12.72	12.72	1.0616	
371	1	12.66	12.66	1.3244	
372	1	12.75	12.75	1.4275	
373	1	12.78	12.78	1.2516	
374	1	12.75	12.75	1.2675	
375	1	12.88	12.88	1.2056	
376	1	12.9	12.9	1.23	
377	1	12.98	12.98	1.2196	
378	1	12.94	12.94	1.1564	
379	1	13.08	13.08	1.1536	
380	1	13.19	13.19	1.0339	
381	1	13.24	13.24	1.0824	
382	1	13.28	13.28	1.1016	
383	1	13.25	13.25	1.0675	
384	1	13.23	13.23	1.0571	
385	1	13.41	13.41	1.3019	
386	1	13.43	13.43	1.1651	
387	1	13.48	13.48	1.0696	
388	1	13.49	13.49	1.0699	
389	1	13.6	13.6	1.12	
390	1	13.61	13.61	1.3179	
391	1	13.7	13.7	1.47	
392	1	13.72	13.72	1.4616	
393	1	13.81	13.81	1.5939	
394	1	13.89	13.89	1.6179	
395	1	14.08	14.08	1.6136	
396	1	14.18	14.18	1.8476	
397	1	14.27	14.27	1.8371	
398	1	14.28	14.28	1.7416	
399	1	14.21	14.21	1.8259	
400	1	14.23	14.23	1.6171	
401	1	14.38	14.38	1.5756	
402	1	14.31	14.31	1.5539	
403	1	14.34	14.34	1.4244	
404	1	14.38	14.38	1.8756	
405	1	14.18	14.18	2.4276	
406	1	14.11	14.11	2.7779	
407	1	14.31	14.31	2.3139	
408	1	14.31	14.31	2.3339	
409	1	14.47	14.47	1.6691	
410	1	14.44	14.44	1.3464	
411	1	14.58	14.58	1.3436	
412	1	14.51	14.51	1.4299	
413	1	14.5	14.5	1.11	
414	1	14.51	14.51	1.6299	
415	1	14.64	14.64	2.0704	
416	1	14.81	14.81	1.7939	
417	1	14.83	14.83	1.3411	
418	1	14.94	14.94	1.0564	
419	1	14.96	14.96	0.8984	
420	1	15.04	15.04	0.6784	
421	1	15.14	15.14	0.6604	
422	1	15.04	15.04	0.6784	
423	1	14.98	14.98	0.6196	
424	1	14.99	14.99	0.6299	
425	1	15.04	15.04	0.6184	
426	1	15.02	15.02	0.6596	
427	1	14.95	14.95	0.6275	
428	1	14.92	14.92	0.6336	
429	1	14.84	14.84	0.6144	
430	1	14.9	14.9	0.69	
431	1	14.95	14.95	0.6275	
432	1	14.95	14.95	0.6675	
433	1	14.93	14.93	0.6451	
434	1	14.94	14.94	0.6364	
435	1	14.94	14.94	0.6964	
436	1	15.05	15.05	0.8075	
437	1	15.08	15.08	0.8136	
438	1	15.13	15.13	0.8331	
439	1	15.14	15.14	0.8804	
440	1	15.26	15.26	0.8524	
441	1	15.28	15.28	0.8016	
442	1	15.3	15.3	0.89	
443	1	15.25	15.25	0.8275	
444	1	15.39	15.39	0.7579	
445	1	15.4	15.4	0.72	
446	1	15.42	15.42	0.8036	
447	1	15.42	15.42	0.8436	
448	1	15.42	15.42	0.8036	
449	1	15.4	15.4	0.78	
450	1	15.46	15.46	0.7684	
451	1	15.43	15.43	0.8251	
452	1	15.61	15.61	0.8579	
453	1	15.63	15.63	0.7131	
454	1	15.78	15.78	0.7716	
455	1	15.74	15.74	0.9724	
456	1	15.7	15.7	0.97	
457	1	15.65	15.65	1.0875	
458	1	15.62	15.62	1.3356	
459	1	15.61	15.61	1.3179	
460	1	15.76	15.76	1.5024	
461	1	15.71	15.71	1.4659	
462	1	15.91	15.91	1.2219	
463	1	15.98	15.98	1.1996	
464	1	15.99	15.99	1.1699	
465	1	16.15	16.15	1.3275	
466	1	16.12	16.12	1.1256	
467	1	16.16	16.16	1.2344	
468	1	16.31	16.31	1.0739	
469	1	16.37	16.37	1.0131	
470	1	16.34	16.34	0.8244	
471	1	16.51	16.51	0.6899	
472	1	16.59	16.59	0.7019	
473	1	16.7	16.7	0.63	
474	1	16.79	16.79	0.6259	
475	1	16.78	16.78	0.7116	
476	1	16.79	16.79	0.6459	
477	1	16.8	16.8	0.68	
478	1	16.8	16.8	0.64	
479	1	16.81	16.81	0.5139	
480	1	16.66	16.66	0.5444	
481	1	16.66	16.66	0.5044	
482	1	16.71	16.71	0.5859	
483	1	16.73	16.73	0.6771	
484	1	16.76	16.76	0.8224	
485	1	16.79	16.79	0.7459	
486	1	16.78	16.78	0.7516	
487	1	16.89	16.89	0.6979	
488	1	16.87	16.87	0.6531	
489	1	16.92	16.92	0.6136	
490	1	16.88	16.88	0.6256	
491	1	16.88	16.88	0.6856	
492	1	16.91	16.91	0.7219	
493	1	16.96	16.96	0.9184	
494	1	16.98	16.98	0.9196	
495	1	17.02	17.02	0.9196	
496	1	17.19	17.19	1.0339	
497	1	17.21	17.21	1.1259	
498	1	17.28	17.28	1.2216	
499	1	17.24	17.24	1.1624	
500	1	17.31	17.31	1.2939	
501	1	17.32	17.32	1.4376	
502	1	17.36	17.36	1.7904	
503	1	17.45	17.45	1.9875	
504	1	17.52	17.52	2.2896	
505	1	17.57	17.57	2.4851	
506	1	17.67	17.67	2.8811	
507	1	17.7	17.7	2.77	
508	1	17.63	17.63	2.5131	
509	1	17.78	17.78	2.5516	
510	1	17.73	17.73	2.3771	
511	1	17.85	17.85	2.4275	
512	1	17.94	17.94	3.2164	
513	1	18.05	18.05	3.2275	
514	1	18.11	18.11	3.3979	
515	1	18.23	18.23	3.1971	
516	1	18.65	18.65	3.0675	
517	1	18.72	18.72	3.0616	
518	1	19.06	19.06	2.9964	
519	1	19.16	19.16	2.9944	
520	1	19.15	19.15	2.8875	
521	1	19.1	19.1	3.07	
522	1	19.06	19.06	3.3164	
523	1	19.52	19.52	2.7896	
524	1	19.67	19.67	3.1211	
525	1	19.92	19.92	3.0136	
526	1	20.03	20.03	2.8691	
527	1	20.27	20.27	2.5171	
528	1	20.33	20.33	2.2611	
529	1	20.43	20.43	2.9051	
530	1	20.48	20.48	2.6696	
531	1	20.52	20.52	2.8696	
532	1	20.54	20.54	2.8084	
533	1	20.49	20.49	2.4899	
534	1	20.42	20.42	2.5036	
535	1	20.51	20.51	2.3499	
536	1	20.63	20.63	2.1731	
537	1	20.71	20.71	1.9259	
538	1	20.82	20.82	2.0676	
539	1	20.8	20.8	1.9	
540	1	20.89	20.89	1.8179	
541	1	20.95	20.95	1.9875	
542	1	20.95	20.95	1.8475	
543	1	20.91	20.91	1.5619	
544	1	20.85	20.85	1.6875	
545	1	20.92	20.92	0.9336	
546	1	20.98	20.98	0.9396	
547	1	21.03	21.03	0.6291	
548	1	20.95	20.95	0.6275	
549	1	21.02	21.02	0.5596	
550	1	21.1	21.1	0.71	
551	1	21.15	21.15	0.6275	
552	1	21.22	21.22	0.6116	
553	1	21.28	21.28	0.6816	
554	1	21.29	21.29	0.7059	
555	1	21.26	21.26	0.7124	
556	1	21.26	21.26	0.7724	
557	1	21.39	21.39	0.9179	
558	1	21.46	21.46	0.9684	
559	1	21.64	21.64	0.9304	
560	1	21.43	21.43	1.0451	
561	1	21.52	21.52	1.0496	
562	1	21.47	21.47	1.0491	
563	1	21.45	21.45	0.9275	
564	1	21.53	21.53	1.0491	
565	1	21.51	21.51	1.0899	
566	1	21.59	21.59	0.9819	
567	1	21.6	21.6	1	
568	1	21.82	21.82	1.0076	
569	1	21.68	21.68	0.9376	
570	1	21.77	21.77	0.9371	
571	1	21.82	21.82	1.0276	
572	1	21.8	21.8	0.92	
573	1	22.03	22.03	1.1291	
574	1	22.09	22.09	1.2019	
575	1	22.09	22.09	1.1019	
576	1	22.29	22.29	1.0459	
577	1	22.32	22.32	1.1176	
578	1	22.27	22.27	1.1571	
579	1	22.1	22.1	0.87	
580	1	22.14	22.14	1.0404	
581	1	22.23	22.23	1.0771	
582	1	22.24	22.24	1.1424	
583	1	22.33	22.33	1.2411	
584	1	22.35	22.35	1.2675	
585	1	22.46	22.46	1.3884	
586	1	22.41	22.41	1.2819	
587	1	22.5	22.5	1.43	
588	1	22.46	22.46	1.3484	
589	1	22.34	22.34	1.2244	
590	1	22.32	22.32	1.1576	
591	1	22.26	22.26	1.1324	
592	1	22.27	22.27	1.0771	
593	1	22.23	22.23	1.0771	
594	1	22.35	22.35	1.2275	
595	1	22.21	22.21	1.1659	
596	1	22.25	22.25	1.2275	
597	1	22.22	22.22	1.1716	
598	1	22.27	22.27	1.1971	
599	1	22.31	22.31	1.2339	
600	1	22.26	22.26	1.1724	
601	1	22.32	22.32	1.2576	
602	1	22.38	22.38	1.2156	
603	1	22.43	22.43	1.3051	
604	1	22.46	22.46	1.3884	
605	1	22.46	22.46	1.4684	
606	1	22.49	22.49	1.5099	
607	1	22.52	22.52	1.5096	
608	1	22.66	22.66	1.5644	
609	1	22.69	22.69	1.6539	
610	1	22.76	22.76	1.6224	
611	1	22.83	22.83	1.5611	
612	1	23.06	23.06	1.5364	
613	1	23.06	23.06	1.5364	
614	1	23.07	23.07	1.5051	
615	1	23.04	23.04	1.6384	
616	1	23.05	23.05	1.6675	
617	1	23.08	23.08	1.6736	
618	1	23.04	23.04	1.7184	
619	1	23.11	23.11	1.8579	
620	1	23.24	23.24	1.8624	
621	1	23.08	23.08	1.8936	
622	1	23.08	23.08	2.0736	
623	1	23.06	23.06	2.1364	
624	1	23.09	23.09	2.1619	
625	1	23.13	23.13	2.3331	
626	1	23.28	23.28	2.3816	
627	1	23.2	23.2	2.36	
628	1	23.33	23.33	2.2211	
629	1	23.31	23.31	2.2939	
630	1	23.44	23.44	1.9864	
631	1	23.66	23.66	1.6244	
632	1	23.83	23.83	1.2811	
633	1	23.99	23.99	1.0099	
634	1	24.04	24.04	1.2384	
635	1	24.03	24.03	1.2091	
636	1	24.1	24.1	1.31	
637	1	24.04	24.04	1.2784	
638	1	24.11	24.11	1.2379	
639	1	24.16	24.16	1.2744	
640	1	24.18	24.18	1.4476	
641	1	24.26	24.26	0.9724	
642	1	24.2	24.2	0.9	
643	1	24.41	24.41	0.7819	
644	1	24.43	24.43	0.7251	
645	1	24.47	24.47	0.6891	
646	1	24.56	24.56	0.6664	
647	1	24.55	24.55	0.5875	
648	1	24.61	24.61	0.5979	
649	1	24.62	24.62	0.6556	
650	1	24.66	24.66	0.6444	
651	1	24.73	24.73	0.7571	
652	1	24.73	24.73	0.8171	
653	1	24.78	24.78	0.8916	
654	1	24.73	24.73	0.7971	
655	1	24.75	24.75	0.7275	
656	1	24.78	24.78	0.7316	
657	1	24.76	24.76	0.7024	
658	1	24.72	24.72	0.6816	
659	1	24.72	24.72	0.7016	
660	1	24.67	24.67	0.7411	
661	1	24.65	24.65	0.7275	
662	1	24.67	24.67	0.7811	
663	1	24.7	24.7	0.81	
664	1	24.7	24.7	0.83	
665	1	24.66	24.66	0.8444	
666	1	24.71	24.71	0.8459	
667	1	24.8	24.8	0.94	
668	1	24.92	24.92	0.9736	
669	1	25.06	25.06	1.0764	
670	1	24.93	24.93	0.9451	
671	1	25.03	25.03	1.0491	
672	1	25.07	25.07	1.1251	
673	1	25.2	25.2	1.08	
674	1	25.26	25.26	1.0524	
675	1	25.32	25.32	1.2776	
676	1	25.41	25.41	1.4019	
677	1	25.36	25.36	1.5704	
678	1	25.4	25.4	1.7	
679	1	25.38	25.38	1.6356	
680	1	25.54	25.54	1.5684	
681	1	25.49	25.49	1.5099	
682	1	25.56	25.56	1.4264	
683	1	25.58	25.58	1.3436	
684	1	25.54	25.54	1.3884	
685	1	25.6	25.6	1.68	
686	1	25.4	25.4	1.44	
687	1	25.55	25.55	1.6875	
688	1	25.56	25.56	1.8664	
689	1	25.52	25.52	1.8496	
690	1	25.58	25.58	2.0436	
691	1	25.94	25.94	2.1164	
692	1	25.99	25.99	2.1499	
693	1	25.99	25.99	2.0899	
694	1	25.96	25.96	2.0184	
695	1	25.97	25.97	1.8491	
696	1	26.04	26.04	1.7384	
697	1	26.01	26.01	1.6499	
698	1	26.14	26.14	1.4804	
699	1	26.14	26.14	1.5004	
700	1	26.15	26.15	1.8475	
701	1	26.22	26.22	1.4916	
702	1	26.27	26.27	1.5971	
703	1	26.34	26.34	1.8444	
704	1	26.3	26.3	1.75	
705	1	26.34	26.34	1.3244	
706	1	26.28	26.28	1.1616	
707	1	26.51	26.51	1.4299	
708	1	26.58	26.58	1.3436	
709	1	26.98	26.98	2.2596	
710	1	27.26	27.26	2.3924	
711	1	27.48	27.48	2.5296	
712	1	27.7	27.7	2.69	
713	1	27.77	27.77	2.7571	
714	1	27.86	27.86	3.0404	
715	1	27.91	27.91	2.9419	
716	1	27.98	27.98	2.9596	
717	1	27.99	27.99	3.1499	
718	1	28.02	28.02	3.1796	
719	1	28.01	28.01	3.5099	
720	1	28.23	28.23	3.7771	
721	1	28.26	28.26	3.5124	
722	1	28.3	28.3	3.37	
723	1	28.24	28.24	3.3024	
724	1	28.31	28.31	3.6539	
725	1	28.33	28.33	3.7011	
726	1	28.56	28.56	3.6864	
727	1	28.29	28.29	3.7259	
728	1	28.45	28.45	3.7275	
729	1	28.74	28.74	3.2924	
730	1	28.86	28.86	3.2404	
731	1	28.9	28.9	2.71	
732	1	29.04	29.04	2.4184	
733	1	28.99	28.99	2.3899	
734	1	29.02	29.02	2.3196	
735	1	28.97	28.97	2.3491	
736	1	29.11	29.11	2.0579	
737	1	29.06	29.06	2.4364	
738	1	29.16	29.16	2.3144	
739	1	29.36	29.36	1.8904	
740	1	29.38	29.38	2.0356	
741	1	29.4	29.4	2.08	
742	1	29.5	29.5	1.69	
743	1	29.54	29.54	1.4884	
744	1	29.75	29.75	0.9475	
745	1	29.85	29.85	0.7875	
746	1	29.94	29.94	0.6564	
747	1	30.04	30.04	0.3984	
748	1	30.09	30.09	0.3219	
749	1	30.16	30.16	0.1344	
750	1	30.27	30.27	0.1971	
751	1	30.32	30.32	0.2576	
752	1	30.43	30.43	0.3651	
753	1	30.47	30.47	0.4891	
754	1	30.46	30.46	0.4884	
755	1	30.59	30.59	0.5619	
756	1	30.5	30.5	0.53	
757	1	30.46	30.46	0.4684	
758	1	30.35	30.35	0.3475	
759	1	30.3	30.3	0.29	
760	1	30.26	30.26	0.2324	
761	1	30.31	30.31	0.2739	
762	1	30.26	30.26	0.2324	
763	1	30.22	30.22	0.1716	
764	1	30.15	30.15	0.1275	
765	1	30.14	30.14	0.1204	
766	1	30.16	30.16	0.1344	
767	1	30.17	30.17	0.1811	
768	1	30.24	30.24	0.2224	
769	1	30.28	30.28	0.3416	
770	1	30.21	30.21	0.2259	
771	1	30.21	30.21	0.2059	
772	1	30.16	30.16	0.1544	
773	1	30.08	30.08	0.0736	
774	1	30.13	30.13	0.1131	
775	1	30.14	30.14	0.1204	
776	1	30.18	30.18	0.1476	
777	1	30.2	30.2	0.2	
778	1	30.21	30.21	0.2059	
779	1	30.19	30.19	0.2139	
780	1	30.27	30.27	0.2971	
781	1	30.37	30.37	0.3331	
782	1	30.4	30.4	0.38	
783	1	30.42	30.42	0.4036	
784	1	30.55	30.55	0.5275	
785	1	30.61	30.61	0.6379	
786	1	30.76	30.76	0.7424	
787	1	30.79	30.79	0.6459	
788	1	30.78	30.78	0.7716	
789	1	30.75	30.75	0.7475	
790	1	30.8	30.8	0.66	
791	1	30.85	30.85	0.6675	
792	1	30.8	30.8	0.64	
793	1	30.75	30.75	0.7075	
794	1	30.8	30.8	0.74	
795	1	30.78	30.78	0.7316	
796	1	30.74	30.74	0.5924	
797	1	30.86	30.86	0.6804	
798	1	30.87	30.87	0.7131	
799	1	30.87	30.87	0.7131	
800	1	30.87	30.87	0.7531	
801	1	30.92	30.92	0.7536	
802	1	30.99	30.99	0.7699	
803	1	31.05	31.05	0.7275	
804	1	31.1	31.1	0.81	
805	1	31.3	31.3	0.91	
806	1	31.38	31.38	0.9356	
807	1	31.36	31.36	0.8704	
808	1	31.33	31.33	0.9011	
809	1	31.35	31.35	0.8875	
810	1	31.52	31.52	0.7696	
811	1	31.5	31.5	0.77	
812	1	31.57	31.57	0.7251	
813	1	31.62	31.62	0.6956	
814	1	31.7	31.7	0.67	
815	1	31.85	31.85	0.6675	
816	1	31.97	31.97	0.7691	
817	1	32.02	32.02	0.7796	
818	1	32.15	32.15	0.7875	
819	1	32.2	32.2	0.82	
820	1	32.1	32.1	1.07	
821	1	32.17	32.17	0.9811	
822	1	32.15	32.15	1.0675	
823	1	32.21	32.21	1.1859	
824	1	32.16	32.16	1.1544	
825	1	32.21	32.21	1.2259	
826	1	32.17	32.17	1.2211	
827	1	32.12	32.12	1.3456	
828	1	32.07	32.07	1.4051	
829	1	32.18	32.18	1.5476	
830	1	32.19	32.19	1.4139	
831	1	32.14	32.14	1.4604	
832	1	32.15	32.15	1.3275	
833	1	32.23	32.23	1.2571	
834	1	32.38	32.38	1.3956	
835	1	32.43	32.43	1.3851	
836	1	32.51	32.51	1.1499	
837	1	32.74	32.74	1.2324	
838	1	32.71	32.71	1.1459	
839	1	32.67	32.67	1.1611	
840	1	32.71	32.71	1.2459	
841	1	32.88	32.88	1.5056	
842	1	32.86	32.86	1.5404	
843	1	33.01	33.01	1.4699	
844	1	33.17	33.17	1.4811	
845	1	33.31	33.31	1.5739	
846	1	33.32	33.32	1.5776	
847	1	33.35	33.35	1.6075	
848	1	33.42	33.42	1.6236	
849	1	33.5	33.5	1.43	
850	1	33.64	33.64	1.3104	
851	1	33.6	33.6	1.44	
852	1	33.76	33.76	1.3024	
853	1	33.75	33.75	1.3275	
854	1	33.85	33.85	1.1875	
855	1	33.96	33.96	1.1184	
856	1	33.96	33.96	1.0984	
857	1	33.99	33.99	1.1099	
858	1	34.16	34.16	0.8944	
859	1	34.12	34.12	0.9056	
860	1	34.19	34.19	0.8139	
861	1	34.21	34.21	0.7259	
862	1	34.19	34.19	0.9139	
863	1	34.19	34.19	1.0539	
864	1	34.22	34.22	1.1116	
865	1	34.23	34.23	1.0371	
866	1	34.36	34.36	1.1304	
867	1	34.38	34.38	1.1956	
868	1	34.45	34.45	1.1675	
869	1	34.39	34.39	1.1179	
870	1	34.58	34.58	0.9436	
871	1	34.67	34.67	0.9011	
872	1	34.57	34.57	0.9251	
873	1	34.61	34.61	0.8979	
874	1	34.64	34.64	0.9104	
875	1	34.78	34.78	0.9516	
876	1	34.8	34.8	1.12	
877	1	34.76	34.76	1.1224	
878	1	34.77	34.77	0.9971	
879	1	34.96	34.96	1.1384	
880	1	35.07	35.07	1.1251	
881	1	35.22	35.22	1.2116	
882	1	35.19	35.19	1.2939	
883	1	35.37	35.37	1.1131	
884	1	35.27	35.27	0.9971	
885	1	35.47	35.47	1.1291	
886	1	35.39	35.39	1.0579	
887	1	35.73	35.73	1.5571	
888	1	35.64	35.64	1.1904	
889	1	35.6	35.6	1.02	
890	1	35.82	35.82	1.1476	
891	1	35.98	35.98	1.3596	
892	1	36.22	36.22	1.5116	
893	1	36.53	36.53	2.0891	
894	1	36.46	36.46	2.1284	
895	1	36.82	36.82	2.2076	
896	1	36.85	36.85	2.0675	
897	1	36.95	36.95	2.0075	
898	1	36.96	36.96	2.1384	
899	1	37.07	37.07	2.0251	
900	1	37.2	37.2	2.04	
901	1	37.39	37.39	2.0979	
902	1	37.42	37.42	2.1236	
903	1	37.68	37.68	2.0376	
904	1	37.55	37.55	2.0875	
905	1	37.57	37.57	2.1051	
906	1	37.43	37.43	2.0851	
907	1	37.45	37.45	2.1075	
908	1	37.45	37.45	2.0475	
909	1	37.52	37.52	2.1496	
910	1	37.71	37.71	2.3059	
911	1	37.65	37.65	2.4075	
912	1	37.53	37.53	2.3691	
913	1	37.66	37.66	2.6244	
914	1	37.85	37.85	2.5475	
915	1	37.82	37.82	2.4276	
916	1	38	38	2.5	
917	1	37.94	37.94	2.5764	
918	1	37.81	37.81	2.6339	
919	1	37.8	37.8	2.66	
920	1	37.74	37.74	2.2524	
921	1	37.62	37.62	2.2956	
922	1	37.85	37.85	2.7275	
923	1	38.05	38.05	2.8875	
924	1	38.23	38.23	2.9571	
925	1	38.41	38.41	3.3019	
926	1	38.28	38.28	3.4016	
927	1	38.44	38.44	3.6064	
928	1	38.72	38.72	4.0416	
929	1	39.11	39.11	3.9979	
930	1	39.38	39.38	3.8756	
931	1	39.84	39.84	3.4344	
932	1	39.87	39.87	3.1331	
933	1	40.01	40.01	3.2499	
934	1	40.29	40.29	2.8459	
935	1	40.23	40.23	2.6171	
936	1	40.21	40.21	2.4659	
937	1	40.29	40.29	2.8459	
938	1	40.57	40.57	2.8051	
939	1	40.67	40.67	2.9411	
940	1	40.78	40.78	3.0116	
941	1	40.79	40.79	2.8059	
942	1	40.89	40.89	3.0379	
943	1	40.75	40.75	2.9875	
944	1	40.8	40.8	2.9	
945	1	40.94	40.94	3.3364	
946	1	41.28	41.28	2.7616	
947	1	41.32	41.32	2.7976	
948	1	41.42	41.42	2.6036	
949	1	41.28	41.28	3.1016	
950	1	41.34	41.34	2.6244	
951	1	41.39	41.39	2.3379	
952	1	41.5	41.5	2.65	
953	1	41.57	41.57	2.6251	
954	1	41.61	41.61	2.6979	
955	1	41.65	41.65	2.6875	
956	1	41.63	41.63	2.7131	
957	1	41.76	41.76	2.5024	
958	1	41.95	41.95	1.9675	
959	1	42.15	42.15	1.5075	
960	1	42.21	42.21	1.2259	
961	1	42.28	42.28	1.3416	
962	1	42.35	42.35	1.2475	
963	1	42.42	42.42	1.1636	
964	1	42.55	42.55	1.0675	
965	1	42.64	42.64	0.7304	
966	1	42.63	42.63	0.7331	
967	1	42.61	42.61	0.7779	
968	1	42.72	42.72	0.6616	
969	1	42.81	42.81	0.7739	
970	1	42.81	42.81	0.6939	
971	1	42.85	42.85	0.6475	
972	1	42.84	42.84	0.7344	
973	1	42.85	42.85	0.8275	
974	1	42.79	42.79	1.1059	
975	1	42.85	42.85	1.0075	
976	1	42.95	42.95	0.9275	
977	1	42.98	42.98	0.8196	
978	1	43.01	43.01	0.7699	
979	1	42.97	42.97	0.7691	
980	1	42.96	42.96	0.8184	
981	1	43.09	43.09	0.9819	
982	1	43.04	43.04	0.9184	
983	1	43.04	43.04	0.9584	
984	1	43.16	43.16	1.0144	
985	1	43.33	43.33	0.9211	
986	1	43.34	43.34	0.8444	
987	1	43.26	43.26	0.7524	
988	1	43.3	43.3	0.65	
989	1	43.4	43.4	0.62	
990	1	43.46	43.46	0.6684	
991	1	43.71	43.71	0.8459	
992	1	43.74	43.74	0.8524	
993	1	43.88	43.88	0.9256	
994	1	43.88	43.88	0.9856	
995	1	44.11	44.11	1.1179	
996	1	44.27	44.27	1.0171	
997	1	44.2	44.2	0.88	
998	1	44.23	44.23	0.8171	
999	1	44.25	44.25	0.7875	
1000	1	44.25	44.25	0.7875	
1001	1	44.26	44.26	0.7924	
1002	1	44.22	44.22	0.8716	
1003	1	44.33	44.33	0.7811	
1004	1	44.39	44.39	0.5979	
1005	1	44.41	44.41	0.5819	
1006	1	44.4	44.4	0.7	
1007	1	44.46	44.46	0.7484	
1008	1	44.4	44.4	0.72	
1009	1	44.47	44.47	0.6291	
1010	1	44.47	44.47	0.6691	
1011	1	44.43	44.43	0.7451	
1012	1	44.46	44.46	0.7284	
1013	1	44.54	44.54	0.8084	
1014	1	44.56	44.56	0.8464	
1015	1	44.62	44.62	0.8556	
1016	1	44.51	44.51	0.8699	
1017	1	44.57	44.57	0.8851	
1018	1	44.59	44.59	0.8619	
1019	1	44.55	44.55	1.0075	
1020	1	44.71	44.71	1.0859	
1021	1	44.69	44.69	1.2139	
1022	1	44.83	44.83	1.0211	
1023	1	44.89	44.89	1.0379	
1024	1	44.92	44.92	1.0536	
1025	1	44.81	44.81	1.0139	
1026	1	44.8	44.8	1.12	
1027	1	44.83	44.83	1.2811	
1028	1	44.83	44.83	1.1811	
1029	1	44.91	44.91	1.1019	
1030	1	44.96	44.96	0.7584	
1031	1	44.88	44.88	0.9256	
1032	1	44.87	44.87	0.9131	
1033	1	45.04	45.04	0.8784	
1034	1	44.99	44.99	1.0299	
1035	1	45.07	45.07	0.9251	
1036	1	45.09	45.09	0.9019	
1037	1	45.06	45.06	0.7764	
1038	1	45.14	45.14	0.7404	
1039	1	45.26	45.26	0.6724	
1040	1	45.21	45.21	0.6059	
1041	1	45.24	45.24	0.6224	
1042	1	45.29	45.29	0.5859	
1043	1	45.34	45.34	0.5244	
1044	1	45.3	45.3	0.67	
1045	1	45.23	45.23	0.7371	
1046	1	45.3	45.3	0.87	
1047	1	45.5	45.5	0.77	
1048	1	45.43	45.43	0.8251	
1049	1	45.49	45.49	0.8899	
1050	1	45.49	45.49	0.9099	
1051	1	45.48	45.48	0.9696	
1052	1	45.57	45.57	0.9851	
1053	1	45.59	45.59	1.0019	
1054	1	45.52	45.52	1.1696	
1055	1	45.48	45.48	1.2496	
1056	1	45.55	45.55	1.2275	
1057	1	45.54	45.54	1.2884	
1058	1	45.59	45.59	1.3019	
1059	1	45.61	45.61	1.3779	
1060	1	45.71	45.71	1.2459	
1061	1	45.7	45.7	1.25	
1062	1	45.72	45.72	1.1416	
1063	1	45.74	45.74	0.9724	
1064	1	45.85	45.85	0.8875	
1065	1	45.88	45.88	0.8656	
1066	1	45.91	45.91	1.1419	
1067	1	45.91	45.91	1.1819	
1068	1	45.95	45.95	1.2675	
1069	1	46.11	46.11	1.1179	
1070	1	46.16	46.16	1.1344	
1071	1	46.25	46.25	0.9675	
1072	1	46.29	46.29	0.9459	
1073	1	46.27	46.27	1.0571	
1074	1	46.34	46.34	1.0644	
1075	1	46.29	46.29	1.1659	
1076	1	46.41	46.41	1.1219	
1077	1	46.37	46.37	1.1931	
1078	1	46.32	46.32	1.1176	
1079	1	46.31	46.31	1.1739	
1080	1	46.38	46.38	1.4756	
1081	1	46.3	46.3	1.47	
1082	1	46.22	46.22	1.5316	
1083	1	46.12	46.12	1.4856	
1084	1	46.36	46.36	1.3304	
1085	1	46.36	46.36	1.5104	
1086	1	46.28	46.28	1.5416	
1087	1	46.15	46.15	1.5475	
1088	1	46.23	46.23	1.4371	
1089	1	46.12	46.12	1.4256	
1090	1	46.1	46.1	1.41	
1091	1	46.14	46.14	1.3404	
1092	1	46.17	46.17	1.5211	
1093	1	46.21	46.21	1.5859	
1094	1	46.38	46.38	1.6956	
1095	1	46.55	46.55	1.8275	
1096	1	46.69	46.69	1.8339	
1097	1	46.62	46.62	2.0156	
1098	1	46.57	46.57	1.9851	
1099	1	46.61	46.61	1.6979	
1100	1	46.63	46.63	1.6931	
1101	1	46.67	46.67	1.9411	
1102	1	46.67	46.67	1.9211	
1103	1	46.87	46.87	1.9731	
1104	1	47.04	47.04	1.8384	
1105	1	47.04	47.04	2.0184	
1106	1	47.23	47.23	2.2171	
1107	1	47.2	47.2	2.18	
1108	1	47.27	47.27	2.1771	
1109	1	47.33	47.33	2.4611	
1110	1	47.35	47.35	2.7875	
1111	1	47.4	47.4	2.72	
1112	1	47.41	47.41	2.7819	
1113	1	47.36	47.36	2.6904	
1114	1	47.41	47.41	2.5819	
1115	1	47.4	47.4	2.88	
1116	1	47.43	47.43	2.4051	
1117	1	47.47	47.47	2.5491	
1118	1	47.51	47.51	2.6499	
1119	1	47.5	47.5	2.59	
1120	1	47.58	47.58	2.4836	
1121	1	47.49	47.49	2.1899	
1122	1	47.71	47.71	2.6659	
1123	1	47.86	47.86	2.7204	
1124	1	48.07	48.07	2.8051	
1125	1	48.13	48.13	2.9131	
1126	1	48.17	48.17	2.9811	
1127	1	48.25	48.25	3.1475	
1128	1	48.26	48.26	3.2724	
1129	1	48.26	48.26	3.0924	
1130	1	48.35	48.35	2.9875	
1131	1	48.33	48.33	2.8211	
1132	1	48.48	48.48	2.7696	
1133	1	48.7	48.7	2.41	
1134	1	48.68	48.68	2.7576	
1135	1	48.52	48.52	3.6896	
1136	1	48.55	48.55	3.7275	
1137	1	48.76	48.76	3.5624	
1138	1	48.9	48.9	3.27	
1139	1	49.02	49.02	2.8196	
1140	1	49.12	49.12	2.2456	
1141	1	49.1	49.1	2.49	
1142	1	49.18	49.18	2.5276	
1143	1	49.27	49.27	2.5971	
1144	1	49.27	49.27	2.5571	
1145	1	49.32	49.32	2.5576	
1146	1	49.55	49.55	2.3275	
1147	1	49.43	49.43	2.3651	
1148	1	49.61	49.61	2.4379	
1149	1	49.73	49.73	2.0971	
1150	1	49.79	49.79	2.2259	
1151	1	49.89	49.89	2.1779	
1152	1	49.96	49.96	1.9184	
1153	1	49.88	49.88	2.2456	
1154	1	49.9	49.9	2.13	
1155	1	50.06	50.06	1.6764	
1156	1	50.21	50.21	1.5459	
1157	1	50.31	50.31	1.2139	
1158	1	50.38	50.38	1.0756	
1159	1	50.43	50.43	0.8251	
1160	1	50.45	50.45	0.6875	
1161	1	50.46	50.46	0.6684	
1162	1	50.52	50.52	0.5496	
1163	1	50.54	50.54	0.7684	
1164	1	50.62	50.62	0.6756	
1165	1	50.62	50.62	0.5956	
1166	1	50.74	50.74	0.6524	
1167	1	50.65	50.65	0.5475	
1168	1	50.84	50.84	0.5344	
1169	1	51.08	51.08	0.4136	
1170	1	51.21	51.21	0.4059	
1171	1	51.31	51.31	0.4539	
1172	1	51.39	51.39	0.3779	
1173	1	51.45	51.45	0.4475	
1174	1	51.41	51.41	0.5219	
1175	1	51.48	51.48	0.5096	
1176	1	51.5	51.5	0.55	
1177	1	51.38	51.38	0.4356	
1178	1	51.33	51.33	0.4011	
1179	1	51.26	51.26	0.3524	
1180	1	51.27	51.27	0.3371	
1181	1	51.26	51.26	0.3924	
1182	1	51.2	51.2	0.4	
1183	1	51.26	51.26	0.4124	
1184	1	51.21	51.21	0.4059	
1185	1	51.23	51.23	0.3971	
1186	1	51.18	51.18	0.3876	
1187	1	51.17	51.17	0.4011	
1188	1	51.19	51.19	0.4139	
1189	1	51.25	51.25	0.3675	
1190	1	51.27	51.27	0.4571	
1191	1	51.26	51.26	0.3924	
1192	1	51.37	51.37	0.6531	
1193	1	51.73	51.73	1.1971	
1194	1	51.75	51.75	1.2075	
1195	1	51.72	51.72	1.1016	
1196	1	51.87	51.87	1.3731	
1197	1	51.94	51.94	1.3764	
1198	1	52.08	52.08	1.5536	
1199	1	52.2	52.2	1.74	
1200	1	52.28	52.28	1.8016	
1201	1	52.18	52.18	1.7076	
1202	1	52.2	52.2	1.74	
1203	1	52.27	52.27	1.6971	
1204	1	52.33	52.33	1.7811	
1205	1	52.26	52.26	1.6524	
1206	1	52.29	52.29	1.6659	
1207	1	52.39	52.39	1.6779	
1208	1	52.39	52.39	1.6779	
1209	1	52.42	52.42	1.7436	
1210	1	52.46	52.46	1.6084	
1211	1	52.53	52.53	1.5891	
1212	1	52.53	52.53	1.6691	
1213	1	52.78	52.78	1.7916	
1214	1	53.02	53.02	1.8796	
1215	1	53.05	53.05	1.7475	
1216	1	53.27	53.27	1.6571	
1217	1	53.36	53.36	1.6904	
1218	1	53.47	53.47	1.7691	
1219	1	53.56	53.56	1.7864	
1220	1	53.55	53.55	1.8075	
1221	1	53.47	53.47	1.8891	
1222	1	53.45	53.45	1.7275	
1223	1	53.41	53.41	1.7019	
1224	1	53.41	53.41	1.8819	
1225	1	53.51	53.51	1.9899	
1226	1	53.59	53.59	2.1219	
1227	1	53.72	53.72	2.3816	
1228	1	53.86	53.86	2.3004	
1229	1	53.74	53.74	2.6124	
1230	1	53.94	53.94	2.5164	
1231	1	53.85	53.85	2.3475	
1232	1	53.76	53.76	2.3224	
1233	1	53.8	53.8	2.1	
1234	1	53.89	53.89	2.1579	
1235	1	53.9	53.9	2.13	
1236	1	53.96	53.96	2.3384	
1237	1	54.02	54.02	2.2396	
1238	1	53.91	53.91	2.0819	
1239	1	54.02	54.02	2.0196	
1240	1	54.11	54.11	2.3179	
1241	1	54.07	54.07	2.5451	
1242	1	54	54	2.46	
1243	1	54.17	54.17	2.6011	
1244	1	54.19	54.19	2.5539	
1245	1	54.24	54.24	2.5424	
1246	1	54.32	54.32	2.3576	
1247	1	54.54	54.54	2.1884	
1248	1	54.66	54.66	1.9244	
1249	1	54.66	54.66	2.2644	
1250	1	54.75	54.75	2.1075	
1251	1	54.61	54.61	2.5379	
1252	1	54.6	54.6	2.52	
1253	1	54.82	54.82	1.9476	
1254	1	54.7	54.7	2.53	
1255	1	54.76	54.76	2.7224	
1256	1	54.82	54.82	2.5476	
1257	1	54.91	54.91	2.7619	
1258	1	55.08	55.08	2.4736	
1259	1	55.26	55.26	2.3324	
1260	1	55.43	55.43	2.1651	
1261	1	55.57	55.57	2.0851	
1262	1	55.82	55.82	1.8876	
1263	1	55.82	55.82	2.0276	
1264	1	55.93	55.93	2.1851	
1265	1	56.21	56.21	2.2859	
1266	1	56.2	56.2	2.34	
1267	1	56.43	56.43	1.9851	
1268	1	56.5	56.5	1.59	
1269	1	56.47	56.47	1.6291	
1270	1	56.41	56.41	1.7819	
1271	1	56.58	56.58	1.7836	
1272	1	56.75	56.75	1.6275	
1273	1	56.76	56.76	1.5624	
1274	1	56.69	56.69	1.4339	
1275	1	56.63	56.63	1.4531	
1276	1	56.57	56.57	1.2651	
1277	1	56.65	56.65	1.1075	
1278	1	56.7	56.7	1.13	
1279	1	56.62	56.62	1.0756	
1280	1	56.69	56.69	1.0339	
1281	1	56.67	56.67	1.0611	
1282	1	56.67	56.67	1.0811	
1283	1	56.68	56.68	1.1576	
1284	1	56.6	56.6	1.1	
1285	1	56.67	56.67	1.1811	
1286	1	56.58	56.58	1.1436	
1287	1	56.6	56.6	1.2	
1288	1	56.57	56.57	1.2651	
1289	1	56.59	56.59	1.3219	
1290	1	56.53	56.53	1.2091	
1291	1	56.59	56.59	1.2219	
1292	1	56.55	56.55	1.2075	
1293	1	56.63	56.63	1.2331	
1294	1	56.59	56.59	1.1819	
1295	1	56.43	56.43	1.1651	
1296	1	56.53	56.53	1.2491	
1297	1	56.64	56.64	1.2704	
1298	1	56.61	56.61	1.2579	
1299	1	56.67	56.67	1.3011	
1300	1	56.82	56.82	1.6276	
1301	1	56.76	56.76	1.6624	
1302	1	56.96	56.96	1.8384	
1303	1	56.95	56.95	1.8875	
1304	1	57.12	57.12	1.8656	
1305	1	57.3	57.3	2.01	
1306	1	57.41	57.41	2.0619	
1307	1	57.7	57.7	1.71	
1308	1	57.78	57.78	1.4716	
1309	1	57.92	57.92	1.3136	
1310	1	57.97	57.97	1.2091	
1311	1	58.06	58.06	0.9564	
1312	1	58.15	58.15	0.7475	
1313	1	58.21	58.21	0.8059	
1314	1	58.07	58.07	1.0251	
1315	1	58.15	58.15	0.9675	
1316	1	58.06	58.06	0.9764	
1317	1	57.99	57.99	0.9699	
1318	1	58.01	58.01	1.0499	
1319	1	58.03	58.03	0.9891	
1320	1	58.03	58.03	1.0291	
1321	1	58.09	58.09	0.9219	
1322	1	58.11	58.11	0.9579	
1323	1	58.2	58.2	0.92	
1324	1	58.29	58.29	0.7459	
1325	1	58.35	58.35	0.6475	
1326	1	58.39	58.39	0.7779	
1327	1	58.36	58.36	0.7504	
1328	1	58.4	58.4	0.68	
1329	1	58.46	58.46	0.6484	
1330	1	58.46	58.46	0.5684	
1331	1	58.45	58.45	0.5075	
1332	1	58.41	58.41	0.4419	
1333	1	58.45	58.45	0.4675	
1334	1	58.5	58.5	0.47	
1335	1	58.55	58.55	0.5475	
1336	1	58.56	58.56	0.5864	
1337	1	58.62	58.62	0.5556	
1338	1	58.58	58.58	0.4236	
1339	1	58.61	58.61	0.4579	
1340	1	58.58	58.58	0.3836	
1341	1	58.53	58.53	0.3491	
1342	1	58.65	58.65	0.4675	
1343	1	58.67	58.67	0.3811	
1344	1	58.69	58.69	0.4139	
1345	1	58.72	58.72	0.4816	
1346	1	58.72	58.72	0.5016	
1347	1	58.8	58.8	0.52	
1348	1	58.86	58.86	0.4404	
1349	1	58.89	58.89	0.4979	
1350	1	58.87	58.87	0.5531	
1351	1	58.83	58.83	0.5611	
1352	1	58.9	58.9	0.61	
1353	1	58.94	58.94	0.6564	
1354	1	58.95	58.95	0.7075	
1355	1	59.02	59.02	0.8396	
1356	1	59.07	59.07	0.8651	
1357	1	59.06	59.06	0.8964	
1358	1	59.13	59.13	0.9531	
1359	1	59.13	59.13	1.0931	
1360	1	59.1	59.1	0.91	
1361	1	59.07	59.07	0.8051	
1362	1	59.08	59.08	0.8136	
1363	1	59.02	59.02	0.7996	
1364	1	59.12	59.12	0.7656	
1365	1	59.07	59.07	0.8251	
1366	1	59.08	59.08	0.7736	
1367	1	59.21	59.21	0.8259	
1368	1	59.33	59.33	0.7611	
1369	1	59.3	59.3	0.81	
1370	1	59.37	59.37	0.7931	
1371	1	59.32	59.32	0.8576	
1372	1	59.33	59.33	0.9211	
1373	1	59.39	59.39	0.9579	
1374	1	59.45	59.45	0.9875	
1375	1	59.47	59.47	0.9291	
1376	1	59.52	59.52	1.1896	
1377	1	59.5	59.5	1.27	
1378	1	59.5	59.5	1.17	
1379	1	59.47	59.47	1.0891	
1380	1	59.45	59.45	1.2275	
1381	1	59.62	59.62	1.2556	
1382	1	59.53	59.53	1.0891	
1383	1	59.63	59.63	1.0331	
1384	1	59.72	59.72	1.1216	
1385	1	59.75	59.75	1.3675	
1386	1	59.71	59.71	1.3659	
1387	1	59.85	59.85	1.3475	
1388	1	59.76	59.76	1.4824	
1389	1	59.75	59.75	1.4075	
1390	1	59.81	59.81	1.5539	
1391	1	59.92	59.92	1.5736	
1392	1	59.94	59.94	1.4164	
1393	1	60.07	60.07	1.4251	
1394	1	60.13	60.13	1.4131	
1395	1	60.17	60.17	1.4011	
1396	1	60.17	60.17	1.4811	
1397	1	60.23	60.23	1.4771	
1398	1	60.16	60.16	1.5744	
1399	1	60.37	60.37	1.1531	
1400	1	60.34	60.34	1.1044	
1401	1	60.33	60.33	1.0811	
1402	1	60.28	60.28	1.2016	
1403	1	60.28	60.28	1.2216	
1404	1	60.25	60.25	1.4275	
1405	1	60.26	60.26	1.3524	
1406	1	60.24	60.24	1.3224	
1407	1	60.18	60.18	1.4076	
1408	1	60.21	60.21	1.4059	
1409	1	60.2	60.2	1.48	
1410	1	60.2	60.2	1.44	
1411	1	60.19	60.19	1.4539	
1412	1	60.23	60.23	1.4571	
1413	1	60.37	60.37	1.3931	
1414	1	60.52	60.52	1.2296	
1415	1	60.63	60.63	1.0131	
1416	1	60.75	60.75	0.9275	
1417	1	60.85	60.85	1.0675	
1418	1	60.92	60.92	0.9536	
1419	1	60.93	60.93	0.9051	
1420	1	60.88	60.88	1.1456	
1421	1	60.99	60.99	0.9499	
1422	1	60.95	60.95	0.8075	
1423	1	60.89	60.89	0.9579	
1424	1	60.87	60.87	1.0531	
1425	1	60.88	60.88	1.2656	
1426	1	60.85	60.85	1.5475	
1427	1	60.86	60.86	1.6804	
1428	1	60.84	60.84	1.7144	
1429	1	60.75	60.75	1.7475	
1430	1	60.72	60.72	1.5816	
1431	1	60.71	60.71	1.6659	
1432	1	60.69	60.69	1.7539	
1433	1	60.79	60.79	1.6459	
1434	1	60.85	60.85	1.5475	
1435	1	60.88	60.88	1.5056	
1436	1	60.97	60.97	1.4491	
1437	1	60.95	60.95	1.2275	
1438	1	60.91	60.91	0.9619	
1439	1	61.02	61.02	0.9396	
1440	1	61.1	61.1	1.05	
1441	1	61.22	61.22	0.8316	
1442	1	61.18	61.18	0.7276	
1443	1	61.18	61.18	0.8476	
1444	1	61.17	61.17	0.7011	
1445	1	61.23	61.23	0.7171	
1446	1	61.21	61.21	0.6859	
1447	1	61.11	61.11	0.6379	
1448	1	61.21	61.21	0.7259	
1449	1	61.2	61.2	0.78	
1450	1	61.15	61.15	0.6675	
1451	1	61.19	61.19	0.6939	
1452	1	61.33	61.33	0.6611	
1453	1	61.37	61.37	0.6331	
1454	1	61.43	61.43	0.6651	
1455	1	61.57	61.57	0.8051	
1456	1	61.67	61.67	0.9011	
1457	1	61.72	61.72	0.9216	
1458	1	61.76	61.76	1.0024	
1459	1	61.76	61.76	0.9024	
1460	1	61.72	61.72	1.0016	
1461	1	61.84	61.84	1.1144	
1462	1	61.85	61.85	1.0675	
1463	1	61.78	61.78	1.0916	
1464	1	61.83	61.83	1.1011	
1465	1	62.01	62.01	1.3899	
1466	1	62.13	62.13	1.3731	
1467	1	62.16	62.16	1.3744	
1468	1	62.2	62.2	1.32	
1469	1	62.32	62.32	1.2176	
1470	1	62.47	62.47	1.2691	
1471	1	62.62	62.62	1.2756	
1472	1	62.71	62.71	1.4659	
1473	1	63.04	63.04	1.7184	
1474	1	62.98	62.98	1.8396	
1475	1	63.04	63.04	1.6784	
1476	1	63.14	63.14	1.7004	
1477	1	63.19	63.19	1.7939	
1478	1	63.31	63.31	1.8539	
1479	1	63.44	63.44	1.9264	
1480	1	63.45	63.45	1.7275	
1481	1	63.54	63.54	1.7284	
1482	1	63.63	63.63	1.7931	
1483	1	63.67	63.67	1.5611	
1484	1	63.54	63.54	1.7484	
1485	1	63.67	63.67	1.6011	
1486	1	63.67	63.67	1.6411	
1487	1	63.75	63.75	1.8475	
1488	1	63.9	63.9	1.69	
1489	1	64.05	64.05	1.3875	
1490	1	64.21	64.21	1.2059	
1491	1	64.25	64.25	1.2075	
1492	1	64.21	64.21	1.2459	
1493	1	64.13	64.13	1.1331	
1494	1	64.24	64.24	1.0824	
1495	1	64.44	64.44	1.1264	
1496	1	64.44	64.44	0.9864	
1497	1	64.52	64.52	0.9696	
1498	1	64.47	64.47	0.9691	
1499	1	64.58	64.58	1.1236	
1500	1	64.64	64.64	1.2504	
1501	1	64.63	64.63	1.0931	
1502	1	64.61	64.61	1.0979	
1503	1	64.78	64.78	1.1116	
1504	1	64.85	64.85	1.2075	
1505	1	65.09	65.09	1.2419	
1506	1	65.12	65.12	1.1856	
1507	1	65.2	65.2	1.24	
1508	1	65.17	65.17	1.2011	
1509	1	65.31	65.31	1.2739	
1510	1	65.37	65.37	1.2331	
1511	1	65.31	65.31	1.1339	
1512	1	65.31	65.31	1.0739	
1513	1	65.31	65.31	1.1939	
1514	1	65.39	65.39	1.3779	
1515	1	65.43	65.43	1.3851	
1516	1	65.47	65.47	1.3891	
1517	1	65.4	65.4	1.3	
1518	1	65.39	65.39	1.2179	
1519	1	65.53	65.53	1.1691	
1520	1	65.52	65.52	1.3696	
1521	1	65.49	65.49	1.3499	
1522	1	65.62	65.62	1.4756	
1523	1	65.59	65.59	1.6819	
1524	1	65.7	65.7	1.55	
1525	1	65.55	65.55	1.6875	
1526	1	65.52	65.52	1.7496	
1527	1	65.67	65.67	1.7811	
1528	1	65.79	65.79	1.7859	
1529	1	65.86	65.86	1.7804	
1530	1	65.78	65.78	1.6516	
1531	1	65.89	65.89	1.5779	
1532	1	66.01	66.01	1.4899	
1533	1	66.12	66.12	1.3456	
1534	1	66.19	66.19	1.2339	
1535	1	66.16	66.16	1.4144	
1536	1	66.26	66.26	1.5524	
1537	1	66.15	66.15	1.2275	
1538	1	66.06	66.06	1.2964	
1539	1	65.94	65.94	1.1964	
1540	1	66.04	66.04	1.1984	
1541	1	66.09	66.09	1.1419	
1542	1	66.15	66.15	1.1875	
1543	1	66.3	66.3	0.95	
1544	1	66.27	66.27	1.0571	
1545	1	66.45	66.45	0.8475	
1546	1	66.41	66.41	0.7019	
1547	1	66.38	66.38	0.6956	
1548	1	66.43	66.43	0.5451	
1549	1	66.31	66.31	0.5939	
1550	1	66.34	66.34	0.5844	
1551	1	66.41	66.41	0.5019	
1552	1	66.38	66.38	0.5156	
1553	1	66.35	66.35	0.5275	
1554	1	66.3	66.3	0.57	
1555	1	66.41	66.41	0.6619	
1556	1	66.38	66.38	0.5956	
1557	1	66.36	66.36	0.5704	
1558	1	66.41	66.41	0.6219	
1559	1	66.53	66.53	0.7091	
1560	1	66.51	66.51	0.7299	
1561	1	66.59	66.59	0.7619	
1562	1	66.49	66.49	0.8299	
1563	1	66.43	66.43	0.8851	
1564	1	66.5	66.5	0.95	
1565	1	66.68	66.68	1.1176	
1566	1	66.59	66.59	1.0419	
1567	1	66.41	66.41	0.9819	
1568	1	66.45	66.45	1.0675	
1569	1	66.71	66.71	1.2059	
1570	1	66.74	66.74	1.3524	
1571	1	66.82	66.82	1.4676	
1572	1	66.85	66.85	1.4875	
1573	1	66.88	66.88	1.3656	
1574	1	66.72	66.72	1.2016	
1575	1	66.73	66.73	1.1171	
1576	1	66.67	66.67	1.1011	
1577	1	66.69	66.69	1.1539	
1578	1	66.8	66.8	1.38	
1579	1	66.77	66.77	1.3771	
1580	1	66.95	66.95	1.6275	
1581	1	66.93	66.93	1.6451	
1582	1	66.88	66.88	1.3656	
1583	1	66.97	66.97	1.4091	
1584	1	66.95	66.95	1.1875	
1585	1	66.9	66.9	1.21	
1586	1	66.97	66.97	1.0291	
1587	1	66.96	66.96	1.1184	
1588	1	67.09	67.09	1.1819	
1589	1	67.19	67.19	1.3139	
1590	1	67.22	67.22	1.4116	
1591	1	67.29	67.29	1.4059	
1592	1	67.31	67.31	1.2939	
1593	1	67.32	67.32	1.3576	
1594	1	67.43	67.43	1.3851	
1595	1	67.5	67.5	1.47	
1596	1	67.62	67.62	1.4156	
1597	1	67.61	67.61	1.2779	
1598	1	67.8	67.8	1.4	
1599	1	67.74	67.74	1.5524	
1600	1	67.68	67.68	1.7176	
1601	1	67.78	67.78	1.7116	
1602	1	67.82	67.82	1.6676	
1603	1	67.83	67.83	1.8011	
1604	1	67.88	67.88	1.9656	
1605	1	67.75	67.75	2.3875	
1606	1	67.67	67.67	2.2611	
1607	1	67.87	67.87	2.5331	
1608	1	67.89	67.89	2.4179	
1609	1	67.94	67.94	2.4164	
1610	1	68.05	68.05	2.2475	
1611	1	68.16	68.16	2.1944	
1612	1	68.11	68.11	1.9779	
1613	1	68.15	68.15	1.7275	
1614	1	68.28	68.28	2.0016	
1615	1	68.42	68.42	2.2236	
1616	1	68.52	68.52	2.3296	
1617	1	68.61	68.61	2.5179	
1618	1	68.64	68.64	2.2704	
1619	1	68.91	68.91	2.0819	
1620	1	69.02	69.02	2.0796	
1621	1	69.08	69.08	2.1736	
1622	1	69.05	69.05	2.2075	
1623	1	69.24	69.24	2.4224	
1624	1	69.38	69.38	2.4356	
1625	1	69.36	69.36	2.4904	
1626	1	69.56	69.56	2.4464	
1627	1	69.67	69.67	2.4411	
1628	1	69.78	69.78	2.1516	
1629	1	70.06	70.06	2.0964	
1630	1	69.98	69.98	2.2196	
1631	1	70.02	70.02	1.8996	
1632	1	70.07	70.07	1.8051	
1633	1	70.12	70.12	1.9056	
1634	1	70.31	70.31	1.7939	
1635	1	70.41	70.41	1.5419	
1636	1	70.39	70.39	1.6779	
1637	1	70.3	70.3	1.73	
1638	1	70.33	70.33	1.8211	
1639	1	70.29	70.29	1.8459	
1640	1	70.32	70.32	1.9776	
1641	1	70.46	70.46	2.2884	
1642	1	70.59	70.59	2.4619	
1643	1	70.68	70.68	2.3576	
1644	1	70.77	70.77	2.3971	
1645	1	70.72	70.72	2.5216	
1646	1	70.72	70.72	2.6816	
1647	1	70.69	70.69	2.7739	
1648	1	70.73	70.73	2.4371	
1649	1	70.89	70.89	2.4779	
1650	1	70.89	70.89	2.2779	
1651	1	70.99	70.99	1.9899	
1652	1	70.99	70.99	2.0899	
1653	1	71.05	71.05	1.7075	
1654	1	70.97	70.97	1.8691	
1655	1	70.92	70.92	1.9336	
1656	1	70.84	70.84	2.2344	
1657	1	70.83	70.83	2.4811	
1658	1	70.89	70.89	2.3379	
1659	1	70.98	70.98	2.3596	
1660	1	70.95	70.95	2.3275	
1661	1	71.16	71.16	2.4144	
1662	1	71.25	71.25	2.3875	
1663	1	71.23	71.23	2.3971	
1664	1	71.33	71.33	2.2611	
1665	1	71.5	71.5	1.89	
1666	1	71.58	71.58	1.8436	
1667	1	71.71	71.71	1.6859	
1668	1	71.84	71.84	1.6544	
1669	1	71.89	71.89	1.8579	
1670	1	71.76	71.76	2.1824	
1671	1	71.6	71.6	2.7	
1672	1	71.71	71.71	3.0859	
1673	1	71.74	71.74	3.2124	
1674	1	71.81	71.81	3.0539	
1675	1	72.05	72.05	2.6275	
1676	1	72.24	72.24	1.9824	
1677	1	72.46	72.46	1.7084	
1678	1	72.49	72.49	1.7699	
1679	1	72.5	72.5	1.27	
1680	1	72.57	72.57	1.0451	
1681	1	72.81	72.81	1.0939	
1682	1	72.86	72.86	0.8404	
1683	1	72.98	72.98	0.7596	
1684	1	73.03	73.03	0.7091	
1685	1	73.13	73.13	0.7731	
1686	1	73.2	73.2	0.7	
1687	1	73.25	73.25	0.6475	
1688	1	73.26	73.26	0.5524	
1689	1	73.3	73.3	0.61	
1690	1	73.32	73.32	0.6576	
1691	1	73.42	73.42	0.6436	
1692	1	73.45	73.45	0.6075	
1693	1	73.5	73.5	0.63	
1694	1	73.47	73.47	0.6691	
1695	1	73.41	73.41	0.6219	
1696	1	73.43	73.43	0.5651	
1697	1	73.51	73.51	0.5899	
1698	1	73.49	73.49	0.6099	
1699	1	73.47	73.47	0.6291	
1700	1	73.37	73.37	0.6731	
1701	1	73.38	73.38	0.6556	
1702	1	73.33	73.33	0.6611	
1703	1	73.34	73.34	0.6444	
1704	1	73.45	73.45	0.6075	
1705	1	73.58	73.58	0.6036	
1706	1	73.56	73.56	0.6264	
1707	1	73.61	73.61	0.5779	
1708	1	73.63	73.63	0.6131	
1709	1	73.69	73.69	0.6139	
1710	1	73.56	73.56	0.7664	
1711	1	73.59	73.59	0.9019	
1712	1	73.6	73.6	0.82	
1713	1	73.55	73.55	0.8075	
1714	1	73.54	73.54	0.7884	
1715	1	73.58	73.58	0.7236	
1716	1	73.65	73.65	0.7075	
1717	1	73.65	73.65	0.6075	
1718	1	73.72	73.72	0.3216	
1719	1	73.79	73.79	0.2659	
1720	1	73.88	73.88	0.3056	
1721	1	73.87	73.87	0.3131	
1722	1	73.92	73.92	0.2936	
1723	1	73.97	73.97	0.2891	
1724	1	74.07	74.07	0.2251	
1725	1	74.06	74.06	0.2364	
1726	1	74.07	74.07	0.2851	
1727	1	74.12	74.12	0.3256	
1728	1	74.17	74.17	0.3211	
1729	1	74.19	74.19	0.3139	
1730	1	74.17	74.17	0.3211	
1731	1	74.25	74.25	0.3275	
1732	1	74.27	74.27	0.2971	
1733	1	74.28	74.28	0.3216	
1734	1	74.29	74.29	0.3459	
1735	1	74.32	74.32	0.3176	
1736	1	74.36	74.36	0.3104	
1737	1	74.38	74.38	0.3156	
1738	1	74.36	74.36	0.3504	
1739	1	74.39	74.39	0.4579	
1740	1	74.48	74.48	0.5096	
1741	1	74.44	74.44	0.4664	
1742	1	74.44	74.44	0.4064	
1743	1	74.48	74.48	0.5096	
1744	1	74.39	74.39	0.4779	
1745	1	74.41	74.41	0.5219	
1746	1	74.33	74.33	0.6011	
1747	1	74.4	74.4	0.66	
1748	1	74.44	74.44	0.7064	
1749	1	74.4	74.4	0.68	
1750	1	74.48	74.48	0.7696	
1751	1	74.38	74.38	0.6956	
1752	1	74.42	74.42	0.7836	
1753	1	74.3	74.3	0.67	
1754	1	74.23	74.23	0.6371	
1755	1	74.34	74.34	0.6844	
1756	1	74.41	74.41	0.6819	
1757	1	74.57	74.57	0.8651	
1758	1	74.56	74.56	0.7264	
1759	1	74.59	74.59	0.7419	
1760	1	74.56	74.56	0.6464	
1761	1	74.56	74.56	0.5664	
1762	1	74.7	74.7	0.71	
1763	1	74.79	74.79	0.6259	
1764	1	74.83	74.83	0.6811	
1765	1	74.89	74.89	0.6579	
1766	1	75.05	75.05	0.5875	
1767	1	75.09	75.09	0.3819	
1768	1	75.04	75.04	0.4784	
1769	1	75.05	75.05	0.3875	
1770	1	75.15	75.15	0.4875	
1771	1	75.11	75.11	0.4579	
1772	1	75.19	75.19	0.4339	
1773	1	75.19	75.19	0.4139	
1774	1	75.23	75.23	0.2771	
1775	1	75.29	75.29	0.3059	
1776	1	75.33	75.33	0.3211	
1777	1	75.38	75.38	0.3556	
1778	1	75.34	75.34	0.3444	
1779	1	75.32	75.32	0.3576	
1780	1	75.32	75.32	0.3176	
1781	1	75.36	75.36	0.3904	
1782	1	75.39	75.39	0.4379	
1783	1	75.43	75.43	0.3851	
1784	1	75.42	75.42	0.3836	
1785	1	75.44	75.44	0.3464	
1786	1	75.5	75.5	0.35	
1787	1	75.5	75.5	0.37	
1788	1	75.55	75.55	0.4675	
1789	1	75.68	75.68	0.5376	
1790	1	75.7	75.7	0.61	
1791	1	75.67	75.67	0.5211	
1792	1	75.67	75.67	0.5811	
1793	1	75.71	75.71	0.6459	
1794	1	75.7	75.7	0.67	
1795	1	75.82	75.82	0.6876	
1796	1	75.94	75.94	0.5764	
1797	1	75.96	75.96	0.5584	
1798	1	76.07	76.07	0.3851	
1799	1	76.02	76.02	0.3796	
1800	1	76.06	76.06	0.2564	
1801	1	76.07	76.07	0.3051	
1802	1	76.13	76.13	0.3331	
1803	1	76.12	76.12	0.3056	
1804	1	76.19	76.19	0.2939	
1805	1	76.22	76.22	0.2916	
1806	1	76.29	76.29	0.3859	
1807	1	76.32	76.32	0.4176	
1808	1	76.33	76.33	0.4811	
1809	1	76.36	76.36	0.5104	
1810	1	76.36	76.36	0.4504	
1811	1	76.41	76.41	0.5419	
1812	1	76.41	76.41	0.6019	
1813	1	76.38	76.38	0.5756	
1814	1	76.25	76.25	0.5075	
1815	1	76.3	76.3	0.51	
1816	1	76.22	76.22	0.3516	
1817	1	76.21	76.21	0.4259	
1818	1	76.24	76.24	0.4024	
1819	1	76.29	76.29	0.4259	
1820	1	76.22	76.22	0.3316	
1821	1	76.22	76.22	0.3116	
1822	1	76.35	76.35	0.3875	
1823	1	76.28	76.28	0.4016	
1824	1	76.27	76.27	0.3571	
1825	1	76.31	76.31	0.3539	
1826	1	76.24	76.24	0.3224	
1827	1	76.22	76.22	0.2316	
1828	1	76.28	76.28	0.3216	
1829	1	76.33	76.33	0.3411	
1830	1	76.36	76.36	0.3504	
1831	1	76.38	76.38	0.3156	
1832	1	76.41	76.41	0.3019	
1833	1	76.45	76.45	0.3075	
1834	1	76.44	76.44	0.2664	
1835	1	76.5	76.5	0.29	
1836	1	76.64	76.64	0.3904	
1837	1	76.64	76.64	0.4304	
1838	1	76.75	76.75	0.4275	
1839	1	76.81	76.81	0.5739	
1840	1	76.91	76.91	0.6019	
1841	1	77.04	77.04	0.7984	
1842	1	76.99	76.99	0.5299	
1843	1	77.07	77.07	0.3651	
1844	1	77.07	77.07	0.3451	
1845	1	77.1	77.1	0.33	
1846	1	77.15	77.15	0.2675	
1847	1	77.22	77.22	0.2716	
1848	1	77.24	77.24	0.3224	
1849	1	77.17	77.17	0.2611	
1850	1	77.13	77.13	0.2131	
1851	1	77.08	77.08	0.2336	
1852	1	77.1	77.1	0.27	
1853	1	77.08	77.08	0.2136	
1854	1	77.1	77.1	0.23	
1855	1	77.14	77.14	0.2404	
1856	1	77.14	77.14	0.2604	
1857	1	77.16	77.16	0.2544	
1858	1	77.21	77.21	0.3259	
1859	1	77.26	77.26	0.3724	
1860	1	77.26	77.26	0.3724	
1861	1	77.28	77.28	0.4416	
1862	1	77.34	77.34	0.4844	
1863	1	77.34	77.34	0.4244	
1864	1	77.36	77.36	0.4104	
1865	1	77.28	77.28	0.3816	
1866	1	77.35	77.35	0.4075	
1867	1	77.28	77.28	0.2816	
1868	1	77.29	77.29	0.2859	
1869	1	77.34	77.34	0.3044	
1870	1	77.35	77.35	0.3275	
1871	1	77.34	77.34	0.2844	
1872	1	77.35	77.35	0.2475	
1873	1	77.29	77.29	0.2059	
1874	1	77.2	77.2	0.16	
1875	1	77.19	77.19	0.1539	
1876	1	77.17	77.17	0.1411	
1877	1	77.23	77.23	0.1771	
1878	1	77.25	77.25	0.2075	
1879	1	77.32	77.32	0.2376	
1880	1	77.28	77.28	0.2016	
1881	1	77.29	77.29	0.2459	
1882	1	77.31	77.31	0.2539	
1883	1	77.3	77.3	0.27	
1884	1	77.31	77.31	0.2939	
1885	1	77.32	77.32	0.2976	
1886	1	77.36	77.36	0.3304	
1887	1	77.35	77.35	0.3075	
1888	1	77.36	77.36	0.2904	
1889	1	77.42	77.42	0.3636	
1890	1	77.45	77.45	0.4275	
1891	1	77.44	77.44	0.3864	
1892	1	77.44	77.44	0.3664	
1893	1	77.52	77.52	0.4696	
1894	1	77.57	77.57	0.5251	
1895	1	77.69	77.69	0.6139	
1896	1	77.72	77.72	0.6416	
1897	1	77.79	77.79	0.6259	
1898	1	77.82	77.82	0.6476	
1899	1	77.96	77.96	0.6984	
1900	1	77.97	77.97	0.7691	
1901	1	77.98	77.98	0.7996	
1902	1	77.95	77.95	0.7875	
1903	1	78.08	78.08	0.7936	
1904	1	78.18	78.18	0.7876	
1905	1	78.27	78.27	0.7971	
1906	1	78.34	78.34	0.7244	
1907	1	78.41	78.41	0.6619	
1908	1	78.4	78.4	0.7	
1909	1	78.43	78.43	0.6851	
1910	1	78.43	78.43	0.6651	
1911	1	78.49	78.49	0.6699	
1912	1	78.6	78.6	0.56	
1913	1	78.63	78.63	0.4731	
1914	1	78.57	78.57	0.5251	
1915	1	78.53	78.53	0.5891	
1916	1	78.47	78.47	0.8091	
1917	1	78.52	78.52	0.8296	
1918	1	78.63	78.63	0.8131	
1919	1	78.77	78.77	0.7571	
1920	1	78.64	78.64	0.7304	
1921	1	78.71	78.71	0.7059	
1922	1	78.9	78.9	0.75	
1923	1	78.9	78.9	0.69	
1924	1	78.86	78.86	0.7004	
1925	1	78.9	78.9	0.75	
1926	1	78.98	78.98	0.6396	
1927	1	79.01	79.01	0.6899	
1928	1	79.05	79.05	0.7075	
1929	1	79.07	79.07	0.7651	
1930	1	79.14	79.14	0.9004	
1931	1	79.16	79.16	1.0744	
1932	1	79.26	79.26	1.0724	
1933	1	79.24	79.24	1.1024	
1934	1	79.17	79.17	1.1411	
1935	1	79.22	79.22	1.1916	
1936	1	79.2	79.2	1.1	
1937	1	79.17	79.17	1.0611	
1938	1	79.15	79.15	1.2275	
1939	1	79.26	79.26	1.2324	
1940	1	79.34	79.34	1.2044	
1941	1	79.51	79.51	1.0099	
1942	1	79.45	79.45	1.0675	
1943	1	79.44	79.44	0.9264	
1944	1	79.45	79.45	0.9675	
1945	1	79.41	79.41	0.9219	
1946	1	79.57	79.57	0.7451	
1947	1	79.61	79.61	0.8779	
1948	1	79.62	79.62	0.9756	
1949	1	79.76	79.76	0.7424	
1950	1	79.79	79.79	0.6259	
1951	1	79.88	79.88	0.5256	
1952	1	79.97	79.97	0.3491	
1953	1	79.93	79.93	0.4451	
1954	1	79.97	79.97	0.4091	
1955	1	79.91	79.91	0.5019	
1956	1	79.87	79.87	0.5131	
1957	1	80	80	0.34	
1958	1	79.97	79.97	0.3891	
1959	1	79.99	79.99	0.3499	
1960	1	80	80	0.36	
1961	1	80.07	80.07	0.2451	
1962	1	80.08	80.08	0.3136	
1963	1	80.04	80.04	0.3584	
1964	1	80.21	80.21	0.5459	
1965	1	80.18	80.18	0.5676	
1966	1	80.2	80.2	0.42	
1967	1	80.23	80.23	0.4771	
1968	1	80.29	80.29	0.4659	
1969	1	80.32	80.32	0.4376	
1970	1	80.32	80.32	0.4376	
1971	1	80.4	80.4	0.48	
1972	1	80.44	80.44	0.5464	
1973	1	80.49	80.49	0.5699	
1974	1	80.42	80.42	0.5436	
1975	1	80.41	80.41	0.5419	
1976	1	80.43	80.43	0.6851	
1977	1	80.57	80.57	0.8451	
1978	1	80.46	80.46	0.7684	
1979	1	80.55	80.55	0.9275	
1980	1	80.49	80.49	0.8699	
1981	1	80.47	80.47	0.8091	
1982	1	80.5	80.5	0.85	
1983	1	80.51	80.51	0.7699	
1984	1	80.44	80.44	0.4464	
1985	1	80.47	80.47	0.5091	
1986	1	80.55	80.55	0.7075	
1987	1	80.52	80.52	0.7496	
1988	1	80.5	80.5	0.71	
1989	1	80.47	80.47	0.7091	
1990	1	80.5	80.5	0.79	
1991	1	80.5	80.5	0.85	
1992	1	80.47	80.47	0.7491	
1993	1	80.59	80.59	0.9619	
1994	1	80.64	80.64	1.0704	
1995	1	80.62	80.62	1.0356	
1996	1	80.55	80.55	0.8475	
1997	1	80.64	80.64	1.0904	
1998	1	80.67	80.67	1.1211	
1999	1	80.88	80.88	1.4456	
2000	1	80.97	80.97	1.7091	
