# mu = 0.001, s = -0.001, trials requested = 1, runtime = 0:00:04
# "Time"	"Actual trials"	"Mean mutation"	"Average mean mutation"	"Average mutation variance"
0	1	0	0	0	
1	1	0.02	0.02	0.0396	
2	1	0.32	0.32	0.2176	
3	1	0.51	0.51	0.2499	
4	1	0.46	0.46	0.2484	
5	1	0.27	0.27	0.1971	
6	1	0.34	0.34	0.2244	
7	1	0.47	0.47	0.2491	
8	1	0.57	0.57	0.2651	
9	1	0.42	0.42	0.2436	
10	1	0.52	0.52	0.2496	
11	1	0.4	0.4	0.24	
12	1	0.56	0.56	0.2664	
13	1	0.7	0.7	0.21	
14	1	0.71	0.71	0.2059	
15	1	0.51	0.51	0.2499	
16	1	0.84	0.84	0.1344	
17	1	0.82	0.82	0.1476	
18	1	0.8	0.8	0.16	
19	1	0.83	0.83	0.1411	
20	1	0.81	0.81	0.1539	
21	1	1.01	1.01	0.4699	
22	1	0.8	0.8	0.46	
23	1	0.29	0.29	0.2059	
24	1	0.57	0.57	0.2451	
25	1	0.69	0.69	0.2139	
26	1	0.66	0.66	0.2644	
27	1	0.56	0.56	0.2464	
28	1	0.55	0.55	0.2475	
29	1	0.77	0.77	0.1771	
30	1	0.78	0.78	0.1716	
31	1	0.8	0.8	0.16	
32	1	0.78	0.78	0.1716	
33	1	0.77	0.77	0.1971	
34	1	0.68	0.68	0.2176	
35	1	0.56	0.56	0.2464	
36	1	0.59	0.59	0.2619	
37	1	0.65	0.65	0.2875	
38	1	0.78	0.78	0.1716	
39	1	0.86	0.86	0.1404	
40	1	0.81	0.81	0.1539	
41	1	0.69	0.69	0.2139	
42	1	0.73	0.73	0.2171	
43	1	0.72	0.72	0.2016	
44	1	0.75	0.75	0.1875	
45	1	0.86	0.86	0.1204	
46	1	0.86	0.86	0.1204	
47	1	0.71	0.71	0.2059	
48	1	0.79	0.79	0.1659	
49	1	0.78	0.78	0.1716	
50	1	0.89	0.89	0.0979	
51	1	0.89	0.89	0.0979	
52	1	0.69	0.69	0.2139	
53	1	0.44	0.44	0.2464	
54	1	0.4	0.4	0.24	
55	1	0.42	0.42	0.2436	
56	1	0.24	0.24	0.1824	
57	1	0.78	0.78	0.1716	
58	1	0.79	0.79	0.1659	
59	1	0.61	0.61	0.2379	
60	1	0.35	0.35	0.2275	
61	1	0.33	0.33	0.2211	
62	1	0.45	0.45	0.2475	
63	1	0.48	0.48	0.2496	
64	1	0.8	0.8	0.16	
65	1	0.9	0.9	0.09	
66	1	0.94	0.94	0.0564	
67	1	0.82	0.82	0.1476	
68	1	0.78	0.78	0.1716	
69	1	0.89	0.89	0.0979	
70	1	0.97	0.97	0.0891	
71	1	0.93	0.93	0.0851	
72	1	0.96	0.96	0.0384	
73	1	0.99	0.99	0.0099	
74	1	1.01	1.01	0.0099	
75	1	1.01	1.01	0.0099	
76	1	1.01	1.01	0.0099	
77	1	1.01	1.01	0.0099	
78	1	1.01	1.01	0.0099	
79	1	1.01	1.01	0.0099	
80	1	1.01	1.01	0.0099	
81	1	1.01	1.01	0.0099	
82	1	1.01	1.01	0.0099	
83	1	1.01	1.01	0.0099	
84	1	1.01	1.01	0.0099	
85	1	1.01	1.01	0.0099	
86	1	1.01	1.01	0.0099	
87	1	1.01	1.01	0.0099	
88	1	1.01	1.01	0.0099	
89	1	1.01	1.01	0.0099	
90	1	1.01	1.01	0.0099	
91	1	1.04	1.04	0.0384	
92	1	1.01	1.01	0.0099	
93	1	1.01	1.01	0.0099	
94	1	1.01	1.01	0.0099	
95	1	1.01	1.01	0.0099	
96	1	1.01	1.01	0.0099	
97	1	1.01	1.01	0.0099	
98	1	1.01	1.01	0.0099	
99	1	1.01	1.01	0.0099	
100	1	1.01	1.01	0.0099	
101	1	1.01	1.01	0.0099	
102	1	1.01	1.01	0.0099	
103	1	1.01	1.01	0.0099	
104	1	1.01	1.01	0.0099	
105	1	1.01	1.01	0.0099	
106	1	1.02	1.02	0.0196	
107	1	1.01	1.01	0.0099	
108	1	1.01	1.01	0.0099	
109	1	1.04	1.04	0.0384	
110	1	1.23	1.23	0.1771	
111	1	1.06	1.06	0.0564	
112	1	1.06	1.06	0.0564	
113	1	1.25	1.25	0.1875	
114	1	1.25	1.25	0.1875	
115	1	1.3	1.3	0.21	
116	1	1.12	1.12	0.1056	
117	1	1.01	1.01	0.0099	
118	1	1.01	1.01	0.0099	
119	1	1.01	1.01	0.0099	
120	1	1.01	1.01	0.0099	
121	1	1.04	1.04	0.0384	
122	1	1.01	1.01	0.0099	
123	1	1.01	1.01	0.0099	
124	1	1.01	1.01	0.0099	
125	1	1.09	1.09	0.0819	
126	1	1.01	1.01	0.0099	
127	1	1.01	1.01	0.0099	
128	1	1.05	1.05	0.0475	
129	1	1.01	1.01	0.0099	
130	1	1.01	1.01	0.0099	
131	1	1.01	1.01	0.0099	
132	1	1.01	1.01	0.0099	
133	1	1.02	1.02	0.0196	
134	1	1.01	1.01	0.0099	
135	1	1.01	1.01	0.0099	
136	1	1.01	1.01	0.0099	
137	1	1.01	1.01	0.0099	
138	1	1.01	1.01	0.0099	
139	1	1.01	1.01	0.0099	
140	1	1.01	1.01	0.0099	
141	1	1.01	1.01	0.0099	
142	1	1.01	1.01	0.0099	
143	1	1.02	1.02	0.0196	
144	1	1.01	1.01	0.0099	
145	1	1.01	1.01	0.0099	
146	1	1.01	1.01	0.0099	
147	1	1.01	1.01	0.0099	
148	1	1.01	1.01	0.0099	
149	1	1.01	1.01	0.0099	
150	1	1.01	1.01	0.0099	
151	1	1.01	1.01	0.0099	
152	1	1.01	1.01	0.0099	
153	1	1.01	1.01	0.0099	
154	1	1.01	1.01	0.0099	
155	1	1.01	1.01	0.0099	
156	1	1.02	1.02	0.0196	
157	1	1.01	1.01	0.0099	
158	1	1.01	1.01	0.0099	
159	1	1.03	1.03	0.0291	
160	1	1.01	1.01	0.0099	
161	1	1.01	1.01	0.0099	
162	1	1.01	1.01	0.0099	
163	1	1.01	1.01	0.0099	
164	1	1.01	1.01	0.0099	
165	1	1.01	1.01	0.0099	
166	1	1.01	1.01	0.0099	
167	1	1.05	1.05	0.0475	
168	1	1.01	1.01	0.0099	
169	1	1.01	1.01	0.0099	
170	1	1.01	1.01	0.0099	
171	1	1.01	1.01	0.0099	
172	1	1.13	1.13	0.1131	
173	1	1.37	1.37	0.2331	
174	1	1.25	1.25	0.1875	
175	1	1.04	1.04	0.0384	
176	1	1.01	1.01	0.0099	
177	1	1.02	1.02	0.0196	
178	1	1.01	1.01	0.0099	
179	1	1.01	1.01	0.0099	
180	1	1.01	1.01	0.0099	
181	1	1.02	1.02	0.0196	
182	1	1.14	1.14	0.1204	
183	1	1.13	1.13	0.1131	
184	1	1.16	1.16	0.1344	
185	1	1.07	1.07	0.0651	
186	1	1.15	1.15	0.1275	
187	1	1.05	1.05	0.0475	
188	1	1.23	1.23	0.1771	
189	1	1.06	1.06	0.0564	
190	1	1.07	1.07	0.0651	
191	1	1.01	1.01	0.0099	
192	1	1.01	1.01	0.0099	
193	1	1.01	1.01	0.0099	
194	1	1.01	1.01	0.0099	
195	1	1.01	1.01	0.0099	
196	1	1.01	1.01	0.0099	
197	1	1.01	1.01	0.0099	
198	1	1.01	1.01	0.0099	
199	1	1.01	1.01	0.0099	
200	1	1.01	1.01	0.0099	
201	1	1.01	1.01	0.0099	
202	1	1.01	1.01	0.0099	
203	1	1.01	1.01	0.0099	
204	1	1.01	1.01	0.0099	
205	1	1.01	1.01	0.0099	
206	1	1.01	1.01	0.0099	
207	1	1.01	1.01	0.0099	
208	1	1.01	1.01	0.0099	
209	1	1.03	1.03	0.0291	
210	1	1.06	1.06	0.0564	
211	1	1.03	1.03	0.0291	
212	1	1.01	1.01	0.0099	
213	1	1.01	1.01	0.0099	
214	1	1.01	1.01	0.0099	
215	1	1.01	1.01	0.0099	
216	1	1.01	1.01	0.0099	
217	1	1.01	1.01	0.0099	
218	1	1.01	1.01	0.0099	
219	1	1.01	1.01	0.0099	
220	1	1.01	1.01	0.0099	
221	1	1.01	1.01	0.0099	
222	1	1.05	1.05	0.0475	
223	1	1.01	1.01	0.0099	
224	1	1.06	1.06	0.0564	
225	1	1.1	1.1	0.09	
226	1	1.15	1.15	0.1275	
227	1	1.19	1.19	0.1539	
228	1	1.17	1.17	0.1411	
229	1	1.19	1.19	0.1539	
230	1	1.17	1.17	0.1411	
231	1	1.28	1.28	0.2016	
232	1	1.3	1.3	0.21	
233	1	1.56	1.56	0.2464	
234	1	1.63	1.63	0.2931	
235	1	1.61	1.61	0.2379	
236	1	1.5	1.5	0.25	
237	1	1.79	1.79	0.1659	
238	1	1.88	1.88	0.1056	
239	1	1.75	1.75	0.1875	
240	1	1.76	1.76	0.2024	
241	1	1.86	1.86	0.1204	
242	1	2.02	2.02	0.0996	
243	1	2.06	2.06	0.0564	
244	1	2.04	2.04	0.0384	
245	1	2	2	0	
246	1	2	2	0	
247	1	2	2	0	
248	1	2	2	0	
249	1	2	2	0	
250	1	2	2	0	
251	1	2	2	0	
252	1	2	2	0	
253	1	2	2	0	
254	1	2.03	2.03	0.0291	
255	1	2.11	2.11	0.0979	
256	1	2.34	2.34	0.2244	
257	1	2.28	2.28	0.2016	
258	1	2.66	2.66	0.2244	
259	1	2.53	2.53	0.2491	
260	1	2.62	2.62	0.2356	
261	1	2.68	2.68	0.2176	
262	1	2.81	2.81	0.1539	
263	1	2.83	2.83	0.1411	
264	1	2.8	2.8	0.16	
265	1	2.63	2.63	0.2331	
266	1	2.7	2.7	0.21	
267	1	2.74	2.74	0.1924	
268	1	2.91	2.91	0.0819	
269	1	2.94	2.94	0.0564	
270	1	2.97	2.97	0.0691	
271	1	2.93	2.93	0.0651	
272	1	2.91	2.91	0.0819	
273	1	2.86	2.86	0.1604	
274	1	2.71	2.71	0.2059	
275	1	2.76	2.76	0.1824	
276	1	2.59	2.59	0.2419	
277	1	2.82	2.82	0.1476	
278	1	2.9	2.9	0.51	
279	1	2.4	2.4	0.4	
280	1	2.47	2.47	0.3891	
281	1	2.4	2.4	0.24	
282	1	2.54	2.54	0.2484	
283	1	2.36	2.36	0.2304	
284	1	2.31	2.31	0.2139	
285	1	2.44	2.44	0.2464	
286	1	2.33	2.33	0.2211	
287	1	2.37	2.37	0.2531	
288	1	2.38	2.38	0.2356	
289	1	2.31	2.31	0.2139	
290	1	2.62	2.62	0.2556	
291	1	2.75	2.75	0.2475	
292	1	2.92	2.92	0.2536	
293	1	3.15	3.15	0.1275	
294	1	3.4	3.4	0.24	
295	1	3.42	3.42	0.2436	
296	1	3.43	3.43	0.2451	
297	1	3.33	3.33	0.2211	
298	1	3.32	3.32	0.2176	
299	1	3.28	3.28	0.2016	
300	1	3.23	3.23	0.1771	
301	1	3.21	3.21	0.1659	
302	1	3.11	3.11	0.0979	
303	1	3.15	3.15	0.1275	
304	1	3.09	3.09	0.0819	
305	1	3.01	3.01	0.0099	
306	1	3.01	3.01	0.0099	
307	1	3.01	3.01	0.0099	
308	1	3.01	3.01	0.0099	
309	1	3.01	3.01	0.0099	
310	1	3.02	3.02	0.0196	
311	1	3.01	3.01	0.0099	
312	1	3.01	3.01	0.0099	
313	1	3.01	3.01	0.0099	
314	1	3.03	3.03	0.0291	
315	1	3.48	3.48	0.2496	
316	1	3.54	3.54	0.2484	
317	1	3.27	3.27	0.2371	
318	1	3.64	3.64	0.2304	
319	1	3.7	3.7	0.23	
320	1	3.69	3.69	0.2139	
321	1	3.74	3.74	0.1924	
322	1	3.72	3.72	0.2016	
323	1	3.79	3.79	0.1659	
324	1	3.87	3.87	0.1931	
325	1	3.9	3.9	0.19	
326	1	3.81	3.81	0.1539	
327	1	3.86	3.86	0.1204	
328	1	3.84	3.84	0.1344	
329	1	3.83	3.83	0.1411	
330	1	3.92	3.92	0.1136	
331	1	3.96	3.96	0.0384	
332	1	3.96	3.96	0.0384	
333	1	3.96	3.96	0.0384	
334	1	4	4	0.04	
335	1	4.1	4.1	0.09	
336	1	4.09	4.09	0.0819	
337	1	4.04	4.04	0.0384	
338	1	4	4	0	
339	1	4	4	0	
340	1	4	4	0	
341	1	4	4	0	
342	1	4	4	0	
343	1	4	4	0	
344	1	4	4	0	
345	1	4	4	0	
346	1	4.01	4.01	0.0099	
347	1	4.01	4.01	0.0099	
348	1	4	4	0	
349	1	4	4	0	
350	1	4	4	0	
351	1	4	4	0	
352	1	4	4	0	
353	1	4	4	0	
354	1	4.01	4.01	0.0099	
355	1	4	4	0	
356	1	4	4	0	
357	1	4.06	4.06	0.0564	
358	1	4.09	4.09	0.0819	
359	1	4.27	4.27	0.1971	
360	1	4.41	4.41	0.2419	
361	1	4.26	4.26	0.1924	
362	1	4.27	4.27	0.1971	
363	1	4.31	4.31	0.2139	
364	1	4.47	4.47	0.4291	
365	1	4.46	4.46	0.2484	
366	1	4.23	4.23	0.1771	
367	1	4.1	4.1	0.09	
368	1	4	4	0	
369	1	4	4	0	
370	1	4	4	0	
371	1	4	4	0	
372	1	4.08	4.08	0.0736	
373	1	4.32	4.32	0.2176	
374	1	4.22	4.22	0.1916	
375	1	4.08	4.08	0.0736	
376	1	4	4	0	
377	1	4	4	0	
378	1	4	4	0	
379	1	4	4	0	
380	1	4	4	0	
381	1	4	4	0	
382	1	4.01	4.01	0.0099	
383	1	4	4	0	
384	1	4	4	0	
385	1	4	4	0	
386	1	4.2	4.2	0.16	
387	1	4.28	4.28	0.2016	
388	1	4.28	4.28	0.2016	
389	1	4.44	4.44	0.2464	
390	1	4.34	4.34	0.2244	
391	1	4.04	4.04	0.0384	
392	1	4.01	4.01	0.0099	
393	1	4.01	4.01	0.0099	
394	1	4.02	4.02	0.0196	
395	1	4.01	4.01	0.0099	
396	1	4.01	4.01	0.0099	
397	1	4.01	4.01	0.0099	
398	1	4.02	4.02	0.0196	
399	1	4.03	4.03	0.0291	
400	1	4.01	4.01	0.0099	
401	1	4.03	4.03	0.0291	
402	1	4.04	4.04	0.0584	
403	1	4.01	4.01	0.0099	
404	1	4.01	4.01	0.0099	
405	1	4.01	4.01	0.0099	
406	1	4.01	4.01	0.0099	
407	1	4.01	4.01	0.0099	
408	1	4.01	4.01	0.0099	
409	1	4.04	4.04	0.0384	
410	1	4.27	4.27	0.1971	
411	1	4.09	4.09	0.0819	
412	1	4.19	4.19	0.1539	
413	1	4.22	4.22	0.1716	
414	1	4.41	4.41	0.2419	
415	1	4.45	4.45	0.2475	
416	1	4.6	4.6	0.24	
417	1	4.84	4.84	0.1344	
418	1	4.85	4.85	0.1275	
419	1	4.83	4.83	0.1411	
420	1	4.82	4.82	0.1476	
421	1	4.82	4.82	0.1476	
422	1	4.79	4.79	0.1659	
423	1	4.86	4.86	0.1204	
424	1	4.89	4.89	0.0979	
425	1	4.81	4.81	0.1539	
426	1	4.82	4.82	0.1476	
427	1	4.85	4.85	0.1275	
428	1	4.9	4.9	0.09	
429	1	4.9	4.9	0.09	
430	1	4.92	4.92	0.0936	
431	1	4.85	4.85	0.1275	
432	1	4.79	4.79	0.1659	
433	1	4.77	4.77	0.1771	
434	1	4.7	4.7	0.21	
435	1	4.59	4.59	0.2419	
436	1	4.57	4.57	0.2451	
437	1	4.1	4.1	0.09	
438	1	4.1	4.1	0.09	
439	1	4.27	4.27	0.1971	
440	1	4.21	4.21	0.2059	
441	1	4.11	4.11	0.0979	
442	1	4.09	4.09	0.0819	
443	1	4.32	4.32	0.2176	
444	1	4.48	4.48	0.2496	
445	1	4.48	4.48	0.2496	
446	1	4.49	4.49	0.2499	
447	1	4.43	4.43	0.2451	
448	1	4.29	4.29	0.2059	
449	1	4.14	4.14	0.1204	
450	1	4.01	4.01	0.0099	
451	1	4.01	4.01	0.0099	
452	1	4.07	4.07	0.0651	
453	1	4.06	4.06	0.0564	
454	1	4.01	4.01	0.0099	
455	1	4	4	0	
456	1	4.16	4.16	0.1344	
457	1	4.07	4.07	0.0651	
458	1	4.01	4.01	0.0099	
459	1	4.01	4.01	0.0099	
460	1	4.03	4.03	0.0291	
461	1	4.09	4.09	0.0819	
462	1	4.01	4.01	0.0099	
463	1	4.01	4.01	0.0099	
464	1	4.01	4.01	0.0099	
465	1	4.01	4.01	0.0099	
466	1	4.03	4.03	0.0291	
467	1	4.13	4.13	0.1131	
468	1	4.07	4.07	0.0651	
469	1	4.09	4.09	0.0819	
470	1	4.29	4.29	0.2059	
471	1	4.65	4.65	0.2275	
472	1	4.6	4.6	0.24	
473	1	4.55	4.55	0.2475	
474	1	4.73	4.73	0.1971	
475	1	4.77	4.77	0.1771	
476	1	4.77	4.77	0.1771	
477	1	4.86	4.86	0.1204	
478	1	4.85	4.85	0.1675	
479	1	4.75	4.75	0.1875	
480	1	4.76	4.76	0.1824	
481	1	4.41	4.41	0.2419	
482	1	4.17	4.17	0.1411	
483	1	4.17	4.17	0.1411	
484	1	4.29	4.29	0.2059	
485	1	4.27	4.27	0.1971	
486	1	4.17	4.17	0.1411	
487	1	4.17	4.17	0.1411	
488	1	4.21	4.21	0.1659	
489	1	4.2	4.2	0.22	
490	1	4.16	4.16	0.1544	
491	1	4.17	4.17	0.1411	
492	1	4.17	4.17	0.1411	
493	1	4.16	4.16	0.1344	
494	1	4.16	4.16	0.1344	
495	1	4.16	4.16	0.1344	
496	1	4.17	4.17	0.1411	
497	1	4.25	4.25	0.1875	
498	1	4.27	4.27	0.1971	
499	1	4.54	4.54	0.3284	
500	1	4.19	4.19	0.1539	
501	1	4.23	4.23	0.3571	
502	1	4.25	4.25	0.3475	
503	1	4.32	4.32	0.4376	
504	1	4.84	4.84	0.9344	
505	1	5.1	5.1	0.95	
506	1	5.48	5.48	0.7296	
507	1	5.79	5.79	0.2859	
508	1	5.71	5.71	0.3859	
509	1	5.45	5.45	0.6675	
510	1	5.86	5.86	0.1204	
511	1	5.85	5.85	0.1275	
512	1	5.79	5.79	0.1659	
513	1	5.8	5.8	0.16	
514	1	5.95	5.95	0.3675	
515	1	5.81	5.81	0.1739	
516	1	5.87	5.87	0.1131	
517	1	5.85	5.85	0.1275	
518	1	5.79	5.79	0.1659	
519	1	5.73	5.73	0.1971	
520	1	5.62	5.62	0.2556	
521	1	5.75	5.75	0.3075	
522	1	5.68	5.68	0.2976	
523	1	5.54	5.54	0.2484	
524	1	5.41	5.41	0.2419	
525	1	5.5	5.5	0.25	
526	1	5.3	5.3	0.21	
527	1	5.42	5.42	0.4036	
528	1	5.55	5.55	0.2475	
529	1	5.59	5.59	0.2419	
530	1	5.47	5.47	0.2491	
531	1	5.72	5.72	0.2016	
532	1	5.73	5.73	0.1971	
533	1	5.68	5.68	0.2176	
534	1	5.74	5.74	0.1924	
535	1	5.84	5.84	0.2544	
536	1	5.84	5.84	0.1344	
537	1	5.9	5.9	0.09	
538	1	6.02	6.02	0.1196	
539	1	6	6	0.3	
540	1	6.03	6.03	0.1491	
541	1	5.97	5.97	0.1491	
542	1	6	6	0.1	
543	1	5.94	5.94	0.0564	
544	1	5.94	5.94	0.1964	
545	1	5.87	5.87	0.3731	
546	1	5.63	5.63	0.2331	
547	1	5.55	5.55	0.2475	
548	1	5.38	5.38	0.2356	
549	1	5.56	5.56	0.2464	
550	1	5.86	5.86	0.1204	
551	1	5.73	5.73	0.2371	
552	1	5.48	5.48	0.2696	
553	1	5.5	5.5	0.27	
554	1	5.41	5.41	0.2419	
555	1	5.37	5.37	0.3531	
556	1	5.4	5.4	0.42	
557	1	5.43	5.43	0.4051	
558	1	5.64	5.64	0.6504	
559	1	5.7	5.7	0.71	
560	1	5.76	5.76	0.6824	
561	1	6.26	6.26	0.6924	
562	1	6.2	6.2	0.56	
563	1	6.28	6.28	0.5816	
564	1	6.64	6.64	0.2304	
565	1	6.29	6.29	0.2059	
566	1	6.09	6.09	0.0819	
567	1	6.37	6.37	0.2331	
568	1	6.59	6.59	0.2419	
569	1	6.66	6.66	0.2244	
570	1	6.68	6.68	0.2176	
571	1	6.81	6.81	0.1539	
572	1	6.79	6.79	0.1659	
573	1	6.79	6.79	0.1659	
574	1	6.53	6.53	0.2491	
575	1	6.74	6.74	0.1924	
576	1	6.76	6.76	0.1824	
577	1	6.64	6.64	0.2304	
578	1	6.59	6.59	0.2419	
579	1	6.6	6.6	0.24	
580	1	6.7	6.7	0.21	
581	1	6.57	6.57	0.2451	
582	1	6.52	6.52	0.2496	
583	1	6.49	6.49	0.2499	
584	1	6.73	6.73	0.1971	
585	1	6.81	6.81	0.1539	
586	1	6.85	6.85	0.1275	
587	1	6.89	6.89	0.0979	
588	1	6.91	6.91	0.0819	
589	1	6.83	6.83	0.1411	
590	1	6.83	6.83	0.1411	
591	1	6.76	6.76	0.1824	
592	1	6.78	6.78	0.1916	
593	1	6.77	6.77	0.1771	
594	1	6.8	6.8	0.2	
595	1	6.78	6.78	0.1716	
596	1	6.48	6.48	0.2496	
597	1	6.63	6.63	0.2331	
598	1	6.7	6.7	0.21	
599	1	6.77	6.77	0.1771	
600	1	6.75	6.75	0.1875	
601	1	6.68	6.68	0.2576	
602	1	6.54	6.54	0.2484	
603	1	6.61	6.61	0.2379	
604	1	6.77	6.77	0.1771	
605	1	6.8	6.8	0.16	
606	1	6.52	6.52	0.2896	
607	1	6.49	6.49	0.2899	
608	1	6.31	6.31	0.2139	
609	1	6.39	6.39	0.2379	
610	1	6.24	6.24	0.2024	
611	1	6.28	6.28	0.2016	
612	1	6.28	6.28	0.2016	
613	1	6.24	6.24	0.1824	
614	1	6.3	6.3	0.21	
615	1	6.23	6.23	0.1771	
616	1	6.41	6.41	0.2419	
617	1	6.63	6.63	0.2331	
618	1	6.64	6.64	0.2304	
619	1	6.77	6.77	0.1771	
620	1	6.81	6.81	0.2139	
621	1	6.97	6.97	0.1691	
622	1	6.92	6.92	0.0736	
623	1	6.79	6.79	0.1659	
624	1	6.73	6.73	0.2771	
625	1	6.43	6.43	0.2451	
626	1	6.31	6.31	0.2139	
627	1	6.2	6.2	0.16	
628	1	6.14	6.14	0.1204	
629	1	6.14	6.14	0.1204	
630	1	6.16	6.16	0.1344	
631	1	6.28	6.28	0.2016	
632	1	6.29	6.29	0.2059	
633	1	6.17	6.17	0.1411	
634	1	6.01	6.01	0.0099	
635	1	6.01	6.01	0.0099	
636	1	6.01	6.01	0.0099	
637	1	6.01	6.01	0.0099	
638	1	6.01	6.01	0.0099	
639	1	6.01	6.01	0.0099	
640	1	6.01	6.01	0.0099	
641	1	6.01	6.01	0.0099	
642	1	6.02	6.02	0.0196	
643	1	6.01	6.01	0.0099	
644	1	6.01	6.01	0.0099	
645	1	6.01	6.01	0.0099	
646	1	6.01	6.01	0.0099	
647	1	6.07	6.07	0.0651	
648	1	6.01	6.01	0.0099	
649	1	6.12	6.12	0.1056	
650	1	6.13	6.13	0.1131	
651	1	6.23	6.23	0.1771	
652	1	6.45	6.45	0.2475	
653	1	6.19	6.19	0.1539	
654	1	6.07	6.07	0.0651	
655	1	6.23	6.23	0.1771	
656	1	6.37	6.37	0.2331	
657	1	6.65	6.65	0.2275	
658	1	6.65	6.65	0.2875	
659	1	6.2	6.2	0.16	
660	1	6.34	6.34	0.2244	
661	1	6.63	6.63	0.2331	
662	1	6.47	6.47	0.2491	
663	1	6.4	6.4	0.24	
664	1	6.53	6.53	0.3491	
665	1	6.57	6.57	0.6051	
666	1	6.1	6.1	0.09	
667	1	6.01	6.01	0.0099	
668	1	6.01	6.01	0.0099	
669	1	6.01	6.01	0.0099	
670	1	6.01	6.01	0.0099	
671	1	6.26	6.26	0.1924	
672	1	6.3	6.3	0.21	
673	1	6.07	6.07	0.0651	
674	1	6.01	6.01	0.0099	
675	1	6.01	6.01	0.0099	
676	1	6.01	6.01	0.0099	
677	1	6.09	6.09	0.0819	
678	1	6.03	6.03	0.0291	
679	1	6.07	6.07	0.0651	
680	1	6.26	6.26	0.1924	
681	1	6.15	6.15	0.1275	
682	1	6.24	6.24	0.1824	
683	1	6.13	6.13	0.1131	
684	1	6.01	6.01	0.0099	
685	1	6.01	6.01	0.0099	
686	1	6.01	6.01	0.0099	
687	1	6.01	6.01	0.0099	
688	1	6.02	6.02	0.0196	
689	1	6.01	6.01	0.0099	
690	1	6.04	6.04	0.0384	
691	1	6.01	6.01	0.0099	
692	1	6.11	6.11	0.0979	
693	1	6.01	6.01	0.0099	
694	1	6.02	6.02	0.0196	
695	1	6.02	6.02	0.0196	
696	1	6.02	6.02	0.0196	
697	1	6.01	6.01	0.0099	
698	1	6.01	6.01	0.0099	
699	1	6.01	6.01	0.0099	
700	1	6.02	6.02	0.0196	
701	1	6.01	6.01	0.0099	
702	1	6.01	6.01	0.0099	
703	1	6.01	6.01	0.0099	
704	1	6.01	6.01	0.0099	
705	1	6.01	6.01	0.0099	
706	1	6.01	6.01	0.0099	
707	1	6.01	6.01	0.0099	
708	1	6.15	6.15	0.1275	
709	1	6.01	6.01	0.0099	
710	1	6.01	6.01	0.0099	
711	1	6.01	6.01	0.0099	
712	1	6.01	6.01	0.0099	
713	1	6.01	6.01	0.0099	
714	1	6.01	6.01	0.0099	
715	1	6.01	6.01	0.0099	
716	1	6.07	6.07	0.0651	
717	1	6.13	6.13	0.1131	
718	1	6.21	6.21	0.1659	
719	1	6.14	6.14	0.1204	
720	1	6.06	6.06	0.0564	
721	1	6.28	6.28	0.2016	
722	1	6.18	6.18	0.1476	
723	1	6.3	6.3	0.21	
724	1	6.2	6.2	0.16	
725	1	6.31	6.31	0.2139	
726	1	6.67	6.67	0.2211	
727	1	6.47	6.47	0.2491	
728	1	6.68	6.68	0.2376	
729	1	6.69	6.69	0.2139	
730	1	6.5	6.5	0.25	
731	1	6.56	6.56	0.2464	
732	1	6.66	6.66	0.2244	
733	1	6.59	6.59	0.2419	
734	1	6.36	6.36	0.2304	
735	1	6.5	6.5	0.25	
736	1	6.5	6.5	0.33	
737	1	6.61	6.61	0.3979	
738	1	6.35	6.35	0.2275	
739	1	6.39	6.39	0.2379	
740	1	6.45	6.45	0.2675	
741	1	6.59	6.59	0.4819	
742	1	6.38	6.38	0.5756	
743	1	6.14	6.14	0.2604	
744	1	6.46	6.46	0.7084	
745	1	6.03	6.03	0.0291	
746	1	6.14	6.14	0.1204	
747	1	6.11	6.11	0.1179	
748	1	6.1	6.1	0.13	
749	1	6.28	6.28	0.3816	
750	1	6.36	6.36	0.3704	
751	1	6.66	6.66	0.4244	
752	1	6.44	6.44	0.5064	
753	1	6.38	6.38	0.4956	
754	1	6.23	6.23	0.3971	
755	1	6.41	6.41	0.7419	
756	1	6.36	6.36	0.8904	
757	1	6.82	6.82	1.1076	
758	1	6.83	6.83	1.2811	
759	1	6.85	6.85	1.4475	
760	1	6.59	6.59	1.2019	
761	1	6.49	6.49	1.2099	
762	1	6.39	6.39	1.0179	
763	1	6.24	6.24	0.6624	
764	1	6.12	6.12	0.3456	
765	1	6.33	6.33	0.8811	
766	1	6.36	6.36	0.9504	
767	1	6.26	6.26	0.6724	
768	1	6.06	6.06	0.1764	
769	1	6.03	6.03	0.0891	
770	1	6.01	6.01	0.0099	
771	1	6.01	6.01	0.0099	
772	1	6.01	6.01	0.0099	
773	1	6.01	6.01	0.0099	
774	1	6.02	6.02	0.0196	
775	1	6.1	6.1	0.09	
776	1	6.01	6.01	0.0099	
777	1	6.01	6.01	0.0099	
778	1	6.09	6.09	0.0819	
779	1	6.05	6.05	0.0475	
780	1	6.01	6.01	0.0099	
781	1	6.01	6.01	0.0099	
782	1	6.01	6.01	0.0099	
783	1	6.12	6.12	0.1056	
784	1	6.19	6.19	0.1539	
785	1	6.11	6.11	0.0979	
786	1	6.12	6.12	0.1056	
787	1	6.1	6.1	0.09	
788	1	6.07	6.07	0.0651	
789	1	6.06	6.06	0.0564	
790	1	6.16	6.16	0.1344	
791	1	6.07	6.07	0.0651	
792	1	6.16	6.16	0.1344	
793	1	6.15	6.15	0.1275	
794	1	6.09	6.09	0.0819	
795	1	6.1	6.1	0.09	
796	1	6.02	6.02	0.0196	
797	1	6.01	6.01	0.0099	
798	1	6.01	6.01	0.0099	
799	1	6.01	6.01	0.0099	
800	1	6.11	6.11	0.0979	
801	1	6.19	6.19	0.1539	
802	1	6.07	6.07	0.0651	
803	1	6.05	6.05	0.0475	
804	1	6.07	6.07	0.0651	
805	1	6.36	6.36	0.2304	
806	1	6.16	6.16	0.1344	
807	1	6.21	6.21	0.1659	
808	1	6.12	6.12	0.1056	
809	1	6.2	6.2	0.16	
810	1	6.16	6.16	0.1344	
811	1	6.22	6.22	0.1716	
812	1	6.27	6.27	0.1971	
813	1	6.22	6.22	0.1716	
814	1	6.46	6.46	0.2484	
815	1	6.36	6.36	0.2304	
816	1	6.21	6.21	0.1659	
817	1	6.22	6.22	0.2516	
818	1	6.19	6.19	0.1539	
819	1	6.19	6.19	0.1539	
820	1	6.19	6.19	0.1539	
821	1	6.31	6.31	0.2139	
822	1	6.29	6.29	0.2259	
823	1	6.32	6.32	0.2776	
824	1	6.27	6.27	0.1971	
825	1	6.25	6.25	0.1875	
826	1	6.46	6.46	0.2484	
827	1	6.28	6.28	0.2016	
828	1	6.24	6.24	0.1824	
829	1	6.29	6.29	0.2059	
830	1	6.37	6.37	0.2331	
831	1	6.4	6.4	0.24	
832	1	6.51	6.51	0.2499	
833	1	6.27	6.27	0.1971	
834	1	6.32	6.32	0.2176	
835	1	6.36	6.36	0.2304	
836	1	6.34	6.34	0.2244	
837	1	6.39	6.39	0.2379	
838	1	6.49	6.49	0.2899	
839	1	6.32	6.32	0.2176	
840	1	6.62	6.62	0.2356	
841	1	6.38	6.38	0.2356	
842	1	6.43	6.43	0.2451	
843	1	6.49	6.49	0.2499	
844	1	6.48	6.48	0.2496	
845	1	6.47	6.47	0.3891	
846	1	6.46	6.46	0.3884	
847	1	6.49	6.49	0.3499	
848	1	6.45	6.45	0.4675	
849	1	6.5	6.5	0.51	
850	1	6.72	6.72	0.7216	
851	1	6.74	6.74	0.4124	
852	1	6.76	6.76	0.4824	
853	1	6.73	6.73	0.4971	
854	1	6.85	6.85	0.7075	
855	1	6.76	6.76	0.7424	
856	1	7.11	7.11	0.6579	
857	1	7.16	7.16	0.5144	
858	1	7.41	7.41	0.2619	
859	1	7.51	7.51	0.2499	
860	1	7.57	7.57	0.2451	
861	1	7.44	7.44	0.2464	
862	1	7.34	7.34	0.2244	
863	1	7.34	7.34	0.2244	
864	1	7.31	7.31	0.2139	
865	1	7.3	7.3	0.21	
866	1	7.34	7.34	0.2244	
867	1	7.31	7.31	0.2139	
868	1	7.46	7.46	0.2484	
869	1	7.33	7.33	0.2211	
870	1	7.32	7.32	0.2176	
871	1	7.32	7.32	0.2176	
872	1	7.34	7.34	0.2244	
873	1	7.36	7.36	0.2304	
874	1	7.71	7.71	0.2059	
875	1	7.79	7.79	0.3459	
876	1	8.07	8.07	0.3651	
877	1	7.99	7.99	0.3899	
878	1	7.7	7.7	0.47	
879	1	7.96	7.96	0.2984	
880	1	7.96	7.96	0.3984	
881	1	8.11	8.11	0.2379	
882	1	7.85	7.85	0.5475	
883	1	7.74	7.74	0.1924	
884	1	7.86	7.86	0.1204	
885	1	7.7	7.7	0.21	
886	1	7.82	7.82	0.1476	
887	1	7.65	7.65	0.2675	
888	1	7.5	7.5	0.25	
889	1	7.97	7.97	0.0291	
890	1	8.01	8.01	0.0099	
891	1	8.01	8.01	0.0099	
892	1	8.01	8.01	0.0099	
893	1	8.01	8.01	0.0099	
894	1	8.01	8.01	0.0099	
895	1	8.01	8.01	0.0099	
896	1	8.01	8.01	0.0099	
897	1	8.07	8.07	0.0651	
898	1	8.3	8.3	0.21	
899	1	8.53	8.53	0.2491	
900	1	8.65	8.65	0.3075	
901	1	8.66	8.66	0.2244	
902	1	8.4	8.4	0.26	
903	1	8.52	8.52	0.2496	
904	1	8.66	8.66	0.2244	
905	1	8.67	8.67	0.2211	
906	1	8.69	8.69	0.2539	
907	1	8.62	8.62	0.2356	
908	1	8.42	8.42	0.2436	
909	1	8.67	8.67	0.2211	
910	1	8.52	8.52	0.2496	
911	1	8.67	8.67	0.2211	
912	1	8.8	8.8	0.2	
913	1	9.21	9.21	0.4459	
914	1	8.88	8.88	0.1656	
915	1	8.86	8.86	0.1204	
916	1	8.91	8.91	0.0819	
917	1	8.93	8.93	0.0651	
918	1	8.92	8.92	0.0736	
919	1	8.91	8.91	0.0819	
920	1	9.03	9.03	0.0291	
921	1	9.02	9.02	0.0196	
922	1	9	9	0	
923	1	9	9	0	
924	1	9	9	0	
925	1	9.02	9.02	0.0196	
926	1	9	9	0	
927	1	9	9	0	
928	1	9	9	0	
929	1	9	9	0	
930	1	9	9	0	
931	1	9	9	0	
932	1	9	9	0	
933	1	9	9	0	
934	1	9	9	0	
935	1	9.02	9.02	0.0196	
936	1	9.08	9.08	0.0736	
937	1	9	9	0	
938	1	9	9	0	
939	1	9	9	0	
940	1	9.03	9.03	0.0291	
941	1	9.02	9.02	0.0196	
942	1	9.23	9.23	0.1771	
943	1	9.32	9.32	0.2176	
944	1	9.3	9.3	0.21	
945	1	9.61	9.61	0.2379	
946	1	9.67	9.67	0.2811	
947	1	9.59	9.59	0.3419	
948	1	9.43	9.43	0.2651	
949	1	9.47	9.47	0.2691	
950	1	9.28	9.28	0.2016	
951	1	9.08	9.08	0.0736	
952	1	9.24	9.24	0.1824	
953	1	9.01	9.01	0.0099	
954	1	9.04	9.04	0.0384	
955	1	9.08	9.08	0.0736	
956	1	9.07	9.07	0.0651	
957	1	9.05	9.05	0.0475	
958	1	9.04	9.04	0.0384	
959	1	9.06	9.06	0.0564	
960	1	9.06	9.06	0.0564	
961	1	9.07	9.07	0.0651	
962	1	9.04	9.04	0.0384	
963	1	9.06	9.06	0.0564	
964	1	9.03	9.03	0.0291	
965	1	9.01	9.01	0.0099	
966	1	9.08	9.08	0.0736	
967	1	9.08	9.08	0.0736	
968	1	9.18	9.18	0.1476	
969	1	9.19	9.19	0.1539	
970	1	9.29	9.29	0.2059	
971	1	9.2	9.2	0.16	
972	1	9.25	9.25	0.1875	
973	1	9.22	9.22	0.1716	
974	1	9.71	9.71	0.2059	
975	1	9.78	9.78	0.1916	
976	1	9.76	9.76	0.1824	
977	1	9.56	9.56	0.2464	
978	1	9.7	9.7	0.23	
979	1	9.51	9.51	0.2899	
980	1	9.25	9.25	0.1875	
981	1	9.73	9.73	0.1971	
982	1	9.68	9.68	0.2176	
983	1	9.8	9.8	0.16	
984	1	9.86	9.86	0.2404	
985	1	9.85	9.85	0.2675	
986	1	9.86	9.86	0.3404	
987	1	10.2	10.2	0.58	
988	1	10.25	10.25	0.9275	
989	1	9.8	9.8	0.96	
990	1	9.96	9.96	0.9384	
991	1	9.53	9.53	0.6291	
992	1	9.61	9.61	0.6579	
993	1	9.87	9.87	0.7531	
994	1	9.83	9.83	0.8411	
995	1	10.03	10.03	1.2691	
996	1	9.31	9.31	0.2939	
997	1	9.17	9.17	0.1411	
998	1	9.13	9.13	0.1131	
999	1	9.18	9.18	0.1476	
1000	1	9.29	9.29	0.2059	
1001	1	9.3	9.3	0.25	
1002	1	9.27	9.27	0.2571	
1003	1	9.35	9.35	0.3675	
1004	1	9.61	9.61	0.6379	
1005	1	9.96	9.96	0.3984	
1006	1	10.01	10.01	0.2699	
1007	1	10.16	10.16	0.1344	
1008	1	10.28	10.28	0.2016	
1009	1	10.15	10.15	0.1275	
1010	1	10.15	10.15	0.1275	
1011	1	10.1	10.1	0.09	
1012	1	10.11	10.11	0.0979	
1013	1	10.21	10.21	0.1659	
1014	1	10.18	10.18	0.1476	
1015	1	10.09	10.09	0.0819	
1016	1	10.09	10.09	0.0819	
1017	1	10.14	10.14	0.1204	
1018	1	10.23	10.23	0.1771	
1019	1	10.46	10.46	0.2484	
1020	1	10.29	10.29	0.2059	
1021	1	10.21	10.21	0.1659	
1022	1	10.27	10.27	0.3171	
1023	1	10.37	10.37	0.4131	
1024	1	10.48	10.48	0.6096	
1025	1	10.63	10.63	0.7131	
1026	1	10.82	10.82	0.8676	
1027	1	10.88	10.88	0.8856	
1028	1	10.61	10.61	0.7979	
1029	1	10.48	10.48	0.7096	
1030	1	10.6	10.6	0.84	
1031	1	10.44	10.44	0.6864	
1032	1	10.44	10.44	0.6864	
1033	1	10.4	10.4	0.64	
1034	1	10.44	10.44	0.6864	
1035	1	10.26	10.26	0.4524	
1036	1	10.3	10.3	0.51	
1037	1	10.3	10.3	0.51	
1038	1	10.28	10.28	0.4816	
1039	1	10.26	10.26	0.4524	
1040	1	10.2	10.2	0.36	
1041	1	10.31	10.31	0.3739	
1042	1	10.31	10.31	0.5139	
1043	1	10.37	10.37	0.5931	
1044	1	10.41	10.41	0.5819	
1045	1	10.54	10.54	0.5484	
1046	1	10.57	10.57	0.5451	
1047	1	10.44	10.44	0.4464	
1048	1	10.67	10.67	0.7211	
1049	1	10.85	10.85	0.6475	
1050	1	11	11	0.94	
1051	1	11.31	11.31	0.8139	
1052	1	11.45	11.45	0.7675	
1053	1	11.4	11.4	0.84	
1054	1	11.38	11.38	0.8556	
1055	1	11.31	11.31	0.9939	
1056	1	11.4	11.4	0.82	
1057	1	11.32	11.32	0.8976	
1058	1	11.28	11.28	0.9216	
1059	1	11.18	11.18	0.9676	
1060	1	11.34	11.34	0.8844	
1061	1	11.38	11.38	0.8556	
1062	1	11.32	11.32	0.8976	
1063	1	11.16	11.16	1.0944	
1064	1	11.14	11.14	0.9804	
1065	1	10.86	10.86	0.9804	
1066	1	10.68	10.68	0.8976	
1067	1	10.78	10.78	0.9516	
1068	1	10.62	10.62	0.8556	
1069	1	10.22	10.22	0.3916	
1070	1	10.52	10.52	0.7696	
1071	1	10.08	10.08	0.1536	
1072	1	10.02	10.02	0.0396	
1073	1	10.07	10.07	0.0651	
1074	1	10.32	10.32	0.2176	
1075	1	10.41	10.41	0.2419	
1076	1	10.43	10.43	0.2451	
1077	1	10.4	10.4	0.24	
1078	1	10.68	10.68	0.2176	
1079	1	10.73	10.73	0.1971	
1080	1	10.71	10.71	0.2059	
1081	1	10.74	10.74	0.1924	
1082	1	10.35	10.35	0.2275	
1083	1	10.38	10.38	0.2356	
1084	1	10.42	10.42	0.2436	
1085	1	10.23	10.23	0.1771	
1086	1	10.28	10.28	0.2016	
1087	1	10.38	10.38	0.2356	
1088	1	10.48	10.48	0.2496	
1089	1	10.23	10.23	0.1771	
1090	1	10.16	10.16	0.1344	
1091	1	10.17	10.17	0.1411	
1092	1	10.14	10.14	0.1204	
1093	1	10.2	10.2	0.16	
1094	1	10.64	10.64	0.2304	
1095	1	10.79	10.79	0.1659	
1096	1	10.91	10.91	0.0819	
1097	1	10.94	10.94	0.1164	
1098	1	10.92	10.92	0.0736	
1099	1	10.86	10.86	0.1204	
1100	1	10.93	10.93	0.0651	
1101	1	10.92	10.92	0.0736	
1102	1	10.96	10.96	0.0384	
1103	1	10.87	10.87	0.1131	
1104	1	10.88	10.88	0.1256	
1105	1	10.94	10.94	0.1764	
1106	1	10.82	10.82	0.1476	
1107	1	10.78	10.78	0.1716	
1108	1	10.78	10.78	0.1716	
1109	1	10.87	10.87	0.2731	
1110	1	10.87	10.87	0.4731	
1111	1	10.9	10.9	0.45	
1112	1	10.7	10.7	0.41	
1113	1	10.81	10.81	0.3939	
1114	1	10.96	10.96	0.4384	
1115	1	11.32	11.32	0.5576	
1116	1	10.91	10.91	0.6819	
1117	1	10.7	10.7	0.75	
1118	1	10.58	10.58	0.6036	
1119	1	10.56	10.56	0.6864	
1120	1	11.25	11.25	0.8275	
1121	1	11.28	11.28	0.8016	
1122	1	11	11	0.78	
1123	1	11.11	11.11	0.7579	
1124	1	10.22	10.22	0.2116	
1125	1	10.32	10.32	0.2576	
1126	1	10.09	10.09	0.0819	
1127	1	10.01	10.01	0.0099	
1128	1	10.01	10.01	0.0099	
1129	1	10.01	10.01	0.0099	
1130	1	10.01	10.01	0.0099	
1131	1	10.01	10.01	0.0099	
1132	1	10.01	10.01	0.0099	
1133	1	10.01	10.01	0.0099	
1134	1	10.01	10.01	0.0099	
1135	1	10.01	10.01	0.0099	
1136	1	10.01	10.01	0.0099	
1137	1	10.01	10.01	0.0099	
1138	1	10.01	10.01	0.0099	
1139	1	10.01	10.01	0.0099	
1140	1	10.01	10.01	0.0099	
1141	1	10.01	10.01	0.0099	
1142	1	10.02	10.02	0.0196	
1143	1	10.04	10.04	0.0384	
1144	1	10.11	10.11	0.0979	
1145	1	10.1	10.1	0.09	
1146	1	10.03	10.03	0.0291	
1147	1	10.01	10.01	0.0099	
1148	1	10.01	10.01	0.0099	
1149	1	10.01	10.01	0.0099	
1150	1	10.01	10.01	0.0099	
1151	1	10.01	10.01	0.0099	
1152	1	10.01	10.01	0.0099	
1153	1	10.01	10.01	0.0099	
1154	1	10.01	10.01	0.0099	
1155	1	10.01	10.01	0.0099	
1156	1	10.01	10.01	0.0099	
1157	1	10.01	10.01	0.0099	
1158	1	10.01	10.01	0.0099	
1159	1	10.06	10.06	0.0564	
1160	1	10.03	10.03	0.0291	
1161	1	10.05	10.05	0.0475	
1162	1	10.01	10.01	0.0099	
1163	1	10.01	10.01	0.0099	
1164	1	10.01	10.01	0.0099	
1165	1	10.01	10.01	0.0099	
1166	1	10.01	10.01	0.0099	
1167	1	10.02	10.02	0.0196	
1168	1	10.02	10.02	0.0196	
1169	1	10.01	10.01	0.0099	
1170	1	10.01	10.01	0.0099	
1171	1	10.1	10.1	0.09	
1172	1	10.24	10.24	0.1824	
1173	1	10.01	10.01	0.0099	
1174	1	10.01	10.01	0.0099	
1175	1	10.01	10.01	0.0099	
1176	1	10.01	10.01	0.0099	
1177	1	10.01	10.01	0.0099	
1178	1	10.01	10.01	0.0099	
1179	1	10.01	10.01	0.0099	
1180	1	10.04	10.04	0.0384	
1181	1	10.01	10.01	0.0099	
1182	1	10.01	10.01	0.0099	
1183	1	10.01	10.01	0.0099	
1184	1	10.14	10.14	0.1204	
1185	1	10.02	10.02	0.0196	
1186	1	10.01	10.01	0.0099	
1187	1	10.01	10.01	0.0099	
1188	1	10.11	10.11	0.0979	
1189	1	10.07	10.07	0.0651	
1190	1	10.04	10.04	0.0384	
1191	1	10.01	10.01	0.0099	
1192	1	10.01	10.01	0.0099	
1193	1	10.05	10.05	0.0475	
1194	1	10.01	10.01	0.0099	
1195	1	10.01	10.01	0.0099	
1196	1	10.01	10.01	0.0099	
1197	1	10.01	10.01	0.0099	
1198	1	10.01	10.01	0.0099	
1199	1	10.01	10.01	0.0099	
1200	1	10.01	10.01	0.0099	
1201	1	10.01	10.01	0.0099	
1202	1	10.01	10.01	0.0099	
1203	1	10.01	10.01	0.0099	
1204	1	10.01	10.01	0.0099	
1205	1	10.01	10.01	0.0099	
1206	1	10.01	10.01	0.0099	
1207	1	10.01	10.01	0.0099	
1208	1	10.01	10.01	0.0099	
1209	1	10.01	10.01	0.0099	
1210	1	10.01	10.01	0.0099	
1211	1	10.01	10.01	0.0099	
1212	1	10.01	10.01	0.0099	
1213	1	10.15	10.15	0.1275	
1214	1	10.21	10.21	0.1659	
1215	1	10.35	10.35	0.2275	
1216	1	10.47	10.47	0.2491	
1217	1	10.79	10.79	0.1659	
1218	1	10.9	10.9	0.09	
1219	1	10.81	10.81	0.1539	
1220	1	10.85	10.85	0.1475	
1221	1	10.93	10.93	0.0651	
1222	1	10.93	10.93	0.0651	
1223	1	10.94	10.94	0.0564	
1224	1	10.94	10.94	0.0564	
1225	1	10.89	10.89	0.0979	
1226	1	10.72	10.72	0.2216	
1227	1	10.84	10.84	0.1544	
1228	1	10.64	10.64	0.2304	
1229	1	10.51	10.51	0.2499	
1230	1	10.55	10.55	0.2475	
1231	1	10.44	10.44	0.2464	
1232	1	10.59	10.59	0.2819	
1233	1	10.68	10.68	0.2576	
1234	1	10.65	10.65	0.2275	
1235	1	10.83	10.83	0.1411	
1236	1	10.9	10.9	0.09	
1237	1	10.96	10.96	0.0384	
1238	1	10.86	10.86	0.2004	
1239	1	10.94	10.94	0.2564	
1240	1	11.1	11.1	0.09	
1241	1	11.12	11.12	0.1056	
1242	1	11.12	11.12	0.1056	
1243	1	11.09	11.09	0.0819	
1244	1	11.12	11.12	0.1056	
1245	1	11.12	11.12	0.1056	
1246	1	11.08	11.08	0.0736	
1247	1	11.11	11.11	0.0979	
1248	1	11.12	11.12	0.1056	
1249	1	11.02	11.02	0.0196	
1250	1	11.12	11.12	0.1056	
1251	1	11.15	11.15	0.1275	
1252	1	11.17	11.17	0.1411	
1253	1	11.22	11.22	0.1716	
1254	1	11.18	11.18	0.1476	
1255	1	11.17	11.17	0.1411	
1256	1	11.12	11.12	0.1056	
1257	1	11.05	11.05	0.0475	
1258	1	11.09	11.09	0.0819	
1259	1	11.07	11.07	0.0651	
1260	1	11.16	11.16	0.1344	
1261	1	11.16	11.16	0.1344	
1262	1	11.26	11.26	0.1924	
1263	1	11.09	11.09	0.0819	
1264	1	11.19	11.19	0.1539	
1265	1	11.11	11.11	0.0979	
1266	1	11.22	11.22	0.1716	
1267	1	11.4	11.4	0.26	
1268	1	11.45	11.45	0.2475	
1269	1	11.28	11.28	0.2016	
1270	1	11.46	11.46	0.2484	
1271	1	11.5	11.5	0.25	
1272	1	11.25	11.25	0.2075	
1273	1	11.31	11.31	0.2139	
1274	1	11.41	11.41	0.3019	
1275	1	11.36	11.36	0.2304	
1276	1	11.26	11.26	0.1924	
1277	1	11.31	11.31	0.2139	
1278	1	11.46	11.46	0.2484	
1279	1	11.74	11.74	0.1924	
1280	1	11.79	11.79	0.1659	
1281	1	11.87	11.87	0.1131	
1282	1	11.82	11.82	0.1676	
1283	1	11.81	11.81	0.1539	
1284	1	11.62	11.62	0.2356	
1285	1	11.79	11.79	0.2259	
1286	1	11.83	11.83	0.1611	
1287	1	11.89	11.89	0.0979	
1288	1	11.86	11.86	0.1204	
1289	1	11.82	11.82	0.1676	
1290	1	11.77	11.77	0.1771	
1291	1	11.71	11.71	0.2059	
1292	1	11.72	11.72	0.2016	
1293	1	11.61	11.61	0.2379	
1294	1	11.68	11.68	0.2176	
1295	1	11.68	11.68	0.2176	
1296	1	11.68	11.68	0.2176	
1297	1	11.67	11.67	0.2211	
1298	1	11.65	11.65	0.2275	
1299	1	11.54	11.54	0.2484	
1300	1	11.62	11.62	0.2356	
1301	1	11.44	11.44	0.2464	
1302	1	11.46	11.46	0.2484	
1303	1	11.01	11.01	0.0099	
1304	1	11.01	11.01	0.0099	
1305	1	11.01	11.01	0.0099	
1306	1	11.09	11.09	0.0819	
1307	1	11.08	11.08	0.0736	
1308	1	11.01	11.01	0.0099	
1309	1	11.03	11.03	0.0291	
1310	1	11.01	11.01	0.0099	
1311	1	11.01	11.01	0.0099	
1312	1	11.01	11.01	0.0099	
1313	1	11.01	11.01	0.0099	
1314	1	11.01	11.01	0.0099	
1315	1	11.01	11.01	0.0099	
1316	1	11.01	11.01	0.0099	
1317	1	11.01	11.01	0.0099	
1318	1	11.01	11.01	0.0099	
1319	1	11.01	11.01	0.0099	
1320	1	11.01	11.01	0.0099	
1321	1	11.01	11.01	0.0099	
1322	1	11.01	11.01	0.0099	
1323	1	11.01	11.01	0.0099	
1324	1	11.01	11.01	0.0099	
1325	1	11.04	11.04	0.0384	
1326	1	11.01	11.01	0.0099	
1327	1	11.01	11.01	0.0099	
1328	1	11.01	11.01	0.0099	
1329	1	11.01	11.01	0.0099	
1330	1	11.01	11.01	0.0099	
1331	1	11.01	11.01	0.0099	
1332	1	11.01	11.01	0.0099	
1333	1	11.01	11.01	0.0099	
1334	1	11.01	11.01	0.0099	
1335	1	11.01	11.01	0.0099	
1336	1	11.03	11.03	0.0291	
1337	1	11.01	11.01	0.0099	
1338	1	11.01	11.01	0.0099	
1339	1	11.01	11.01	0.0099	
1340	1	11.01	11.01	0.0099	
1341	1	11.01	11.01	0.0099	
1342	1	11.01	11.01	0.0099	
1343	1	11.01	11.01	0.0099	
1344	1	11.01	11.01	0.0099	
1345	1	11.01	11.01	0.0099	
1346	1	11.01	11.01	0.0099	
1347	1	11.01	11.01	0.0099	
1348	1	11.01	11.01	0.0099	
1349	1	11.03	11.03	0.0291	
1350	1	11.01	11.01	0.0099	
1351	1	11.02	11.02	0.0196	
1352	1	11.01	11.01	0.0099	
1353	1	11.25	11.25	0.1875	
1354	1	11.11	11.11	0.0979	
1355	1	11.39	11.39	0.2979	
1356	1	11.31	11.31	0.2139	
1357	1	11.16	11.16	0.1344	
1358	1	11.08	11.08	0.0736	
1359	1	11.01	11.01	0.0099	
1360	1	11.01	11.01	0.0099	
1361	1	11.01	11.01	0.0099	
1362	1	11.01	11.01	0.0099	
1363	1	11.01	11.01	0.0099	
1364	1	11.01	11.01	0.0099	
1365	1	11.01	11.01	0.0099	
1366	1	11.01	11.01	0.0099	
1367	1	11.01	11.01	0.0099	
1368	1	11.01	11.01	0.0099	
1369	1	11.01	11.01	0.0099	
1370	1	11.01	11.01	0.0099	
1371	1	11.01	11.01	0.0099	
1372	1	11.01	11.01	0.0099	
1373	1	11.01	11.01	0.0099	
1374	1	11.01	11.01	0.0099	
1375	1	11.01	11.01	0.0099	
1376	1	11.01	11.01	0.0099	
1377	1	11.02	11.02	0.0196	
1378	1	11.01	11.01	0.0099	
1379	1	11.01	11.01	0.0099	
1380	1	11.01	11.01	0.0099	
1381	1	11.01	11.01	0.0099	
1382	1	11.01	11.01	0.0099	
1383	1	11.1	11.1	0.09	
1384	1	11.02	11.02	0.0196	
1385	1	11.01	11.01	0.0099	
1386	1	11.03	11.03	0.0291	
1387	1	11.01	11.01	0.0099	
1388	1	11.01	11.01	0.0099	
1389	1	11.01	11.01	0.0099	
1390	1	11.01	11.01	0.0099	
1391	1	11.01	11.01	0.0099	
1392	1	11.05	11.05	0.0475	
1393	1	11.01	11.01	0.0099	
1394	1	11.05	11.05	0.0475	
1395	1	11.2	11.2	0.16	
1396	1	11.01	11.01	0.0099	
1397	1	11.01	11.01	0.0099	
1398	1	11.01	11.01	0.0099	
1399	1	11.01	11.01	0.0099	
1400	1	11.01	11.01	0.0099	
1401	1	11.01	11.01	0.0099	
1402	1	11.01	11.01	0.0099	
1403	1	11.01	11.01	0.0099	
1404	1	11.01	11.01	0.0099	
1405	1	11.01	11.01	0.0099	
1406	1	11.01	11.01	0.0099	
1407	1	11.01	11.01	0.0099	
1408	1	11.01	11.01	0.0099	
1409	1	11.01	11.01	0.0099	
1410	1	11.01	11.01	0.0099	
1411	1	11.01	11.01	0.0099	
1412	1	11.01	11.01	0.0099	
1413	1	11.01	11.01	0.0099	
1414	1	11.01	11.01	0.0099	
1415	1	11.01	11.01	0.0099	
1416	1	11.01	11.01	0.0099	
1417	1	11.01	11.01	0.0099	
1418	1	11.01	11.01	0.0099	
1419	1	11.01	11.01	0.0099	
1420	1	11.14	11.14	0.1204	
1421	1	11.13	11.13	0.1131	
1422	1	11.01	11.01	0.0099	
1423	1	11.13	11.13	0.1131	
1424	1	11.01	11.01	0.0099	
1425	1	11.1	11.1	0.09	
1426	1	11.01	11.01	0.0099	
1427	1	11.01	11.01	0.0099	
1428	1	11.01	11.01	0.0099	
1429	1	11.01	11.01	0.0099	
1430	1	11.01	11.01	0.0099	
1431	1	11.08	11.08	0.0736	
1432	1	11.06	11.06	0.0564	
1433	1	11.09	11.09	0.0819	
1434	1	11.01	11.01	0.0099	
1435	1	11.01	11.01	0.0099	
1436	1	11.01	11.01	0.0099	
1437	1	11.07	11.07	0.0651	
1438	1	11.03	11.03	0.0291	
1439	1	11.01	11.01	0.0099	
1440	1	11.01	11.01	0.0099	
1441	1	11.01	11.01	0.0099	
1442	1	11.01	11.01	0.0099	
1443	1	11.01	11.01	0.0099	
1444	1	11.01	11.01	0.0099	
1445	1	11.01	11.01	0.0099	
1446	1	11.09	11.09	0.0819	
1447	1	11.01	11.01	0.0099	
1448	1	11.02	11.02	0.0196	
1449	1	11.06	11.06	0.0564	
1450	1	11.15	11.15	0.1275	
1451	1	11.15	11.15	0.1275	
1452	1	11.13	11.13	0.1131	
1453	1	11.11	11.11	0.0979	
1454	1	11.09	11.09	0.0819	
1455	1	11.04	11.04	0.0384	
1456	1	11.06	11.06	0.0564	
1457	1	11.07	11.07	0.0651	
1458	1	11.1	11.1	0.11	
1459	1	11.08	11.08	0.0736	
1460	1	11.08	11.08	0.0736	
1461	1	11.18	11.18	0.1476	
1462	1	11.34	11.34	0.2244	
1463	1	11.51	11.51	0.2499	
1464	1	11.69	11.69	0.2139	
1465	1	11.65	11.65	0.2275	
1466	1	11.78	11.78	0.1916	
1467	1	11.68	11.68	0.2176	
1468	1	11.87	11.87	0.1731	
1469	1	11.91	11.91	0.0819	
1470	1	11.89	11.89	0.0979	
1471	1	11.96	11.96	0.0384	
1472	1	11.95	11.95	0.0475	
1473	1	12	12	0	
1474	1	12	12	0	
1475	1	12	12	0	
1476	1	12	12	0	
1477	1	12	12	0	
1478	1	12.02	12.02	0.0196	
1479	1	12.43	12.43	0.2451	
1480	1	12.49	12.49	0.2499	
1481	1	12.41	12.41	0.2419	
1482	1	12.64	12.64	0.2504	
1483	1	12.63	12.63	0.2331	
1484	1	12.71	12.71	0.3059	
1485	1	12.96	12.96	0.5984	
1486	1	13.14	13.14	0.8204	
1487	1	13.12	13.12	0.7656	
1488	1	13.22	13.22	0.8316	
1489	1	13.31	13.31	0.7939	
1490	1	13.08	13.08	0.9336	
1491	1	13.42	13.42	0.8236	
1492	1	13.18	13.18	0.9676	
1493	1	13.24	13.24	0.9424	
1494	1	13.38	13.38	0.8556	
1495	1	13.48	13.48	0.7696	
1496	1	13.46	13.46	0.7884	
1497	1	13.3	13.3	0.91	
1498	1	13.22	13.22	0.9516	
1499	1	13.1	13.1	0.99	
1500	1	13.25	13.25	0.9675	
1501	1	13.31	13.31	0.8539	
1502	1	13.25	13.25	0.9475	
1503	1	13.13	13.13	0.8931	
1504	1	13.39	13.39	0.7379	
1505	1	13.34	13.34	0.7844	
1506	1	13.47	13.47	0.6491	
1507	1	13.26	13.26	0.7924	
1508	1	12.78	12.78	0.8116	
1509	1	13.24	13.24	0.6824	
1510	1	13.5	13.5	0.59	
1511	1	13.45	13.45	0.6675	
1512	1	13.33	13.33	0.7011	
1513	1	13.53	13.53	0.5491	
1514	1	13.35	13.35	0.5275	
1515	1	13.12	13.12	0.3856	
1516	1	13.34	13.34	0.6844	
1517	1	13.62	13.62	0.9756	
1518	1	12.77	12.77	1.2971	
1519	1	13.74	13.74	1.5524	
1520	1	13.76	13.76	1.6224	
1521	1	13.88	13.88	1.0656	
1522	1	13.4	13.4	0.96	
1523	1	13.52	13.52	0.7296	
1524	1	13.2	13.2	0.96	
1525	1	13.52	13.52	0.7296	
1526	1	13.56	13.56	0.6864	
1527	1	13.28	13.28	0.9216	
1528	1	13.25	13.25	0.9675	
1529	1	13.08	13.08	0.9936	
1530	1	13.14	13.14	0.9804	
1531	1	12.77	12.77	0.9771	
1532	1	12.82	12.82	0.9676	
1533	1	12.62	12.62	0.8556	
1534	1	12.66	12.66	0.8844	
1535	1	12.62	12.62	0.8556	
1536	1	12.62	12.62	0.8556	
1537	1	12.72	12.72	0.9216	
1538	1	12.92	12.92	0.9936	
1539	1	12.82	12.82	0.9676	
1540	1	12.74	12.74	0.9324	
1541	1	12.56	12.56	0.7664	
1542	1	12.57	12.57	0.7851	
1543	1	12.72	12.72	0.7616	
1544	1	12.83	12.83	0.7811	
1545	1	13.3	13.3	0.63	
1546	1	13.24	13.24	0.5424	
1547	1	13.66	13.66	0.2244	
1548	1	13.47	13.47	0.2491	
1549	1	13.62	13.62	0.2356	
1550	1	13.56	13.56	0.2864	
1551	1	13.93	13.93	0.2451	
1552	1	13.86	13.86	0.3204	
1553	1	13.86	13.86	0.1604	
1554	1	14.05	14.05	0.0475	
1555	1	14.28	14.28	0.2016	
1556	1	14.25	14.25	0.1875	
1557	1	14.16	14.16	0.1344	
1558	1	14.07	14.07	0.0651	
1559	1	14.07	14.07	0.0651	
1560	1	14.24	14.24	0.1824	
1561	1	14.08	14.08	0.0736	
1562	1	14.05	14.05	0.0475	
1563	1	14.09	14.09	0.0819	
1564	1	14.07	14.07	0.0651	
1565	1	14.14	14.14	0.1204	
1566	1	14.26	14.26	0.1924	
1567	1	14.55	14.55	0.2675	
1568	1	14.71	14.71	0.2059	
1569	1	14.76	14.76	0.2224	
1570	1	14.56	14.56	0.2464	
1571	1	14.43	14.43	0.2451	
1572	1	14.27	14.27	0.1971	
1573	1	14.4	14.4	0.24	
1574	1	14.07	14.07	0.0651	
1575	1	14.07	14.07	0.0651	
1576	1	14.02	14.02	0.0196	
1577	1	14.01	14.01	0.0099	
1578	1	14.01	14.01	0.0099	
1579	1	14.01	14.01	0.0099	
1580	1	14.01	14.01	0.0099	
1581	1	14.01	14.01	0.0099	
1582	1	14.01	14.01	0.0099	
1583	1	14.02	14.02	0.0196	
1584	1	14.01	14.01	0.0099	
1585	1	14.01	14.01	0.0099	
1586	1	14.01	14.01	0.0099	
1587	1	14.01	14.01	0.0099	
1588	1	14.01	14.01	0.0099	
1589	1	14.01	14.01	0.0099	
1590	1	14.01	14.01	0.0099	
1591	1	14.01	14.01	0.0099	
1592	1	14.01	14.01	0.0099	
1593	1	14.01	14.01	0.0099	
1594	1	14.01	14.01	0.0099	
1595	1	14.01	14.01	0.0099	
1596	1	14.01	14.01	0.0099	
1597	1	14.01	14.01	0.0099	
1598	1	14.01	14.01	0.0099	
1599	1	14.01	14.01	0.0099	
1600	1	14.01	14.01	0.0099	
1601	1	14.01	14.01	0.0099	
1602	1	14.19	14.19	0.1539	
1603	1	14.14	14.14	0.1204	
1604	1	14.12	14.12	0.1056	
1605	1	14.06	14.06	0.0564	
1606	1	14.17	14.17	0.1411	
1607	1	14.08	14.08	0.0736	
1608	1	14.24	14.24	0.1824	
1609	1	14.23	14.23	0.1771	
1610	1	14.15	14.15	0.1275	
1611	1	14.29	14.29	0.2059	
1612	1	14.51	14.51	0.2499	
1613	1	14.46	14.46	0.2884	
1614	1	14.65	14.65	0.2275	
1615	1	14.51	14.51	0.2499	
1616	1	14.5	14.5	0.25	
1617	1	14.38	14.38	0.2356	
1618	1	14.36	14.36	0.2304	
1619	1	14.63	14.63	0.2531	
1620	1	14.62	14.62	0.2356	
1621	1	14.62	14.62	0.2356	
1622	1	14.52	14.52	0.2496	
1623	1	14.63	14.63	0.2331	
1624	1	14.63	14.63	0.2331	
1625	1	14.2	14.2	0.16	
1626	1	14.02	14.02	0.0196	
1627	1	14.03	14.03	0.0291	
1628	1	14.01	14.01	0.0099	
1629	1	14.05	14.05	0.0475	
1630	1	14.06	14.06	0.0564	
1631	1	14.01	14.01	0.0099	
1632	1	14.01	14.01	0.0099	
1633	1	14.03	14.03	0.0291	
1634	1	14.03	14.03	0.0291	
1635	1	14.01	14.01	0.0099	
1636	1	14.01	14.01	0.0099	
1637	1	14.02	14.02	0.0196	
1638	1	14.03	14.03	0.0291	
1639	1	14.01	14.01	0.0099	
1640	1	14.01	14.01	0.0099	
1641	1	14.06	14.06	0.0564	
1642	1	14.04	14.04	0.0384	
1643	1	14.17	14.17	0.1411	
1644	1	14.03	14.03	0.0291	
1645	1	14.23	14.23	0.1771	
1646	1	14.33	14.33	0.2211	
1647	1	14.17	14.17	0.1411	
1648	1	14.14	14.14	0.1204	
1649	1	14.01	14.01	0.0099	
1650	1	14.01	14.01	0.0099	
1651	1	14.01	14.01	0.0099	
1652	1	14.01	14.01	0.0099	
1653	1	14.01	14.01	0.0099	
1654	1	14.01	14.01	0.0099	
1655	1	14.01	14.01	0.0099	
1656	1	14.01	14.01	0.0099	
1657	1	14.01	14.01	0.0099	
1658	1	14.01	14.01	0.0099	
1659	1	14.01	14.01	0.0099	
1660	1	14.01	14.01	0.0099	
1661	1	14.01	14.01	0.0099	
1662	1	14.01	14.01	0.0099	
1663	1	14.06	14.06	0.0564	
1664	1	14.1	14.1	0.09	
1665	1	14.17	14.17	0.1411	
1666	1	14.13	14.13	0.1131	
1667	1	14.13	14.13	0.1131	
1668	1	14.06	14.06	0.0564	
1669	1	14.25	14.25	0.1875	
1670	1	14.2	14.2	0.16	
1671	1	14.19	14.19	0.1539	
1672	1	14.01	14.01	0.0099	
1673	1	14.02	14.02	0.0196	
1674	1	14.01	14.01	0.0099	
1675	1	14.01	14.01	0.0099	
1676	1	14.01	14.01	0.0099	
1677	1	14.01	14.01	0.0099	
1678	1	14.01	14.01	0.0099	
1679	1	14.02	14.02	0.0196	
1680	1	14.01	14.01	0.0099	
1681	1	14.01	14.01	0.0099	
1682	1	14.01	14.01	0.0099	
1683	1	14.02	14.02	0.0196	
1684	1	14.01	14.01	0.0099	
1685	1	14.21	14.21	0.1659	
1686	1	14.19	14.19	0.1539	
1687	1	14.04	14.04	0.0384	
1688	1	14.14	14.14	0.1404	
1689	1	14.38	14.38	0.5156	
1690	1	14.76	14.76	0.7624	
1691	1	15.05	15.05	0.8075	
1692	1	14.68	14.68	0.8576	
1693	1	14.14	14.14	0.2604	
1694	1	14.1	14.1	0.19	
1695	1	14.02	14.02	0.0396	
1696	1	14.02	14.02	0.0396	
1697	1	14.04	14.04	0.0384	
1698	1	14.01	14.01	0.0099	
1699	1	14.18	14.18	0.1476	
1700	1	14.07	14.07	0.0651	
1701	1	14.06	14.06	0.0564	
1702	1	14.01	14.01	0.0099	
1703	1	14.01	14.01	0.0099	
1704	1	14.01	14.01	0.0099	
1705	1	14.04	14.04	0.0384	
1706	1	14.13	14.13	0.1131	
1707	1	14.16	14.16	0.1344	
1708	1	14.2	14.2	0.16	
1709	1	14.25	14.25	0.1875	
1710	1	14.24	14.24	0.1824	
1711	1	14.41	14.41	0.2419	
1712	1	14.75	14.75	0.1875	
1713	1	14.99	14.99	0.0899	
1714	1	15.07	15.07	0.0651	
1715	1	15.01	15.01	0.0099	
1716	1	15.01	15.01	0.0099	
1717	1	15.01	15.01	0.0099	
1718	1	15.01	15.01	0.0099	
1719	1	15.01	15.01	0.0099	
1720	1	15.01	15.01	0.0099	
1721	1	15.01	15.01	0.0099	
1722	1	15.01	15.01	0.0099	
1723	1	15.01	15.01	0.0099	
1724	1	15.01	15.01	0.0099	
1725	1	15.01	15.01	0.0099	
1726	1	15.16	15.16	0.1744	
1727	1	15.03	15.03	0.0291	
1728	1	15.01	15.01	0.0099	
1729	1	15.01	15.01	0.0099	
1730	1	15.01	15.01	0.0099	
1731	1	15.01	15.01	0.0099	
1732	1	15.01	15.01	0.0099	
1733	1	15.01	15.01	0.0099	
1734	1	15.01	15.01	0.0099	
1735	1	15.01	15.01	0.0099	
1736	1	15.01	15.01	0.0099	
1737	1	15.01	15.01	0.0099	
1738	1	15.01	15.01	0.0099	
1739	1	15.01	15.01	0.0099	
1740	1	15.01	15.01	0.0099	
1741	1	15.01	15.01	0.0099	
1742	1	15.01	15.01	0.0099	
1743	1	15.01	15.01	0.0099	
1744	1	15.02	15.02	0.0196	
1745	1	15.09	15.09	0.0819	
1746	1	15.1	15.1	0.09	
1747	1	15.13	15.13	0.1131	
1748	1	15.18	15.18	0.1476	
1749	1	15.22	15.22	0.1916	
1750	1	15.17	15.17	0.2211	
1751	1	15.17	15.17	0.2411	
1752	1	15.23	15.23	0.3171	
1753	1	15.46	15.46	0.4484	
1754	1	15.26	15.26	0.2724	
1755	1	15.53	15.53	0.3691	
1756	1	15.88	15.88	0.3656	
1757	1	16.03	16.03	0.4691	
1758	1	16.37	16.37	0.7131	
1759	1	16.09	16.09	0.7819	
1760	1	16.63	16.63	0.5131	
1761	1	16.61	16.61	0.4379	
1762	1	16.6	16.6	0.42	
1763	1	16.6	16.6	0.38	
1764	1	16.61	16.61	0.4979	
1765	1	16.94	16.94	0.6564	
1766	1	16.74	16.74	1.0124	
1767	1	16.67	16.67	0.5611	
1768	1	16.43	16.43	0.4651	
1769	1	16.63	16.63	0.3731	
1770	1	16.54	16.54	0.4084	
1771	1	16.5	16.5	0.47	
1772	1	16.41	16.41	0.5619	
1773	1	16.19	16.19	0.2539	
1774	1	16.5	16.5	0.29	
1775	1	16.37	16.37	0.3931	
1776	1	16.63	16.63	0.3531	
1777	1	16.78	16.78	0.2316	
1778	1	16.86	16.86	0.1204	
1779	1	16.9	16.9	0.09	
1780	1	16.82	16.82	0.1476	
1781	1	16.58	16.58	0.2436	
1782	1	16.73	16.73	0.1971	
1783	1	16.76	16.76	0.1824	
1784	1	16.58	16.58	0.2436	
1785	1	16.61	16.61	0.2379	
1786	1	16.36	16.36	0.2304	
1787	1	16.51	16.51	0.2499	
1788	1	16.77	16.77	0.1971	
1789	1	16.76	16.76	0.1824	
1790	1	16.92	16.92	0.1936	
1791	1	16.84	16.84	0.2544	
1792	1	16.9	16.9	0.23	
1793	1	16.99	16.99	0.2499	
1794	1	17.2	17.2	0.36	
1795	1	17.17	17.17	0.4811	
1796	1	17.42	17.42	0.6236	
1797	1	17.52	17.52	0.6896	
1798	1	17.62	17.62	0.6156	
1799	1	17.68	17.68	0.5376	
1800	1	17.43	17.43	0.8251	
1801	1	17.54	17.54	0.7084	
1802	1	17.64	17.64	0.5904	
1803	1	17.74	17.74	0.4524	
1804	1	17.74	17.74	0.4524	
1805	1	17.68	17.68	0.5376	
1806	1	17.48	17.48	0.7696	
1807	1	17.29	17.29	0.8859	
1808	1	16.92	16.92	0.8936	
1809	1	16.66	16.66	0.8044	
1810	1	16.15	16.15	0.2475	
1811	1	16.14	16.14	0.3204	
1812	1	16.08	16.08	0.1536	
1813	1	16.02	16.02	0.0396	
1814	1	16.01	16.01	0.0099	
1815	1	16.01	16.01	0.0099	
1816	1	16.01	16.01	0.0099	
1817	1	16.01	16.01	0.0099	
1818	1	16.01	16.01	0.0099	
1819	1	16.01	16.01	0.0099	
1820	1	16.01	16.01	0.0099	
1821	1	16.01	16.01	0.0099	
1822	1	16.01	16.01	0.0099	
1823	1	16.01	16.01	0.0099	
1824	1	16.01	16.01	0.0099	
1825	1	16.01	16.01	0.0099	
1826	1	16.07	16.07	0.0651	
1827	1	16.01	16.01	0.0099	
1828	1	16.01	16.01	0.0099	
1829	1	16.01	16.01	0.0099	
1830	1	16.01	16.01	0.0099	
1831	1	16.01	16.01	0.0099	
1832	1	16.03	16.03	0.0291	
1833	1	16.01	16.01	0.0099	
1834	1	16.01	16.01	0.0099	
1835	1	16.01	16.01	0.0099	
1836	1	16.01	16.01	0.0099	
1837	1	16.01	16.01	0.0099	
1838	1	16.01	16.01	0.0099	
1839	1	16.01	16.01	0.0099	
1840	1	16.01	16.01	0.0099	
1841	1	16.01	16.01	0.0099	
1842	1	16.01	16.01	0.0099	
1843	1	16.01	16.01	0.0099	
1844	1	16.04	16.04	0.0384	
1845	1	16.01	16.01	0.0099	
1846	1	16.01	16.01	0.0099	
1847	1	16.01	16.01	0.0099	
1848	1	16.01	16.01	0.0099	
1849	1	16.01	16.01	0.0099	
1850	1	16.14	16.14	0.1204	
1851	1	16.07	16.07	0.0651	
1852	1	16.06	16.06	0.0564	
1853	1	16.01	16.01	0.0099	
1854	1	16.01	16.01	0.0099	
1855	1	16.01	16.01	0.0099	
1856	1	16.01	16.01	0.0099	
1857	1	16.01	16.01	0.0099	
1858	1	16.01	16.01	0.0099	
1859	1	16.01	16.01	0.0099	
1860	1	16.01	16.01	0.0099	
1861	1	16.01	16.01	0.0099	
1862	1	16.01	16.01	0.0099	
1863	1	16.01	16.01	0.0099	
1864	1	16.01	16.01	0.0099	
1865	1	16.01	16.01	0.0099	
1866	1	16.01	16.01	0.0099	
1867	1	16.01	16.01	0.0099	
1868	1	16.01	16.01	0.0099	
1869	1	16.01	16.01	0.0099	
1870	1	16.01	16.01	0.0099	
1871	1	16.01	16.01	0.0099	
1872	1	16.01	16.01	0.0099	
1873	1	16.01	16.01	0.0099	
1874	1	16.01	16.01	0.0099	
1875	1	16.02	16.02	0.0196	
1876	1	16.01	16.01	0.0099	
1877	1	16.01	16.01	0.0099	
1878	1	16.01	16.01	0.0099	
1879	1	16.01	16.01	0.0099	
1880	1	16.01	16.01	0.0099	
1881	1	16.01	16.01	0.0099	
1882	1	16.01	16.01	0.0099	
1883	1	16.01	16.01	0.0099	
1884	1	16.01	16.01	0.0099	
1885	1	16.01	16.01	0.0099	
1886	1	16.01	16.01	0.0099	
1887	1	16.01	16.01	0.0099	
1888	1	16.01	16.01	0.0099	
1889	1	16.01	16.01	0.0099	
1890	1	16.01	16.01	0.0099	
1891	1	16.01	16.01	0.0099	
1892	1	16.01	16.01	0.0099	
1893	1	16.04	16.04	0.0384	
1894	1	16.24	16.24	0.1824	
1895	1	16.29	16.29	0.2059	
1896	1	16.01	16.01	0.0099	
1897	1	16.01	16.01	0.0099	
1898	1	16.01	16.01	0.0099	
1899	1	16.01	16.01	0.0099	
1900	1	16.07	16.07	0.0651	
1901	1	16.01	16.01	0.0099	
1902	1	16.01	16.01	0.0099	
1903	1	16.01	16.01	0.0099	
1904	1	16.01	16.01	0.0099	
1905	1	16.01	16.01	0.0099	
1906	1	16.01	16.01	0.0099	
1907	1	16.02	16.02	0.0196	
1908	1	16.01	16.01	0.0099	
1909	1	16.01	16.01	0.0099	
1910	1	16.01	16.01	0.0099	
1911	1	16.02	16.02	0.0196	
1912	1	16.07	16.07	0.0651	
1913	1	16.1	16.1	0.09	
1914	1	16.23	16.23	0.1771	
1915	1	16.33	16.33	0.2211	
1916	1	16.34	16.34	0.2244	
1917	1	16.12	16.12	0.1056	
1918	1	16.1	16.1	0.09	
1919	1	16.11	16.11	0.0979	
1920	1	16.07	16.07	0.0651	
1921	1	16.33	16.33	0.2211	
1922	1	16.41	16.41	0.2619	
1923	1	16.36	16.36	0.2304	
1924	1	16.32	16.32	0.2176	
1925	1	16.32	16.32	0.2176	
1926	1	16.53	16.53	0.2491	
1927	1	16.33	16.33	0.2411	
1928	1	16.52	16.52	0.2696	
1929	1	16.41	16.41	0.2419	
1930	1	16.26	16.26	0.1924	
1931	1	16.19	16.19	0.1539	
1932	1	16.23	16.23	0.1771	
1933	1	16.15	16.15	0.1275	
1934	1	16.11	16.11	0.0979	
1935	1	16.06	16.06	0.0564	
1936	1	16.01	16.01	0.0099	
1937	1	16.06	16.06	0.0564	
1938	1	16.01	16.01	0.0099	
1939	1	16.01	16.01	0.0099	
1940	1	16.06	16.06	0.0564	
1941	1	16.01	16.01	0.0099	
1942	1	16.01	16.01	0.0099	
1943	1	16.01	16.01	0.0099	
1944	1	16.01	16.01	0.0099	
1945	1	16.01	16.01	0.0099	
1946	1	16.01	16.01	0.0099	
1947	1	16.01	16.01	0.0099	
1948	1	16.01	16.01	0.0099	
1949	1	16.01	16.01	0.0099	
1950	1	16.01	16.01	0.0099	
1951	1	16.01	16.01	0.0099	
1952	1	16.01	16.01	0.0099	
1953	1	16.01	16.01	0.0099	
1954	1	16.01	16.01	0.0099	
1955	1	16.01	16.01	0.0099	
1956	1	16.02	16.02	0.0196	
1957	1	16.01	16.01	0.0099	
1958	1	16.01	16.01	0.0099	
1959	1	16.01	16.01	0.0099	
1960	1	16.02	16.02	0.0196	
1961	1	16.14	16.14	0.1204	
1962	1	16.11	16.11	0.0979	
1963	1	16.12	16.12	0.1056	
1964	1	16.1	16.1	0.09	
1965	1	16.1	16.1	0.09	
1966	1	16.1	16.1	0.09	
1967	1	16.1	16.1	0.09	
1968	1	16.12	16.12	0.1056	
1969	1	16.12	16.12	0.1056	
1970	1	16.04	16.04	0.0384	
1971	1	16.06	16.06	0.0564	
1972	1	16.07	16.07	0.0651	
1973	1	16.16	16.16	0.1344	
1974	1	16.3	16.3	0.21	
1975	1	16.36	16.36	0.3104	
1976	1	16.39	16.39	0.2379	
1977	1	16.38	16.38	0.2356	
1978	1	16.08	16.08	0.0736	
1979	1	16.07	16.07	0.0651	
1980	1	16.01	16.01	0.0099	
1981	1	16.01	16.01	0.0099	
1982	1	16.01	16.01	0.0099	
1983	1	16.01	16.01	0.0099	
1984	1	16.01	16.01	0.0099	
1985	1	16.01	16.01	0.0099	
1986	1	16.01	16.01	0.0099	
1987	1	16.01	16.01	0.0099	
1988	1	16.01	16.01	0.0099	
1989	1	16.01	16.01	0.0099	
1990	1	16.01	16.01	0.0099	
1991	1	16.01	16.01	0.0099	
1992	1	16.01	16.01	0.0099	
1993	1	16.01	16.01	0.0099	
1994	1	16.01	16.01	0.0099	
1995	1	16.01	16.01	0.0099	
1996	1	16.01	16.01	0.0099	
1997	1	16.01	16.01	0.0099	
1998	1	16.02	16.02	0.0196	
1999	1	16.05	16.05	0.0475	
2000	1	16.03	16.03	0.0291	
