# mu = 0.001, s = 0.01, trials requested = 1, runtime = 0:00:04
# "Time"	"Actual trials"	"Mean mutation"	"Average mean mutation"	"Average mutation variance"
0	1	0	0	0	
1	1	0.02	0.02	0.0396	
2	1	0.32	0.32	0.2176	
3	1	0.54	0.54	0.2484	
4	1	0.69	0.69	0.2139	
5	1	0.68	0.68	0.2176	
6	1	0.26	0.26	0.1924	
7	1	0.08	0.08	0.0736	
8	1	0.05	0.05	0.0675	
9	1	0.1	0.1	0.09	
10	1	0.15	0.15	0.1275	
11	1	0.1	0.1	0.09	
12	1	0.24	0.24	0.2624	
13	1	0.3	0.3	0.21	
14	1	0.29	0.29	0.2059	
15	1	0.36	0.36	0.2304	
16	1	0.44	0.44	0.2464	
17	1	0.38	0.38	0.2356	
18	1	0.2	0.2	0.16	
19	1	0.19	0.19	0.1539	
20	1	0.11	0.11	0.0979	
21	1	0.09	0.09	0.0819	
22	1	0.05	0.05	0.0475	
23	1	0.01	0.01	0.0099	
24	1	0.01	0.01	0.0099	
25	1	0.01	0.01	0.0099	
26	1	0.01	0.01	0.0099	
27	1	0.01	0.01	0.0099	
28	1	0.01	0.01	0.0099	
29	1	0.06	0.06	0.0564	
30	1	0.11	0.11	0.0979	
31	1	0.2	0.2	0.16	
32	1	0.29	0.29	0.2059	
33	1	0.46	0.46	0.2484	
34	1	0.42	0.42	0.2436	
35	1	0.68	0.68	0.2176	
36	1	0.58	0.58	0.2436	
37	1	0.34	0.34	0.2244	
38	1	0.41	0.41	0.2419	
39	1	0.54	0.54	0.2684	
40	1	0.35	0.35	0.2475	
41	1	0.23	0.23	0.1771	
42	1	0.27	0.27	0.1971	
43	1	0.38	0.38	0.2356	
44	1	0.34	0.34	0.2244	
45	1	0.31	0.31	0.2139	
46	1	0.33	0.33	0.2211	
47	1	0.35	0.35	0.2275	
48	1	0.43	0.43	0.2451	
49	1	0.43	0.43	0.2451	
50	1	0.42	0.42	0.2436	
51	1	0.3	0.3	0.21	
52	1	0.23	0.23	0.1771	
53	1	0.3	0.3	0.21	
54	1	0.44	0.44	0.2464	
55	1	0.33	0.33	0.2211	
56	1	0.32	0.32	0.2176	
57	1	0.33	0.33	0.2211	
58	1	0.32	0.32	0.2176	
59	1	0.44	0.44	0.2664	
60	1	0.38	0.38	0.2356	
61	1	0.52	0.52	0.2496	
62	1	0.51	0.51	0.2499	
63	1	0.66	0.66	0.2244	
64	1	0.74	0.74	0.2124	
65	1	0.61	0.61	0.2379	
66	1	0.65	0.65	0.2675	
67	1	0.68	0.68	0.2976	
68	1	1.24	1.24	0.3224	
69	1	1.64	1.64	0.2304	
70	1	1.61	1.61	0.2379	
71	1	1.66	1.66	0.2244	
72	1	1.3	1.3	0.21	
73	1	1.12	1.12	0.1056	
74	1	1.14	1.14	0.1204	
75	1	1.11	1.11	0.0979	
76	1	1.19	1.19	0.1539	
77	1	1.07	1.07	0.0651	
78	1	1.14	1.14	0.1204	
79	1	1.11	1.11	0.0979	
80	1	1.01	1.01	0.0099	
81	1	1.01	1.01	0.0099	
82	1	1.01	1.01	0.0099	
83	1	1.01	1.01	0.0099	
84	1	1.01	1.01	0.0099	
85	1	1.05	1.05	0.0475	
86	1	1.08	1.08	0.0736	
87	1	1.08	1.08	0.0736	
88	1	1.11	1.11	0.0979	
89	1	1.18	1.18	0.1476	
90	1	1.23	1.23	0.1771	
91	1	1.28	1.28	0.2016	
92	1	1.29	1.29	0.2059	
93	1	1.34	1.34	0.2244	
94	1	1.01	1.01	0.0099	
95	1	1.01	1.01	0.0099	
96	1	1.01	1.01	0.0099	
97	1	1.01	1.01	0.0099	
98	1	1.01	1.01	0.0099	
99	1	1.01	1.01	0.0099	
100	1	1.01	1.01	0.0099	
101	1	1.01	1.01	0.0099	
102	1	1.01	1.01	0.0099	
103	1	1.01	1.01	0.0099	
104	1	1.01	1.01	0.0099	
105	1	1.01	1.01	0.0099	
106	1	1.01	1.01	0.0099	
107	1	1.01	1.01	0.0099	
108	1	1.01	1.01	0.0099	
109	1	1.01	1.01	0.0099	
110	1	1.04	1.04	0.0384	
111	1	1.01	1.01	0.0099	
112	1	1.01	1.01	0.0099	
113	1	1.01	1.01	0.0099	
114	1	1.01	1.01	0.0099	
115	1	1.01	1.01	0.0099	
116	1	1.01	1.01	0.0099	
117	1	1.01	1.01	0.0099	
118	1	1.01	1.01	0.0099	
119	1	1.01	1.01	0.0099	
120	1	1.01	1.01	0.0099	
121	1	1.01	1.01	0.0099	
122	1	1.01	1.01	0.0099	
123	1	1.01	1.01	0.0099	
124	1	1.01	1.01	0.0099	
125	1	1.01	1.01	0.0099	
126	1	1.01	1.01	0.0099	
127	1	1.01	1.01	0.0099	
128	1	1.1	1.1	0.09	
129	1	1.01	1.01	0.0099	
130	1	1.01	1.01	0.0099	
131	1	1.01	1.01	0.0099	
132	1	1.01	1.01	0.0099	
133	1	1.01	1.01	0.0099	
134	1	1.01	1.01	0.0099	
135	1	1.01	1.01	0.0099	
136	1	1.01	1.01	0.0099	
137	1	1.01	1.01	0.0099	
138	1	1.01	1.01	0.0099	
139	1	1.01	1.01	0.0099	
140	1	1.01	1.01	0.0099	
141	1	1.01	1.01	0.0099	
142	1	1.01	1.01	0.0099	
143	1	1.01	1.01	0.0099	
144	1	1.01	1.01	0.0099	
145	1	1.01	1.01	0.0099	
146	1	1.01	1.01	0.0099	
147	1	1.01	1.01	0.0099	
148	1	1.01	1.01	0.0099	
149	1	1.01	1.01	0.0099	
150	1	1.01	1.01	0.0099	
151	1	1.01	1.01	0.0099	
152	1	1.01	1.01	0.0099	
153	1	1.01	1.01	0.0099	
154	1	1.01	1.01	0.0099	
155	1	1.01	1.01	0.0099	
156	1	1.01	1.01	0.0099	
157	1	1.01	1.01	0.0099	
158	1	1.01	1.01	0.0099	
159	1	1.01	1.01	0.0099	
160	1	1.03	1.03	0.0291	
161	1	1.07	1.07	0.0651	
162	1	1.15	1.15	0.1275	
163	1	1.13	1.13	0.1131	
164	1	1.06	1.06	0.0564	
165	1	1.33	1.33	0.2211	
166	1	1.24	1.24	0.1824	
167	1	1.28	1.28	0.2016	
168	1	1.37	1.37	0.2331	
169	1	1.19	1.19	0.1539	
170	1	1.09	1.09	0.0819	
171	1	1.16	1.16	0.1344	
172	1	1.15	1.15	0.1275	
173	1	1.35	1.35	0.2275	
174	1	1.36	1.36	0.2304	
175	1	1.54	1.54	0.2484	
176	1	1.63	1.63	0.2331	
177	1	1.6	1.6	0.24	
178	1	1.52	1.52	0.2496	
179	1	1.17	1.17	0.1411	
180	1	1.06	1.06	0.0564	
181	1	1.01	1.01	0.0099	
182	1	1.01	1.01	0.0099	
183	1	1.01	1.01	0.0099	
184	1	1.03	1.03	0.0291	
185	1	1.07	1.07	0.0651	
186	1	1.04	1.04	0.0384	
187	1	1.04	1.04	0.0384	
188	1	1.01	1.01	0.0099	
189	1	1.01	1.01	0.0099	
190	1	1.05	1.05	0.0475	
191	1	1.01	1.01	0.0099	
192	1	1.01	1.01	0.0099	
193	1	1.01	1.01	0.0099	
194	1	1.01	1.01	0.0099	
195	1	1.01	1.01	0.0099	
196	1	1.05	1.05	0.0475	
197	1	1.06	1.06	0.0564	
198	1	1.12	1.12	0.1056	
199	1	1.21	1.21	0.1659	
200	1	1.25	1.25	0.1875	
201	1	1.18	1.18	0.1476	
202	1	1.48	1.48	0.2496	
203	1	1.86	1.86	0.1204	
204	1	1.87	1.87	0.1131	
205	1	1.29	1.29	0.2259	
206	1	1.39	1.39	0.2379	
207	1	1.37	1.37	0.2331	
208	1	1.34	1.34	0.2244	
209	1	1.33	1.33	0.2211	
210	1	1.33	1.33	0.2211	
211	1	1.39	1.39	0.2379	
212	1	1.55	1.55	0.2475	
213	1	1.76	1.76	0.2024	
214	1	1.88	1.88	0.1256	
215	1	1.93	1.93	0.0651	
216	1	2.01	2.01	0.0099	
217	1	2.01	2.01	0.0099	
218	1	2.06	2.06	0.0564	
219	1	2.22	2.22	0.1716	
220	1	2.06	2.06	0.0564	
221	1	2.01	2.01	0.0099	
222	1	2.01	2.01	0.0099	
223	1	2.01	2.01	0.0099	
224	1	2.01	2.01	0.0099	
225	1	2.03	2.03	0.0291	
226	1	2.01	2.01	0.0099	
227	1	2.01	2.01	0.0099	
228	1	2.01	2.01	0.0099	
229	1	2.01	2.01	0.0099	
230	1	2.01	2.01	0.0099	
231	1	2.01	2.01	0.0099	
232	1	2.05	2.05	0.0475	
233	1	2.09	2.09	0.0819	
234	1	2.06	2.06	0.0564	
235	1	2.05	2.05	0.0475	
236	1	2.15	2.15	0.1275	
237	1	2.14	2.14	0.1204	
238	1	2.16	2.16	0.1344	
239	1	2.19	2.19	0.1539	
240	1	2.16	2.16	0.1344	
241	1	2.22	2.22	0.1716	
242	1	2.44	2.44	0.2464	
243	1	2.34	2.34	0.2244	
244	1	2.41	2.41	0.2619	
245	1	2.32	2.32	0.2176	
246	1	2.22	2.22	0.1716	
247	1	2.22	2.22	0.1716	
248	1	2.24	2.24	0.1824	
249	1	2.38	2.38	0.2356	
250	1	2.33	2.33	0.2211	
251	1	2.52	2.52	0.2696	
252	1	2.66	2.66	0.2244	
253	1	2.59	2.59	0.2419	
254	1	2.44	2.44	0.2464	
255	1	2.71	2.71	0.2059	
256	1	2.78	2.78	0.2916	
257	1	2.88	2.88	0.1856	
258	1	3	3	0.16	
259	1	2.96	2.96	0.1784	
260	1	3.14	3.14	0.1204	
261	1	3.13	3.13	0.1131	
262	1	3.11	3.11	0.0979	
263	1	3.16	3.16	0.1344	
264	1	3.21	3.21	0.1659	
265	1	3.4	3.4	0.24	
266	1	3.26	3.26	0.1924	
267	1	3.22	3.22	0.1716	
268	1	3.18	3.18	0.1476	
269	1	3.28	3.28	0.2016	
270	1	3.31	3.31	0.2139	
271	1	3.26	3.26	0.1924	
272	1	3.5	3.5	0.25	
273	1	3.47	3.47	0.2491	
274	1	3.73	3.73	0.1971	
275	1	3.89	3.89	0.2179	
276	1	3.63	3.63	0.2331	
277	1	3.75	3.75	0.1875	
278	1	3.86	3.86	0.1204	
279	1	3.81	3.81	0.1539	
280	1	3.89	3.89	0.0979	
281	1	3.85	3.85	0.1275	
282	1	3.82	3.82	0.1476	
283	1	3.73	3.73	0.1971	
284	1	3.86	3.86	0.1204	
285	1	3.87	3.87	0.1131	
286	1	3.86	3.86	0.1204	
287	1	3.85	3.85	0.1275	
288	1	3.56	3.56	0.2464	
289	1	3.67	3.67	0.2211	
290	1	3.52	3.52	0.2496	
291	1	3.43	3.43	0.2451	
292	1	3.29	3.29	0.2059	
293	1	3.3	3.3	0.21	
294	1	3.36	3.36	0.2304	
295	1	3.52	3.52	0.4096	
296	1	3.61	3.61	0.4179	
297	1	3.44	3.44	0.4264	
298	1	3.39	3.39	0.4179	
299	1	3.41	3.41	0.5219	
300	1	3.45	3.45	0.4075	
301	1	3.54	3.54	0.4684	
302	1	3.55	3.55	0.4275	
303	1	3.74	3.74	0.4724	
304	1	4.03	4.03	0.5091	
305	1	4.23	4.23	0.5771	
306	1	4.29	4.29	0.4059	
307	1	4.45	4.45	0.4675	
308	1	4.91	4.91	0.0819	
309	1	5.03	5.03	0.0291	
310	1	5.01	5.01	0.0099	
311	1	5.01	5.01	0.0099	
312	1	5.01	5.01	0.0099	
313	1	5.01	5.01	0.0099	
314	1	5.01	5.01	0.0099	
315	1	5.01	5.01	0.0099	
316	1	5.01	5.01	0.0099	
317	1	5.01	5.01	0.0099	
318	1	5.01	5.01	0.0099	
319	1	5.01	5.01	0.0099	
320	1	5.01	5.01	0.0099	
321	1	5.01	5.01	0.0099	
322	1	5.01	5.01	0.0099	
323	1	5.01	5.01	0.0099	
324	1	5.03	5.03	0.0291	
325	1	5.01	5.01	0.0099	
326	1	5.01	5.01	0.0099	
327	1	5.01	5.01	0.0099	
328	1	5.01	5.01	0.0099	
329	1	5.01	5.01	0.0099	
330	1	5.01	5.01	0.0099	
331	1	5.01	5.01	0.0099	
332	1	5.02	5.02	0.0196	
333	1	5.09	5.09	0.0819	
334	1	5.04	5.04	0.0384	
335	1	5.15	5.15	0.1275	
336	1	5.38	5.38	0.2356	
337	1	5.38	5.38	0.2356	
338	1	5.15	5.15	0.1275	
339	1	5.02	5.02	0.0196	
340	1	5.01	5.01	0.0099	
341	1	5.01	5.01	0.0099	
342	1	5.01	5.01	0.0099	
343	1	5.06	5.06	0.0564	
344	1	5.08	5.08	0.0736	
345	1	5.03	5.03	0.0291	
346	1	5.01	5.01	0.0099	
347	1	5.01	5.01	0.0099	
348	1	5.01	5.01	0.0099	
349	1	5.01	5.01	0.0099	
350	1	5.01	5.01	0.0099	
351	1	5.01	5.01	0.0099	
352	1	5.02	5.02	0.0196	
353	1	5.01	5.01	0.0099	
354	1	5.01	5.01	0.0099	
355	1	5.01	5.01	0.0099	
356	1	5.01	5.01	0.0099	
357	1	5.01	5.01	0.0099	
358	1	5.01	5.01	0.0099	
359	1	5.01	5.01	0.0099	
360	1	5.01	5.01	0.0099	
361	1	5.06	5.06	0.0564	
362	1	5.11	5.11	0.0979	
363	1	5.2	5.2	0.16	
364	1	5.03	5.03	0.0291	
365	1	5.19	5.19	0.1539	
366	1	5.32	5.32	0.2176	
367	1	5.2	5.2	0.16	
368	1	5.21	5.21	0.3059	
369	1	5.1	5.1	0.19	
370	1	5.2	5.2	0.36	
371	1	5.02	5.02	0.0396	
372	1	5.01	5.01	0.0099	
373	1	5.01	5.01	0.0099	
374	1	5.05	5.05	0.0475	
375	1	5.15	5.15	0.1275	
376	1	5.01	5.01	0.0099	
377	1	5.01	5.01	0.0099	
378	1	5.01	5.01	0.0099	
379	1	5.01	5.01	0.0099	
380	1	5.04	5.04	0.0384	
381	1	5.01	5.01	0.0099	
382	1	5.01	5.01	0.0099	
383	1	5.01	5.01	0.0099	
384	1	5.01	5.01	0.0099	
385	1	5.01	5.01	0.0099	
386	1	5.01	5.01	0.0099	
387	1	5.01	5.01	0.0099	
388	1	5.01	5.01	0.0099	
389	1	5.01	5.01	0.0099	
390	1	5.01	5.01	0.0099	
391	1	5.01	5.01	0.0099	
392	1	5.01	5.01	0.0099	
393	1	5.02	5.02	0.0196	
394	1	5.01	5.01	0.0099	
395	1	5.01	5.01	0.0099	
396	1	5.02	5.02	0.0196	
397	1	5.01	5.01	0.0099	
398	1	5.01	5.01	0.0099	
399	1	5.03	5.03	0.0291	
400	1	5.04	5.04	0.0384	
401	1	5.01	5.01	0.0099	
402	1	5.01	5.01	0.0099	
403	1	5.01	5.01	0.0099	
404	1	5.01	5.01	0.0099	
405	1	5.01	5.01	0.0099	
406	1	5.09	5.09	0.0819	
407	1	5.32	5.32	0.2976	
408	1	5.37	5.37	0.2331	
409	1	5.5	5.5	0.27	
410	1	5.7	5.7	0.25	
411	1	5.73	5.73	0.1971	
412	1	5.79	5.79	0.2259	
413	1	6.03	6.03	0.1491	
414	1	6.03	6.03	0.2491	
415	1	6.26	6.26	0.6124	
416	1	6.1	6.1	0.77	
417	1	6.35	6.35	0.6675	
418	1	5.63	5.63	0.7131	
419	1	5.55	5.55	0.6675	
420	1	5.58	5.58	0.6636	
421	1	5.77	5.77	0.8371	
422	1	6	6	0.58	
423	1	5.82	5.82	0.5076	
424	1	5.98	5.98	0.4196	
425	1	6.14	6.14	0.4204	
426	1	6.32	6.32	0.5176	
427	1	6.58	6.58	0.6836	
428	1	6.39	6.39	0.4379	
429	1	6.46	6.46	0.6284	
430	1	6.59	6.59	0.7419	
431	1	6.76	6.76	0.8024	
432	1	6.62	6.62	0.7156	
433	1	6.61	6.61	0.7579	
434	1	6.87	6.87	0.8531	
435	1	6.92	6.92	0.8736	
436	1	7.27	7.27	0.7371	
437	1	7.22	7.22	0.8916	
438	1	7.07	7.07	1.2051	
439	1	6.65	6.65	0.8475	
440	1	6.66	6.66	0.8244	
441	1	6.58	6.58	0.7436	
442	1	6.61	6.61	0.7779	
443	1	6.61	6.61	0.7779	
444	1	6.57	6.57	0.7451	
445	1	6.7	6.7	0.87	
446	1	6.64	6.64	0.8704	
447	1	6.48	6.48	0.7296	
448	1	6.62	6.62	0.8556	
449	1	6.68	6.68	0.8976	
450	1	6.72	6.72	0.9216	
451	1	7.1	7.1	0.99	
452	1	7.56	7.56	0.6864	
453	1	7.7	7.7	0.51	
454	1	7.92	7.92	0.1536	
455	1	7.98	7.98	0.0396	
456	1	8.01	8.01	0.0099	
457	1	8.16	8.16	0.1344	
458	1	8.18	8.18	0.1476	
459	1	8.01	8.01	0.0099	
460	1	8.01	8.01	0.0099	
461	1	8.03	8.03	0.0291	
462	1	8.17	8.17	0.1411	
463	1	8.11	8.11	0.0979	
464	1	8.21	8.21	0.1659	
465	1	8.14	8.14	0.1204	
466	1	8.19	8.19	0.1539	
467	1	8.28	8.28	0.2016	
468	1	8.23	8.23	0.1771	
469	1	8.19	8.19	0.1539	
470	1	8.15	8.15	0.1275	
471	1	8.21	8.21	0.1659	
472	1	8.15	8.15	0.1275	
473	1	8.13	8.13	0.1131	
474	1	8.2	8.2	0.16	
475	1	8.13	8.13	0.1131	
476	1	8.14	8.14	0.1204	
477	1	8.24	8.24	0.3224	
478	1	8.26	8.26	0.3924	
479	1	8.37	8.37	0.5531	
480	1	8.28	8.28	0.4816	
481	1	8.3	8.3	0.47	
482	1	8.33	8.33	0.4811	
483	1	8.7	8.7	0.75	
484	1	8.54	8.54	0.9484	
485	1	8.27	8.27	0.4371	
486	1	8.82	8.82	1.0876	
487	1	8.55	8.55	0.7475	
488	1	8.3	8.3	0.51	
489	1	8.22	8.22	0.3916	
490	1	8.38	8.38	0.6156	
491	1	8.28	8.28	0.4816	
492	1	8.57	8.57	0.6651	
493	1	8.61	8.61	0.7579	
494	1	8.58	8.58	0.7836	
495	1	8.48	8.48	0.7296	
496	1	8.44	8.44	0.6864	
497	1	8.48	8.48	0.7296	
498	1	8.5	8.5	0.75	
499	1	8.3	8.3	0.51	
500	1	8.39	8.39	0.5379	
501	1	8.37	8.37	0.5731	
502	1	8.46	8.46	0.8284	
503	1	8.36	8.36	0.7104	
504	1	8.65	8.65	1.2075	
505	1	9.1	9.1	1.29	
506	1	8.67	8.67	1.4211	
507	1	9.03	9.03	1.4891	
508	1	8.88	8.88	1.7056	
509	1	9.96	9.96	0.8584	
510	1	10.07	10.07	0.6051	
511	1	10.41	10.41	0.3219	
512	1	10.32	10.32	0.2176	
513	1	10.35	10.35	0.2275	
514	1	10.34	10.34	0.2244	
515	1	10.39	10.39	0.2379	
516	1	10.56	10.56	0.2464	
517	1	10.47	10.47	0.2891	
518	1	10.42	10.42	0.2436	
519	1	10.5	10.5	0.25	
520	1	10.37	10.37	0.2331	
521	1	10.35	10.35	0.2875	
522	1	10.5	10.5	0.67	
523	1	10.43	10.43	0.6051	
524	1	10.43	10.43	0.6051	
525	1	10.42	10.42	0.3636	
526	1	10.68	10.68	0.2176	
527	1	10.37	10.37	0.2331	
528	1	10.3	10.3	0.21	
529	1	10.28	10.28	0.2016	
530	1	10.34	10.34	0.2244	
531	1	10.55	10.55	0.2475	
532	1	10.77	10.77	0.1771	
533	1	10.65	10.65	0.2275	
534	1	10.38	10.38	0.2356	
535	1	10.56	10.56	0.2464	
536	1	10.52	10.52	0.2496	
537	1	10.83	10.83	0.2011	
538	1	10.87	10.87	0.2531	
539	1	10.91	10.91	0.2419	
540	1	11.05	11.05	0.1875	
541	1	10.97	10.97	0.0891	
542	1	10.95	10.95	0.0475	
543	1	10.99	10.99	0.0099	
544	1	11.01	11.01	0.0099	
545	1	11.15	11.15	0.1275	
546	1	11.13	11.13	0.1131	
547	1	11.01	11.01	0.0099	
548	1	11.01	11.01	0.0099	
549	1	11.01	11.01	0.0099	
550	1	11.01	11.01	0.0099	
551	1	11.01	11.01	0.0099	
552	1	11.01	11.01	0.0099	
553	1	11.01	11.01	0.0099	
554	1	11.21	11.21	0.1659	
555	1	11.17	11.17	0.1411	
556	1	11.08	11.08	0.0736	
557	1	11.01	11.01	0.0099	
558	1	11.01	11.01	0.0099	
559	1	11.04	11.04	0.0584	
560	1	11.02	11.02	0.0396	
561	1	11.02	11.02	0.0396	
562	1	11.02	11.02	0.0396	
563	1	11.05	11.05	0.0475	
564	1	11.01	11.01	0.0099	
565	1	11.01	11.01	0.0099	
566	1	11.01	11.01	0.0099	
567	1	11.07	11.07	0.0651	
568	1	11.2	11.2	0.16	
569	1	11.1	11.1	0.09	
570	1	11.43	11.43	0.2451	
571	1	11.43	11.43	0.2451	
572	1	11.56	11.56	0.2464	
573	1	11.35	11.35	0.2275	
574	1	11.41	11.41	0.2419	
575	1	11.25	11.25	0.1875	
576	1	11.32	11.32	0.2176	
577	1	11.46	11.46	0.2484	
578	1	11.53	11.53	0.2491	
579	1	11.3	11.3	0.21	
580	1	11.45	11.45	0.2475	
581	1	11.53	11.53	0.2891	
582	1	11.5	11.5	0.25	
583	1	11.57	11.57	0.2451	
584	1	11.74	11.74	0.1924	
585	1	11.67	11.67	0.2211	
586	1	11.71	11.71	0.2059	
587	1	11.7	11.7	0.21	
588	1	11.67	11.67	0.2211	
589	1	11.63	11.63	0.2331	
590	1	11.71	11.71	0.2059	
591	1	11.75	11.75	0.1875	
592	1	11.86	11.86	0.1204	
593	1	11.87	11.87	0.1731	
594	1	11.79	11.79	0.1859	
595	1	11.55	11.55	0.2475	
596	1	11.51	11.51	0.2499	
597	1	11.83	11.83	0.1411	
598	1	11.86	11.86	0.1204	
599	1	11.87	11.87	0.1131	
600	1	11.89	11.89	0.0979	
601	1	11.89	11.89	0.0979	
602	1	11.69	11.69	0.2139	
603	1	11.73	11.73	0.1971	
604	1	11.74	11.74	0.1924	
605	1	12.01	12.01	0.2299	
606	1	12.02	12.02	0.1796	
607	1	12.21	12.21	0.9859	
608	1	12.6	12.6	0.46	
609	1	12.53	12.53	0.2491	
610	1	12.62	12.62	0.2356	
611	1	12.65	12.65	0.2275	
612	1	12.71	12.71	0.2059	
613	1	12.8	12.8	0.16	
614	1	12.79	12.79	0.1659	
615	1	12.77	12.77	0.1771	
616	1	12.74	12.74	0.1924	
617	1	12.77	12.77	0.1771	
618	1	12.81	12.81	0.1539	
619	1	12.84	12.84	0.1344	
620	1	12.72	12.72	0.2016	
621	1	12.76	12.76	0.1824	
622	1	12.92	12.92	0.2136	
623	1	12.94	12.94	0.3364	
624	1	12.89	12.89	0.1179	
625	1	12.93	12.93	0.1051	
626	1	13.08	13.08	0.0736	
627	1	13	13	0	
628	1	13.04	13.04	0.0384	
629	1	13.17	13.17	0.1411	
630	1	13.05	13.05	0.0475	
631	1	13.07	13.07	0.0651	
632	1	13.1	13.1	0.09	
633	1	13.11	13.11	0.0979	
634	1	13.09	13.09	0.0819	
635	1	13.04	13.04	0.0384	
636	1	13.11	13.11	0.1379	
637	1	13.1	13.1	0.09	
638	1	13.3	13.3	0.21	
639	1	13.19	13.19	0.1539	
640	1	13.08	13.08	0.0736	
641	1	13.09	13.09	0.0819	
642	1	13.11	13.11	0.0979	
643	1	13.03	13.03	0.0291	
644	1	13	13	0	
645	1	13	13	0	
646	1	13	13	0	
647	1	13	13	0	
648	1	13.01	13.01	0.0099	
649	1	13.02	13.02	0.0196	
650	1	13.06	13.06	0.0564	
651	1	13.16	13.16	0.1344	
652	1	13.05	13.05	0.0475	
653	1	13.01	13.01	0.0099	
654	1	13.01	13.01	0.0099	
655	1	13.03	13.03	0.0291	
656	1	13.01	13.01	0.0099	
657	1	13.01	13.01	0.0099	
658	1	13.01	13.01	0.0099	
659	1	13.01	13.01	0.0099	
660	1	13.01	13.01	0.0099	
661	1	13.01	13.01	0.0099	
662	1	13.03	13.03	0.0291	
663	1	13.03	13.03	0.0291	
664	1	13.01	13.01	0.0099	
665	1	13.01	13.01	0.0099	
666	1	13.01	13.01	0.0099	
667	1	13.03	13.03	0.0291	
668	1	13.06	13.06	0.0564	
669	1	13.57	13.57	0.2451	
670	1	13.5	13.5	0.25	
671	1	13.43	13.43	0.2451	
672	1	13.57	13.57	0.2651	
673	1	13.52	13.52	0.2696	
674	1	13.51	13.51	0.3499	
675	1	13.51	13.51	0.2499	
676	1	13.42	13.42	0.2436	
677	1	13.4	13.4	0.24	
678	1	13.34	13.34	0.2244	
679	1	13.08	13.08	0.0736	
680	1	13.01	13.01	0.0099	
681	1	13.01	13.01	0.0099	
682	1	13.01	13.01	0.0099	
683	1	13.01	13.01	0.0099	
684	1	13.01	13.01	0.0099	
685	1	13.01	13.01	0.0099	
686	1	13.08	13.08	0.0736	
687	1	13.37	13.37	0.2931	
688	1	13.56	13.56	0.2464	
689	1	13.6	13.6	0.24	
690	1	13.55	13.55	0.2475	
691	1	13.56	13.56	0.2464	
692	1	13.53	13.53	0.2491	
693	1	13.26	13.26	0.1924	
694	1	13.27	13.27	0.1971	
695	1	13.14	13.14	0.1204	
696	1	13.13	13.13	0.1131	
697	1	13.27	13.27	0.1971	
698	1	13.18	13.18	0.1476	
699	1	13.13	13.13	0.1131	
700	1	13.14	13.14	0.1204	
701	1	13.13	13.13	0.1131	
702	1	13.16	13.16	0.1344	
703	1	13.2	13.2	0.16	
704	1	13.36	13.36	0.2304	
705	1	13.18	13.18	0.1476	
706	1	13.19	13.19	0.1539	
707	1	13.3	13.3	0.21	
708	1	13.2	13.2	0.16	
709	1	13.22	13.22	0.1716	
710	1	13.27	13.27	0.1971	
711	1	13.37	13.37	0.2331	
712	1	13.27	13.27	0.1971	
713	1	13.27	13.27	0.1971	
714	1	13.23	13.23	0.1771	
715	1	13.35	13.35	0.2475	
716	1	13.46	13.46	0.2484	
717	1	13.31	13.31	0.2139	
718	1	13.59	13.59	0.2419	
719	1	13.75	13.75	0.1875	
720	1	13.73	13.73	0.1971	
721	1	13.45	13.45	0.2475	
722	1	13.55	13.55	0.2475	
723	1	13.47	13.47	0.2491	
724	1	13.53	13.53	0.2491	
725	1	13.36	13.36	0.2304	
726	1	13.48	13.48	0.2496	
727	1	13.37	13.37	0.2331	
728	1	13.33	13.33	0.2211	
729	1	13.37	13.37	0.2331	
730	1	13.27	13.27	0.1971	
731	1	13.2	13.2	0.16	
732	1	13.31	13.31	0.2139	
733	1	13.18	13.18	0.1476	
734	1	13.1	13.1	0.09	
735	1	13.12	13.12	0.1056	
736	1	13.22	13.22	0.1716	
737	1	13.23	13.23	0.1771	
738	1	13.25	13.25	0.1875	
739	1	13.39	13.39	0.2379	
740	1	13.41	13.41	0.2419	
741	1	13.89	13.89	0.1179	
742	1	13.91	13.91	0.2019	
743	1	14	14	0	
744	1	14.01	14.01	0.0099	
745	1	14.04	14.04	0.0384	
746	1	14.23	14.23	0.1971	
747	1	14.67	14.67	0.5811	
748	1	14.72	14.72	0.4216	
749	1	14.72	14.72	0.8016	
750	1	14.56	14.56	0.7864	
751	1	14.06	14.06	0.0764	
752	1	14	14	0	
753	1	14	14	0	
754	1	14	14	0	
755	1	14	14	0	
756	1	14.05	14.05	0.0475	
757	1	14.1	14.1	0.09	
758	1	14.09	14.09	0.0819	
759	1	14.09	14.09	0.0819	
760	1	14.08	14.08	0.0736	
761	1	14.19	14.19	0.1739	
762	1	14.23	14.23	0.1771	
763	1	14.24	14.24	0.1824	
764	1	14.31	14.31	0.2139	
765	1	14.38	14.38	0.2356	
766	1	14.42	14.42	0.2436	
767	1	14.35	14.35	0.2275	
768	1	14.3	14.3	0.21	
769	1	14.12	14.12	0.1056	
770	1	14.11	14.11	0.0979	
771	1	14.12	14.12	0.1056	
772	1	14.2	14.2	0.16	
773	1	14.22	14.22	0.1716	
774	1	14.21	14.21	0.1659	
775	1	14.17	14.17	0.1411	
776	1	14.17	14.17	0.1411	
777	1	14.19	14.19	0.1539	
778	1	14.29	14.29	0.2059	
779	1	14.29	14.29	0.2059	
780	1	14.22	14.22	0.1716	
781	1	14.46	14.46	0.2484	
782	1	14.62	14.62	0.2356	
783	1	14.44	14.44	0.2464	
784	1	14.72	14.72	0.3416	
785	1	15.01	15.01	0.5499	
786	1	14.99	14.99	0.4299	
787	1	15.1	15.1	0.43	
788	1	15.17	15.17	0.5011	
789	1	14.65	14.65	0.4875	
790	1	14.95	14.95	0.3875	
791	1	15.05	15.05	0.6275	
792	1	15.43	15.43	1.2451	
793	1	15.2	15.2	1.32	
794	1	15.65	15.65	1.3275	
795	1	15.66	15.66	1.1844	
796	1	16.26	16.26	1.2924	
797	1	16.3	16.3	1.21	
798	1	16.32	16.32	1.0776	
799	1	15.82	15.82	1.6276	
800	1	16.13	16.13	1.2531	
801	1	16.27	16.27	1.1971	
802	1	16.23	16.23	1.3371	
803	1	16.19	16.19	1.3539	
804	1	16.22	16.22	1.3116	
805	1	16.2	16.2	1.44	
806	1	16.23	16.23	1.3971	
807	1	16.13	16.13	1.4931	
808	1	16.2	16.2	1.42	
809	1	16.35	16.35	1.6875	
810	1	16.17	16.17	1.5611	
811	1	16.32	16.32	1.2176	
812	1	16.19	16.19	1.2339	
813	1	15.89	15.89	1.4979	
814	1	14.94	14.94	1.6564	
815	1	14.63	14.63	1.1331	
816	1	14.86	14.86	1.3004	
817	1	14.82	14.82	1.2076	
818	1	14.52	14.52	0.8296	
819	1	14.77	14.77	1.1771	
820	1	14.84	14.84	1.2744	
821	1	14.95	14.95	1.4675	
822	1	14.95	14.95	1.4475	
823	1	15.52	15.52	1.2096	
824	1	15.48	15.48	1.1296	
825	1	15.29	15.29	1.1259	
826	1	15.62	15.62	0.9156	
827	1	15.78	15.78	0.6916	
828	1	15.82	15.82	0.7476	
829	1	16.13	16.13	0.3531	
830	1	16.09	16.09	0.3819	
831	1	15.95	15.95	0.6675	
832	1	16.05	16.05	0.4075	
833	1	16.07	16.07	0.4251	
834	1	16.16	16.16	0.4944	
835	1	15.96	15.96	0.5584	
836	1	15.9	15.9	0.47	
837	1	15.86	15.86	0.6204	
838	1	15.7	15.7	0.59	
839	1	15.38	15.38	0.9156	
840	1	14.59	14.59	0.8219	
841	1	14.92	14.92	0.9936	
842	1	14.46	14.46	0.7084	
843	1	14.28	14.28	0.4816	
844	1	14.02	14.02	0.0396	
845	1	14.02	14.02	0.0196	
846	1	14.01	14.01	0.0099	
847	1	14.01	14.01	0.0099	
848	1	14.01	14.01	0.0099	
849	1	14.01	14.01	0.0099	
850	1	14.01	14.01	0.0099	
851	1	14.07	14.07	0.0651	
852	1	14.05	14.05	0.0475	
853	1	14.08	14.08	0.0736	
854	1	14.13	14.13	0.1131	
855	1	14.08	14.08	0.0736	
856	1	14.32	14.32	0.2176	
857	1	14.16	14.16	0.1344	
858	1	14.22	14.22	0.1716	
859	1	14.44	14.44	0.2464	
860	1	14.27	14.27	0.1971	
861	1	14.14	14.14	0.1204	
862	1	14.29	14.29	0.3459	
863	1	14.55	14.55	0.2475	
864	1	14.53	14.53	0.2491	
865	1	14.62	14.62	0.2356	
866	1	14.69	14.69	0.2139	
867	1	14.73	14.73	0.1971	
868	1	14.75	14.75	0.1875	
869	1	14.79	14.79	0.1659	
870	1	14.76	14.76	0.2224	
871	1	14.85	14.85	0.3075	
872	1	14.85	14.85	0.6675	
873	1	14.87	14.87	0.7731	
874	1	14.71	14.71	0.6059	
875	1	15.05	15.05	0.7675	
876	1	15.29	15.29	0.8459	
877	1	15.33	15.33	0.8611	
878	1	15.16	15.16	0.7544	
879	1	15.28	15.28	0.8816	
880	1	15.26	15.26	1.1124	
881	1	15.22	15.22	0.9516	
882	1	14.9	14.9	0.99	
883	1	15.3	15.3	0.91	
884	1	15.41	15.41	0.8019	
885	1	15.11	15.11	0.9579	
886	1	14.52	14.52	0.7696	
887	1	14.79	14.79	1.2059	
888	1	15.24	15.24	1.6224	
889	1	15.25	15.25	1.8275	
890	1	14.81	14.81	1.2339	
891	1	15.03	15.03	1.8291	
892	1	15.28	15.28	2.0416	
893	1	15.45	15.45	2.0475	
894	1	15.48	15.48	1.9896	
895	1	15.77	15.77	1.9371	
896	1	16.2	16.2	1.56	
897	1	16.01	16.01	1.8099	
898	1	16.17	16.17	1.4211	
899	1	15.74	15.74	1.5924	
900	1	15.75	15.75	1.4475	
901	1	15.84	15.84	1.5144	
902	1	15.4	15.4	1.54	
903	1	14.74	14.74	1.2124	
904	1	14.95	14.95	1.7875	
905	1	15.79	15.79	2.3059	
906	1	16.21	16.21	2.7859	
907	1	15.87	15.87	2.2731	
908	1	15.05	15.05	1.9275	
909	1	14.21	14.21	0.5859	
910	1	14.06	14.06	0.1764	
911	1	14.01	14.01	0.0099	
912	1	14.01	14.01	0.0099	
913	1	14.01	14.01	0.0099	
914	1	14.07	14.07	0.0651	
915	1	14.01	14.01	0.0099	
916	1	14.01	14.01	0.0099	
917	1	14.01	14.01	0.0099	
918	1	14.01	14.01	0.0099	
919	1	14.01	14.01	0.0099	
920	1	14.01	14.01	0.0099	
921	1	14.01	14.01	0.0099	
922	1	14.01	14.01	0.0099	
923	1	14.01	14.01	0.0099	
924	1	14.01	14.01	0.0099	
925	1	14.01	14.01	0.0099	
926	1	14.06	14.06	0.0564	
927	1	14.05	14.05	0.0475	
928	1	14.01	14.01	0.0099	
929	1	14.01	14.01	0.0099	
930	1	14.01	14.01	0.0099	
931	1	14.04	14.04	0.0384	
932	1	14.09	14.09	0.0819	
933	1	14.05	14.05	0.0475	
934	1	14.04	14.04	0.0384	
935	1	14.13	14.13	0.1131	
936	1	14.15	14.15	0.1275	
937	1	14.25	14.25	0.1875	
938	1	14.57	14.57	0.2451	
939	1	14.51	14.51	0.2499	
940	1	14.62	14.62	0.2356	
941	1	14.52	14.52	0.2496	
942	1	14.67	14.67	0.2211	
943	1	14.58	14.58	0.2436	
944	1	14.69	14.69	0.2139	
945	1	14.67	14.67	0.2211	
946	1	14.7	14.7	0.27	
947	1	14.69	14.69	0.2139	
948	1	14.51	14.51	0.2499	
949	1	14.63	14.63	0.3331	
950	1	14.6	14.6	0.24	
951	1	14.53	14.53	0.2491	
952	1	14.51	14.51	0.2499	
953	1	14.29	14.29	0.2059	
954	1	14.31	14.31	0.2139	
955	1	14.01	14.01	0.0099	
956	1	14.01	14.01	0.0099	
957	1	14.01	14.01	0.0099	
958	1	14.02	14.02	0.0196	
959	1	14.01	14.01	0.0099	
960	1	14.01	14.01	0.0099	
961	1	14.01	14.01	0.0099	
962	1	14.11	14.11	0.0979	
963	1	14.23	14.23	0.1771	
964	1	14.2	14.2	0.28	
965	1	14.4	14.4	0.64	
966	1	14.71	14.71	1.1859	
967	1	14.42	14.42	0.6636	
968	1	14.3	14.3	0.51	
969	1	14.48	14.48	0.9696	
970	1	14.61	14.61	1.3179	
971	1	14.52	14.52	1.4496	
972	1	14.48	14.48	1.3296	
973	1	14.33	14.33	0.8811	
974	1	15.17	15.17	2.1411	
975	1	15.56	15.56	2.2464	
976	1	16.37	16.37	1.4931	
977	1	16.53	16.53	1.2291	
978	1	16.74	16.74	1.7124	
979	1	16.61	16.61	1.6179	
980	1	16.57	16.57	2.0251	
981	1	16.67	16.67	2.3211	
982	1	16.59	16.59	2.1819	
983	1	16.59	16.59	2.1819	
984	1	16.8	16.8	1.92	
985	1	16.32	16.32	1.8576	
986	1	16.15	16.15	2.4475	
987	1	16.54	16.54	2.8684	
988	1	16.41	16.41	2.9619	
989	1	16.78	16.78	3.5516	
990	1	16.76	16.76	3.4224	
991	1	16.56	16.56	3.6864	
992	1	16.24	16.24	3.9424	
993	1	16.84	16.84	3.2944	
994	1	16.68	16.68	3.5376	
995	1	16.65	16.65	3.6275	
996	1	16.36	16.36	3.8704	
997	1	16.16	16.16	3.9744	
998	1	16.48	16.48	3.7696	
999	1	16.77	16.77	3.3771	
1000	1	16.8	16.8	3.12	
1001	1	16.9	16.9	2.65	
1002	1	16.67	16.67	2.9811	
1003	1	16.66	16.66	2.5444	
1004	1	16.97	16.97	2.3091	
1005	1	16.99	16.99	2.4499	
1006	1	16.9	16.9	2.77	
1007	1	16.99	16.99	2.4499	
1008	1	16.54	16.54	3.0484	
1009	1	16.97	16.97	2.4291	
1010	1	16.66	16.66	2.6644	
1011	1	16.33	16.33	2.5411	
1012	1	16.85	16.85	2.6475	
1013	1	16.95	16.95	2.5275	
1014	1	16.89	16.89	2.8179	
1015	1	16.75	16.75	3.3875	
1016	1	16.87	16.87	2.7931	
1017	1	16.94	16.94	2.7764	
1018	1	16.41	16.41	3.3219	
1019	1	16.47	16.47	3.2091	
1020	1	16.75	16.75	2.6275	
1021	1	17.04	17.04	1.9584	
1022	1	17.07	17.07	1.9251	
1023	1	17.04	17.04	1.8984	
1024	1	16.77	16.77	2.1771	
1025	1	16.2	16.2	2.16	
1026	1	15.95	15.95	1.7875	
1027	1	15.73	15.73	1.3971	
1028	1	16.01	16.01	1.8499	
1029	1	15.45	15.45	1.1475	
1030	1	15.55	15.55	1.3275	
1031	1	16.04	16.04	1.9984	
1032	1	16.5	16.5	2.25	
1033	1	16.71	16.71	2.2059	
1034	1	16.68	16.68	2.2176	
1035	1	16.8	16.8	2.16	
1036	1	16.92	16.92	2.4336	
1037	1	16.62	16.62	2.2356	
1038	1	16.59	16.59	2.2419	
1039	1	16.68	16.68	2.2176	
1040	1	17.43	17.43	1.4451	
1041	1	17.62	17.62	1.2156	
1042	1	17.8	17.8	1.26	
1043	1	17.87	17.87	1.1731	
1044	1	17.79	17.79	1.5459	
1045	1	17.88	17.88	1.5456	
1046	1	17.95	17.95	1.9875	
1047	1	17.97	17.97	2.4891	
1048	1	17.54	17.54	2.8084	
1049	1	17.71	17.71	2.7459	
1050	1	17.98	17.98	2.6196	
1051	1	18.32	18.32	2.2576	
1052	1	18.28	18.28	2.3616	
1053	1	17.76	17.76	3.4224	
1054	1	17.52	17.52	3.7296	
1055	1	18.36	18.36	2.1504	
1056	1	18.2	18.2	2.56	
1057	1	18.16	18.16	2.6544	
1058	1	17.76	17.76	3.4224	
1059	1	17.96	17.96	3.0784	
1060	1	17.96	17.96	3.0784	
1061	1	17.44	17.44	3.8064	
1062	1	18.2	18.2	2.56	
1063	1	17.88	17.88	3.2256	
1064	1	17.8	17.8	3.36	
1065	1	18.14	18.14	3.0004	
1066	1	18.44	18.44	3.1264	
1067	1	17.74	17.74	3.9524	
1068	1	17.81	17.81	3.7939	
1069	1	18.08	18.08	3.2336	
1070	1	18.13	18.13	3.3731	
1071	1	17.8	17.8	4.48	
1072	1	17.89	17.89	4.4579	
1073	1	17.09	17.09	5.2419	
1074	1	16.23	16.23	4.5571	
1075	1	16.2	16.2	4.56	
1076	1	16.65	16.65	5.5275	
1077	1	16.6	16.6	5.44	
1078	1	16.85	16.85	5.8275	
1079	1	17.75	17.75	6.1875	
1080	1	19.1	19.1	3.69	
1081	1	19.02	19.02	3.6596	
1082	1	18.94	18.94	4.0164	
1083	1	18.7	18.7	4.41	
1084	1	18.92	18.92	3.9536	
1085	1	18.89	18.89	4.1579	
1086	1	18.83	18.83	4.1611	
1087	1	19.01	19.01	3.7299	
1088	1	19.1	19.1	3.59	
1089	1	19.06	19.06	3.8764	
1090	1	18.79	18.79	4.0459	
1091	1	18.32	18.32	4.8976	
1092	1	18.41	18.41	4.5819	
1093	1	18.37	18.37	4.6131	
1094	1	18.04	18.04	4.7984	
1095	1	17.88	17.88	4.7856	
1096	1	17.17	17.17	5.1411	
1097	1	17.53	17.53	5.1291	
1098	1	17.41	17.41	5.2019	
1099	1	18.35	18.35	5.8275	
1100	1	18.59	18.59	4.6019	
1101	1	18.81	18.81	5.5939	
1102	1	18.21	18.21	5.9659	
1103	1	17.98	17.98	5.9396	
1104	1	18.03	18.03	6.7491	
1105	1	18.27	18.27	6.9771	
1106	1	19.27	19.27	6.7371	
1107	1	18.24	18.24	8.3424	
1108	1	17.94	17.94	7.9564	
1109	1	18.95	18.95	7.0675	
1110	1	18.66	18.66	8.0644	
1111	1	18.48	18.48	6.8496	
1112	1	17.2	17.2	7	
1113	1	17.1	17.1	6.75	
1114	1	18.48	18.48	6.6096	
1115	1	19.3	19.3	6.43	
1116	1	18.88	18.88	7.3456	
1117	1	18.4	18.4	7.72	
1118	1	18.9	18.9	6.51	
1119	1	18.3	18.3	5.43	
1120	1	17.84	17.84	6.0144	
1121	1	18.6	18.6	5.76	
1122	1	18.56	18.56	5.9664	
1123	1	19.31	19.31	6.0939	
1124	1	19.27	19.27	6.4371	
1125	1	18.64	18.64	7.1304	
1126	1	18.13	18.13	7.3131	
1127	1	17.89	17.89	7.8179	
1128	1	18.86	18.86	7.1004	
1129	1	18.61	18.61	7.4779	
1130	1	19.13	19.13	7.4731	
1131	1	18.98	18.98	7.9396	
1132	1	18.88	18.88	7.7256	
1133	1	18.85	18.85	7.9875	
1134	1	19.06	19.06	7.6764	
1135	1	19.11	19.11	7.6179	
1136	1	18.48	18.48	8.7696	
1137	1	18.34	18.34	8.8044	
1138	1	17.28	17.28	8.3016	
1139	1	16.86	16.86	7.7004	
1140	1	18.55	18.55	8.7675	
1141	1	18.42	18.42	8.8236	
1142	1	18.67	18.67	8.5011	
1143	1	19.18	19.18	7.8876	
1144	1	18.9	18.9	8.19	
1145	1	18.66	18.66	8.5644	
1146	1	18.87	18.87	8.4531	
1147	1	18.54	18.54	8.7084	
1148	1	18.42	18.42	8.8236	
1149	1	18.83	18.83	9.0811	
1150	1	19.54	19.54	9.4284	
1151	1	19.24	19.24	11.2824	
1152	1	19.87	19.87	10.1331	
1153	1	19.62	19.62	10.5756	
1154	1	18.93	18.93	11.1651	
1155	1	19.69	19.69	10.8339	
1156	1	19.62	19.62	10.9956	
1157	1	19.83	19.83	10.4811	
1158	1	19.76	19.76	10.6624	
1159	1	19.83	19.83	10.4811	
1160	1	19.89	19.89	9.9579	
1161	1	19.32	19.32	10.4376	
1162	1	19.18	19.18	11.0676	
1163	1	19.98	19.98	9.1596	
1164	1	19.52	19.52	9.8496	
1165	1	18.66	18.66	10.8444	
1166	1	18.37	18.37	10.4931	
1167	1	18.82	18.82	10.5076	
1168	1	18.01	18.01	9.5299	
1169	1	18.43	18.43	8.8051	
1170	1	18.45	18.45	8.7475	
1171	1	19.62	19.62	8.6756	
1172	1	20.06	20.06	8.0164	
1173	1	20.44	20.44	7.7664	
1174	1	21.24	21.24	7.0624	
1175	1	21.38	21.38	5.2956	
1176	1	21.68	21.68	3.7776	
1177	1	21.38	21.38	5.7156	
1178	1	21.12	21.12	5.9056	
1179	1	21.61	21.61	3.6579	
1180	1	21.05	21.05	6.5475	
1181	1	21.3	21.3	5.11	
1182	1	21.16	21.16	4.3344	
1183	1	21.28	21.28	3.8016	
1184	1	21.04	21.04	4.8384	
1185	1	21.16	21.16	4.3344	
1186	1	20.65	20.65	6.4875	
1187	1	20.5	20.5	6.75	
1188	1	20.8	20.8	5.76	
1189	1	20.92	20.92	5.3136	
1190	1	20.32	20.32	7.2576	
1191	1	20.7	20.7	6.25	
1192	1	20.44	20.44	6.9264	
1193	1	20.44	20.44	6.9264	
1194	1	20.14	20.14	7.7004	
1195	1	20.38	20.38	7.0956	
1196	1	20.6	20.6	6.72	
1197	1	20.56	20.56	6.5664	
1198	1	20.62	20.62	6.3756	
1199	1	20.5	20.5	6.75	
1200	1	20.56	20.56	6.5664	
1201	1	20.56	20.56	6.5664	
1202	1	20.68	20.68	6.1776	
1203	1	20.02	20.02	7.9596	
1204	1	20.56	20.56	6.5664	
1205	1	20.56	20.56	6.5664	
1206	1	20.74	20.74	5.9724	
1207	1	20.56	20.56	6.5664	
1208	1	20.49	20.49	7.1299	
1209	1	20.62	20.62	6.3756	
1210	1	20.44	20.44	6.9264	
1211	1	19.72	19.72	8.4816	
1212	1	20.32	20.32	7.2576	
1213	1	20.74	20.74	5.9724	
1214	1	21.19	21.19	4.4139	
1215	1	21.44	21.44	3.3264	
1216	1	20.8	20.8	5.76	
1217	1	20.68	20.68	6.1776	
1218	1	20.8	20.8	5.76	
1219	1	20.32	20.32	7.2576	
1220	1	20.14	20.14	7.7004	
1221	1	20.08	20.08	7.8336	
1222	1	19.84	19.84	8.2944	
1223	1	20.08	20.08	7.8336	
1224	1	20.14	20.14	7.7004	
1225	1	19.66	19.66	8.5644	
1226	1	17.06	17.06	5.0364	
1227	1	17.52	17.52	6.7096	
1228	1	19.76	19.76	7.9224	
1229	1	19.18	19.18	7.2876	
1230	1	20.21	20.21	7.1859	
1231	1	20.2	20.2	7.26	
1232	1	20.41	20.41	6.5619	
1233	1	20.39	20.39	6.5379	
1234	1	20.77	20.77	7.4571	
1235	1	20.88	20.88	6.8656	
1236	1	21.37	21.37	6.4731	
1237	1	21.53	21.53	5.3091	
1238	1	20.86	20.86	7.4604	
1239	1	21.02	21.02	7.0596	
1240	1	21.35	21.35	5.8275	
1241	1	21.15	21.15	6.5275	
1242	1	21.24	21.24	6.7624	
1243	1	21.11	21.11	7.6779	
1244	1	20.84	20.84	7.9944	
1245	1	20.65	20.65	7.6275	
1246	1	20.9	20.9	8.19	
1247	1	20.84	20.84	8.2944	
1248	1	21.08	21.08	7.8336	
1249	1	21.12	21.12	7.2456	
1250	1	21.26	21.26	6.5124	
1251	1	21.09	21.09	7.1619	
1252	1	21.22	21.22	7.1116	
1253	1	21.1	21.1	7.39	
1254	1	21.33	21.33	7.3611	
1255	1	21.29	21.29	7.1259	
1256	1	21.17	21.17	7.1811	
1257	1	21.01	21.01	7.4699	
1258	1	21.28	21.28	6.8016	
1259	1	21.04	21.04	7.1184	
1260	1	21.22	21.22	6.7116	
1261	1	21.02	21.02	7.7196	
1262	1	20.12	20.12	8.9856	
1263	1	18.6	18.6	8.58	
1264	1	19.38	19.38	10.9956	
1265	1	20.71	20.71	12.2059	
1266	1	20.51	20.51	12.1899	
1267	1	18.13	18.13	6.5731	
1268	1	19.38	19.38	10.9956	
1269	1	20.64	20.64	12.2304	
1270	1	21.27	21.27	11.6571	
1271	1	21.29	21.29	11.0859	
1272	1	21.75	21.75	10.3275	
1273	1	21.67	21.67	10.5811	
1274	1	21.33	21.33	11.2011	
1275	1	21.55	21.55	10.7275	
1276	1	21.9	21.9	10.29	
1277	1	21.55	21.55	10.3075	
1278	1	21.81	21.81	10.2339	
1279	1	20.11	20.11	11.3979	
1280	1	20.95	20.95	11.5475	
1281	1	22.05	22.05	10.5675	
1282	1	21.52	21.52	12.9096	
1283	1	21.91	21.91	12.1619	
1284	1	22.28	22.28	11.6816	
1285	1	21.97	21.97	11.5891	
1286	1	22.03	22.03	11.5091	
1287	1	22.23	22.23	10.2171	
1288	1	22.18	22.18	11.1076	
1289	1	20.72	20.72	13.9616	
1290	1	21.91	21.91	12.7219	
1291	1	20.9	20.9	12.77	
1292	1	20.11	20.11	13.3179	
1293	1	21.45	21.45	12.2275	
1294	1	22.18	22.18	10.4076	
1295	1	21.67	21.67	10.5811	
1296	1	21.64	21.64	9.8504	
1297	1	20.93	20.93	10.7451	
1298	1	21.05	21.05	9.4875	
1299	1	22	22	8.56	
1300	1	21.9	21.9	9.03	
1301	1	21.85	21.85	9.0475	
1302	1	21.26	21.26	10.4724	
1303	1	21.91	21.91	8.9419	
1304	1	21.73	21.73	9.2371	
1305	1	21.34	21.34	10.2844	
1306	1	21.62	21.62	9.8756	
1307	1	21.47	21.47	10.5291	
1308	1	21.88	21.88	10.0456	
1309	1	21.7	21.7	10.89	
1310	1	21.97	21.97	9.2491	
1311	1	21.72	21.72	9.3216	
1312	1	21.95	21.95	9.0075	
1313	1	21.39	21.39	10.3179	
1314	1	22.01	22.01	8.0499	
1315	1	22.14	22.14	7.7004	
1316	1	21.96	21.96	8.0784	
1317	1	20.34	20.34	8.5644	
1318	1	20.1	20.1	8.19	
1319	1	20.46	20.46	8.7084	
1320	1	20.64	20.64	8.8704	
1321	1	21.12	21.12	8.9856	
1322	1	20.1	20.1	8.19	
1323	1	19.6	19.6	6.84	
1324	1	19.26	19.26	5.6124	
1325	1	21.55	21.55	8.3475	
1326	1	20.51	20.51	8.5099	
1327	1	20.82	20.82	8.9676	
1328	1	20.88	20.88	8.9856	
1329	1	20.94	20.94	8.9964	
1330	1	22.46	22.46	7.0084	
1331	1	22.69	22.69	6.6339	
1332	1	22.77	22.77	6.7971	
1333	1	22.89	22.89	7.7379	
1334	1	21.54	21.54	9.1284	
1335	1	19.59	19.59	7.1619	
1336	1	20.9	20.9	8.71	
1337	1	20.67	20.67	8.6211	
1338	1	22.15	22.15	7.3275	
1339	1	21.61	21.61	8.5779	
1340	1	22.38	22.38	7.0956	
1341	1	22.8	22.8	5.76	
1342	1	22.98	22.98	5.0796	
1343	1	22.86	22.86	5.5404	
1344	1	22.62	22.62	6.3756	
1345	1	22.25	22.25	7.1875	
1346	1	22.97	22.97	4.8691	
1347	1	22.93	22.93	5.2251	
1348	1	23.04	23.04	4.8384	
1349	1	22.92	22.92	5.3136	
1350	1	22.83	22.83	5.8611	
1351	1	23.37	23.37	4.0131	
1352	1	23.53	23.53	3.1491	
1353	1	23.84	23.84	1.6144	
1354	1	24.58	24.58	1.4836	
1355	1	24.66	24.66	0.3644	
1356	1	25.06	25.06	0.4564	
1357	1	25.12	25.12	0.2856	
1358	1	25.18	25.18	0.4676	
1359	1	24.88	24.88	0.6856	
1360	1	25.35	25.35	0.6475	
1361	1	25.6	25.6	0.34	
1362	1	25.53	25.53	0.4091	
1363	1	25.69	25.69	0.2139	
1364	1	25.61	25.61	0.2379	
1365	1	25.66	25.66	0.2244	
1366	1	25.49	25.49	0.2499	
1367	1	25.7	25.7	0.31	
1368	1	25.68	25.68	0.2176	
1369	1	25.63	25.63	0.2331	
1370	1	25.54	25.54	0.2484	
1371	1	25.39	25.39	0.3179	
1372	1	25.75	25.75	0.4675	
1373	1	25.75	25.75	0.6475	
1374	1	25.14	25.14	0.1204	
1375	1	25.01	25.01	0.0099	
1376	1	25.01	25.01	0.0099	
1377	1	25.01	25.01	0.0099	
1378	1	25.01	25.01	0.0099	
1379	1	25.01	25.01	0.0099	
1380	1	25.01	25.01	0.0099	
1381	1	25.01	25.01	0.0099	
1382	1	25.01	25.01	0.0099	
1383	1	25.01	25.01	0.0099	
1384	1	25.14	25.14	0.1204	
1385	1	25.08	25.08	0.0736	
1386	1	25.14	25.14	0.1204	
1387	1	25.01	25.01	0.0099	
1388	1	25.01	25.01	0.0099	
1389	1	25.01	25.01	0.0099	
1390	1	25.01	25.01	0.0099	
1391	1	25.01	25.01	0.0099	
1392	1	25.01	25.01	0.0099	
1393	1	25.01	25.01	0.0099	
1394	1	25.01	25.01	0.0099	
1395	1	25.01	25.01	0.0099	
1396	1	25.01	25.01	0.0099	
1397	1	25.01	25.01	0.0099	
1398	1	25.01	25.01	0.0099	
1399	1	25.07	25.07	0.0651	
1400	1	25.06	25.06	0.0564	
1401	1	25.03	25.03	0.0291	
1402	1	25.01	25.01	0.0099	
1403	1	25.01	25.01	0.0099	
1404	1	25.01	25.01	0.0099	
1405	1	25.01	25.01	0.0099	
1406	1	25.01	25.01	0.0099	
1407	1	25.01	25.01	0.0099	
1408	1	25.01	25.01	0.0099	
1409	1	25.01	25.01	0.0099	
1410	1	25.01	25.01	0.0099	
1411	1	25.01	25.01	0.0099	
1412	1	25.01	25.01	0.0099	
1413	1	25.01	25.01	0.0099	
1414	1	25.01	25.01	0.0099	
1415	1	25.01	25.01	0.0099	
1416	1	25.04	25.04	0.0384	
1417	1	25.01	25.01	0.0099	
1418	1	25.01	25.01	0.0099	
1419	1	25.01	25.01	0.0099	
1420	1	25.01	25.01	0.0099	
1421	1	25.1	25.1	0.09	
1422	1	25.11	25.11	0.0979	
1423	1	25.15	25.15	0.1275	
1424	1	25.01	25.01	0.0099	
1425	1	25.01	25.01	0.0099	
1426	1	25.01	25.01	0.0099	
1427	1	25.04	25.04	0.0384	
1428	1	25.07	25.07	0.0651	
1429	1	25.08	25.08	0.0736	
1430	1	25.12	25.12	0.1056	
1431	1	25.14	25.14	0.1204	
1432	1	25.16	25.16	0.2344	
1433	1	25.19	25.19	0.2739	
1434	1	25.26	25.26	0.3524	
1435	1	25.16	25.16	0.2344	
1436	1	25.12	25.12	0.2256	
1437	1	25.18	25.18	0.3276	
1438	1	25.08	25.08	0.1536	
1439	1	25.12	25.12	0.2256	
1440	1	25.26	25.26	0.4524	
1441	1	25.35	25.35	0.5275	
1442	1	25.39	25.39	0.4779	
1443	1	25.31	25.31	0.4739	
1444	1	25.39	25.39	0.4579	
1445	1	25.78	25.78	0.5516	
1446	1	25.69	25.69	0.6339	
1447	1	26	26	0.66	
1448	1	26.16	26.16	0.6344	
1449	1	25.98	25.98	1.2996	
1450	1	26.51	26.51	0.7299	
1451	1	26.76	26.76	0.4424	
1452	1	26.72	26.72	0.2216	
1453	1	26.7	26.7	0.21	
1454	1	26.55	26.55	0.2875	
1455	1	26.6	26.6	0.32	
1456	1	26.57	26.57	0.2451	
1457	1	26.78	26.78	0.2516	
1458	1	26.81	26.81	0.3539	
1459	1	26.94	26.94	0.3764	
1460	1	27.08	27.08	0.2536	
1461	1	27.2	27.2	0.28	
1462	1	27.14	27.14	0.1204	
1463	1	27.13	27.13	0.1131	
1464	1	27.2	27.2	0.16	
1465	1	27.2	27.2	0.16	
1466	1	27.17	27.17	0.1411	
1467	1	27.19	27.19	0.1539	
1468	1	27.35	27.35	0.2275	
1469	1	27.21	27.21	0.1659	
1470	1	27.51	27.51	0.2499	
1471	1	27.67	27.67	0.2211	
1472	1	27.48	27.48	0.2496	
1473	1	27.7	27.7	0.21	
1474	1	27.75	27.75	0.1875	
1475	1	27.89	27.89	0.0979	
1476	1	27.98	27.98	0.0196	
1477	1	28	28	0	
1478	1	28	28	0	
1479	1	28	28	0	
1480	1	28.03	28.03	0.0291	
1481	1	28.04	28.04	0.0384	
1482	1	28.09	28.09	0.0819	
1483	1	28.14	28.14	0.1204	
1484	1	28.12	28.12	0.1056	
1485	1	28.15	28.15	0.1275	
1486	1	28.14	28.14	0.1204	
1487	1	28.09	28.09	0.0819	
1488	1	28.06	28.06	0.0564	
1489	1	28.12	28.12	0.1056	
1490	1	28.17	28.17	0.1411	
1491	1	28.18	28.18	0.1476	
1492	1	28.15	28.15	0.1275	
1493	1	28.14	28.14	0.1204	
1494	1	28.26	28.26	0.1924	
1495	1	28.24	28.24	0.1824	
1496	1	28.47	28.47	0.2491	
1497	1	28.63	28.63	0.2331	
1498	1	28.5	28.5	0.25	
1499	1	28.56	28.56	0.2464	
1500	1	28.75	28.75	0.1875	
1501	1	28.91	28.91	0.0819	
1502	1	28.88	28.88	0.1056	
1503	1	28.89	28.89	0.1179	
1504	1	28.56	28.56	0.2464	
1505	1	28.53	28.53	0.2491	
1506	1	28.56	28.56	0.2464	
1507	1	28.46	28.46	0.2484	
1508	1	28.69	28.69	0.2139	
1509	1	28.88	28.88	0.1056	
1510	1	28.74	28.74	0.1924	
1511	1	28.78	28.78	0.1716	
1512	1	28.91	28.91	0.0819	
1513	1	28.83	28.83	0.1411	
1514	1	28.74	28.74	0.1924	
1515	1	28.68	28.68	0.2176	
1516	1	28.79	28.79	0.1659	
1517	1	28.76	28.76	0.1824	
1518	1	28.91	28.91	0.1819	
1519	1	28.88	28.88	0.1256	
1520	1	28.86	28.86	0.1404	
1521	1	28.85	28.85	0.1275	
1522	1	28.67	28.67	0.2811	
1523	1	28.46	28.46	0.2484	
1524	1	28.43	28.43	0.2451	
1525	1	28.34	28.34	0.2244	
1526	1	28.37	28.37	0.2331	
1527	1	28.2	28.2	0.16	
1528	1	28.15	28.15	0.1275	
1529	1	28.22	28.22	0.1716	
1530	1	28.38	28.38	0.3756	
1531	1	28.19	28.19	0.1539	
1532	1	28.24	28.24	0.1824	
1533	1	28.25	28.25	0.1875	
1534	1	28.29	28.29	0.2059	
1535	1	28.31	28.31	0.2139	
1536	1	28.33	28.33	0.2211	
1537	1	28.22	28.22	0.1716	
1538	1	28.16	28.16	0.1344	
1539	1	28.16	28.16	0.1344	
1540	1	28.2	28.2	0.16	
1541	1	28.21	28.21	0.1659	
1542	1	28.23	28.23	0.1771	
1543	1	28.23	28.23	0.1771	
1544	1	28.22	28.22	0.1716	
1545	1	28.26	28.26	0.1924	
1546	1	28.24	28.24	0.1824	
1547	1	28.17	28.17	0.1411	
1548	1	28.13	28.13	0.1131	
1549	1	28.14	28.14	0.1204	
1550	1	28.02	28.02	0.0196	
1551	1	28.01	28.01	0.0099	
1552	1	28.01	28.01	0.0099	
1553	1	28.01	28.01	0.0099	
1554	1	28.01	28.01	0.0099	
1555	1	28.01	28.01	0.0099	
1556	1	28.01	28.01	0.0099	
1557	1	28.01	28.01	0.0099	
1558	1	28.01	28.01	0.0099	
1559	1	28.01	28.01	0.0099	
1560	1	28.05	28.05	0.0475	
1561	1	28.04	28.04	0.0384	
1562	1	28.01	28.01	0.0099	
1563	1	28.01	28.01	0.0099	
1564	1	28.01	28.01	0.0099	
1565	1	28.01	28.01	0.0099	
1566	1	28.01	28.01	0.0099	
1567	1	28.01	28.01	0.0099	
1568	1	28.02	28.02	0.0196	
1569	1	28.03	28.03	0.0291	
1570	1	28.01	28.01	0.0099	
1571	1	28.01	28.01	0.0099	
1572	1	28.01	28.01	0.0099	
1573	1	28.02	28.02	0.0196	
1574	1	28.04	28.04	0.0384	
1575	1	28.01	28.01	0.0099	
1576	1	28.01	28.01	0.0099	
1577	1	28.01	28.01	0.0099	
1578	1	28.01	28.01	0.0099	
1579	1	28.01	28.01	0.0099	
1580	1	28.13	28.13	0.1131	
1581	1	28.01	28.01	0.0099	
1582	1	28.01	28.01	0.0099	
1583	1	28.01	28.01	0.0099	
1584	1	28.01	28.01	0.0099	
1585	1	28.01	28.01	0.0099	
1586	1	28.02	28.02	0.0196	
1587	1	28.02	28.02	0.0196	
1588	1	28.11	28.11	0.0979	
1589	1	28.09	28.09	0.0819	
1590	1	28.21	28.21	0.1659	
1591	1	28.1	28.1	0.09	
1592	1	28.3	28.3	0.21	
1593	1	28.07	28.07	0.0651	
1594	1	28.29	28.29	0.2059	
1595	1	28.19	28.19	0.1539	
1596	1	28.28	28.28	0.2016	
1597	1	28.15	28.15	0.1275	
1598	1	28.64	28.64	0.2304	
1599	1	28.62	28.62	0.2356	
1600	1	28.76	28.76	0.1824	
1601	1	28.76	28.76	0.2424	
1602	1	28.83	28.83	0.4611	
1603	1	28.76	28.76	0.5224	
1604	1	29.14	29.14	0.7404	
1605	1	28.97	28.97	0.7691	
1606	1	28.77	28.77	0.4171	
1607	1	28.83	28.83	0.5011	
1608	1	28.57	28.57	0.3051	
1609	1	28.64	28.64	0.2304	
1610	1	28.67	28.67	0.2211	
1611	1	28.65	28.65	0.2275	
1612	1	28.4	28.4	0.24	
1613	1	28.19	28.19	0.1539	
1614	1	28.44	28.44	0.2464	
1615	1	28.68	28.68	0.2176	
1616	1	28.63	28.63	0.2331	
1617	1	28.46	28.46	0.2484	
1618	1	28.59	28.59	0.2419	
1619	1	28.45	28.45	0.2475	
1620	1	28.51	28.51	0.2499	
1621	1	28.7	28.7	0.21	
1622	1	28.61	28.61	0.2379	
1623	1	28.64	28.64	0.2304	
1624	1	28.7	28.7	0.21	
1625	1	28.73	28.73	0.1971	
1626	1	28.71	28.71	0.2059	
1627	1	28.78	28.78	0.1716	
1628	1	28.68	28.68	0.2176	
1629	1	28.68	28.68	0.2176	
1630	1	28.57	28.57	0.2451	
1631	1	28.54	28.54	0.3084	
1632	1	28.59	28.59	0.2419	
1633	1	28.32	28.32	0.2176	
1634	1	28.34	28.34	0.2644	
1635	1	28.44	28.44	0.2464	
1636	1	28.77	28.77	0.1771	
1637	1	28.61	28.61	0.2379	
1638	1	28.65	28.65	0.2275	
1639	1	28.77	28.77	0.1971	
1640	1	28.72	28.72	0.2016	
1641	1	28.49	28.49	0.2499	
1642	1	28.42	28.42	0.2436	
1643	1	28.3	28.3	0.25	
1644	1	28.12	28.12	0.1056	
1645	1	28.22	28.22	0.1716	
1646	1	28.18	28.18	0.1476	
1647	1	28.16	28.16	0.1344	
1648	1	28.15	28.15	0.1275	
1649	1	28.15	28.15	0.1275	
1650	1	28.11	28.11	0.0979	
1651	1	28.19	28.19	0.1539	
1652	1	28.19	28.19	0.1539	
1653	1	28.32	28.32	0.2176	
1654	1	28.55	28.55	0.2475	
1655	1	28.44	28.44	0.2464	
1656	1	28.61	28.61	0.2379	
1657	1	28.84	28.84	0.1344	
1658	1	28.85	28.85	0.2475	
1659	1	28.9	28.9	0.31	
1660	1	29.26	29.26	0.6124	
1661	1	29.3	29.3	0.61	
1662	1	29.57	29.57	0.4851	
1663	1	29.54	29.54	0.5484	
1664	1	29.28	29.28	0.6016	
1665	1	29.41	29.41	0.5819	
1666	1	29.5	29.5	0.89	
1667	1	29.63	29.63	1.3531	
1668	1	28.91	28.91	0.5019	
1669	1	28.78	28.78	0.1916	
1670	1	28.82	28.82	0.1476	
1671	1	28.78	28.78	0.3316	
1672	1	28.88	28.88	0.1856	
1673	1	28.88	28.88	0.1056	
1674	1	28.89	28.89	0.0979	
1675	1	29.1	29.1	0.33	
1676	1	28.93	28.93	0.2051	
1677	1	28.95	28.95	0.2475	
1678	1	28.95	28.95	0.2275	
1679	1	28.84	28.84	0.1344	
1680	1	29.09	29.09	0.3219	
1681	1	29.04	29.04	0.4384	
1682	1	29.01	29.01	0.4099	
1683	1	28.76	28.76	0.1824	
1684	1	28.72	28.72	0.2616	
1685	1	28.66	28.66	0.2244	
1686	1	28.72	28.72	0.2416	
1687	1	28.75	28.75	0.3875	
1688	1	28.65	28.65	0.5875	
1689	1	28.38	28.38	0.5356	
1690	1	28.44	28.44	0.6464	
1691	1	28.46	28.46	0.7084	
1692	1	28.64	28.64	0.8704	
1693	1	28.82	28.82	0.9676	
1694	1	29.38	29.38	0.8356	
1695	1	29.27	29.27	0.9171	
1696	1	29.45	29.45	0.8075	
1697	1	29.74	29.74	0.5324	
1698	1	29.99	29.99	0.3299	
1699	1	29.8	29.8	0.16	
1700	1	29.86	29.86	0.1204	
1701	1	29.92	29.92	0.0736	
1702	1	29.9	29.9	0.09	
1703	1	29.9	29.9	0.11	
1704	1	29.93	29.93	0.0651	
1705	1	29.95	29.95	0.0875	
1706	1	29.92	29.92	0.0936	
1707	1	29.95	29.95	0.0875	
1708	1	29.91	29.91	0.0819	
1709	1	29.89	29.89	0.0979	
1710	1	29.89	29.89	0.0979	
1711	1	29.86	29.86	0.1204	
1712	1	29.88	29.88	0.1056	
1713	1	29.91	29.91	0.0819	
1714	1	29.82	29.82	0.1476	
1715	1	29.67	29.67	0.2211	
1716	1	29.93	29.93	0.0651	
1717	1	29.99	29.99	0.0099	
1718	1	29.99	29.99	0.0099	
1719	1	30.01	30.01	0.0099	
1720	1	30.03	30.03	0.0291	
1721	1	30.04	30.04	0.0384	
1722	1	30.03	30.03	0.0291	
1723	1	30.09	30.09	0.0819	
1724	1	30.1	30.1	0.09	
1725	1	30.09	30.09	0.1219	
1726	1	30.04	30.04	0.0384	
1727	1	30.04	30.04	0.0384	
1728	1	30.05	30.05	0.0475	
1729	1	30.02	30.02	0.0196	
1730	1	30.05	30.05	0.0475	
1731	1	30.06	30.06	0.0564	
1732	1	30.24	30.24	0.1824	
1733	1	30.05	30.05	0.0475	
1734	1	30.16	30.16	0.1344	
1735	1	30.5	30.5	0.25	
1736	1	30.48	30.48	0.2496	
1737	1	30.68	30.68	0.2176	
1738	1	30.39	30.39	0.2379	
1739	1	30.32	30.32	0.2176	
1740	1	30.45	30.45	0.2475	
1741	1	30.4	30.4	0.24	
1742	1	30.71	30.71	0.2059	
1743	1	31.12	31.12	0.1056	
1744	1	31.14	31.14	0.1204	
1745	1	31	31	0	
1746	1	31	31	0	
1747	1	31	31	0	
1748	1	31.01	31.01	0.0099	
1749	1	31.01	31.01	0.0099	
1750	1	31.01	31.01	0.0099	
1751	1	31.01	31.01	0.0099	
1752	1	31.01	31.01	0.0099	
1753	1	31.01	31.01	0.0099	
1754	1	31.01	31.01	0.0099	
1755	1	31.01	31.01	0.0099	
1756	1	31.01	31.01	0.0099	
1757	1	31.01	31.01	0.0099	
1758	1	31.02	31.02	0.0196	
1759	1	31.01	31.01	0.0099	
1760	1	31.01	31.01	0.0099	
1761	1	31.01	31.01	0.0099	
1762	1	31.01	31.01	0.0099	
1763	1	31.04	31.04	0.0384	
1764	1	31.07	31.07	0.0651	
1765	1	31.02	31.02	0.0196	
1766	1	31.01	31.01	0.0099	
1767	1	31.01	31.01	0.0099	
1768	1	31.01	31.01	0.0099	
1769	1	31.01	31.01	0.0099	
1770	1	31.01	31.01	0.0099	
1771	1	31.01	31.01	0.0099	
1772	1	31.01	31.01	0.0099	
1773	1	31.01	31.01	0.0099	
1774	1	31.01	31.01	0.0099	
1775	1	31.01	31.01	0.0099	
1776	1	31.01	31.01	0.0099	
1777	1	31.01	31.01	0.0099	
1778	1	31.01	31.01	0.0099	
1779	1	31.01	31.01	0.0099	
1780	1	31.01	31.01	0.0099	
1781	1	31.01	31.01	0.0099	
1782	1	31.01	31.01	0.0099	
1783	1	31.01	31.01	0.0099	
1784	1	31.01	31.01	0.0099	
1785	1	31.01	31.01	0.0099	
1786	1	31.01	31.01	0.0099	
1787	1	31.01	31.01	0.0099	
1788	1	31.01	31.01	0.0099	
1789	1	31.01	31.01	0.0099	
1790	1	31.01	31.01	0.0099	
1791	1	31.01	31.01	0.0099	
1792	1	31.01	31.01	0.0099	
1793	1	31.03	31.03	0.0291	
1794	1	31.01	31.01	0.0099	
1795	1	31.03	31.03	0.0291	
1796	1	31.01	31.01	0.0099	
1797	1	31.01	31.01	0.0099	
1798	1	31.01	31.01	0.0099	
1799	1	31.01	31.01	0.0099	
1800	1	31.01	31.01	0.0099	
1801	1	31.01	31.01	0.0099	
1802	1	31.01	31.01	0.0099	
1803	1	31.01	31.01	0.0099	
1804	1	31.01	31.01	0.0099	
1805	1	31.01	31.01	0.0099	
1806	1	31.01	31.01	0.0099	
1807	1	31.01	31.01	0.0099	
1808	1	31.01	31.01	0.0099	
1809	1	31.04	31.04	0.0384	
1810	1	31.1	31.1	0.09	
1811	1	31.17	31.17	0.1411	
1812	1	31.24	31.24	0.1824	
1813	1	31.17	31.17	0.1411	
1814	1	31.12	31.12	0.1056	
1815	1	31.14	31.14	0.1204	
1816	1	31.13	31.13	0.1131	
1817	1	31.15	31.15	0.1275	
1818	1	31.19	31.19	0.1539	
1819	1	31.51	31.51	0.2499	
1820	1	31.57	31.57	0.2451	
1821	1	31.75	31.75	0.1875	
1822	1	31.83	31.83	0.1411	
1823	1	31.53	31.53	0.2491	
1824	1	31.71	31.71	0.2059	
1825	1	31.72	31.72	0.2016	
1826	1	31.83	31.83	0.1411	
1827	1	31.81	31.81	0.1539	
1828	1	31.92	31.92	0.0736	
1829	1	31.89	31.89	0.0979	
1830	1	32.01	32.01	0.0099	
1831	1	32.01	32.01	0.0099	
1832	1	32.01	32.01	0.0099	
1833	1	32.03	32.03	0.0291	
1834	1	32.05	32.05	0.0475	
1835	1	32.01	32.01	0.0099	
1836	1	32.03	32.03	0.0291	
1837	1	32.07	32.07	0.0651	
1838	1	32.07	32.07	0.0651	
1839	1	32.08	32.08	0.0736	
1840	1	32.21	32.21	0.1659	
1841	1	32.39	32.39	0.2379	
1842	1	32.54	32.54	0.2484	
1843	1	32.29	32.29	0.2059	
1844	1	32.27	32.27	0.2171	
1845	1	32.42	32.42	0.2436	
1846	1	32.1	32.1	0.09	
1847	1	32.19	32.19	0.1539	
1848	1	32.42	32.42	0.2436	
1849	1	32.31	32.31	0.2139	
1850	1	32.32	32.32	0.2176	
1851	1	32.18	32.18	0.1476	
1852	1	32.26	32.26	0.1924	
1853	1	32.23	32.23	0.1771	
1854	1	32.56	32.56	0.2464	
1855	1	32.26	32.26	0.1924	
1856	1	32.08	32.08	0.0736	
1857	1	32.13	32.13	0.1131	
1858	1	32.15	32.15	0.1275	
1859	1	32.23	32.23	0.2571	
1860	1	32.16	32.16	0.1744	
1861	1	32.07	32.07	0.0651	
1862	1	32.12	32.12	0.1056	
1863	1	32.24	32.24	0.1824	
1864	1	32.13	32.13	0.1131	
1865	1	32.06	32.06	0.0564	
1866	1	32.01	32.01	0.0099	
1867	1	32.01	32.01	0.0099	
1868	1	32.01	32.01	0.0099	
1869	1	32.04	32.04	0.0384	
1870	1	32.01	32.01	0.0099	
1871	1	32.01	32.01	0.0099	
1872	1	32.01	32.01	0.0099	
1873	1	32.04	32.04	0.0384	
1874	1	32.01	32.01	0.0099	
1875	1	32.04	32.04	0.0384	
1876	1	32.01	32.01	0.0099	
1877	1	32.01	32.01	0.0099	
1878	1	32.01	32.01	0.0099	
1879	1	32.01	32.01	0.0099	
1880	1	32.01	32.01	0.0099	
1881	1	32.13	32.13	0.1131	
1882	1	32.23	32.23	0.1771	
1883	1	32.3	32.3	0.21	
1884	1	32.01	32.01	0.0099	
1885	1	32.01	32.01	0.0099	
1886	1	32.01	32.01	0.0099	
1887	1	32.01	32.01	0.0099	
1888	1	32.01	32.01	0.0099	
1889	1	32.01	32.01	0.0099	
1890	1	32.02	32.02	0.0196	
1891	1	32.01	32.01	0.0099	
1892	1	32.01	32.01	0.0099	
1893	1	32.06	32.06	0.0564	
1894	1	32.01	32.01	0.0099	
1895	1	32.01	32.01	0.0099	
1896	1	32.07	32.07	0.0651	
1897	1	32.26	32.26	0.1924	
1898	1	32.26	32.26	0.1924	
1899	1	32.18	32.18	0.1476	
1900	1	32.41	32.41	0.2419	
1901	1	32.36	32.36	0.2304	
1902	1	32.64	32.64	0.2304	
1903	1	32.55	32.55	0.2675	
1904	1	32.51	32.51	0.4899	
1905	1	32.23	32.23	0.1771	
1906	1	32.37	32.37	0.2331	
1907	1	32.35	32.35	0.2275	
1908	1	32.45	32.45	0.2475	
1909	1	32.62	32.62	0.2356	
1910	1	32.67	32.67	0.2211	
1911	1	32.65	32.65	0.2275	
1912	1	32.69	32.69	0.2139	
1913	1	32.51	32.51	0.2499	
1914	1	32.48	32.48	0.2496	
1915	1	32.46	32.46	0.2484	
1916	1	32.27	32.27	0.1971	
1917	1	32.33	32.33	0.2411	
1918	1	32.76	32.76	0.6024	
1919	1	33.01	33.01	0.6299	
1920	1	33.11	33.11	0.7779	
1921	1	33.07	33.07	0.7651	
1922	1	32.81	32.81	0.5739	
1923	1	32.68	32.68	0.3576	
1924	1	32.58	32.58	0.2436	
1925	1	32.73	32.73	0.4971	
1926	1	32.8	32.8	0.36	
1927	1	32.6	32.6	0.5	
1928	1	32.81	32.81	0.6539	
1929	1	32.53	32.53	0.2491	
1930	1	32.67	32.67	0.2211	
1931	1	32.68	32.68	0.2176	
1932	1	32.43	32.43	0.2451	
1933	1	32.51	32.51	0.2899	
1934	1	32.36	32.36	0.2304	
1935	1	32.43	32.43	0.2451	
1936	1	32.47	32.47	0.2491	
1937	1	32.21	32.21	0.1659	
1938	1	32.41	32.41	0.2419	
1939	1	32.37	32.37	0.2331	
1940	1	32.62	32.62	0.2356	
1941	1	32.64	32.64	0.2304	
1942	1	32.62	32.62	0.2356	
1943	1	32.53	32.53	0.2491	
1944	1	32.51	32.51	0.2499	
1945	1	32.58	32.58	0.2436	
1946	1	32.49	32.49	0.2499	
1947	1	32.52	32.52	0.2496	
1948	1	32.45	32.45	0.2475	
1949	1	32.16	32.16	0.1344	
1950	1	32.01	32.01	0.0099	
1951	1	32.01	32.01	0.0099	
1952	1	32.01	32.01	0.0099	
1953	1	32.29	32.29	0.2059	
1954	1	32.49	32.49	0.2499	
1955	1	32.43	32.43	0.2451	
1956	1	32.42	32.42	0.2436	
1957	1	32.43	32.43	0.2451	
1958	1	32.66	32.66	0.2244	
1959	1	32.72	32.72	0.2016	
1960	1	32.66	32.66	0.2244	
1961	1	32.88	32.88	0.6656	
1962	1	32.91	32.91	0.5819	
1963	1	32.83	32.83	0.3811	
1964	1	32.69	32.69	0.2339	
1965	1	32.79	32.79	0.4259	
1966	1	32.72	32.72	0.2216	
1967	1	32.65	32.65	0.3075	
1968	1	32.59	32.59	0.2819	
1969	1	32.61	32.61	0.2379	
1970	1	32.61	32.61	0.2379	
1971	1	32.67	32.67	0.2211	
1972	1	32.54	32.54	0.2684	
1973	1	32.61	32.61	0.2379	
1974	1	32.55	32.55	0.2475	
1975	1	32.58	32.58	0.2436	
1976	1	32.61	32.61	0.2379	
1977	1	32.65	32.65	0.2275	
1978	1	32.69	32.69	0.2339	
1979	1	32.59	32.59	0.2419	
1980	1	32.63	32.63	0.2331	
1981	1	32.66	32.66	0.2244	
1982	1	32.69	32.69	0.2139	
1983	1	32.63	32.63	0.2331	
1984	1	32.56	32.56	0.2464	
1985	1	32.46	32.46	0.2484	
1986	1	32.58	32.58	0.2636	
1987	1	32.72	32.72	0.2816	
1988	1	32.75	32.75	0.3075	
1989	1	32.76	32.76	0.2024	
1990	1	32.66	32.66	0.2244	
1991	1	32.82	32.82	0.1476	
1992	1	32.78	32.78	0.1716	
1993	1	32.85	32.85	0.1275	
1994	1	32.81	32.81	0.1539	
1995	1	32.79	32.79	0.1659	
1996	1	32.78	32.78	0.1716	
1997	1	32.87	32.87	0.1931	
1998	1	32.86	32.86	0.2604	
1999	1	32.76	32.76	0.3624	
2000	1	32.67	32.67	0.4611	
