# mu = 0.1, s = -0.01, trials requested = 1, runtime = 0:00:00
# "Time"	"Actual trials"	"Mean mutation"	"Average mean mutation"	"Average mutation variance"
0	1	0	0	0	
1	1	0	0	0	
2	1	0.01	0.01	0.0099	
3	1	0.01	0.01	0.0099	
4	1	0.02	0.02	0.0196	
5	1	0.04	0.04	0.0384	
6	1	0.04	0.04	0.0384	
7	1	0.04	0.04	0.0384	
8	1	0.03	0.03	0.0291	
9	1	0.06	0.06	0.0564	
10	1	0.08	0.08	0.0736	
11	1	0.09	0.09	0.0819	
12	1	0.09	0.09	0.0819	
13	1	0.08	0.08	0.0736	
14	1	0.09	0.09	0.0819	
15	1	0.13	0.13	0.1331	
16	1	0.14	0.14	0.1404	
17	1	0.12	0.12	0.1056	
18	1	0.14	0.14	0.1204	
19	1	0.16	0.16	0.1344	
20	1	0.17	0.17	0.1411	
21	1	0.19	0.19	0.1539	
22	1	0.22	0.22	0.1916	
23	1	0.28	0.28	0.2616	
24	1	0.29	0.29	0.2659	
25	1	0.3	0.3	0.27	
26	1	0.36	0.36	0.3304	
27	1	0.38	0.38	0.3356	
28	1	0.45	0.45	0.3675	
29	1	0.45	0.45	0.3675	
30	1	0.44	0.44	0.3664	
31	1	0.43	0.43	0.4251	
32	1	0.45	0.45	0.4275	
33	1	0.44	0.44	0.4464	
34	1	0.47	0.47	0.4691	
35	1	0.47	0.47	0.5091	
36	1	0.51	0.51	0.5299	
37	1	0.61	0.61	0.6579	
38	1	0.66	0.66	0.6844	
39	1	0.64	0.64	0.6904	
40	1	0.59	0.59	0.6019	
41	1	0.6	0.6	0.54	
42	1	0.6	0.6	0.54	
43	1	0.61	0.61	0.5179	
44	1	0.68	0.68	0.5376	
45	1	0.69	0.69	0.5739	
46	1	0.69	0.69	0.5539	
47	1	0.71	0.71	0.5259	
48	1	0.76	0.76	0.5424	
49	1	0.76	0.76	0.5624	
50	1	0.75	0.75	0.5675	
51	1	0.8	0.8	0.62	
52	1	0.88	0.88	0.6656	
53	1	0.89	0.89	0.6379	
54	1	0.93	0.93	0.6651	
55	1	0.93	0.93	0.7051	
56	1	0.94	0.94	0.6764	
57	1	1.01	1.01	0.7099	
58	1	1	1	0.74	
59	1	1.07	1.07	0.7851	
60	1	1.03	1.03	0.7691	
61	1	0.97	0.97	0.6691	
62	1	0.93	0.93	0.7051	
63	1	0.94	0.94	0.7364	
64	1	0.97	0.97	0.7491	
65	1	1	1	0.78	
66	1	1.02	1.02	0.7796	
67	1	1.03	1.03	0.7491	
68	1	1.03	1.03	0.7691	
69	1	1.03	1.03	0.7291	
70	1	1.07	1.07	0.7851	
71	1	1.08	1.08	0.7736	
72	1	1.13	1.13	0.7931	
73	1	1.11	1.11	0.7579	
74	1	1.1	1.1	0.81	
75	1	1.16	1.16	0.8344	
76	1	1.16	1.16	0.8144	
77	1	1.24	1.24	0.8224	
78	1	1.28	1.28	0.8016	
79	1	1.26	1.26	0.6924	
80	1	1.25	1.25	0.6875	
81	1	1.29	1.29	0.6659	
82	1	1.24	1.24	0.7024	
83	1	1.3	1.3	0.69	
84	1	1.34	1.34	0.6844	
85	1	1.33	1.33	0.6611	
86	1	1.31	1.31	0.6339	
87	1	1.34	1.34	0.6444	
88	1	1.31	1.31	0.6539	
89	1	1.34	1.34	0.7244	
90	1	1.38	1.38	0.7156	
91	1	1.43	1.43	0.7051	
92	1	1.39	1.39	0.7179	
93	1	1.42	1.42	0.7436	
94	1	1.45	1.45	0.7075	
95	1	1.45	1.45	0.6675	
96	1	1.41	1.41	0.7219	
97	1	1.5	1.5	0.79	
98	1	1.51	1.51	0.8499	
99	1	1.56	1.56	0.8064	
100	1	1.55	1.55	0.8275	
101	1	1.56	1.56	0.8264	
102	1	1.49	1.49	0.8499	
103	1	1.53	1.53	0.7891	
104	1	1.53	1.53	0.8491	
105	1	1.53	1.53	0.8691	
106	1	1.56	1.56	0.8464	
107	1	1.58	1.58	0.8836	
108	1	1.6	1.6	0.9	
109	1	1.64	1.64	0.9904	
110	1	1.67	1.67	1.0611	
111	1	1.65	1.65	1.0275	
112	1	1.73	1.73	1.1171	
113	1	1.75	1.75	1.1275	
114	1	1.76	1.76	1.1824	
115	1	1.74	1.74	1.1524	
116	1	1.73	1.73	1.0771	
117	1	1.76	1.76	1.0224	
118	1	1.73	1.73	1.0971	
119	1	1.66	1.66	1.0244	
120	1	1.73	1.73	1.1171	
121	1	1.72	1.72	1.0816	
122	1	1.72	1.72	1.0816	
123	1	1.7	1.7	1.03	
124	1	1.68	1.68	0.9176	
125	1	1.7	1.7	0.95	
126	1	1.74	1.74	0.9924	
127	1	1.68	1.68	0.9776	
128	1	1.7	1.7	1.05	
129	1	1.64	1.64	1.0904	
130	1	1.66	1.66	1.1844	
131	1	1.6	1.6	1.12	
132	1	1.56	1.56	1.0464	
133	1	1.58	1.58	1.0236	
134	1	1.68	1.68	1.0376	
135	1	1.66	1.66	1.0844	
136	1	1.68	1.68	1.1176	
137	1	1.66	1.66	1.1044	
138	1	1.65	1.65	1.1275	
139	1	1.67	1.67	1.0811	
140	1	1.68	1.68	1.0776	
141	1	1.64	1.64	1.1504	
142	1	1.67	1.67	1.2011	
143	1	1.69	1.69	1.2339	
144	1	1.7	1.7	1.25	
145	1	1.71	1.71	1.1659	
146	1	1.74	1.74	1.0924	
147	1	1.73	1.73	0.9771	
148	1	1.76	1.76	0.9024	
149	1	1.76	1.76	0.8624	
150	1	1.76	1.76	0.9024	
151	1	1.71	1.71	0.9259	
152	1	1.75	1.75	1.0075	
153	1	1.8	1.8	1.12	
154	1	1.83	1.83	1.0811	
155	1	1.82	1.82	1.0676	
156	1	1.76	1.76	1.0824	
157	1	1.78	1.78	1.0516	
158	1	1.79	1.79	0.9859	
159	1	1.8	1.8	0.98	
160	1	1.8	1.8	0.94	
161	1	1.83	1.83	0.8811	
162	1	1.88	1.88	0.8656	
163	1	1.9	1.9	0.83	
164	1	1.9	1.9	0.87	
165	1	1.92	1.92	0.8336	
166	1	1.92	1.92	0.7936	
167	1	1.91	1.91	0.7819	
168	1	1.96	1.96	0.7184	
169	1	1.97	1.97	0.6891	
170	1	1.99	1.99	0.6899	
171	1	1.98	1.98	0.7196	
172	1	1.99	1.99	0.7299	
173	1	2.05	2.05	0.6675	
174	1	2.07	2.07	0.7251	
175	1	2.12	2.12	0.6856	
176	1	2.12	2.12	0.6856	
177	1	2.13	2.13	0.5931	
178	1	2.09	2.09	0.6019	
179	1	2.1	2.1	0.61	
180	1	2.11	2.11	0.5579	
181	1	2.09	2.09	0.5619	
182	1	2.04	2.04	0.5784	
183	1	2.06	2.06	0.5364	
184	1	2.16	2.16	0.5744	
185	1	2.14	2.14	0.5004	
186	1	2.19	2.19	0.5339	
187	1	2.2	2.2	0.48	
188	1	2.21	2.21	0.4859	
189	1	2.29	2.29	0.5259	
190	1	2.23	2.23	0.5971	
191	1	2.3	2.3	0.55	
192	1	2.27	2.27	0.5571	
193	1	2.31	2.31	0.5339	
194	1	2.36	2.36	0.4904	
195	1	2.41	2.41	0.5019	
196	1	2.39	2.39	0.4779	
197	1	2.4	2.4	0.52	
198	1	2.46	2.46	0.5484	
199	1	2.44	2.44	0.5264	
200	1	2.43	2.43	0.5251	
201	1	2.44	2.44	0.5464	
202	1	2.45	2.45	0.5675	
203	1	2.47	2.47	0.5891	
204	1	2.45	2.45	0.5875	
205	1	2.42	2.42	0.6436	
206	1	2.42	2.42	0.6636	
207	1	2.43	2.43	0.5851	
208	1	2.48	2.48	0.6296	
209	1	2.51	2.51	0.6499	
210	1	2.55	2.55	0.7075	
211	1	2.52	2.52	0.7496	
212	1	2.54	2.54	0.7484	
213	1	2.57	2.57	0.7451	
214	1	2.59	2.59	0.7619	
215	1	2.57	2.57	0.7651	
216	1	2.57	2.57	0.7851	
217	1	2.65	2.65	0.7875	
218	1	2.7	2.7	0.81	
219	1	2.66	2.66	0.8644	
220	1	2.64	2.64	0.9104	
221	1	2.61	2.61	0.8979	
222	1	2.63	2.63	0.8931	
223	1	2.67	2.67	0.8611	
224	1	2.68	2.68	0.8976	
225	1	2.68	2.68	0.9176	
226	1	2.77	2.77	0.9171	
227	1	2.77	2.77	0.8971	
228	1	2.81	2.81	0.8739	
229	1	2.81	2.81	0.8339	
230	1	2.88	2.88	0.8056	
231	1	2.92	2.92	0.8136	
232	1	2.97	2.97	0.7291	
233	1	2.96	2.96	0.7384	
234	1	2.97	2.97	0.7691	
235	1	2.95	2.95	0.8075	
236	1	2.92	2.92	0.8936	
237	1	2.92	2.92	0.8536	
238	1	2.95	2.95	0.8675	
239	1	2.93	2.93	0.8651	
240	1	2.94	2.94	0.9764	
241	1	2.95	2.95	0.9875	
242	1	3.01	3.01	0.8899	
243	1	3	3	0.86	
244	1	2.93	2.93	1.0051	
245	1	2.93	2.93	0.9851	
246	1	2.87	2.87	0.9931	
247	1	2.85	2.85	1.0275	
248	1	2.84	2.84	1.0944	
249	1	2.86	2.86	1.1604	
250	1	2.81	2.81	1.2139	
251	1	2.79	2.79	1.3059	
252	1	2.78	2.78	1.2516	
253	1	2.74	2.74	1.1724	
254	1	2.77	2.77	1.1171	
255	1	2.84	2.84	1.0744	
256	1	2.88	2.88	1.1456	
257	1	2.9	2.9	1.13	
258	1	2.89	2.89	1.1379	
259	1	2.89	2.89	1.1579	
260	1	2.94	2.94	1.1764	
261	1	2.96	2.96	1.1784	
262	1	2.95	2.95	1.1275	
263	1	2.9	2.9	1.23	
264	1	2.85	2.85	1.2275	
265	1	2.91	2.91	1.2019	
266	1	2.86	2.86	1.2004	
267	1	2.84	2.84	1.1944	
268	1	2.83	2.83	1.1211	
269	1	2.83	2.83	1.1211	
270	1	2.79	2.79	1.1859	
271	1	2.84	2.84	1.1544	
272	1	2.83	2.83	1.1611	
273	1	2.89	2.89	1.1379	
274	1	2.89	2.89	1.1979	
275	1	2.95	2.95	1.2275	
276	1	3	3	1.18	
277	1	3	3	1.18	
278	1	3	3	1.18	
279	1	3	3	1.2	
280	1	3.06	3.06	1.1164	
281	1	3.07	3.07	1.1451	
282	1	3.13	3.13	1.2931	
283	1	3.14	3.14	1.3604	
284	1	3.14	3.14	1.3404	
285	1	3.12	3.12	1.2856	
286	1	3.15	3.15	1.3075	
287	1	3.13	3.13	1.2931	
288	1	3.16	3.16	1.2744	
289	1	3.16	3.16	1.4144	
290	1	3.23	3.23	1.5171	
291	1	3.29	3.29	1.4659	
292	1	3.32	3.32	1.5576	
293	1	3.34	3.34	1.4644	
294	1	3.33	3.33	1.3411	
295	1	3.28	3.28	1.4616	
296	1	3.26	3.26	1.4924	
297	1	3.17	3.17	1.5211	
298	1	3.2	3.2	1.5	
299	1	3.29	3.29	1.4859	
300	1	3.27	3.27	1.5371	
301	1	3.35	3.35	1.5075	
302	1	3.39	3.39	1.5179	
303	1	3.39	3.39	1.5179	
304	1	3.41	3.41	1.5819	
305	1	3.47	3.47	1.7091	
306	1	3.6	3.6	1.76	
307	1	3.61	3.61	1.6579	
308	1	3.64	3.64	1.6304	
309	1	3.67	3.67	1.5811	
310	1	3.62	3.62	1.5756	
311	1	3.64	3.64	1.5704	
312	1	3.64	3.64	1.5304	
313	1	3.72	3.72	1.5216	
314	1	3.79	3.79	1.4859	
315	1	3.83	3.83	1.4211	
316	1	3.84	3.84	1.4344	
317	1	3.82	3.82	1.4876	
318	1	3.85	3.85	1.4675	
319	1	3.82	3.82	1.4476	
320	1	3.83	3.83	1.5011	
321	1	3.74	3.74	1.3724	
322	1	3.78	3.78	1.4116	
323	1	3.78	3.78	1.4316	
324	1	3.81	3.81	1.5739	
325	1	3.79	3.79	1.5659	
326	1	3.84	3.84	1.5544	
327	1	3.75	3.75	1.5675	
328	1	3.65	3.65	1.5275	
329	1	3.65	3.65	1.5475	
330	1	3.59	3.59	1.6019	
331	1	3.62	3.62	1.6756	
332	1	3.63	3.63	1.6531	
333	1	3.68	3.68	1.7176	
334	1	3.74	3.74	1.8324	
335	1	3.73	3.73	1.8371	
336	1	3.78	3.78	1.9516	
337	1	3.88	3.88	2.0256	
338	1	3.93	3.93	2.0051	
339	1	3.94	3.94	1.9764	
340	1	3.97	3.97	1.9091	
341	1	3.93	3.93	2.0051	
342	1	3.83	3.83	1.8611	
343	1	3.89	3.89	1.8379	
344	1	3.84	3.84	1.6744	
345	1	3.72	3.72	1.5816	
346	1	3.69	3.69	1.5939	
347	1	3.65	3.65	1.6075	
348	1	3.58	3.58	1.5836	
349	1	3.55	3.55	1.5075	
350	1	3.61	3.61	1.5379	
351	1	3.61	3.61	1.5379	
352	1	3.63	3.63	1.4931	
353	1	3.58	3.58	1.4236	
354	1	3.58	3.58	1.5036	
355	1	3.65	3.65	1.4875	
356	1	3.74	3.74	1.4324	
357	1	3.75	3.75	1.4275	
358	1	3.83	3.83	1.4211	
359	1	3.87	3.87	1.4931	
360	1	3.85	3.85	1.5075	
361	1	3.93	3.93	1.5251	
362	1	3.82	3.82	1.5676	
363	1	3.82	3.82	1.5076	
364	1	3.84	3.84	1.4944	
365	1	3.9	3.9	1.47	
366	1	3.93	3.93	1.4451	
367	1	3.9	3.9	1.53	
368	1	3.97	3.97	1.5491	
369	1	3.99	3.99	1.5299	
370	1	3.98	3.98	1.5596	
371	1	4.01	4.01	1.5899	
372	1	4.05	4.05	1.6475	
373	1	4.12	4.12	1.6256	
374	1	4.08	4.08	1.6336	
375	1	4.1	4.1	1.59	
376	1	4.14	4.14	1.5604	
377	1	4.13	4.13	1.5731	
378	1	4.11	4.11	1.6179	
379	1	4.07	4.07	1.6251	
380	1	4.13	4.13	1.6931	
381	1	4.15	4.15	1.8075	
382	1	4.19	4.19	1.9139	
383	1	4.2	4.2	1.96	
384	1	4.22	4.22	2.2116	
385	1	4.2	4.2	2.22	
386	1	4.17	4.17	2.3411	
387	1	4.12	4.12	2.3256	
388	1	4.11	4.11	2.2979	
389	1	4.19	4.19	2.4539	
390	1	4.26	4.26	2.5324	
391	1	4.32	4.32	2.6376	
392	1	4.33	4.33	2.6811	
393	1	4.39	4.39	2.4979	
394	1	4.41	4.41	2.4419	
395	1	4.39	4.39	2.4979	
396	1	4.4	4.4	2.58	
397	1	4.36	4.36	2.7304	
398	1	4.48	4.48	3.0296	
399	1	4.58	4.58	3.1036	
400	1	4.63	4.63	3.1731	
401	1	4.66	4.66	3.1444	
402	1	4.69	4.69	3.1739	
403	1	4.64	4.64	3.2104	
404	1	4.65	4.65	3.0275	
405	1	4.62	4.62	2.8156	
406	1	4.58	4.58	2.8236	
407	1	4.62	4.62	2.8556	
408	1	4.65	4.65	3.0075	
409	1	4.56	4.56	3.0864	
410	1	4.46	4.46	3.2284	
411	1	4.44	4.44	3.2464	
412	1	4.5	4.5	3.21	
413	1	4.54	4.54	3.1084	
414	1	4.57	4.57	3.1051	
415	1	4.69	4.69	3.0739	
416	1	4.76	4.76	3.3024	
417	1	4.65	4.65	3.4275	
418	1	4.62	4.62	3.3756	
419	1	4.56	4.56	3.1864	
420	1	4.64	4.64	3.3704	
421	1	4.66	4.66	3.3044	
422	1	4.66	4.66	3.3844	
423	1	4.71	4.71	3.3259	
424	1	4.69	4.69	3.2739	
425	1	4.64	4.64	3.2904	
426	1	4.73	4.73	3.4371	
427	1	4.68	4.68	3.3776	
428	1	4.69	4.69	3.4139	
429	1	4.7	4.7	3.61	
430	1	4.76	4.76	3.4424	
431	1	4.76	4.76	3.5624	
432	1	4.77	4.77	3.4571	
433	1	4.79	4.79	3.5259	
434	1	4.66	4.66	3.6844	
435	1	4.74	4.74	3.5924	
436	1	4.8	4.8	3.74	
437	1	4.76	4.76	3.5824	
438	1	4.77	4.77	3.5971	
439	1	4.77	4.77	3.7171	
440	1	4.82	4.82	3.5876	
441	1	4.87	4.87	3.8931	
442	1	4.88	4.88	3.9456	
443	1	5.11	5.11	3.7979	
444	1	5.11	5.11	3.6979	
445	1	5.16	5.16	3.6344	
446	1	5.15	5.15	3.5075	
447	1	5.35	5.35	3.3675	
448	1	5.25	5.25	3.6675	
449	1	5.26	5.26	3.6924	
450	1	5.19	5.19	3.7939	
451	1	5.24	5.24	3.6224	
452	1	5.15	5.15	3.6875	
453	1	5.16	5.16	3.6944	
454	1	5.09	5.09	3.7019	
455	1	5.08	5.08	3.8536	
456	1	5.03	5.03	3.6891	
457	1	4.96	4.96	3.4584	
458	1	5.03	5.03	3.4691	
459	1	5	5	3.44	
460	1	4.95	4.95	3.5475	
461	1	4.91	4.91	3.5019	
462	1	5.02	5.02	3.3396	
463	1	5.11	5.11	3.3779	
464	1	5.11	5.11	3.2979	
465	1	5.1	5.1	3.29	
466	1	5.14	5.14	3.2404	
467	1	5.06	5.06	3.2164	
468	1	5.02	5.02	3.0196	
469	1	5.07	5.07	2.9651	
470	1	5.04	5.04	3.0184	
471	1	5.03	5.03	3.1491	
472	1	5	5	3.42	
473	1	4.87	4.87	3.3331	
474	1	4.93	4.93	3.1851	
475	1	4.95	4.95	3.1875	
476	1	4.95	4.95	3.1075	
477	1	4.97	4.97	3.2891	
478	1	4.97	4.97	3.0691	
479	1	5.11	5.11	2.9579	
480	1	5.1	5.1	2.99	
481	1	5.17	5.17	2.7411	
482	1	5.18	5.18	2.7676	
483	1	5.31	5.31	2.9939	
484	1	5.32	5.32	2.7976	
485	1	5.42	5.42	2.8836	
486	1	5.49	5.49	2.9299	
487	1	5.5	5.5	2.81	
488	1	5.54	5.54	2.9084	
489	1	5.65	5.65	2.7875	
490	1	5.6	5.6	2.7	
491	1	5.71	5.71	2.7259	
492	1	5.62	5.62	2.7956	
493	1	5.7	5.7	2.89	
494	1	5.8	5.8	2.88	
495	1	5.81	5.81	2.8539	
496	1	5.87	5.87	2.6731	
497	1	5.96	5.96	2.6184	
498	1	5.94	5.94	2.7764	
499	1	6.03	6.03	2.6491	
500	1	6.01	6.01	2.6899	
501	1	6.06	6.06	2.5564	
502	1	6.08	6.08	2.5936	
503	1	5.96	5.96	2.7584	
504	1	6.02	6.02	2.7596	
505	1	5.98	5.98	2.6196	
506	1	6.13	6.13	2.6331	
507	1	6.14	6.14	2.4604	
508	1	6.17	6.17	2.5011	
509	1	6.16	6.16	2.6144	
510	1	6.24	6.24	2.6824	
511	1	6.28	6.28	2.5616	
512	1	6.32	6.32	2.5976	
513	1	6.19	6.19	2.8539	
514	1	6.26	6.26	2.6724	
515	1	6.39	6.39	2.4179	
516	1	6.38	6.38	2.4556	
517	1	6.35	6.35	2.5275	
518	1	6.32	6.32	2.4376	
519	1	6.38	6.38	2.3556	
520	1	6.4	6.4	2.28	
521	1	6.37	6.37	2.3131	
522	1	6.43	6.43	2.3651	
523	1	6.47	6.47	2.3891	
524	1	6.57	6.57	2.4651	
525	1	6.55	6.55	2.6475	
526	1	6.49	6.49	2.7899	
527	1	6.49	6.49	2.7099	
528	1	6.49	6.49	2.7899	
529	1	6.43	6.43	2.8051	
530	1	6.47	6.47	2.6891	
531	1	6.49	6.49	2.7699	
532	1	6.41	6.41	2.9219	
533	1	6.42	6.42	3.0236	
534	1	6.45	6.45	2.9275	
535	1	6.61	6.61	2.7179	
536	1	6.64	6.64	2.9104	
537	1	6.6	6.6	2.82	
538	1	6.66	6.66	2.8044	
539	1	6.75	6.75	2.5475	
540	1	6.74	6.74	2.6124	
541	1	6.94	6.94	2.0764	
542	1	6.91	6.91	2.1619	
543	1	6.95	6.95	2.1475	
544	1	6.97	6.97	2.1291	
545	1	6.98	6.98	2.2596	
546	1	7.02	7.02	2.3396	
547	1	7	7	2.6	
548	1	7	7	2.56	
549	1	7.01	7.01	2.5499	
550	1	7.07	7.07	2.4851	
551	1	7.07	7.07	2.5251	
552	1	7.16	7.16	2.6144	
553	1	7.28	7.28	2.5416	
554	1	7.2	7.2	2.76	
555	1	7.15	7.15	2.6875	
556	1	7.14	7.14	2.6404	
557	1	6.94	6.94	2.7364	
558	1	6.95	6.95	2.7275	
559	1	6.91	6.91	2.8819	
560	1	6.92	6.92	2.7736	
561	1	6.97	6.97	2.5491	
562	1	6.95	6.95	2.5875	
563	1	7.01	7.01	2.4899	
564	1	7.04	7.04	2.3384	
565	1	7.14	7.14	2.2004	
566	1	7.22	7.22	2.2316	
567	1	7.27	7.27	2.3171	
568	1	7.26	7.26	2.3524	
569	1	7.29	7.29	2.2259	
570	1	7.28	7.28	2.1216	
571	1	7.22	7.22	2.2316	
572	1	7.25	7.25	2.3075	
573	1	7.21	7.21	2.2659	
574	1	7.21	7.21	2.2659	
575	1	7.25	7.25	2.3475	
576	1	7.31	7.31	2.3339	
577	1	7.28	7.28	2.2016	
578	1	7.45	7.45	2.1675	
579	1	7.44	7.44	2.1464	
580	1	7.47	7.47	2.3291	
581	1	7.48	7.48	2.2896	
582	1	7.43	7.43	2.1851	
583	1	7.51	7.51	2.1099	
584	1	7.58	7.58	1.7836	
585	1	7.66	7.66	1.7444	
586	1	7.54	7.54	1.7684	
587	1	7.57	7.57	1.6851	
588	1	7.56	7.56	1.7064	
589	1	7.45	7.45	1.6675	
590	1	7.49	7.49	1.6499	
591	1	7.56	7.56	1.7064	
592	1	7.62	7.62	1.6556	
593	1	7.67	7.67	1.6411	
594	1	7.7	7.7	1.65	
595	1	7.72	7.72	1.6816	
596	1	7.68	7.68	1.6576	
597	1	7.65	7.65	1.6075	
598	1	7.67	7.67	1.6211	
599	1	7.68	7.68	1.4576	
600	1	7.68	7.68	1.3776	
601	1	7.7	7.7	1.31	
602	1	7.72	7.72	1.2816	
603	1	7.73	7.73	1.2171	
604	1	7.7	7.7	1.21	
605	1	7.74	7.74	1.1724	
606	1	7.81	7.81	1.0739	
607	1	7.77	7.77	1.1171	
608	1	7.81	7.81	1.1539	
609	1	7.82	7.82	1.1076	
610	1	7.76	7.76	1.1424	
611	1	7.83	7.83	1.1811	
612	1	7.84	7.84	1.1144	
613	1	7.83	7.83	1.1811	
614	1	7.83	7.83	1.1811	
615	1	7.85	7.85	1.1675	
616	1	7.9	7.9	0.97	
617	1	7.96	7.96	0.9184	
618	1	7.91	7.91	1.1419	
619	1	7.95	7.95	1.0675	
620	1	8.04	8.04	0.9584	
621	1	7.97	7.97	0.9891	
622	1	7.99	7.99	0.9899	
623	1	8	8	0.98	
624	1	8	8	1	
625	1	8.02	8.02	0.9996	
626	1	8.02	8.02	1.0996	
627	1	8.04	8.04	1.2384	
628	1	8.08	8.08	1.2936	
629	1	8.09	8.09	1.2219	
630	1	8.18	8.18	1.2276	
631	1	8.09	8.09	1.1219	
632	1	8.16	8.16	0.9744	
633	1	8.2	8.2	1.02	
634	1	8.18	8.18	1.0476	
635	1	8.19	8.19	1.0939	
636	1	8.16	8.16	1.1544	
637	1	8.22	8.22	1.0516	
638	1	8.24	8.24	1.1624	
639	1	8.32	8.32	1.2176	
640	1	8.28	8.28	1.2016	
641	1	8.28	8.28	1.2416	
642	1	8.26	8.26	1.2524	
643	1	8.2	8.2	1.46	
644	1	8.23	8.23	1.4171	
645	1	8.15	8.15	1.2075	
646	1	8.14	8.14	1.2204	
647	1	8.04	8.04	1.0584	
648	1	8.04	8.04	0.9784	
649	1	8.1	8.1	0.91	
650	1	8.06	8.06	0.9364	
651	1	8.04	8.04	0.8784	
652	1	8.07	8.07	0.8851	
653	1	8	8	0.8	
654	1	8.02	8.02	0.7796	
655	1	7.98	7.98	0.7196	
656	1	7.99	7.99	0.6899	
657	1	8.03	8.03	0.6291	
658	1	7.99	7.99	0.5699	
659	1	7.99	7.99	0.5699	
660	1	8.01	8.01	0.5299	
661	1	8.04	8.04	0.4984	
662	1	8.05	8.05	0.5075	
663	1	8.01	8.01	0.4899	
664	1	8.02	8.02	0.4796	
665	1	8.02	8.02	0.4396	
666	1	8.04	8.04	0.4784	
667	1	7.99	7.99	0.4899	
668	1	8	8	0.52	
669	1	8	8	0.5	
670	1	8.04	8.04	0.5184	
671	1	7.99	7.99	0.4699	
672	1	8.03	8.03	0.4691	
673	1	8.05	8.05	0.5475	
674	1	8.08	8.08	0.5736	
675	1	8.04	8.04	0.5984	
676	1	8.05	8.05	0.5875	
677	1	8.09	8.09	0.6019	
678	1	8.15	8.15	0.5675	
679	1	8.21	8.21	0.6059	
680	1	8.25	8.25	0.6675	
681	1	8.26	8.26	0.7324	
682	1	8.25	8.25	0.7875	
683	1	8.26	8.26	0.7524	
684	1	8.26	8.26	0.7924	
685	1	8.33	8.33	0.8411	
686	1	8.35	8.35	0.8675	
687	1	8.34	8.34	0.8644	
688	1	8.34	8.34	0.8444	
689	1	8.31	8.31	0.8739	
690	1	8.32	8.32	0.8376	
691	1	8.28	8.28	0.8216	
692	1	8.24	8.24	0.8024	
693	1	8.22	8.22	0.8516	
694	1	8.23	8.23	0.8371	
695	1	8.24	8.24	0.8824	
696	1	8.3	8.3	0.93	
697	1	8.29	8.29	0.9259	
698	1	8.34	8.34	0.8644	
699	1	8.25	8.25	0.8475	
700	1	8.24	8.24	0.8024	
701	1	8.21	8.21	0.8459	
702	1	8.21	8.21	0.8059	
703	1	8.2	8.2	0.8	
704	1	8.25	8.25	0.8075	
705	1	8.24	8.24	0.7824	
706	1	8.24	8.24	0.8624	
707	1	8.23	8.23	0.7771	
708	1	8.28	8.28	0.8016	
709	1	8.31	8.31	0.8139	
710	1	8.27	8.27	0.7971	
711	1	8.3	8.3	0.87	
712	1	8.26	8.26	0.8724	
713	1	8.27	8.27	0.8771	
714	1	8.25	8.25	0.8275	
715	1	8.22	8.22	0.7916	
716	1	8.19	8.19	0.8139	
717	1	8.19	8.19	0.8339	
718	1	8.14	8.14	0.8204	
719	1	8.1	8.1	0.79	
720	1	8.09	8.09	0.8219	
721	1	8.1	8.1	0.79	
722	1	8.07	8.07	0.8251	
723	1	8.08	8.08	0.8336	
724	1	8.08	8.08	0.8136	
725	1	8.13	8.13	0.9331	
726	1	8.11	8.11	0.9379	
727	1	8.13	8.13	0.9531	
728	1	8.13	8.13	0.9531	
729	1	8.15	8.15	0.9475	
730	1	8.2	8.2	1.04	
731	1	8.23	8.23	1.0171	
732	1	8.2	8.2	1.08	
733	1	8.18	8.18	1.0676	
734	1	8.15	8.15	1.0475	
735	1	8.17	8.17	1.0211	
736	1	8.14	8.14	0.9804	
737	1	8.1	8.1	1.01	
738	1	8.17	8.17	1.0211	
739	1	8.2	8.2	1.04	
740	1	8.22	8.22	0.9916	
741	1	8.2	8.2	0.96	
742	1	8.18	8.18	0.9476	
743	1	8.15	8.15	0.8875	
744	1	8.17	8.17	0.8811	
745	1	8.07	8.07	0.9251	
746	1	8.07	8.07	0.9451	
747	1	8.12	8.12	0.9656	
748	1	8.13	8.13	0.9931	
749	1	8.13	8.13	1.0331	
750	1	8.22	8.22	1.0116	
751	1	8.19	8.19	1.0139	
752	1	8.17	8.17	0.9411	
753	1	8.18	8.18	0.9276	
754	1	8.24	8.24	0.9424	
755	1	8.19	8.19	0.8739	
756	1	8.23	8.23	0.8771	
757	1	8.2	8.2	0.78	
758	1	8.19	8.19	0.7539	
759	1	8.22	8.22	0.8516	
760	1	8.26	8.26	0.8324	
761	1	8.26	8.26	0.8724	
762	1	8.33	8.33	0.9211	
763	1	8.38	8.38	0.8756	
764	1	8.4	8.4	0.82	
765	1	8.43	8.43	0.8851	
766	1	8.44	8.44	1.0064	
767	1	8.45	8.45	0.9475	
768	1	8.47	8.47	1.0291	
769	1	8.45	8.45	1.0075	
770	1	8.44	8.44	0.9664	
771	1	8.45	8.45	0.9275	
772	1	8.48	8.48	0.9496	
773	1	8.54	8.54	1.0084	
774	1	8.56	8.56	1.0264	
775	1	8.59	8.59	1.0619	
776	1	8.56	8.56	1.0264	
777	1	8.6	8.6	1.08	
778	1	8.56	8.56	1.0864	
779	1	8.64	8.64	1.1304	
780	1	8.66	8.66	1.1444	
781	1	8.71	8.71	1.2259	
782	1	8.76	8.76	1.2024	
783	1	8.72	8.72	1.2616	
784	1	8.77	8.77	1.3571	
785	1	8.68	8.68	1.3576	
786	1	8.72	8.72	1.3416	
787	1	8.72	8.72	1.4416	
788	1	8.79	8.79	1.5459	
789	1	8.84	8.84	1.6944	
790	1	8.87	8.87	1.5931	
791	1	8.97	8.97	1.6091	
792	1	9	9	1.62	
793	1	8.92	8.92	1.5936	
794	1	8.94	8.94	1.5964	
795	1	8.99	8.99	1.5899	
796	1	8.99	8.99	1.4499	
797	1	9.04	9.04	1.3984	
798	1	9.07	9.07	1.4051	
799	1	9.11	9.11	1.3779	
800	1	9.12	9.12	1.4056	
801	1	9.14	9.14	1.4404	
802	1	9.16	9.16	1.4144	
803	1	9.17	9.17	1.4411	
804	1	9.21	9.21	1.4659	
805	1	9.18	9.18	1.4876	
806	1	9.25	9.25	1.3875	
807	1	9.29	9.29	1.3859	
808	1	9.33	9.33	1.4211	
809	1	9.35	9.35	1.3875	
810	1	9.32	9.32	1.4376	
811	1	9.34	9.34	1.4244	
812	1	9.28	9.28	1.3616	
813	1	9.29	9.29	1.3659	
814	1	9.29	9.29	1.3059	
815	1	9.32	9.32	1.3776	
816	1	9.26	9.26	1.2724	
817	1	9.33	9.33	1.1811	
818	1	9.35	9.35	1.2075	
819	1	9.38	9.38	1.1956	
820	1	9.34	9.34	1.1244	
821	1	9.25	9.25	1.1475	
822	1	9.27	9.27	1.1571	
823	1	9.24	9.24	1.1424	
824	1	9.21	9.21	1.1859	
825	1	9.23	9.23	1.1971	
826	1	9.22	9.22	1.1516	
827	1	9.28	9.28	1.1216	
828	1	9.23	9.23	1.0771	
829	1	9.21	9.21	1.0859	
830	1	9.24	9.24	1.0624	
831	1	9.22	9.22	1.1116	
832	1	9.2	9.2	1.16	
833	1	9.23	9.23	1.1571	
834	1	9.2	9.2	1.16	
835	1	9.27	9.27	1.1371	
836	1	9.24	9.24	1.1624	
837	1	9.31	9.31	1.1739	
838	1	9.27	9.27	1.2171	
839	1	9.28	9.28	1.3216	
840	1	9.26	9.26	1.3724	
841	1	9.24	9.24	1.2424	
842	1	9.2	9.2	1.2	
843	1	9.16	9.16	1.0944	
844	1	9.16	9.16	1.0144	
845	1	9.18	9.18	0.9876	
846	1	9.16	9.16	1.0144	
847	1	9.17	9.17	0.9611	
848	1	9.2	9.2	1.04	
849	1	9.17	9.17	1.0211	
850	1	9.21	9.21	1.0459	
851	1	9.24	9.24	1.0424	
852	1	9.27	9.27	0.9971	
853	1	9.31	9.31	1.0539	
854	1	9.42	9.42	1.0636	
855	1	9.44	9.44	1.0264	
856	1	9.5	9.5	1.21	
857	1	9.5	9.5	1.25	
858	1	9.51	9.51	1.2299	
859	1	9.6	9.6	1.26	
860	1	9.56	9.56	1.0664	
861	1	9.52	9.52	1.0096	
862	1	9.57	9.57	1.0651	
863	1	9.54	9.54	1.1484	
864	1	9.5	9.5	1.15	
865	1	9.52	9.52	1.0696	
866	1	9.6	9.6	1	
867	1	9.67	9.67	1.0211	
868	1	9.67	9.67	1.0011	
869	1	9.65	9.65	1.0675	
870	1	9.7	9.7	1.07	
871	1	9.64	9.64	1.0904	
872	1	9.67	9.67	1.1011	
873	1	9.74	9.74	1.0924	
874	1	9.78	9.78	1.0716	
875	1	9.71	9.71	1.0859	
876	1	9.75	9.75	1.1275	
877	1	9.76	9.76	1.0624	
878	1	9.8	9.8	0.98	
879	1	9.81	9.81	0.9739	
880	1	9.78	9.78	1.1316	
881	1	9.75	9.75	1.1675	
882	1	9.76	9.76	1.0824	
883	1	9.83	9.83	1.1211	
884	1	9.88	9.88	1.1256	
885	1	9.95	9.95	1.0675	
886	1	9.95	9.95	1.0275	
887	1	9.93	9.93	1.0851	
888	1	9.94	9.94	1.1164	
889	1	9.97	9.97	1.2291	
890	1	10	10	1.22	
891	1	10	10	1.26	
892	1	9.92	9.92	1.2536	
893	1	9.98	9.98	1.3196	
894	1	9.92	9.92	1.2336	
895	1	9.9	9.9	1.21	
896	1	9.89	9.89	1.2379	
897	1	9.87	9.87	1.2731	
898	1	9.85	9.85	1.3075	
899	1	9.78	9.78	1.3916	
900	1	9.83	9.83	1.5011	
901	1	9.78	9.78	1.6116	
902	1	9.74	9.74	1.6724	
903	1	9.79	9.79	1.7459	
904	1	9.77	9.77	1.6771	
905	1	9.84	9.84	1.7744	
906	1	9.87	9.87	1.6731	
907	1	9.92	9.92	1.6936	
908	1	9.98	9.98	1.7396	
909	1	9.94	9.94	1.6764	
910	1	9.89	9.89	1.5979	
911	1	9.85	9.85	1.5275	
912	1	9.86	9.86	1.3804	
913	1	9.81	9.81	1.2339	
914	1	9.82	9.82	1.1876	
915	1	9.86	9.86	1.2404	
916	1	9.88	9.88	1.2456	
917	1	9.94	9.94	1.2764	
918	1	9.97	9.97	1.2691	
919	1	10.01	10.01	1.2699	
920	1	9.97	9.97	1.3291	
921	1	10.04	10.04	1.3784	
922	1	10.08	10.08	1.4136	
923	1	10.06	10.06	1.5564	
924	1	10.04	10.04	1.5584	
925	1	10.03	10.03	1.5291	
926	1	10.05	10.05	1.4275	
927	1	10.15	10.15	1.3675	
928	1	10.13	10.13	1.4131	
929	1	10.05	10.05	1.3875	
930	1	10.04	10.04	1.3784	
931	1	10.13	10.13	1.2931	
932	1	10.14	10.14	1.1804	
933	1	10.21	10.21	1.0859	
934	1	10.2	10.2	1.16	
935	1	10.23	10.23	1.1171	
936	1	10.32	10.32	1.0776	
937	1	10.31	10.31	1.0539	
938	1	10.26	10.26	1.1524	
939	1	10.27	10.27	1.1171	
940	1	10.28	10.28	1.1016	
941	1	10.21	10.21	1.1459	
942	1	10.25	10.25	1.0275	
943	1	10.27	10.27	0.9771	
944	1	10.28	10.28	0.9816	
945	1	10.3	10.3	1.07	
946	1	10.26	10.26	1.1524	
947	1	10.28	10.28	1.2016	
948	1	10.24	10.24	1.2224	
949	1	10.33	10.33	1.1411	
950	1	10.35	10.35	1.1675	
951	1	10.28	10.28	1.2216	
952	1	10.33	10.33	1.2611	
953	1	10.28	10.28	1.3016	
954	1	10.29	10.29	1.1659	
955	1	10.27	10.27	1.1971	
956	1	10.25	10.25	1.1075	
957	1	10.32	10.32	1.1976	
958	1	10.39	10.39	1.2379	
959	1	10.46	10.46	1.3484	
960	1	10.48	10.48	1.3896	
961	1	10.45	10.45	1.3475	
962	1	10.47	10.47	1.2691	
963	1	10.45	10.45	1.3675	
964	1	10.51	10.51	1.3299	
965	1	10.58	10.58	1.2436	
966	1	10.66	10.66	1.3444	
967	1	10.6	10.6	1.34	
968	1	10.58	10.58	1.3636	
969	1	10.52	10.52	1.3696	
970	1	10.51	10.51	1.2699	
971	1	10.49	10.49	1.2699	
972	1	10.51	10.51	1.2299	
973	1	10.53	10.53	1.2691	
974	1	10.56	10.56	1.2864	
975	1	10.69	10.69	1.3139	
976	1	10.7	10.7	1.31	
977	1	10.71	10.71	1.2859	
978	1	10.73	10.73	1.3371	
979	1	10.71	10.71	1.3459	
980	1	10.67	10.67	1.4211	
981	1	10.69	10.69	1.4739	
982	1	10.72	10.72	1.5416	
983	1	10.72	10.72	1.5216	
984	1	10.76	10.76	1.5024	
985	1	10.65	10.65	1.5675	
986	1	10.74	10.74	1.3524	
987	1	10.9	10.9	1.37	
988	1	10.97	10.97	1.4491	
989	1	10.99	10.99	1.4699	
990	1	10.94	10.94	1.4564	
991	1	11	11	1.42	
992	1	11.02	11.02	1.3796	
993	1	11.02	11.02	1.3996	
994	1	10.97	10.97	1.4891	
995	1	10.91	10.91	1.6019	
996	1	10.86	10.86	1.5604	
997	1	10.9	10.9	1.53	
998	1	10.93	10.93	1.4651	
999	1	10.92	10.92	1.4136	
1000	1	10.89	10.89	1.4979	
1001	1	10.91	10.91	1.4219	
1002	1	10.88	10.88	1.3856	
1003	1	10.95	10.95	1.4475	
1004	1	11.03	11.03	1.4491	
1005	1	11.12	11.12	1.4656	
1006	1	11.06	11.06	1.3364	
1007	1	11.06	11.06	1.2764	
1008	1	11.11	11.11	1.4179	
1009	1	11.21	11.21	1.5259	
1010	1	11.17	11.17	1.5211	
1011	1	11.27	11.27	1.5971	
1012	1	11.28	11.28	1.6416	
1013	1	11.29	11.29	1.7459	
1014	1	11.22	11.22	1.6716	
1015	1	11.31	11.31	1.8339	
1016	1	11.39	11.39	1.7979	
1017	1	11.38	11.38	1.8556	
1018	1	11.42	11.42	1.8236	
1019	1	11.38	11.38	2.0156	
1020	1	11.37	11.37	1.9931	
1021	1	11.33	11.33	2.0811	
1022	1	11.19	11.19	1.9939	
1023	1	11.18	11.18	2.0476	
1024	1	11.08	11.08	2.0536	
1025	1	11.08	11.08	1.9936	
1026	1	11.12	11.12	1.8456	
1027	1	11.08	11.08	2.1136	
1028	1	11.08	11.08	2.1336	
1029	1	11.16	11.16	2.0944	
1030	1	11.12	11.12	2.2456	
1031	1	11.12	11.12	2.1656	
1032	1	11.19	11.19	2.1739	
1033	1	11.11	11.11	2.2779	
1034	1	11.26	11.26	2.3924	
1035	1	11.24	11.24	2.3224	
1036	1	11.38	11.38	2.3756	
1037	1	11.3	11.3	2.47	
1038	1	11.38	11.38	2.4556	
1039	1	11.46	11.46	2.4084	
1040	1	11.42	11.42	2.4836	
1041	1	11.49	11.49	2.4699	
1042	1	11.5	11.5	2.35	
1043	1	11.41	11.41	2.2819	
1044	1	11.41	11.41	2.2219	
1045	1	11.51	11.51	2.1699	
1046	1	11.49	11.49	2.1499	
1047	1	11.44	11.44	2.1864	
1048	1	11.4	11.4	2.3	
1049	1	11.43	11.43	2.2251	
1050	1	11.41	11.41	2.1819	
1051	1	11.5	11.5	2.15	
1052	1	11.49	11.49	2.0699	
1053	1	11.54	11.54	1.9884	
1054	1	11.65	11.65	2.0075	
1055	1	11.69	11.69	1.9539	
1056	1	11.7	11.7	2.01	
1057	1	11.72	11.72	2.2016	
1058	1	11.73	11.73	2.0371	
1059	1	11.78	11.78	2.0516	
1060	1	11.75	11.75	2.1475	
1061	1	11.82	11.82	2.1476	
1062	1	11.81	11.81	2.2139	
1063	1	11.84	11.84	2.1144	
1064	1	11.75	11.75	2.1475	
1065	1	11.76	11.76	2.1424	
1066	1	11.83	11.83	2.3611	
1067	1	11.76	11.76	2.3824	
1068	1	11.82	11.82	2.3276	
1069	1	11.92	11.92	2.1336	
1070	1	11.92	11.92	2.1336	
1071	1	11.92	11.92	2.1736	
1072	1	11.86	11.86	2.1404	
1073	1	11.88	11.88	2.0656	
1074	1	11.99	11.99	2.0699	
1075	1	11.95	11.95	2.2275	
1076	1	11.92	11.92	2.2736	
1077	1	11.94	11.94	2.2764	
1078	1	11.88	11.88	2.2256	
1079	1	11.91	11.91	2.2019	
1080	1	11.96	11.96	2.3984	
1081	1	12.03	12.03	2.2091	
1082	1	11.98	11.98	2.2196	
1083	1	12.03	12.03	2.2091	
1084	1	12	12	2.12	
1085	1	12.04	12.04	2.1584	
1086	1	12.05	12.05	2.0475	
1087	1	12.06	12.06	1.8164	
1088	1	12.1	12.1	1.75	
1089	1	12.11	12.11	1.6979	
1090	1	12.19	12.19	1.7139	
1091	1	12.31	12.31	1.6539	
1092	1	12.31	12.31	1.6739	
1093	1	12.35	12.35	1.6075	
1094	1	12.31	12.31	1.6539	
1095	1	12.32	12.32	1.5976	
1096	1	12.37	12.37	1.4931	
1097	1	12.32	12.32	1.4976	
1098	1	12.3	12.3	1.53	
1099	1	12.32	12.32	1.4776	
1100	1	12.35	12.35	1.4875	
1101	1	12.42	12.42	1.4636	
1102	1	12.35	12.35	1.6075	
1103	1	12.36	12.36	1.5904	
1104	1	12.38	12.38	1.5556	
1105	1	12.41	12.41	1.7019	
1106	1	12.39	12.39	1.8179	
1107	1	12.39	12.39	1.7779	
1108	1	12.42	12.42	1.7436	
1109	1	12.45	12.45	1.7275	
1110	1	12.48	12.48	1.5896	
1111	1	12.43	12.43	1.5851	
1112	1	12.46	12.46	1.5684	
1113	1	12.47	12.47	1.6091	
1114	1	12.48	12.48	1.6096	
1115	1	12.49	12.49	1.6099	
1116	1	12.46	12.46	1.7284	
1117	1	12.44	12.44	1.7664	
1118	1	12.46	12.46	1.7884	
1119	1	12.42	12.42	1.8036	
1120	1	12.52	12.52	1.8496	
1121	1	12.4	12.4	1.72	
1122	1	12.32	12.32	1.7776	
1123	1	12.34	12.34	1.8244	
1124	1	12.25	12.25	1.9075	
1125	1	12.18	12.18	1.7076	
1126	1	12.1	12.1	1.67	
1127	1	12.04	12.04	1.6184	
1128	1	12.03	12.03	1.6091	
1129	1	12	12	1.6	
1130	1	12.07	12.07	1.6851	
1131	1	12.06	12.06	1.7564	
1132	1	12.08	12.08	1.7336	
1133	1	12.11	12.11	1.7979	
1134	1	12.13	12.13	1.8131	
1135	1	12.11	12.11	1.7579	
1136	1	12.12	12.12	1.7056	
1137	1	12.13	12.13	1.5931	
1138	1	12.07	12.07	1.5251	
1139	1	12.01	12.01	1.4699	
1140	1	12	12	1.44	
1141	1	12.06	12.06	1.4964	
1142	1	12.13	12.13	1.5531	
1143	1	12.16	12.16	1.5744	
1144	1	12.21	12.21	1.5259	
1145	1	12.27	12.27	1.5571	
1146	1	12.24	12.24	1.5424	
1147	1	12.26	12.26	1.5124	
1148	1	12.26	12.26	1.5524	
1149	1	12.18	12.18	1.3676	
1150	1	12.18	12.18	1.2876	
1151	1	12.21	12.21	1.1859	
1152	1	12.3	12.3	1.27	
1153	1	12.33	12.33	1.2411	
1154	1	12.29	12.29	1.2259	
1155	1	12.23	12.23	1.1571	
1156	1	12.25	12.25	1.1875	
1157	1	12.26	12.26	1.1524	
1158	1	12.26	12.26	1.1724	
1159	1	12.29	12.29	1.1659	
1160	1	12.3	12.3	1.17	
1161	1	12.38	12.38	1.2356	
1162	1	12.32	12.32	1.1576	
1163	1	12.26	12.26	1.1924	
1164	1	12.26	12.26	1.2124	
1165	1	12.26	12.26	1.1924	
1166	1	12.25	12.25	1.1675	
1167	1	12.27	12.27	1.2371	
1168	1	12.25	12.25	1.1875	
1169	1	12.23	12.23	1.1771	
1170	1	12.23	12.23	1.1171	
1171	1	12.27	12.27	1.1371	
1172	1	12.31	12.31	1.1539	
1173	1	12.36	12.36	1.2104	
1174	1	12.36	12.36	1.2304	
1175	1	12.4	12.4	1.3	
1176	1	12.47	12.47	1.5091	
1177	1	12.41	12.41	1.4619	
1178	1	12.41	12.41	1.6619	
1179	1	12.47	12.47	1.7291	
1180	1	12.48	12.48	1.7296	
1181	1	12.5	12.5	1.77	
1182	1	12.61	12.61	1.9579	
1183	1	12.66	12.66	1.9444	
1184	1	12.64	12.64	1.8704	
1185	1	12.66	12.66	1.8444	
1186	1	12.68	12.68	1.8976	
1187	1	12.64	12.64	1.8304	
1188	1	12.69	12.69	1.7939	
1189	1	12.71	12.71	1.8259	
1190	1	12.75	12.75	1.9075	
1191	1	12.73	12.73	1.7971	
1192	1	12.7	12.7	1.91	
1193	1	12.69	12.69	1.8339	
1194	1	12.76	12.76	1.9024	
1195	1	12.82	12.82	2.0076	
1196	1	12.76	12.76	1.8424	
1197	1	12.85	12.85	1.8475	
1198	1	12.79	12.79	1.9059	
1199	1	12.75	12.75	1.9475	
1200	1	12.66	12.66	2.0444	
1201	1	12.6	12.6	2.06	
1202	1	12.56	12.56	2.0664	
1203	1	12.53	12.53	1.9291	
1204	1	12.56	12.56	1.9064	
1205	1	12.57	12.57	1.9451	
1206	1	12.54	12.54	1.9284	
1207	1	12.53	12.53	1.8491	
1208	1	12.58	12.58	1.8636	
1209	1	12.58	12.58	1.9036	
1210	1	12.62	12.62	1.8956	
1211	1	12.67	12.67	1.9011	
1212	1	12.7	12.7	1.95	
1213	1	12.73	12.73	1.9771	
1214	1	12.7	12.7	1.95	
1215	1	12.68	12.68	1.9576	
1216	1	12.62	12.62	2.0756	
1217	1	12.57	12.57	2.0851	
1218	1	12.63	12.63	2.0731	
1219	1	12.68	12.68	2.2376	
1220	1	12.79	12.79	2.2859	
1221	1	12.74	12.74	2.1724	
1222	1	12.67	12.67	2.1211	
1223	1	12.64	12.64	2.0704	
1224	1	12.64	12.64	2.0904	
1225	1	12.64	12.64	2.0504	
1226	1	12.57	12.57	2.0251	
1227	1	12.53	12.53	2.0691	
1228	1	12.48	12.48	1.9096	
1229	1	12.49	12.49	1.9099	
1230	1	12.54	12.54	1.9484	
1231	1	12.63	12.63	2.0931	
1232	1	12.62	12.62	2.1356	
1233	1	12.57	12.57	2.1051	
1234	1	12.6	12.6	2.26	
1235	1	12.59	12.59	2.3019	
1236	1	12.6	12.6	2.4	
1237	1	12.66	12.66	2.4444	
1238	1	12.71	12.71	2.5059	
1239	1	12.8	12.8	2.52	
1240	1	12.84	12.84	2.6544	
1241	1	12.93	12.93	2.8851	
1242	1	12.96	12.96	2.8184	
1243	1	12.91	12.91	2.7819	
1244	1	12.91	12.91	2.9019	
1245	1	13	13	3	
1246	1	13.04	13.04	2.9984	
1247	1	13.06	13.06	2.9964	
1248	1	13.09	13.09	2.7219	
1249	1	13.12	13.12	2.7656	
1250	1	13.14	13.14	2.7204	
1251	1	13.14	13.14	2.7804	
1252	1	13.05	13.05	2.7275	
1253	1	12.97	12.97	2.7091	
1254	1	13.04	13.04	2.7184	
1255	1	13.05	13.05	2.8075	
1256	1	12.93	12.93	2.7651	
1257	1	12.92	12.92	2.7936	
1258	1	12.84	12.84	2.6944	
1259	1	12.85	12.85	2.7675	
1260	1	12.79	12.79	2.7459	
1261	1	12.81	12.81	2.7139	
1262	1	12.87	12.87	2.8331	
1263	1	12.92	12.92	2.8136	
1264	1	12.9	12.9	2.83	
1265	1	12.88	12.88	2.8056	
1266	1	12.92	12.92	2.9136	
1267	1	12.92	12.92	2.9536	
1268	1	12.93	12.93	2.9651	
1269	1	12.89	12.89	2.9179	
1270	1	12.9	12.9	2.87	
1271	1	12.82	12.82	2.5676	
1272	1	12.85	12.85	2.7075	
1273	1	12.87	12.87	2.7731	
1274	1	12.76	12.76	2.5824	
1275	1	12.82	12.82	2.6476	
1276	1	12.76	12.76	2.6224	
1277	1	12.78	12.78	2.5716	
1278	1	12.82	12.82	2.6076	
1279	1	12.84	12.84	2.6944	
1280	1	12.77	12.77	2.6371	
1281	1	12.81	12.81	2.6339	
1282	1	12.79	12.79	2.5059	
1283	1	12.83	12.83	2.5011	
1284	1	12.88	12.88	2.6056	
1285	1	12.94	12.94	2.6164	
1286	1	12.87	12.87	2.5931	
1287	1	12.85	12.85	2.6075	
1288	1	12.91	12.91	2.6619	
1289	1	12.96	12.96	2.7784	
1290	1	12.98	12.98	2.7596	
1291	1	12.95	12.95	2.7275	
1292	1	13.01	13.01	2.9299	
1293	1	13.07	13.07	2.9451	
1294	1	13.11	13.11	2.8579	
1295	1	13.11	13.11	2.9179	
1296	1	13.1	13.1	2.75	
1297	1	13.14	13.14	2.7804	
1298	1	13.22	13.22	2.9316	
1299	1	13.34	13.34	3.1444	
1300	1	13.3	13.3	3.01	
1301	1	13.22	13.22	2.7916	
1302	1	13.21	13.21	2.8259	
1303	1	13.25	13.25	2.8075	
1304	1	13.33	13.33	3.0011	
1305	1	13.28	13.28	2.9416	
1306	1	13.22	13.22	2.7916	
1307	1	13.26	13.26	2.8724	
1308	1	13.32	13.32	2.8576	
1309	1	13.32	13.32	2.9176	
1310	1	13.35	13.35	2.9875	
1311	1	13.3	13.3	3.09	
1312	1	13.38	13.38	3.2756	
1313	1	13.34	13.34	3.3444	
1314	1	13.25	13.25	3.0475	
1315	1	13.18	13.18	2.8676	
1316	1	13.13	13.13	2.7131	
1317	1	13.16	13.16	2.7744	
1318	1	13.2	13.2	2.74	
1319	1	13.18	13.18	2.6476	
1320	1	13.26	13.26	2.8924	
1321	1	13.26	13.26	2.9124	
1322	1	13.21	13.21	2.8659	
1323	1	13.2	13.2	2.9	
1324	1	13.18	13.18	2.7876	
1325	1	13.19	13.19	2.8539	
1326	1	13.17	13.17	2.7211	
1327	1	13.17	13.17	2.7611	
1328	1	13.19	13.19	2.8739	
1329	1	13.11	13.11	2.5979	
1330	1	13.13	13.13	2.5731	
1331	1	12.96	12.96	2.1984	
1332	1	12.98	12.98	2.1796	
1333	1	12.93	12.93	2.3051	
1334	1	12.93	12.93	2.3651	
1335	1	13.03	13.03	2.4291	
1336	1	12.96	12.96	2.1584	
1337	1	13.03	13.03	2.2091	
1338	1	13.02	13.02	2.1996	
1339	1	13.02	13.02	2.1996	
1340	1	13	13	2.38	
1341	1	13.08	13.08	2.4136	
1342	1	13.03	13.03	2.3291	
1343	1	13.05	13.05	2.4075	
1344	1	13.12	13.12	2.6256	
1345	1	13.11	13.11	2.5179	
1346	1	13.12	13.12	2.3056	
1347	1	13.12	13.12	2.3456	
1348	1	13.12	13.12	2.4056	
1349	1	13.19	13.19	2.3339	
1350	1	13.2	13.2	2.16	
1351	1	13.27	13.27	2.1571	
1352	1	13.27	13.27	2.2171	
1353	1	13.28	13.28	2.2416	
1354	1	13.26	13.26	2.1524	
1355	1	13.39	13.39	2.3979	
1356	1	13.4	13.4	2.54	
1357	1	13.36	13.36	2.6704	
1358	1	13.3	13.3	2.53	
1359	1	13.29	13.29	2.4259	
1360	1	13.27	13.27	2.3371	
1361	1	13.36	13.36	2.1904	
1362	1	13.35	13.35	2.1475	
1363	1	13.32	13.32	2.1376	
1364	1	13.33	13.33	2.1811	
1365	1	13.33	13.33	2.0211	
1366	1	13.36	13.36	2.2704	
1367	1	13.34	13.34	2.3044	
1368	1	13.39	13.39	2.2379	
1369	1	13.46	13.46	2.2284	
1370	1	13.48	13.48	2.1896	
1371	1	13.5	13.5	2.27	
1372	1	13.61	13.61	2.4979	
1373	1	13.61	13.61	2.5379	
1374	1	13.6	13.6	2.56	
1375	1	13.56	13.56	2.5664	
1376	1	13.61	13.61	2.6779	
1377	1	13.61	13.61	2.6579	
1378	1	13.66	13.66	2.9844	
1379	1	13.68	13.68	2.7776	
1380	1	13.65	13.65	2.7475	
1381	1	13.68	13.68	2.8976	
1382	1	13.78	13.78	3.0516	
1383	1	13.68	13.68	3.0376	
1384	1	13.63	13.63	2.9531	
1385	1	13.72	13.72	3.0016	
1386	1	13.69	13.69	3.0739	
1387	1	13.72	13.72	3.1816	
1388	1	13.69	13.69	3.1139	
1389	1	13.8	13.8	3.42	
1390	1	13.82	13.82	3.3476	
1391	1	13.87	13.87	3.4131	
1392	1	13.92	13.92	3.4536	
1393	1	13.99	13.99	3.1099	
1394	1	14.01	14.01	3.0499	
1395	1	14.02	14.02	2.9596	
1396	1	14.01	14.01	3.1699	
1397	1	13.98	13.98	3.0396	
1398	1	14.04	14.04	3.1584	
1399	1	14.02	14.02	3.3196	
1400	1	13.94	13.94	3.3164	
1401	1	14.01	14.01	3.1699	
1402	1	13.95	13.95	3.2275	
1403	1	14.01	14.01	3.1499	
1404	1	14.05	14.05	3.0475	
1405	1	14.02	14.02	2.9996	
1406	1	13.92	13.92	3.0136	
1407	1	13.93	13.93	2.9851	
1408	1	13.97	13.97	2.8291	
1409	1	14.07	14.07	2.8451	
1410	1	14.06	14.06	2.9164	
1411	1	14.09	14.09	2.8219	
1412	1	14.18	14.18	2.7276	
1413	1	14.17	14.17	2.8411	
1414	1	14.12	14.12	2.7056	
1415	1	14.14	14.14	2.6404	
1416	1	14.05	14.05	2.7075	
1417	1	13.99	13.99	2.5099	
1418	1	13.92	13.92	2.5736	
1419	1	13.92	13.92	2.5336	
1420	1	13.91	13.91	2.5619	
1421	1	13.98	13.98	2.6196	
1422	1	13.93	13.93	2.6851	
1423	1	13.98	13.98	2.6396	
1424	1	13.94	13.94	2.4564	
1425	1	13.96	13.96	2.3984	
1426	1	14.01	14.01	2.6299	
1427	1	14	14	2.6	
1428	1	14	14	2.72	
1429	1	14.02	14.02	2.9196	
1430	1	14.06	14.06	2.9364	
1431	1	14.14	14.14	3.0204	
1432	1	14.18	14.18	3.0276	
1433	1	14.14	14.14	3.1804	
1434	1	14.18	14.18	3.1276	
1435	1	14.21	14.21	3.0659	
1436	1	14.19	14.19	3.1139	
1437	1	14.21	14.21	3.0259	
1438	1	14.1	14.1	2.89	
1439	1	14.15	14.15	2.8675	
1440	1	14.14	14.14	2.8804	
1441	1	14.23	14.23	2.9371	
1442	1	14.19	14.19	2.9139	
1443	1	14.23	14.23	2.7771	
1444	1	14.18	14.18	2.6276	
1445	1	14.16	14.16	2.6544	
1446	1	14.26	14.26	2.6524	
1447	1	14.3	14.3	2.59	
1448	1	14.32	14.32	2.7376	
1449	1	14.41	14.41	2.8419	
1450	1	14.37	14.37	2.6531	
1451	1	14.36	14.36	2.6504	
1452	1	14.35	14.35	2.4675	
1453	1	14.33	14.33	2.5211	
1454	1	14.4	14.4	2.58	
1455	1	14.4	14.4	2.7	
1456	1	14.4	14.4	2.66	
1457	1	14.43	14.43	2.7051	
1458	1	14.38	14.38	2.6756	
1459	1	14.39	14.39	2.7579	
1460	1	14.36	14.36	2.6704	
1461	1	14.32	14.32	2.4376	
1462	1	14.35	14.35	2.4275	
1463	1	14.33	14.33	2.3011	
1464	1	14.36	14.36	2.3504	
1465	1	14.35	14.35	2.3275	
1466	1	14.36	14.36	2.2504	
1467	1	14.41	14.41	2.4019	
1468	1	14.43	14.43	2.6451	
1469	1	14.43	14.43	2.3651	
1470	1	14.36	14.36	2.2704	
1471	1	14.29	14.29	2.1659	
1472	1	14.35	14.35	2.4075	
1473	1	14.35	14.35	2.4075	
1474	1	14.33	14.33	2.4211	
1475	1	14.32	14.32	2.3576	
1476	1	14.28	14.28	2.2616	
1477	1	14.24	14.24	2.3024	
1478	1	14.3	14.3	2.53	
1479	1	14.3	14.3	2.53	
1480	1	14.35	14.35	2.4875	
1481	1	14.3	14.3	2.51	
1482	1	14.2	14.2	2.1	
1483	1	14.19	14.19	2.1339	
1484	1	14.26	14.26	2.1724	
1485	1	14.23	14.23	2.3971	
1486	1	14.28	14.28	2.4416	
1487	1	14.21	14.21	2.4259	
1488	1	14.24	14.24	2.4624	
1489	1	14.22	14.22	2.4516	
1490	1	14.16	14.16	2.3744	
1491	1	14.19	14.19	2.3539	
1492	1	14.29	14.29	2.6259	
1493	1	14.37	14.37	2.6331	
1494	1	14.31	14.31	2.6139	
1495	1	14.38	14.38	3.0356	
1496	1	14.38	14.38	3.2156	
1497	1	14.4	14.4	3.24	
1498	1	14.45	14.45	3.3075	
1499	1	14.43	14.43	3.2451	
1500	1	14.41	14.41	3.1819	
1501	1	14.42	14.42	3.1636	
1502	1	14.42	14.42	3.1836	
1503	1	14.44	14.44	3.4264	
1504	1	14.41	14.41	3.4419	
1505	1	14.45	14.45	3.4675	
1506	1	14.43	14.43	3.3651	
1507	1	14.36	14.36	3.2304	
1508	1	14.29	14.29	3.0859	
1509	1	14.39	14.39	2.9579	
1510	1	14.45	14.45	3.0075	
1511	1	14.42	14.42	2.8036	
1512	1	14.45	14.45	3.1075	
1513	1	14.48	14.48	3.1696	
1514	1	14.42	14.42	2.9036	
1515	1	14.38	14.38	2.5956	
1516	1	14.26	14.26	2.4524	
1517	1	14.29	14.29	2.3259	
1518	1	14.36	14.36	2.4504	
1519	1	14.37	14.37	2.4131	
1520	1	14.38	14.38	2.3356	
1521	1	14.4	14.4	2.28	
1522	1	14.47	14.47	2.5491	
1523	1	14.61	14.61	2.6379	
1524	1	14.64	14.64	2.6904	
1525	1	14.67	14.67	2.7411	
1526	1	14.73	14.73	2.9771	
1527	1	14.82	14.82	2.8276	
1528	1	14.77	14.77	2.6971	
1529	1	14.8	14.8	2.78	
1530	1	14.84	14.84	2.5144	
1531	1	14.8	14.8	2.4	
1532	1	14.79	14.79	2.4659	
1533	1	14.81	14.81	2.2539	
1534	1	14.81	14.81	2.1739	
1535	1	14.86	14.86	2.1004	
1536	1	14.87	14.87	2.0731	
1537	1	14.86	14.86	1.9204	
1538	1	14.82	14.82	1.7876	
1539	1	14.76	14.76	1.7824	
1540	1	14.73	14.73	1.9371	
1541	1	14.86	14.86	2.0204	
1542	1	14.84	14.84	2.0144	
1543	1	14.88	14.88	2.0856	
1544	1	14.94	14.94	2.0364	
1545	1	14.94	14.94	2.1364	
1546	1	14.9	14.9	2.05	
1547	1	14.79	14.79	1.7859	
1548	1	14.8	14.8	2.06	
1549	1	14.83	14.83	2.1011	
1550	1	14.73	14.73	1.6571	
1551	1	14.67	14.67	1.3411	
1552	1	14.68	14.68	1.4576	
1553	1	14.63	14.63	1.3531	
1554	1	14.58	14.58	1.1636	
1555	1	14.69	14.69	1.2139	
1556	1	14.65	14.65	1.1275	
1557	1	14.65	14.65	1.1275	
1558	1	14.64	14.64	1.1504	
1559	1	14.64	14.64	1.1104	
1560	1	14.57	14.57	1.1251	
1561	1	14.51	14.51	1.0699	
1562	1	14.52	14.52	1.0096	
1563	1	14.57	14.57	1.0451	
1564	1	14.53	14.53	0.9891	
1565	1	14.5	14.5	1.05	
1566	1	14.52	14.52	1.1296	
1567	1	14.57	14.57	1.0451	
1568	1	14.63	14.63	1.1531	
1569	1	14.63	14.63	1.1331	
1570	1	14.64	14.64	1.1704	
1571	1	14.65	14.65	1.1075	
1572	1	14.63	14.63	1.1131	
1573	1	14.59	14.59	1.1419	
1574	1	14.67	14.67	1.2011	
1575	1	14.69	14.69	1.2339	
1576	1	14.69	14.69	1.2539	
1577	1	14.71	14.71	1.1659	
1578	1	14.69	14.69	1.1539	
1579	1	14.67	14.67	1.1411	
1580	1	14.68	14.68	1.1576	
1581	1	14.57	14.57	1.1251	
1582	1	14.58	14.58	1.1436	
1583	1	14.58	14.58	1.1236	
1584	1	14.64	14.64	1.1504	
1585	1	14.63	14.63	1.2331	
1586	1	14.55	14.55	1.1475	
1587	1	14.54	14.54	1.1484	
1588	1	14.49	14.49	1.0699	
1589	1	14.5	14.5	1.07	
1590	1	14.51	14.51	1.0299	
1591	1	14.49	14.49	1.0499	
1592	1	14.51	14.51	1.0899	
1593	1	14.54	14.54	1.1284	
1594	1	14.55	14.55	1.0475	
1595	1	14.56	14.56	0.9864	
1596	1	14.52	14.52	0.9696	
1597	1	14.51	14.51	0.9699	
1598	1	14.54	14.54	0.9484	
1599	1	14.53	14.53	0.9291	
1600	1	14.56	14.56	1.0064	
1601	1	14.58	14.58	1.0436	
1602	1	14.59	14.59	1.0619	
1603	1	14.66	14.66	1.0244	
1604	1	14.67	14.67	1.0211	
1605	1	14.68	14.68	1.0576	
1606	1	14.73	14.73	1.1371	
1607	1	14.77	14.77	1.1771	
1608	1	14.82	14.82	1.1476	
1609	1	14.83	14.83	1.1611	
1610	1	14.89	14.89	1.2379	
1611	1	14.88	14.88	1.3056	
1612	1	14.94	14.94	1.3164	
1613	1	14.92	14.92	1.2936	
1614	1	14.93	14.93	1.3251	
1615	1	15.02	15.02	1.4196	
1616	1	14.99	14.99	1.4099	
1617	1	14.96	14.96	1.3984	
1618	1	14.96	14.96	1.3584	
1619	1	14.95	14.95	1.4075	
1620	1	14.99	14.99	1.4499	
1621	1	15	15	1.46	
1622	1	15.05	15.05	1.5275	
1623	1	15.01	15.01	1.5699	
1624	1	15.03	15.03	1.4891	
1625	1	14.96	14.96	1.4184	
1626	1	15.04	15.04	1.4984	
1627	1	15.1	15.1	1.57	
1628	1	15.14	15.14	1.6004	
1629	1	15.2	15.2	1.62	
1630	1	15.18	15.18	1.5876	
1631	1	15.16	15.16	1.5344	
1632	1	15.17	15.17	1.5011	
1633	1	15.09	15.09	1.3819	
1634	1	15.14	15.14	1.3804	
1635	1	15.15	15.15	1.4075	
1636	1	15.13	15.13	1.4131	
1637	1	15.17	15.17	1.4211	
1638	1	15.19	15.19	1.4739	
1639	1	15.25	15.25	1.5675	
1640	1	15.23	15.23	1.5371	
1641	1	15.12	15.12	1.6656	
1642	1	15.06	15.06	1.7364	
1643	1	14.99	14.99	1.7499	
1644	1	14.98	14.98	1.6396	
1645	1	14.91	14.91	1.6419	
1646	1	14.89	14.89	1.5579	
1647	1	14.85	14.85	1.5075	
1648	1	14.94	14.94	1.5564	
1649	1	14.97	14.97	1.4691	
1650	1	14.94	14.94	1.5364	
1651	1	14.97	14.97	1.5691	
1652	1	15.06	15.06	1.6964	
1653	1	15.07	15.07	1.7651	
1654	1	15.1	15.1	1.81	
1655	1	15.09	15.09	1.6819	
1656	1	15.05	15.05	1.7275	
1657	1	15.02	15.02	1.7796	
1658	1	15.07	15.07	1.7651	
1659	1	15.1	15.1	1.79	
1660	1	15.05	15.05	1.7675	
1661	1	15.07	15.07	1.6651	
1662	1	15.13	15.13	1.6731	
1663	1	15.1	15.1	1.59	
1664	1	15.1	15.1	1.59	
1665	1	15.12	15.12	1.7256	
1666	1	15.09	15.09	1.6819	
1667	1	15.14	15.14	1.7204	
1668	1	15.14	15.14	1.6604	
1669	1	15.13	15.13	1.6531	
1670	1	15.1	15.1	1.67	
1671	1	15.14	15.14	1.7604	
1672	1	15.21	15.21	1.7459	
1673	1	15.19	15.19	1.6939	
1674	1	15.21	15.21	1.6859	
1675	1	15.23	15.23	1.5971	
1676	1	15.21	15.21	1.5859	
1677	1	15.25	15.25	1.5875	
1678	1	15.23	15.23	1.5371	
1679	1	15.23	15.23	1.3571	
1680	1	15.26	15.26	1.3324	
1681	1	15.28	15.28	1.3816	
1682	1	15.3	15.3	1.35	
1683	1	15.32	15.32	1.3976	
1684	1	15.29	15.29	1.4859	
1685	1	15.22	15.22	1.4716	
1686	1	15.26	15.26	1.4124	
1687	1	15.32	15.32	1.4976	
1688	1	15.37	15.37	1.5131	
1689	1	15.34	15.34	1.5844	
1690	1	15.45	15.45	1.5475	
1691	1	15.44	15.44	1.5864	
1692	1	15.42	15.42	1.6436	
1693	1	15.46	15.46	1.6284	
1694	1	15.41	15.41	1.6819	
1695	1	15.37	15.37	1.6131	
1696	1	15.4	15.4	1.62	
1697	1	15.43	15.43	1.5451	
1698	1	15.45	15.45	1.5475	
1699	1	15.38	15.38	1.4956	
1700	1	15.38	15.38	1.5356	
1701	1	15.39	15.39	1.4979	
1702	1	15.41	15.41	1.6019	
1703	1	15.5	15.5	1.69	
1704	1	15.5	15.5	1.77	
1705	1	15.61	15.61	1.9179	
1706	1	15.69	15.69	1.7939	
1707	1	15.62	15.62	1.6356	
1708	1	15.59	15.59	1.6419	
1709	1	15.65	15.65	1.5875	
1710	1	15.6	15.6	1.7	
1711	1	15.57	15.57	1.7251	
1712	1	15.59	15.59	1.8619	
1713	1	15.59	15.59	1.9619	
1714	1	15.61	15.61	1.9979	
1715	1	15.66	15.66	2.1244	
1716	1	15.68	15.68	2.3176	
1717	1	15.79	15.79	2.4659	
1718	1	15.73	15.73	2.4171	
1719	1	15.81	15.81	2.5139	
1720	1	15.77	15.77	2.5571	
1721	1	15.67	15.67	2.3411	
1722	1	15.66	15.66	2.2844	
1723	1	15.64	15.64	2.2104	
1724	1	15.72	15.72	2.2016	
1725	1	15.68	15.68	2.2176	
1726	1	15.76	15.76	2.2824	
1727	1	15.77	15.77	2.3971	
1728	1	15.73	15.73	2.3571	
1729	1	15.65	15.65	2.3275	
1730	1	15.59	15.59	2.1019	
1731	1	15.62	15.62	2.1156	
1732	1	15.58	15.58	2.1436	
1733	1	15.69	15.69	2.1939	
1734	1	15.83	15.83	2.3211	
1735	1	15.8	15.8	2.26	
1736	1	15.73	15.73	2.2171	
1737	1	15.83	15.83	2.2011	
1738	1	15.8	15.8	2.26	
1739	1	15.83	15.83	2.2211	
1740	1	15.76	15.76	2.2824	
1741	1	15.78	15.78	2.3916	
1742	1	15.81	15.81	2.3539	
1743	1	15.79	15.79	2.4059	
1744	1	15.72	15.72	2.3616	
1745	1	15.72	15.72	2.4616	
1746	1	15.71	15.71	2.4659	
1747	1	15.67	15.67	2.4211	
1748	1	15.68	15.68	2.3976	
1749	1	15.68	15.68	2.4376	
1750	1	15.7	15.7	2.47	
1751	1	15.71	15.71	2.4659	
1752	1	15.71	15.71	2.3459	
1753	1	15.63	15.63	2.3331	
1754	1	15.65	15.65	2.4275	
1755	1	15.63	15.63	2.1931	
1756	1	15.62	15.62	2.1956	
1757	1	15.62	15.62	2.0956	
1758	1	15.63	15.63	2.1331	
1759	1	15.63	15.63	2.1531	
1760	1	15.55	15.55	2.0075	
1761	1	15.58	15.58	2.0836	
1762	1	15.69	15.69	2.1539	
1763	1	15.66	15.66	2.2044	
1764	1	15.6	15.6	2.22	
1765	1	15.56	15.56	2.1664	
1766	1	15.57	15.57	2.1051	
1767	1	15.65	15.65	2.1475	
1768	1	15.73	15.73	2.2771	
1769	1	15.74	15.74	2.2524	
1770	1	15.75	15.75	2.3475	
1771	1	15.77	15.77	2.3771	
1772	1	15.72	15.72	2.2616	
1773	1	15.73	15.73	2.1971	
1774	1	15.79	15.79	2.2459	
1775	1	15.87	15.87	2.3531	
1776	1	15.85	15.85	2.2475	
1777	1	15.85	15.85	2.1075	
1778	1	15.94	15.94	2.1564	
1779	1	15.97	15.97	2.1691	
1780	1	16.03	16.03	2.3891	
1781	1	15.98	15.98	2.4396	
1782	1	16.05	16.05	2.5475	
1783	1	16.07	16.07	2.4651	
1784	1	16.08	16.08	2.5136	
1785	1	16.04	16.04	2.3384	
1786	1	16.02	16.02	2.3996	
1787	1	16.12	16.12	2.4256	
1788	1	16.04	16.04	2.2984	
1789	1	16.04	16.04	2.3384	
1790	1	16.06	16.06	2.4764	
1791	1	16.11	16.11	2.3779	
1792	1	16.14	16.14	2.3804	
1793	1	16.13	16.13	2.4331	
1794	1	16.09	16.09	2.3619	
1795	1	16	16	2.36	
1796	1	15.93	15.93	2.2051	
1797	1	16.01	16.01	2.1699	
1798	1	16.02	16.02	1.9796	
1799	1	16.04	16.04	1.9784	
1800	1	16.14	16.14	1.8804	
1801	1	16.15	16.15	1.9075	
1802	1	16.15	16.15	1.8875	
1803	1	16.1	16.1	1.93	
1804	1	16.15	16.15	1.9275	
1805	1	16.07	16.07	2.0051	
1806	1	16.15	16.15	2.0075	
1807	1	16.26	16.26	1.9724	
1808	1	16.29	16.29	2.0059	
1809	1	16.38	16.38	1.9156	
1810	1	16.33	16.33	1.9611	
1811	1	16.35	16.35	1.9275	
1812	1	16.41	16.41	1.9019	
1813	1	16.36	16.36	1.9304	
1814	1	16.33	16.33	1.9411	
1815	1	16.37	16.37	1.9931	
1816	1	16.4	16.4	2	
1817	1	16.4	16.4	2.1	
1818	1	16.4	16.4	2.16	
1819	1	16.42	16.42	2.2836	
1820	1	16.41	16.41	2.2819	
1821	1	16.47	16.47	2.2691	
1822	1	16.54	16.54	2.4084	
1823	1	16.52	16.52	2.3496	
1824	1	16.6	16.6	2.26	
1825	1	16.68	16.68	2.2976	
1826	1	16.65	16.65	2.3475	
1827	1	16.74	16.74	2.4124	
1828	1	16.81	16.81	2.3739	
1829	1	16.85	16.85	2.5475	
1830	1	16.95	16.95	2.6475	
1831	1	16.91	16.91	2.5219	
1832	1	16.98	16.98	2.6996	
1833	1	16.92	16.92	2.7336	
1834	1	16.97	16.97	2.7691	
1835	1	16.93	16.93	2.7451	
1836	1	17.03	17.03	2.7691	
1837	1	17.04	17.04	2.8384	
1838	1	17.1	17.1	2.81	
1839	1	17.12	17.12	2.8456	
1840	1	17.18	17.18	2.9476	
1841	1	17.18	17.18	2.9276	
1842	1	17.21	17.21	2.8259	
1843	1	17.16	17.16	2.7344	
1844	1	17.12	17.12	2.7856	
1845	1	17.08	17.08	2.8936	
1846	1	17.13	17.13	2.8531	
1847	1	17.2	17.2	2.86	
1848	1	17.17	17.17	2.8611	
1849	1	17.28	17.28	2.8216	
1850	1	17.28	17.28	2.8216	
1851	1	17.27	17.27	2.8571	
1852	1	17.21	17.21	2.9259	
1853	1	17.28	17.28	2.9616	
1854	1	17.23	17.23	3.1771	
1855	1	17.26	17.26	3.0724	
1856	1	17.34	17.34	3.0444	
1857	1	17.37	17.37	2.9731	
1858	1	17.3	17.3	3.11	
1859	1	17.33	17.33	3.2211	
1860	1	17.34	17.34	3.1844	
1861	1	17.32	17.32	3.1576	
1862	1	17.31	17.31	3.2739	
1863	1	17.32	17.32	3.3576	
1864	1	17.33	17.33	3.4811	
1865	1	17.33	17.33	3.5011	
1866	1	17.28	17.28	3.5816	
1867	1	17.42	17.42	3.5636	
1868	1	17.52	17.52	3.4096	
1869	1	17.46	17.46	3.5684	
1870	1	17.44	17.44	3.5464	
1871	1	17.42	17.42	3.5236	
1872	1	17.38	17.38	3.5356	
1873	1	17.34	17.34	3.5044	
1874	1	17.37	17.37	3.5131	
1875	1	17.37	17.37	3.5531	
1876	1	17.43	17.43	3.5851	
1877	1	17.44	17.44	3.7264	
1878	1	17.43	17.43	3.7251	
1879	1	17.33	17.33	3.6811	
1880	1	17.26	17.26	3.6724	
1881	1	17.29	17.29	3.5059	
1882	1	17.4	17.4	3.46	
1883	1	17.36	17.36	3.3504	
1884	1	17.31	17.31	3.3739	
1885	1	17.31	17.31	3.2739	
1886	1	17.22	17.22	3.2316	
1887	1	17.21	17.21	3.0259	
1888	1	17.19	17.19	2.9939	
1889	1	17.2	17.2	3.08	
1890	1	17.21	17.21	3.0859	
1891	1	17.31	17.31	3.1539	
1892	1	17.29	17.29	3.2659	
1893	1	17.34	17.34	3.2844	
1894	1	17.34	17.34	3.3244	
1895	1	17.34	17.34	3.3844	
1896	1	17.31	17.31	3.4939	
1897	1	17.45	17.45	3.4275	
1898	1	17.35	17.35	3.3475	
1899	1	17.3	17.3	3.35	
1900	1	17.24	17.24	3.2424	
1901	1	17.28	17.28	3.1416	
1902	1	17.2	17.2	3.28	
1903	1	17.28	17.28	3.3016	
1904	1	17.28	17.28	3.2616	
1905	1	17.27	17.27	3.3971	
1906	1	17.22	17.22	3.3316	
1907	1	17.21	17.21	3.4059	
1908	1	17.22	17.22	3.4716	
1909	1	17.15	17.15	3.4675	
1910	1	17.17	17.17	3.6811	
1911	1	17.11	17.11	3.6179	
1912	1	17.14	17.14	3.9804	
1913	1	17.19	17.19	4.0339	
1914	1	17.38	17.38	4.3756	
1915	1	17.5	17.5	4.51	
1916	1	17.56	17.56	4.7464	
1917	1	17.66	17.66	4.9244	
1918	1	17.7	17.7	4.93	
1919	1	17.65	17.65	4.7675	
1920	1	17.61	17.61	4.9179	
1921	1	17.47	17.47	4.7091	
1922	1	17.45	17.45	4.6875	
1923	1	17.44	17.44	4.5064	
1924	1	17.46	17.46	4.2884	
1925	1	17.51	17.51	4.3699	
1926	1	17.48	17.48	4.1896	
1927	1	17.53	17.53	4.1691	
1928	1	17.62	17.62	4.3156	
1929	1	17.63	17.63	4.0531	
1930	1	17.58	17.58	4.0636	
1931	1	17.64	17.64	4.3104	
1932	1	17.79	17.79	4.5459	
1933	1	17.73	17.73	4.1971	
1934	1	17.69	17.69	3.9539	
1935	1	17.6	17.6	3.88	
1936	1	17.64	17.64	3.7304	
1937	1	17.57	17.57	3.7651	
1938	1	17.58	17.58	3.7436	
1939	1	17.64	17.64	3.8304	
1940	1	17.64	17.64	3.6904	
1941	1	17.65	17.65	3.8875	
1942	1	17.66	17.66	3.8644	
1943	1	17.56	17.56	3.9864	
1944	1	17.54	17.54	4.0884	
1945	1	17.48	17.48	3.8496	
1946	1	17.55	17.55	4.0275	
1947	1	17.62	17.62	4.1156	
1948	1	17.55	17.55	4.1675	
1949	1	17.46	17.46	3.9884	
1950	1	17.45	17.45	3.8875	
1951	1	17.53	17.53	4.1091	
1952	1	17.65	17.65	3.9875	
1953	1	17.57	17.57	3.9051	
1954	1	17.57	17.57	3.8051	
1955	1	17.41	17.41	3.5219	
1956	1	17.38	17.38	3.2956	
1957	1	17.36	17.36	3.2304	
1958	1	17.24	17.24	3.2024	
1959	1	17.21	17.21	3.0659	
1960	1	17.1	17.1	2.93	
1961	1	17.14	17.14	3.0604	
1962	1	17.15	17.15	3.0075	
1963	1	17.24	17.24	3.0824	
1964	1	17.24	17.24	2.9624	
1965	1	17.22	17.22	3.0516	
1966	1	17.29	17.29	3.0459	
1967	1	17.36	17.36	3.1304	
1968	1	17.41	17.41	3.5019	
1969	1	17.41	17.41	3.5619	
1970	1	17.55	17.55	3.5675	
1971	1	17.53	17.53	3.4891	
1972	1	17.45	17.45	3.5075	
1973	1	17.41	17.41	3.5019	
1974	1	17.39	17.39	3.4379	
1975	1	17.41	17.41	3.3419	
1976	1	17.37	17.37	3.2531	
1977	1	17.28	17.28	3.2016	
1978	1	17.22	17.22	3.0916	
1979	1	17.18	17.18	3.0676	
1980	1	17.19	17.19	3.1139	
1981	1	17.19	17.19	3.0539	
1982	1	17.15	17.15	2.9075	
1983	1	17.14	17.14	2.9004	
1984	1	17.13	17.13	2.7331	
1985	1	17.01	17.01	2.4299	
1986	1	17.06	17.06	2.4964	
1987	1	17.03	17.03	2.4291	
1988	1	17.05	17.05	2.4675	
1989	1	17.06	17.06	2.4964	
1990	1	17.08	17.08	2.5336	
1991	1	17.14	17.14	2.6404	
1992	1	17.14	17.14	2.7404	
1993	1	17.2	17.2	2.8	
1994	1	17.15	17.15	2.7875	
1995	1	17.28	17.28	2.7816	
1996	1	17.27	17.27	2.6971	
1997	1	17.2	17.2	2.68	
1998	1	17.16	17.16	2.6544	
1999	1	17.1	17.1	2.45	
2000	1	17.14	17.14	2.4004	
