# mu = 0.1, s = 1, trials requested = 1, runtime = 0:00:00
# "Time"	"Actual trials"	"Mean mutation"	"Average mean mutation"	"Average mutation variance"
0	1	0	0	0	
1	1	0	0	0	
2	1	0.02	0.02	0.0196	
3	1	0.02	0.02	0.0196	
4	1	0.03	0.03	0.0291	
5	1	0.06	0.06	0.0564	
6	1	0.09	0.09	0.0819	
7	1	0.08	0.08	0.0736	
8	1	0.09	0.09	0.0819	
9	1	0.11	0.11	0.0979	
10	1	0.13	0.13	0.1131	
11	1	0.15	0.15	0.1275	
12	1	0.18	0.18	0.1476	
13	1	0.21	0.21	0.1659	
14	1	0.23	0.23	0.1971	
15	1	0.29	0.29	0.2459	
16	1	0.31	0.31	0.2539	
17	1	0.33	0.33	0.2611	
18	1	0.39	0.39	0.3379	
19	1	0.4	0.4	0.4	
20	1	0.45	0.45	0.4275	
21	1	0.49	0.49	0.4699	
22	1	0.62	0.62	0.7356	
23	1	0.7	0.7	0.95	
24	1	0.74	0.74	0.9324	
25	1	0.87	0.87	1.1131	
26	1	1.11	1.11	1.9379	
27	1	1.3	1.3	2.91	
28	1	1.65	1.65	4.1875	
29	1	2.06	2.06	5.5964	
30	1	2.49	2.49	6.6899	
31	1	2.92	2.92	7.4136	
32	1	3.2	3.2	8.64	
33	1	3.45	3.45	9.4675	
34	1	3.6	3.6	10.44	
35	1	3.9	3.9	11.15	
36	1	4.22	4.22	12.0316	
37	1	4.33	4.33	12.8211	
38	1	4.44	4.44	13.7064	
39	1	4.65	4.65	14.4675	
40	1	4.73	4.73	14.8371	
41	1	4.98	4.98	15.8796	
42	1	5.17	5.17	16.8611	
43	1	5.4	5.4	17.76	
44	1	5.55	5.55	17.9075	
45	1	5.67	5.67	18.0411	
46	1	5.73	5.73	18.5571	
47	1	5.89	5.89	19.2179	
48	1	6.24	6.24	19.2424	
49	1	6.38	6.38	20.0156	
50	1	6.53	6.53	20.0891	
51	1	6.66	6.66	21.0244	
52	1	6.8	6.8	21.9	
53	1	6.84	6.84	22.1944	
54	1	6.88	6.88	22.5456	
55	1	6.96	6.96	23.1384	
56	1	6.97	6.97	23.1691	
57	1	7.15	7.15	24.5875	
58	1	7.35	7.35	24.9475	
59	1	7.53	7.53	25.9091	
60	1	7.54	7.54	25.8484	
61	1	7.62	7.62	26.2156	
62	1	7.85	7.85	27.3275	
63	1	8.02	8.02	28.4396	
64	1	7.99	7.99	28.2299	
65	1	8.17	8.17	29.5011	
66	1	8.31	8.31	30.1539	
67	1	8.33	8.33	30.3611	
68	1	8.4	8.4	30.82	
69	1	8.42	8.42	31.0036	
70	1	8.46	8.46	31.3484	
71	1	8.48	8.48	31.4696	
72	1	8.58	8.58	32.2636	
73	1	8.67	8.67	32.8611	
74	1	8.8	8.8	33.88	
75	1	8.96	8.96	35.5584	
76	1	9.17	9.17	37.3411	
77	1	9.33	9.33	38.9811	
78	1	9.59	9.59	41.9219	
79	1	9.8	9.8	44.14	
80	1	10.07	10.07	47.2051	
81	1	10.3	10.3	49.45	
82	1	10.75	10.75	54.1275	
83	1	10.98	10.98	56.9196	
84	1	11.17	11.17	58.5811	
85	1	11.48	11.48	61.6296	
86	1	11.62	11.62	62.8556	
87	1	11.83	11.83	65.1411	
88	1	12.15	12.15	68.1075	
89	1	12.35	12.35	70.0875	
90	1	12.6	12.6	72.72	
91	1	12.77	12.77	73.9571	
92	1	12.85	12.85	74.6075	
93	1	13.08	13.08	76.6936	
94	1	13.26	13.26	78.1124	
95	1	13.39	13.39	79.4179	
96	1	13.48	13.48	80.5896	
97	1	13.64	13.64	82.6904	
98	1	13.75	13.75	84.2875	
99	1	13.84	13.84	85.5944	
100	1	13.96	13.96	87.1384	
101	1	14.09	14.09	88.8219	
102	1	14.07	14.07	88.5051	
103	1	14.19	14.19	90.2139	
104	1	14.26	14.26	91.2124	
105	1	14.42	14.42	93.4436	
106	1	14.63	14.63	96.2531	
107	1	14.72	14.72	97.6016	
108	1	14.85	14.85	99.4475	
109	1	14.97	14.97	100.989	
110	1	15.06	15.06	101.996	
111	1	15.5	15.5	102.91	
112	1	15.82	15.82	102.248	
113	1	16.05	16.05	103.667	
114	1	16.15	16.15	105.008	
115	1	16.3	16.3	106.97	
116	1	16.6	16.6	105.66	
117	1	16.77	16.77	108.137	
118	1	16.87	16.87	109.493	
119	1	16.99	16.99	110.83	
120	1	17.25	17.25	114.668	
121	1	17.37	17.37	116.013	
122	1	17.73	17.73	115.177	
123	1	17.92	17.92	117.634	
124	1	17.93	17.93	117.745	
125	1	18.03	18.03	119.229	
126	1	18.21	18.21	121.386	
127	1	18.58	18.58	120.124	
128	1	18.73	18.73	122.057	
129	1	18.83	18.83	123.361	
130	1	18.98	18.98	125.5	
131	1	19.08	19.08	126.774	
132	1	19.15	19.15	127.568	
133	1	19.27	19.27	128.937	
134	1	19.48	19.48	131.73	
135	1	19.68	19.68	134.338	
136	1	19.75	19.75	135.268	
137	1	19.84	19.84	136.574	
138	1	19.95	19.95	138.328	
139	1	19.97	19.97	138.589	
140	1	20.13	20.13	140.853	
141	1	20.17	20.17	141.481	
142	1	20.29	20.29	143.066	
143	1	20.56	20.56	146.466	
144	1	20.62	20.62	147.376	
145	1	20.74	20.74	149.112	
146	1	20.84	20.84	150.654	
147	1	20.94	20.94	152.096	
148	1	21.05	21.05	153.627	
149	1	21.1	21.1	154.39	
150	1	21.16	21.16	155.294	
151	1	21.16	21.16	155.274	
152	1	21.27	21.27	157.017	
153	1	21.32	21.32	157.898	
154	1	21.47	21.47	159.969	
155	1	21.5	21.5	160.27	
156	1	21.58	21.58	161.624	
157	1	21.62	21.62	162.236	
158	1	21.79	21.79	164.926	
159	1	21.81	21.81	165.134	
160	1	21.96	21.96	167.078	
161	1	21.98	21.98	167.44	
162	1	22.04	22.04	168.438	
163	1	22.1	22.1	169.41	
164	1	22.19	22.19	170.834	
165	1	22.23	22.23	171.477	
166	1	22.25	22.25	171.788	
167	1	22.29	22.29	172.406	
168	1	22.36	22.36	173.35	
169	1	22.35	22.35	173.188	
170	1	22.39	22.39	173.898	
171	1	22.48	22.48	175.47	
172	1	22.52	22.52	176.25	
173	1	22.68	22.68	179.098	
174	1	22.88	22.88	182.726	
175	1	22.98	22.98	184.56	
176	1	23.12	23.12	186.266	
177	1	23.33	23.33	190.141	
178	1	23.45	23.45	192.348	
179	1	23.74	23.74	197.952	
180	1	23.93	23.93	201.405	
181	1	24.1	24.1	204.57	
182	1	24.38	24.38	209.536	
183	1	24.68	24.68	214.658	
184	1	24.9	24.9	218.99	
185	1	25.12	25.12	222.906	
186	1	25.28	25.28	225.982	
187	1	25.37	25.37	227.593	
188	1	25.5	25.5	230.23	
189	1	25.63	25.63	232.633	
190	1	25.78	25.78	235.572	
191	1	26.05	26.05	240.487	
192	1	26.12	26.12	241.986	
193	1	26.25	26.25	244.727	
194	1	26.44	26.44	247.946	
195	1	26.56	26.56	250.126	
196	1	26.68	26.68	252.358	
197	1	26.85	26.85	255.467	
198	1	27	27	258.22	
199	1	27.14	27.14	260.4	
200	1	27.23	27.23	262.117	
201	1	27.4	27.4	265.06	
202	1	27.5	27.5	267.19	
203	1	27.54	27.54	268.048	
204	1	27.54	27.54	268.088	
205	1	27.56	27.56	268.566	
206	1	27.64	27.64	270.25	
207	1	27.68	27.68	271.038	
208	1	27.76	27.76	272.622	
209	1	27.76	27.76	272.722	
210	1	27.86	27.86	274.84	
211	1	27.86	27.86	274.84	
212	1	27.88	27.88	275.306	
213	1	28.01	28.01	278.09	
214	1	28.13	28.13	280.633	
215	1	28.24	28.24	283.002	
216	1	28.35	28.35	285.207	
217	1	28.44	28.44	287.206	
218	1	28.54	28.54	289.328	
219	1	28.57	28.57	289.965	
220	1	28.61	28.61	290.818	
221	1	28.62	28.62	291.096	
222	1	28.69	28.69	292.634	
223	1	28.75	28.75	293.967	
224	1	28.82	28.82	295.488	
225	1	28.85	28.85	296.187	
226	1	28.9	28.9	297.39	
227	1	29.01	29.01	299.77	
228	1	29.09	29.09	301.562	
229	1	29.19	29.19	303.834	
230	1	29.23	29.23	304.817	
231	1	29.37	29.37	308.193	
232	1	29.47	29.47	310.629	
233	1	29.7	29.7	315.79	
234	1	29.9	29.9	320.13	
235	1	30	30	322.36	
236	1	30.12	30.12	325.186	
237	1	30.31	30.31	329.214	
238	1	30.43	30.43	331.945	
239	1	30.46	30.46	332.548	
240	1	30.47	30.47	332.769	
241	1	30.53	30.53	334.129	
242	1	30.68	30.68	337.478	
243	1	30.69	30.69	337.734	
244	1	30.74	30.74	338.872	
245	1	30.79	30.79	340.026	
246	1	30.85	30.85	341.408	
247	1	30.92	30.92	343.114	
248	1	31.04	31.04	346.198	
249	1	31.17	31.17	349.541	
250	1	31.27	31.27	352.337	
251	1	31.54	31.54	359.648	
252	1	31.94	31.94	370.496	
253	1	32.35	32.35	381.608	
254	1	32.74	32.74	391.752	
255	1	33.1	33.1	401.05	
256	1	33.24	33.24	404.862	
257	1	33.49	33.49	411.67	
258	1	33.67	33.67	416.581	
259	1	33.9	33.9	422.05	
260	1	34.23	34.23	430.137	
261	1	34.39	34.39	434.378	
262	1	34.58	34.58	438.924	
263	1	34.71	34.71	442.606	
264	1	34.8	34.8	444.88	
265	1	34.93	34.93	448.305	
266	1	35.18	35.18	454.648	
267	1	35.34	35.34	459.044	
268	1	35.49	35.49	463.39	
269	1	35.62	35.62	467.096	
270	1	35.74	35.74	469.792	
271	1	35.86	35.86	473.42	
272	1	35.96	35.96	475.918	
273	1	36.04	36.04	478.258	
274	1	36.13	36.13	480.813	
275	1	36.36	36.36	486.89	
276	1	36.57	36.57	491.965	
277	1	36.76	36.76	497.462	
278	1	36.82	36.82	499.328	
279	1	36.94	36.94	502.876	
280	1	37.02	37.02	505.22	
281	1	37.15	37.15	509.168	
282	1	37.28	37.28	513.182	
283	1	37.48	37.48	518.89	
284	1	37.51	37.51	519.83	
285	1	37.63	37.63	523.293	
286	1	37.65	37.65	523.928	
287	1	37.69	37.69	524.894	
288	1	37.79	37.79	527.926	
289	1	37.96	37.96	532.318	
290	1	38.06	38.06	535.376	
291	1	38.17	38.17	538.601	
292	1	38.29	38.29	542.186	
293	1	38.27	38.27	541.777	
294	1	38.28	38.28	542.142	
295	1	38.34	38.34	544.024	
296	1	38.43	38.43	546.565	
297	1	38.5	38.5	548.61	
298	1	38.67	38.67	553.641	
299	1	38.7	38.7	554.69	
300	1	38.7	38.7	554.63	
301	1	38.76	38.76	556.522	
302	1	38.84	38.84	558.994	
303	1	38.9	38.9	561.05	
304	1	39.1	39.1	568.01	
305	1	39.36	39.36	577.53	
306	1	39.94	39.94	599.636	
307	1	40.53	40.53	621.369	
308	1	41.24	41.24	646.602	
309	1	41.59	41.59	658.402	
310	1	41.95	41.95	671.367	
311	1	42.44	42.44	688.326	
312	1	42.86	42.86	702.28	
313	1	43.07	43.07	709.805	
314	1	43.4	43.4	720.7	
315	1	44.01	44.01	739.51	
316	1	44.54	44.54	756.768	
317	1	44.83	44.83	765.761	
318	1	44.86	44.86	766.9	
319	1	45.11	45.11	774.638	
320	1	45.32	45.32	780.818	
321	1	45.39	45.39	783.238	
322	1	45.48	45.48	786.69	
323	1	45.55	45.55	788.428	
324	1	45.81	45.81	796.774	
325	1	45.86	45.86	798.64	
326	1	46	46	804.08	
327	1	46.03	46.03	805.189	
328	1	46.11	46.11	808.118	
329	1	46.24	46.24	813.062	
330	1	46.27	46.27	814.137	
331	1	46.34	46.34	816.824	
332	1	46.46	46.46	821.608	
333	1	46.74	46.74	832.352	
334	1	46.78	46.78	834.092	
335	1	46.89	46.89	838.218	
336	1	47.07	47.07	845.705	
337	1	47.35	47.35	857.088	
338	1	47.61	47.61	867.658	
339	1	47.94	47.94	880.956	
340	1	48.22	48.22	892.412	
341	1	48.43	48.43	900.725	
342	1	48.9	48.9	917.45	
343	1	49.12	49.12	925.746	
344	1	49.33	49.33	934.241	
345	1	49.57	49.57	943.725	
346	1	49.67	49.67	947.881	
347	1	49.81	49.81	953.414	
348	1	49.82	49.82	953.808	
349	1	49.97	49.97	959.909	
350	1	50.06	50.06	963.636	
351	1	50.19	50.19	969.174	
352	1	50.32	50.32	974.638	
353	1	50.51	50.51	982.29	
354	1	50.62	50.62	986.816	
355	1	50.68	50.68	989.258	
356	1	50.68	50.68	989.258	
357	1	50.67	50.67	989.041	
358	1	50.84	50.84	995.854	
359	1	50.96	50.96	1001.02	
360	1	51.03	51.03	1003.99	
361	1	51.03	51.03	1004.05	
362	1	51.19	51.19	1010.81	
363	1	51.4	51.4	1019.28	
364	1	51.46	51.46	1022.01	
365	1	51.61	51.61	1028.8	
366	1	51.72	51.72	1033.86	
367	1	51.86	51.86	1039.94	
368	1	52.14	52.14	1051.74	
369	1	52.35	52.35	1061.19	
370	1	52.71	52.71	1076.07	
371	1	52.91	52.91	1084.68	
372	1	53.07	53.07	1092.01	
373	1	53.19	53.19	1097.29	
374	1	53.25	53.25	1100.09	
375	1	53.42	53.42	1107.58	
376	1	53.49	53.49	1110.77	
377	1	53.62	53.62	1116.56	
378	1	53.74	53.74	1121.67	
379	1	53.96	53.96	1130.98	
380	1	54.05	54.05	1135.01	
381	1	54.13	54.13	1138.33	
382	1	54.31	54.31	1146.21	
383	1	54.53	54.53	1155.09	
384	1	54.62	54.62	1159.22	
385	1	54.67	54.67	1161.54	
386	1	54.73	54.73	1164.34	
387	1	54.96	54.96	1173.3	
388	1	55.03	55.03	1176.55	
389	1	55.11	55.11	1180.38	
390	1	55.29	55.29	1188.67	
391	1	55.51	55.51	1198.71	
392	1	55.61	55.61	1203.48	
393	1	55.87	55.87	1215.15	
394	1	56.01	56.01	1221.79	
395	1	56.09	56.09	1225.62	
396	1	56.27	56.27	1233.62	
397	1	56.37	56.37	1238.23	
398	1	56.43	56.43	1241.25	
399	1	56.49	56.49	1244.05	
400	1	56.63	56.63	1250.67	
401	1	56.73	56.73	1255.34	
402	1	56.99	56.99	1266.95	
403	1	57.09	57.09	1271.68	
404	1	57.13	57.13	1273.51	
405	1	57.23	57.23	1278.3	
406	1	57.36	57.36	1284.43	
407	1	57.41	57.41	1286.88	
408	1	57.45	57.45	1288.87	
409	1	57.52	57.52	1292.25	
410	1	57.63	57.63	1297.35	
411	1	57.78	57.78	1304.33	
412	1	57.89	57.89	1309.54	
413	1	57.98	57.98	1313.72	
414	1	58.09	58.09	1318.98	
415	1	58.19	58.19	1324.05	
416	1	58.37	58.37	1332.55	
417	1	58.49	58.49	1338.47	
418	1	58.59	58.59	1343.52	
419	1	58.82	58.82	1355.19	
420	1	58.98	58.98	1363	
421	1	59.13	59.13	1370.41	
422	1	59.36	59.36	1381.85	
423	1	59.6	59.6	1394.02	
424	1	59.75	59.75	1401.45	
425	1	59.91	59.91	1409.58	
426	1	60.07	60.07	1417.77	
427	1	60.18	60.18	1423.27	
428	1	60.35	60.35	1431.75	
429	1	60.46	60.46	1436.93	
430	1	60.69	60.69	1448.37	
431	1	60.71	60.71	1449.39	
432	1	60.78	60.78	1452.93	
433	1	60.84	60.84	1455.99	
434	1	61	61	1463.74	
435	1	61.05	61.05	1466.33	
436	1	61.14	61.14	1470.34	
437	1	61.25	61.25	1476.01	
438	1	61.34	61.34	1480.52	
439	1	61.49	61.49	1488.05	
440	1	61.59	61.59	1493.08	
441	1	61.71	61.71	1498.93	
442	1	61.82	61.82	1504.77	
443	1	61.97	61.97	1512.69	
444	1	62.04	62.04	1516.38	
445	1	62.05	62.05	1516.87	
446	1	62.22	62.22	1525.29	
447	1	62.33	62.33	1531.2	
448	1	62.4	62.4	1534.94	
449	1	62.53	62.53	1541.81	
450	1	62.57	62.57	1543.95	
451	1	62.72	62.72	1551.94	
452	1	62.85	62.85	1558.97	
453	1	63.1	63.1	1572.33	
454	1	63.32	63.32	1584.14	
455	1	63.48	63.48	1592.69	
456	1	63.59	63.59	1598.48	
457	1	63.77	63.77	1608.18	
458	1	64	64	1620.08	
459	1	64.18	64.18	1629.77	
460	1	64.39	64.39	1641.14	
461	1	64.66	64.66	1655.62	
462	1	64.79	64.79	1662.49	
463	1	64.95	64.95	1671.15	
464	1	65.06	65.06	1677.14	
465	1	65.22	65.22	1685.73	
466	1	65.41	65.41	1695.78	
467	1	65.52	65.52	1701.77	
468	1	65.66	65.66	1709.34	
469	1	65.74	65.74	1713.71	
470	1	65.8	65.8	1717.04	
471	1	65.89	65.89	1721.84	
472	1	65.96	65.96	1725.62	
473	1	65.96	65.96	1725.88	
474	1	66.04	66.04	1730.36	
475	1	66.11	66.11	1734.36	
476	1	66.16	66.16	1737.13	
477	1	66.25	66.25	1742.37	
478	1	66.41	66.41	1751.5	
479	1	66.54	66.54	1759.07	
480	1	66.68	66.68	1767.22	
481	1	66.87	66.87	1777.97	
482	1	67.13	67.13	1793.43	
483	1	67.58	67.58	1819.74	
484	1	68.09	68.09	1849.9	
485	1	68.56	68.56	1878.21	
486	1	68.94	68.94	1899.38	
487	1	69.2	69.2	1914.74	
488	1	69.63	69.63	1940.67	
489	1	70	70	1962.74	
490	1	70.3	70.3	1980.67	
491	1	70.52	70.52	1993.13	
492	1	70.72	70.72	2003.7	
493	1	71.01	71.01	2020.55	
494	1	71.38	71.38	2041.52	
495	1	71.6	71.6	2053.56	
496	1	71.62	71.62	2054.78	
497	1	71.74	71.74	2061.41	
498	1	71.93	71.93	2071.61	
499	1	72	72	2075.72	
500	1	72.09	72.09	2081.18	
501	1	72.23	72.23	2089.24	
502	1	72.26	72.26	2091.13	
503	1	72.44	72.44	2102.07	
504	1	72.57	72.57	2110.29	
505	1	72.57	72.57	2110.29	
506	1	72.84	72.84	2127.15	
507	1	73.08	73.08	2142.57	
508	1	73.27	73.27	2155.02	
509	1	73.55	73.55	2173.15	
510	1	73.94	73.94	2198.1	
511	1	74.31	74.31	2221.83	
512	1	74.55	74.55	2237.27	
513	1	74.82	74.82	2254.27	
514	1	75.25	75.25	2282.33	
515	1	75.68	75.68	2308.94	
516	1	75.87	75.87	2321.09	
517	1	76.12	76.12	2337.49	
518	1	76.37	76.37	2353.47	
519	1	76.72	76.72	2376.32	
520	1	77.2	77.2	2406.48	
521	1	77.33	77.33	2415.3	
522	1	77.56	77.56	2430.23	
523	1	77.68	77.68	2438.48	
524	1	78.01	78.01	2461.03	
525	1	78.22	78.22	2475.59	
526	1	78.48	78.48	2492.37	
527	1	78.57	78.57	2498.21	
528	1	78.87	78.87	2518.75	
529	1	79.12	79.12	2535.35	
530	1	79.54	79.54	2561.99	
531	1	79.78	79.78	2578.51	
532	1	80.08	80.08	2597.69	
533	1	80.23	80.23	2607.68	
534	1	80.6	80.6	2630.46	
535	1	80.7	80.7	2637.27	
536	1	80.81	80.81	2644.93	
537	1	80.88	80.88	2649.81	
538	1	80.98	80.98	2657	
539	1	81.2	81.2	2672.42	
540	1	81.26	81.26	2676.81	
541	1	81.64	81.64	2703.53	
542	1	81.81	81.81	2715.85	
543	1	82.06	82.06	2733.96	
544	1	82.36	82.36	2755.07	
545	1	82.72	82.72	2781.1	
546	1	83.03	83.03	2802.99	
547	1	83.22	83.22	2816.61	
548	1	83.33	83.33	2824.48	
549	1	83.52	83.52	2837.89	
550	1	83.77	83.77	2855.42	
551	1	83.92	83.92	2866.21	
552	1	84.13	84.13	2880.47	
553	1	84.38	84.38	2897.48	
554	1	84.42	84.42	2900.4	
555	1	84.57	84.57	2910.41	
556	1	84.71	84.71	2920.17	
557	1	84.87	84.87	2931.59	
558	1	84.99	84.99	2940.41	
559	1	85.2	85.2	2955.6	
560	1	85.31	85.31	2963.55	
561	1	85.33	85.33	2965.1	
562	1	85.47	85.47	2975.07	
563	1	85.63	85.63	2987.17	
564	1	85.8	85.8	2999.12	
565	1	86.05	86.05	3017.37	
566	1	86.27	86.27	3033.8	
567	1	86.48	86.48	3049.53	
568	1	86.64	86.64	3061.55	
569	1	86.82	86.82	3073.47	
570	1	86.89	86.89	3078.58	
571	1	86.98	86.98	3085.3	
572	1	87.14	87.14	3097.2	
573	1	87.26	87.26	3106.17	
574	1	87.32	87.32	3110.58	
575	1	87.39	87.39	3115.84	
576	1	87.52	87.52	3125.47	
577	1	87.53	87.53	3126.19	
578	1	87.69	87.69	3138.01	
579	1	87.79	87.79	3145.15	
580	1	87.8	87.8	3145.98	
581	1	87.91	87.91	3154.12	
582	1	87.97	87.97	3158.59	
583	1	88.02	88.02	3162.34	
584	1	88.1	88.1	3168.47	
585	1	88.19	88.19	3175.19	
586	1	88.3	88.3	3183.39	
587	1	88.34	88.34	3186.32	
588	1	88.45	88.45	3194.81	
589	1	88.58	88.58	3204.96	
590	1	88.66	88.66	3211.38	
591	1	88.88	88.88	3228.55	
592	1	89.24	89.24	3256.78	
593	1	89.42	89.42	3271.12	
594	1	89.55	89.55	3281.49	
595	1	89.73	89.73	3295.64	
596	1	89.95	89.95	3313.03	
597	1	90.33	90.33	3342.82	
598	1	90.62	90.62	3365.46	
599	1	91	91	3394.54	
600	1	91.23	91.23	3411.9	
601	1	91.28	91.28	3415.86	
602	1	91.47	91.47	3430.43	
603	1	91.47	91.47	3430.43	
604	1	91.73	91.73	3450.18	
605	1	91.82	91.82	3457.27	
606	1	91.91	91.91	3464.38	
607	1	91.92	91.92	3465.21	
608	1	91.98	91.98	3470.02	
609	1	92.12	92.12	3480.69	
610	1	92.11	92.11	3479.9	
611	1	92.27	92.27	3492.28	
612	1	92.39	92.39	3501.98	
613	1	92.53	92.53	3512.83	
614	1	92.6	92.6	3518.46	
615	1	92.75	92.75	3530.19	
616	1	92.82	92.82	3535.79	
617	1	92.89	92.89	3541.46	
618	1	93.2	93.2	3562.2	
619	1	93.21	93.21	3563.01	
620	1	93.27	93.27	3567.86	
621	1	93.34	93.34	3573.38	
622	1	93.36	93.36	3575.01	
623	1	93.41	93.41	3579.02	
624	1	93.4	93.4	3578.24	
625	1	93.47	93.47	3583.79	
626	1	93.62	93.62	3595.92	
627	1	93.67	93.67	3599.9	
628	1	93.85	93.85	3614.83	
629	1	94.02	94.02	3628.38	
630	1	94.14	94.14	3638.34	
631	1	94.35	94.35	3655.33	
632	1	94.56	94.56	3672.63	
633	1	94.75	94.75	3688.15	
634	1	94.83	94.83	3694.6	
635	1	94.91	94.91	3701.28	
636	1	94.99	94.99	3707.85	
637	1	95.02	95.02	3710.4	
638	1	95.29	95.29	3732.43	
639	1	96.46	96.46	3709.81	
640	1	96.52	96.52	3714.63	
641	1	96.68	96.68	3727.3	
642	1	96.83	96.83	3739.26	
643	1	96.89	96.89	3744.04	
644	1	97.25	97.25	3771.19	
645	1	97.39	97.39	3782.18	
646	1	97.5	97.5	3791.11	
647	1	98.78	98.78	3774.33	
648	1	98.85	98.85	3779.71	
649	1	98.97	98.97	3789.29	
650	1	99.02	99.02	3793.26	
651	1	99.17	99.17	3804.88	
652	1	99.28	99.28	3813.7	
653	1	99.42	99.42	3824.78	
654	1	99.54	99.54	3834.27	
655	1	99.6	99.6	3839.02	
656	1	99.63	99.63	3841.37	
657	1	99.71	99.71	3847.93	
658	1	99.78	99.78	3853.49	
659	1	99.95	99.95	3866.41	
660	1	100.02	100.02	3872.02	
661	1	100.24	100.24	3889.6	
662	1	100.35	100.35	3898.63	
663	1	100.42	100.42	3904.16	
664	1	100.63	100.63	3921.17	
665	1	100.72	100.72	3928.5	
666	1	100.82	100.82	3936.85	
667	1	101.03	101.03	3953.85	
668	1	101.27	101.27	3973.48	
669	1	101.48	101.48	3990.55	
670	1	101.68	101.68	4006.98	
671	1	102.03	102.03	4035.15	
672	1	102.3	102.3	4057.69	
673	1	102.42	102.42	4067.9	
674	1	102.82	102.82	4101.51	
675	1	102.83	102.83	4102.02	
676	1	103.31	103.31	4141.51	
677	1	103.52	103.52	4159.33	
678	1	103.67	103.67	4172.16	
679	1	104.05	104.05	4203.99	
680	1	104.22	104.22	4218.33	
681	1	104.4	104.4	4233.56	
682	1	104.69	104.69	4258.41	
683	1	105.09	105.09	4292.22	
684	1	105.53	105.53	4328.97	
685	1	105.67	105.67	4341.2	
686	1	105.97	105.97	4366.57	
687	1	106.13	106.13	4380.27	
688	1	106.45	106.45	4406.27	
689	1	106.59	106.59	4418.68	
690	1	106.92	106.92	4447.17	
691	1	106.92	106.92	4447.15	
692	1	107.06	107.06	4459.66	
693	1	107.35	107.35	4484.75	
694	1	107.47	107.47	4495.37	
695	1	107.6	107.6	4506.68	
696	1	107.87	107.87	4529.83	
697	1	107.94	107.94	4535.94	
698	1	108.26	108.26	4562.47	
699	1	108.41	108.41	4575.82	
700	1	108.71	108.71	4598.63	
701	1	108.84	108.84	4610.03	
702	1	109.02	109.02	4625.92	
703	1	109.11	109.11	4633.98	
704	1	109.37	109.37	4655.99	
705	1	109.4	109.4	4658.72	
706	1	109.5	109.5	4667.75	
707	1	109.73	109.73	4688	
708	1	109.9	109.9	4702.85	
709	1	110.38	110.38	4744.04	
710	1	110.35	110.35	4741.31	
711	1	110.52	110.52	4756.79	
712	1	110.63	110.63	4766.59	
713	1	110.96	110.96	4796.62	
714	1	111.18	111.18	4817.15	
715	1	111.66	111.66	4861.32	
716	1	111.9	111.9	4883.15	
717	1	112.15	112.15	4906.23	
718	1	112.52	112.52	4939.87	
719	1	112.86	112.86	4970.4	
720	1	113.05	113.05	4987.55	
721	1	113.15	113.15	4996.61	
722	1	113.33	113.33	5013.08	
723	1	113.52	113.52	5030.27	
724	1	113.73	113.73	5049.22	
725	1	113.91	113.91	5064.98	
726	1	114.18	114.18	5089.13	
727	1	114.17	114.17	5088.24	
728	1	114.25	114.25	5095.35	
729	1	114.4	114.4	5109.22	
730	1	114.48	114.48	5116.89	
731	1	114.45	114.45	5114.45	
732	1	114.65	114.65	5132.97	
733	1	114.88	114.88	5154.35	
734	1	116.59	116.59	5050.36	
735	1	116.84	116.84	5072.85	
736	1	117.03	117.03	5089.77	
737	1	117.19	117.19	5104.45	
738	1	117.35	117.35	5119.43	
739	1	117.57	117.57	5139.73	
740	1	117.8	117.8	5159.88	
741	1	117.79	117.79	5159.03	
742	1	118.03	118.03	5180.43	
743	1	118.16	118.16	5192.29	
744	1	118.13	118.13	5189.63	
745	1	118.45	118.45	5219.03	
746	1	118.71	118.71	5241.95	
747	1	118.85	118.85	5254.61	
748	1	119.09	119.09	5276.42	
749	1	119.26	119.26	5291.91	
750	1	119.48	119.48	5311.71	
751	1	119.55	119.55	5318.17	
752	1	121.29	121.29	5201.13	
753	1	121.4	121.4	5211.02	
754	1	121.54	121.54	5223.73	
755	1	121.68	121.68	5236.48	
756	1	121.99	121.99	5263.93	
757	1	122.18	122.18	5280.59	
758	1	122.45	122.45	5304.41	
759	1	122.68	122.68	5324.72	
760	1	122.72	122.72	5328.32	
761	1	122.83	122.83	5338.3	
762	1	122.85	122.85	5340.11	
763	1	122.96	122.96	5350.06	
764	1	123.08	123.08	5360.91	
765	1	123.29	123.29	5380.03	
766	1	123.48	123.48	5397.33	
767	1	123.77	123.77	5424.32	
768	1	124.03	124.03	5448.35	
769	1	124.29	124.29	5471.97	
770	1	124.42	124.42	5483.9	
771	1	124.5	124.5	5491.35	
772	1	124.68	124.68	5507.84	
773	1	124.79	124.79	5517.95	
774	1	125	125	5537.62	
775	1	125.21	125.21	5557.71	
776	1	125.47	125.47	5581.71	
777	1	125.74	125.74	5607.29	
778	1	125.92	125.92	5624.11	
779	1	126.11	126.11	5641.8	
780	1	126.31	126.31	5660.39	
781	1	126.41	126.41	5669.96	
782	1	126.76	126.76	5702.18	
783	1	126.9	126.9	5715.15	
784	1	127.12	127.12	5735.47	
785	1	127.28	127.28	5750.72	
786	1	127.46	127.46	5768.31	
787	1	127.75	127.75	5795.59	
788	1	128.16	128.16	5835.77	
789	1	128.62	128.62	5880.78	
790	1	129.23	129.23	5939.88	
791	1	129.8	129.8	5995.42	
792	1	130.31	130.31	6045.93	
793	1	130.82	130.82	6096.63	
794	1	131.24	131.24	6138.64	
795	1	131.71	131.71	6185.93	
796	1	132.13	132.13	6227.51	
797	1	132.53	132.53	6266.83	
798	1	132.71	132.71	6284.47	
799	1	132.94	132.94	6307.48	
800	1	133.17	133.17	6330.66	
801	1	133.45	133.45	6358.85	
802	1	133.89	133.89	6400.9	
803	1	134.28	134.28	6438.22	
804	1	134.5	134.5	6459.49	
805	1	134.61	134.61	6470.5	
806	1	134.81	134.81	6491.03	
807	1	135.09	135.09	6519.36	
808	1	135.26	135.26	6535.43	
809	1	135.58	135.58	6566.62	
810	1	135.85	135.85	6592.87	
811	1	136.31	136.31	6635.51	
812	1	136.39	136.39	6643.82	
813	1	136.49	136.49	6654.13	
814	1	136.66	136.66	6670.3	
815	1	136.82	136.82	6686.93	
816	1	136.95	136.95	6700.19	
817	1	137.18	137.18	6722.03	
818	1	137.32	137.32	6736.46	
819	1	137.53	137.53	6758.11	
820	1	137.79	137.79	6785.27	
821	1	137.94	137.94	6801.06	
822	1	138.19	138.19	6827.39	
823	1	138.4	138.4	6849.2	
824	1	138.64	138.64	6874.15	
825	1	138.83	138.83	6893.7	
826	1	139.01	139.01	6912.39	
827	1	139.33	139.33	6945.7	
828	1	139.5	139.5	6963.25	
829	1	139.59	139.59	6972.72	
830	1	139.66	139.66	6980.18	
831	1	139.76	139.76	6990.76	
832	1	139.94	139.94	7009.36	
833	1	139.94	139.94	7009.34	
834	1	140.04	140.04	7019.7	
835	1	140.19	140.19	7035.49	
836	1	140.31	140.31	7047.93	
837	1	140.5	140.5	7068.03	
838	1	140.72	140.72	7090.98	
839	1	140.82	140.82	7101.75	
840	1	141.04	141.04	7124.16	
841	1	141.21	141.21	7142.31	
842	1	141.35	141.35	7157.37	
843	1	141.36	141.36	7158.37	
844	1	141.52	141.52	7175.59	
845	1	141.72	141.72	7197	
846	1	141.76	141.76	7201.46	
847	1	141.92	141.92	7218.65	
848	1	141.99	141.99	7226.25	
849	1	142.37	142.37	7266.81	
850	1	142.53	142.53	7284.29	
851	1	142.74	142.74	7307.11	
852	1	142.96	142.96	7330.6	
853	1	143.13	143.13	7349.03	
854	1	143.42	143.42	7380.56	
855	1	143.54	143.54	7393.69	
856	1	143.62	143.62	7402.46	
857	1	143.75	143.75	7416.75	
858	1	143.83	143.83	7425.42	
859	1	144.05	144.05	7449.51	
860	1	144.19	144.19	7464.91	
861	1	144.31	144.31	7478.45	
862	1	144.49	144.49	7498.11	
863	1	144.65	144.65	7515.81	
864	1	144.91	144.91	7544.04	
865	1	145.14	145.14	7568.74	
866	1	145.21	145.21	7576.61	
867	1	145.37	145.37	7594.17	
868	1	145.51	145.51	7609.49	
869	1	145.67	145.67	7626.86	
870	1	145.87	145.87	7648.93	
871	1	146.06	146.06	7668.84	
872	1	146.21	146.21	7685.27	
873	1	146.28	146.28	7693.08	
874	1	146.41	146.41	7707.74	
875	1	146.52	146.52	7720.03	
876	1	146.78	146.78	7748.11	
877	1	146.96	146.96	7768.1	
878	1	147.08	147.08	7781.47	
879	1	147.16	147.16	7790.35	
880	1	147.35	147.35	7811.49	
881	1	147.37	147.37	7813.85	
882	1	147.46	147.46	7824.01	
883	1	147.57	147.57	7836.57	
884	1	147.74	147.74	7856.47	
885	1	147.96	147.96	7881.92	
886	1	148.23	148.23	7913.3	
887	1	148.84	148.84	7982.13	
888	1	149.19	149.19	8021.63	
889	1	149.48	149.48	8054.93	
890	1	149.79	149.79	8090.43	
891	1	150.2	150.2	8136.72	
892	1	150.49	150.49	8169.39	
893	1	150.64	150.64	8186.25	
894	1	150.8	150.8	8204.56	
895	1	151.05	151.05	8232.67	
896	1	151.26	151.26	8256.43	
897	1	151.34	151.34	8265.78	
898	1	151.39	151.39	8271.64	
899	1	151.44	151.44	8277.15	
900	1	151.51	151.51	8285.15	
901	1	151.8	151.8	8317.36	
902	1	151.97	151.97	8336.39	
903	1	152.15	152.15	8357.45	
904	1	152.22	152.22	8365.61	
905	1	152.41	152.41	8387.32	
906	1	152.48	152.48	8395.53	
907	1	152.58	152.58	8407.18	
908	1	152.72	152.72	8423.5	
909	1	152.82	152.82	8435.05	
910	1	152.89	152.89	8443.34	
911	1	152.96	152.96	8451.6	
912	1	152.99	152.99	8455.09	
913	1	153.11	153.11	8469.26	
914	1	153.24	153.24	8484.7	
915	1	153.46	153.46	8510.05	
916	1	153.68	153.68	8535.88	
917	1	153.81	153.81	8551.27	
918	1	153.98	153.98	8571.14	
919	1	154.1	154.1	8585.37	
920	1	154.18	154.18	8594.85	
921	1	154.3	154.3	8609.01	
922	1	154.45	154.45	8626.75	
923	1	154.54	154.54	8637.37	
924	1	154.75	154.75	8662.27	
925	1	154.89	154.89	8678.68	
926	1	155.02	155.02	8694.1	
927	1	155.3	155.3	8727.61	
928	1	155.33	155.33	8731.22	
929	1	155.45	155.45	8745.35	
930	1	155.58	155.58	8760.6	
931	1	155.76	155.76	8782.4	
932	1	156.13	156.13	8826.73	
933	1	156.22	156.22	8837.55	
934	1	156.42	156.42	8861.74	
935	1	156.5	156.5	8871.29	
936	1	156.71	156.71	8896.75	
937	1	156.93	156.93	8923.33	
938	1	157.09	157.09	8942.52	
939	1	157.32	157.32	8970.62	
940	1	157.51	157.51	8993.93	
941	1	157.74	157.74	9021.53	
942	1	157.92	157.92	9043.57	
943	1	158.09	158.09	9064.32	
944	1	158.23	158.23	9081.18	
945	1	158.43	158.43	9105.59	
946	1	158.58	158.58	9123.44	
947	1	158.81	158.81	9151.15	
948	1	158.99	158.99	9172.25	
949	1	159.09	159.09	9184.26	
950	1	159.07	159.07	9181.89	
951	1	159.04	159.04	9178.28	
952	1	159.19	159.19	9196.57	
953	1	159.41	159.41	9223.16	
954	1	159.55	159.55	9239.75	
955	1	159.6	159.6	9245.9	
956	1	159.71	159.71	9259.51	
957	1	159.86	159.86	9278.06	
958	1	159.89	159.89	9281.68	
959	1	160.01	160.01	9296.35	
960	1	160.08	160.08	9305.01	
961	1	160.19	160.19	9318.55	
962	1	160.24	160.24	9324.76	
963	1	160.31	160.31	9333.43	
964	1	160.33	160.33	9335.9	
965	1	160.48	160.48	9354.03	
966	1	160.59	160.59	9367.54	
967	1	160.72	160.72	9383.6	
968	1	160.73	160.73	9384.66	
969	1	160.83	160.83	9397.02	
970	1	160.86	160.86	9400.7	
971	1	160.89	160.89	9404.42	
972	1	161.04	161.04	9423.3	
973	1	161.22	161.22	9446.07	
974	1	161.43	161.43	9472.79	
975	1	161.78	161.78	9517.69	
976	1	162.18	162.18	9568.91	
977	1	162.49	162.49	9608.53	
978	1	163.05	163.05	9679.83	
979	1	163.47	163.47	9732.85	
980	1	163.72	163.72	9764.7	
981	1	164	164	9800.2	
982	1	164.33	164.33	9842.48	
983	1	164.83	164.83	9906.84	
984	1	165.3	165.3	9967.09	
985	1	165.44	165.44	9984.29	
986	1	165.62	165.62	10007.4	
987	1	165.95	165.95	10049.8	
988	1	166.31	166.31	10097	
989	1	166.71	166.71	10149.3	
990	1	167.2	167.2	10213.3	
991	1	167.4	167.4	10238.6	
992	1	167.52	167.52	10254.5	
993	1	167.97	167.97	10312.4	
994	1	168.07	168.07	10325.8	
995	1	168.45	168.45	10374.5	
996	1	168.64	168.64	10398.5	
997	1	169.01	169.01	10445.9	
998	1	169.22	169.22	10473.7	
999	1	169.67	169.67	10530.4	
1000	1	169.74	169.74	10539.4	
1001	1	170.09	170.09	10582.8	
1002	1	170.18	170.18	10594.7	
1003	1	170.34	170.34	10615.8	
1004	1	170.5	170.5	10636.7	
1005	1	170.67	170.67	10659	
1006	1	170.7	170.7	10662.8	
1007	1	170.83	170.83	10679.9	
1008	1	171.03	171.03	10706.4	
1009	1	171.14	171.14	10721.2	
1010	1	171.19	171.19	10728	
1011	1	171.3	171.3	10742.7	
1012	1	171.41	171.41	10757.5	
1013	1	171.41	171.41	10757.5	
1014	1	171.49	171.49	10768.3	
1015	1	171.57	171.57	10779	
1016	1	171.69	171.69	10795.1	
1017	1	171.78	171.78	10807.1	
1018	1	171.92	171.92	10825.6	
1019	1	172.03	172.03	10840.5	
1020	1	172.22	172.22	10865.9	
1021	1	172.41	172.41	10891.5	
1022	1	172.52	172.52	10906.3	
1023	1	172.63	172.63	10921.3	
1024	1	172.74	172.74	10935.7	
1025	1	172.85	172.85	10950.8	
1026	1	173.07	173.07	10980.4	
1027	1	173.34	173.34	11017.5	
1028	1	173.52	173.52	11042.2	
1029	1	173.89	173.89	11092.7	
1030	1	174.11	174.11	11122.8	
1031	1	174.37	174.37	11158.5	
1032	1	174.64	174.64	11195.6	
1033	1	174.88	174.88	11227.6	
1034	1	175.2	175.2	11271.2	
1035	1	175.39	175.39	11297.1	
1036	1	175.59	175.59	11324.4	
1037	1	175.68	175.68	11336.9	
1038	1	175.87	175.87	11362.8	
1039	1	175.97	175.97	11376.6	
1040	1	176.2	176.2	11407.2	
1041	1	176.25	176.25	11413.7	
1042	1	176.34	176.34	11425.9	
1043	1	176.36	176.36	11428.7	
1044	1	176.41	176.41	11435.4	
1045	1	176.47	176.47	11443.7	
1046	1	176.53	176.53	11452	
1047	1	176.64	176.64	11466.9	
1048	1	176.69	176.69	11473.8	
1049	1	176.77	176.77	11484.9	
1050	1	176.91	176.91	11504	
1051	1	177.03	177.03	11519.9	
1052	1	177.08	177.08	11526.9	
1053	1	177.22	177.22	11546	
1054	1	177.3	177.3	11556.7	
1055	1	177.32	177.32	11559.5	
1056	1	177.37	177.37	11566.5	
1057	1	177.42	177.42	11573.5	
1058	1	177.46	177.46	11579	
1059	1	177.55	177.55	11591.5	
1060	1	177.62	177.62	11601.2	
1061	1	177.67	177.67	11608.2	
1062	1	177.93	177.93	11645.1	
1063	1	178.29	178.29	11696	
1064	1	178.61	178.61	11741.4	
1065	1	178.89	178.89	11780.9	
1066	1	179.27	179.27	11834.7	
1067	1	179.48	179.48	11864.5	
1068	1	179.73	179.73	11899.7	
1069	1	179.83	179.83	11913.7	
1070	1	180.14	180.14	11957.2	
1071	1	180.34	180.34	11985.2	
1072	1	180.39	180.39	11992.1	
1073	1	180.55	180.55	12014.7	
1074	1	180.68	180.68	12033.5	
1075	1	180.82	180.82	12053.2	
1076	1	180.87	180.87	12060.4	
1077	1	181.11	181.11	12093.7	
1078	1	181.35	181.35	12127.4	
1079	1	181.49	181.49	12147.7	
1080	1	181.8	181.8	12192.8	
1081	1	182.1	182.1	12236.3	
1082	1	182.43	182.43	12284.4	
1083	1	182.75	182.75	12331.1	
1084	1	183.12	183.12	12385.5	
1085	1	183.55	183.55	12447.5	
1086	1	183.97	183.97	12508.7	
1087	1	184.39	184.39	12569	
1088	1	184.73	184.73	12618.7	
1089	1	185.06	185.06	12666.4	
1090	1	185.23	185.23	12691.2	
1091	1	185.55	185.55	12737.1	
1092	1	185.7	185.7	12759.3	
1093	1	185.97	185.97	12799.1	
1094	1	186.17	186.17	12828.3	
1095	1	186.22	186.22	12835.9	
1096	1	186.51	186.51	12877.7	
1097	1	187.08	187.08	12958.3	
1098	1	187.3	187.3	12990.8	
1099	1	187.48	187.48	13017.2	
1100	1	187.58	187.58	13032.1	
1101	1	187.71	187.71	13051.6	
1102	1	187.76	187.76	13059.1	
1103	1	187.97	187.97	13089.4	
1104	1	188.13	188.13	13112.9	
1105	1	188.17	188.17	13119.1	
1106	1	188.43	188.43	13157.1	
1107	1	188.57	188.57	13178	
1108	1	188.78	188.78	13209.7	
1109	1	188.8	188.8	13212.8	
1110	1	189.05	189.05	13250.4	
1111	1	189.28	189.28	13284	
1112	1	189.54	189.54	13323.3	
1113	1	189.65	189.65	13340.2	
1114	1	190	190	13392.3	
1115	1	190.25	190.25	13430	
1116	1	190.35	190.35	13445	
1117	1	190.32	190.32	13440.7	
1118	1	190.56	190.56	13476.5	
1119	1	190.7	190.7	13497.6	
1120	1	190.92	190.92	13530.9	
1121	1	191.07	191.07	13553.5	
1122	1	191.21	191.21	13574.6	
1123	1	191.4	191.4	13603.6	
1124	1	191.68	191.68	13645.3	
1125	1	191.94	191.94	13684.6	
1126	1	192.08	192.08	13705.9	
1127	1	192.15	192.15	13716.6	
1128	1	192.35	192.35	13747.5	
1129	1	192.5	192.5	13770.1	
1130	1	192.67	192.67	13796.1	
1131	1	192.74	192.74	13806.9	
1132	1	192.92	192.92	13833.7	
1133	1	193.19	193.19	13873.9	
1134	1	193.47	193.47	13917.4	
1135	1	193.6	193.6	13937.2	
1136	1	193.9	193.9	13982.8	
1137	1	194.1	194.1	14013.5	
1138	1	194.19	194.19	14027.4	
1139	1	194.34	194.34	14050.7	
1140	1	194.54	194.54	14081.3	
1141	1	194.6	194.6	14090.3	
1142	1	194.8	194.8	14121.6	
1143	1	194.93	194.93	14142	
1144	1	195.17	195.17	14179.3	
1145	1	195.34	195.34	14205.4	
1146	1	195.65	195.65	14253.3	
1147	1	195.79	195.79	14274.8	
1148	1	195.93	195.93	14296.8	
1149	1	196.18	196.18	14335.2	
1150	1	196.18	196.18	14335.4	
1151	1	196.42	196.42	14372.7	
1152	1	196.52	196.52	14388.5	
1153	1	196.63	196.63	14405.9	
1154	1	196.63	196.63	14406	
1155	1	196.73	196.73	14421.5	
1156	1	196.78	196.78	14429.2	
1157	1	197.04	197.04	14469.1	
1158	1	197.1	197.1	14478.6	
1159	1	197.21	197.21	14495.7	
1160	1	197.29	197.29	14508.2	
1161	1	197.4	197.4	14525.7	
1162	1	197.59	197.59	14556.1	
1163	1	202.48	202.48	14346.4	
1164	1	202.57	202.57	14360.1	
1165	1	202.8	202.8	14394.9	
1166	1	203.32	203.32	14472	
1167	1	203.82	203.82	14546.7	
1168	1	204.18	204.18	14600	
1169	1	204.44	204.44	14639	
1170	1	204.77	204.77	14688.4	
1171	1	205.11	205.11	14739.2	
1172	1	205.24	205.24	14758.5	
1173	1	205.48	205.48	14794.4	
1174	1	205.6	205.6	14812.4	
1175	1	205.65	205.65	14819.8	
1176	1	205.89	205.89	14855.5	
1177	1	206.01	206.01	14872.9	
1178	1	206.14	206.14	14892.2	
1179	1	206.24	206.24	14907.5	
1180	1	206.24	206.24	14907.4	
1181	1	206.25	206.25	14908.9	
1182	1	206.42	206.42	14933.9	
1183	1	206.6	206.6	14960.8	
1184	1	206.7	206.7	14975.6	
1185	1	206.82	206.82	14993.7	
1186	1	206.86	206.86	14999.9	
1187	1	206.94	206.94	15012.1	
1188	1	206.93	206.93	15010.9	
1189	1	207.04	207.04	15027.4	
1190	1	207.15	207.15	15044.1	
1191	1	207.18	207.18	15048.6	
1192	1	207.34	207.34	15072.2	
1193	1	207.42	207.42	15084.4	
1194	1	207.55	207.55	15103.9	
1195	1	207.77	207.77	15136.5	
1196	1	207.83	207.83	15145.7	
1197	1	207.88	207.88	15153.3	
1198	1	207.88	207.88	15153.3	
1199	1	207.93	207.93	15160.1	
1200	1	207.94	207.94	15161.7	
1201	1	208.07	208.07	15181.6	
1202	1	208.15	208.15	15193.6	
1203	1	208.21	208.21	15202.8	
1204	1	208.29	208.29	15215.1	
1205	1	208.32	208.32	15219.8	
1206	1	208.3	208.3	15216.7	
1207	1	208.42	208.42	15235.2	
1208	1	208.53	208.53	15252.1	
1209	1	208.66	208.66	15272.2	
1210	1	208.75	208.75	15286.1	
1211	1	208.87	208.87	15304.6	
1212	1	209.02	209.02	15327.7	
1213	1	209.22	209.22	15358.6	
1214	1	209.5	209.5	15401.2	
1215	1	209.62	209.62	15419.6	
1216	1	209.75	209.75	15439.7	
1217	1	209.91	209.91	15464.2	
1218	1	209.98	209.98	15475	
1219	1	210.16	210.16	15503	
1220	1	210.33	210.33	15529.1	
1221	1	210.61	210.61	15571.5	
1222	1	210.71	210.71	15586.7	
1223	1	210.77	210.77	15596	
1224	1	210.97	210.97	15626.6	
1225	1	211.06	211.06	15640.5	
1226	1	211.07	211.07	15642	
1227	1	211.11	211.11	15648.3	
1228	1	211.32	211.32	15680.6	
1229	1	211.46	211.46	15702.2	
1230	1	211.62	211.62	15727.1	
1231	1	211.75	211.75	15747	
1232	1	211.88	211.88	15767.2	
1233	1	211.86	211.86	15764.1	
1234	1	211.91	211.91	15771.9	
1235	1	211.99	211.99	15784.6	
1236	1	212.08	212.08	15798.6	
1237	1	212.23	212.23	15822.2	
1238	1	212.35	212.35	15840.9	
1239	1	212.46	212.46	15858	
1240	1	212.58	212.58	15876.7	
1241	1	212.66	212.66	15889.1	
1242	1	212.77	212.77	15906.2	
1243	1	212.77	212.77	15906.2	
1244	1	212.81	212.81	15912.4	
1245	1	212.91	212.91	15928	
1246	1	212.96	212.96	15935.8	
1247	1	213.01	213.01	15943.6	
1248	1	213.02	213.02	15945.1	
1249	1	213.03	213.03	15946.7	
1250	1	213.04	213.04	15948.3	
1251	1	213.13	213.13	15962.4	
1252	1	213.2	213.2	15973.2	
1253	1	213.26	213.26	15982.4	
1254	1	213.24	213.24	15979.4	
1255	1	213.29	213.29	15987.2	
1256	1	213.39	213.39	16002.7	
1257	1	213.41	213.41	16005.9	
1258	1	213.46	213.46	16013.6	
1259	1	213.55	213.55	16027.5	
1260	1	213.59	213.59	16033.8	
1261	1	213.6	213.6	16035.4	
1262	1	213.57	213.57	16030.7	
1263	1	213.63	213.63	16040.2	
1264	1	213.64	213.64	16041.9	
1265	1	213.72	213.72	16054.6	
1266	1	213.79	213.79	16065.6	
1267	1	213.87	213.87	16078.2	
1268	1	213.95	213.95	16090.9	
1269	1	214	214	16098.8	
1270	1	213.99	213.99	16097.1	
1271	1	214.1	214.1	16114.5	
1272	1	214.14	214.14	16120.9	
1273	1	214.23	214.23	16135.3	
1274	1	214.34	214.34	16152.6	
1275	1	214.56	214.56	16187.4	
1276	1	214.77	214.77	16220.6	
1277	1	214.93	214.93	16245.9	
1278	1	215.06	215.06	16267	
1279	1	215.25	215.25	16297.4	
1280	1	215.57	215.57	16349	
1281	1	215.82	215.82	16389	
1282	1	216.03	216.03	16422.3	
1283	1	216.37	216.37	16476.7	
1284	1	216.74	216.74	16535.6	
1285	1	216.99	216.99	16575.3	
1286	1	217.17	217.17	16603.9	
1287	1	217.34	217.34	16631.1	
1288	1	217.54	217.54	16663	
1289	1	217.77	217.77	16700.2	
1290	1	217.95	217.95	16729.2	
1291	1	218.06	218.06	16746.8	
1292	1	218.19	218.19	16767.6	
1293	1	218.29	218.29	16783.8	
1294	1	218.59	218.59	16832.1	
1295	1	218.69	218.69	16848.5	
1296	1	218.83	218.83	16871.2	
1297	1	219.07	219.07	16909.3	
1298	1	219.27	219.27	16942	
1299	1	219.48	219.48	16976.4	
1300	1	219.66	219.66	17005.9	
1301	1	219.88	219.88	17041.9	
1302	1	220.17	220.17	17089.6	
1303	1	220.33	220.33	17115.7	
1304	1	220.57	220.57	17154.4	
1305	1	220.73	220.73	17180.3	
1306	1	220.89	220.89	17206.3	
1307	1	221.07	221.07	17235.4	
1308	1	221.31	221.31	17273.8	
1309	1	221.42	221.42	17291.2	
1310	1	221.42	221.42	17291.2	
1311	1	221.43	221.43	17292.8	
1312	1	221.51	221.51	17305.9	
1313	1	221.64	221.64	17327.1	
1314	1	221.71	221.71	17338.7	
1315	1	221.75	221.75	17345.2	
1316	1	221.8	221.8	17353.5	
1317	1	221.82	221.82	17356.7	
1318	1	221.85	221.85	17361.6	
1319	1	221.88	221.88	17366.5	
1320	1	222.01	222.01	17388	
1321	1	222.08	222.08	17399.6	
1322	1	222.06	222.06	17396.3	
1323	1	222.14	222.14	17409.7	
1324	1	222.3	222.3	17435.9	
1325	1	222.46	222.46	17462.2	
1326	1	222.47	222.47	17463.9	
1327	1	222.71	222.71	17503.8	
1328	1	222.8	222.8	17518.6	
1329	1	222.86	222.86	17528.6	
1330	1	223.13	223.13	17573.9	
1331	1	223.18	223.18	17581.9	
1332	1	223.31	223.31	17603.4	
1333	1	223.54	223.54	17641.6	
1334	1	223.72	223.72	17671.5	
1335	1	223.92	223.92	17705	
1336	1	224.13	224.13	17740	
1337	1	224.21	224.21	17753.4	
1338	1	224.32	224.32	17772	
1339	1	224.52	224.52	17805.3	
1340	1	224.65	224.65	17827.4	
1341	1	224.91	224.91	17870.7	
1342	1	225.15	225.15	17910.8	
1343	1	225.39	225.39	17951.3	
1344	1	225.47	225.47	17964.7	
1345	1	225.82	225.82	18023.4	
1346	1	225.95	225.95	18045.3	
1347	1	226.24	226.24	18094.3	
1348	1	226.48	226.48	18134.4	
1349	1	226.67	226.67	18166.5	
1350	1	227	227	18222.2	
1351	1	227.13	227.13	18244.4	
1352	1	227.31	227.31	18275.2	
1353	1	227.4	227.4	18290.4	
1354	1	227.74	227.74	18346.7	
1355	1	227.92	227.92	18377.4	
1356	1	228.13	228.13	18413.1	
1357	1	228.34	228.34	18448.7	
1358	1	228.43	228.43	18463.8	
1359	1	228.58	228.58	18489.3	
1360	1	228.68	228.68	18506.2	
1361	1	228.87	228.87	18538.8	
1362	1	228.94	228.94	18550.7	
1363	1	228.96	228.96	18554.2	
1364	1	229.12	229.12	18581.8	
1365	1	229.35	229.35	18621.3	
1366	1	229.56	229.56	18656.7	
1367	1	229.67	229.67	18676.1	
1368	1	230.02	230.02	18736.6	
1369	1	230.22	230.22	18771.2	
1370	1	230.37	230.37	18796.9	
1371	1	230.48	230.48	18815.9	
1372	1	230.78	230.78	18867.8	
1373	1	230.93	230.93	18893.5	
1374	1	231.1	231.1	18923	
1375	1	231.33	231.33	18962.8	
1376	1	231.65	231.65	19017.5	
1377	1	231.8	231.8	19043.2	
1378	1	232.07	232.07	19089.6	
1379	1	232.16	232.16	19105.3	
1380	1	232.27	232.27	19124.4	
1381	1	232.38	232.38	19143.5	
1382	1	232.43	232.43	19152.1	
1383	1	232.65	232.65	19189.7	
1384	1	232.73	232.73	19203.6	
1385	1	232.74	232.74	19205.3	
1386	1	232.92	232.92	19236.1	
1387	1	232.98	232.98	19246.6	
1388	1	233.02	233.02	19253.6	
1389	1	233.07	233.07	19262.3	
1390	1	233.12	233.12	19271.1	
1391	1	233.14	233.14	19274.6	
1392	1	233.18	233.18	19281.6	
1393	1	233.3	233.3	19302.5	
1394	1	233.38	233.38	19316.5	
1395	1	233.4	233.4	19320	
1396	1	233.42	233.42	19323.5	
1397	1	233.49	233.49	19335.8	
1398	1	233.54	233.54	19344.6	
1399	1	233.59	233.59	19353.4	
1400	1	233.72	233.72	19376.1	
1401	1	233.77	233.77	19384.9	
1402	1	233.85	233.85	19398.9	
1403	1	233.95	233.95	19416.5	
1404	1	234.03	234.03	19430.5	
1405	1	234.18	234.18	19456.8	
1406	1	234.3	234.3	19477.9	
1407	1	234.37	234.37	19490.3	
1408	1	234.55	234.55	19522	
1409	1	234.59	234.59	19529	
1410	1	234.7	234.7	19548.3	
1411	1	234.71	234.71	19550	
1412	1	234.78	234.78	19562.5	
1413	1	234.91	234.91	19585.4	
1414	1	235.07	235.07	19613.2	
1415	1	235.12	235.12	19622	
1416	1	235.16	235.16	19629.1	
1417	1	235.21	235.21	19637.8	
1418	1	235.25	235.25	19644.9	
1419	1	235.29	235.29	19651.9	
1420	1	235.37	235.37	19666.2	
1421	1	235.37	235.37	19666.2	
1422	1	235.46	235.46	19682.1	
1423	1	235.52	235.52	19692.6	
1424	1	235.51	235.51	19690.8	
1425	1	235.62	235.62	19710.1	
1426	1	235.68	235.68	19720.7	
1427	1	235.77	235.77	19736.5	
1428	1	235.83	235.83	19747	
1429	1	235.83	235.83	19747	
1430	1	235.86	235.86	19752.4	
1431	1	235.87	235.87	19754.1	
1432	1	235.87	235.87	19754.1	
1433	1	235.94	235.94	19766.5	
1434	1	236.03	236.03	19782.4	
1435	1	236.03	236.03	19782.5	
1436	1	236.1	236.1	19794.9	
1437	1	236.2	236.2	19812.8	
1438	1	236.38	236.38	19845.2	
1439	1	236.59	236.59	19883	
1440	1	236.92	236.92	19942.5	
1441	1	237.27	237.27	20005.3	
1442	1	237.58	237.58	20060.7	
1443	1	237.77	237.77	20094.7	
1444	1	237.94	237.94	20125.3	
1445	1	238.01	238.01	20137.9	
1446	1	238.21	238.21	20174.1	
1447	1	238.44	238.44	20215.5	
1448	1	238.83	238.83	20285.3	
1449	1	239.06	239.06	20326.7	
1450	1	239.22	239.22	20355.8	
1451	1	239.48	239.48	20402.1	
1452	1	239.6	239.6	20424.1	
1453	1	239.78	239.78	20456.3	
1454	1	240.02	240.02	20499.6	
1455	1	240.28	240.28	20546.2	
1456	1	240.52	240.52	20589.1	
1457	1	240.71	240.71	20623.6	
1458	1	240.85	240.85	20649.1	
1459	1	240.92	240.92	20662	
1460	1	241.02	241.02	20680.1	
1461	1	241.21	241.21	20714.8	
1462	1	241.47	241.47	20762.6	
1463	1	241.58	241.58	20782.9	
1464	1	241.87	241.87	20834.9	
1465	1	242.06	242.06	20870	
1466	1	242.4	242.4	20932.6	
1467	1	242.69	242.69	20986.1	
1468	1	242.93	242.93	21029.9	
1469	1	243.28	243.28	21093.2	
1470	1	243.46	243.46	21126.4	
1471	1	243.69	243.69	21168.8	
1472	1	243.79	243.79	21187.5	
1473	1	243.98	243.98	21222.1	
1474	1	244.12	244.12	21247.7	
1475	1	244.34	244.34	21288.2	
1476	1	244.43	244.43	21304.9	
1477	1	244.58	244.58	21332.5	
1478	1	244.66	244.66	21347.2	
1479	1	244.93	244.93	21397	
1480	1	245.1	245.1	21428.2	
1481	1	245.25	245.25	21455.9	
1482	1	245.42	245.42	21488.2	
1483	1	245.63	245.63	21527.8	
1484	1	245.96	245.96	21589.3	
1485	1	246.21	246.21	21636.2	
1486	1	246.53	246.53	21696.2	
1487	1	246.75	246.75	21737.5	
1488	1	246.94	246.94	21772.6	
1489	1	247.12	247.12	21806.4	
1490	1	247.26	247.26	21832.5	
1491	1	247.28	247.28	21835.9	
1492	1	247.33	247.33	21845.3	
1493	1	247.45	247.45	21867.8	
1494	1	247.55	247.55	21886.6	
1495	1	247.76	247.76	21925.8	
1496	1	247.93	247.93	21957.9	
1497	1	248.09	248.09	21986.5	
1498	1	248.21	248.21	22009.3	
1499	1	248.24	248.24	22015.6	
1500	1	248.5	248.5	22064.2	
1501	1	248.66	248.66	22094.1	
1502	1	248.88	248.88	22135.6	
1503	1	249	249	22158.3	
1504	1	249.12	249.12	22181	
1505	1	249.25	249.25	22205	
1506	1	249.27	249.27	22208.9	
1507	1	249.31	249.31	22216.4	
1508	1	249.39	249.39	22231.5	
1509	1	249.45	249.45	22242.9	
1510	1	249.51	249.51	22254.3	
1511	1	249.8	249.8	22307.3	
1512	1	249.9	249.9	22326.2	
1513	1	249.95	249.95	22335.8	
1514	1	250.09	250.09	22362.1	
1515	1	250.11	250.11	22366.1	
1516	1	250.11	250.11	22366.1	
1517	1	250.27	250.27	22396.7	
1518	1	250.37	250.37	22415.8	
1519	1	250.45	250.45	22431.1	
1520	1	250.67	250.67	22472.7	
1521	1	250.83	250.83	22503.3	
1522	1	251.04	251.04	22543.1	
1523	1	251.15	251.15	22563.9	
1524	1	251.22	251.22	22577.2	
1525	1	251.27	251.27	22586.8	
1526	1	251.34	251.34	22600.1	
1527	1	251.42	251.42	22615.3	
1528	1	251.48	251.48	22626.7	
1529	1	251.55	251.55	22640.1	
1530	1	251.61	251.61	22651.7	
1531	1	251.67	251.67	22663	
1532	1	251.83	251.83	22693.7	
1533	1	251.9	251.9	22707.1	
1534	1	251.9	251.9	22707.2	
1535	1	252.02	252.02	22730.3	
1536	1	252.05	252.05	22736.1	
1537	1	252.13	252.13	22751.4	
1538	1	252.14	252.14	22753.3	
1539	1	252.18	252.18	22760.9	
1540	1	252.29	252.29	22782.1	
1541	1	252.43	252.43	22808.9	
1542	1	252.54	252.54	22830	
1543	1	252.59	252.59	22839.6	
1544	1	252.72	252.72	22864.8	
1545	1	252.86	252.86	22891.7	
1546	1	253.03	253.03	22924.5	
1547	1	253.11	253.11	22939.9	
1548	1	253.21	253.21	22959.2	
1549	1	253.31	253.31	22978.4	
1550	1	253.36	253.36	22988	
1551	1	253.48	253.48	23011.2	
1552	1	253.56	253.56	23026.8	
1553	1	253.73	253.73	23060.1	
1554	1	253.76	253.76	23065.8	
1555	1	254.01	254.01	23114.6	
1556	1	254.08	254.08	23128.2	
1557	1	254.26	254.26	23163.2	
1558	1	254.46	254.46	23202.2	
1559	1	254.66	254.66	23241.1	
1560	1	254.89	254.89	23285.3	
1561	1	254.99	254.99	23304.6	
1562	1	255.05	255.05	23316.4	
1563	1	255.18	255.18	23341.5	
1564	1	255.29	255.29	23363	
1565	1	255.41	255.41	23386.4	
1566	1	255.45	255.45	23394.4	
1567	1	255.63	255.63	23429.3	
1568	1	255.77	255.77	23456.4	
1569	1	255.82	255.82	23465.9	
1570	1	256.02	256.02	23505	
1571	1	256.2	256.2	23540.3	
1572	1	256.28	256.28	23555.7	
1573	1	256.29	256.29	23557.6	
1574	1	256.42	256.42	23582.7	
1575	1	256.44	256.44	23586.9	
1576	1	256.63	256.63	23623.9	
1577	1	256.71	256.71	23639.6	
1578	1	256.79	256.79	23655.4	
1579	1	256.81	256.81	23659.7	
1580	1	256.86	256.86	23669	
1581	1	256.83	256.83	23663.1	
1582	1	256.89	256.89	23675.1	
1583	1	257.08	257.08	23712.5	
1584	1	257.3	257.3	23755.6	
1585	1	257.4	257.4	23775.4	
1586	1	257.49	257.49	23793.2	
1587	1	257.63	257.63	23820.9	
1588	1	257.75	257.75	23844.7	
1589	1	258.18	258.18	23928.6	
1590	1	258.36	258.36	23964.1	
1591	1	258.52	258.52	23995.5	
1592	1	258.61	258.61	24013.5	
1593	1	258.67	258.67	24025.4	
1594	1	258.93	258.93	24076.9	
1595	1	259.24	259.24	24137.6	
1596	1	259.32	259.32	24153.6	
1597	1	259.61	259.61	24210.9	
1598	1	259.66	259.66	24220.9	
1599	1	259.82	259.82	24252.7	
1600	1	259.94	259.94	24276.3	
1601	1	260.04	260.04	24295.9	
1602	1	260.19	260.19	24325.8	
1603	1	260.35	260.35	24357.6	
1604	1	260.59	260.59	24404.9	
1605	1	260.69	260.69	24424.9	
1606	1	260.74	260.74	24435	
1607	1	260.89	260.89	24464.6	
1608	1	261.06	261.06	24498.3	
1609	1	261.21	261.21	24528.2	
1610	1	261.31	261.31	24548.2	
1611	1	261.37	261.37	24560.2	
1612	1	261.55	261.55	24596.4	
1613	1	261.64	261.64	24614.5	
1614	1	261.83	261.83	24653	
1615	1	262.04	262.04	24695.4	
1616	1	262.14	262.14	24715.8	
1617	1	262.39	262.39	24766.1	
1618	1	262.59	262.59	24806.8	
1619	1	262.8	262.8	24849.2	
1620	1	263.15	263.15	24919.5	
1621	1	263.38	263.38	24965.5	
1622	1	263.47	263.47	24983.7	
1623	1	263.61	263.61	25011.8	
1624	1	263.7	263.7	25030.1	
1625	1	263.83	263.83	25056	
1626	1	264.06	264.06	25101.8	
1627	1	264.2	264.2	25130.1	
1628	1	264.4	264.4	25169.9	
1629	1	264.44	264.44	25178	
1630	1	264.54	264.54	25198.2	
1631	1	264.62	264.62	25214.5	
1632	1	264.69	264.69	25228.6	
1633	1	264.76	264.76	25242.9	
1634	1	264.82	264.82	25255.1	
1635	1	264.9	264.9	25271.4	
1636	1	265.05	265.05	25301.7	
1637	1	265.2	265.2	25331.9	
1638	1	265.29	265.29	25350.3	
1639	1	265.49	265.49	25391.4	
1640	1	265.58	265.58	25409.8	
1641	1	265.78	265.78	25450.7	
1642	1	265.84	265.84	25463.1	
1643	1	266.01	266.01	25497.7	
1644	1	266.16	266.16	25528.5	
1645	1	266.28	266.28	25553	
1646	1	266.42	266.42	25581.9	
1647	1	266.57	266.57	25612.7	
1648	1	266.75	266.75	25649.9	
1649	1	266.98	266.98	25697.3	
1650	1	267.06	267.06	25713.8	
1651	1	267.28	267.28	25759	
1652	1	267.42	267.42	25788	
1653	1	267.63	267.63	25831.1	
1654	1	267.73	267.73	25851.8	
1655	1	267.93	267.93	25892.6	
1656	1	268.04	268.04	25914.8	
1657	1	268.12	268.12	25931.1	
1658	1	268.29	268.29	25966.1	
1659	1	268.4	268.4	25989	
1660	1	268.69	268.69	26048.9	
1661	1	268.81	268.81	26073.9	
1662	1	269.03	269.03	26120.2	
1663	1	269.29	269.29	26174.1	
1664	1	269.5	269.5	26217.4	
1665	1	269.82	269.82	26283.4	
1666	1	270.07	270.07	26335.4	
1667	1	270.32	270.32	26387.3	
1668	1	270.35	270.35	26393.5	
1669	1	270.51	270.51	26426.6	
1670	1	270.65	270.65	26455.7	
1671	1	270.73	270.73	26472.3	
1672	1	270.89	270.89	26505.8	
1673	1	271.03	271.03	26534.8	
1674	1	271.18	271.18	26566.2	
1675	1	271.31	271.31	26593.2	
1676	1	271.4	271.4	26612.1	
1677	1	271.53	271.53	26639.5	
1678	1	271.71	271.71	26677.2	
1679	1	271.86	271.86	26708.2	
1680	1	271.98	271.98	26732.8	
1681	1	272.09	272.09	26755.9	
1682	1	272.38	272.38	26816.5	
1683	1	272.5	272.5	26841.5	
1684	1	272.5	272.5	26841.5	
1685	1	272.54	272.54	26849.8	
1686	1	272.75	272.75	26893.5	
1687	1	272.85	272.85	26914.8	
1688	1	272.94	272.94	26933.9	
1689	1	273.18	273.18	26984.7	
1690	1	273.32	273.32	27014.7	
1691	1	273.58	273.58	27069.2	
1692	1	273.72	273.72	27098.9	
1693	1	273.88	273.88	27132.5	
1694	1	274.12	274.12	27183	
1695	1	274.26	274.26	27212.4	
1696	1	274.39	274.39	27239.9	
1697	1	274.61	274.61	27286.1	
1698	1	274.81	274.81	27328.7	
1699	1	274.9	274.9	27347.7	
1700	1	274.94	274.94	27356.1	
1701	1	275.05	275.05	27379.3	
1702	1	275.19	275.19	27408.9	
1703	1	275.23	275.23	27417.6	
1704	1	275.33	275.33	27438.8	
1705	1	275.42	275.42	27458.1	
1706	1	275.42	275.42	27458.3	
1707	1	275.68	275.68	27513.6	
1708	1	275.89	275.89	27558.1	
1709	1	276.02	276.02	27585.9	
1710	1	276.31	276.31	27648.4	
1711	1	276.62	276.62	27715	
1712	1	276.9	276.9	27775.3	
1713	1	277.16	277.16	27831.3	
1714	1	277.37	277.37	27876.5	
1715	1	277.52	277.52	27908.7	
1716	1	277.75	277.75	27957.7	
1717	1	277.91	277.91	27991.9	
1718	1	277.93	277.93	27996	
1719	1	278.07	278.07	28026.7	
1720	1	278.14	278.14	28041.9	
1721	1	278.37	278.37	28091.5	
1722	1	278.69	278.69	28159.2	
1723	1	278.93	278.93	28211.1	
1724	1	279.24	279.24	28278.4	
1725	1	279.65	279.65	28367.1	
1726	1	279.99	279.99	28441	
1727	1	280.32	280.32	28512.7	
1728	1	280.63	280.63	28580.6	
1729	1	280.74	280.74	28604.7	
1730	1	281.09	281.09	28681.8	
1731	1	281.43	281.43	28756.4	
1732	1	281.7	281.7	28815.8	
1733	1	282.41	282.41	28969.7	
1734	1	282.67	282.67	29026.8	
1735	1	282.86	282.86	29069	
1736	1	283.06	283.06	29113.3	
1737	1	283.41	283.41	29190.8	
1738	1	283.81	283.81	29277.9	
1739	1	284.01	284.01	29321.8	
1740	1	284.11	284.11	29344.1	
1741	1	284.29	284.29	29383.8	
1742	1	284.5	284.5	29430.7	
1743	1	284.66	284.66	29466.1	
1744	1	285.31	285.31	29608.5	
1745	1	285.58	285.58	29669.2	
1746	1	285.79	285.79	29716.1	
1747	1	286.09	286.09	29783.1	
1748	1	286.56	286.56	29887	
1749	1	286.89	286.89	29960.3	
1750	1	287.03	287.03	29991.8	
1751	1	287.21	287.21	30031.9	
1752	1	287.39	287.39	30072.1	
1753	1	287.86	287.86	30174.3	
1754	1	288.11	288.11	30230.7	
1755	1	288.35	288.35	30284.7	
1756	1	288.67	288.67	30356	
1757	1	288.75	288.75	30373.8	
1758	1	288.79	288.79	30382.9	
1759	1	288.95	288.95	30418.8	
1760	1	289	289	30430.2	
1761	1	289.12	289.12	30457.3	
1762	1	289.15	289.15	30464.2	
1763	1	289.27	289.27	30491.3	
1764	1	289.4	289.4	30520.4	
1765	1	289.62	289.62	30568.6	
1766	1	289.85	289.85	30619	
1767	1	290.11	290.11	30677.2	
1768	1	290.38	290.38	30738.8	
1769	1	290.4	290.4	30743.3	
1770	1	290.81	290.81	30837.2	
1771	1	291.28	291.28	30945.2	
1772	1	291.71	291.71	31044.3	
1773	1	292.32	292.32	31183.8	
1774	1	292.64	292.64	31257.2	
1775	1	293.05	293.05	31351	
1776	1	293.22	293.22	31390	
1777	1	293.48	293.48	31449	
1778	1	293.89	293.89	31541	
1779	1	294.11	294.11	31591.2	
1780	1	294.39	294.39	31654.8	
1781	1	294.57	294.57	31695.9	
1782	1	294.76	294.76	31739.2	
1783	1	294.93	294.93	31778.3	
1784	1	295.07	295.07	31810.3	
1785	1	297.83	297.83	32120.1	
1786	1	298.07	298.07	32174.1	
1787	1	298.17	298.17	32197.1	
1788	1	298.42	298.42	32253.4	
1789	1	298.53	298.53	32278.3	
1790	1	298.91	298.91	32364.4	
1791	1	299.1	299.1	32407	
1792	1	299.47	299.47	32490.6	
1793	1	299.67	299.67	32536.2	
1794	1	299.72	299.72	32547.8	
1795	1	299.95	299.95	32600	
1796	1	300.08	300.08	32629.4	
1797	1	300.07	300.07	32627	
1798	1	300.34	300.34	32687.7	
1799	1	300.54	300.54	32732.1	
1800	1	300.69	300.69	32766.1	
1801	1	300.84	300.84	32800.4	
1802	1	301.2	301.2	32881.2	
1803	1	301.37	301.37	32919.9	
1804	1	301.64	301.64	32981	
1805	1	301.68	301.68	32990.1	
1806	1	301.76	301.76	33008.6	
1807	1	301.86	301.86	33031.6	
1808	1	301.97	301.97	33056.9	
1809	1	302.19	302.19	33107.2	
1810	1	302.31	302.31	33135	
1811	1	302.5	302.5	33178.7	
1812	1	302.71	302.71	33227.3	
1813	1	302.94	302.94	33280.3	
1814	1	303.28	303.28	33358.8	
1815	1	303.44	303.44	33395.8	
1816	1	303.68	303.68	33451.1	
1817	1	303.76	303.76	33469.3	
1818	1	304	304	33524.2	
1819	1	304.12	304.12	33551.7	
1820	1	304.26	304.26	33584.1	
1821	1	304.4	304.4	33616.3	
1822	1	304.63	304.63	33669.6	
1823	1	304.75	304.75	33697.4	
1824	1	305.02	305.02	33759.9	
1825	1	305.19	305.19	33799.2	
1826	1	305.34	305.34	33834.1	
1827	1	305.49	305.49	33869.1	
1828	1	305.55	305.55	33883	
1829	1	305.74	305.74	33926.8	
1830	1	305.95	305.95	33975.2	
1831	1	306.07	306.07	34003.1	
1832	1	306.11	306.11	34012.5	
1833	1	306.26	306.26	34047.2	
1834	1	306.39	306.39	34076.8	
1835	1	306.59	306.59	34123.1	
1836	1	306.68	306.68	34144.2	
1837	1	306.77	306.77	34165.1	
1838	1	306.82	306.82	34176.9	
1839	1	306.98	306.98	34214.3	
1840	1	307.15	307.15	34254.1	
1841	1	307.34	307.34	34298.9	
1842	1	307.47	307.47	34329.4	
1843	1	307.65	307.65	34371.9	
1844	1	307.91	307.91	34432.9	
1845	1	308.15	308.15	34489.1	
1846	1	308.3	308.3	34524.4	
1847	1	308.47	308.47	34564.4	
1848	1	308.59	308.59	34592.5	
1849	1	308.89	308.89	34662.9	
1850	1	308.95	308.95	34677	
1851	1	309.03	309.03	34695.7	
1852	1	309.07	309.07	34705	
1853	1	309.22	309.22	34740.3	
1854	1	309.39	309.39	34780.1	
1855	1	309.45	309.45	34794.3	
1856	1	309.52	309.52	34810.8	
1857	1	309.73	309.73	34859.8	
1858	1	309.75	309.75	34864.5	
1859	1	309.8	309.8	34876.5	
1860	1	309.99	309.99	34921.6	
1861	1	310.11	310.11	34949.7	
1862	1	310.18	310.18	34966.3	
1863	1	310.19	310.19	34968.6	
1864	1	310.25	310.25	34983	
1865	1	310.43	310.43	35025.1	
1866	1	310.65	310.65	35077.1	
1867	1	310.79	310.79	35110.6	
1868	1	310.95	310.95	35148.3	
1869	1	311.12	311.12	35188.6	
1870	1	311.3	311.3	35231.4	
1871	1	311.41	311.41	35257.2	
1872	1	311.53	311.53	35286	
1873	1	311.72	311.72	35330.9	
1874	1	311.81	311.81	35352.1	
1875	1	311.91	311.91	35375.7	
1876	1	312.08	312.08	35416.2	
1877	1	312.2	312.2	35444.7	
1878	1	312.22	312.22	35449.5	
1879	1	312.33	312.33	35475.6	
1880	1	312.45	312.45	35504.3	
1881	1	312.54	312.54	35525.8	
1882	1	312.67	312.67	35556.7	
1883	1	312.73	312.73	35571	
1884	1	312.76	312.76	35578.4	
1885	1	312.9	312.9	35611.6	
1886	1	313.01	313.01	35637.9	
1887	1	313.11	313.11	35661.7	
1888	1	313.15	313.15	35671.3	
1889	1	313.36	313.36	35721.4	
1890	1	313.35	313.35	35718.9	
1891	1	313.37	313.37	35723.7	
1892	1	313.42	313.42	35735.6	
1893	1	313.55	313.55	35767	
1894	1	313.49	313.49	35752.6	
1895	1	313.59	313.59	35776.5	
1896	1	313.74	313.74	35812.7	
1897	1	313.89	313.89	35848.8	
1898	1	314.07	314.07	35892.1	
1899	1	314.24	314.24	35932.8	
1900	1	314.36	314.36	35961.7	
1901	1	314.49	314.49	35992.6	
1902	1	314.55	314.55	36007	
1903	1	314.7	314.7	36043.2	
1904	1	314.82	314.82	36072.2	
1905	1	314.94	314.94	36101	
1906	1	315.02	315.02	36120.3	
1907	1	315.14	315.14	36149.3	
1908	1	315.34	315.34	36197.4	
1909	1	315.51	315.51	36238.2	
1910	1	315.69	315.69	36281.5	
1911	1	315.75	315.75	36296.1	
1912	1	315.77	315.77	36301	
1913	1	315.88	315.88	36327.5	
1914	1	316.01	316.01	36359	
1915	1	316.17	316.17	36397.7	
1916	1	316.26	316.26	36419.4	
1917	1	316.27	316.27	36421.7	
1918	1	316.36	316.36	36443.5	
1919	1	316.39	316.39	36450.6	
1920	1	316.59	316.59	36498.6	
1921	1	316.7	316.7	36524.8	
1922	1	316.7	316.7	36524.8	
1923	1	316.72	316.72	36529.8	
1924	1	316.84	316.84	36559	
1925	1	316.94	316.94	36583.2	
1926	1	317.02	317.02	36602.6	
1927	1	317	317	36597.7	
1928	1	317.04	317.04	36607.5	
1929	1	317.08	317.08	36617.1	
1930	1	317.16	317.16	36636.4	
1931	1	317.18	317.18	36641.3	
1932	1	317.24	317.24	36656	
1933	1	317.31	317.31	36672.8	
1934	1	317.4	317.4	36694.7	
1935	1	317.44	317.44	36704.5	
1936	1	317.53	317.53	36726.3	
1937	1	317.67	317.67	36760.6	
1938	1	317.81	317.81	36795	
1939	1	318.11	318.11	36868.4	
1940	1	318.34	318.34	36924.8	
1941	1	318.63	318.63	36996	
1942	1	318.81	318.81	37040	
1943	1	318.85	318.85	37050	
1944	1	319	319	37086.3	
1945	1	319.15	319.15	37123.4	
1946	1	319.38	319.38	37179.7	
1947	1	319.6	319.6	37233.4	
1948	1	319.68	319.68	37253	
1949	1	319.83	319.83	37289.6	
1950	1	320.06	320.06	37345.6	
1951	1	320.18	320.18	37374.9	
1952	1	320.26	320.26	37394.3	
1953	1	320.39	320.39	37426.2	
1954	1	320.52	320.52	37457.9	
1955	1	320.62	320.62	37482.2	
1956	1	320.63	320.63	37484.7	
1957	1	320.66	320.66	37492.1	
1958	1	320.78	320.78	37521.4	
1959	1	320.86	320.86	37541.1	
1960	1	320.97	320.97	37568.1	
1961	1	321.05	321.05	37587.8	
1962	1	321.17	321.17	37617.4	
1963	1	321.31	321.31	37652	
1964	1	321.62	321.62	37728.7	
1965	1	321.79	321.79	37770.8	
1966	1	322.05	322.05	37835.5	
1967	1	322.18	322.18	37867.7	
1968	1	322.29	322.29	37895	
1969	1	322.43	322.43	37929.8	
1970	1	322.74	322.74	38005.9	
1971	1	323.04	323.04	38080.8	
1972	1	323.21	323.21	38123.6	
1973	1	323.48	323.48	38190	
1974	1	323.86	323.86	38285	
1975	1	324.17	324.17	38362.7	
1976	1	324.44	324.44	38430	
1977	1	324.6	324.6	38469.6	
1978	1	324.73	324.73	38502.2	
1979	1	325.06	325.06	38583.9	
1980	1	325.22	325.22	38623.6	
1981	1	325.37	325.37	38660.5	
1982	1	325.6	325.6	38717.9	
1983	1	325.72	325.72	38747.7	
1984	1	325.84	325.84	38777.6	
1985	1	325.95	325.95	38805.1	
1986	1	326.02	326.02	38822.8	
1987	1	325.98	325.98	38812.9	
1988	1	326.11	326.11	38845.2	
1989	1	326.38	326.38	38912.6	
1990	1	326.57	326.57	38959.7	
1991	1	326.6	326.6	38967.3	
1992	1	326.72	326.72	38997	
1993	1	326.78	326.78	39012.1	
1994	1	326.99	326.99	39064.3	
1995	1	327.09	327.09	39089.7	
1996	1	327.16	327.16	39107.3	
1997	1	327.31	327.31	39145.1	
1998	1	327.31	327.31	39145.1	
1999	1	327.38	327.38	39162.7	
2000	1	327.47	327.47	39185.4	
