# mu = 0.001, s = 0, trials requested = 1, runtime = 0:00:27
# "Time"	"Actual trials"	"Mean mutation"	"Average mean mutation"	"Average mutation variance"
0	1	0	0	0	
1	1	0.01	0.01	0.0099	
2	1	0.01	0.01	0.0099	
3	1	0.01	0.01	0.0099	
4	1	0.02	0.02	0.0196	
5	1	0.02	0.02	0.0196	
6	1	0.08	0.08	0.0736	
7	1	0.17	0.17	0.1411	
8	1	0.19	0.19	0.1539	
9	1	0.33	0.33	0.2211	
10	1	0.67	0.67	0.4411	
11	1	0.78	0.78	0.4716	
12	1	0.88	0.88	0.4256	
13	1	0.74	0.74	0.2524	
14	1	1.01	1.01	0.1899	
15	1	1.23	1.23	0.2771	
16	1	0.99	0.99	0.1899	
17	1	1.02	1.02	0.1796	
18	1	1.17	1.17	0.1411	
19	1	1.19	1.19	0.1539	
20	1	1.02	1.02	0.0196	
21	1	1.01	1.01	0.0099	
22	1	1.01	1.01	0.0099	
23	1	1.01	1.01	0.0099	
24	1	1.01	1.01	0.0099	
25	1	1.01	1.01	0.0099	
26	1	1.11	1.11	0.0979	
27	1	1.01	1.01	0.0099	
28	1	1.01	1.01	0.0099	
29	1	1.01	1.01	0.0099	
30	1	1.04	1.04	0.0384	
31	1	1.05	1.05	0.0475	
32	1	1.04	1.04	0.0384	
33	1	1.01	1.01	0.0099	
34	1	1.01	1.01	0.0099	
35	1	1.01	1.01	0.0099	
36	1	1.01	1.01	0.0099	
37	1	1.01	1.01	0.0099	
38	1	1.01	1.01	0.0099	
39	1	1.01	1.01	0.0099	
40	1	1.06	1.06	0.0564	
41	1	1.06	1.06	0.0564	
42	1	1.01	1.01	0.0099	
43	1	1.01	1.01	0.0099	
44	1	1.03	1.03	0.0291	
45	1	1.01	1.01	0.0099	
46	1	1.01	1.01	0.0099	
47	1	1.01	1.01	0.0099	
48	1	1.01	1.01	0.0099	
49	1	1.09	1.09	0.0819	
50	1	1.19	1.19	0.1539	
51	1	1.24	1.24	0.1824	
52	1	1.28	1.28	0.2016	
53	1	1.18	1.18	0.1476	
54	1	1.14	1.14	0.1204	
55	1	1.1	1.1	0.09	
56	1	1.15	1.15	0.1675	
57	1	1.02	1.02	0.0196	
58	1	1.01	1.01	0.0099	
59	1	1.01	1.01	0.0099	
60	1	1.01	1.01	0.0099	
61	1	1.01	1.01	0.0099	
62	1	1.01	1.01	0.0099	
63	1	1.01	1.01	0.0099	
64	1	1.01	1.01	0.0099	
65	1	1.01	1.01	0.0099	
66	1	1.07	1.07	0.0651	
67	1	1.14	1.14	0.1204	
68	1	1.03	1.03	0.0291	
69	1	1.06	1.06	0.0564	
70	1	1.08	1.08	0.0736	
71	1	1.35	1.35	0.2275	
72	1	1.11	1.11	0.0979	
73	1	1.14	1.14	0.1204	
74	1	1.16	1.16	0.1344	
75	1	1.29	1.29	0.2059	
76	1	1.35	1.35	0.2275	
77	1	1.34	1.34	0.2244	
78	1	1.4	1.4	0.24	
79	1	1.53	1.53	0.2491	
80	1	1.54	1.54	0.2484	
81	1	1.68	1.68	0.2176	
82	1	1.86	1.86	0.1204	
83	1	1.85	1.85	0.1275	
84	1	1.75	1.75	0.1875	
85	1	1.33	1.33	0.2211	
86	1	1.23	1.23	0.1771	
87	1	1.48	1.48	0.2496	
88	1	1.48	1.48	0.2496	
89	1	1.27	1.27	0.1971	
90	1	1.6	1.6	0.24	
91	1	1.63	1.63	0.2331	
92	1	1.68	1.68	0.2176	
93	1	1.5	1.5	0.25	
94	1	1.45	1.45	0.2475	
95	1	1.5	1.5	0.25	
96	1	1.23	1.23	0.1771	
97	1	1.26	1.26	0.1924	
98	1	1.43	1.43	0.2451	
99	1	1.67	1.67	0.2411	
100	1	1.43	1.43	0.2451	
101	1	1.44	1.44	0.2464	
102	1	1.11	1.11	0.0979	
103	1	1.02	1.02	0.0196	
104	1	1.01	1.01	0.0099	
105	1	1.01	1.01	0.0099	
106	1	1.01	1.01	0.0099	
107	1	1.2	1.2	0.16	
108	1	1.13	1.13	0.1131	
109	1	1.01	1.01	0.0099	
110	1	1.01	1.01	0.0099	
111	1	1.01	1.01	0.0099	
112	1	1.01	1.01	0.0099	
113	1	1.01	1.01	0.0099	
114	1	1.01	1.01	0.0099	
115	1	1.01	1.01	0.0099	
116	1	1.01	1.01	0.0099	
117	1	1.01	1.01	0.0099	
118	1	1.01	1.01	0.0099	
119	1	1.01	1.01	0.0099	
120	1	1.01	1.01	0.0099	
121	1	1.01	1.01	0.0099	
122	1	1.01	1.01	0.0099	
123	1	1.01	1.01	0.0099	
124	1	1.01	1.01	0.0099	
125	1	1.01	1.01	0.0099	
126	1	1.01	1.01	0.0099	
127	1	1.01	1.01	0.0099	
128	1	1.01	1.01	0.0099	
129	1	1.01	1.01	0.0099	
130	1	1.01	1.01	0.0099	
131	1	1.02	1.02	0.0196	
132	1	1.03	1.03	0.0291	
133	1	1.01	1.01	0.0099	
134	1	1.02	1.02	0.0196	
135	1	1.01	1.01	0.0099	
136	1	1.01	1.01	0.0099	
137	1	1.04	1.04	0.0384	
138	1	1.01	1.01	0.0099	
139	1	1.01	1.01	0.0099	
140	1	1.03	1.03	0.0291	
141	1	1.02	1.02	0.0196	
142	1	1.01	1.01	0.0099	
143	1	1.01	1.01	0.0099	
144	1	1.01	1.01	0.0099	
145	1	1.01	1.01	0.0099	
146	1	1.01	1.01	0.0099	
147	1	1.01	1.01	0.0099	
148	1	1.05	1.05	0.0475	
149	1	1.1	1.1	0.09	
150	1	1.09	1.09	0.0819	
151	1	1.04	1.04	0.0384	
152	1	1.02	1.02	0.0196	
153	1	1.03	1.03	0.0291	
154	1	1.01	1.01	0.0099	
155	1	1.01	1.01	0.0099	
156	1	1.04	1.04	0.0384	
157	1	1.01	1.01	0.0099	
158	1	1.01	1.01	0.0099	
159	1	1.01	1.01	0.0099	
160	1	1.01	1.01	0.0099	
161	1	1.01	1.01	0.0099	
162	1	1.03	1.03	0.0291	
163	1	1.01	1.01	0.0099	
164	1	1.01	1.01	0.0099	
165	1	1.01	1.01	0.0099	
166	1	1.01	1.01	0.0099	
167	1	1.02	1.02	0.0196	
168	1	1.01	1.01	0.0099	
169	1	1.01	1.01	0.0099	
170	1	1.01	1.01	0.0099	
171	1	1.01	1.01	0.0099	
172	1	1.01	1.01	0.0099	
173	1	1.02	1.02	0.0196	
174	1	1.02	1.02	0.0196	
175	1	1.06	1.06	0.0564	
176	1	1.01	1.01	0.0099	
177	1	1.01	1.01	0.0099	
178	1	1.01	1.01	0.0099	
179	1	1.01	1.01	0.0099	
180	1	1.01	1.01	0.0099	
181	1	1.01	1.01	0.0099	
182	1	1.01	1.01	0.0099	
183	1	1.01	1.01	0.0099	
184	1	1.01	1.01	0.0099	
185	1	1.01	1.01	0.0099	
186	1	1.01	1.01	0.0099	
187	1	1.01	1.01	0.0099	
188	1	1.01	1.01	0.0099	
189	1	1.1	1.1	0.09	
190	1	1.01	1.01	0.0099	
191	1	1.06	1.06	0.0564	
192	1	1.03	1.03	0.0291	
193	1	1.05	1.05	0.0475	
194	1	1.01	1.01	0.0099	
195	1	1.01	1.01	0.0099	
196	1	1.01	1.01	0.0099	
197	1	1.01	1.01	0.0099	
198	1	1.01	1.01	0.0099	
199	1	1.02	1.02	0.0196	
200	1	1.06	1.06	0.0564	
201	1	1.01	1.01	0.0099	
202	1	1.01	1.01	0.0099	
203	1	1.01	1.01	0.0099	
204	1	1.01	1.01	0.0099	
205	1	1.01	1.01	0.0099	
206	1	1.01	1.01	0.0099	
207	1	1.01	1.01	0.0099	
208	1	1.01	1.01	0.0099	
209	1	1.01	1.01	0.0099	
210	1	1.01	1.01	0.0099	
211	1	1.01	1.01	0.0099	
212	1	1.01	1.01	0.0099	
213	1	1.06	1.06	0.0564	
214	1	1.41	1.41	0.2419	
215	1	1.38	1.38	0.2356	
216	1	1.41	1.41	0.2419	
217	1	1.39	1.39	0.2579	
218	1	1.59	1.59	0.2419	
219	1	1.55	1.55	0.2475	
220	1	1.54	1.54	0.2484	
221	1	1.59	1.59	0.2419	
222	1	1.41	1.41	0.2619	
223	1	1.46	1.46	0.2484	
224	1	1.23	1.23	0.1771	
225	1	1.07	1.07	0.0651	
226	1	1.01	1.01	0.0099	
227	1	1.01	1.01	0.0099	
228	1	1.01	1.01	0.0099	
229	1	1.01	1.01	0.0099	
230	1	1.01	1.01	0.0099	
231	1	1.01	1.01	0.0099	
232	1	1.01	1.01	0.0099	
233	1	1.01	1.01	0.0099	
234	1	1.01	1.01	0.0099	
235	1	1.01	1.01	0.0099	
236	1	1.01	1.01	0.0099	
237	1	1.01	1.01	0.0099	
238	1	1.01	1.01	0.0099	
239	1	1.01	1.01	0.0099	
240	1	1.01	1.01	0.0099	
241	1	1.01	1.01	0.0099	
242	1	1.01	1.01	0.0099	
243	1	1.01	1.01	0.0099	
244	1	1.01	1.01	0.0099	
245	1	1.01	1.01	0.0099	
246	1	1.02	1.02	0.0196	
247	1	1.09	1.09	0.0819	
248	1	1.05	1.05	0.0475	
249	1	1.05	1.05	0.0475	
250	1	1.01	1.01	0.0099	
251	1	1.01	1.01	0.0099	
252	1	1.01	1.01	0.0099	
253	1	1.01	1.01	0.0099	
254	1	1.01	1.01	0.0099	
255	1	1.01	1.01	0.0099	
256	1	1.01	1.01	0.0099	
257	1	1.09	1.09	0.0819	
258	1	1.01	1.01	0.0099	
259	1	1.05	1.05	0.0475	
260	1	1.02	1.02	0.0196	
261	1	1.14	1.14	0.1204	
262	1	1.34	1.34	0.2244	
263	1	1.27	1.27	0.1971	
264	1	1.2	1.2	0.16	
265	1	1.26	1.26	0.1924	
266	1	1.11	1.11	0.0979	
267	1	1.15	1.15	0.1275	
268	1	1.21	1.21	0.1659	
269	1	1.05	1.05	0.0475	
270	1	1.01	1.01	0.0099	
271	1	1.01	1.01	0.0099	
272	1	1.01	1.01	0.0099	
273	1	1.01	1.01	0.0099	
274	1	1.01	1.01	0.0099	
275	1	1.01	1.01	0.0099	
276	1	1.01	1.01	0.0099	
277	1	1.02	1.02	0.0196	
278	1	1.02	1.02	0.0196	
279	1	1.14	1.14	0.1204	
280	1	1.13	1.13	0.1131	
281	1	1.02	1.02	0.0196	
282	1	1.01	1.01	0.0099	
283	1	1.01	1.01	0.0099	
284	1	1.01	1.01	0.0099	
285	1	1.01	1.01	0.0099	
286	1	1.01	1.01	0.0099	
287	1	1.01	1.01	0.0099	
288	1	1.01	1.01	0.0099	
289	1	1.02	1.02	0.0196	
290	1	1.01	1.01	0.0099	
291	1	1.01	1.01	0.0099	
292	1	1.01	1.01	0.0099	
293	1	1.05	1.05	0.0475	
294	1	1.01	1.01	0.0099	
295	1	1.01	1.01	0.0099	
296	1	1.01	1.01	0.0099	
297	1	1.01	1.01	0.0099	
298	1	1.01	1.01	0.0099	
299	1	1.01	1.01	0.0099	
300	1	1.02	1.02	0.0196	
301	1	1.01	1.01	0.0099	
302	1	1.01	1.01	0.0099	
303	1	1.01	1.01	0.0099	
304	1	1.02	1.02	0.0196	
305	1	1.01	1.01	0.0099	
306	1	1.01	1.01	0.0099	
307	1	1.01	1.01	0.0099	
308	1	1.09	1.09	0.0819	
309	1	1.1	1.1	0.09	
310	1	1.08	1.08	0.0736	
311	1	1.17	1.17	0.1411	
312	1	1.22	1.22	0.1716	
313	1	1.29	1.29	0.2059	
314	1	1.34	1.34	0.2244	
315	1	1.24	1.24	0.2224	
316	1	1.02	1.02	0.0196	
317	1	1.01	1.01	0.0099	
318	1	1.01	1.01	0.0099	
319	1	1.01	1.01	0.0099	
320	1	1.01	1.01	0.0099	
321	1	1.01	1.01	0.0099	
322	1	1.01	1.01	0.0099	
323	1	1.01	1.01	0.0099	
324	1	1.01	1.01	0.0099	
325	1	1.01	1.01	0.0099	
326	1	1.01	1.01	0.0099	
327	1	1.01	1.01	0.0099	
328	1	1.01	1.01	0.0099	
329	1	1.01	1.01	0.0099	
330	1	1.01	1.01	0.0099	
331	1	1.01	1.01	0.0099	
332	1	1.01	1.01	0.0099	
333	1	1.01	1.01	0.0099	
334	1	1.01	1.01	0.0099	
335	1	1.01	1.01	0.0099	
336	1	1.01	1.01	0.0099	
337	1	1.03	1.03	0.0291	
338	1	1.01	1.01	0.0099	
339	1	1.01	1.01	0.0099	
340	1	1.01	1.01	0.0099	
341	1	1.01	1.01	0.0099	
342	1	1.09	1.09	0.0819	
343	1	1.02	1.02	0.0196	
344	1	1.04	1.04	0.0384	
345	1	1.01	1.01	0.0099	
346	1	1.01	1.01	0.0099	
347	1	1.01	1.01	0.0099	
348	1	1.01	1.01	0.0099	
349	1	1.01	1.01	0.0099	
350	1	1.01	1.01	0.0099	
351	1	1.02	1.02	0.0196	
352	1	1.1	1.1	0.09	
353	1	1.01	1.01	0.0099	
354	1	1.01	1.01	0.0099	
355	1	1.02	1.02	0.0196	
356	1	1.01	1.01	0.0099	
357	1	1.05	1.05	0.0475	
358	1	1.01	1.01	0.0099	
359	1	1.01	1.01	0.0099	
360	1	1.01	1.01	0.0099	
361	1	1.01	1.01	0.0099	
362	1	1.01	1.01	0.0099	
363	1	1.01	1.01	0.0099	
364	1	1.01	1.01	0.0099	
365	1	1.01	1.01	0.0099	
366	1	1.01	1.01	0.0099	
367	1	1.01	1.01	0.0099	
368	1	1.08	1.08	0.0736	
369	1	1.01	1.01	0.0099	
370	1	1.01	1.01	0.0099	
371	1	1.01	1.01	0.0099	
372	1	1.07	1.07	0.0651	
373	1	1.1	1.1	0.09	
374	1	1.08	1.08	0.0736	
375	1	1.03	1.03	0.0291	
376	1	1.01	1.01	0.0099	
377	1	1.01	1.01	0.0099	
378	1	1.01	1.01	0.0099	
379	1	1.01	1.01	0.0099	
380	1	1.04	1.04	0.0384	
381	1	1.01	1.01	0.0099	
382	1	1.01	1.01	0.0099	
383	1	1.01	1.01	0.0099	
384	1	1.07	1.07	0.0651	
385	1	1.14	1.14	0.1204	
386	1	1.48	1.48	0.2696	
387	1	1.39	1.39	0.2379	
388	1	1.4	1.4	0.24	
389	1	1.4	1.4	0.24	
390	1	1.3	1.3	0.21	
391	1	1.34	1.34	0.2244	
392	1	1.41	1.41	0.2419	
393	1	1.56	1.56	0.2464	
394	1	1.39	1.39	0.2579	
395	1	1.62	1.62	0.2356	
396	1	1.64	1.64	0.2304	
397	1	1.75	1.75	0.1875	
398	1	1.89	1.89	0.0979	
399	1	2.06	2.06	0.0564	
400	1	2.01	2.01	0.0099	
401	1	2.01	2.01	0.0099	
402	1	2.01	2.01	0.0099	
403	1	2.01	2.01	0.0099	
404	1	2.01	2.01	0.0099	
405	1	2.01	2.01	0.0099	
406	1	2.02	2.02	0.0196	
407	1	2.01	2.01	0.0099	
408	1	2.01	2.01	0.0099	
409	1	2.01	2.01	0.0099	
410	1	2.01	2.01	0.0099	
411	1	2.02	2.02	0.0196	
412	1	2.01	2.01	0.0099	
413	1	2.01	2.01	0.0099	
414	1	2.03	2.03	0.0291	
415	1	2.12	2.12	0.1056	
416	1	2.44	2.44	0.2464	
417	1	2.66	2.66	0.2244	
418	1	2.85	2.85	0.1275	
419	1	2.91	2.91	0.1219	
420	1	2.76	2.76	0.4224	
421	1	2.94	2.94	0.5964	
422	1	2.74	2.74	0.5124	
423	1	2.59	2.59	0.4619	
424	1	2.39	2.39	0.2979	
425	1	2.42	2.42	0.2636	
426	1	2.33	2.33	0.2211	
427	1	2.52	2.52	0.2496	
428	1	2.65	2.65	0.2275	
429	1	2.99	2.99	0.0099	
430	1	2.99	2.99	0.0099	
431	1	2.99	2.99	0.0099	
432	1	2.99	2.99	0.0099	
433	1	3.01	3.01	0.0099	
434	1	3.01	3.01	0.0099	
435	1	3.01	3.01	0.0099	
436	1	3.01	3.01	0.0099	
437	1	3.01	3.01	0.0099	
438	1	3.01	3.01	0.0099	
439	1	3.01	3.01	0.0099	
440	1	3.01	3.01	0.0099	
441	1	3.01	3.01	0.0099	
442	1	3.02	3.02	0.0196	
443	1	3.01	3.01	0.0099	
444	1	3.01	3.01	0.0099	
445	1	3.01	3.01	0.0099	
446	1	3.01	3.01	0.0099	
447	1	3.03	3.03	0.0291	
448	1	3.29	3.29	0.2059	
449	1	3.14	3.14	0.1204	
450	1	3.25	3.25	0.1875	
451	1	3.23	3.23	0.1771	
452	1	3.14	3.14	0.1204	
453	1	3.03	3.03	0.0291	
454	1	3.07	3.07	0.0651	
455	1	3.16	3.16	0.1344	
456	1	3.01	3.01	0.0099	
457	1	3.01	3.01	0.0099	
458	1	3.09	3.09	0.0819	
459	1	3.06	3.06	0.0564	
460	1	3.18	3.18	0.1676	
461	1	3.46	3.46	0.2484	
462	1	3.48	3.48	0.2496	
463	1	3.2	3.2	0.16	
464	1	3.12	3.12	0.1056	
465	1	3.13	3.13	0.1131	
466	1	3.14	3.14	0.1204	
467	1	3.1	3.1	0.09	
468	1	3.01	3.01	0.0099	
469	1	3.03	3.03	0.0291	
470	1	3.01	3.01	0.0099	
471	1	3.01	3.01	0.0099	
472	1	3.01	3.01	0.0099	
473	1	3.01	3.01	0.0099	
474	1	3.01	3.01	0.0099	
475	1	3.02	3.02	0.0196	
476	1	3.04	3.04	0.0384	
477	1	3.12	3.12	0.1056	
478	1	3.03	3.03	0.0291	
479	1	3.05	3.05	0.0475	
480	1	3.01	3.01	0.0099	
481	1	3.01	3.01	0.0099	
482	1	3.01	3.01	0.0099	
483	1	3.01	3.01	0.0099	
484	1	3.01	3.01	0.0099	
485	1	3.01	3.01	0.0099	
486	1	3.01	3.01	0.0099	
487	1	3.01	3.01	0.0099	
488	1	3.01	3.01	0.0099	
489	1	3.01	3.01	0.0099	
490	1	3.01	3.01	0.0099	
491	1	3.01	3.01	0.0099	
492	1	3.01	3.01	0.0099	
493	1	3.01	3.01	0.0099	
494	1	3.01	3.01	0.0099	
495	1	3.01	3.01	0.0099	
496	1	3.01	3.01	0.0099	
497	1	3.01	3.01	0.0099	
498	1	3.01	3.01	0.0099	
499	1	3.01	3.01	0.0099	
500	1	3.01	3.01	0.0099	
501	1	3.16	3.16	0.1344	
502	1	3.33	3.33	0.2211	
503	1	3.06	3.06	0.0564	
504	1	3.01	3.01	0.0099	
505	1	3.01	3.01	0.0099	
506	1	3.01	3.01	0.0099	
507	1	3.01	3.01	0.0099	
508	1	3.01	3.01	0.0099	
509	1	3.01	3.01	0.0099	
510	1	3.01	3.01	0.0099	
511	1	3.01	3.01	0.0099	
512	1	3.03	3.03	0.0291	
513	1	3.17	3.17	0.1411	
514	1	3.17	3.17	0.1411	
515	1	3.19	3.19	0.1539	
516	1	3.22	3.22	0.1716	
517	1	3.55	3.55	0.2475	
518	1	3.63	3.63	0.2331	
519	1	3.63	3.63	0.2331	
520	1	3.7	3.7	0.21	
521	1	3.65	3.65	0.2275	
522	1	3.75	3.75	0.1875	
523	1	3.98	3.98	0.0196	
524	1	3.99	3.99	0.0099	
525	1	4.13	4.13	0.1131	
526	1	4.02	4.02	0.0196	
527	1	4.05	4.05	0.0475	
528	1	4.11	4.11	0.1179	
529	1	4.04	4.04	0.0384	
530	1	4.01	4.01	0.0099	
531	1	4.01	4.01	0.0099	
532	1	4.01	4.01	0.0099	
533	1	4.01	4.01	0.0099	
534	1	4.03	4.03	0.0291	
535	1	4.03	4.03	0.0291	
536	1	4.24	4.24	0.1824	
537	1	4.5	4.5	0.25	
538	1	4.42	4.42	0.2436	
539	1	4.31	4.31	0.2139	
540	1	4.21	4.21	0.1659	
541	1	4.13	4.13	0.1131	
542	1	4.1	4.1	0.09	
543	1	4.01	4.01	0.0099	
544	1	4.01	4.01	0.0099	
545	1	4.01	4.01	0.0099	
546	1	4.01	4.01	0.0099	
547	1	4.01	4.01	0.0099	
548	1	4.01	4.01	0.0099	
549	1	4.01	4.01	0.0099	
550	1	4.01	4.01	0.0099	
551	1	4.01	4.01	0.0099	
552	1	4.01	4.01	0.0099	
553	1	4.01	4.01	0.0099	
554	1	4.01	4.01	0.0099	
555	1	4.01	4.01	0.0099	
556	1	4.01	4.01	0.0099	
557	1	4.01	4.01	0.0099	
558	1	4.02	4.02	0.0196	
559	1	4.05	4.05	0.0475	
560	1	4.02	4.02	0.0196	
561	1	4.06	4.06	0.0564	
562	1	4.15	4.15	0.1275	
563	1	4.27	4.27	0.1971	
564	1	4.13	4.13	0.1131	
565	1	4.22	4.22	0.1716	
566	1	4.32	4.32	0.2176	
567	1	4.24	4.24	0.1824	
568	1	4.43	4.43	0.2451	
569	1	4.74	4.74	0.1924	
570	1	4.85	4.85	0.1275	
571	1	4.62	4.62	0.2356	
572	1	4.73	4.73	0.1971	
573	1	4.59	4.59	0.2419	
574	1	4.81	4.81	0.1939	
575	1	4.82	4.82	0.1476	
576	1	4.75	4.75	0.2075	
577	1	4.45	4.45	0.2475	
578	1	4.46	4.46	0.2484	
579	1	4.53	4.53	0.2491	
580	1	4.81	4.81	0.1539	
581	1	4.84	4.84	0.1344	
582	1	5	5	0	
583	1	5	5	0	
584	1	5.04	5.04	0.0384	
585	1	5	5	0	
586	1	5	5	0	
587	1	5	5	0	
588	1	5.01	5.01	0.0099	
589	1	5	5	0	
590	1	5	5	0	
591	1	5.07	5.07	0.0851	
592	1	5	5	0	
593	1	5	5	0	
594	1	5	5	0	
595	1	5.01	5.01	0.0099	
596	1	5	5	0	
597	1	5	5	0	
598	1	5	5	0	
599	1	5.1	5.1	0.09	
600	1	5.1	5.1	0.09	
601	1	5.08	5.08	0.0736	
602	1	5.17	5.17	0.1411	
603	1	5.36	5.36	0.2304	
604	1	5.33	5.33	0.2211	
605	1	5.42	5.42	0.2636	
606	1	5.53	5.53	0.5491	
607	1	5.62	5.62	0.6356	
608	1	5.69	5.69	0.7939	
609	1	5.26	5.26	0.3124	
610	1	5.25	5.25	0.3075	
611	1	5.06	5.06	0.1164	
612	1	5.1	5.1	0.19	
613	1	5.16	5.16	0.2744	
614	1	5.71	5.71	0.8259	
615	1	5.51	5.51	0.4299	
616	1	5.71	5.71	0.6659	
617	1	5.87	5.87	0.6131	
618	1	5.61	5.61	0.6379	
619	1	5.91	5.91	0.8019	
620	1	5.95	5.95	0.5275	
621	1	5.82	5.82	0.6276	
622	1	6.11	6.11	0.7979	
623	1	5.87	5.87	0.8131	
624	1	5.38	5.38	0.5356	
625	1	5.87	5.87	0.7931	
626	1	5.81	5.81	0.5539	
627	1	6.41	6.41	0.3819	
628	1	6.65	6.65	0.4475	
629	1	6.95	6.95	0.1875	
630	1	6.94	6.94	0.0564	
631	1	6.92	6.92	0.0736	
632	1	6.88	6.88	0.1056	
633	1	6.89	6.89	0.1179	
634	1	6.76	6.76	0.1824	
635	1	6.9	6.9	0.09	
636	1	6.99	6.99	0.0099	
637	1	6.95	6.95	0.1275	
638	1	7.01	7.01	0.0099	
639	1	7.01	7.01	0.0099	
640	1	7.01	7.01	0.0099	
641	1	7.01	7.01	0.0099	
642	1	7.06	7.06	0.0564	
643	1	7.08	7.08	0.0736	
644	1	7.11	7.11	0.0979	
645	1	7.06	7.06	0.0564	
646	1	7.06	7.06	0.0564	
647	1	7.01	7.01	0.0099	
648	1	7.01	7.01	0.0099	
649	1	7.01	7.01	0.0099	
650	1	7.01	7.01	0.0099	
651	1	7.01	7.01	0.0099	
652	1	7.01	7.01	0.0099	
653	1	7.01	7.01	0.0099	
654	1	7.03	7.03	0.0291	
655	1	7.11	7.11	0.0979	
656	1	7.04	7.04	0.0384	
657	1	7.01	7.01	0.0099	
658	1	7.03	7.03	0.0291	
659	1	7.01	7.01	0.0099	
660	1	7.01	7.01	0.0099	
661	1	7.01	7.01	0.0099	
662	1	7.01	7.01	0.0099	
663	1	7.01	7.01	0.0099	
664	1	7.09	7.09	0.0819	
665	1	7.24	7.24	0.1824	
666	1	7.2	7.2	0.16	
667	1	7.08	7.08	0.0736	
668	1	7.07	7.07	0.0651	
669	1	7.01	7.01	0.0099	
670	1	7.01	7.01	0.0099	
671	1	7.02	7.02	0.0196	
672	1	7.01	7.01	0.0099	
673	1	7.01	7.01	0.0099	
674	1	7.01	7.01	0.0099	
675	1	7.01	7.01	0.0099	
676	1	7.07	7.07	0.0651	
677	1	7.01	7.01	0.0099	
678	1	7.01	7.01	0.0099	
679	1	7.02	7.02	0.0196	
680	1	7.01	7.01	0.0099	
681	1	7.01	7.01	0.0099	
682	1	7.01	7.01	0.0099	
683	1	7.01	7.01	0.0099	
684	1	7.01	7.01	0.0099	
685	1	7.01	7.01	0.0099	
686	1	7.01	7.01	0.0099	
687	1	7.02	7.02	0.0196	
688	1	7.01	7.01	0.0099	
689	1	7.02	7.02	0.0196	
690	1	7.02	7.02	0.0196	
691	1	7.06	7.06	0.0564	
692	1	7.04	7.04	0.0384	
693	1	7.01	7.01	0.0099	
694	1	7.01	7.01	0.0099	
695	1	7.01	7.01	0.0099	
696	1	7.24	7.24	0.1824	
697	1	7.03	7.03	0.0291	
698	1	7.02	7.02	0.0196	
699	1	7.01	7.01	0.0099	
700	1	7.01	7.01	0.0099	
701	1	7.01	7.01	0.0099	
702	1	7.01	7.01	0.0099	
703	1	7.01	7.01	0.0099	
704	1	7.01	7.01	0.0099	
705	1	7.01	7.01	0.0099	
706	1	7.01	7.01	0.0099	
707	1	7.01	7.01	0.0099	
708	1	7.01	7.01	0.0099	
709	1	7.01	7.01	0.0099	
710	1	7.01	7.01	0.0099	
711	1	7.21	7.21	0.1659	
712	1	7.01	7.01	0.0099	
713	1	7.09	7.09	0.0819	
714	1	7.02	7.02	0.0196	
715	1	7.1	7.1	0.09	
716	1	7.14	7.14	0.1204	
717	1	7.06	7.06	0.0564	
718	1	7.12	7.12	0.1056	
719	1	7.11	7.11	0.0979	
720	1	7.05	7.05	0.0475	
721	1	7.22	7.22	0.1716	
722	1	7.52	7.52	0.2496	
723	1	7.76	7.76	0.1824	
724	1	7.73	7.73	0.1971	
725	1	7.6	7.6	0.24	
726	1	7.51	7.51	0.2499	
727	1	7.84	7.84	0.1344	
728	1	7.75	7.75	0.2275	
729	1	7.48	7.48	0.2496	
730	1	7.7	7.7	0.27	
731	1	7.58	7.58	0.2436	
732	1	7.72	7.72	0.2216	
733	1	7.81	7.81	0.1539	
734	1	7.74	7.74	0.1924	
735	1	7.81	7.81	0.1539	
736	1	7.77	7.77	0.1771	
737	1	7.94	7.94	0.0564	
738	1	7.99	7.99	0.0099	
739	1	7.89	7.89	0.0979	
740	1	7.85	7.85	0.1275	
741	1	7.83	7.83	0.3611	
742	1	7.79	7.79	0.2059	
743	1	7.95	7.95	0.0475	
744	1	7.95	7.95	0.0475	
745	1	7.87	7.87	0.1331	
746	1	7.73	7.73	0.1971	
747	1	7.87	7.87	0.1131	
748	1	7.71	7.71	0.2859	
749	1	7.76	7.76	0.3224	
750	1	7.99	7.99	0.0499	
751	1	8.28	8.28	0.2816	
752	1	8.48	8.48	0.2496	
753	1	8.23	8.23	0.1771	
754	1	8.46	8.46	0.2484	
755	1	8.53	8.53	0.2691	
756	1	8.72	8.72	0.6016	
757	1	8.64	8.64	0.5304	
758	1	8.7	8.7	0.41	
759	1	8.74	8.74	0.3924	
760	1	8.8	8.8	0.44	
761	1	8.98	8.98	0.3996	
762	1	9	9	0.18	
763	1	9.01	9.01	0.0099	
764	1	9.01	9.01	0.0099	
765	1	9.01	9.01	0.0099	
766	1	9.01	9.01	0.0099	
767	1	9.01	9.01	0.0099	
768	1	9.01	9.01	0.0099	
769	1	9.01	9.01	0.0099	
770	1	9.01	9.01	0.0099	
771	1	9.06	9.06	0.0564	
772	1	9.01	9.01	0.0099	
773	1	9.04	9.04	0.0384	
774	1	9.14	9.14	0.1204	
775	1	9.15	9.15	0.1275	
776	1	9.28	9.28	0.2016	
777	1	9.16	9.16	0.1344	
778	1	9.58	9.58	0.2436	
779	1	9.86	9.86	0.1204	
780	1	9.67	9.67	0.2211	
781	1	9.85	9.85	0.1275	
782	1	9.89	9.89	0.0979	
783	1	9.95	9.95	0.0475	
784	1	9.99	9.99	0.0099	
785	1	10.04	10.04	0.0384	
786	1	10.01	10.01	0.0099	
787	1	10.01	10.01	0.0099	
788	1	10.01	10.01	0.0099	
789	1	10.01	10.01	0.0099	
790	1	10.01	10.01	0.0099	
791	1	10.03	10.03	0.0291	
792	1	10.04	10.04	0.0784	
793	1	10.01	10.01	0.0099	
794	1	10.01	10.01	0.0099	
795	1	10.01	10.01	0.0099	
796	1	10.06	10.06	0.0564	
797	1	10.11	10.11	0.0979	
798	1	10.28	10.28	0.2016	
799	1	10.42	10.42	0.2436	
800	1	10.41	10.41	0.2419	
801	1	10.57	10.57	0.2451	
802	1	10.4	10.4	0.24	
803	1	10.52	10.52	0.2496	
804	1	10.43	10.43	0.2451	
805	1	10.61	10.61	0.2379	
806	1	10.79	10.79	0.1659	
807	1	10.9	10.9	0.09	
808	1	10.97	10.97	0.0291	
809	1	11	11	0	
810	1	11.06	11.06	0.0564	
811	1	11.01	11.01	0.0099	
812	1	11.01	11.01	0.0099	
813	1	11.01	11.01	0.0099	
814	1	11.01	11.01	0.0099	
815	1	11.01	11.01	0.0099	
816	1	11.01	11.01	0.0099	
817	1	11.03	11.03	0.0291	
818	1	11.02	11.02	0.0196	
819	1	11.09	11.09	0.0819	
820	1	11.05	11.05	0.0475	
821	1	11.11	11.11	0.0979	
822	1	11.01	11.01	0.0099	
823	1	11.01	11.01	0.0099	
824	1	11.01	11.01	0.0099	
825	1	11.01	11.01	0.0099	
826	1	11.01	11.01	0.0099	
827	1	11.01	11.01	0.0099	
828	1	11.01	11.01	0.0099	
829	1	11.01	11.01	0.0099	
830	1	11.01	11.01	0.0099	
831	1	11.01	11.01	0.0099	
832	1	11.02	11.02	0.0196	
833	1	11.01	11.01	0.0099	
834	1	11.01	11.01	0.0099	
835	1	11.01	11.01	0.0099	
836	1	11.01	11.01	0.0099	
837	1	11.07	11.07	0.0651	
838	1	11.12	11.12	0.1056	
839	1	11.04	11.04	0.0384	
840	1	11.08	11.08	0.0736	
841	1	11.01	11.01	0.0099	
842	1	11.01	11.01	0.0099	
843	1	11.01	11.01	0.0099	
844	1	11.01	11.01	0.0099	
845	1	11.05	11.05	0.0475	
846	1	11.07	11.07	0.0651	
847	1	11.01	11.01	0.0099	
848	1	11.01	11.01	0.0099	
849	1	11.01	11.01	0.0099	
850	1	11.01	11.01	0.0099	
851	1	11.01	11.01	0.0099	
852	1	11.01	11.01	0.0099	
853	1	11.01	11.01	0.0099	
854	1	11.01	11.01	0.0099	
855	1	11.01	11.01	0.0099	
856	1	11.01	11.01	0.0099	
857	1	11.01	11.01	0.0099	
858	1	11.01	11.01	0.0099	
859	1	11.02	11.02	0.0196	
860	1	11.02	11.02	0.0196	
861	1	11.01	11.01	0.0099	
862	1	11.02	11.02	0.0196	
863	1	11.05	11.05	0.0475	
864	1	11.38	11.38	0.2356	
865	1	11.38	11.38	0.2356	
866	1	11.43	11.43	0.2451	
867	1	11.47	11.47	0.2691	
868	1	11.45	11.45	0.3275	
869	1	11.69	11.69	0.3939	
870	1	11.23	11.23	0.2171	
871	1	11.24	11.24	0.1824	
872	1	11.45	11.45	0.2475	
873	1	11.25	11.25	0.2075	
874	1	11.21	11.21	0.1659	
875	1	11.17	11.17	0.1411	
876	1	11.03	11.03	0.0291	
877	1	11.01	11.01	0.0099	
878	1	11.01	11.01	0.0099	
879	1	11.01	11.01	0.0099	
880	1	11.15	11.15	0.1275	
881	1	11.35	11.35	0.2275	
882	1	11.48	11.48	0.2496	
883	1	11.2	11.2	0.16	
884	1	11.1	11.1	0.09	
885	1	11.01	11.01	0.0099	
886	1	11.04	11.04	0.0384	
887	1	11.03	11.03	0.0291	
888	1	11.08	11.08	0.0736	
889	1	11.01	11.01	0.0099	
890	1	11.03	11.03	0.0291	
891	1	11.22	11.22	0.1716	
892	1	11.08	11.08	0.0736	
893	1	11.31	11.31	0.2139	
894	1	11.51	11.51	0.2499	
895	1	11.56	11.56	0.2664	
896	1	11.5	11.5	0.29	
897	1	11.72	11.72	0.2016	
898	1	11.79	11.79	0.1659	
899	1	11.9	11.9	0.09	
900	1	11.95	11.95	0.0475	
901	1	11.96	11.96	0.0384	
902	1	12.02	12.02	0.0196	
903	1	12.05	12.05	0.0475	
904	1	12.01	12.01	0.0099	
905	1	12.01	12.01	0.0099	
906	1	12.01	12.01	0.0099	
907	1	12.01	12.01	0.0099	
908	1	12.01	12.01	0.0099	
909	1	12.01	12.01	0.0099	
910	1	12.01	12.01	0.0099	
911	1	12.01	12.01	0.0099	
912	1	12.01	12.01	0.0099	
913	1	12.11	12.11	0.0979	
914	1	12.16	12.16	0.1344	
915	1	12.16	12.16	0.1344	
916	1	12.1	12.1	0.09	
917	1	12.02	12.02	0.0196	
918	1	12.05	12.05	0.0475	
919	1	12.03	12.03	0.0291	
920	1	12.01	12.01	0.0099	
921	1	12.01	12.01	0.0099	
922	1	12.01	12.01	0.0099	
923	1	12.03	12.03	0.0291	
924	1	12.01	12.01	0.0099	
925	1	12.01	12.01	0.0099	
926	1	12.01	12.01	0.0099	
927	1	12.01	12.01	0.0099	
928	1	12.01	12.01	0.0099	
929	1	12.01	12.01	0.0099	
930	1	12.01	12.01	0.0099	
931	1	12.01	12.01	0.0099	
932	1	12.01	12.01	0.0099	
933	1	12.01	12.01	0.0099	
934	1	12.01	12.01	0.0099	
935	1	12.01	12.01	0.0099	
936	1	12.06	12.06	0.0564	
937	1	12.03	12.03	0.0291	
938	1	12.01	12.01	0.0099	
939	1	12.06	12.06	0.0564	
940	1	12.04	12.04	0.0384	
941	1	12.01	12.01	0.0099	
942	1	12.01	12.01	0.0099	
943	1	12.01	12.01	0.0099	
944	1	12.01	12.01	0.0099	
945	1	12.01	12.01	0.0099	
946	1	12.03	12.03	0.0291	
947	1	12.01	12.01	0.0099	
948	1	12.01	12.01	0.0099	
949	1	12.01	12.01	0.0099	
950	1	12.01	12.01	0.0099	
951	1	12.01	12.01	0.0099	
952	1	12.01	12.01	0.0099	
953	1	12.01	12.01	0.0099	
954	1	12.01	12.01	0.0099	
955	1	12.01	12.01	0.0099	
956	1	12.01	12.01	0.0099	
957	1	12.01	12.01	0.0099	
958	1	12.01	12.01	0.0099	
959	1	12.01	12.01	0.0099	
960	1	12.01	12.01	0.0099	
961	1	12.01	12.01	0.0099	
962	1	12.01	12.01	0.0099	
963	1	12.01	12.01	0.0099	
964	1	12.01	12.01	0.0099	
965	1	12.02	12.02	0.0196	
966	1	12.07	12.07	0.0651	
967	1	12.08	12.08	0.0736	
968	1	12.01	12.01	0.0099	
969	1	12.14	12.14	0.1204	
970	1	12.16	12.16	0.1344	
971	1	12.12	12.12	0.1056	
972	1	12.05	12.05	0.0475	
973	1	12.35	12.35	0.2275	
974	1	12.4	12.4	0.24	
975	1	12.53	12.53	0.2491	
976	1	12.59	12.59	0.2419	
977	1	12.66	12.66	0.2244	
978	1	12.46	12.46	0.2484	
979	1	12.36	12.36	0.2304	
980	1	12.31	12.31	0.2139	
981	1	12.34	12.34	0.2244	
982	1	12.61	12.61	0.2379	
983	1	12.55	12.55	0.2675	
984	1	12.68	12.68	0.2176	
985	1	12.59	12.59	0.2419	
986	1	12.62	12.62	0.4956	
987	1	12.68	12.68	0.3576	
988	1	12.91	12.91	0.2019	
989	1	12.93	12.93	0.0651	
990	1	13.01	13.01	0.0099	
991	1	13.01	13.01	0.0099	
992	1	13.01	13.01	0.0099	
993	1	13.01	13.01	0.0099	
994	1	13.01	13.01	0.0099	
995	1	13.01	13.01	0.0099	
996	1	13.01	13.01	0.0099	
997	1	13.01	13.01	0.0099	
998	1	13.01	13.01	0.0099	
999	1	13.01	13.01	0.0099	
1000	1	13.01	13.01	0.0099	
1001	1	13.01	13.01	0.0099	
1002	1	13.01	13.01	0.0099	
1003	1	13.08	13.08	0.0736	
1004	1	13.07	13.07	0.0651	
1005	1	13.13	13.13	0.1131	
1006	1	13.02	13.02	0.0196	
1007	1	13.01	13.01	0.0099	
1008	1	13.01	13.01	0.0099	
1009	1	13.01	13.01	0.0099	
1010	1	13.01	13.01	0.0099	
1011	1	13.01	13.01	0.0099	
1012	1	13.01	13.01	0.0099	
1013	1	13.01	13.01	0.0099	
1014	1	13.01	13.01	0.0099	
1015	1	13.01	13.01	0.0099	
1016	1	13.01	13.01	0.0099	
1017	1	13.13	13.13	0.1131	
1018	1	13.17	13.17	0.1411	
1019	1	13.05	13.05	0.0475	
1020	1	13.07	13.07	0.0651	
1021	1	13.11	13.11	0.0979	
1022	1	13.04	13.04	0.0384	
1023	1	13.15	13.15	0.1275	
1024	1	13.14	13.14	0.1204	
1025	1	13.1	13.1	0.09	
1026	1	13.11	13.11	0.0979	
1027	1	13.05	13.05	0.0475	
1028	1	13.01	13.01	0.0099	
1029	1	13.1	13.1	0.09	
1030	1	13.01	13.01	0.0099	
1031	1	13.01	13.01	0.0099	
1032	1	13.02	13.02	0.0196	
1033	1	13.01	13.01	0.0099	
1034	1	13.01	13.01	0.0099	
1035	1	13.01	13.01	0.0099	
1036	1	13.01	13.01	0.0099	
1037	1	13.01	13.01	0.0099	
1038	1	13.01	13.01	0.0099	
1039	1	13.03	13.03	0.0291	
1040	1	13.01	13.01	0.0099	
1041	1	13.01	13.01	0.0099	
1042	1	13.01	13.01	0.0099	
1043	1	13.01	13.01	0.0099	
1044	1	13.01	13.01	0.0099	
1045	1	13.01	13.01	0.0099	
1046	1	13.01	13.01	0.0099	
1047	1	13.01	13.01	0.0099	
1048	1	13.01	13.01	0.0099	
1049	1	13.01	13.01	0.0099	
1050	1	13.01	13.01	0.0099	
1051	1	13.01	13.01	0.0099	
1052	1	13.01	13.01	0.0099	
1053	1	13.01	13.01	0.0099	
1054	1	13.01	13.01	0.0099	
1055	1	13.04	13.04	0.0384	
1056	1	13.03	13.03	0.0291	
1057	1	13.01	13.01	0.0099	
1058	1	13.03	13.03	0.0291	
1059	1	13.01	13.01	0.0099	
1060	1	13.01	13.01	0.0099	
1061	1	13.01	13.01	0.0099	
1062	1	13.01	13.01	0.0099	
1063	1	13.01	13.01	0.0099	
1064	1	13.01	13.01	0.0099	
1065	1	13.01	13.01	0.0099	
1066	1	13.01	13.01	0.0099	
1067	1	13.01	13.01	0.0099	
1068	1	13.01	13.01	0.0099	
1069	1	13.1	13.1	0.09	
1070	1	13.03	13.03	0.0291	
1071	1	13.01	13.01	0.0099	
1072	1	13.01	13.01	0.0099	
1073	1	13.01	13.01	0.0099	
1074	1	13.01	13.01	0.0099	
1075	1	13.01	13.01	0.0099	
1076	1	13.09	13.09	0.0819	
1077	1	13.39	13.39	0.2379	
1078	1	13.52	13.52	0.2496	
1079	1	13.93	13.93	0.2051	
1080	1	13.92	13.92	0.0736	
1081	1	13.99	13.99	0.0099	
1082	1	14.01	14.01	0.0099	
1083	1	14.01	14.01	0.0099	
1084	1	14.01	14.01	0.0099	
1085	1	14.01	14.01	0.0099	
1086	1	14.02	14.02	0.0196	
1087	1	14.01	14.01	0.0099	
1088	1	14.01	14.01	0.0099	
1089	1	14.01	14.01	0.0099	
1090	1	14.01	14.01	0.0099	
1091	1	14.01	14.01	0.0099	
1092	1	14.01	14.01	0.0099	
1093	1	14.01	14.01	0.0099	
1094	1	14.01	14.01	0.0099	
1095	1	14.01	14.01	0.0099	
1096	1	14.02	14.02	0.0196	
1097	1	14.01	14.01	0.0099	
1098	1	14.01	14.01	0.0099	
1099	1	14.01	14.01	0.0099	
1100	1	14.01	14.01	0.0099	
1101	1	14.01	14.01	0.0099	
1102	1	14.01	14.01	0.0099	
1103	1	14.01	14.01	0.0099	
1104	1	14.01	14.01	0.0099	
1105	1	14.01	14.01	0.0099	
1106	1	14.01	14.01	0.0099	
1107	1	14.01	14.01	0.0099	
1108	1	14.01	14.01	0.0099	
1109	1	14.01	14.01	0.0099	
1110	1	14.01	14.01	0.0099	
1111	1	14.23	14.23	0.1771	
1112	1	14.31	14.31	0.2139	
1113	1	14.04	14.04	0.0384	
1114	1	14.01	14.01	0.0099	
1115	1	14.01	14.01	0.0099	
1116	1	14.07	14.07	0.0651	
1117	1	14.1	14.1	0.09	
1118	1	14.05	14.05	0.0475	
1119	1	14.02	14.02	0.0196	
1120	1	14.08	14.08	0.0736	
1121	1	14.13	14.13	0.1131	
1122	1	14.04	14.04	0.0384	
1123	1	14.01	14.01	0.0099	
1124	1	14.01	14.01	0.0099	
1125	1	14.07	14.07	0.0651	
1126	1	14.01	14.01	0.0099	
1127	1	14.01	14.01	0.0099	
1128	1	14.01	14.01	0.0099	
1129	1	14.01	14.01	0.0099	
1130	1	14.01	14.01	0.0099	
1131	1	14.01	14.01	0.0099	
1132	1	14.01	14.01	0.0099	
1133	1	14.01	14.01	0.0099	
1134	1	14.01	14.01	0.0099	
1135	1	14.01	14.01	0.0099	
1136	1	14.01	14.01	0.0099	
1137	1	14.01	14.01	0.0099	
1138	1	14.01	14.01	0.0099	
1139	1	14.01	14.01	0.0099	
1140	1	14.01	14.01	0.0099	
1141	1	14.01	14.01	0.0099	
1142	1	14.01	14.01	0.0099	
1143	1	14.01	14.01	0.0099	
1144	1	14.06	14.06	0.0564	
1145	1	14.25	14.25	0.1875	
1146	1	14.12	14.12	0.1056	
1147	1	14.08	14.08	0.0736	
1148	1	14.02	14.02	0.0196	
1149	1	14.06	14.06	0.0564	
1150	1	14.3	14.3	0.21	
1151	1	14.43	14.43	0.2451	
1152	1	14.34	14.34	0.2244	
1153	1	14.31	14.31	0.2139	
1154	1	14.18	14.18	0.1476	
1155	1	14.2	14.2	0.16	
1156	1	14.3	14.3	0.21	
1157	1	14.05	14.05	0.0475	
1158	1	14.03	14.03	0.0291	
1159	1	14.01	14.01	0.0099	
1160	1	14.01	14.01	0.0099	
1161	1	14.01	14.01	0.0099	
1162	1	14.01	14.01	0.0099	
1163	1	14.01	14.01	0.0099	
1164	1	14.01	14.01	0.0099	
1165	1	14.01	14.01	0.0099	
1166	1	14.01	14.01	0.0099	
1167	1	14.01	14.01	0.0099	
1168	1	14.03	14.03	0.0291	
1169	1	14.1	14.1	0.09	
1170	1	14.08	14.08	0.0736	
1171	1	14.17	14.17	0.1611	
1172	1	14.17	14.17	0.1411	
1173	1	14.06	14.06	0.0564	
1174	1	14.11	14.11	0.0979	
1175	1	14.02	14.02	0.0196	
1176	1	14.01	14.01	0.0099	
1177	1	14.01	14.01	0.0099	
1178	1	14.01	14.01	0.0099	
1179	1	14.01	14.01	0.0099	
1180	1	14.01	14.01	0.0099	
1181	1	14.04	14.04	0.0384	
1182	1	14.01	14.01	0.0099	
1183	1	14.01	14.01	0.0099	
1184	1	14.01	14.01	0.0099	
1185	1	14.01	14.01	0.0099	
1186	1	14.01	14.01	0.0099	
1187	1	14.01	14.01	0.0099	
1188	1	14.01	14.01	0.0099	
1189	1	14.04	14.04	0.0384	
1190	1	14.04	14.04	0.0384	
1191	1	14.03	14.03	0.0291	
1192	1	14.01	14.01	0.0099	
1193	1	14.01	14.01	0.0099	
1194	1	14.01	14.01	0.0099	
1195	1	14.01	14.01	0.0099	
1196	1	14.01	14.01	0.0099	
1197	1	14.01	14.01	0.0099	
1198	1	14.01	14.01	0.0099	
1199	1	14.01	14.01	0.0099	
1200	1	14.01	14.01	0.0099	
1201	1	14.01	14.01	0.0099	
1202	1	14.01	14.01	0.0099	
1203	1	14.01	14.01	0.0099	
1204	1	14.01	14.01	0.0099	
1205	1	14.01	14.01	0.0099	
1206	1	14.01	14.01	0.0099	
1207	1	14.01	14.01	0.0099	
1208	1	14.01	14.01	0.0099	
1209	1	14.02	14.02	0.0196	
1210	1	14.33	14.33	0.2211	
1211	1	14.48	14.48	0.2496	
1212	1	14.51	14.51	0.2499	
1213	1	14.57	14.57	0.2451	
1214	1	14.61	14.61	0.2379	
1215	1	14.71	14.71	0.2059	
1216	1	14.76	14.76	0.1824	
1217	1	14.81	14.81	0.1539	
1218	1	14.47	14.47	0.2491	
1219	1	14.41	14.41	0.2619	
1220	1	14.32	14.32	0.2176	
1221	1	14.23	14.23	0.1771	
1222	1	14.16	14.16	0.1344	
1223	1	14.14	14.14	0.1204	
1224	1	14.12	14.12	0.1056	
1225	1	14.01	14.01	0.0099	
1226	1	14.01	14.01	0.0099	
1227	1	14.01	14.01	0.0099	
1228	1	14.01	14.01	0.0099	
1229	1	14.01	14.01	0.0099	
1230	1	14.01	14.01	0.0099	
1231	1	14.01	14.01	0.0099	
1232	1	14.01	14.01	0.0099	
1233	1	14.01	14.01	0.0099	
1234	1	14.01	14.01	0.0099	
1235	1	14.04	14.04	0.0384	
1236	1	14.01	14.01	0.0099	
1237	1	14.01	14.01	0.0099	
1238	1	14.01	14.01	0.0099	
1239	1	14.01	14.01	0.0099	
1240	1	14.01	14.01	0.0099	
1241	1	14.01	14.01	0.0099	
1242	1	14.01	14.01	0.0099	
1243	1	14.01	14.01	0.0099	
1244	1	14.01	14.01	0.0099	
1245	1	14.01	14.01	0.0099	
1246	1	14.01	14.01	0.0099	
1247	1	14.03	14.03	0.0291	
1248	1	14.02	14.02	0.0196	
1249	1	14.01	14.01	0.0099	
1250	1	14.01	14.01	0.0099	
1251	1	14.01	14.01	0.0099	
1252	1	14.01	14.01	0.0099	
1253	1	14.01	14.01	0.0099	
1254	1	14.01	14.01	0.0099	
1255	1	14.01	14.01	0.0099	
1256	1	14.01	14.01	0.0099	
1257	1	14.01	14.01	0.0099	
1258	1	14.01	14.01	0.0099	
1259	1	14.01	14.01	0.0099	
1260	1	14.02	14.02	0.0196	
1261	1	14.04	14.04	0.0384	
1262	1	14.01	14.01	0.0099	
1263	1	14.01	14.01	0.0099	
1264	1	14.01	14.01	0.0099	
1265	1	14.01	14.01	0.0099	
1266	1	14.01	14.01	0.0099	
1267	1	14.01	14.01	0.0099	
1268	1	14.01	14.01	0.0099	
1269	1	14.01	14.01	0.0099	
1270	1	14.18	14.18	0.1676	
1271	1	14.12	14.12	0.1056	
1272	1	14.25	14.25	0.1875	
1273	1	14.13	14.13	0.1131	
1274	1	14.01	14.01	0.0099	
1275	1	14.01	14.01	0.0099	
1276	1	14.01	14.01	0.0099	
1277	1	14.01	14.01	0.0099	
1278	1	14.01	14.01	0.0099	
1279	1	14.01	14.01	0.0099	
1280	1	14.01	14.01	0.0099	
1281	1	14.01	14.01	0.0099	
1282	1	14.01	14.01	0.0099	
1283	1	14.01	14.01	0.0099	
1284	1	14.01	14.01	0.0099	
1285	1	14.01	14.01	0.0099	
1286	1	14.01	14.01	0.0099	
1287	1	14.01	14.01	0.0099	
1288	1	14.02	14.02	0.0196	
1289	1	14.01	14.01	0.0099	
1290	1	14.01	14.01	0.0099	
1291	1	14.01	14.01	0.0099	
1292	1	14.01	14.01	0.0099	
1293	1	14.01	14.01	0.0099	
1294	1	14.01	14.01	0.0099	
1295	1	14.01	14.01	0.0099	
1296	1	14.01	14.01	0.0099	
1297	1	14.01	14.01	0.0099	
1298	1	14.01	14.01	0.0099	
1299	1	14.01	14.01	0.0099	
1300	1	14.01	14.01	0.0099	
1301	1	14.01	14.01	0.0099	
1302	1	14.01	14.01	0.0099	
1303	1	14.01	14.01	0.0099	
1304	1	14.09	14.09	0.0819	
1305	1	14.18	14.18	0.1476	
1306	1	14.3	14.3	0.21	
1307	1	14.27	14.27	0.1971	
1308	1	14.06	14.06	0.0564	
1309	1	14.01	14.01	0.0099	
1310	1	14.01	14.01	0.0099	
1311	1	14.01	14.01	0.0099	
1312	1	14.01	14.01	0.0099	
1313	1	14.01	14.01	0.0099	
1314	1	14.01	14.01	0.0099	
1315	1	14.01	14.01	0.0099	
1316	1	14.01	14.01	0.0099	
1317	1	14.01	14.01	0.0099	
1318	1	14.01	14.01	0.0099	
1319	1	14.01	14.01	0.0099	
1320	1	14.01	14.01	0.0099	
1321	1	14.01	14.01	0.0099	
1322	1	14.01	14.01	0.0099	
1323	1	14.01	14.01	0.0099	
1324	1	14.01	14.01	0.0099	
1325	1	14.01	14.01	0.0099	
1326	1	14.01	14.01	0.0099	
1327	1	14.01	14.01	0.0099	
1328	1	14.01	14.01	0.0099	
1329	1	14.04	14.04	0.0384	
1330	1	14.05	14.05	0.0475	
1331	1	14.09	14.09	0.0819	
1332	1	14.18	14.18	0.2476	
1333	1	14.12	14.12	0.1056	
1334	1	14.53	14.53	0.2491	
1335	1	14.15	14.15	0.1275	
1336	1	14.22	14.22	0.1716	
1337	1	14.37	14.37	0.2731	
1338	1	14.55	14.55	0.2675	
1339	1	14.6	14.6	0.24	
1340	1	14.59	14.59	0.2419	
1341	1	14.32	14.32	0.2176	
1342	1	14.31	14.31	0.2139	
1343	1	14.14	14.14	0.1204	
1344	1	14.42	14.42	0.2436	
1345	1	14.33	14.33	0.2211	
1346	1	14.34	14.34	0.2244	
1347	1	14.38	14.38	0.2356	
1348	1	14.6	14.6	0.24	
1349	1	14.77	14.77	0.1771	
1350	1	14.87	14.87	0.1331	
1351	1	15.1	15.1	0.13	
1352	1	15.1	15.1	0.09	
1353	1	15.24	15.24	0.1824	
1354	1	15.34	15.34	0.2244	
1355	1	15.49	15.49	0.5099	
1356	1	15.5	15.5	0.65	
1357	1	15.25	15.25	0.3475	
1358	1	15.11	15.11	0.1179	
1359	1	15.23	15.23	0.1771	
1360	1	15.08	15.08	0.0736	
1361	1	15.04	15.04	0.0384	
1362	1	15.01	15.01	0.0099	
1363	1	15.01	15.01	0.0099	
1364	1	15.01	15.01	0.0099	
1365	1	15.01	15.01	0.0099	
1366	1	15.04	15.04	0.0384	
1367	1	15.01	15.01	0.0099	
1368	1	15.01	15.01	0.0099	
1369	1	15.01	15.01	0.0099	
1370	1	15.01	15.01	0.0099	
1371	1	15.01	15.01	0.0099	
1372	1	15.06	15.06	0.0564	
1373	1	15.21	15.21	0.1659	
1374	1	15.31	15.31	0.2139	
1375	1	15.41	15.41	0.2419	
1376	1	16.07	16.07	0.6251	
1377	1	15.81	15.81	0.6539	
1378	1	15.71	15.71	0.4659	
1379	1	15.9	15.9	0.87	
1380	1	15.99	15.99	1.1099	
1381	1	16.45	16.45	1.0075	
1382	1	16.82	16.82	0.8076	
1383	1	16.99	16.99	0.3499	
1384	1	17.18	17.18	0.1476	
1385	1	17.17	17.17	0.1411	
1386	1	17.1	17.1	0.09	
1387	1	17.05	17.05	0.0475	
1388	1	17.01	17.01	0.0099	
1389	1	17.01	17.01	0.0099	
1390	1	17.01	17.01	0.0099	
1391	1	17.01	17.01	0.0099	
1392	1	17.36	17.36	0.2304	
1393	1	17.27	17.27	0.2171	
1394	1	17.12	17.12	0.1056	
1395	1	17.36	17.36	0.2304	
1396	1	17.6	17.6	0.24	
1397	1	17.43	17.43	0.3051	
1398	1	17.11	17.11	0.0979	
1399	1	17.05	17.05	0.0475	
1400	1	17.01	17.01	0.0099	
1401	1	17.01	17.01	0.0099	
1402	1	17.01	17.01	0.0099	
1403	1	17.02	17.02	0.0196	
1404	1	17.04	17.04	0.0384	
1405	1	17.03	17.03	0.0291	
1406	1	17.01	17.01	0.0099	
1407	1	17.01	17.01	0.0099	
1408	1	17.01	17.01	0.0099	
1409	1	17.06	17.06	0.0564	
1410	1	17.01	17.01	0.0099	
1411	1	17.06	17.06	0.0564	
1412	1	17.04	17.04	0.0384	
1413	1	17.01	17.01	0.0099	
1414	1	17.01	17.01	0.0099	
1415	1	17.02	17.02	0.0196	
1416	1	17.27	17.27	0.1971	
1417	1	17.14	17.14	0.1204	
1418	1	17.03	17.03	0.0291	
1419	1	17.01	17.01	0.0099	
1420	1	17.01	17.01	0.0099	
1421	1	17.01	17.01	0.0099	
1422	1	17.02	17.02	0.0196	
1423	1	17.01	17.01	0.0099	
1424	1	17.01	17.01	0.0099	
1425	1	17.01	17.01	0.0099	
1426	1	17.01	17.01	0.0099	
1427	1	17.01	17.01	0.0099	
1428	1	17.01	17.01	0.0099	
1429	1	17.01	17.01	0.0099	
1430	1	17.01	17.01	0.0099	
1431	1	17.01	17.01	0.0099	
1432	1	17.01	17.01	0.0099	
1433	1	17.01	17.01	0.0099	
1434	1	17.01	17.01	0.0099	
1435	1	17.06	17.06	0.0564	
1436	1	17.19	17.19	0.1539	
1437	1	17.25	17.25	0.1875	
1438	1	17.42	17.42	0.2436	
1439	1	17.6	17.6	0.32	
1440	1	17.63	17.63	0.2931	
1441	1	17.92	17.92	0.4736	
1442	1	18.27	18.27	0.3971	
1443	1	17.97	17.97	0.6691	
1444	1	17.7	17.7	0.69	
1445	1	17.38	17.38	0.3156	
1446	1	17.28	17.28	0.2016	
1447	1	17.26	17.26	0.1924	
1448	1	17.33	17.33	0.2211	
1449	1	17.23	17.23	0.1771	
1450	1	17.58	17.58	0.2436	
1451	1	17.39	17.39	0.2979	
1452	1	17.46	17.46	0.2484	
1453	1	17.65	17.65	0.2275	
1454	1	17.57	17.57	0.2451	
1455	1	17.46	17.46	0.2684	
1456	1	17.34	17.34	0.2244	
1457	1	17.25	17.25	0.1875	
1458	1	17.32	17.32	0.2176	
1459	1	17.67	17.67	0.2211	
1460	1	17.55	17.55	0.2475	
1461	1	17.35	17.35	0.2275	
1462	1	17.54	17.54	0.2484	
1463	1	17.86	17.86	0.3204	
1464	1	17.54	17.54	0.3684	
1465	1	17.41	17.41	0.2419	
1466	1	17.21	17.21	0.1659	
1467	1	17.09	17.09	0.0819	
1468	1	17.37	17.37	0.2331	
1469	1	17.47	17.47	0.2491	
1470	1	17.54	17.54	0.2484	
1471	1	17.56	17.56	0.2464	
1472	1	17.61	17.61	0.2579	
1473	1	17.54	17.54	0.2484	
1474	1	17.71	17.71	0.2059	
1475	1	17.81	17.81	0.1539	
1476	1	17.79	17.79	0.1659	
1477	1	17.59	17.59	0.2419	
1478	1	17.37	17.37	0.2331	
1479	1	17.39	17.39	0.2379	
1480	1	17.31	17.31	0.2139	
1481	1	17.56	17.56	0.2664	
1482	1	17.75	17.75	0.1875	
1483	1	17.82	17.82	0.1476	
1484	1	17.88	17.88	0.1056	
1485	1	18.02	18.02	0.0196	
1486	1	18.01	18.01	0.0099	
1487	1	18.01	18.01	0.0099	
1488	1	18.01	18.01	0.0099	
1489	1	18.01	18.01	0.0099	
1490	1	18.01	18.01	0.0099	
1491	1	18.01	18.01	0.0099	
1492	1	18.01	18.01	0.0099	
1493	1	18.01	18.01	0.0099	
1494	1	18.01	18.01	0.0099	
1495	1	18.01	18.01	0.0099	
1496	1	18.01	18.01	0.0099	
1497	1	18.01	18.01	0.0099	
1498	1	18.01	18.01	0.0099	
1499	1	18.03	18.03	0.0291	
1500	1	18.01	18.01	0.0099	
1501	1	18.07	18.07	0.0651	
1502	1	18.01	18.01	0.0099	
1503	1	18.01	18.01	0.0099	
1504	1	18.08	18.08	0.0736	
1505	1	18.03	18.03	0.0291	
1506	1	18.05	18.05	0.0475	
1507	1	18.02	18.02	0.0196	
1508	1	18.01	18.01	0.0099	
1509	1	18.01	18.01	0.0099	
1510	1	18.01	18.01	0.0099	
1511	1	18.01	18.01	0.0099	
1512	1	18.01	18.01	0.0099	
1513	1	18.01	18.01	0.0099	
1514	1	18.01	18.01	0.0099	
1515	1	18.01	18.01	0.0099	
1516	1	18.02	18.02	0.0196	
1517	1	18.01	18.01	0.0099	
1518	1	18.01	18.01	0.0099	
1519	1	18.01	18.01	0.0099	
1520	1	18.01	18.01	0.0099	
1521	1	18.01	18.01	0.0099	
1522	1	18.05	18.05	0.0475	
1523	1	18.38	18.38	0.2356	
1524	1	18.31	18.31	0.2139	
1525	1	18.4	18.4	0.32	
1526	1	18.22	18.22	0.1716	
1527	1	18.11	18.11	0.0979	
1528	1	18.09	18.09	0.0819	
1529	1	18.12	18.12	0.1056	
1530	1	18.13	18.13	0.1131	
1531	1	18.25	18.25	0.1875	
1532	1	18.33	18.33	0.2211	
1533	1	18.59	18.59	0.2419	
1534	1	18.37	18.37	0.2331	
1535	1	18.14	18.14	0.1204	
1536	1	18.38	18.38	0.2356	
1537	1	18.63	18.63	0.2531	
1538	1	18.6	18.6	0.24	
1539	1	18.27	18.27	0.2371	
1540	1	18.24	18.24	0.1824	
1541	1	18.03	18.03	0.0291	
1542	1	18.01	18.01	0.0099	
1543	1	18.02	18.02	0.0196	
1544	1	18.17	18.17	0.1411	
1545	1	18.05	18.05	0.0475	
1546	1	18.09	18.09	0.0819	
1547	1	18.07	18.07	0.0651	
1548	1	18.11	18.11	0.0979	
1549	1	18.07	18.07	0.0651	
1550	1	18.22	18.22	0.1716	
1551	1	18.14	18.14	0.1204	
1552	1	18.01	18.01	0.0099	
1553	1	18.01	18.01	0.0099	
1554	1	18.01	18.01	0.0099	
1555	1	18.01	18.01	0.0099	
1556	1	18.03	18.03	0.0291	
1557	1	18.02	18.02	0.0196	
1558	1	18.01	18.01	0.0099	
1559	1	18.01	18.01	0.0099	
1560	1	18.01	18.01	0.0099	
1561	1	18.01	18.01	0.0099	
1562	1	18.01	18.01	0.0099	
1563	1	18.01	18.01	0.0099	
1564	1	18.01	18.01	0.0099	
1565	1	18.01	18.01	0.0099	
1566	1	18.01	18.01	0.0099	
1567	1	18.01	18.01	0.0099	
1568	1	18.01	18.01	0.0099	
1569	1	18.1	18.1	0.09	
1570	1	18.13	18.13	0.1131	
1571	1	18.05	18.05	0.0475	
1572	1	18.25	18.25	0.1875	
1573	1	18.15	18.15	0.1275	
1574	1	18.18	18.18	0.1476	
1575	1	18.01	18.01	0.0099	
1576	1	18.01	18.01	0.0099	
1577	1	18.01	18.01	0.0099	
1578	1	18.09	18.09	0.0819	
1579	1	18.03	18.03	0.0291	
1580	1	18.01	18.01	0.0099	
1581	1	18.09	18.09	0.0819	
1582	1	18.31	18.31	0.2139	
1583	1	18.05	18.05	0.0475	
1584	1	18.15	18.15	0.1275	
1585	1	18.14	18.14	0.1204	
1586	1	18.01	18.01	0.0099	
1587	1	18.02	18.02	0.0196	
1588	1	18.01	18.01	0.0099	
1589	1	18.03	18.03	0.0291	
1590	1	18.01	18.01	0.0099	
1591	1	18.01	18.01	0.0099	
1592	1	18.01	18.01	0.0099	
1593	1	18.01	18.01	0.0099	
1594	1	18.08	18.08	0.0736	
1595	1	18.01	18.01	0.0099	
1596	1	18.01	18.01	0.0099	
1597	1	18.01	18.01	0.0099	
1598	1	18.01	18.01	0.0099	
1599	1	18.15	18.15	0.1275	
1600	1	18.14	18.14	0.1204	
1601	1	18.01	18.01	0.0099	
1602	1	18.01	18.01	0.0099	
1603	1	18.01	18.01	0.0099	
1604	1	18.07	18.07	0.0651	
1605	1	18.03	18.03	0.0291	
1606	1	18.19	18.19	0.1539	
1607	1	18.18	18.18	0.1676	
1608	1	18.19	18.19	0.1539	
1609	1	18.11	18.11	0.0979	
1610	1	18.28	18.28	0.2016	
1611	1	18.56	18.56	0.2464	
1612	1	18.78	18.78	0.3716	
1613	1	18.92	18.92	0.0736	
1614	1	18.91	18.91	0.0819	
1615	1	18.94	18.94	0.0564	
1616	1	18.97	18.97	0.0291	
1617	1	18.99	18.99	0.0099	
1618	1	19.19	19.19	0.1539	
1619	1	19.37	19.37	0.2331	
1620	1	19.18	19.18	0.1476	
1621	1	19.31	19.31	0.2139	
1622	1	19.1	19.1	0.09	
1623	1	19.03	19.03	0.0291	
1624	1	19.07	19.07	0.0651	
1625	1	19.03	19.03	0.0291	
1626	1	19.01	19.01	0.0099	
1627	1	19.01	19.01	0.0099	
1628	1	19.01	19.01	0.0099	
1629	1	19.01	19.01	0.0099	
1630	1	19.01	19.01	0.0099	
1631	1	19.01	19.01	0.0099	
1632	1	19.01	19.01	0.0099	
1633	1	19.01	19.01	0.0099	
1634	1	19.01	19.01	0.0099	
1635	1	19.01	19.01	0.0099	
1636	1	19.01	19.01	0.0099	
1637	1	19.01	19.01	0.0099	
1638	1	19.01	19.01	0.0099	
1639	1	19.04	19.04	0.0384	
1640	1	19.01	19.01	0.0099	
1641	1	19.01	19.01	0.0099	
1642	1	19.01	19.01	0.0099	
1643	1	19.01	19.01	0.0099	
1644	1	19.01	19.01	0.0099	
1645	1	19.01	19.01	0.0099	
1646	1	19.01	19.01	0.0099	
1647	1	19.03	19.03	0.0291	
1648	1	19.01	19.01	0.0099	
1649	1	19.01	19.01	0.0099	
1650	1	19.01	19.01	0.0099	
1651	1	19.04	19.04	0.0384	
1652	1	19.01	19.01	0.0099	
1653	1	19.01	19.01	0.0099	
1654	1	19.01	19.01	0.0099	
1655	1	19.01	19.01	0.0099	
1656	1	19.01	19.01	0.0099	
1657	1	19.01	19.01	0.0099	
1658	1	19.01	19.01	0.0099	
1659	1	19.01	19.01	0.0099	
1660	1	19.01	19.01	0.0099	
1661	1	19.01	19.01	0.0099	
1662	1	19.01	19.01	0.0099	
1663	1	19.01	19.01	0.0099	
1664	1	19.02	19.02	0.0196	
1665	1	19.05	19.05	0.0475	
1666	1	19.01	19.01	0.0099	
1667	1	19.01	19.01	0.0099	
1668	1	19.01	19.01	0.0099	
1669	1	19.01	19.01	0.0099	
1670	1	19.03	19.03	0.0291	
1671	1	19.01	19.01	0.0099	
1672	1	19.01	19.01	0.0099	
1673	1	19.05	19.05	0.0475	
1674	1	19.01	19.01	0.0099	
1675	1	19.01	19.01	0.0099	
1676	1	19.01	19.01	0.0099	
1677	1	19.01	19.01	0.0099	
1678	1	19.03	19.03	0.0291	
1679	1	19.06	19.06	0.0564	
1680	1	19.03	19.03	0.0291	
1681	1	19.02	19.02	0.0196	
1682	1	19.05	19.05	0.0475	
1683	1	19.01	19.01	0.0099	
1684	1	19.02	19.02	0.0196	
1685	1	19.16	19.16	0.1344	
1686	1	19.07	19.07	0.0651	
1687	1	19.01	19.01	0.0099	
1688	1	19.01	19.01	0.0099	
1689	1	19.01	19.01	0.0099	
1690	1	19.19	19.19	0.1539	
1691	1	19.01	19.01	0.0099	
1692	1	19.01	19.01	0.0099	
1693	1	19.04	19.04	0.0384	
1694	1	19.01	19.01	0.0099	
1695	1	19.01	19.01	0.0099	
1696	1	19.03	19.03	0.0291	
1697	1	19.1	19.1	0.09	
1698	1	19.08	19.08	0.0736	
1699	1	19.21	19.21	0.1659	
1700	1	19.07	19.07	0.0651	
1701	1	19.02	19.02	0.0196	
1702	1	19.01	19.01	0.0099	
1703	1	19.01	19.01	0.0099	
1704	1	19.01	19.01	0.0099	
1705	1	19.01	19.01	0.0099	
1706	1	19.01	19.01	0.0099	
1707	1	19.01	19.01	0.0099	
1708	1	19.01	19.01	0.0099	
1709	1	19.05	19.05	0.0475	
1710	1	19.01	19.01	0.0099	
1711	1	19.01	19.01	0.0099	
1712	1	19.01	19.01	0.0099	
1713	1	19.01	19.01	0.0099	
1714	1	19.01	19.01	0.0099	
1715	1	19.01	19.01	0.0099	
1716	1	19.01	19.01	0.0099	
1717	1	19.1	19.1	0.09	
1718	1	19.04	19.04	0.0384	
1719	1	19.01	19.01	0.0099	
1720	1	19.01	19.01	0.0099	
1721	1	19.01	19.01	0.0099	
1722	1	19.01	19.01	0.0099	
1723	1	19.01	19.01	0.0099	
1724	1	19.01	19.01	0.0099	
1725	1	19.09	19.09	0.0819	
1726	1	19.06	19.06	0.0564	
1727	1	19.27	19.27	0.1971	
1728	1	19.04	19.04	0.0384	
1729	1	19.05	19.05	0.0475	
1730	1	19.03	19.03	0.0291	
1731	1	19.01	19.01	0.0099	
1732	1	19.01	19.01	0.0099	
1733	1	19.01	19.01	0.0099	
1734	1	19.01	19.01	0.0099	
1735	1	19.01	19.01	0.0099	
1736	1	19.01	19.01	0.0099	
1737	1	19.14	19.14	0.1204	
1738	1	19.59	19.59	0.2419	
1739	1	19.54	19.54	0.2484	
1740	1	19.29	19.29	0.2059	
1741	1	19.65	19.65	0.2275	
1742	1	19.7	19.7	0.21	
1743	1	19.75	19.75	0.1875	
1744	1	19.51	19.51	0.2499	
1745	1	19.29	19.29	0.2059	
1746	1	19.24	19.24	0.2024	
1747	1	19.18	19.18	0.1476	
1748	1	19.38	19.38	0.2356	
1749	1	19.32	19.32	0.2176	
1750	1	19.34	19.34	0.2244	
1751	1	19.13	19.13	0.1131	
1752	1	19.3	19.3	0.21	
1753	1	19.08	19.08	0.0736	
1754	1	19.01	19.01	0.0099	
1755	1	19.01	19.01	0.0099	
1756	1	19.01	19.01	0.0099	
1757	1	19.05	19.05	0.0475	
1758	1	19.01	19.01	0.0099	
1759	1	19.01	19.01	0.0099	
1760	1	19.02	19.02	0.0196	
1761	1	19.02	19.02	0.0196	
1762	1	19.01	19.01	0.0099	
1763	1	19.01	19.01	0.0099	
1764	1	19.01	19.01	0.0099	
1765	1	19.01	19.01	0.0099	
1766	1	19.01	19.01	0.0099	
1767	1	19.01	19.01	0.0099	
1768	1	19.01	19.01	0.0099	
1769	1	19.01	19.01	0.0099	
1770	1	19.01	19.01	0.0099	
1771	1	19.01	19.01	0.0099	
1772	1	19.01	19.01	0.0099	
1773	1	19.01	19.01	0.0099	
1774	1	19.01	19.01	0.0099	
1775	1	19.01	19.01	0.0099	
1776	1	19.01	19.01	0.0099	
1777	1	19.1	19.1	0.09	
1778	1	19.01	19.01	0.0099	
1779	1	19.01	19.01	0.0099	
1780	1	19.01	19.01	0.0099	
1781	1	19.01	19.01	0.0099	
1782	1	19.01	19.01	0.0099	
1783	1	19.01	19.01	0.0099	
1784	1	19.01	19.01	0.0099	
1785	1	19.01	19.01	0.0099	
1786	1	19.06	19.06	0.0564	
1787	1	19.1	19.1	0.09	
1788	1	19.23	19.23	0.1771	
1789	1	19.3	19.3	0.21	
1790	1	19.3	19.3	0.21	
1791	1	19.31	19.31	0.2539	
1792	1	19.15	19.15	0.1275	
1793	1	19.06	19.06	0.0564	
1794	1	19.01	19.01	0.0099	
1795	1	19.01	19.01	0.0099	
1796	1	19.06	19.06	0.0564	
1797	1	19.02	19.02	0.0196	
1798	1	19.13	19.13	0.1131	
1799	1	19.02	19.02	0.0196	
1800	1	19.01	19.01	0.0099	
1801	1	19.01	19.01	0.0099	
1802	1	19.01	19.01	0.0099	
1803	1	19.01	19.01	0.0099	
1804	1	19.01	19.01	0.0099	
1805	1	19.01	19.01	0.0099	
1806	1	19.05	19.05	0.0475	
1807	1	19.17	19.17	0.1411	
1808	1	19.14	19.14	0.1204	
1809	1	19.22	19.22	0.1716	
1810	1	19.19	19.19	0.1539	
1811	1	19.02	19.02	0.0196	
1812	1	19.01	19.01	0.0099	
1813	1	19.01	19.01	0.0099	
1814	1	19.06	19.06	0.0564	
1815	1	19.01	19.01	0.0099	
1816	1	19.01	19.01	0.0099	
1817	1	19.01	19.01	0.0099	
1818	1	19.01	19.01	0.0099	
1819	1	19.01	19.01	0.0099	
1820	1	19.01	19.01	0.0099	
1821	1	19.01	19.01	0.0099	
1822	1	19.01	19.01	0.0099	
1823	1	19.1	19.1	0.15	
1824	1	19.02	19.02	0.0396	
1825	1	19.06	19.06	0.0564	
1826	1	19.18	19.18	0.1476	
1827	1	19.3	19.3	0.21	
1828	1	19.32	19.32	0.2176	
1829	1	19.19	19.19	0.1539	
1830	1	19.1	19.1	0.09	
1831	1	19.21	19.21	0.1659	
1832	1	19.28	19.28	0.2016	
1833	1	19.4	19.4	0.24	
1834	1	19.48	19.48	0.2496	
1835	1	19.53	19.53	0.2491	
1836	1	19.54	19.54	0.2484	
1837	1	19.32	19.32	0.2176	
1838	1	19.25	19.25	0.1875	
1839	1	19.17	19.17	0.1411	
1840	1	19.16	19.16	0.1344	
1841	1	19.13	19.13	0.1131	
1842	1	19.02	19.02	0.0196	
1843	1	19.01	19.01	0.0099	
1844	1	19.01	19.01	0.0099	
1845	1	19.01	19.01	0.0099	
1846	1	19.01	19.01	0.0099	
1847	1	19.01	19.01	0.0099	
1848	1	19.01	19.01	0.0099	
1849	1	19.03	19.03	0.0291	
1850	1	19.01	19.01	0.0099	
1851	1	19.01	19.01	0.0099	
1852	1	19.01	19.01	0.0099	
1853	1	19.01	19.01	0.0099	
1854	1	19.01	19.01	0.0099	
1855	1	19.01	19.01	0.0099	
1856	1	19.01	19.01	0.0099	
1857	1	19.05	19.05	0.0475	
1858	1	19.01	19.01	0.0099	
1859	1	19.06	19.06	0.0564	
1860	1	19.29	19.29	0.2059	
1861	1	19.34	19.34	0.2244	
1862	1	19.46	19.46	0.2884	
1863	1	19.37	19.37	0.3531	
1864	1	19.39	19.39	0.4579	
1865	1	19.34	19.34	0.5644	
1866	1	19.16	19.16	0.2944	
1867	1	19.31	19.31	0.5139	
1868	1	19.36	19.36	0.5904	
1869	1	19.11	19.11	0.1979	
1870	1	19.54	19.54	0.8084	
1871	1	19.54	19.54	0.9684	
1872	1	19.55	19.55	0.9475	
1873	1	19.5	19.5	1.23	
1874	1	19.57	19.57	1.3851	
1875	1	20.11	20.11	2.0979	
1876	1	20.95	20.95	2.0475	
1877	1	20.41	20.41	2.2419	
1878	1	21.73	21.73	0.7371	
1879	1	21.97	21.97	0.0891	
1880	1	22.01	22.01	0.0099	
1881	1	22.01	22.01	0.0099	
1882	1	22.01	22.01	0.0099	
1883	1	22.01	22.01	0.0099	
1884	1	22.01	22.01	0.0099	
1885	1	22.01	22.01	0.0099	
1886	1	22.01	22.01	0.0099	
1887	1	22.01	22.01	0.0099	
1888	1	22.01	22.01	0.0099	
1889	1	22.05	22.05	0.0475	
1890	1	22.01	22.01	0.0099	
1891	1	22.06	22.06	0.0564	
1892	1	22.02	22.02	0.0196	
1893	1	22.06	22.06	0.0564	
1894	1	22.01	22.01	0.0099	
1895	1	22.01	22.01	0.0099	
1896	1	22.01	22.01	0.0099	
1897	1	22.01	22.01	0.0099	
1898	1	22.01	22.01	0.0099	
1899	1	22.01	22.01	0.0099	
1900	1	22.01	22.01	0.0099	
1901	1	22.01	22.01	0.0099	
1902	1	22.01	22.01	0.0099	
1903	1	22.01	22.01	0.0099	
1904	1	22.01	22.01	0.0099	
1905	1	22.01	22.01	0.0099	
1906	1	22.01	22.01	0.0099	
1907	1	22.01	22.01	0.0099	
1908	1	22.01	22.01	0.0099	
1909	1	22.01	22.01	0.0099	
1910	1	22.01	22.01	0.0099	
1911	1	22.01	22.01	0.0099	
1912	1	22.01	22.01	0.0099	
1913	1	22.02	22.02	0.0196	
1914	1	22.01	22.01	0.0099	
1915	1	22.01	22.01	0.0099	
1916	1	22.01	22.01	0.0099	
1917	1	22.01	22.01	0.0099	
1918	1	22.04	22.04	0.0384	
1919	1	22.32	22.32	0.2776	
1920	1	22.2	22.2	0.16	
1921	1	22.01	22.01	0.0099	
1922	1	22.01	22.01	0.0099	
1923	1	22.01	22.01	0.0099	
1924	1	22.01	22.01	0.0099	
1925	1	22.01	22.01	0.0099	
1926	1	22.07	22.07	0.0651	
1927	1	22.01	22.01	0.0099	
1928	1	22.01	22.01	0.0099	
1929	1	22.01	22.01	0.0099	
1930	1	22.01	22.01	0.0099	
1931	1	22.01	22.01	0.0099	
1932	1	22.35	22.35	0.2275	
1933	1	22.26	22.26	0.1924	
1934	1	22.36	22.36	0.2304	
1935	1	22.24	22.24	0.1824	
1936	1	22.37	22.37	0.2331	
1937	1	22.26	22.26	0.1924	
1938	1	22.63	22.63	0.3331	
1939	1	22.43	22.43	0.3851	
1940	1	22.6	22.6	0.48	
1941	1	22.43	22.43	0.4851	
1942	1	22.44	22.44	0.4064	
1943	1	22.36	22.36	0.4904	
1944	1	22.34	22.34	0.2644	
1945	1	22.28	22.28	0.2016	
1946	1	22.37	22.37	0.2331	
1947	1	22.12	22.12	0.1056	
1948	1	22.01	22.01	0.0099	
1949	1	22.01	22.01	0.0099	
1950	1	22.01	22.01	0.0099	
1951	1	22.02	22.02	0.0196	
1952	1	22.01	22.01	0.0099	
1953	1	22.01	22.01	0.0099	
1954	1	22.01	22.01	0.0099	
1955	1	22.19	22.19	0.1539	
1956	1	22.32	22.32	0.2176	
1957	1	22.18	22.18	0.1476	
1958	1	22.01	22.01	0.0099	
1959	1	22.02	22.02	0.0196	
1960	1	22.03	22.03	0.0291	
1961	1	22.01	22.01	0.0099	
1962	1	22.01	22.01	0.0099	
1963	1	22.01	22.01	0.0099	
1964	1	22.1	22.1	0.09	
1965	1	22.35	22.35	0.4075	
1966	1	22.61	22.61	0.6179	
1967	1	22.64	22.64	0.7304	
1968	1	22.48	22.48	0.6696	
1969	1	23.26	23.26	1.2924	
1970	1	22.92	22.92	1.1736	
1971	1	22.34	22.34	0.5644	
1972	1	22.16	22.16	0.2944	
1973	1	22.18	22.18	0.3276	
1974	1	22.1	22.1	0.19	
1975	1	22.01	22.01	0.0099	
1976	1	22.05	22.05	0.0475	
1977	1	22.01	22.01	0.0099	
1978	1	22.01	22.01	0.0099	
1979	1	22.01	22.01	0.0099	
1980	1	22.01	22.01	0.0099	
1981	1	22.01	22.01	0.0099	
1982	1	22.11	22.11	0.0979	
1983	1	22.1	22.1	0.09	
1984	1	22.4	22.4	0.24	
1985	1	22.43	22.43	0.3251	
1986	1	22.2	22.2	0.16	
1987	1	22.02	22.02	0.0196	
1988	1	22.03	22.03	0.0291	
1989	1	22.01	22.01	0.0099	
1990	1	22.01	22.01	0.0099	
1991	1	22.01	22.01	0.0099	
1992	1	22.01	22.01	0.0099	
1993	1	22.04	22.04	0.0384	
1994	1	22.01	22.01	0.0099	
1995	1	22.01	22.01	0.0099	
1996	1	22.03	22.03	0.0291	
1997	1	22.1	22.1	0.09	
1998	1	22.06	22.06	0.0564	
1999	1	22.02	22.02	0.0196	
2000	1	22.01	22.01	0.0099	
