# mu = 0.1, s = 1, trials requested = 1, runtime = 0:00:00
# "Time"	"Actual trials"	"Mean mutation"	"Average mean mutation"	"Average mutation variance"
0	1	0	0	0	
1	1	0.01	0.01	0.0099	
2	1	0.01	0.01	0.0099	
3	1	0.03	0.03	0.0291	
4	1	0.03	0.03	0.0291	
5	1	0.05	0.05	0.0475	
6	1	0.08	0.08	0.0736	
7	1	0.11	0.11	0.1179	
8	1	0.1	0.1	0.09	
9	1	0.18	0.18	0.1676	
10	1	0.22	0.22	0.2116	
11	1	0.25	0.25	0.2075	
12	1	0.26	0.26	0.2724	
13	1	0.3	0.3	0.29	
14	1	0.35	0.35	0.4075	
15	1	0.38	0.38	0.4556	
16	1	0.39	0.39	0.3979	
17	1	0.44	0.44	0.4464	
18	1	0.5	0.5	0.49	
19	1	0.51	0.51	0.4899	
20	1	0.56	0.56	0.5264	
21	1	0.59	0.59	0.5819	
22	1	0.68	0.68	0.7576	
23	1	0.75	0.75	0.8475	
24	1	0.88	0.88	1.0656	
25	1	1.05	1.05	1.4275	
26	1	1.29	1.29	2.2059	
27	1	1.48	1.48	2.7696	
28	1	1.79	1.79	3.5659	
29	1	2.08	2.08	4.4136	
30	1	2.3	2.3	5.03	
31	1	2.51	2.51	5.2099	
32	1	2.79	2.79	5.6259	
33	1	3.06	3.06	6.3164	
34	1	3.17	3.17	6.4811	
35	1	3.48	3.48	7.1096	
36	1	3.64	3.64	7.5304	
37	1	3.93	3.93	7.8851	
38	1	4.17	4.17	8.7011	
39	1	4.5	4.5	9.39	
40	1	4.92	4.92	10.5536	
41	1	5.29	5.29	12.0859	
42	1	5.84	5.84	14.3544	
43	1	6.34	6.34	15.7644	
44	1	6.81	6.81	17.1539	
45	1	7.26	7.26	17.2924	
46	1	7.58	7.58	18.7436	
47	1	8.03	8.03	19.0691	
48	1	8.57	8.57	18.5051	
49	1	8.87	8.87	17.0731	
50	1	9.1	9.1	16.63	
51	1	9.32	9.32	16.7576	
52	1	9.43	9.43	17.1051	
53	1	9.73	9.73	16.8371	
54	1	9.95	9.95	16.1275	
55	1	10.35	10.35	13.4275	
56	1	10.55	10.55	12.6475	
57	1	10.77	10.77	12.3571	
58	1	10.82	10.82	12.5276	
59	1	10.88	10.88	12.7256	
60	1	10.94	10.94	12.9364	
61	1	11.16	11.16	13.0744	
62	1	11.22	11.22	13.4116	
63	1	11.43	11.43	12.4051	
64	1	11.57	11.57	12.9451	
65	1	11.74	11.74	13.3124	
66	1	12.07	12.07	12.7451	
67	1	12.24	12.24	13.4624	
68	1	12.63	12.63	12.9731	
69	1	12.92	12.92	13.8336	
70	1	13.02	13.02	14.1996	
71	1	13.21	13.21	14.6459	
72	1	13.38	13.38	15.1556	
73	1	13.53	13.53	15.6491	
74	1	13.69	13.69	15.8539	
75	1	13.92	13.92	16.4736	
76	1	14.23	14.23	15.2371	
77	1	14.57	14.57	15.6851	
78	1	14.7	14.7	15.55	
79	1	14.75	14.75	15.7875	
80	1	15.08	15.08	14.4936	
81	1	15.22	15.22	14.9516	
82	1	15.31	15.31	15.0939	
83	1	15.63	15.63	14.5731	
84	1	15.88	15.88	15.2056	
85	1	16.13	16.13	13.1131	
86	1	16.35	16.35	13.6675	
87	1	16.49	16.49	13.6899	
88	1	16.58	16.58	14.2436	
89	1	16.86	16.86	14.4804	
90	1	17.37	17.37	11.0331	
91	1	17.55	17.55	11.4275	
92	1	17.63	17.63	11.6931	
93	1	17.74	17.74	11.7324	
94	1	17.82	17.82	12.1676	
95	1	18.14	18.14	12.5004	
96	1	18.3	18.3	12.57	
97	1	18.56	18.56	13.0064	
98	1	18.86	18.86	13.3004	
99	1	18.92	18.92	12.9736	
100	1	18.98	18.98	13.2996	
101	1	19.3	19.3	13.71	
102	1	19.58	19.58	14.0836	
103	1	19.87	19.87	14.3531	
104	1	20.38	20.38	10.8556	
105	1	20.94	20.94	12.3164	
106	1	21.47	21.47	14.7291	
107	1	21.84	21.84	16.2744	
108	1	22.22	22.22	17.4716	
109	1	22.52	22.52	18.2896	
110	1	22.94	22.94	17.0164	
111	1	23.33	23.33	17.4011	
112	1	23.69	23.69	14.5139	
113	1	23.92	23.92	14.9336	
114	1	24.07	24.07	15.7051	
115	1	24.22	24.22	16.2716	
116	1	24.49	24.49	15.3899	
117	1	24.85	24.85	15.5275	
118	1	25.16	25.16	15.6944	
119	1	25.53	25.53	14.6491	
120	1	25.81	25.81	14.1739	
121	1	26.12	26.12	13.8056	
122	1	26.41	26.41	13.6019	
123	1	26.58	26.58	14.1236	
124	1	26.67	26.67	14.5011	
125	1	26.86	26.86	14.5804	
126	1	27.04	27.04	15.1184	
127	1	27.2	27.2	15.12	
128	1	27.36	27.36	13.9904	
129	1	27.45	27.45	14.2475	
130	1	27.53	27.53	14.4891	
131	1	27.62	27.62	14.7756	
132	1	28.06	28.06	13.5364	
133	1	28.39	28.39	13.1379	
134	1	28.56	28.56	13.8664	
135	1	28.95	28.95	15.9075	
136	1	29.16	29.16	17.6144	
137	1	29.5	29.5	19.59	
138	1	30.02	30.02	20.8196	
139	1	30.33	30.33	21.9411	
140	1	30.61	30.61	22.8779	
141	1	31.08	31.08	24.3536	
142	1	31.48	31.48	23.3896	
143	1	31.8	31.8	23.06	
144	1	32.14	32.14	23.0404	
145	1	32.33	32.33	23.7411	
146	1	32.51	32.51	25.0299	
147	1	32.87	32.87	26.0731	
148	1	33.15	33.15	27.3075	
149	1	33.77	33.77	26.1371	
150	1	34.22	34.22	24.7716	
151	1	34.31	34.31	24.9139	
152	1	34.58	34.58	25.2436	
153	1	34.91	34.91	24.5819	
154	1	35.15	35.15	22.9875	
155	1	35.24	35.24	22.9824	
156	1	35.35	35.35	23.3275	
157	1	35.45	35.45	23.8475	
158	1	35.59	35.59	23.7619	
159	1	35.75	35.75	23.8075	
160	1	35.83	35.83	24.1411	
161	1	36.02	36.02	24.8796	
162	1	36.5	36.5	18.53	
163	1	36.83	36.83	17.0411	
164	1	36.82	36.82	16.9676	
165	1	37.04	37.04	13.0784	
166	1	37.08	37.08	13.0536	
167	1	37.17	37.17	13.6211	
168	1	37.24	37.24	14.0024	
169	1	37.39	37.39	14.4579	
170	1	37.81	37.81	12.2939	
171	1	38.11	38.11	12.1979	
172	1	38.36	38.36	11.6504	
173	1	38.65	38.65	12.4075	
174	1	38.83	38.83	12.9611	
175	1	39.04	39.04	13.5384	
176	1	39.28	39.28	13.5416	
177	1	39.72	39.72	13.1416	
178	1	39.87	39.87	13.3331	
179	1	39.94	39.94	13.4964	
180	1	40.13	40.13	13.9131	
181	1	40.21	40.21	14.1659	
182	1	40.32	40.32	13.5376	
183	1	40.45	40.45	13.7875	
184	1	40.61	40.61	13.7579	
185	1	40.67	40.67	14.0211	
186	1	40.89	40.89	14.0379	
187	1	41.05	41.05	14.1475	
188	1	41.14	41.14	14.5004	
189	1	41.29	41.29	13.5259	
190	1	41.48	41.48	13.5696	
191	1	41.57	41.57	13.7251	
192	1	41.7	41.7	13.45	
193	1	42	42	12.74	
194	1	42.06	42.06	12.7164	
195	1	42.13	42.13	12.6531	
196	1	42.11	42.11	12.7979	
197	1	42.17	42.17	12.9211	
198	1	42.37	42.37	13.0531	
199	1	42.43	42.43	13.3051	
200	1	42.49	42.49	13.5899	
201	1	42.73	42.73	14.3371	
202	1	42.91	42.91	15.1619	
203	1	43.12	43.12	15.5056	
204	1	43.4	43.4	16.86	
205	1	43.59	43.59	17.7619	
206	1	43.83	43.83	17.9211	
207	1	44.21	44.21	18.6059	
208	1	44.26	44.26	18.5724	
209	1	44.5	44.5	19.13	
210	1	44.77	44.77	18.9371	
211	1	45.04	45.04	18.9184	
212	1	45.1	45.1	18.91	
213	1	45.31	45.31	19.2139	
214	1	45.38	45.38	19.2556	
215	1	45.42	45.42	19.4436	
216	1	45.77	45.77	16.9771	
217	1	46.01	46.01	15.3899	
218	1	46.17	46.17	15.7811	
219	1	46.31	46.31	16.0339	
220	1	46.58	46.58	16.2036	
221	1	46.79	46.79	15.9659	
222	1	47.04	47.04	14.7784	
223	1	47.25	47.25	15.0075	
224	1	47.31	47.31	15.0539	
225	1	47.5	47.5	14.77	
226	1	47.8	47.8	14.02	
227	1	47.99	47.99	14.1899	
228	1	48.16	48.16	15.4944	
229	1	48.44	48.44	16.3864	
230	1	48.57	48.57	16.8851	
231	1	49.04	49.04	18.3984	
232	1	49.57	49.57	9.1451	
233	1	49.89	49.89	10.2379	
234	1	50.15	50.15	10.5475	
235	1	50.38	50.38	11.3556	
236	1	50.59	50.59	11.9019	
237	1	50.91	50.91	12.5019	
238	1	51.26	51.26	12.1924	
239	1	51.46	51.46	12.5884	
240	1	51.83	51.83	12.4011	
241	1	51.98	51.98	11.6796	
242	1	52.32	52.32	12.0976	
243	1	52.52	52.52	12.5296	
244	1	52.73	52.73	12.5771	
245	1	52.91	52.91	12.8019	
246	1	53.06	53.06	13.0164	
247	1	53.28	53.28	12.8616	
248	1	53.35	53.35	13.0475	
249	1	53.5	53.5	13.09	
250	1	53.99	53.99	11.1299	
251	1	54.19	54.19	11.4739	
252	1	54.53	54.53	10.7691	
253	1	54.73	54.73	10.4171	
254	1	54.99	54.99	9.3899	
255	1	55.17	55.17	9.5611	
256	1	55.41	55.41	9.4219	
257	1	55.52	55.52	9.1296	
258	1	55.68	55.68	9.8176	
259	1	55.79	55.79	10.0059	
260	1	55.97	55.97	10.2691	
261	1	56.38	56.38	8.0556	
262	1	56.58	56.58	8.5836	
263	1	57.01	57.01	7.1499	
264	1	57.07	57.07	7.3051	
265	1	57.21	57.21	7.5659	
266	1	57.35	57.35	7.6075	
267	1	57.6	57.6	6.96	
268	1	57.62	57.62	6.7956	
269	1	57.72	57.72	7.0016	
270	1	57.86	57.86	7.2404	
271	1	57.98	57.98	7.3596	
272	1	58.16	58.16	6.4544	
273	1	58.28	58.28	6.4416	
274	1	58.4	58.4	6.58	
275	1	58.55	58.55	6.5675	
276	1	58.67	58.67	5.7411	
277	1	58.7	58.7	5.75	
278	1	58.87	58.87	5.8331	
279	1	58.89	58.89	5.8779	
280	1	58.93	58.93	5.9851	
281	1	58.99	58.99	6.0499	
282	1	59.09	59.09	6.1819	
283	1	59.16	59.16	6.1744	
284	1	59.11	59.11	6.0979	
285	1	59.08	59.08	6.1336	
286	1	59.17	59.17	6.3211	
287	1	59.25	59.25	6.4075	
288	1	59.39	59.39	6.2579	
289	1	59.48	59.48	6.4096	
290	1	59.63	59.63	6.0931	
291	1	59.65	59.65	6.1275	
292	1	59.73	59.73	6.1771	
293	1	59.84	59.84	6.2544	
294	1	59.91	59.91	5.8619	
295	1	60.17	60.17	5.0011	
296	1	60.26	60.26	5.1124	
297	1	60.2	60.2	4.98	
298	1	60.29	60.29	4.9859	
299	1	60.44	60.44	4.7264	
300	1	60.69	60.69	3.3339	
301	1	60.78	60.78	3.4316	
302	1	60.87	60.87	3.7131	
303	1	60.93	60.93	3.8651	
304	1	61	61	3.98	
305	1	61	61	4.02	
306	1	61.2	61.2	4.5	
307	1	61.31	61.31	4.4139	
308	1	61.53	61.53	4.7891	
309	1	61.62	61.62	4.8356	
310	1	61.87	61.87	5.1131	
311	1	62.24	62.24	3.3824	
312	1	62.34	62.34	3.4844	
313	1	62.62	62.62	3.7356	
314	1	62.73	62.73	3.7371	
315	1	62.89	62.89	3.4579	
316	1	63.02	63.02	3.6396	
317	1	63.15	63.15	3.6075	
318	1	63.25	63.25	3.7075	
319	1	63.54	63.54	2.7884	
320	1	63.78	63.78	2.6116	
321	1	63.85	63.85	2.6075	
322	1	63.98	63.98	2.8596	
323	1	64.14	64.14	2.6604	
324	1	64.26	64.26	2.8524	
325	1	64.33	64.33	3.0011	
326	1	64.44	64.44	2.8464	
327	1	64.5	64.5	2.73	
328	1	64.48	64.48	2.7096	
329	1	64.51	64.51	2.6699	
330	1	64.53	64.53	2.7491	
331	1	64.53	64.53	2.8891	
332	1	64.61	64.61	2.8779	
333	1	64.73	64.73	3.1371	
334	1	64.86	64.86	3.2604	
335	1	64.97	64.97	3.3291	
336	1	65.12	65.12	3.1256	
337	1	65.21	65.21	3.3059	
338	1	65.29	65.29	3.4059	
339	1	65.51	65.51	3.2299	
340	1	65.66	65.66	3.4244	
341	1	65.69	65.69	3.4339	
342	1	65.91	65.91	3.4819	
343	1	66.09	66.09	3.9019	
344	1	66.2	66.2	4.1	
345	1	66.31	66.31	3.9739	
346	1	66.45	66.45	4.0275	
347	1	66.48	66.48	4.0696	
348	1	66.54	66.54	4.2084	
349	1	66.71	66.71	4.3059	
350	1	66.76	66.76	4.3624	
351	1	66.85	66.85	4.1475	
352	1	66.96	66.96	4.2584	
353	1	67.01	67.01	4.3099	
354	1	67.12	67.12	4.3256	
355	1	67.32	67.32	3.5376	
356	1	67.41	67.41	3.4219	
357	1	67.48	67.48	3.4096	
358	1	67.52	67.52	3.4096	
359	1	67.56	67.56	3.5064	
360	1	67.58	67.58	3.4236	
361	1	67.6	67.6	3.46	
362	1	67.74	67.74	3.5324	
363	1	67.92	67.92	2.9536	
364	1	68.02	68.02	3.0996	
365	1	68.12	68.12	3.4456	
366	1	68.32	68.32	3.5776	
367	1	68.41	68.41	3.5619	
368	1	68.46	68.46	3.9084	
369	1	68.68	68.68	4.3376	
370	1	68.82	68.82	4.6676	
371	1	69.2	69.2	4.6	
372	1	69.45	69.45	5.4075	
373	1	69.71	69.71	5.7059	
374	1	69.83	69.83	6.2211	
375	1	70.13	70.13	7.2531	
376	1	70.51	70.51	7.5299	
377	1	70.96	70.96	7.6784	
378	1	71.32	71.32	8.2376	
379	1	71.52	71.52	8.4696	
380	1	71.88	71.88	8.4656	
381	1	72.08	72.08	8.6536	
382	1	72.2	72.2	8.82	
383	1	72.24	72.24	8.7224	
384	1	72.51	72.51	7.8099	
385	1	72.65	72.65	7.8075	
386	1	72.68	72.68	7.8776	
387	1	72.77	72.77	8.0971	
388	1	73.09	73.09	7.4619	
389	1	73.16	73.16	7.6544	
390	1	73.3	73.3	7.21	
391	1	73.47	73.47	6.5291	
392	1	73.58	73.58	6.1636	
393	1	73.74	73.74	6.0524	
394	1	73.77	73.77	5.9771	
395	1	73.88	73.88	6.1056	
396	1	74.02	74.02	5.3996	
397	1	74.02	74.02	5.3996	
398	1	74.2	74.2	5.18	
399	1	74.36	74.36	5.2304	
400	1	74.55	74.55	5.9275	
401	1	74.75	74.75	6.2475	
402	1	74.99	74.99	7.0099	
403	1	75.18	75.18	7.1476	
404	1	75.54	75.54	7.6884	
405	1	75.75	75.75	8.5075	
406	1	76.16	76.16	8.9144	
407	1	76.36	76.36	9.4104	
408	1	76.47	76.47	9.5491	
409	1	76.72	76.72	9.4816	
410	1	77.14	77.14	9.4204	
411	1	77.36	77.36	9.9504	
412	1	77.64	77.64	11.1104	
413	1	77.93	77.93	11.3651	
414	1	78.15	78.15	12.2475	
415	1	78.41	78.41	13.3219	
416	1	78.86	78.86	15.3604	
417	1	79.18	79.18	16.0876	
418	1	79.84	79.84	16.2544	
419	1	79.98	79.98	17.2196	
420	1	80.25	80.25	17.6475	
421	1	80.3	80.3	17.59	
422	1	80.66	80.66	17.0244	
423	1	81.1	81.1	17.25	
424	1	81.23	81.23	17.6371	
425	1	81.39	81.39	17.6579	
426	1	81.59	81.59	17.2819	
427	1	81.89	81.89	16.2379	
428	1	82.26	82.26	15.2124	
429	1	82.29	82.29	15.2859	
430	1	82.34	82.34	15.1644	
431	1	82.51	82.51	15.6099	
432	1	82.56	82.56	15.2264	
433	1	82.54	82.54	15.2084	
434	1	82.73	82.73	15.1371	
435	1	82.94	82.94	14.6964	
436	1	83.13	83.13	13.6131	
437	1	83.21	83.21	13.2259	
438	1	83.29	83.29	13.7059	
439	1	83.35	83.35	13.8475	
440	1	83.71	83.71	10.1859	
441	1	83.78	83.78	10.3916	
442	1	83.96	83.96	10.4984	
443	1	84.02	84.02	10.6196	
444	1	84.16	84.16	10.9544	
445	1	84.44	84.44	9.1864	
446	1	84.66	84.66	9.4044	
447	1	84.73	84.73	9.6171	
448	1	84.75	84.75	9.6875	
449	1	84.86	84.86	9.9004	
450	1	85.04	85.04	9.9184	
451	1	85.34	85.34	8.8644	
452	1	85.66	85.66	8.5044	
453	1	85.74	85.74	8.5524	
454	1	86.09	86.09	2.5019	
455	1	86.23	86.23	2.4371	
456	1	86.33	86.33	2.5811	
457	1	86.39	86.39	2.5179	
458	1	86.38	86.38	2.4956	
459	1	86.51	86.51	2.4099	
460	1	86.67	86.67	2.5011	
461	1	86.89	86.89	2.5579	
462	1	86.95	86.95	2.5675	
463	1	87.06	87.06	2.6164	
464	1	87.07	87.07	2.7251	
465	1	87.1	87.1	2.91	
466	1	87.26	87.26	2.7924	
467	1	87.35	87.35	2.6875	
468	1	87.48	87.48	2.6896	
469	1	87.59	87.59	2.5419	
470	1	87.58	87.58	2.6636	
471	1	87.6	87.6	2.64	
472	1	87.68	87.68	2.5576	
473	1	87.77	87.77	2.8171	
474	1	87.8	87.8	2.88	
475	1	87.86	87.86	3.0404	
476	1	87.97	87.97	3.1691	
477	1	88.1	88.1	3.53	
478	1	88.25	88.25	3.9275	
479	1	88.41	88.41	4.2019	
480	1	88.59	88.59	5.1419	
481	1	88.84	88.84	6.1144	
482	1	89.16	89.16	7.2744	
483	1	89.49	89.49	8.2299	
484	1	89.74	89.74	9.5324	
485	1	90.28	90.28	10.5216	
486	1	90.73	90.73	10.1171	
487	1	91.24	91.24	10.1824	
488	1	91.72	91.72	10.5616	
489	1	91.94	91.94	10.9764	
490	1	92.38	92.38	11.0956	
491	1	92.57	92.57	11.2651	
492	1	92.73	92.73	11.6371	
493	1	93.07	93.07	11.8051	
494	1	93.26	93.26	11.8524	
495	1	93.49	93.49	12.0899	
496	1	93.73	93.73	12.3971	
497	1	94.14	94.14	12.0204	
498	1	94.53	94.53	12.0291	
499	1	94.76	94.76	11.6624	
500	1	95.09	95.09	11.4819	
501	1	95.32	95.32	10.9976	
502	1	95.62	95.62	9.7756	
503	1	95.86	95.86	10.4604	
504	1	96.04	96.04	10.1184	
505	1	96.04	96.04	10.0984	
506	1	96.08	96.08	10.2736	
507	1	96.22	96.22	10.7716	
508	1	96.32	96.32	11.0576	
509	1	96.59	96.59	10.1619	
510	1	96.8	96.8	10.28	
511	1	97.2	97.2	9.16	
512	1	97.44	97.44	9.9464	
513	1	97.64	97.64	10.4904	
514	1	97.87	97.87	11.5331	
515	1	98.12	98.12	12.3656	
516	1	98.42	98.42	11.7036	
517	1	98.63	98.63	12.2931	
518	1	98.95	98.95	12.9675	
519	1	99.21	99.21	13.5859	
520	1	99.49	99.49	13.9699	
521	1	99.64	99.64	13.8504	
522	1	99.78	99.78	14.2716	
523	1	100.06	100.06	12.8164	
524	1	100.36	100.36	10.7504	
525	1	100.73	100.73	9.7171	
526	1	100.79	100.79	9.9259	
527	1	101.03	101.03	8.6491	
528	1	101.15	101.15	8.9075	
529	1	101.26	101.26	8.3924	
530	1	101.37	101.37	8.4531	
531	1	101.51	101.51	8.2299	
532	1	101.58	101.58	8.4036	
533	1	101.57	101.57	8.3451	
534	1	101.67	101.67	8.3411	
535	1	101.87	101.87	8.7531	
536	1	101.99	101.99	8.9499	
537	1	102.1	102.1	9.25	
538	1	102.4	102.4	8.54	
539	1	102.49	102.49	8.8299	
540	1	102.65	102.65	9.3275	
541	1	102.79	102.79	9.3259	
542	1	102.85	102.85	9.7275	
543	1	103.04	103.04	10.2784	
544	1	103.33	103.33	9.5011	
545	1	103.62	103.62	9.3956	
546	1	103.88	103.88	9.5856	
547	1	103.99	103.99	10.0299	
548	1	104.17	104.17	10.5011	
549	1	104.53	104.53	11.0691	
550	1	104.68	104.68	11.1976	
551	1	104.75	104.75	11.3675	
552	1	104.91	104.91	11.6019	
553	1	105.06	105.06	11.8364	
554	1	105.17	105.17	12.3211	
555	1	105.34	105.34	12.6244	
556	1	105.56	105.56	12.0064	
557	1	105.83	105.83	12.0411	
558	1	106	106	12.28	
559	1	106.42	106.42	9.0236	
560	1	106.56	106.56	8.8464	
561	1	107.08	107.08	7.5336	
562	1	107.12	107.12	7.6656	
563	1	107.29	107.29	8.1459	
564	1	107.53	107.53	8.3491	
565	1	107.77	107.77	8.1571	
566	1	107.86	107.86	8.4204	
567	1	108.03	108.03	8.7891	
568	1	108.19	108.19	9.2139	
569	1	108.49	108.49	9.0099	
570	1	108.54	108.54	9.1484	
571	1	108.62	108.62	8.8556	
572	1	108.81	108.81	8.7939	
573	1	108.87	108.87	8.9131	
574	1	108.96	108.96	9.0384	
575	1	109.04	109.04	9.2984	
576	1	109.29	109.29	7.9659	
577	1	109.34	109.34	8.5444	
578	1	109.38	109.38	8.5756	
579	1	109.51	109.51	8.4499	
580	1	109.59	109.59	8.7619	
581	1	109.67	109.67	8.3211	
582	1	109.99	109.99	6.7299	
583	1	110.2	110.2	7.28	
584	1	110.47	110.47	7.9491	
585	1	110.63	110.63	8.4531	
586	1	111.01	111.01	7.4899	
587	1	111.28	111.28	7.5016	
588	1	111.66	111.66	8.7644	
589	1	111.76	111.76	9.0424	
590	1	112.05	112.05	8.6675	
591	1	112.39	112.39	8.5179	
592	1	112.46	112.46	8.6484	
593	1	112.68	112.68	8.8776	
594	1	112.84	112.84	8.8544	
595	1	112.94	112.94	9.0364	
596	1	113.2	113.2	8.14	
597	1	113.29	113.29	8.2659	
598	1	113.42	113.42	8.3836	
599	1	113.59	113.59	8.2819	
600	1	113.83	113.83	8.1611	
601	1	114.09	114.09	8.6419	
602	1	114.18	114.18	8.7876	
603	1	114.46	114.46	8.7884	
604	1	114.55	114.55	8.7675	
605	1	114.78	114.78	8.2716	
606	1	114.95	114.95	7.9675	
607	1	115.13	115.13	6.4531	
608	1	115.23	115.23	6.8171	
609	1	115.34	115.34	6.9644	
610	1	115.45	115.45	7.4275	
611	1	115.71	115.71	6.9059	
612	1	115.92	115.92	7.2336	
613	1	115.99	115.99	7.5099	
614	1	116.14	116.14	6.9604	
615	1	116.28	116.28	7.1816	
616	1	116.31	116.31	6.5539	
617	1	116.45	116.45	6.7475	
618	1	116.61	116.61	6.1179	
619	1	116.81	116.81	6.8939	
620	1	117.19	117.19	5.4539	
621	1	117.34	117.34	5.8644	
622	1	117.51	117.51	6.2499	
623	1	117.75	117.75	7.0875	
624	1	117.83	117.83	7.6211	
625	1	118.05	118.05	8.3875	
626	1	118.56	118.56	8.6264	
627	1	118.96	118.96	9.2184	
628	1	119.25	119.25	8.7075	
629	1	119.51	119.51	9.2099	
630	1	119.93	119.93	8.6851	
631	1	120.1	120.1	9.19	
632	1	120.4	120.4	9.22	
633	1	120.63	120.63	9.7131	
634	1	120.96	120.96	8.5984	
635	1	121.23	121.23	8.2371	
636	1	121.34	121.34	8.6244	
637	1	121.68	121.68	8.6176	
638	1	121.79	121.79	8.3859	
639	1	121.84	121.84	8.6344	
640	1	122.08	122.08	7.6936	
641	1	122.1	122.1	7.83	
642	1	122.41	122.41	8.3419	
643	1	122.58	122.58	8.4036	
644	1	122.7	122.7	8.17	
645	1	122.83	122.83	7.6811	
646	1	122.87	122.87	7.7531	
647	1	123.02	123.02	8.1996	
648	1	123.18	123.18	7.7476	
649	1	123.42	123.42	7.6036	
650	1	123.67	123.67	8.2611	
651	1	123.84	123.84	8.3744	
652	1	124.08	124.08	9.2336	
653	1	124.5	124.5	9.39	
654	1	124.77	124.77	9.5771	
655	1	125.16	125.16	8.8344	
656	1	125.37	125.37	9.3331	
657	1	125.49	125.49	9.8499	
658	1	125.84	125.84	10.1344	
659	1	125.91	125.91	10.2819	
660	1	126.19	126.19	10.3339	
661	1	126.42	126.42	11.1636	
662	1	126.58	126.58	11.6436	
663	1	126.58	126.58	11.9236	
664	1	126.74	126.74	12.3524	
665	1	127.01	127.01	11.4499	
666	1	127.28	127.28	11.5016	
667	1	127.53	127.53	11.5691	
668	1	127.9	127.9	9.21	
669	1	127.99	127.99	9.2699	
670	1	128.2	128.2	9.9	
671	1	128.29	128.29	10.2659	
672	1	128.44	128.44	10.4464	
673	1	128.47	128.47	9.8691	
674	1	128.58	128.58	9.7836	
675	1	128.69	128.69	9.8539	
676	1	128.96	128.96	9.9184	
677	1	129.14	129.14	10.0604	
678	1	129.52	129.52	9.9496	
679	1	129.6	129.6	10.14	
680	1	129.83	129.83	8.9611	
681	1	129.85	129.85	8.7675	
682	1	130.02	130.02	9.1396	
683	1	130.38	130.38	7.9956	
684	1	130.68	130.68	6.1576	
685	1	130.87	130.87	6.5131	
686	1	130.97	130.97	6.8691	
687	1	131.12	131.12	7.2656	
688	1	131.35	131.35	7.0075	
689	1	131.59	131.59	7.4219	
690	1	131.61	131.61	7.4979	
691	1	131.75	131.75	7.9075	
692	1	131.98	131.98	7.7996	
693	1	132.13	132.13	8.0331	
694	1	132.35	132.35	7.8875	
695	1	132.57	132.57	7.9251	
696	1	132.66	132.66	8.1444	
697	1	132.72	132.72	8.4216	
698	1	132.83	132.83	8.5611	
699	1	132.9	132.9	7.55	
700	1	132.97	132.97	7.6491	
701	1	133.13	133.13	7.9131	
702	1	133.21	133.21	8.1059	
703	1	133.33	133.33	8.1011	
704	1	133.62	133.62	6.3156	
705	1	133.74	133.74	6.2924	
706	1	133.82	133.82	6.4276	
707	1	133.9	133.9	6.19	
708	1	134.15	134.15	6.8075	
709	1	134.37	134.37	7.5731	
710	1	134.44	134.44	7.7264	
711	1	134.76	134.76	7.9024	
712	1	135.17	135.17	9.1811	
713	1	135.36	135.36	9.4704	
714	1	135.81	135.81	9.8539	
715	1	135.96	135.96	10.1584	
716	1	136.13	136.13	10.3731	
717	1	136.13	136.13	10.2331	
718	1	136.25	136.25	10.6475	
719	1	136.43	136.43	11.3251	
720	1	136.7	136.7	11.51	
721	1	136.98	136.98	11.8796	
722	1	137.09	137.09	12.1219	
723	1	137.24	137.24	12.4424	
724	1	137.43	137.43	11.8651	
725	1	137.62	137.62	11.9156	
726	1	137.73	137.73	11.6371	
727	1	137.72	137.72	11.6016	
728	1	137.73	137.73	11.6171	
729	1	137.86	137.86	11.8204	
730	1	137.83	137.83	11.7611	
731	1	137.85	137.85	11.7875	
732	1	138.01	138.01	9.4899	
733	1	138.09	138.09	9.8419	
734	1	138.31	138.31	9.8539	
735	1	138.5	138.5	10.17	
736	1	138.69	138.69	9.9539	
737	1	138.88	138.88	10.1656	
738	1	139.01	139.01	10.5499	
739	1	139.29	139.29	10.0659	
740	1	139.49	139.49	10.1299	
741	1	139.59	139.59	10.3419	
742	1	139.76	139.76	10.3224	
743	1	139.81	139.81	10.4139	
744	1	140.17	140.17	6.7011	
745	1	140.19	140.19	6.7339	
746	1	140.15	140.15	6.8875	
747	1	140.24	140.24	6.9824	
748	1	140.29	140.29	7.0459	
749	1	140.35	140.35	7.2075	
750	1	140.48	140.48	7.3296	
751	1	140.53	140.53	7.4491	
752	1	140.78	140.78	4.6516	
753	1	140.86	140.86	4.7804	
754	1	140.95	140.95	4.8675	
755	1	141	141	4.96	
756	1	141.12	141.12	4.2056	
757	1	141.13	141.13	4.1931	
758	1	141.17	141.17	4.2411	
759	1	141.18	141.18	4.2876	
760	1	141.3	141.3	3.87	
761	1	141.36	141.36	3.9304	
762	1	141.52	141.52	4.0296	
763	1	141.6	141.6	3.3	
764	1	141.69	141.69	3.5339	
765	1	141.96	141.96	3.3384	
766	1	142.16	142.16	3.8944	
767	1	142.27	142.27	4.1771	
768	1	142.47	142.47	4.6091	
769	1	142.59	142.59	4.4419	
770	1	142.7	142.7	4.81	
771	1	142.76	142.76	4.7624	
772	1	142.94	142.94	5.2364	
773	1	143.14	143.14	5.7204	
774	1	143.34	143.34	5.9044	
775	1	143.48	143.48	6.0696	
776	1	143.74	143.74	5.4524	
777	1	143.93	143.93	6.0051	
778	1	144.28	144.28	6.0016	
779	1	144.46	144.46	6.0084	
780	1	144.7	144.7	6.09	
781	1	144.9	144.9	6.41	
782	1	145.21	145.21	6.5459	
783	1	145.48	145.48	6.9096	
784	1	145.67	145.67	6.8411	
785	1	145.72	145.72	7.0016	
786	1	145.79	145.79	7.0459	
787	1	145.96	145.96	7.1584	
788	1	146.12	146.12	7.5056	
789	1	146.34	146.34	8.3844	
790	1	146.53	146.53	9.0491	
791	1	146.72	146.72	8.8816	
792	1	146.92	146.92	9.0136	
793	1	147.06	147.06	9.8364	
794	1	147.36	147.36	10.0504	
795	1	147.53	147.53	9.9491	
796	1	147.64	147.64	9.9504	
797	1	148.15	148.15	10.6075	
798	1	148.31	148.31	11.2139	
799	1	148.55	148.55	11.8075	
800	1	148.82	148.82	11.8476	
801	1	148.96	148.96	12.1384	
802	1	149.21	149.21	12.1059	
803	1	149.33	149.33	12.1011	
804	1	149.61	149.61	9.8379	
805	1	149.72	149.72	10.0216	
806	1	149.85	149.85	10.5475	
807	1	150.16	150.16	11.1944	
808	1	150.44	150.44	11.6464	
809	1	150.77	150.77	11.9971	
810	1	150.97	150.97	13.2491	
811	1	151.16	151.16	13.9744	
812	1	151.45	151.45	14.6075	
813	1	151.84	151.84	13.9144	
814	1	151.99	151.99	14.4899	
815	1	152.42	152.42	12.9436	
816	1	152.6	152.6	13.62	
817	1	152.75	152.75	13.2875	
818	1	152.97	152.97	13.4091	
819	1	153.13	153.13	13.9731	
820	1	153.42	153.42	13.1636	
821	1	153.51	153.51	12.8699	
822	1	153.73	153.73	11.6971	
823	1	153.93	153.93	11.8251	
824	1	154.29	154.29	10.1059	
825	1	154.46	154.46	10.3484	
826	1	154.51	154.51	10.4299	
827	1	154.51	154.51	10.9299	
828	1	154.73	154.73	10.9971	
829	1	154.91	154.91	10.8419	
830	1	155.08	155.08	10.4136	
831	1	155.28	155.28	10.6216	
832	1	155.38	155.38	10.8756	
833	1	155.48	155.48	10.9096	
834	1	155.47	155.47	10.8291	
835	1	155.57	155.57	10.9451	
836	1	155.52	155.52	10.8496	
837	1	155.64	155.64	10.5304	
838	1	155.77	155.77	10.8371	
839	1	155.9	155.9	10.87	
840	1	156.06	156.06	11.1564	
841	1	156.15	156.15	11.3075	
842	1	156.22	156.22	10.5916	
843	1	156.28	156.28	10.6816	
844	1	156.46	156.46	10.1884	
845	1	156.62	156.62	9.6556	
846	1	156.77	156.77	9.7571	
847	1	156.88	156.88	10.0056	
848	1	156.92	156.92	10.1936	
849	1	156.98	156.98	10.3396	
850	1	157.16	157.16	10.3544	
851	1	157.26	157.26	10.3124	
852	1	157.46	157.46	11.3484	
853	1	157.68	157.68	12.4176	
854	1	158.21	158.21	11.5859	
855	1	158.72	158.72	13.3216	
856	1	159.03	159.03	14.4891	
857	1	159.26	159.26	14.7324	
858	1	159.59	159.59	15.4819	
859	1	159.93	159.93	15.6051	
860	1	160.07	160.07	15.7451	
861	1	160.41	160.41	15.7219	
862	1	160.6	160.6	15.72	
863	1	160.9	160.9	15.63	
864	1	161.2	161.2	15.78	
865	1	161.38	161.38	15.6956	
866	1	161.57	161.57	15.9051	
867	1	161.71	161.71	16.2059	
868	1	161.89	161.89	15.3779	
869	1	161.99	161.99	15.3899	
870	1	162.01	162.01	15.4299	
871	1	162.2	162.2	15.9	
872	1	162.29	162.29	16.0259	
873	1	162.48	162.48	16.6096	
874	1	162.83	162.83	11.9211	
875	1	163.02	163.02	12.6196	
876	1	163.16	163.16	12.9744	
877	1	163.53	163.53	11.2691	
878	1	163.59	163.59	11.4819	
879	1	163.77	163.77	12.1171	
880	1	163.89	163.89	12.6379	
881	1	164.03	164.03	13.0291	
882	1	164.31	164.31	12.5539	
883	1	164.4	164.4	12.48	
884	1	164.54	164.54	12.5884	
885	1	164.63	164.63	12.8531	
886	1	164.75	164.75	13.1275	
887	1	165.04	165.04	10.7384	
888	1	165.18	165.18	10.5276	
889	1	165.37	165.37	10.5131	
890	1	165.74	165.74	9.7524	
891	1	165.89	165.89	9.3179	
892	1	165.89	165.89	9.3579	
893	1	166.01	166.01	9.4499	
894	1	166.13	166.13	9.5331	
895	1	166.32	166.32	9.6576	
896	1	166.31	166.31	9.8539	
897	1	166.49	166.49	9.7299	
898	1	166.7	166.7	9.03	
899	1	166.8	166.8	8.7	
900	1	166.86	166.86	8.7804	
901	1	166.97	166.97	8.7891	
902	1	167.3	167.3	7.17	
903	1	167.62	167.62	4.7556	
904	1	167.82	167.82	4.6676	
905	1	167.87	167.87	4.6931	
906	1	167.95	167.95	4.5875	
907	1	168.04	168.04	4.8384	
908	1	168.13	168.13	5.0331	
909	1	168.2	168.2	5.04	
910	1	168.33	168.33	4.7211	
911	1	168.38	168.38	4.6956	
912	1	168.59	168.59	4.2019	
913	1	168.7	168.7	4.33	
914	1	168.83	168.83	4.4411	
915	1	168.94	168.94	4.3364	
916	1	168.97	168.97	4.4291	
917	1	168.99	168.99	4.4699	
918	1	169.1	169.1	4.39	
919	1	169.29	169.29	3.4259	
920	1	169.37	169.37	3.5331	
921	1	169.44	169.44	3.5464	
922	1	169.5	169.5	3.77	
923	1	169.59	169.59	3.8219	
924	1	169.69	169.69	3.8739	
925	1	169.71	169.71	3.7859	
926	1	169.77	169.77	3.9171	
927	1	169.78	169.78	3.9116	
928	1	169.93	169.93	3.7051	
929	1	170	170	3.76	
930	1	170.02	170.02	3.7596	
931	1	170.12	170.12	3.5656	
932	1	170.21	170.21	3.7059	
933	1	170.23	170.23	3.7371	
934	1	170.29	170.29	3.8859	
935	1	170.44	170.44	4.1864	
936	1	170.57	170.57	4.6651	
937	1	170.85	170.85	5.3275	
938	1	171.05	171.05	5.8875	
939	1	171.14	171.14	5.5404	
940	1	171.34	171.34	6.1644	
941	1	171.52	171.52	6.5296	
942	1	171.67	171.67	7.0011	
943	1	171.92	171.92	7.7136	
944	1	171.97	171.97	7.4491	
945	1	172.15	172.15	7.6275	
946	1	172.45	172.45	7.3075	
947	1	172.71	172.71	8.1259	
948	1	172.93	172.93	9.1051	
949	1	173.42	173.42	9.9636	
950	1	173.68	173.68	10.2176	
951	1	173.84	173.84	10.7344	
952	1	174.11	174.11	10.9979	
953	1	174.44	174.44	10.6464	
954	1	174.69	174.69	10.8339	
955	1	174.75	174.75	11.0475	
956	1	174.92	174.92	11.5336	
957	1	175.12	175.12	11.6056	
958	1	175.23	175.23	12.0971	
959	1	175.52	175.52	11.8496	
960	1	175.67	175.67	11.7611	
961	1	176.04	176.04	11.7984	
962	1	176.28	176.28	12.1616	
963	1	176.38	176.38	12.3756	
964	1	176.73	176.73	12.2571	
965	1	176.91	176.91	13.0819	
966	1	177.28	177.28	10.2816	
967	1	177.55	177.55	11.5275	
968	1	177.83	177.83	11.7611	
969	1	178.14	178.14	11.0204	
970	1	178.43	178.43	11.6851	
971	1	178.76	178.76	12.6224	
972	1	179.19	179.19	12.8739	
973	1	179.31	179.31	13.1139	
974	1	179.51	179.51	12.9099	
975	1	179.66	179.66	12.9044	
976	1	179.94	179.94	12.1164	
977	1	180.14	180.14	12.0804	
978	1	180.32	180.32	11.9776	
979	1	180.42	180.42	12.2236	
980	1	180.61	180.61	12.7579	
981	1	180.74	180.74	12.5324	
982	1	180.81	180.81	12.8139	
983	1	180.98	180.98	13.1996	
984	1	181.21	181.21	13.7459	
985	1	181.53	181.53	13.4891	
986	1	181.94	181.94	12.3964	
987	1	182.08	182.08	12.4136	
988	1	182.45	182.45	11.2875	
989	1	182.54	182.54	11.5884	
990	1	182.73	182.73	11.0771	
991	1	182.83	182.83	11.3611	
992	1	182.96	182.96	11.7384	
993	1	183.24	183.24	12.2024	
994	1	183.39	183.39	12.4579	
995	1	183.7	183.7	10.39	
996	1	183.9	183.9	10.85	
997	1	184.11	184.11	10.5979	
998	1	184.3	184.3	10.67	
999	1	184.56	184.56	10.6664	
1000	1	184.82	184.82	11.0676	
1001	1	185.11	185.11	9.4979	
1002	1	185.25	185.25	9.8875	
1003	1	185.3	185.3	9.85	
1004	1	185.34	185.34	9.7644	
1005	1	185.43	185.43	10.0651	
1006	1	185.54	185.54	10.3884	
1007	1	185.64	185.64	10.5504	
1008	1	185.74	185.74	10.7324	
1009	1	185.86	185.86	10.9204	
1010	1	185.99	185.99	10.9699	
1011	1	186.29	186.29	8.4259	
1012	1	186.39	186.39	8.5779	
1013	1	186.76	186.76	5.9424	
1014	1	186.9	186.9	6.25	
1015	1	187.07	187.07	6.2851	
1016	1	187.23	187.23	6.8171	
1017	1	187.37	187.37	6.8531	
1018	1	187.57	187.57	5.8051	
1019	1	187.61	187.61	5.7379	
1020	1	187.85	187.85	5.9475	
1021	1	188	188	6.24	
1022	1	188.19	188.19	6.1939	
1023	1	188.29	188.29	6.3259	
1024	1	188.54	188.54	6.3684	
1025	1	188.69	188.69	6.4539	
1026	1	188.88	188.88	7.0656	
1027	1	189.19	189.19	6.6739	
1028	1	189.14	189.14	6.9204	
1029	1	189.15	189.15	6.8475	
1030	1	189.4	189.4	7.06	
1031	1	189.57	189.57	7.3451	
1032	1	190	190	7.9	
1033	1	190.19	190.19	8.4539	
1034	1	190.34	190.34	8.7444	
1035	1	190.47	190.47	8.9091	
1036	1	190.75	190.75	9.2075	
1037	1	190.98	190.98	8.0196	
1038	1	191.11	191.11	8.3379	
1039	1	191.27	191.27	8.2771	
1040	1	191.57	191.57	8.3851	
1041	1	191.81	191.81	7.2739	
1042	1	191.93	191.93	7.4051	
1043	1	192.18	192.18	7.6876	
1044	1	192.32	192.32	7.9776	
1045	1	192.55	192.55	8.2875	
1046	1	192.68	192.68	8.9176	
1047	1	192.89	192.89	9.6379	
1048	1	193.12	193.12	9.6056	
1049	1	193.34	193.34	10.0844	
1050	1	193.52	193.52	9.9096	
1051	1	193.67	193.67	10.1011	
1052	1	193.9	193.9	9.77	
1053	1	194.04	194.04	10.2384	
1054	1	194.53	194.53	8.5691	
1055	1	194.66	194.66	8.6044	
1056	1	194.78	194.78	8.2516	
1057	1	194.86	194.86	8.2204	
1058	1	195.02	195.02	8.4996	
1059	1	195.12	195.12	8.7856	
1060	1	195.31	195.31	8.2139	
1061	1	195.45	195.45	8.2275	
1062	1	195.57	195.57	8.3851	
1063	1	195.7	195.7	8.55	
1064	1	195.81	195.81	8.5339	
1065	1	195.85	195.85	8.2475	
1066	1	195.88	195.88	8.2656	
1067	1	195.94	195.94	8.4564	
1068	1	196.27	196.27	7.1771	
1069	1	196.38	196.38	7.4556	
1070	1	196.52	196.52	7.8896	
1071	1	196.74	196.74	7.9724	
1072	1	196.9	196.9	8.01	
1073	1	197	197	8.02	
1074	1	197.22	197.22	8.2916	
1075	1	197.56	197.56	9.1464	
1076	1	197.79	197.79	10.1059	
1077	1	198.29	198.29	9.8659	
1078	1	198.5	198.5	11.05	
1079	1	198.94	198.94	13.6164	
1080	1	199.28	199.28	15.0016	
1081	1	199.66	199.66	16.5644	
1082	1	200.03	200.03	16.0891	
1083	1	200.43	200.43	18.3851	
1084	1	200.82	200.82	19.2676	
1085	1	201.17	201.17	20.1011	
1086	1	201.61	201.61	21.3979	
1087	1	202.02	202.02	21.7796	
1088	1	202.36	202.36	22.1504	
1089	1	202.77	202.77	22.0971	
1090	1	203.17	203.17	22.3811	
1091	1	203.18	203.18	22.4476	
1092	1	203.47	203.47	22.8291	
1093	1	203.78	203.78	20.8316	
1094	1	203.84	203.84	20.9144	
1095	1	204.33	204.33	15.9411	
1096	1	204.56	204.56	16.7064	
1097	1	204.96	204.96	17.8784	
1098	1	205.52	205.52	20.0496	
1099	1	206.2	206.2	22.02	
1100	1	206.65	206.65	24.7075	
1101	1	207.09	207.09	28.0419	
1102	1	207.6	207.6	29.32	
1103	1	207.99	207.99	31.4099	
1104	1	208.49	208.49	31.9899	
1105	1	208.94	208.94	33.6564	
1106	1	209.33	209.33	32.9011	
1107	1	209.41	209.41	33.1619	
1108	1	209.68	209.68	33.4176	
1109	1	209.97	209.97	31.6091	
1110	1	210.14	210.14	32.1604	
1111	1	210.23	210.23	32.6571	
1112	1	210.55	210.55	31.7475	
1113	1	210.64	210.64	31.8904	
1114	1	210.85	210.85	32.2675	
1115	1	211.02	211.02	32.4596	
1116	1	211.31	211.31	32.0339	
1117	1	211.56	211.56	32.3864	
1118	1	211.84	211.84	31.2544	
1119	1	212.09	212.09	28.3019	
1120	1	212.38	212.38	27.5956	
1121	1	212.82	212.82	22.8676	
1122	1	213	213	23.84	
1123	1	213.22	213.22	23.4716	
1124	1	213.75	213.75	17.6075	
1125	1	213.9	213.9	18.35	
1126	1	214.18	214.18	18.4076	
1127	1	214.37	214.37	19.1931	
1128	1	214.57	214.57	18.4451	
1129	1	214.59	214.59	18.5619	
1130	1	214.96	214.96	16.2584	
1131	1	215.06	215.06	16.5564	
1132	1	215.22	215.22	17.0916	
1133	1	215.39	215.39	17.4779	
1134	1	215.61	215.61	16.8779	
1135	1	215.9	215.9	14.53	
1136	1	216.17	216.17	14.2411	
1137	1	216.74	216.74	9.3924	
1138	1	216.87	216.87	9.5331	
1139	1	217.14	217.14	10.1404	
1140	1	217.35	217.35	10.3075	
1141	1	217.63	217.63	10.6131	
1142	1	217.84	217.84	11.0344	
1143	1	218.04	218.04	11.5184	
1144	1	218.19	218.19	11.5939	
1145	1	218.22	218.22	11.4716	
1146	1	218.32	218.32	11.6976	
1147	1	218.51	218.51	12.4699	
1148	1	218.7	218.7	12.71	
1149	1	218.92	218.92	12.8536	
1150	1	219.17	219.17	13.7411	
1151	1	219.46	219.46	14.4884	
1152	1	219.57	219.57	15.2851	
1153	1	219.92	219.92	14.1536	
1154	1	220.06	220.06	14.6764	
1155	1	220.52	220.52	15.3696	
1156	1	220.87	220.87	15.8931	
1157	1	221.21	221.21	16.5859	
1158	1	221.53	221.53	17.2091	
1159	1	221.81	221.81	17.5739	
1160	1	222.12	222.12	17.8856	
1161	1	222.52	222.52	14.1096	
1162	1	222.91	222.91	9.1219	
1163	1	223.15	223.15	9.3075	
1164	1	223.24	223.24	9.5024	
1165	1	223.46	223.46	9.6084	
1166	1	223.64	223.64	10.2504	
1167	1	223.84	223.84	10.2944	
1168	1	224.01	224.01	10.8499	
1169	1	224.11	224.11	10.9979	
1170	1	224.27	224.27	11.7171	
1171	1	224.58	224.58	10.9436	
1172	1	224.82	224.82	11.3676	
1173	1	224.99	224.99	10.9699	
1174	1	225.14	225.14	11.5404	
1175	1	225.38	225.38	11.6556	
1176	1	225.39	225.39	10.8179	
1177	1	225.55	225.55	11.4475	
1178	1	225.73	225.73	12.0571	
1179	1	225.91	225.91	12.3019	
1180	1	226.07	226.07	12.1651	
1181	1	226.16	226.16	11.9544	
1182	1	226.64	226.64	9.9504	
1183	1	226.88	226.88	8.6256	
1184	1	227.16	227.16	6.9544	
1185	1	227.25	227.25	7.0275	
1186	1	227.38	227.38	6.2356	
1187	1	227.47	227.47	6.1291	
1188	1	227.56	227.56	6.1064	
1189	1	227.62	227.62	6.2956	
1190	1	227.81	227.81	5.4139	
1191	1	227.99	227.99	5.6699	
1192	1	228.11	228.11	5.9579	
1193	1	228.4	228.4	6.62	
1194	1	228.66	228.66	6.9444	
1195	1	228.89	228.89	6.8979	
1196	1	229.12	229.12	7.0056	
1197	1	229.49	229.49	6.7499	
1198	1	229.82	229.82	6.6476	
1199	1	230.08	230.08	7.2136	
1200	1	230.43	230.43	8.2451	
1201	1	230.67	230.67	8.5611	
1202	1	230.88	230.88	9.2256	
1203	1	231.14	231.14	10.3204	
1204	1	231.41	231.41	10.6419	
1205	1	231.73	231.73	11.8171	
1206	1	231.94	231.94	12.5764	
1207	1	232.26	232.26	13.2324	
1208	1	232.62	232.62	13.0956	
1209	1	232.79	232.79	13.7659	
1210	1	233	233	12.38	
1211	1	233.3	233.3	12.87	
1212	1	233.5	233.5	12.91	
1213	1	233.7	233.7	13.47	
1214	1	233.94	233.94	13.8364	
1215	1	233.97	233.97	13.9091	
1216	1	234.04	234.04	14.1984	
1217	1	234.31	234.31	14.1939	
1218	1	234.62	234.62	14.3756	
1219	1	234.72	234.72	14.7616	
1220	1	235.04	235.04	14.3984	
1221	1	235.27	235.27	14.9371	
1222	1	235.66	235.66	12.8244	
1223	1	235.69	235.69	13.0339	
1224	1	235.94	235.94	13.7564	
1225	1	236.29	236.29	14.9459	
1226	1	236.66	236.66	15.9844	
1227	1	237.1	237.1	14.35	
1228	1	237.32	237.32	14.9376	
1229	1	237.65	237.65	14.8075	
1230	1	238.12	238.12	13.6056	
1231	1	238.62	238.62	12.2356	
1232	1	238.75	238.75	12.3275	
1233	1	238.83	238.83	12.6411	
1234	1	238.94	238.94	12.7764	
1235	1	239.12	239.12	12.8256	
1236	1	239.16	239.16	12.9544	
1237	1	239.32	239.32	13.2776	
1238	1	239.43	239.43	13.7051	
1239	1	239.61	239.61	13.9979	
1240	1	239.85	239.85	13.0275	
1241	1	240.01	240.01	11.1699	
1242	1	240.11	240.11	11.3779	
1243	1	240.18	240.18	11.5676	
1244	1	240.36	240.36	11.5904	
1245	1	240.45	240.45	11.7075	
1246	1	240.63	240.63	10.5131	
1247	1	240.92	240.92	8.9936	
1248	1	241.01	241.01	9.2899	
1249	1	241.08	241.08	9.3936	
1250	1	241.16	241.16	9.6344	
1251	1	241.33	241.33	9.7611	
1252	1	241.33	241.33	9.8411	
1253	1	241.6	241.6	9.96	
1254	1	241.8	241.8	10.46	
1255	1	242.06	242.06	11.4364	
1256	1	242.21	242.21	12.1059	
1257	1	242.57	242.57	12.1851	
1258	1	242.79	242.79	13.1459	
1259	1	243.07	243.07	14.4851	
1260	1	243.36	243.36	14.9304	
1261	1	243.88	243.88	12.6256	
1262	1	244.34	244.34	13.7844	
1263	1	244.52	244.52	14.9496	
1264	1	244.71	244.71	15.4259	
1265	1	244.89	244.89	16.1379	
1266	1	244.98	244.98	16.2996	
1267	1	245.17	245.17	16.8211	
1268	1	245.59	245.59	17.2019	
1269	1	246.08	246.08	14.1936	
1270	1	246.33	246.33	14.3811	
1271	1	246.7	246.7	14.81	
1272	1	246.81	246.81	14.9139	
1273	1	246.9	246.9	15.37	
1274	1	247	247	14.78	
1275	1	247.23	247.23	14.8771	
1276	1	247.61	247.61	14.8779	
1277	1	247.88	247.88	15.1456	
1278	1	248.23	248.23	16.1771	
1279	1	248.54	248.54	16.2084	
1280	1	248.69	248.69	17.0539	
1281	1	248.92	248.92	17.5736	
1282	1	249.17	249.17	18.5011	
1283	1	249.28	249.28	18.7016	
1284	1	249.38	249.38	19.0956	
1285	1	249.68	249.68	17.6176	
1286	1	250	250	17.1	
1287	1	250.07	250.07	17.4251	
1288	1	250.22	250.22	16.4116	
1289	1	250.38	250.38	17.1756	
1290	1	250.58	250.58	16.9636	
1291	1	250.76	250.76	16.7624	
1292	1	251.01	251.01	16.7899	
1293	1	251.25	251.25	16.5875	
1294	1	251.45	251.45	15.7875	
1295	1	251.52	251.52	16.0496	
1296	1	251.57	251.57	15.3251	
1297	1	251.68	251.68	15.9576	
1298	1	251.84	251.84	16.6344	
1299	1	252.14	252.14	16.3804	
1300	1	252.3	252.3	16.41	
1301	1	252.58	252.58	15.6836	
1302	1	252.87	252.87	16.3531	
1303	1	253.02	253.02	16.6596	
1304	1	253.24	253.24	16.1424	
1305	1	253.34	253.34	16.5044	
1306	1	253.42	253.42	16.9236	
1307	1	253.63	253.63	17.2531	
1308	1	253.86	253.86	17.5004	
1309	1	254.13	254.13	17.8731	
1310	1	254.5	254.5	15.45	
1311	1	254.61	254.61	15.7779	
1312	1	254.85	254.85	16.3275	
1313	1	255.03	255.03	16.7291	
1314	1	255.18	255.18	17.4876	
1315	1	255.37	255.37	18.4531	
1316	1	255.64	255.64	19.5704	
1317	1	255.99	255.99	20.2699	
1318	1	256.21	256.21	21.1659	
1319	1	256.41	256.41	21.4219	
1320	1	257.01	257.01	17.5899	
1321	1	257.24	257.24	18.0624	
1322	1	257.61	257.61	18.6979	
1323	1	257.84	257.84	19.5744	
1324	1	258.08	258.08	21.1336	
1325	1	258.45	258.45	20.8275	
1326	1	259	259	19.34	
1327	1	259.49	259.49	15.6899	
1328	1	259.88	259.88	17.0256	
1329	1	260.65	260.65	12.5875	
1330	1	261	261	14.66	
1331	1	261.34	261.34	16.7444	
1332	1	261.99	261.99	18.4699	
1333	1	262.19	262.19	18.8739	
1334	1	262.86	262.86	18.9004	
1335	1	263.26	263.26	19.3924	
1336	1	263.51	263.51	20.5299	
1337	1	263.66	263.66	21.0444	
1338	1	263.94	263.94	22.7764	
1339	1	264.15	264.15	23.9675	
1340	1	264.56	264.56	25.0864	
1341	1	265.27	265.27	24.9571	
1342	1	265.85	265.85	22.7675	
1343	1	266.24	266.24	23.1024	
1344	1	266.59	266.59	22.8019	
1345	1	266.85	266.85	22.3675	
1346	1	266.94	266.94	22.1764	
1347	1	267.24	267.24	21.8824	
1348	1	267.41	267.41	20.5619	
1349	1	267.59	267.59	19.7419	
1350	1	267.79	267.79	20.1859	
1351	1	268.02	268.02	20.2996	
1352	1	268.3	268.3	17.95	
1353	1	268.71	268.71	15.9659	
1354	1	268.92	268.92	16.5336	
1355	1	269.12	269.12	17.0456	
1356	1	269.43	269.43	15.2251	
1357	1	269.61	269.61	15.3379	
1358	1	269.79	269.79	15.4659	
1359	1	270.17	270.17	14.4011	
1360	1	270.3	270.3	14.87	
1361	1	270.6	270.6	13.78	
1362	1	270.78	270.78	14.2116	
1363	1	270.82	270.82	14.3476	
1364	1	270.84	270.84	14.5144	
1365	1	270.99	270.99	14.5099	
1366	1	271.24	271.24	15.6824	
1367	1	271.36	271.36	16.5904	
1368	1	271.84	271.84	18.5544	
1369	1	272.31	272.31	19.4939	
1370	1	272.82	272.82	19.8876	
1371	1	272.95	272.95	20.3675	
1372	1	273.19	273.19	19.8139	
1373	1	273.34	273.34	19.8444	
1374	1	273.84	273.84	18.2144	
1375	1	274.02	274.02	18.5596	
1376	1	274.27	274.27	18.7971	
1377	1	274.47	274.47	19.1691	
1378	1	274.63	274.63	19.6731	
1379	1	274.95	274.95	15.1875	
1380	1	275	275	15.44	
1381	1	275.17	275.17	16.1411	
1382	1	275.44	275.44	16.0464	
1383	1	275.58	275.58	15.7436	
1384	1	275.88	275.88	14.9856	
1385	1	276.02	276.02	14.8796	
1386	1	276.23	276.23	14.7171	
1387	1	276.59	276.59	14.9219	
1388	1	276.78	276.78	15.5516	
1389	1	277.1	277.1	16.43	
1390	1	277.4	277.4	17.14	
1391	1	277.53	277.53	17.6691	
1392	1	277.73	277.73	18.2971	
1393	1	278.01	278.01	18.5699	
1394	1	278.15	278.15	18.9875	
1395	1	278.57	278.57	18.8451	
1396	1	278.95	278.95	15.1875	
1397	1	279.24	279.24	14.3624	
1398	1	279.45	279.45	13.6075	
1399	1	279.56	279.56	14.0464	
1400	1	279.7	279.7	13.81	
1401	1	279.9	279.9	12.43	
1402	1	279.96	279.96	12.7184	
1403	1	280.16	280.16	13.0544	
1404	1	280.31	280.31	13.2339	
1405	1	280.42	280.42	13.3636	
1406	1	280.47	280.47	13.5491	
1407	1	280.65	280.65	13.8075	
1408	1	280.94	280.94	13.4564	
1409	1	281.24	281.24	13.7024	
1410	1	281.47	281.47	14.0291	
1411	1	281.62	281.62	14.4156	
1412	1	281.52	281.52	14.1096	
1413	1	281.74	281.74	14.4724	
1414	1	281.93	281.93	15.0051	
1415	1	282.4	282.4	9.52	
1416	1	282.53	282.53	9.9091	
1417	1	282.59	282.59	10.1019	
1418	1	282.83	282.83	10.5611	
1419	1	283.03	283.03	11.0291	
1420	1	283.11	283.11	11.2179	
1421	1	283.25	283.25	10.9275	
1422	1	283.58	283.58	10.1236	
1423	1	283.88	283.88	9.0256	
1424	1	284.03	284.03	9.3091	
1425	1	284.23	284.23	9.6571	
1426	1	284.33	284.33	9.8211	
1427	1	284.37	284.37	9.7731	
1428	1	284.47	284.47	10.0891	
1429	1	284.58	284.58	10.3636	
1430	1	284.77	284.77	11.0971	
1431	1	284.93	284.93	11.4851	
1432	1	285.2	285.2	11.66	
1433	1	285.41	285.41	11.7419	
1434	1	285.5	285.5	12.19	
1435	1	285.89	285.89	10.9579	
1436	1	286.17	286.17	11.6411	
1437	1	286.41	286.41	11.9219	
1438	1	286.68	286.68	12.7176	
1439	1	286.84	286.84	13.2544	
1440	1	286.87	286.87	13.3931	
1441	1	287.06	287.06	13.7364	
1442	1	287.15	287.15	14.2675	
1443	1	287.21	287.21	14.6659	
1444	1	287.49	287.49	14.9699	
1445	1	287.63	287.63	15.5931	
1446	1	287.95	287.95	16.3275	
1447	1	288.13	288.13	16.7331	
1448	1	288.37	288.37	16.9331	
1449	1	288.51	288.51	17.0299	
1450	1	288.87	288.87	16.6331	
1451	1	289.39	289.39	13.3579	
1452	1	289.55	289.55	13.7275	
1453	1	289.62	289.62	13.9956	
1454	1	289.79	289.79	14.1259	
1455	1	289.84	289.84	14.3144	
1456	1	290.08	290.08	11.5936	
1457	1	290.24	290.24	12.0224	
1458	1	290.42	290.42	11.2236	
1459	1	290.54	290.54	11.4884	
1460	1	290.77	290.77	11.3971	
1461	1	290.89	290.89	11.6979	
1462	1	291.03	291.03	11.9091	
1463	1	291.2	291.2	12.46	
1464	1	291.33	291.33	12.5211	
1465	1	291.38	291.38	12.8756	
1466	1	291.55	291.55	12.5475	
1467	1	291.74	291.74	12.6524	
1468	1	291.84	291.84	13.0944	
1469	1	292.17	292.17	14.2611	
1470	1	292.61	292.61	14.5379	
1471	1	293.02	293.02	16.8196	
1472	1	293.48	293.48	18.9096	
1473	1	293.96	293.96	20.4784	
1474	1	294.39	294.39	21.8579	
1475	1	294.68	294.68	21.8976	
1476	1	295.14	295.14	23.9004	
1477	1	295.43	295.43	23.4651	
1478	1	295.69	295.69	24.8139	
1479	1	295.9	295.9	25.25	
1480	1	296.08	296.08	25.2936	
1481	1	296.4	296.4	26.18	
1482	1	297.12	297.12	23.1456	
1483	1	297.63	297.63	24.6531	
1484	1	298.08	298.08	23.8136	
1485	1	298.57	298.57	23.7651	
1486	1	298.97	298.97	24.9691	
1487	1	299.34	299.34	26.5644	
1488	1	299.77	299.77	27.7571	
1489	1	300.21	300.21	28.5459	
1490	1	300.61	300.61	27.2379	
1491	1	301.08	301.08	26.7136	
1492	1	301.6	301.6	23.56	
1493	1	301.99	301.99	24.3299	
1494	1	302.49	302.49	25.8899	
1495	1	302.76	302.76	27.0624	
1496	1	303.17	303.17	28.1011	
1497	1	303.99	303.99	25.3499	
1498	1	304.29	304.29	25.0659	
1499	1	304.65	304.65	25.6475	
1500	1	304.99	304.99	25.6899	
1501	1	305.32	305.32	26.1176	
1502	1	305.57	305.57	27.1251	
1503	1	305.81	305.81	27.8539	
1504	1	306.29	306.29	26.1259	
1505	1	306.55	306.55	27.8275	
1506	1	307.01	307.01	28.4499	
1507	1	307.41	307.41	29.1619	
1508	1	307.78	307.78	29.9316	
1509	1	308.44	308.44	28.2864	
1510	1	309.09	309.09	25.3019	
1511	1	309.35	309.35	25.0475	
1512	1	310.14	310.14	26.1804	
1513	1	310.71	310.71	28.1859	
1514	1	311.15	311.15	31.1275	
1515	1	311.79	311.79	33.7259	
1516	1	312.19	312.19	35.9139	
1517	1	312.71	312.71	34.9459	
1518	1	313.1	313.1	37.09	
1519	1	313.45	313.45	37.8275	
1520	1	313.74	313.74	39.3324	
1521	1	314.35	314.35	41.5275	
1522	1	314.71	314.71	41.3459	
1523	1	315.05	315.05	39.9875	
1524	1	315.42	315.42	40.2436	
1525	1	316.39	316.39	27.7379	
1526	1	316.76	316.76	28.4424	
1527	1	317.48	317.48	23.2696	
1528	1	317.68	317.68	23.9576	
1529	1	318.01	318.01	23.5099	
1530	1	318.3	318.3	23.57	
1531	1	318.81	318.81	22.4139	
1532	1	318.9	318.9	22.65	
1533	1	319.61	319.61	13.9179	
1534	1	319.67	319.67	13.9411	
1535	1	319.78	319.78	13.4116	
1536	1	319.87	319.87	13.2931	
1537	1	319.97	319.97	13.2091	
1538	1	319.98	319.98	13.2196	
1539	1	320.09	320.09	13.5219	
1540	1	320.29	320.29	14.1859	
1541	1	320.54	320.54	14.2884	
1542	1	320.78	320.78	15.6516	
1543	1	321.05	321.05	16.3275	
1544	1	321.59	321.59	12.1219	
1545	1	321.84	321.84	12.7744	
1546	1	322.14	322.14	14.1804	
1547	1	322.26	322.26	14.3124	
1548	1	322.47	322.47	15.0091	
1549	1	322.71	322.71	15.6859	
1550	1	322.99	322.99	16.3299	
1551	1	323.21	323.21	16.9059	
1552	1	323.38	323.38	17.0556	
1553	1	323.71	323.71	17.4059	
1554	1	324.11	324.11	13.8779	
1555	1	324.35	324.35	14.3675	
1556	1	324.51	324.51	14.7299	
1557	1	324.76	324.76	13.0024	
1558	1	325.13	325.13	12.9931	
1559	1	325.3	325.3	13.25	
1560	1	325.53	325.53	13.1091	
1561	1	325.65	325.65	13.7275	
1562	1	325.86	325.86	14.2804	
1563	1	326.05	326.05	15.3075	
1564	1	326.39	326.39	14.2379	
1565	1	326.77	326.77	12.5571	
1566	1	327.22	327.22	9.6316	
1567	1	327.6	327.6	9.84	
1568	1	327.94	327.94	11.3764	
1569	1	328.19	328.19	12.1139	
1570	1	328.48	328.48	12.3696	
1571	1	328.79	328.79	13.2459	
1572	1	328.87	328.87	13.6531	
1573	1	329.2	329.2	13.22	
1574	1	329.4	329.4	14.2	
1575	1	329.65	329.65	14.2475	
1576	1	330.01	330.01	14.2899	
1577	1	330.36	330.36	14.2104	
1578	1	330.63	330.63	14.8531	
1579	1	330.87	330.87	15.6731	
1580	1	331.1	331.1	15.85	
1581	1	331.38	331.38	15.9556	
1582	1	331.68	331.68	17.2976	
1583	1	332	332	19.08	
1584	1	332.27	332.27	20.1171	
1585	1	332.48	332.48	21.3496	
1586	1	332.89	332.89	21.5779	
1587	1	333.03	333.03	22.3691	
1588	1	333.2	333.2	23.58	
1589	1	333.73	333.73	25.7371	
1590	1	334.24	334.24	27.2624	
1591	1	334.5	334.5	27.71	
1592	1	334.83	334.83	29.4011	
1593	1	335.22	335.22	29.5516	
1594	1	335.62	335.62	30.5956	
1595	1	335.87	335.87	31.3731	
1596	1	336.11	336.11	32.7579	
1597	1	336.48	336.48	33.9496	
1598	1	336.77	336.77	34.6571	
1599	1	336.97	336.97	34.3491	
1600	1	337.44	337.44	34.5664	
1601	1	337.76	337.76	33.6424	
1602	1	337.98	337.98	33.3396	
1603	1	338.23	338.23	33.4771	
1604	1	338.77	338.77	30.1571	
1605	1	339.09	339.09	29.6819	
1606	1	339.2	339.2	30.06	
1607	1	339.61	339.61	26.7179	
1608	1	339.77	339.77	26.4571	
1609	1	339.96	339.96	26.0184	
1610	1	340.38	340.38	20.5156	
1611	1	340.52	340.52	20.8496	
1612	1	340.82	340.82	18.9876	
1613	1	341	341	18.14	
1614	1	341.09	341.09	18.3219	
1615	1	341.12	341.12	18.4256	
1616	1	341.31	341.31	18.1139	
1617	1	341.55	341.55	14.0075	
1618	1	341.58	341.58	14.0636	
1619	1	341.64	341.64	14.0904	
1620	1	341.73	341.73	14.2771	
1621	1	341.79	341.79	14.4859	
1622	1	341.94	341.94	15.1964	
1623	1	341.94	341.94	15.1764	
1624	1	341.91	341.91	15.1419	
1625	1	342.03	342.03	15.2291	
1626	1	342.11	342.11	15.7179	
1627	1	342.27	342.27	16.3771	
1628	1	342.46	342.46	17.2084	
1629	1	342.8	342.8	18.76	
1630	1	342.9	342.9	19.21	
1631	1	343.58	343.58	13.5636	
1632	1	343.79	343.79	14.3459	
1633	1	343.98	343.98	14.9396	
1634	1	344.04	344.04	15.1384	
1635	1	344.39	344.39	16.1179	
1636	1	344.6	344.6	16.48	
1637	1	344.72	344.72	16.9016	
1638	1	345.17	345.17	16.0611	
1639	1	345.37	345.37	16.2331	
1640	1	345.51	345.51	16.4099	
1641	1	345.77	345.77	16.5571	
1642	1	346.01	346.01	17.1499	
1643	1	346.17	346.17	17.1611	
1644	1	346.29	346.29	16.8659	
1645	1	346.35	346.35	16.9875	
1646	1	346.57	346.57	15.5451	
1647	1	346.79	346.79	15.5059	
1648	1	346.84	346.84	15.6744	
1649	1	346.86	346.86	15.7804	
1650	1	346.94	346.94	16.0764	
1651	1	347.03	347.03	15.8691	
1652	1	347.13	347.13	16.2131	
1653	1	347.43	347.43	9.9851	
1654	1	347.47	347.47	10.2291	
1655	1	347.71	347.71	10.5259	
1656	1	347.9	347.9	10.83	
1657	1	347.99	347.99	11.1699	
1658	1	348.16	348.16	11.4144	
1659	1	348.33	348.33	11.7011	
1660	1	348.68	348.68	11.6576	
1661	1	348.73	348.73	11.9971	
1662	1	349.09	349.09	12.9019	
1663	1	349.48	349.48	13.8496	
1664	1	349.74	349.74	14.6924	
1665	1	350.04	350.04	14.8584	
1666	1	350.38	350.38	14.8156	
1667	1	350.8	350.8	14.8	
1668	1	351.1	351.1	15.87	
1669	1	351.36	351.36	16.8304	
1670	1	351.8	351.8	14.44	
1671	1	351.97	351.97	14.6091	
1672	1	352.2	352.2	14.74	
1673	1	352.42	352.42	15.1836	
1674	1	352.75	352.75	14.6675	
1675	1	353.07	353.07	12.1051	
1676	1	353.17	353.17	12.4011	
1677	1	353.41	353.41	12.6219	
1678	1	353.61	353.61	12.6379	
1679	1	353.79	353.79	12.6059	
1680	1	354.04	354.04	12.2984	
1681	1	354.13	354.13	12.2131	
1682	1	354.24	354.24	12.5624	
1683	1	354.68	354.68	9.3376	
1684	1	354.76	354.76	9.5424	
1685	1	354.85	354.85	9.5875	
1686	1	355.03	355.03	8.6891	
1687	1	355.12	355.12	8.8256	
1688	1	355.34	355.34	7.3844	
1689	1	355.51	355.51	6.9699	
1690	1	355.55	355.55	7.0675	
1691	1	355.65	355.65	7.2475	
1692	1	355.74	355.74	7.4524	
1693	1	355.89	355.89	6.9979	
1694	1	355.9	355.9	7.05	
1695	1	356.06	356.06	7.0164	
1696	1	356.13	356.13	7.0931	
1697	1	356.19	356.19	7.1139	
1698	1	356.46	356.46	6.6284	
1699	1	356.52	356.52	6.4096	
1700	1	356.64	356.64	6.5304	
1701	1	356.74	356.74	6.6924	
1702	1	356.75	356.75	6.7475	
1703	1	356.85	356.85	6.9275	
1704	1	357.07	357.07	7.5051	
1705	1	357.16	357.16	7.8144	
1706	1	357.42	357.42	8.6236	
1707	1	357.67	357.67	9.7211	
1708	1	358.08	358.08	9.9136	
1709	1	358.39	358.39	10.4179	
1710	1	358.88	358.88	10.1856	
1711	1	359.08	359.08	10.8336	
1712	1	359.21	359.21	11.0659	
1713	1	359.49	359.49	11.4499	
1714	1	359.69	359.69	11.8939	
1715	1	360.09	360.09	11.5619	
1716	1	360.39	360.39	11.5979	
1717	1	360.61	360.61	11.9379	
1718	1	360.61	360.61	12.0979	
1719	1	360.81	360.81	12.1939	
1720	1	360.97	360.97	12.1291	
1721	1	361.01	361.01	12.2899	
1722	1	361.21	361.21	11.6059	
1723	1	361.27	361.27	11.5371	
1724	1	361.37	361.37	11.3931	
1725	1	361.52	361.52	11.3096	
1726	1	361.58	361.58	11.3236	
1727	1	361.88	361.88	7.4256	
1728	1	361.92	361.92	7.5136	
1729	1	361.91	361.91	7.5419	
1730	1	361.98	361.98	7.8196	
1731	1	362.15	362.15	7.8475	
1732	1	362.27	362.27	7.5571	
1733	1	362.36	362.36	7.4104	
1734	1	362.53	362.53	7.3691	
1735	1	362.8	362.8	7.1	
1736	1	362.81	362.81	7.1339	
1737	1	362.9	362.9	7.29	
1738	1	363.01	363.01	6.7299	
1739	1	363.11	363.11	6.5579	
1740	1	363.12	363.12	6.5856	
1741	1	363.17	363.17	6.4411	
1742	1	363.23	363.23	6.4771	
1743	1	363.34	363.34	6.7244	
1744	1	363.36	363.36	6.7504	
1745	1	363.41	363.41	6.8419	
1746	1	363.56	363.56	6.7264	
1747	1	363.64	363.64	6.8704	
1748	1	363.81	363.81	6.7139	
1749	1	363.93	363.93	6.8051	
1750	1	364.09	364.09	6.7619	
1751	1	364.17	364.17	6.9211	
1752	1	364.31	364.31	6.8139	
1753	1	364.43	364.43	6.5451	
1754	1	364.58	364.58	3.7836	
1755	1	364.63	364.63	3.8331	
1756	1	364.67	364.67	3.8811	
1757	1	364.76	364.76	3.9824	
1758	1	364.75	364.75	3.9475	
1759	1	364.72	364.72	3.8616	
1760	1	364.79	364.79	3.4059	
1761	1	364.81	364.81	3.4339	
1762	1	364.89	364.89	3.4379	
1763	1	365	365	3.5	
1764	1	365.03	365.03	3.5091	
1765	1	365.1	365.1	3.61	
1766	1	365.15	365.15	3.6875	
1767	1	365.15	365.15	3.6675	
1768	1	365.21	365.21	3.7659	
1769	1	365.27	365.27	3.7971	
1770	1	365.34	365.34	3.8844	
1771	1	365.61	365.61	2.8779	
1772	1	365.77	365.77	3.2571	
1773	1	365.85	365.85	3.5075	
1774	1	365.92	365.92	3.6936	
1775	1	366.12	366.12	3.8256	
1776	1	366.22	366.22	4.0916	
1777	1	366.45	366.45	4.6475	
1778	1	366.61	366.61	5.1379	
1779	1	366.85	366.85	5.0875	
1780	1	367.05	367.05	5.2675	
1781	1	367.1	367.1	5.37	
1782	1	367.29	367.29	5.5659	
1783	1	367.43	367.43	5.4251	
1784	1	367.64	367.64	5.6904	
1785	1	367.79	367.79	5.9859	
1786	1	368.14	368.14	6.9404	
1787	1	368.38	368.38	8.5356	
1788	1	368.71	368.71	10.7659	
1789	1	369.27	369.27	12.8771	
1790	1	369.61	369.61	12.7779	
1791	1	370.1	370.1	11.77	
1792	1	370.3	370.3	12.47	
1793	1	370.64	370.64	13.7704	
1794	1	370.96	370.96	14.6984	
1795	1	371.4	371.4	15.04	
1796	1	371.73	371.73	15.1771	
1797	1	371.93	371.93	15.6451	
1798	1	372.3	372.3	15.17	
1799	1	372.59	372.59	15.0219	
1800	1	372.86	372.86	14.4604	
1801	1	372.93	372.93	14.5651	
1802	1	373.18	373.18	14.1676	
1803	1	373.21	373.21	13.9859	
1804	1	373.37	373.37	13.9331	
1805	1	373.55	373.55	13.9675	
1806	1	373.54	373.54	13.9484	
1807	1	373.71	373.71	13.9459	
1808	1	373.77	373.77	13.5571	
1809	1	374.05	374.05	13.0475	
1810	1	374.27	374.27	12.5371	
1811	1	374.37	374.37	12.8531	
1812	1	374.36	374.36	12.8104	
1813	1	374.49	374.49	12.4499	
1814	1	374.74	374.74	11.7124	
1815	1	374.82	374.82	11.9476	
1816	1	374.84	374.84	12.0144	
1817	1	374.98	374.98	11.9596	
1818	1	375.17	375.17	10.9411	
1819	1	375.12	375.12	10.7656	
1820	1	375.23	375.23	9.6771	
1821	1	375.43	375.43	8.7651	
1822	1	375.53	375.53	8.6691	
1823	1	375.74	375.74	7.2524	
1824	1	375.78	375.78	7.2316	
1825	1	375.87	375.87	6.7531	
1826	1	375.85	375.85	6.8075	
1827	1	376.01	376.01	6.2499	
1828	1	376.02	376.02	6.1996	
1829	1	376.16	376.16	5.8544	
1830	1	376.21	376.21	5.8659	
1831	1	376.31	376.31	6.1539	
1832	1	376.46	376.46	6.6284	
1833	1	376.6	376.6	6.92	
1834	1	376.73	376.73	7.1771	
1835	1	376.86	376.86	7.4604	
1836	1	376.95	376.95	7.6475	
1837	1	377.06	377.06	7.8164	
1838	1	377.2	377.2	7.3	
1839	1	377.28	377.28	7.5016	
1840	1	377.5	377.5	6.91	
1841	1	377.61	377.61	7.1779	
1842	1	377.77	377.77	7.5771	
1843	1	377.75	377.75	7.6075	
1844	1	377.88	377.88	7.9256	
1845	1	378.14	378.14	8.1004	
1846	1	378.3	378.3	8.65	
1847	1	378.52	378.52	9.3496	
1848	1	378.72	378.72	10.0416	
1849	1	378.92	378.92	10.6336	
1850	1	379.21	379.21	9.5659	
1851	1	379.18	379.18	9.4876	
1852	1	379.43	379.43	10.0451	
1853	1	379.6	379.6	10.5	
1854	1	379.76	379.76	10.7424	
1855	1	379.97	379.97	11.0491	
1856	1	380.06	380.06	11.2564	
1857	1	380.21	380.21	11.2259	
1858	1	380.34	380.34	11.2644	
1859	1	380.54	380.54	11.4484	
1860	1	380.57	380.57	11.5051	
1861	1	380.72	380.72	11.5816	
1862	1	380.97	380.97	9.3691	
1863	1	381.29	381.29	7.4059	
1864	1	381.39	381.39	7.5979	
1865	1	381.45	381.45	7.8275	
1866	1	381.53	381.53	7.8091	
1867	1	381.72	381.72	7.7216	
1868	1	381.85	381.85	8.0675	
1869	1	381.92	381.92	8.1536	
1870	1	381.99	381.99	8.1899	
1871	1	382.16	382.16	6.5744	
1872	1	382.4	382.4	6.76	
1873	1	382.51	382.51	6.9699	
1874	1	382.63	382.63	7.3131	
1875	1	382.78	382.78	7.0116	
1876	1	382.99	382.99	7.0299	
1877	1	383.13	383.13	7.2931	
1878	1	383.32	383.32	6.9176	
1879	1	383.46	383.46	7.1884	
1880	1	383.57	383.57	7.1851	
1881	1	383.73	383.73	7.0371	
1882	1	383.87	383.87	7.1331	
1883	1	383.95	383.95	7.1875	
1884	1	383.99	383.99	7.3099	
1885	1	384.24	384.24	6.0024	
1886	1	384.38	384.38	6.1156	
1887	1	384.48	384.48	6.1896	
1888	1	384.61	384.61	6.0579	
1889	1	384.76	384.76	6.2624	
1890	1	384.92	384.92	5.7736	
1891	1	385.09	385.09	5.5819	
1892	1	385.14	385.14	5.0004	
1893	1	385.27	385.27	5.1771	
1894	1	385.27	385.27	5.2371	
1895	1	385.42	385.42	5.7636	
1896	1	385.68	385.68	5.1576	
1897	1	385.81	385.81	5.4939	
1898	1	386	386	5.92	
1899	1	386.16	386.16	6.1144	
1900	1	386.36	386.36	6.5904	
1901	1	386.74	386.74	5.9924	
1902	1	386.99	386.99	6.5499	
1903	1	387.47	387.47	8.1691	
1904	1	387.86	387.86	8.8604	
1905	1	388.23	388.23	10.0971	
1906	1	388.49	388.49	10.7899	
1907	1	388.75	388.75	11.5475	
1908	1	389.29	389.29	12.6259	
1909	1	389.59	389.59	13.1619	
1910	1	390.04	390.04	13.7784	
1911	1	390.46	390.46	11.0484	
1912	1	390.73	390.73	11.2571	
1913	1	390.89	390.89	11.3579	
1914	1	391.42	391.42	11.4636	
1915	1	391.72	391.72	11.7016	
1916	1	392.23	392.23	13.7771	
1917	1	392.77	392.77	14.4371	
1918	1	393.17	393.17	15.0411	
1919	1	393.56	393.56	15.6064	
1920	1	393.94	393.94	14.7164	
1921	1	394.26	394.26	14.8924	
1922	1	394.49	394.49	15.0899	
1923	1	394.82	394.82	14.6876	
1924	1	395.16	395.16	12.9344	
1925	1	395.38	395.38	12.2356	
1926	1	395.53	395.53	12.4291	
1927	1	395.7	395.7	12.67	
1928	1	395.89	395.89	12.2379	
1929	1	395.96	395.96	12.5384	
1930	1	396.3	396.3	12.43	
1931	1	396.37	396.37	12.8131	
1932	1	396.74	396.74	13.1524	
1933	1	396.96	396.96	12.4384	
1934	1	397.38	397.38	12.7156	
1935	1	397.4	397.4	12.84	
1936	1	397.68	397.68	13.4776	
1937	1	397.96	397.96	14.2184	
1938	1	398.23	398.23	14.8371	
1939	1	398.57	398.57	15.5251	
1940	1	398.71	398.71	16.1659	
1941	1	398.79	398.79	16.5059	
1942	1	398.93	398.93	16.9251	
1943	1	399.12	399.12	17.2656	
1944	1	399.47	399.47	17.8491	
1945	1	399.63	399.63	17.8331	
1946	1	399.88	399.88	18.5656	
1947	1	400.13	400.13	19.4131	
1948	1	400.35	400.35	19.2275	
1949	1	400.45	400.45	19.4075	
1950	1	400.65	400.65	19.7675	
1951	1	401	401	17.92	
1952	1	401.16	401.16	18.2744	
1953	1	401.35	401.35	18.1675	
1954	1	401.6	401.6	16.78	
1955	1	401.99	401.99	13.4299	
1956	1	402.2	402.2	10.18	
1957	1	402.37	402.37	10.1131	
1958	1	402.36	402.36	9.9704	
1959	1	402.37	402.37	9.9931	
1960	1	402.48	402.48	10.1896	
1961	1	402.52	402.52	10.3496	
1962	1	402.63	402.63	10.4931	
1963	1	402.69	402.69	10.6939	
1964	1	402.78	402.78	10.9716	
1965	1	402.88	402.88	11.2856	
1966	1	403.05	403.05	10.5275	
1967	1	403.12	403.12	10.7856	
1968	1	403.24	403.24	10.0824	
1969	1	403.3	403.3	10.01	
1970	1	403.37	403.37	9.7531	
1971	1	403.39	403.39	9.8379	
1972	1	403.55	403.55	10.2275	
1973	1	403.67	403.67	10.7211	
1974	1	403.76	403.76	11.0224	
1975	1	404.04	404.04	11.7784	
1976	1	404.13	404.13	12.1531	
1977	1	404.54	404.54	11.1084	
1978	1	404.69	404.69	11.6339	
1979	1	404.72	404.72	11.6816	
1980	1	405.11	405.11	8.6179	
1981	1	405.48	405.48	7.2296	
1982	1	405.65	405.65	7.9675	
1983	1	405.88	405.88	8.5056	
1984	1	406.07	406.07	9.0251	
1985	1	406.41	406.41	9.9219	
1986	1	406.58	406.58	10.8436	
1987	1	407.06	407.06	10.9164	
1988	1	407.37	407.37	12.0331	
1989	1	407.6	407.6	12.74	
1990	1	407.88	407.88	13.7056	
1991	1	408.16	408.16	14.1544	
1992	1	408.34	408.34	13.9244	
1993	1	408.43	408.43	14.2651	
1994	1	408.77	408.77	14.0771	
1995	1	408.95	408.95	14.0275	
1996	1	409.06	409.06	14.0764	
1997	1	409.35	409.35	13.6275	
1998	1	409.62	409.62	13.8956	
1999	1	409.9	409.9	12.85	
2000	1	410.2	410.2	12.64	
