# mu = 0.1, s = 0.1, trials requested = 1, runtime = 0:00:00
# "Time"	"Actual trials"	"Mean mutation"	"Average mean mutation"	"Average mutation variance"
0	1	0	0	0	
1	1	0.01	0.01	0.0099	
2	1	0.01	0.01	0.0099	
3	1	0.03	0.03	0.0291	
4	1	0.03	0.03	0.0291	
5	1	0.05	0.05	0.0475	
6	1	0.08	0.08	0.0736	
7	1	0.11	0.11	0.1179	
8	1	0.11	0.11	0.1179	
9	1	0.15	0.15	0.1275	
10	1	0.17	0.17	0.1411	
11	1	0.17	0.17	0.1411	
12	1	0.17	0.17	0.1411	
13	1	0.18	0.18	0.1476	
14	1	0.17	0.17	0.1411	
15	1	0.18	0.18	0.1476	
16	1	0.17	0.17	0.1411	
17	1	0.17	0.17	0.1411	
18	1	0.19	0.19	0.1539	
19	1	0.19	0.19	0.1539	
20	1	0.23	0.23	0.1771	
21	1	0.25	0.25	0.2075	
22	1	0.28	0.28	0.2216	
23	1	0.31	0.31	0.2139	
24	1	0.31	0.31	0.2139	
25	1	0.31	0.31	0.2139	
26	1	0.34	0.34	0.2244	
27	1	0.38	0.38	0.2356	
28	1	0.37	0.37	0.2331	
29	1	0.39	0.39	0.2579	
30	1	0.42	0.42	0.2836	
31	1	0.38	0.38	0.2556	
32	1	0.34	0.34	0.2444	
33	1	0.33	0.33	0.2411	
34	1	0.32	0.32	0.2376	
35	1	0.3	0.3	0.23	
36	1	0.34	0.34	0.2644	
37	1	0.34	0.34	0.2444	
38	1	0.37	0.37	0.2531	
39	1	0.42	0.42	0.3036	
40	1	0.42	0.42	0.3036	
41	1	0.38	0.38	0.2756	
42	1	0.4	0.4	0.26	
43	1	0.39	0.39	0.2779	
44	1	0.45	0.45	0.3275	
45	1	0.43	0.43	0.3051	
46	1	0.47	0.47	0.3291	
47	1	0.48	0.48	0.3296	
48	1	0.51	0.51	0.3299	
49	1	0.49	0.49	0.3099	
50	1	0.49	0.49	0.3099	
51	1	0.47	0.47	0.3091	
52	1	0.45	0.45	0.2875	
53	1	0.45	0.45	0.3275	
54	1	0.4	0.4	0.3	
55	1	0.39	0.39	0.2979	
56	1	0.42	0.42	0.2836	
57	1	0.47	0.47	0.3291	
58	1	0.51	0.51	0.3299	
59	1	0.5	0.5	0.33	
60	1	0.53	0.53	0.3291	
61	1	0.57	0.57	0.3851	
62	1	0.53	0.53	0.3891	
63	1	0.52	0.52	0.4096	
64	1	0.51	0.51	0.4299	
65	1	0.55	0.55	0.4675	
66	1	0.55	0.55	0.4875	
67	1	0.6	0.6	0.6	
68	1	0.59	0.59	0.6219	
69	1	0.58	0.58	0.6436	
70	1	0.57	0.57	0.6451	
71	1	0.6	0.6	0.62	
72	1	0.64	0.64	0.6904	
73	1	0.7	0.7	0.71	
74	1	0.66	0.66	0.6444	
75	1	0.62	0.62	0.5956	
76	1	0.64	0.64	0.5904	
77	1	0.66	0.66	0.6644	
78	1	0.68	0.68	0.6576	
79	1	0.67	0.67	0.6611	
80	1	0.76	0.76	0.8624	
81	1	0.8	0.8	0.86	
82	1	0.85	0.85	0.8875	
83	1	0.87	0.87	0.9931	
84	1	0.87	0.87	0.9731	
85	1	0.91	0.91	1.0219	
86	1	0.89	0.89	0.9979	
87	1	0.92	0.92	1.0136	
88	1	1.09	1.09	1.2819	
89	1	1.07	1.07	1.2451	
90	1	1	1	1.22	
91	1	0.99	0.99	1.2499	
92	1	1.05	1.05	1.3075	
93	1	1.07	1.07	1.3051	
94	1	1.13	1.13	1.3531	
95	1	1.17	1.17	1.2811	
96	1	1.17	1.17	1.2411	
97	1	1.2	1.2	1.24	
98	1	1.21	1.21	1.2459	
99	1	1.14	1.14	1.2004	
100	1	1.16	1.16	1.1944	
101	1	1.14	1.14	1.2204	
102	1	1.2	1.2	1.36	
103	1	1.18	1.18	1.4076	
104	1	1.16	1.16	1.3544	
105	1	1.11	1.11	1.3379	
106	1	1.14	1.14	1.3404	
107	1	1.24	1.24	1.3624	
108	1	1.15	1.15	1.2275	
109	1	1.18	1.18	1.1876	
110	1	1.32	1.32	1.2776	
111	1	1.3	1.3	1.25	
112	1	1.32	1.32	1.2576	
113	1	1.25	1.25	1.2075	
114	1	1.24	1.24	1.2024	
115	1	1.22	1.22	1.1516	
116	1	1.25	1.25	1.1275	
117	1	1.31	1.31	1.1939	
118	1	1.42	1.42	1.3636	
119	1	1.42	1.42	1.3036	
120	1	1.46	1.46	1.3084	
121	1	1.52	1.52	1.3896	
122	1	1.59	1.59	1.4619	
123	1	1.6	1.6	1.38	
124	1	1.59	1.59	1.3619	
125	1	1.58	1.58	1.3236	
126	1	1.55	1.55	1.3475	
127	1	1.6	1.6	1.3	
128	1	1.68	1.68	1.3976	
129	1	1.67	1.67	1.5211	
130	1	1.63	1.63	1.5131	
131	1	1.68	1.68	1.4776	
132	1	1.74	1.74	1.5924	
133	1	1.66	1.66	1.5444	
134	1	1.75	1.75	1.5475	
135	1	1.81	1.81	1.7339	
136	1	1.84	1.84	1.8744	
137	1	1.82	1.82	1.8276	
138	1	1.74	1.74	1.9124	
139	1	1.66	1.66	1.8244	
140	1	1.56	1.56	1.7264	
141	1	1.57	1.57	1.7451	
142	1	1.66	1.66	1.7644	
143	1	1.64	1.64	1.7104	
144	1	1.68	1.68	1.7776	
145	1	1.7	1.7	1.81	
146	1	1.75	1.75	2.0275	
147	1	1.75	1.75	2.1675	
148	1	1.7	1.7	2.09	
149	1	1.67	1.67	2.1411	
150	1	1.62	1.62	1.9756	
151	1	1.62	1.62	1.8756	
152	1	1.65	1.65	1.8875	
153	1	1.69	1.69	1.9339	
154	1	1.8	1.8	2.12	
155	1	1.85	1.85	2.3475	
156	1	1.84	1.84	2.3144	
157	1	1.97	1.97	2.4891	
158	1	1.95	1.95	2.4275	
159	1	2	2	2.54	
160	1	2.02	2.02	2.5796	
161	1	2.2	2.2	2.6	
162	1	2.26	2.26	2.9724	
163	1	2.23	2.23	2.9771	
164	1	2.15	2.15	2.7475	
165	1	2.12	2.12	2.7256	
166	1	2.08	2.08	2.6136	
167	1	2.01	2.01	2.3099	
168	1	2.06	2.06	2.4964	
169	1	2.14	2.14	2.5004	
170	1	2.09	2.09	2.6019	
171	1	2.14	2.14	2.5204	
172	1	2.15	2.15	2.3675	
173	1	2.22	2.22	2.4716	
174	1	2.41	2.41	2.6219	
175	1	2.49	2.49	2.7899	
176	1	2.43	2.43	2.9251	
177	1	2.47	2.47	2.9291	
178	1	2.42	2.42	2.9836	
179	1	2.44	2.44	2.9464	
180	1	2.31	2.31	2.8939	
181	1	2.38	2.38	3.0956	
182	1	2.36	2.36	2.9904	
183	1	2.27	2.27	2.6571	
184	1	2.26	2.26	2.7524	
185	1	2.39	2.39	2.8779	
186	1	2.44	2.44	2.8064	
187	1	2.48	2.48	2.9496	
188	1	2.44	2.44	2.7464	
189	1	2.46	2.46	2.7484	
190	1	2.49	2.49	2.8299	
191	1	2.62	2.62	2.9356	
192	1	2.68	2.68	2.9976	
193	1	2.72	2.72	3.0016	
194	1	2.66	2.66	3.0044	
195	1	2.64	2.64	3.0704	
196	1	2.55	2.55	2.9475	
197	1	2.65	2.65	3.1075	
198	1	2.73	2.73	3.3571	
199	1	2.93	2.93	3.5851	
200	1	3.09	3.09	3.8419	
201	1	3.46	3.46	4.2084	
202	1	3.56	3.56	4.4464	
203	1	3.63	3.63	4.8931	
204	1	3.88	3.88	5.0856	
205	1	3.76	3.76	4.7624	
206	1	3.93	3.93	5.1251	
207	1	3.89	3.89	4.6979	
208	1	3.89	3.89	4.7379	
209	1	3.94	3.94	4.5764	
210	1	3.8	3.8	4.66	
211	1	4	4	4.66	
212	1	4.16	4.16	4.8144	
213	1	4.23	4.23	5.1971	
214	1	4.34	4.34	5.4444	
215	1	4.31	4.31	5.6939	
216	1	4.3	4.3	5.97	
217	1	4.28	4.28	6.1816	
218	1	4.43	4.43	6.3051	
219	1	4.59	4.59	6.4619	
220	1	4.75	4.75	6.6875	
221	1	4.58	4.58	6.3836	
222	1	4.67	4.67	6.2411	
223	1	4.78	4.78	5.9116	
224	1	4.84	4.84	5.4944	
225	1	4.95	4.95	5.6075	
226	1	4.96	4.96	5.4384	
227	1	4.9	4.9	6.15	
228	1	5.05	5.05	6.6075	
229	1	5.01	5.01	6.2899	
230	1	5.12	5.12	6.2656	
231	1	5.21	5.21	6.0859	
232	1	5.39	5.39	6.4579	
233	1	5.4	5.4	5.94	
234	1	5.43	5.43	5.6651	
235	1	5.56	5.56	5.4064	
236	1	5.63	5.63	5.2931	
237	1	5.62	5.62	4.9356	
238	1	5.53	5.53	4.6291	
239	1	5.68	5.68	4.8176	
240	1	5.87	5.87	5.0731	
241	1	5.83	5.83	4.9411	
242	1	5.85	5.85	5.3875	
243	1	6.05	6.05	5.5675	
244	1	6.1	6.1	5.49	
245	1	6.23	6.23	5.3771	
246	1	6.35	6.35	5.8875	
247	1	6.34	6.34	6.1444	
248	1	6.32	6.32	6.5576	
249	1	6.29	6.29	6.4059	
250	1	6.37	6.37	6.9131	
251	1	6.5	6.5	6.87	
252	1	6.51	6.51	6.8099	
253	1	6.72	6.72	7.3416	
254	1	6.67	6.67	7.3611	
255	1	6.68	6.68	7.2976	
256	1	6.68	6.68	7.3576	
257	1	6.66	6.66	7.8644	
258	1	6.89	6.89	8.3579	
259	1	7.12	7.12	8.0056	
260	1	7.14	7.14	7.5204	
261	1	7.24	7.24	7.7224	
262	1	7.42	7.42	7.8036	
263	1	7.63	7.63	8.3131	
264	1	7.45	7.45	8.2275	
265	1	7.6	7.6	7.8	
266	1	7.51	7.51	7.4099	
267	1	7.5	7.5	8.03	
268	1	7.56	7.56	7.9864	
269	1	7.52	7.52	8.0696	
270	1	7.74	7.74	8.1924	
271	1	7.83	7.83	7.7211	
272	1	7.66	7.66	8.1244	
273	1	7.7	7.7	7.95	
274	1	7.88	7.88	7.8256	
275	1	7.98	7.98	7.3596	
276	1	7.99	7.99	7.0899	
277	1	7.85	7.85	7.1475	
278	1	8.05	8.05	6.9675	
279	1	8.05	8.05	6.6875	
280	1	8.21	8.21	6.8459	
281	1	8.25	8.25	7.1475	
282	1	8.24	8.24	7.2424	
283	1	8.5	8.5	7.51	
284	1	8.51	8.51	7.7299	
285	1	8.32	8.32	8.0976	
286	1	8.45	8.45	7.9875	
287	1	8.52	8.52	8.2096	
288	1	8.8	8.8	7.62	
289	1	8.77	8.77	8.5771	
290	1	8.96	8.96	7.8784	
291	1	8.93	8.93	8.1451	
292	1	9.1	9.1	7.09	
293	1	9.09	9.09	7.0819	
294	1	9.08	9.08	6.7336	
295	1	9.03	9.03	6.6291	
296	1	9.03	9.03	6.5891	
297	1	9.02	9.02	6.0396	
298	1	9.03	9.03	5.7291	
299	1	9.03	9.03	5.8291	
300	1	9.24	9.24	4.7424	
301	1	9.24	9.24	4.5424	
302	1	9.37	9.37	4.4531	
303	1	9.47	9.47	4.5091	
304	1	9.64	9.64	4.5304	
305	1	9.67	9.67	4.2611	
306	1	9.74	9.74	4.5724	
307	1	9.78	9.78	4.0116	
308	1	9.79	9.79	3.7859	
309	1	9.83	9.83	3.7611	
310	1	9.73	9.73	3.7571	
311	1	9.88	9.88	3.9256	
312	1	9.93	9.93	3.7251	
313	1	9.89	9.89	3.7579	
314	1	9.97	9.97	3.8891	
315	1	10.13	10.13	3.9531	
316	1	10.17	10.17	3.9611	
317	1	10.16	10.16	3.7944	
318	1	10.24	10.24	3.6624	
319	1	10.26	10.26	3.8524	
320	1	10.26	10.26	4.0124	
321	1	10.26	10.26	3.9724	
322	1	10.33	10.33	3.9611	
323	1	10.35	10.35	3.9075	
324	1	10.38	10.38	3.9756	
325	1	10.27	10.27	3.9171	
326	1	10.21	10.21	4.1059	
327	1	10.24	10.24	4.3024	
328	1	10.28	10.28	4.0416	
329	1	10.35	10.35	3.9675	
330	1	10.38	10.38	3.8156	
331	1	10.35	10.35	4.6875	
332	1	10.48	10.48	4.4096	
333	1	10.62	10.62	4.5356	
334	1	10.77	10.77	4.3571	
335	1	10.91	10.91	3.9419	
336	1	11	11	3.62	
337	1	11.16	11.16	3.3544	
338	1	11.3	11.3	3.13	
339	1	11.31	11.31	3.1739	
340	1	11.38	11.38	2.6956	
341	1	11.37	11.37	2.6331	
342	1	11.49	11.49	2.7299	
343	1	11.62	11.62	2.7956	
344	1	11.63	11.63	2.8331	
345	1	11.69	11.69	2.8939	
346	1	11.66	11.66	2.9044	
347	1	11.61	11.61	2.9379	
348	1	11.55	11.55	2.9475	
349	1	11.56	11.56	2.9864	
350	1	11.48	11.48	2.9096	
351	1	11.43	11.43	2.8251	
352	1	11.48	11.48	2.6696	
353	1	11.54	11.54	2.6684	
354	1	11.52	11.52	3.0896	
355	1	11.61	11.61	3.0579	
356	1	11.56	11.56	3.0664	
357	1	11.47	11.47	3.2691	
358	1	11.57	11.57	3.1051	
359	1	11.59	11.59	3.0819	
360	1	11.68	11.68	3.0776	
361	1	11.66	11.66	3.1644	
362	1	11.64	11.64	3.4504	
363	1	11.57	11.57	3.5651	
364	1	11.68	11.68	3.2976	
365	1	11.7	11.7	3.33	
366	1	11.74	11.74	2.8724	
367	1	11.76	11.76	2.9224	
368	1	11.83	11.83	3.0211	
369	1	11.91	11.91	2.8619	
370	1	11.95	11.95	2.8075	
371	1	11.93	11.93	2.7451	
372	1	11.97	11.97	2.6491	
373	1	12.04	12.04	2.6984	
374	1	12.06	12.06	2.5364	
375	1	12.06	12.06	2.3164	
376	1	12.06	12.06	2.3764	
377	1	12.07	12.07	2.2851	
378	1	12.23	12.23	2.4371	
379	1	12.3	12.3	2.43	
380	1	12.35	12.35	2.2675	
381	1	12.37	12.37	2.0731	
382	1	12.36	12.36	2.0504	
383	1	12.39	12.39	2.1179	
384	1	12.33	12.33	2.3011	
385	1	12.34	12.34	2.1444	
386	1	12.32	12.32	2.0776	
387	1	12.28	12.28	2.2016	
388	1	12.27	12.27	2.3971	
389	1	12.33	12.33	2.0411	
390	1	12.33	12.33	1.9211	
391	1	12.26	12.26	1.7924	
392	1	12.35	12.35	1.8675	
393	1	12.33	12.33	1.9011	
394	1	12.36	12.36	1.7904	
395	1	12.35	12.35	1.7475	
396	1	12.35	12.35	1.5475	
397	1	12.41	12.41	1.6019	
398	1	12.59	12.59	1.7419	
399	1	12.66	12.66	1.8444	
400	1	12.75	12.75	1.9075	
401	1	12.69	12.69	1.7539	
402	1	12.76	12.76	1.9424	
403	1	12.74	12.74	1.7524	
404	1	12.71	12.71	1.7659	
405	1	12.75	12.75	1.8475	
406	1	12.85	12.85	1.9475	
407	1	12.8	12.8	2.02	
408	1	12.69	12.69	1.8739	
409	1	12.84	12.84	2.1344	
410	1	12.99	12.99	2.3699	
411	1	12.98	12.98	2.4396	
412	1	12.93	12.93	2.5251	
413	1	12.84	12.84	2.7544	
414	1	12.87	12.87	2.6131	
415	1	12.89	12.89	2.6979	
416	1	13.05	13.05	2.7275	
417	1	13.04	13.04	2.6984	
418	1	13.06	13.06	2.6164	
419	1	13.13	13.13	2.8931	
420	1	13	13	3.02	
421	1	12.95	12.95	3.0075	
422	1	12.92	12.92	3.0536	
423	1	12.9	12.9	2.99	
424	1	12.99	12.99	3.1699	
425	1	12.91	12.91	3.2619	
426	1	13.08	13.08	3.4536	
427	1	13.09	13.09	3.5219	
428	1	13.04	13.04	3.6184	
429	1	13.07	13.07	3.9451	
430	1	13.19	13.19	3.7939	
431	1	13.17	13.17	3.8011	
432	1	13.21	13.21	4.0459	
433	1	13.22	13.22	3.9716	
434	1	13.3	13.3	4.15	
435	1	13.38	13.38	4.0956	
436	1	13.43	13.43	4.0451	
437	1	13.5	13.5	4.07	
438	1	13.59	13.59	3.9819	
439	1	13.61	13.61	3.8379	
440	1	13.61	13.61	3.6579	
441	1	13.72	13.72	4.0416	
442	1	13.74	13.74	4.1724	
443	1	13.84	13.84	4.2344	
444	1	13.91	13.91	4.4019	
445	1	14.06	14.06	4.2964	
446	1	14	14	4.54	
447	1	14.11	14.11	4.5979	
448	1	14.06	14.06	5.0564	
449	1	14.18	14.18	4.6076	
450	1	14.22	14.22	4.6116	
451	1	14.22	14.22	4.5116	
452	1	14.23	14.23	4.3971	
453	1	14.17	14.17	4.4211	
454	1	14.07	14.07	4.2451	
455	1	14.19	14.19	4.0539	
456	1	14.17	14.17	4.2011	
457	1	14.24	14.24	4.3024	
458	1	14.17	14.17	4.2611	
459	1	14.22	14.22	4.2316	
460	1	14.3	14.3	4.27	
461	1	14.47	14.47	3.9691	
462	1	14.56	14.56	3.8264	
463	1	14.7	14.7	3.85	
464	1	14.66	14.66	3.7644	
465	1	14.68	14.68	3.7176	
466	1	14.81	14.81	3.3139	
467	1	14.95	14.95	3.2875	
468	1	14.98	14.98	3.4396	
469	1	15.02	15.02	3.5196	
470	1	14.91	14.91	3.3619	
471	1	14.89	14.89	3.4179	
472	1	14.9	14.9	3.55	
473	1	15.02	15.02	3.5396	
474	1	15.05	15.05	3.7075	
475	1	15.1	15.1	3.85	
476	1	15.14	15.14	3.7404	
477	1	15.01	15.01	3.8899	
478	1	14.89	14.89	3.9579	
479	1	14.98	14.98	4.2596	
480	1	15.03	15.03	4.5291	
481	1	15.07	15.07	4.4451	
482	1	15.13	15.13	4.6331	
483	1	15.14	15.14	4.4604	
484	1	15.05	15.05	4.5675	
485	1	15.21	15.21	3.9659	
486	1	15.16	15.16	3.9944	
487	1	15.26	15.26	4.0524	
488	1	15.39	15.39	4.1979	
489	1	15.47	15.47	3.9491	
490	1	15.63	15.63	3.9931	
491	1	15.59	15.59	3.9419	
492	1	15.59	15.59	3.8419	
493	1	15.78	15.78	3.7316	
494	1	15.91	15.91	3.5419	
495	1	15.85	15.85	3.6475	
496	1	15.88	15.88	3.7056	
497	1	15.88	15.88	3.7056	
498	1	15.97	15.97	3.4891	
499	1	16.12	16.12	3.3856	
500	1	15.95	15.95	4.1075	
501	1	15.92	15.92	4.1336	
502	1	15.96	15.96	4.1384	
503	1	16.01	16.01	4.1699	
504	1	15.87	15.87	4.3131	
505	1	15.98	15.98	4.2996	
506	1	16.01	16.01	4.3499	
507	1	16.22	16.22	4.5116	
508	1	16.2	16.2	4.56	
509	1	16.18	16.18	4.4676	
510	1	16.25	16.25	4.3275	
511	1	16.31	16.31	4.3539	
512	1	16.53	16.53	3.9891	
513	1	16.62	16.62	3.6556	
514	1	16.72	16.72	3.5016	
515	1	16.72	16.72	3.8616	
516	1	16.59	16.59	4.4619	
517	1	16.66	16.66	4.6444	
518	1	16.7	16.7	4.39	
519	1	16.81	16.81	3.8739	
520	1	16.78	16.78	3.8916	
521	1	16.83	16.83	3.7611	
522	1	16.85	16.85	3.8475	
523	1	16.92	16.92	3.5936	
524	1	16.96	16.96	3.4784	
525	1	16.95	16.95	3.4075	
526	1	16.9	16.9	3.53	
527	1	16.96	16.96	3.5584	
528	1	16.99	16.99	3.3899	
529	1	17.04	17.04	3.3784	
530	1	16.96	16.96	3.6784	
531	1	16.99	16.99	3.7299	
532	1	17.09	17.09	3.5819	
533	1	17.09	17.09	3.7219	
534	1	17.07	17.07	4.0051	
535	1	17.12	17.12	3.8456	
536	1	17.18	17.18	3.8076	
537	1	17.3	17.3	3.35	
538	1	17.28	17.28	3.3416	
539	1	17.4	17.4	3.3	
540	1	17.42	17.42	3.2636	
541	1	17.37	17.37	3.4931	
542	1	17.49	17.49	3.1899	
543	1	17.57	17.57	3.2651	
544	1	17.56	17.56	3.2464	
545	1	17.69	17.69	2.8339	
546	1	17.69	17.69	2.8739	
547	1	17.72	17.72	2.8616	
548	1	17.76	17.76	2.9224	
549	1	17.89	17.89	2.4579	
550	1	17.84	17.84	2.6744	
551	1	17.97	17.97	2.5291	
552	1	18.02	18.02	2.5396	
553	1	17.97	17.97	2.4891	
554	1	18.08	18.08	2.0536	
555	1	18.03	18.03	2.1891	
556	1	18.13	18.13	1.8531	
557	1	18.27	18.27	1.7971	
558	1	18.35	18.35	1.2275	
559	1	18.34	18.34	1.2444	
560	1	18.34	18.34	1.1844	
561	1	18.4	18.4	1.22	
562	1	18.38	18.38	1.2356	
563	1	18.39	18.39	1.2379	
564	1	18.36	18.36	1.2704	
565	1	18.32	18.32	1.3176	
566	1	18.33	18.33	1.3611	
567	1	18.36	18.36	1.3504	
568	1	18.47	18.47	1.1291	
569	1	18.49	18.49	1.1299	
570	1	18.46	18.46	1.0684	
571	1	18.46	18.46	1.0684	
572	1	18.46	18.46	1.0884	
573	1	18.49	18.49	1.0499	
574	1	18.48	18.48	0.9896	
575	1	18.54	18.54	0.9084	
576	1	18.51	18.51	0.8899	
577	1	18.51	18.51	0.8699	
578	1	18.62	18.62	0.6756	
579	1	18.61	18.61	0.6779	
580	1	18.63	18.63	0.5531	
581	1	18.62	18.62	0.5356	
582	1	18.59	18.59	0.5619	
583	1	18.62	18.62	0.5556	
584	1	18.62	18.62	0.5556	
585	1	18.61	18.61	0.5779	
586	1	18.68	18.68	0.6176	
587	1	18.73	18.73	0.5971	
588	1	18.75	18.75	0.5075	
589	1	18.79	18.79	0.5259	
590	1	18.8	18.8	0.46	
591	1	18.81	18.81	0.5139	
592	1	18.78	18.78	0.5316	
593	1	18.76	18.76	0.5224	
594	1	18.69	18.69	0.5339	
595	1	18.72	18.72	0.5416	
596	1	18.71	18.71	0.5459	
597	1	18.72	18.72	0.5216	
598	1	18.7	18.7	0.51	
599	1	18.68	18.68	0.5176	
600	1	18.69	18.69	0.5539	
601	1	18.7	18.7	0.49	
602	1	18.66	18.66	0.5044	
603	1	18.72	18.72	0.5216	
604	1	18.75	18.75	0.5075	
605	1	18.7	18.7	0.49	
606	1	18.69	18.69	0.4539	
607	1	18.7	18.7	0.53	
608	1	18.71	18.71	0.5459	
609	1	18.74	18.74	0.5924	
610	1	18.85	18.85	0.7075	
611	1	18.86	18.86	0.6604	
612	1	18.84	18.84	0.6344	
613	1	18.86	18.86	0.6204	
614	1	18.86	18.86	0.6604	
615	1	18.86	18.86	0.6804	
616	1	18.84	18.84	0.6944	
617	1	18.86	18.86	0.6804	
618	1	18.88	18.88	0.6856	
619	1	18.98	18.98	0.7996	
620	1	18.95	18.95	0.7675	
621	1	18.98	18.98	0.8396	
622	1	18.99	18.99	0.8099	
623	1	19.05	19.05	0.9475	
624	1	19.04	19.04	0.8584	
625	1	19.05	19.05	0.9275	
626	1	19.08	19.08	0.9136	
627	1	19.15	19.15	0.8875	
628	1	19.23	19.23	0.9171	
629	1	19.2	19.2	0.96	
630	1	19.16	19.16	0.9544	
631	1	19.19	19.19	0.9339	
632	1	19.23	19.23	0.9971	
633	1	19.22	19.22	1.0716	
634	1	19.16	19.16	1.1144	
635	1	19.17	19.17	1.1011	
636	1	19.13	19.13	0.9731	
637	1	19.15	19.15	0.9075	
638	1	19.12	19.12	0.9456	
639	1	19.14	19.14	0.9804	
640	1	19.2	19.2	1.02	
641	1	19.14	19.14	0.9804	
642	1	19.2	19.2	1.2	
643	1	19.21	19.21	1.2459	
644	1	19.32	19.32	1.3776	
645	1	19.31	19.31	1.4139	
646	1	19.33	19.33	1.4211	
647	1	19.44	19.44	1.5464	
648	1	19.4	19.4	1.32	
649	1	19.45	19.45	1.2875	
650	1	19.42	19.42	1.2836	
651	1	19.45	19.45	1.4275	
652	1	19.49	19.49	1.3499	
653	1	19.55	19.55	1.3275	
654	1	19.56	19.56	1.2464	
655	1	19.59	19.59	1.3219	
656	1	19.71	19.71	1.3659	
657	1	19.75	19.75	1.4675	
658	1	19.8	19.8	1.5	
659	1	19.71	19.71	1.4059	
660	1	19.73	19.73	1.3771	
661	1	19.7	19.7	1.31	
662	1	19.77	19.77	1.4171	
663	1	19.7	19.7	1.23	
664	1	19.67	19.67	1.2211	
665	1	19.7	19.7	1.23	
666	1	19.72	19.72	1.2016	
667	1	19.74	19.74	1.3124	
668	1	19.7	19.7	1.33	
669	1	19.72	19.72	1.3416	
670	1	19.81	19.81	1.3139	
671	1	19.88	19.88	1.2056	
672	1	19.92	19.92	1.3536	
673	1	19.85	19.85	1.4275	
674	1	19.9	19.9	1.39	
675	1	19.89	19.89	1.4179	
676	1	19.94	19.94	1.4564	
677	1	19.9	19.9	1.41	
678	1	20.02	20.02	1.4196	
679	1	20.04	20.04	1.3984	
680	1	19.99	19.99	1.3299	
681	1	19.95	19.95	1.3275	
682	1	19.97	19.97	1.3891	
683	1	20.07	20.07	1.5451	
684	1	20.12	20.12	1.4256	
685	1	20.2	20.2	1.36	
686	1	20.26	20.26	1.3124	
687	1	20.14	20.14	1.3004	
688	1	20.11	20.11	1.2979	
689	1	20.13	20.13	1.2331	
690	1	20.12	20.12	1.1656	
691	1	20.14	20.14	1.1004	
692	1	20.18	20.18	1.0876	
693	1	20.16	20.16	1.1744	
694	1	20.18	20.18	1.1676	
695	1	20.23	20.23	1.0771	
696	1	20.29	20.29	1.1059	
697	1	20.25	20.25	0.9875	
698	1	20.23	20.23	1.0371	
699	1	20.12	20.12	1.0056	
700	1	20.16	20.16	1.0144	
701	1	20.19	20.19	0.9139	
702	1	20.3	20.3	0.95	
703	1	20.37	20.37	0.9131	
704	1	20.39	20.39	0.8379	
705	1	20.35	20.35	0.8875	
706	1	20.42	20.42	0.8436	
707	1	20.48	20.48	0.8096	
708	1	20.45	20.45	0.7475	
709	1	20.48	20.48	0.7896	
710	1	20.51	20.51	0.7299	
711	1	20.55	20.55	0.7675	
712	1	20.59	20.59	0.7819	
713	1	20.53	20.53	0.7491	
714	1	20.55	20.55	0.7475	
715	1	20.63	20.63	0.9531	
716	1	20.6	20.6	0.92	
717	1	20.57	20.57	0.9651	
718	1	20.63	20.63	0.8931	
719	1	20.63	20.63	0.9331	
720	1	20.65	20.65	0.8275	
721	1	20.74	20.74	0.7924	
722	1	20.82	20.82	0.8276	
723	1	20.85	20.85	0.6675	
724	1	20.8	20.8	0.7	
725	1	20.81	20.81	0.6939	
726	1	20.81	20.81	0.6939	
727	1	20.79	20.79	0.7059	
728	1	20.79	20.79	0.6459	
729	1	20.82	20.82	0.6476	
730	1	20.84	20.84	0.6344	
731	1	20.78	20.78	0.6316	
732	1	20.77	20.77	0.6171	
733	1	20.79	20.79	0.6659	
734	1	20.79	20.79	0.6659	
735	1	20.82	20.82	0.6476	
736	1	20.84	20.84	0.6544	
737	1	20.88	20.88	0.6656	
738	1	20.93	20.93	0.7651	
739	1	20.97	20.97	0.7291	
740	1	21.02	21.02	0.7396	
741	1	20.99	20.99	0.7099	
742	1	21.05	21.05	0.7475	
743	1	21.02	21.02	0.7796	
744	1	21	21	0.8	
745	1	21	21	0.8	
746	1	20.99	20.99	0.7899	
747	1	21.01	21.01	0.7099	
748	1	21.04	21.04	0.7384	
749	1	21.01	21.01	0.7299	
750	1	21.04	21.04	0.7184	
751	1	21.08	21.08	0.7536	
752	1	21.15	21.15	0.7675	
753	1	21.15	21.15	0.7475	
754	1	21.18	21.18	0.7676	
755	1	21.19	21.19	0.8139	
756	1	21.17	21.17	0.8611	
757	1	21.13	21.13	0.7531	
758	1	21.12	21.12	0.7256	
759	1	21.18	21.18	0.7676	
760	1	21.23	21.23	0.8571	
761	1	21.22	21.22	0.7916	
762	1	21.31	21.31	0.9339	
763	1	21.29	21.29	0.9059	
764	1	21.35	21.35	0.9475	
765	1	21.34	21.34	0.8444	
766	1	21.47	21.47	0.9491	
767	1	21.39	21.39	0.8979	
768	1	21.35	21.35	0.9275	
769	1	21.28	21.28	1.0216	
770	1	21.29	21.29	1.0259	
771	1	21.31	21.31	1.2339	
772	1	21.32	21.32	1.1376	
773	1	21.43	21.43	1.2251	
774	1	21.51	21.51	1.3099	
775	1	21.57	21.57	1.2651	
776	1	21.73	21.73	1.5171	
777	1	21.65	21.65	1.3675	
778	1	21.78	21.78	1.4716	
779	1	21.76	21.76	1.4824	
780	1	21.83	21.83	1.4811	
781	1	21.78	21.78	1.4316	
782	1	21.72	21.72	1.3016	
783	1	21.77	21.77	1.3971	
784	1	21.74	21.74	1.3924	
785	1	21.71	21.71	1.4259	
786	1	21.77	21.77	1.5971	
787	1	21.85	21.85	1.6275	
788	1	21.76	21.76	1.4824	
789	1	21.8	21.8	1.6	
790	1	21.81	21.81	1.7939	
791	1	21.77	21.77	1.7171	
792	1	21.79	21.79	1.6659	
793	1	21.75	21.75	1.5275	
794	1	21.77	21.77	1.5371	
795	1	21.78	21.78	1.5116	
796	1	21.83	21.83	1.7011	
797	1	21.95	21.95	1.7875	
798	1	21.99	21.99	1.6699	
799	1	22.03	22.03	1.6691	
800	1	22.02	22.02	1.5196	
801	1	21.98	21.98	1.4796	
802	1	22.03	22.03	1.5091	
803	1	21.99	21.99	1.4699	
804	1	21.98	21.98	1.5996	
805	1	21.94	21.94	1.6564	
806	1	21.95	21.95	1.6475	
807	1	21.94	21.94	1.5364	
808	1	21.95	21.95	1.6075	
809	1	21.97	21.97	1.7891	
810	1	21.88	21.88	1.5856	
811	1	21.99	21.99	1.9299	
812	1	22.01	22.01	2.0099	
813	1	21.99	21.99	2.1099	
814	1	22.06	22.06	2.0964	
815	1	22.04	22.04	1.9584	
816	1	22.02	22.02	1.7996	
817	1	22.07	22.07	1.8451	
818	1	22.07	22.07	2.0651	
819	1	22.17	22.17	2.3811	
820	1	22.2	22.2	2.54	
821	1	22.26	22.26	2.8324	
822	1	22.2	22.2	2.86	
823	1	22.31	22.31	2.9739	
824	1	22.28	22.28	2.6816	
825	1	22.18	22.18	2.5476	
826	1	22.14	22.14	2.3604	
827	1	22.14	22.14	2.4804	
828	1	22.24	22.24	2.7424	
829	1	22.19	22.19	2.4939	
830	1	22.2	22.2	2.56	
831	1	22.27	22.27	2.6371	
832	1	22.37	22.37	3.0731	
833	1	22.52	22.52	3.5696	
834	1	22.45	22.45	3.5875	
835	1	22.58	22.58	3.8836	
836	1	22.51	22.51	3.7499	
837	1	22.54	22.54	3.5484	
838	1	22.6	22.6	3.66	
839	1	22.78	22.78	3.9916	
840	1	22.89	22.89	4.3379	
841	1	22.96	22.96	4.4784	
842	1	22.85	22.85	4.2875	
843	1	23.03	23.03	4.6891	
844	1	23.09	23.09	5.0619	
845	1	23.24	23.24	5.3624	
846	1	23.18	23.18	5.4076	
847	1	23.23	23.23	5.4771	
848	1	23.37	23.37	6.0331	
849	1	23.19	23.19	5.7539	
850	1	23.44	23.44	6.2664	
851	1	23.47	23.47	6.2691	
852	1	23.58	23.58	6.7236	
853	1	23.64	23.64	6.6104	
854	1	23.77	23.77	7.2171	
855	1	23.88	23.88	7.4256	
856	1	23.96	23.96	7.4384	
857	1	24.14	24.14	7.4804	
858	1	24.27	24.27	7.4771	
859	1	24.15	24.15	7.1675	
860	1	24.16	24.16	7.2344	
861	1	24.3	24.3	7.39	
862	1	24.41	24.41	7.5619	
863	1	24.6	24.6	7.86	
864	1	24.65	24.65	8.1675	
865	1	24.64	24.64	7.8704	
866	1	24.76	24.76	7.9024	
867	1	24.93	24.93	7.9051	
868	1	24.86	24.86	7.9604	
869	1	24.84	24.84	8.1544	
870	1	25.02	25.02	8.1396	
871	1	25.22	25.22	8.1916	
872	1	25.44	25.44	8.2464	
873	1	25.52	25.52	8.1496	
874	1	25.66	25.66	8.1644	
875	1	25.73	25.73	8.3371	
876	1	25.69	25.69	8.3139	
877	1	25.87	25.87	7.9931	
878	1	26.05	26.05	7.4275	
879	1	26.04	26.04	7.2984	
880	1	26.16	26.16	6.8944	
881	1	26.14	26.14	6.9604	
882	1	26.33	26.33	6.6411	
883	1	26.31	26.31	6.7139	
884	1	26.66	26.66	5.8644	
885	1	26.62	26.62	5.9956	
886	1	26.51	26.51	6.2299	
887	1	26.68	26.68	5.8776	
888	1	26.63	26.63	6.2531	
889	1	26.63	26.63	5.8531	
890	1	26.78	26.78	5.5316	
891	1	26.82	26.82	5.3476	
892	1	26.78	26.78	5.4716	
893	1	26.99	26.99	5.1699	
894	1	27.05	27.05	4.9075	
895	1	27.08	27.08	4.9336	
896	1	26.96	26.96	5.1984	
897	1	26.97	26.97	5.4091	
898	1	27	27	5.54	
899	1	27.02	27.02	5.5796	
900	1	27.16	27.16	5.2744	
901	1	27.37	27.37	4.5331	
902	1	27.39	27.39	4.3779	
903	1	27.36	27.36	4.7504	
904	1	27.32	27.32	5.1176	
905	1	27.25	27.25	5.5075	
906	1	27.23	27.23	5.6171	
907	1	27.25	27.25	5.5475	
908	1	27.26	27.26	5.7724	
909	1	27.4	27.4	5.44	
910	1	27.35	27.35	5.3075	
911	1	27.45	27.45	5.1875	
912	1	27.54	27.54	5.4884	
913	1	27.66	27.66	4.9444	
914	1	27.71	27.71	5.0659	
915	1	27.75	27.75	4.9875	
916	1	27.53	27.53	5.8691	
917	1	27.53	27.53	5.3891	
918	1	27.52	27.52	5.4096	
919	1	27.55	27.55	4.8875	
920	1	27.51	27.51	5.0699	
921	1	27.56	27.56	4.6064	
922	1	27.61	27.61	4.5379	
923	1	27.79	27.79	4.1659	
924	1	27.9	27.9	4.27	
925	1	27.94	27.94	4.4164	
926	1	27.94	27.94	4.4164	
927	1	27.94	27.94	4.4364	
928	1	28	28	4.64	
929	1	27.97	27.97	4.4691	
930	1	28	28	4.26	
931	1	28.07	28.07	4.3051	
932	1	28.14	28.14	4.1004	
933	1	28.18	28.18	3.5676	
934	1	28.26	28.26	3.5924	
935	1	28.26	28.26	3.5524	
936	1	28.31	28.31	4.3139	
937	1	28.37	28.37	3.6331	
938	1	28.41	28.41	3.1619	
939	1	28.34	28.34	3.2644	
940	1	28.42	28.42	3.3836	
941	1	28.44	28.44	3.3464	
942	1	28.51	28.51	3.0899	
943	1	28.54	28.54	3.1084	
944	1	28.56	28.56	2.5064	
945	1	28.5	28.5	2.53	
946	1	28.63	28.63	2.6931	
947	1	28.67	28.67	2.6011	
948	1	28.7	28.7	2.67	
949	1	28.68	28.68	2.5376	
950	1	28.73	28.73	2.5971	
951	1	28.76	28.76	2.5424	
952	1	28.87	28.87	2.6731	
953	1	28.82	28.82	3.2676	
954	1	28.87	28.87	3.2531	
955	1	29.03	29.03	2.6491	
956	1	28.97	28.97	2.5291	
957	1	29.11	29.11	2.0779	
958	1	29.09	29.09	2.0819	
959	1	29.03	29.03	2.0491	
960	1	29.09	29.09	2.1219	
961	1	29.01	29.01	2.0499	
962	1	29.11	29.11	2.0179	
963	1	29.15	29.15	2.0475	
964	1	29.09	29.09	2.8019	
965	1	29.09	29.09	2.7419	
966	1	29.08	29.08	1.9936	
967	1	29.09	29.09	2.0219	
968	1	29.06	29.06	2.0764	
969	1	29.16	29.16	2.0144	
970	1	29.14	29.14	2.0604	
971	1	29.19	29.19	2.0739	
972	1	29.3	29.3	2.11	
973	1	29.32	29.32	2.1976	
974	1	29.23	29.23	2.1171	
975	1	29.17	29.17	2.0611	
976	1	29.13	29.13	2.1131	
977	1	29.21	29.21	2.2659	
978	1	29.23	29.23	2.1571	
979	1	29.28	29.28	2.1616	
980	1	29.27	29.27	2.4971	
981	1	29.2	29.2	2.52	
982	1	29.3	29.3	1.97	
983	1	29.23	29.23	1.9371	
984	1	29.22	29.22	1.9316	
985	1	29.17	29.17	1.8611	
986	1	29.18	29.18	1.8876	
987	1	29.16	29.16	2.0144	
988	1	29.24	29.24	2.0024	
989	1	29.45	29.45	1.9675	
990	1	29.36	29.36	1.8904	
991	1	29.36	29.36	1.9304	
992	1	29.5	29.5	2.19	
993	1	29.68	29.68	2.2576	
994	1	29.73	29.73	2.3571	
995	1	29.74	29.74	2.1724	
996	1	29.82	29.82	2.0476	
997	1	29.8	29.8	2.04	
998	1	29.84	29.84	1.9744	
999	1	29.74	29.74	2.0324	
1000	1	29.85	29.85	2.1075	
1001	1	29.81	29.81	2.0539	
1002	1	29.95	29.95	2.1675	
1003	1	29.95	29.95	1.9875	
1004	1	29.99	29.99	1.9299	
1005	1	30.03	30.03	1.9491	
1006	1	30.21	30.21	2.0059	
1007	1	30.16	30.16	2.0344	
1008	1	30.04	30.04	1.8784	
1009	1	30.1	30.1	1.73	
1010	1	30.17	30.17	1.8411	
1011	1	30.25	30.25	1.7875	
1012	1	30.28	30.28	1.8616	
1013	1	30.34	30.34	1.9844	
1014	1	30.39	30.39	2.1779	
1015	1	30.44	30.44	2.0464	
1016	1	30.47	30.47	1.9891	
1017	1	30.43	30.43	2.0451	
1018	1	30.45	30.45	2.0275	
1019	1	30.42	30.42	2.0836	
1020	1	30.45	30.45	2.0675	
1021	1	30.57	30.57	2.3851	
1022	1	30.43	30.43	2.3851	
1023	1	30.37	30.37	2.3531	
1024	1	30.4	30.4	2.46	
1025	1	30.39	30.39	2.1379	
1026	1	30.44	30.44	2.2264	
1027	1	30.37	30.37	2.0731	
1028	1	30.27	30.27	1.8971	
1029	1	30.33	30.33	2.0811	
1030	1	30.47	30.47	2.0891	
1031	1	30.42	30.42	2.0236	
1032	1	30.54	30.54	2.2484	
1033	1	30.65	30.65	2.0675	
1034	1	30.66	30.66	2.1044	
1035	1	30.62	30.62	1.9756	
1036	1	30.85	30.85	2.3675	
1037	1	30.83	30.83	2.2411	
1038	1	30.86	30.86	2.4004	
1039	1	30.87	30.87	2.3531	
1040	1	30.99	30.99	2.4699	
1041	1	31.1	31.1	2.73	
1042	1	31.12	31.12	2.9256	
1043	1	31.09	31.09	2.9819	
1044	1	31.11	31.11	2.9779	
1045	1	31.1	31.1	3.03	
1046	1	31.08	31.08	3.1536	
1047	1	31.13	31.13	3.0931	
1048	1	31.14	31.14	3.2204	
1049	1	31.24	31.24	3.2224	
1050	1	31.29	31.29	3.2659	
1051	1	31.34	31.34	3.3444	
1052	1	31.21	31.21	3.2059	
1053	1	31.35	31.35	3.4875	
1054	1	31.47	31.47	3.7091	
1055	1	31.43	31.43	3.7851	
1056	1	31.41	31.41	3.6419	
1057	1	31.53	31.53	3.6891	
1058	1	31.57	31.57	3.8851	
1059	1	31.66	31.66	4.0044	
1060	1	31.78	31.78	3.9116	
1061	1	31.72	31.72	3.7216	
1062	1	31.83	31.83	3.8211	
1063	1	31.9	31.9	3.91	
1064	1	31.88	31.88	3.9656	
1065	1	31.86	31.86	4.1004	
1066	1	31.78	31.78	3.9116	
1067	1	31.67	31.67	3.8611	
1068	1	31.72	31.72	3.9416	
1069	1	31.78	31.78	4.0116	
1070	1	31.83	31.83	4.3011	
1071	1	32.01	32.01	4.4299	
1072	1	32.03	32.03	4.6291	
1073	1	31.91	31.91	4.2819	
1074	1	32.02	32.02	4.2396	
1075	1	32	32	4.06	
1076	1	32.05	32.05	4.2875	
1077	1	32.06	32.06	4.2564	
1078	1	31.98	31.98	4.3596	
1079	1	32.06	32.06	4.5764	
1080	1	32.3	32.3	4.93	
1081	1	32.37	32.37	5.0731	
1082	1	32.48	32.48	5.1496	
1083	1	32.58	32.58	5.1836	
1084	1	32.64	32.64	5.5504	
1085	1	32.71	32.71	5.2259	
1086	1	32.65	32.65	5.3875	
1087	1	32.6	32.6	5.62	
1088	1	32.52	32.52	5.9096	
1089	1	32.78	32.78	5.7916	
1090	1	32.65	32.65	5.4475	
1091	1	32.72	32.72	5.4016	
1092	1	32.71	32.71	5.4659	
1093	1	32.7	32.7	5.21	
1094	1	32.93	32.93	5.3251	
1095	1	32.86	32.86	5.3604	
1096	1	32.83	32.83	5.5611	
1097	1	32.97	32.97	5.6291	
1098	1	33.2	33.2	5.42	
1099	1	33.15	33.15	5.1475	
1100	1	33.02	33.02	5.1796	
1101	1	33.13	33.13	5.4331	
1102	1	33.03	33.03	5.1291	
1103	1	33.03	33.03	5.1691	
1104	1	33.08	33.08	4.9136	
1105	1	33.25	33.25	5.0875	
1106	1	33.49	33.49	5.4699	
1107	1	33.74	33.74	4.9724	
1108	1	33.72	33.72	5.0616	
1109	1	33.85	33.85	5.3475	
1110	1	33.95	33.95	5.1675	
1111	1	34	34	5.14	
1112	1	34.19	34.19	5.0139	
1113	1	34.27	34.27	4.6171	
1114	1	34.39	34.39	4.2179	
1115	1	34.3	34.3	4.19	
1116	1	34.27	34.27	4.2771	
1117	1	34.44	34.44	4.2064	
1118	1	34.51	34.51	3.8499	
1119	1	34.61	34.61	4.0579	
1120	1	34.58	34.58	4.4036	
1121	1	34.6	34.6	4.58	
1122	1	34.69	34.69	4.8939	
1123	1	34.62	34.62	5.0156	
1124	1	34.75	34.75	5.2275	
1125	1	34.86	34.86	5.1004	
1126	1	34.89	34.89	4.9779	
1127	1	34.94	34.94	5.1764	
1128	1	35.03	35.03	4.5491	
1129	1	35.11	35.11	4.7179	
1130	1	35.18	35.18	4.2876	
1131	1	35.3	35.3	4.11	
1132	1	35.36	35.36	4.1704	
1133	1	35.35	35.35	4.0475	
1134	1	35.43	35.43	3.7051	
1135	1	35.47	35.47	3.6891	
1136	1	35.48	35.48	3.7896	
1137	1	35.59	35.59	3.8619	
1138	1	35.49	35.49	3.8899	
1139	1	35.69	35.69	3.9139	
1140	1	35.76	35.76	4.0424	
1141	1	35.79	35.79	4.5059	
1142	1	35.86	35.86	4.4004	
1143	1	35.93	35.93	4.4251	
1144	1	35.97	35.97	4.3491	
1145	1	35.93	35.93	4.3651	
1146	1	35.95	35.95	4.4275	
1147	1	36.15	36.15	4.0275	
1148	1	36.11	36.11	3.9179	
1149	1	36.05	36.05	3.8875	
1150	1	36.21	36.21	3.7059	
1151	1	36.27	36.27	3.9171	
1152	1	36.31	36.31	4.0739	
1153	1	36.34	36.34	4.2644	
1154	1	36.4	36.4	4.16	
1155	1	36.56	36.56	4.3664	
1156	1	36.59	36.59	4.3219	
1157	1	36.81	36.81	4.3139	
1158	1	36.75	36.75	4.5875	
1159	1	36.64	36.64	4.4904	
1160	1	36.58	36.58	4.9436	
1161	1	36.57	36.57	4.7251	
1162	1	36.46	36.46	4.6684	
1163	1	36.73	36.73	4.5771	
1164	1	36.8	36.8	4.5	
1165	1	36.9	36.9	4.59	
1166	1	36.81	36.81	5.2539	
1167	1	36.92	36.92	4.6536	
1168	1	37.01	37.01	4.6099	
1169	1	37.1	37.1	4.21	
1170	1	37.02	37.02	4.5396	
1171	1	37.12	37.12	4.3256	
1172	1	37.2	37.2	4.12	
1173	1	37.24	37.24	4.0224	
1174	1	37.25	37.25	3.9475	
1175	1	37.39	37.39	3.5979	
1176	1	37.27	37.27	3.6571	
1177	1	37.38	37.38	3.3556	
1178	1	37.37	37.37	3.4931	
1179	1	37.35	37.35	3.6275	
1180	1	37.39	37.39	3.2179	
1181	1	37.37	37.37	3.2131	
1182	1	37.3	37.3	3.57	
1183	1	37.3	37.3	3.57	
1184	1	37.34	37.34	3.5444	
1185	1	37.33	37.33	3.2011	
1186	1	37.52	37.52	3.1496	
1187	1	37.58	37.58	2.7836	
1188	1	37.59	37.59	2.8219	
1189	1	37.51	37.51	3.3099	
1190	1	37.46	37.46	3.4284	
1191	1	37.55	37.55	3.2675	
1192	1	37.69	37.69	3.0339	
1193	1	37.71	37.71	2.7859	
1194	1	37.77	37.77	2.8771	
1195	1	37.78	37.78	3.0716	
1196	1	37.9	37.9	2.97	
1197	1	37.91	37.91	2.9219	
1198	1	37.92	37.92	3.0936	
1199	1	37.88	37.88	3.0656	
1200	1	37.96	37.96	3.3184	
1201	1	38.05	38.05	3.3075	
1202	1	37.95	37.95	3.3475	
1203	1	37.91	37.91	3.2019	
1204	1	37.89	37.89	3.0579	
1205	1	37.97	37.97	3.1291	
1206	1	37.94	37.94	3.3164	
1207	1	38.05	38.05	3.1275	
1208	1	38.05	38.05	3.0475	
1209	1	38.12	38.12	3.1056	
1210	1	38.05	38.05	3.2275	
1211	1	38.22	38.22	3.2516	
1212	1	38.22	38.22	3.1516	
1213	1	38.26	38.26	3.3124	
1214	1	38.26	38.26	3.3324	
1215	1	38.29	38.29	3.5459	
1216	1	38.4	38.4	3.48	
1217	1	38.44	38.44	3.4864	
1218	1	38.52	38.52	3.7096	
1219	1	38.51	38.51	3.7299	
1220	1	38.37	38.37	3.8731	
1221	1	38.46	38.46	4.1884	
1222	1	38.6	38.6	4.18	
1223	1	38.63	38.63	3.9731	
1224	1	38.56	38.56	4.4264	
1225	1	38.78	38.78	3.5916	
1226	1	38.8	38.8	3.44	
1227	1	38.91	38.91	3.3419	
1228	1	39.01	39.01	3.2299	
1229	1	38.98	38.98	3.2796	
1230	1	39.17	39.17	3.1411	
1231	1	39.1	39.1	3.59	
1232	1	39.02	39.02	3.5596	
1233	1	38.98	38.98	3.7396	
1234	1	39.25	39.25	2.7675	
1235	1	39.4	39.4	2.5	
1236	1	39.35	39.35	2.5275	
1237	1	39.46	39.46	2.5684	
1238	1	39.51	39.51	2.5099	
1239	1	39.54	39.54	2.5884	
1240	1	39.47	39.47	2.8291	
1241	1	39.54	39.54	2.6684	
1242	1	39.52	39.52	2.5896	
1243	1	39.49	39.49	2.5099	
1244	1	39.56	39.56	2.5464	
1245	1	39.51	39.51	2.3099	
1246	1	39.44	39.44	2.3264	
1247	1	39.4	39.4	2.28	
1248	1	39.44	39.44	2.3464	
1249	1	39.45	39.45	2.3675	
1250	1	39.47	39.47	1.9691	
1251	1	39.51	39.51	2.0099	
1252	1	39.54	39.54	2.0284	
1253	1	39.66	39.66	2.0844	
1254	1	39.67	39.67	2.0411	
1255	1	39.72	39.72	2.0816	
1256	1	39.81	39.81	1.8339	
1257	1	39.8	39.8	1.44	
1258	1	39.75	39.75	1.3075	
1259	1	39.76	39.76	1.3024	
1260	1	39.74	39.74	1.4724	
1261	1	39.77	39.77	1.7771	
1262	1	39.94	39.94	1.5764	
1263	1	39.96	39.96	1.4584	
1264	1	39.92	39.92	1.2536	
1265	1	40.01	40.01	1.4499	
1266	1	40	40	1.3	
1267	1	39.99	39.99	1.5699	
1268	1	40.03	40.03	1.5691	
1269	1	39.95	39.95	1.3675	
1270	1	39.96	39.96	1.2984	
1271	1	40.02	40.02	1.0596	
1272	1	40	40	1.04	
1273	1	39.98	39.98	0.9996	
1274	1	39.96	39.96	1.0184	
1275	1	39.95	39.95	1.0475	
1276	1	40.07	40.07	1.1651	
1277	1	40.06	40.06	1.2164	
1278	1	40.12	40.12	1.1856	
1279	1	40.09	40.09	1.2019	
1280	1	40.13	40.13	1.1931	
1281	1	40.14	40.14	1.2404	
1282	1	40.15	40.15	1.2275	
1283	1	40.15	40.15	1.4675	
1284	1	40.15	40.15	1.3875	
1285	1	40.16	40.16	1.4144	
1286	1	40.25	40.25	1.1275	
1287	1	40.35	40.35	0.9275	
1288	1	40.42	40.42	1.0036	
1289	1	40.54	40.54	1.1484	
1290	1	40.54	40.54	1.1084	
1291	1	40.54	40.54	1.1284	
1292	1	40.56	40.56	1.2464	
1293	1	40.62	40.62	1.3156	
1294	1	40.64	40.64	1.3104	
1295	1	40.7	40.7	1.35	
1296	1	40.63	40.63	1.4131	
1297	1	40.78	40.78	1.5716	
1298	1	40.76	40.76	1.4824	
1299	1	40.78	40.78	1.4916	
1300	1	40.76	40.76	1.5224	
1301	1	40.87	40.87	1.5131	
1302	1	40.89	40.89	1.4979	
1303	1	40.88	40.88	1.4656	
1304	1	40.91	40.91	1.4019	
1305	1	40.86	40.86	1.2604	
1306	1	40.92	40.92	1.3936	
1307	1	40.98	40.98	1.4196	
1308	1	41	41	1.38	
1309	1	41	41	1.36	
1310	1	40.98	40.98	1.3796	
1311	1	41.04	41.04	1.5984	
1312	1	41.09	41.09	2.0619	
1313	1	41.23	41.23	2.3171	
1314	1	41.22	41.22	2.3716	
1315	1	41.39	41.39	2.5579	
1316	1	41.52	41.52	2.4296	
1317	1	41.52	41.52	2.4296	
1318	1	41.52	41.52	2.5096	
1319	1	41.61	41.61	2.3779	
1320	1	41.64	41.64	2.7704	
1321	1	41.52	41.52	2.3896	
1322	1	41.65	41.65	2.8075	
1323	1	41.69	41.69	2.6739	
1324	1	41.81	41.81	2.9139	
1325	1	41.83	41.83	3.1211	
1326	1	41.93	41.93	3.1051	
1327	1	41.89	41.89	3.3579	
1328	1	42.05	42.05	3.7475	
1329	1	42.01	42.01	3.5299	
1330	1	42.09	42.09	3.5619	
1331	1	42.05	42.05	3.4675	
1332	1	42.16	42.16	3.5544	
1333	1	42.07	42.07	3.4251	
1334	1	42.12	42.12	3.6656	
1335	1	42.18	42.18	3.9276	
1336	1	42.26	42.26	4.1524	
1337	1	42.28	42.28	4.0616	
1338	1	42.34	42.34	4.1644	
1339	1	42.46	42.46	4.1284	
1340	1	42.37	42.37	4.0731	
1341	1	42.48	42.48	4.3896	
1342	1	42.48	42.48	4.3696	
1343	1	42.55	42.55	4.2875	
1344	1	42.67	42.67	4.4411	
1345	1	42.77	42.77	4.6971	
1346	1	42.94	42.94	5.1764	
1347	1	43.03	43.03	5.2491	
1348	1	43.12	43.12	5.3856	
1349	1	42.96	42.96	5.1784	
1350	1	43.12	43.12	5.9256	
1351	1	43.07	43.07	6.0051	
1352	1	43.06	43.06	5.8764	
1353	1	43.1	43.1	5.85	
1354	1	43.19	43.19	6.2339	
1355	1	43.19	43.19	6.1939	
1356	1	43.33	43.33	6.4011	
1357	1	43.43	43.43	6.4451	
1358	1	43.52	43.52	6.4296	
1359	1	43.88	43.88	6.8456	
1360	1	43.88	43.88	6.5856	
1361	1	43.86	43.86	6.8804	
1362	1	43.84	43.84	6.7544	
1363	1	43.89	43.89	6.4979	
1364	1	43.92	43.92	6.4736	
1365	1	44	44	6.42	
1366	1	44.03	44.03	6.1091	
1367	1	43.74	43.74	6.2324	
1368	1	43.85	43.85	6.1275	
1369	1	43.84	43.84	6.3144	
1370	1	43.9	43.9	6.27	
1371	1	44.09	44.09	6.0819	
1372	1	44.11	44.11	6.1379	
1373	1	44.01	44.01	6.1699	
1374	1	44	44	6.52	
1375	1	43.87	43.87	6.7931	
1376	1	43.89	43.89	6.6779	
1377	1	44	44	6.54	
1378	1	43.77	43.77	6.1371	
1379	1	44	44	6.52	
1380	1	44.03	44.03	6.2691	
1381	1	44.31	44.31	6.5339	
1382	1	44.23	44.23	6.1371	
1383	1	44.05	44.05	6.1075	
1384	1	44.01	44.01	5.9899	
1385	1	44.02	44.02	5.9396	
1386	1	43.9	43.9	5.53	
1387	1	44.16	44.16	5.2744	
1388	1	44.44	44.44	5.3064	
1389	1	44.48	44.48	5.4096	
1390	1	44.63	44.63	5.4731	
1391	1	44.41	44.41	5.6419	
1392	1	44.44	44.44	5.8464	
1393	1	44.62	44.62	6.0156	
1394	1	44.57	44.57	6.1051	
1395	1	44.76	44.76	6.1624	
1396	1	44.57	44.57	5.7051	
1397	1	44.58	44.58	5.7836	
1398	1	44.71	44.71	5.7259	
1399	1	44.73	44.73	5.7971	
1400	1	44.78	44.78	5.6116	
1401	1	44.92	44.92	5.4936	
1402	1	44.96	44.96	5.4584	
1403	1	45.06	45.06	5.4964	
1404	1	44.95	44.95	5.5875	
1405	1	44.99	44.99	5.5499	
1406	1	45.11	45.11	5.8379	
1407	1	45.24	45.24	5.8224	
1408	1	45.3	45.3	6.01	
1409	1	45.41	45.41	5.7419	
1410	1	45.42	45.42	5.5236	
1411	1	45.47	45.47	5.9091	
1412	1	45.46	45.46	5.6684	
1413	1	45.6	45.6	5.66	
1414	1	45.62	45.62	5.4756	
1415	1	45.64	45.64	5.5704	
1416	1	45.62	45.62	5.9356	
1417	1	45.67	45.67	6.2811	
1418	1	45.72	45.72	6.0216	
1419	1	45.66	45.66	6.3844	
1420	1	45.64	45.64	6.6704	
1421	1	45.66	45.66	6.4444	
1422	1	45.78	45.78	6.3916	
1423	1	45.85	45.85	7.5075	
1424	1	46.05	46.05	7.9275	
1425	1	46.05	46.05	7.8875	
1426	1	45.97	45.97	8.4891	
1427	1	45.82	45.82	8.9276	
1428	1	46.09	46.09	9.2619	
1429	1	46.06	46.06	9.2164	
1430	1	46.2	46.2	9.06	
1431	1	46.03	46.03	8.7091	
1432	1	46.33	46.33	8.2811	
1433	1	46.35	46.35	8.5875	
1434	1	46.66	46.66	9.7644	
1435	1	46.82	46.82	9.3276	
1436	1	46.64	46.64	9.7504	
1437	1	46.76	46.76	10.2424	
1438	1	46.8	46.8	9.98	
1439	1	46.72	46.72	9.9016	
1440	1	46.9	46.9	9.53	
1441	1	47.09	47.09	10.3219	
1442	1	47.08	47.08	10.2736	
1443	1	47.28	47.28	10.3016	
1444	1	47.59	47.59	10.5019	
1445	1	47.36	47.36	11.1304	
1446	1	47.66	47.66	10.7844	
1447	1	47.43	47.43	11.6451	
1448	1	47.53	47.53	11.6891	
1449	1	47.41	47.41	12.0619	
1450	1	47.68	47.68	12.2976	
1451	1	47.84	47.84	12.1344	
1452	1	48.15	48.15	12.1075	
1453	1	48.17	48.17	11.9211	
1454	1	48.41	48.41	11.4619	
1455	1	48.44	48.44	11.2064	
1456	1	48.56	48.56	10.9064	
1457	1	48.44	48.44	10.8264	
1458	1	48.47	48.47	9.7891	
1459	1	48.5	48.5	9.67	
1460	1	48.35	48.35	9.8675	
1461	1	48.39	48.39	10.2379	
1462	1	48.63	48.63	10.0931	
1463	1	48.73	48.73	9.8771	
1464	1	48.86	48.86	9.9004	
1465	1	48.98	48.98	10.2996	
1466	1	48.92	48.92	11.2136	
1467	1	48.8	48.8	11.46	
1468	1	48.85	48.85	12.2675	
1469	1	48.93	48.93	12.6651	
1470	1	49.11	49.11	12.6579	
1471	1	49.12	49.12	11.8256	
1472	1	49.42	49.42	11.2836	
1473	1	49.53	49.53	11.0691	
1474	1	49.58	49.58	10.8036	
1475	1	49.59	49.59	10.5019	
1476	1	49.68	49.68	10.4176	
1477	1	49.64	49.64	10.7104	
1478	1	49.69	49.69	10.3939	
1479	1	49.89	49.89	9.5779	
1480	1	50.06	50.06	9.2764	
1481	1	50	50	8.88	
1482	1	50.17	50.17	9.2011	
1483	1	50.37	50.37	8.9731	
1484	1	50.33	50.33	9.0011	
1485	1	50.31	50.31	9.1339	
1486	1	50.37	50.37	8.7731	
1487	1	50.28	50.28	8.8616	
1488	1	50.13	50.13	9.2331	
1489	1	50.22	50.22	8.9916	
1490	1	50.09	50.09	9.6619	
1491	1	50.06	50.06	9.3364	
1492	1	50.3	50.3	8.73	
1493	1	50.49	50.49	8.1099	
1494	1	50.54	50.54	7.9084	
1495	1	50.61	50.61	7.8379	
1496	1	50.99	50.99	5.9699	
1497	1	51.11	51.11	5.4579	
1498	1	51.15	51.15	5.4275	
1499	1	51.2	51.2	5.6	
1500	1	51.13	51.13	5.3331	
1501	1	51.1	51.1	6.03	
1502	1	51.26	51.26	5.6124	
1503	1	51.24	51.24	6.5824	
1504	1	51.44	51.44	4.9264	
1505	1	51.6	51.6	5.1	
1506	1	51.63	51.63	5.2131	
1507	1	51.57	51.57	5.0651	
1508	1	51.61	51.61	4.3579	
1509	1	51.65	51.65	4.0075	
1510	1	51.65	51.65	4.0475	
1511	1	51.76	51.76	3.0824	
1512	1	51.82	51.82	3.3876	
1513	1	51.93	51.93	3.4651	
1514	1	52.01	52.01	3.4699	
1515	1	52.13	52.13	3.4131	
1516	1	52.27	52.27	3.2371	
1517	1	52.33	52.33	3.1411	
1518	1	52.47	52.47	3.3091	
1519	1	52.42	52.42	3.3836	
1520	1	52.45	52.45	3.4275	
1521	1	52.48	52.48	3.4496	
1522	1	52.47	52.47	3.6091	
1523	1	52.55	52.55	3.2475	
1524	1	52.39	52.39	3.2979	
1525	1	52.41	52.41	3.5619	
1526	1	52.33	52.33	3.5411	
1527	1	52.47	52.47	3.3691	
1528	1	52.54	52.54	3.1484	
1529	1	52.55	52.55	3.1675	
1530	1	52.59	52.59	3.0819	
1531	1	52.68	52.68	3.2776	
1532	1	52.58	52.58	3.4036	
1533	1	52.72	52.72	3.5016	
1534	1	52.68	52.68	3.3376	
1535	1	52.65	52.65	3.0275	
1536	1	52.64	52.64	2.9504	
1537	1	52.72	52.72	3.0016	
1538	1	52.75	52.75	3.1675	
1539	1	52.7	52.7	3.23	
1540	1	52.75	52.75	3.5275	
1541	1	52.72	52.72	3.4216	
1542	1	52.69	52.69	3.3339	
1543	1	52.61	52.61	3.2979	
1544	1	52.73	52.73	3.3571	
1545	1	52.71	52.71	3.4859	
1546	1	52.76	52.76	3.5824	
1547	1	52.73	52.73	3.3971	
1548	1	52.78	52.78	3.5316	
1549	1	52.83	52.83	3.6011	
1550	1	52.91	52.91	3.4819	
1551	1	52.85	52.85	3.2075	
1552	1	52.71	52.71	2.9659	
1553	1	52.64	52.64	3.0304	
1554	1	52.66	52.66	3.0644	
1555	1	52.69	52.69	3.1939	
1556	1	52.72	52.72	3.3016	
1557	1	52.85	52.85	3.4875	
1558	1	53	53	3.4	
1559	1	53.01	53.01	3.4899	
1560	1	53.01	53.01	3.3499	
1561	1	53.1	53.1	3.59	
1562	1	53.07	53.07	3.7251	
1563	1	53.18	53.18	4.3076	
1564	1	53.2	53.2	4.24	
1565	1	53.42	53.42	4.5436	
1566	1	53.47	53.47	4.9291	
1567	1	53.66	53.66	4.7244	
1568	1	53.77	53.77	4.6971	
1569	1	53.89	53.89	4.9179	
1570	1	53.88	53.88	5.2056	
1571	1	53.95	53.95	5.1875	
1572	1	54.1	54.1	5.23	
1573	1	54.2	54.2	5.52	
1574	1	54.29	54.29	5.5259	
1575	1	54.23	54.23	5.6371	
1576	1	54.27	54.27	5.2571	
1577	1	54.29	54.29	4.8059	
1578	1	54.37	54.37	4.9531	
1579	1	54.32	54.32	5.1776	
1580	1	54.51	54.51	5.9699	
1581	1	54.44	54.44	6.0064	
1582	1	54.47	54.47	6.1091	
1583	1	54.5	54.5	6.25	
1584	1	54.53	54.53	6.5291	
1585	1	54.68	54.68	6.9776	
1586	1	54.81	54.81	7.0339	
1587	1	54.9	54.9	7.57	
1588	1	54.87	54.87	7.5531	
1589	1	54.98	54.98	7.3196	
1590	1	55.1	55.1	7.05	
1591	1	55.01	55.01	6.5899	
1592	1	54.95	54.95	6.6675	
1593	1	55.01	55.01	6.8099	
1594	1	55.09	55.09	7.1019	
1595	1	54.97	54.97	6.9091	
1596	1	55.04	55.04	6.3984	
1597	1	54.94	54.94	6.4964	
1598	1	55.14	55.14	6.0404	
1599	1	55.41	55.41	5.7819	
1600	1	55.55	55.55	5.8275	
1601	1	55.54	55.54	5.8684	
1602	1	55.61	55.61	6.5979	
1603	1	55.69	55.69	6.8939	
1604	1	55.76	55.76	6.9024	
1605	1	55.87	55.87	6.9131	
1606	1	56.02	56.02	6.7596	
1607	1	55.9	55.9	7.17	
1608	1	56.02	56.02	6.9996	
1609	1	56	56	6.84	
1610	1	56.15	56.15	6.3475	
1611	1	56.35	56.35	6.3475	
1612	1	56.22	56.22	5.9916	
1613	1	56.31	56.31	5.4339	
1614	1	56.21	56.21	5.5859	
1615	1	56.29	56.29	5.5659	
1616	1	56.37	56.37	5.4531	
1617	1	56.39	56.39	5.1979	
1618	1	56.36	56.36	5.5304	
1619	1	56.53	56.53	5.5891	
1620	1	56.64	56.64	5.4304	
1621	1	56.78	56.78	5.0716	
1622	1	56.63	56.63	5.6331	
1623	1	56.65	56.65	5.2875	
1624	1	56.63	56.63	5.2931	
1625	1	56.7	56.7	5.41	
1626	1	56.77	56.77	5.7771	
1627	1	56.75	56.75	5.1075	
1628	1	56.91	56.91	4.9619	
1629	1	57.06	57.06	5.0164	
1630	1	57.1	57.1	5.27	
1631	1	57.37	57.37	5.0731	
1632	1	57.43	57.43	4.7851	
1633	1	57.53	57.53	5.0091	
1634	1	57.54	57.54	4.5484	
1635	1	57.46	57.46	4.4284	
1636	1	57.45	57.45	4.1475	
1637	1	57.49	57.49	4.2299	
1638	1	57.58	57.58	4.2636	
1639	1	57.7	57.7	4.25	
1640	1	57.73	57.73	4.4971	
1641	1	57.79	57.79	4.6259	
1642	1	57.79	57.79	4.7459	
1643	1	57.7	57.7	4.45	
1644	1	57.88	57.88	4.3256	
1645	1	57.93	57.93	4.4051	
1646	1	57.85	57.85	4.2075	
1647	1	57.96	57.96	4.0184	
1648	1	57.98	57.98	4.1796	
1649	1	58.16	58.16	4.2744	
1650	1	58.14	58.14	4.3204	
1651	1	58.15	58.15	4.2675	
1652	1	58.05	58.05	4.2275	
1653	1	58.09	58.09	4.5619	
1654	1	58.17	58.17	4.4411	
1655	1	58.32	58.32	4.5576	
1656	1	58.27	58.27	4.3171	
1657	1	58.25	58.25	4.1075	
1658	1	58.33	58.33	4.2811	
1659	1	58.29	58.29	4.2659	
1660	1	58.26	58.26	4.1724	
1661	1	58.31	58.31	4.3339	
1662	1	58.35	58.35	4.2475	
1663	1	58.29	58.29	4.1459	
1664	1	58.34	58.34	4.4644	
1665	1	58.45	58.45	4.4475	
1666	1	58.53	58.53	4.3891	
1667	1	58.46	58.46	4.6484	
1668	1	58.38	58.38	4.5556	
1669	1	58.53	58.53	4.6291	
1670	1	58.73	58.73	4.7571	
1671	1	58.84	58.84	4.9744	
1672	1	58.79	58.79	4.6459	
1673	1	58.98	58.98	4.4596	
1674	1	59.09	59.09	4.3619	
1675	1	59.16	59.16	4.1744	
1676	1	59.2	59.2	4.34	
1677	1	59.23	59.23	4.0571	
1678	1	59.17	59.17	4.0611	
1679	1	59.19	59.19	4.1539	
1680	1	59.21	59.21	4.1859	
1681	1	59.19	59.19	4.1939	
1682	1	59.29	59.29	4.3459	
1683	1	59.44	59.44	4.3864	
1684	1	59.44	59.44	4.2664	
1685	1	59.52	59.52	3.8696	
1686	1	59.58	59.58	3.6436	
1687	1	59.83	59.83	3.1211	
1688	1	59.85	59.85	3.1475	
1689	1	59.9	59.9	3.09	
1690	1	60	60	3.14	
1691	1	60.11	60.11	3.0979	
1692	1	60.18	60.18	3.0676	
1693	1	60.26	60.26	2.8524	
1694	1	60.3	60.3	2.99	
1695	1	60.17	60.17	3.0411	
1696	1	60.25	60.25	2.8275	
1697	1	60.22	60.22	2.9516	
1698	1	60.18	60.18	3.0676	
1699	1	60.17	60.17	3.0611	
1700	1	60.3	60.3	3.05	
1701	1	60.33	60.33	3.2011	
1702	1	60.36	60.36	3.1104	
1703	1	60.36	60.36	3.2304	
1704	1	60.48	60.48	3.2296	
1705	1	60.55	60.55	3.1675	
1706	1	60.7	60.7	3.09	
1707	1	60.67	60.67	3.3011	
1708	1	60.62	60.62	3.1956	
1709	1	60.68	60.68	3.5576	
1710	1	60.77	60.77	3.6971	
1711	1	60.79	60.79	3.9859	
1712	1	60.75	60.75	4.2475	
1713	1	60.79	60.79	4.1459	
1714	1	60.78	60.78	4.4116	
1715	1	60.67	60.67	4.3411	
1716	1	60.61	60.61	4.2379	
1717	1	60.59	60.59	4.3019	
1718	1	60.68	60.68	3.8976	
1719	1	60.71	60.71	4.2659	
1720	1	60.83	60.83	4.1211	
1721	1	60.93	60.93	3.7451	
1722	1	60.89	60.89	3.7379	
1723	1	60.88	60.88	3.8656	
1724	1	60.89	60.89	3.9779	
1725	1	60.99	60.99	4.0899	
1726	1	61.11	61.11	3.8379	
1727	1	61.19	61.19	3.6739	
1728	1	61.21	61.21	3.4859	
1729	1	61.2	61.2	3.2	
1730	1	61.31	61.31	3.1939	
1731	1	61.37	61.37	3.1931	
1732	1	61.45	61.45	3.2475	
1733	1	61.36	61.36	3.3304	
1734	1	61.45	61.45	3.3475	
1735	1	61.57	61.57	3.4651	
1736	1	61.5	61.5	3.19	
1737	1	61.52	61.52	3.2896	
1738	1	61.63	61.63	3.0931	
1739	1	61.51	61.51	3.1899	
1740	1	61.53	61.53	3.2491	
1741	1	61.42	61.42	3.7236	
1742	1	61.36	61.36	3.9304	
1743	1	61.58	61.58	3.6836	
1744	1	61.72	61.72	3.5616	
1745	1	61.79	61.79	3.3859	
1746	1	61.74	61.74	3.2324	
1747	1	61.8	61.8	3.3	
1748	1	61.86	61.86	3.2804	
1749	1	61.89	61.89	3.0779	
1750	1	61.93	61.93	3.2651	
1751	1	62.07	62.07	3.2251	
1752	1	62.22	62.22	2.8516	
1753	1	62.2	62.2	2.8	
1754	1	62.13	62.13	2.7731	
1755	1	62.16	62.16	3.0944	
1756	1	62.21	62.21	3.0459	
1757	1	62.2	62.2	3.12	
1758	1	62.15	62.15	3.0275	
1759	1	62.09	62.09	3.0219	
1760	1	62.03	62.03	3.0091	
1761	1	61.99	61.99	2.6899	
1762	1	61.94	61.94	2.8164	
1763	1	62	62	2.66	
1764	1	62.05	62.05	2.7075	
1765	1	62.01	62.01	2.6899	
1766	1	62.1	62.1	2.51	
1767	1	62.15	62.15	2.4675	
1768	1	62.18	62.18	2.5276	
1769	1	62.3	62.3	2.41	
1770	1	62.33	62.33	2.4211	
1771	1	62.28	62.28	2.4816	
1772	1	62.32	62.32	2.4376	
1773	1	62.39	62.39	2.3979	
1774	1	62.23	62.23	2.5771	
1775	1	62.25	62.25	2.5075	
1776	1	62.25	62.25	2.6675	
1777	1	62.33	62.33	2.8011	
1778	1	62.38	62.38	2.5756	
1779	1	62.27	62.27	2.8771	
1780	1	62.23	62.23	3.1171	
1781	1	62.35	62.35	2.6475	
1782	1	62.38	62.38	2.8156	
1783	1	62.4	62.4	2.74	
1784	1	62.51	62.51	2.7499	
1785	1	62.49	62.49	2.5699	
1786	1	62.48	62.48	2.5096	
1787	1	62.61	62.61	2.4779	
1788	1	62.61	62.61	2.4379	
1789	1	62.67	62.67	2.2211	
1790	1	62.8	62.8	2.08	
1791	1	62.79	62.79	2.0659	
1792	1	62.78	62.78	2.4116	
1793	1	62.83	62.83	2.5211	
1794	1	62.94	62.94	2.4164	
1795	1	63.04	63.04	2.3184	
1796	1	63.1	63.1	2.33	
1797	1	63.02	63.02	2.7196	
1798	1	63.15	63.15	2.7275	
1799	1	63.18	63.18	2.7876	
1800	1	63.24	63.24	2.9624	
1801	1	63.17	63.17	2.8811	
1802	1	63.15	63.15	2.8475	
1803	1	63.19	63.19	2.7739	
1804	1	63.3	63.3	2.91	
1805	1	63.3	63.3	2.89	
1806	1	63.2	63.2	2.86	
1807	1	63.26	63.26	2.9124	
1808	1	63.25	63.25	2.8275	
1809	1	63.2	63.2	2.78	
1810	1	63.22	63.22	2.8516	
1811	1	63.41	63.41	2.5219	
1812	1	63.38	63.38	3.1156	
1813	1	63.49	63.49	2.8099	
1814	1	63.67	63.67	2.7811	
1815	1	63.61	63.61	2.7179	
1816	1	63.53	63.53	2.8691	
1817	1	63.51	63.51	2.9699	
1818	1	63.45	63.45	2.9875	
1819	1	63.53	63.53	2.9891	
1820	1	63.49	63.49	3.0099	
1821	1	63.57	63.57	2.9851	
1822	1	63.52	63.52	2.9296	
1823	1	63.48	63.48	3.0896	
1824	1	63.43	63.43	3.0451	
1825	1	63.39	63.39	3.1779	
1826	1	63.41	63.41	3.1819	
1827	1	63.47	63.47	3.0491	
1828	1	63.45	63.45	3.2475	
1829	1	63.45	63.45	3.6275	
1830	1	63.43	63.43	3.3451	
1831	1	63.56	63.56	3.1864	
1832	1	63.68	63.68	2.9176	
1833	1	63.69	63.69	3.3539	
1834	1	63.8	63.8	3.16	
1835	1	63.8	63.8	3.18	
1836	1	63.95	63.95	3.1075	
1837	1	63.97	63.97	2.8691	
1838	1	64.11	64.11	2.5379	
1839	1	64.07	64.07	2.5651	
1840	1	64.07	64.07	2.7051	
1841	1	64.11	64.11	2.6379	
1842	1	64.19	64.19	2.5739	
1843	1	64.21	64.21	2.3459	
1844	1	64.26	64.26	2.2724	
1845	1	64.34	64.34	2.1844	
1846	1	64.44	64.44	1.9264	
1847	1	64.47	64.47	1.9691	
1848	1	64.48	64.48	2.0696	
1849	1	64.5	64.5	1.89	
1850	1	64.42	64.42	1.9236	
1851	1	64.45	64.45	1.7875	
1852	1	64.41	64.41	1.8419	
1853	1	64.54	64.54	1.8484	
1854	1	64.59	64.59	1.7619	
1855	1	64.51	64.51	1.6699	
1856	1	64.48	64.48	1.6896	
1857	1	64.47	64.47	1.8291	
1858	1	64.46	64.46	1.8484	
1859	1	64.54	64.54	1.9684	
1860	1	64.47	64.47	1.9891	
1861	1	64.55	64.55	2.0875	
1862	1	64.53	64.53	2.1691	
1863	1	64.6	64.6	2.1	
1864	1	64.61	64.61	2.2579	
1865	1	64.59	64.59	2.2819	
1866	1	64.51	64.51	2.0899	
1867	1	64.56	64.56	2.1864	
1868	1	64.69	64.69	2.2139	
1869	1	64.73	64.73	2.4371	
1870	1	64.79	64.79	2.3859	
1871	1	64.8	64.8	2.4	
1872	1	64.87	64.87	2.4931	
1873	1	64.93	64.93	2.8851	
1874	1	64.94	64.94	2.9564	
1875	1	64.91	64.91	2.9619	
1876	1	64.91	64.91	3.2419	
1877	1	64.83	64.83	3.0611	
1878	1	64.9	64.9	3.15	
1879	1	65.08	65.08	3.0136	
1880	1	65.11	65.11	2.8379	
1881	1	65.13	65.13	2.7931	
1882	1	65.21	65.21	2.8459	
1883	1	65.26	65.26	2.8524	
1884	1	65.24	65.24	2.8624	
1885	1	65.24	65.24	2.9424	
1886	1	65.22	65.22	2.9116	
1887	1	65.21	65.21	2.9059	
1888	1	65.3	65.3	3.03	
1889	1	65.27	65.27	3.3371	
1890	1	65.24	65.24	3.2424	
1891	1	65.26	65.26	3.2924	
1892	1	65.22	65.22	3.4316	
1893	1	65.14	65.14	3.1804	
1894	1	65.29	65.29	3.4859	
1895	1	65.3	65.3	3.45	
1896	1	65.24	65.24	3.1424	
1897	1	65.2	65.2	3	
1898	1	65.31	65.31	3.0939	
1899	1	65.31	65.31	3.3739	
1900	1	65.43	65.43	3.1651	
1901	1	65.44	65.44	3.1664	
1902	1	65.49	65.49	3.0499	
1903	1	65.65	65.65	3.2475	
1904	1	65.74	65.74	3.4924	
1905	1	65.93	65.93	3.7851	
1906	1	65.96	65.96	3.5784	
1907	1	65.96	65.96	3.6984	
1908	1	66.07	66.07	3.8451	
1909	1	66.07	66.07	3.8451	
1910	1	66.19	66.19	3.6139	
1911	1	66.28	66.28	3.2416	
1912	1	66.19	66.19	3.4339	
1913	1	66.2	66.2	3.56	
1914	1	66.24	66.24	3.5424	
1915	1	66.33	66.33	3.6411	
1916	1	66.42	66.42	3.4436	
1917	1	66.58	66.58	3.3836	
1918	1	66.58	66.58	3.2436	
1919	1	66.59	66.59	3.5419	
1920	1	66.76	66.76	3.4624	
1921	1	66.77	66.77	3.5571	
1922	1	66.88	66.88	3.6056	
1923	1	66.84	66.84	3.3744	
1924	1	66.87	66.87	3.2731	
1925	1	66.95	66.95	3.2475	
1926	1	67.01	67.01	2.8699	
1927	1	66.94	66.94	2.9364	
1928	1	66.92	66.92	3.0736	
1929	1	67	67	2.94	
1930	1	67.03	67.03	3.0491	
1931	1	67.13	67.13	2.9531	
1932	1	67.26	67.26	3.1724	
1933	1	67.35	67.35	2.9475	
1934	1	67.4	67.4	2.96	
1935	1	67.46	67.46	2.6884	
1936	1	67.51	67.51	2.8299	
1937	1	67.6	67.6	2.98	
1938	1	67.54	67.54	3.3284	
1939	1	67.56	67.56	3.3864	
1940	1	67.58	67.58	3.4636	
1941	1	67.47	67.47	3.8891	
1942	1	67.6	67.6	3.78	
1943	1	67.6	67.6	3.44	
1944	1	67.74	67.74	3.2724	
1945	1	67.74	67.74	3.2324	
1946	1	67.73	67.73	3.5571	
1947	1	67.84	67.84	3.6944	
1948	1	67.85	67.85	3.5075	
1949	1	67.82	67.82	3.4676	
1950	1	67.79	67.79	3.2259	
1951	1	67.84	67.84	3.0544	
1952	1	67.88	67.88	3.1656	
1953	1	67.97	67.97	3.1491	
1954	1	68.03	68.03	3.4691	
1955	1	68.12	68.12	3.1856	
1956	1	68.16	68.16	2.8344	
1957	1	68.19	68.19	2.8739	
1958	1	68.14	68.14	2.8004	
1959	1	68.08	68.08	3.1136	
1960	1	68.11	68.11	3.1379	
1961	1	68.08	68.08	3.0736	
1962	1	68.07	68.07	3.3251	
1963	1	68.1	68.1	3.07	
1964	1	68.27	68.27	2.8971	
1965	1	68.3	68.3	3.15	
1966	1	68.23	68.23	3.2171	
1967	1	68.27	68.27	3.3171	
1968	1	68.41	68.41	3.2019	
1969	1	68.41	68.41	3.0819	
1970	1	68.51	68.51	2.9099	
1971	1	68.52	68.52	2.8696	
1972	1	68.46	68.46	2.9084	
1973	1	68.49	68.49	3.1299	
1974	1	68.48	68.48	3.0096	
1975	1	68.5	68.5	2.93	
1976	1	68.56	68.56	2.8864	
1977	1	68.61	68.61	2.9579	
1978	1	68.57	68.57	3.1451	
1979	1	68.46	68.46	3.3084	
1980	1	68.54	68.54	3.3284	
1981	1	68.56	68.56	3.1264	
1982	1	68.54	68.54	3.3084	
1983	1	68.52	68.52	3.2096	
1984	1	68.55	68.55	3.1275	
1985	1	68.55	68.55	3.1875	
1986	1	68.65	68.65	2.9675	
1987	1	68.61	68.61	2.9979	
1988	1	68.73	68.73	2.7371	
1989	1	68.7	68.7	2.61	
1990	1	68.69	68.69	2.7939	
1991	1	68.78	68.78	2.0916	
1992	1	68.8	68.8	2.12	
1993	1	68.76	68.76	2.3224	
1994	1	68.77	68.77	2.3171	
1995	1	68.87	68.87	2.2331	
1996	1	68.87	68.87	1.9931	
1997	1	68.76	68.76	2.4424	
1998	1	68.82	68.82	2.3876	
1999	1	68.92	68.92	2.1136	
2000	1	68.86	68.86	2.3404	
