# mu = 0.1, s = -0.1, trials requested = 1, runtime = 0:00:01
# "Time"	"Actual trials"	"Mean mutation"	"Average mean mutation"	"Average mutation variance"
0	1	0	0	0	
1	1	0.01	0.01	0.0099	
2	1	0.03	0.03	0.0291	
3	1	0.03	0.03	0.0291	
4	1	0.05	0.05	0.0475	
5	1	0.06	0.06	0.0564	
6	1	0.07	0.07	0.0651	
7	1	0.08	0.08	0.0736	
8	1	0.11	0.11	0.0979	
9	1	0.14	0.14	0.1404	
10	1	0.11	0.11	0.1179	
11	1	0.11	0.11	0.1179	
12	1	0.12	0.12	0.1256	
13	1	0.1	0.1	0.11	
14	1	0.08	0.08	0.0936	
15	1	0.1	0.1	0.11	
16	1	0.09	0.09	0.1019	
17	1	0.09	0.09	0.1019	
18	1	0.09	0.09	0.1019	
19	1	0.09	0.09	0.1019	
20	1	0.11	0.11	0.1179	
21	1	0.15	0.15	0.1875	
22	1	0.15	0.15	0.1675	
23	1	0.16	0.16	0.1744	
24	1	0.14	0.14	0.1404	
25	1	0.18	0.18	0.1876	
26	1	0.16	0.16	0.1744	
27	1	0.16	0.16	0.1744	
28	1	0.16	0.16	0.1744	
29	1	0.16	0.16	0.1744	
30	1	0.22	0.22	0.2716	
31	1	0.19	0.19	0.2339	
32	1	0.23	0.23	0.2771	
33	1	0.24	0.24	0.2824	
34	1	0.25	0.25	0.2875	
35	1	0.29	0.29	0.3459	
36	1	0.26	0.26	0.2724	
37	1	0.25	0.25	0.2675	
38	1	0.27	0.27	0.2971	
39	1	0.27	0.27	0.2971	
40	1	0.26	0.26	0.2924	
41	1	0.26	0.26	0.2924	
42	1	0.25	0.25	0.2675	
43	1	0.25	0.25	0.2675	
44	1	0.24	0.24	0.2624	
45	1	0.23	0.23	0.2371	
46	1	0.26	0.26	0.2724	
47	1	0.26	0.26	0.2724	
48	1	0.27	0.27	0.2771	
49	1	0.28	0.28	0.3016	
50	1	0.31	0.31	0.3339	
51	1	0.28	0.28	0.3016	
52	1	0.3	0.3	0.33	
53	1	0.3	0.3	0.31	
54	1	0.29	0.29	0.3059	
55	1	0.28	0.28	0.3016	
56	1	0.29	0.29	0.3059	
57	1	0.33	0.33	0.3811	
58	1	0.35	0.35	0.3875	
59	1	0.36	0.36	0.4104	
60	1	0.4	0.4	0.4	
61	1	0.48	0.48	0.5096	
62	1	0.45	0.45	0.4875	
63	1	0.45	0.45	0.4475	
64	1	0.47	0.47	0.4291	
65	1	0.5	0.5	0.43	
66	1	0.53	0.53	0.4691	
67	1	0.55	0.55	0.5275	
68	1	0.5	0.5	0.49	
69	1	0.48	0.48	0.4696	
70	1	0.47	0.47	0.4491	
71	1	0.53	0.53	0.4691	
72	1	0.54	0.54	0.5284	
73	1	0.55	0.55	0.5275	
74	1	0.58	0.58	0.5236	
75	1	0.58	0.58	0.5436	
76	1	0.56	0.56	0.5064	
77	1	0.58	0.58	0.5636	
78	1	0.58	0.58	0.5236	
79	1	0.55	0.55	0.5475	
80	1	0.56	0.56	0.5664	
81	1	0.58	0.58	0.5636	
82	1	0.6	0.6	0.6	
83	1	0.52	0.52	0.5296	
84	1	0.55	0.55	0.5475	
85	1	0.54	0.54	0.5484	
86	1	0.6	0.6	0.62	
87	1	0.58	0.58	0.6036	
88	1	0.6	0.6	0.56	
89	1	0.57	0.57	0.5251	
90	1	0.55	0.55	0.4875	
91	1	0.59	0.59	0.5419	
92	1	0.56	0.56	0.5464	
93	1	0.59	0.59	0.6419	
94	1	0.56	0.56	0.6464	
95	1	0.59	0.59	0.6419	
96	1	0.62	0.62	0.6356	
97	1	0.66	0.66	0.7044	
98	1	0.61	0.61	0.5779	
99	1	0.61	0.61	0.5579	
100	1	0.61	0.61	0.5779	
101	1	0.56	0.56	0.5464	
102	1	0.57	0.57	0.5451	
103	1	0.58	0.58	0.5036	
104	1	0.55	0.55	0.4875	
105	1	0.55	0.55	0.5475	
106	1	0.55	0.55	0.5275	
107	1	0.61	0.61	0.5779	
108	1	0.59	0.59	0.5819	
109	1	0.58	0.58	0.5636	
110	1	0.58	0.58	0.5436	
111	1	0.62	0.62	0.5756	
112	1	0.61	0.61	0.5579	
113	1	0.57	0.57	0.5451	
114	1	0.6	0.6	0.64	
115	1	0.61	0.61	0.7179	
116	1	0.61	0.61	0.6979	
117	1	0.62	0.62	0.7156	
118	1	0.6	0.6	0.74	
119	1	0.64	0.64	0.7904	
120	1	0.62	0.62	0.7756	
121	1	0.63	0.63	0.8131	
122	1	0.59	0.59	0.7819	
123	1	0.6	0.6	0.78	
124	1	0.59	0.59	0.8019	
125	1	0.61	0.61	0.8579	
126	1	0.66	0.66	0.8844	
127	1	0.63	0.63	0.8331	
128	1	0.69	0.69	0.9539	
129	1	0.67	0.67	0.8811	
130	1	0.64	0.64	0.8504	
131	1	0.72	0.72	0.9416	
132	1	0.7	0.7	0.91	
133	1	0.73	0.73	0.9371	
134	1	0.72	0.72	0.9016	
135	1	0.74	0.74	1.0124	
136	1	0.77	0.77	1.1171	
137	1	0.75	0.75	1.0875	
138	1	0.71	0.71	1.0059	
139	1	0.64	0.64	0.8304	
140	1	0.53	0.53	0.5691	
141	1	0.54	0.54	0.5684	
142	1	0.54	0.54	0.5684	
143	1	0.56	0.56	0.6064	
144	1	0.51	0.51	0.5699	
145	1	0.62	0.62	0.6156	
146	1	0.69	0.69	0.6139	
147	1	0.71	0.71	0.6259	
148	1	0.68	0.68	0.5976	
149	1	0.7	0.7	0.61	
150	1	0.66	0.66	0.5844	
151	1	0.68	0.68	0.5576	
152	1	0.7	0.7	0.55	
153	1	0.73	0.73	0.5971	
154	1	0.76	0.76	0.5824	
155	1	0.78	0.78	0.6116	
156	1	0.84	0.84	0.6344	
157	1	0.87	0.87	0.6131	
158	1	0.83	0.83	0.6011	
159	1	0.82	0.82	0.5876	
160	1	0.8	0.8	0.56	
161	1	0.8	0.8	0.58	
162	1	0.85	0.85	0.5875	
163	1	0.88	0.88	0.6256	
164	1	0.91	0.91	0.6219	
165	1	0.88	0.88	0.6456	
166	1	0.88	0.88	0.6656	
167	1	0.92	0.92	0.7136	
168	1	0.87	0.87	0.7331	
169	1	0.83	0.83	0.7411	
170	1	0.79	0.79	0.6859	
171	1	0.81	0.81	0.6939	
172	1	0.85	0.85	0.7475	
173	1	0.87	0.87	0.7331	
174	1	0.9	0.9	0.75	
175	1	0.87	0.87	0.6731	
176	1	0.87	0.87	0.6731	
177	1	0.86	0.86	0.6604	
178	1	0.85	0.85	0.6075	
179	1	0.86	0.86	0.5804	
180	1	0.81	0.81	0.5939	
181	1	0.8	0.8	0.62	
182	1	0.83	0.83	0.6611	
183	1	0.83	0.83	0.6411	
184	1	0.84	0.84	0.6344	
185	1	0.82	0.82	0.6276	
186	1	0.75	0.75	0.6075	
187	1	0.75	0.75	0.6475	
188	1	0.76	0.76	0.6824	
189	1	0.72	0.72	0.6016	
190	1	0.73	0.73	0.5771	
191	1	0.75	0.75	0.6275	
192	1	0.74	0.74	0.5524	
193	1	0.73	0.73	0.5571	
194	1	0.76	0.76	0.6024	
195	1	0.68	0.68	0.5576	
196	1	0.69	0.69	0.5339	
197	1	0.73	0.73	0.5771	
198	1	0.72	0.72	0.5816	
199	1	0.75	0.75	0.6475	
200	1	0.78	0.78	0.6916	
201	1	0.78	0.78	0.7916	
202	1	0.74	0.74	0.6924	
203	1	0.8	0.8	0.78	
204	1	0.78	0.78	0.7316	
205	1	0.87	0.87	0.8531	
206	1	0.87	0.87	0.8331	
207	1	0.92	0.92	0.8136	
208	1	0.91	0.91	0.8019	
209	1	0.87	0.87	0.7931	
210	1	0.9	0.9	0.81	
211	1	0.97	0.97	0.7891	
212	1	0.95	0.95	0.8675	
213	1	0.86	0.86	0.7804	
214	1	0.85	0.85	0.7875	
215	1	0.87	0.87	0.8331	
216	1	0.87	0.87	0.7931	
217	1	0.87	0.87	0.7531	
218	1	0.85	0.85	0.7275	
219	1	0.83	0.83	0.7011	
220	1	0.85	0.85	0.7275	
221	1	0.86	0.86	0.7604	
222	1	0.92	0.92	0.7536	
223	1	0.89	0.89	0.7379	
224	1	0.88	0.88	0.7656	
225	1	0.86	0.86	0.7204	
226	1	0.91	0.91	0.8019	
227	1	0.9	0.9	0.79	
228	1	0.92	0.92	0.7536	
229	1	0.86	0.86	0.7404	
230	1	0.87	0.87	0.7531	
231	1	0.86	0.86	0.7204	
232	1	0.83	0.83	0.7011	
233	1	0.81	0.81	0.6739	
234	1	0.9	0.9	0.73	
235	1	0.96	0.96	0.7384	
236	1	1.04	1.04	0.8384	
237	1	1.01	1.01	0.8299	
238	1	1.03	1.03	0.7891	
239	1	1.09	1.09	0.7819	
240	1	1.12	1.12	0.8656	
241	1	1.1	1.1	0.85	
242	1	1.07	1.07	0.8051	
243	1	1.02	1.02	0.7396	
244	1	0.98	0.98	0.7796	
245	1	0.95	0.95	0.6675	
246	1	0.96	0.96	0.6384	
247	1	0.98	0.98	0.6196	
248	1	1.01	1.01	0.6299	
249	1	1.01	1.01	0.6499	
250	1	0.96	0.96	0.6384	
251	1	0.99	0.99	0.6699	
252	1	0.99	0.99	0.6499	
253	1	0.97	0.97	0.5691	
254	1	0.98	0.98	0.5996	
255	1	1.02	1.02	0.6396	
256	1	1.03	1.03	0.6291	
257	1	1.06	1.06	0.6564	
258	1	1.05	1.05	0.6275	
259	1	1.07	1.07	0.6251	
260	1	1.05	1.05	0.6275	
261	1	1.04	1.04	0.6584	
262	1	1.08	1.08	0.7136	
263	1	1.12	1.12	0.7056	
264	1	1.03	1.03	0.7291	
265	1	1.12	1.12	0.7656	
266	1	1.1	1.1	0.75	
267	1	1.12	1.12	0.8456	
268	1	1.15	1.15	0.8675	
269	1	1.13	1.13	0.7931	
270	1	1.16	1.16	0.7744	
271	1	1.15	1.15	0.8075	
272	1	1.2	1.2	0.86	
273	1	1.17	1.17	0.9211	
274	1	1.22	1.22	0.9316	
275	1	1.19	1.19	0.8939	
276	1	1.17	1.17	0.9011	
277	1	1.17	1.17	0.8011	
278	1	1.14	1.14	0.8004	
279	1	1.14	1.14	0.8404	
280	1	1.22	1.22	0.9116	
281	1	1.2	1.2	0.9	
282	1	1.16	1.16	0.8544	
283	1	1.23	1.23	0.8771	
284	1	1.25	1.25	0.8675	
285	1	1.22	1.22	0.8116	
286	1	1.33	1.33	0.7811	
287	1	1.26	1.26	0.8124	
288	1	1.37	1.37	0.8331	
289	1	1.35	1.35	0.8275	
290	1	1.41	1.41	0.9019	
291	1	1.37	1.37	0.9331	
292	1	1.36	1.36	0.9104	
293	1	1.46	1.46	0.9484	
294	1	1.46	1.46	0.8884	
295	1	1.5	1.5	0.93	
296	1	1.51	1.51	0.8899	
297	1	1.52	1.52	0.8896	
298	1	1.44	1.44	0.8664	
299	1	1.42	1.42	0.8636	
300	1	1.49	1.49	0.8299	
301	1	1.48	1.48	0.8896	
302	1	1.53	1.53	0.9691	
303	1	1.55	1.55	0.8875	
304	1	1.52	1.52	0.8696	
305	1	1.52	1.52	0.8896	
306	1	1.52	1.52	0.9496	
307	1	1.52	1.52	0.8896	
308	1	1.53	1.53	0.9491	
309	1	1.6	1.6	0.88	
310	1	1.56	1.56	0.9464	
311	1	1.59	1.59	0.9619	
312	1	1.54	1.54	0.8684	
313	1	1.55	1.55	0.8875	
314	1	1.59	1.59	1.0019	
315	1	1.61	1.61	1.0179	
316	1	1.65	1.65	1.0275	
317	1	1.74	1.74	1.1324	
318	1	1.79	1.79	1.2859	
319	1	1.72	1.72	1.2216	
320	1	1.73	1.73	1.1771	
321	1	1.7	1.7	1.09	
322	1	1.77	1.77	1.1171	
323	1	1.76	1.76	1.0824	
324	1	1.83	1.83	1.0011	
325	1	1.84	1.84	1.0144	
326	1	1.87	1.87	1.0331	
327	1	1.86	1.86	0.9804	
328	1	1.93	1.93	0.9851	
329	1	1.91	1.91	1.0019	
330	1	1.83	1.83	0.9611	
331	1	1.82	1.82	1.0076	
332	1	1.81	1.81	1.1339	
333	1	1.82	1.82	1.1276	
334	1	1.85	1.85	1.1675	
335	1	1.92	1.92	1.2136	
336	1	1.99	1.99	1.2099	
337	1	1.97	1.97	1.1691	
338	1	2.01	2.01	1.1499	
339	1	1.98	1.98	1.1396	
340	1	2.01	2.01	1.1499	
341	1	2	2	1.18	
342	1	2.06	2.06	1.3364	
343	1	2.12	2.12	1.2856	
344	1	2.11	2.11	1.1979	
345	1	2.1	2.1	1.17	
346	1	2.05	2.05	1.2475	
347	1	2	2	1.28	
348	1	1.97	1.97	1.1891	
349	1	1.98	1.98	1.1996	
350	1	2	2	1.18	
351	1	1.97	1.97	1.2891	
352	1	2.04	2.04	1.2984	
353	1	2.14	2.14	1.2204	
354	1	2.22	2.22	1.2116	
355	1	2.3	2.3	1.15	
356	1	2.36	2.36	1.2904	
357	1	2.41	2.41	1.2619	
358	1	2.41	2.41	1.3819	
359	1	2.43	2.43	1.4651	
360	1	2.43	2.43	1.4251	
361	1	2.41	2.41	1.4019	
362	1	2.42	2.42	1.5236	
363	1	2.35	2.35	1.4275	
364	1	2.38	2.38	1.4956	
365	1	2.32	2.32	1.5176	
366	1	2.34	2.34	1.4644	
367	1	2.36	2.36	1.5504	
368	1	2.35	2.35	1.4875	
369	1	2.32	2.32	1.4376	
370	1	2.37	2.37	1.3331	
371	1	2.25	2.25	1.3075	
372	1	2.25	2.25	1.2075	
373	1	2.22	2.22	1.1716	
374	1	2.18	2.18	1.2876	
375	1	2.15	2.15	1.2875	
376	1	2.09	2.09	1.2819	
377	1	2.14	2.14	1.3204	
378	1	2.12	2.12	1.3856	
379	1	2.04	2.04	1.3384	
380	1	2.06	2.06	1.5364	
381	1	2.07	2.07	1.4851	
382	1	2.1	2.1	1.47	
383	1	2.12	2.12	1.5856	
384	1	2.13	2.13	1.8131	
385	1	2.04	2.04	1.7184	
386	1	1.95	1.95	1.5475	
387	1	1.96	1.96	1.7184	
388	1	1.98	1.98	1.7196	
389	1	2.02	2.02	1.7596	
390	1	1.96	1.96	1.7584	
391	1	1.96	1.96	1.6584	
392	1	2.05	2.05	1.6475	
393	1	2.01	2.01	1.5899	
394	1	2.02	2.02	1.7196	
395	1	2.05	2.05	1.7275	
396	1	2	2	1.76	
397	1	2.03	2.03	1.7691	
398	1	1.98	1.98	1.6596	
399	1	2.06	2.06	1.6964	
400	1	2.01	2.01	1.5499	
401	1	2.02	2.02	1.7396	
402	1	2.09	2.09	1.7819	
403	1	2.14	2.14	1.8604	
404	1	2.1	2.1	1.75	
405	1	2.19	2.19	1.7939	
406	1	2.21	2.21	1.8459	
407	1	2.27	2.27	1.8371	
408	1	2.33	2.33	1.8411	
409	1	2.33	2.33	1.8811	
410	1	2.22	2.22	1.7316	
411	1	2.21	2.21	1.8059	
412	1	2.23	2.23	1.7771	
413	1	2.16	2.16	1.6944	
414	1	2.09	2.09	1.6619	
415	1	2.02	2.02	1.5396	
416	1	2.06	2.06	1.6564	
417	1	2.05	2.05	1.6275	
418	1	2.06	2.06	1.5364	
419	1	2.01	2.01	1.4899	
420	1	2.03	2.03	1.5291	
421	1	2.08	2.08	1.6136	
422	1	2.13	2.13	1.5931	
423	1	2.18	2.18	1.7676	
424	1	2.16	2.16	1.6744	
425	1	2.12	2.12	1.6656	
426	1	2.15	2.15	1.6675	
427	1	2.17	2.17	1.8011	
428	1	2.13	2.13	1.6531	
429	1	2.12	2.12	1.6456	
430	1	2.11	2.11	1.6979	
431	1	2.1	2.1	1.79	
432	1	2.15	2.15	1.8475	
433	1	2.21	2.21	1.8259	
434	1	2.21	2.21	1.8259	
435	1	2.22	2.22	1.7316	
436	1	2.16	2.16	1.6944	
437	1	2.12	2.12	1.6656	
438	1	2.11	2.11	1.6779	
439	1	2.11	2.11	1.5779	
440	1	2.05	2.05	1.5475	
441	1	2.01	2.01	1.4699	
442	1	2.1	2.1	1.57	
443	1	2.09	2.09	1.4419	
444	1	2.18	2.18	1.7276	
445	1	2.17	2.17	1.7211	
446	1	2.16	2.16	1.6744	
447	1	2.14	2.14	1.6404	
448	1	2.12	2.12	1.6456	
449	1	2.07	2.07	1.5451	
450	1	2	2	1.5	
451	1	2	2	1.52	
452	1	1.98	1.98	1.5396	
453	1	1.98	1.98	1.5796	
454	1	2	2	1.56	
455	1	2.06	2.06	1.6164	
456	1	2.05	2.05	1.5075	
457	1	2.07	2.07	1.7651	
458	1	2	2	1.8	
459	1	1.95	1.95	1.4875	
460	1	1.93	1.93	1.4851	
461	1	1.87	1.87	1.2731	
462	1	1.9	1.9	1.27	
463	1	1.84	1.84	1.0744	
464	1	1.85	1.85	1.0275	
465	1	1.87	1.87	1.0531	
466	1	1.86	1.86	1.1604	
467	1	1.91	1.91	1.3019	
468	1	1.96	1.96	1.2784	
469	1	2.02	2.02	1.3196	
470	1	2.1	2.1	1.33	
471	1	2.08	2.08	1.3136	
472	1	2.08	2.08	1.3336	
473	1	2.07	2.07	1.2051	
474	1	2.06	2.06	1.2564	
475	1	2.03	2.03	1.1891	
476	1	2.05	2.05	1.1675	
477	1	2.03	2.03	1.1891	
478	1	2.02	2.02	1.2996	
479	1	2.05	2.05	1.4275	
480	1	2.14	2.14	1.5204	
481	1	2.12	2.12	1.5256	
482	1	2.03	2.03	1.5491	
483	1	2.06	2.06	1.5964	
484	1	2.09	2.09	1.6219	
485	1	2.2	2.2	1.72	
486	1	2.21	2.21	1.6259	
487	1	2.23	2.23	1.5771	
488	1	2.2	2.2	1.64	
489	1	2.11	2.11	1.5379	
490	1	2.16	2.16	1.5144	
491	1	2.19	2.19	1.4139	
492	1	2.24	2.24	1.4224	
493	1	2.23	2.23	1.4971	
494	1	2.17	2.17	1.4811	
495	1	2.22	2.22	1.4916	
496	1	2.19	2.19	1.6539	
497	1	2.05	2.05	1.5275	
498	1	2.06	2.06	1.5764	
499	1	2.07	2.07	1.6251	
500	1	2.04	2.04	1.5384	
501	1	1.99	1.99	1.4299	
502	1	2	2	1.32	
503	1	1.87	1.87	1.2531	
504	1	1.83	1.83	1.2611	
505	1	1.82	1.82	1.2076	
506	1	1.86	1.86	1.3204	
507	1	1.88	1.88	1.2456	
508	1	1.89	1.89	1.2979	
509	1	1.95	1.95	1.3075	
510	1	2.02	2.02	1.2996	
511	1	2.05	2.05	1.2675	
512	1	2.12	2.12	1.2256	
513	1	2.21	2.21	1.2859	
514	1	2.11	2.11	1.3379	
515	1	2.18	2.18	1.3876	
516	1	2.14	2.14	1.4004	
517	1	2.06	2.06	1.4364	
518	1	1.99	1.99	1.4299	
519	1	1.88	1.88	1.5056	
520	1	1.97	1.97	1.5491	
521	1	1.92	1.92	1.5336	
522	1	1.89	1.89	1.5579	
523	1	1.89	1.89	1.5579	
524	1	1.93	1.93	1.6051	
525	1	1.93	1.93	1.5251	
526	1	2.06	2.06	1.6564	
527	1	2.08	2.08	1.4936	
528	1	2.03	2.03	1.5291	
529	1	2.09	2.09	1.5019	
530	1	2.11	2.11	1.4379	
531	1	2.23	2.23	1.4571	
532	1	2.17	2.17	1.4011	
533	1	2.18	2.18	1.4276	
534	1	2.22	2.22	1.4116	
535	1	2.16	2.16	1.4144	
536	1	2.09	2.09	1.4819	
537	1	2.08	2.08	1.5736	
538	1	1.97	1.97	1.7691	
539	1	1.95	1.95	1.7675	
540	1	1.99	1.99	1.7499	
541	1	1.95	1.95	1.7075	
542	1	1.96	1.96	1.6984	
543	1	2.01	2.01	1.7699	
544	1	2.04	2.04	1.7584	
545	1	2.04	2.04	1.7184	
546	1	2.05	2.05	1.9075	
547	1	2.04	2.04	1.8584	
548	1	1.98	1.98	1.9196	
549	1	1.97	1.97	1.9891	
550	1	1.79	1.79	1.8259	
551	1	1.87	1.87	1.7931	
552	1	1.84	1.84	1.7944	
553	1	1.87	1.87	1.8931	
554	1	1.88	1.88	1.9856	
555	1	1.84	1.84	1.9944	
556	1	1.82	1.82	2.0876	
557	1	1.81	1.81	2.1339	
558	1	1.76	1.76	2.1624	
559	1	1.78	1.78	2.2116	
560	1	1.83	1.83	2.1211	
561	1	1.86	1.86	2.2404	
562	1	1.94	1.94	2.3764	
563	1	1.86	1.86	2.2804	
564	1	1.84	1.84	2.1744	
565	1	1.75	1.75	1.9075	
566	1	1.83	1.83	1.9411	
567	1	1.93	1.93	2.2051	
568	1	1.93	1.93	2.2451	
569	1	1.98	1.98	2.2796	
570	1	1.97	1.97	2.2691	
571	1	2.05	2.05	2.2875	
572	1	2.04	2.04	2.2784	
573	1	2.04	2.04	2.2784	
574	1	2.16	2.16	2.2944	
575	1	2.19	2.19	2.3339	
576	1	2.12	2.12	2.3256	
577	1	2.13	2.13	2.2731	
578	1	2.17	2.17	2.4611	
579	1	2.17	2.17	2.4611	
580	1	2.26	2.26	2.3324	
581	1	2.15	2.15	2.2275	
582	1	2.09	2.09	2.2419	
583	1	2.12	2.12	2.4056	
584	1	2.03	2.03	2.1091	
585	1	2.05	2.05	2.2875	
586	1	2.08	2.08	2.4136	
587	1	2	2	2.44	
588	1	2.07	2.07	2.5451	
589	1	2.09	2.09	2.5019	
590	1	2.07	2.07	2.4451	
591	1	2.02	2.02	2.3996	
592	1	1.93	1.93	2.2651	
593	1	1.95	1.95	2.2075	
594	1	1.87	1.87	2.3331	
595	1	1.97	1.97	2.4291	
596	1	1.9	1.9	2.39	
597	1	1.87	1.87	2.3131	
598	1	1.8	1.8	2.28	
599	1	1.82	1.82	2.4476	
600	1	1.9	1.9	2.53	
601	1	1.99	1.99	2.8699	
602	1	2	2	2.88	
603	1	2.06	2.06	2.9964	
604	1	2.15	2.15	3.1675	
605	1	2.05	2.05	2.8275	
606	1	2.14	2.14	2.9604	
607	1	2.09	2.09	2.8619	
608	1	2.05	2.05	2.8475	
609	1	1.98	1.98	3.0596	
610	1	1.94	1.94	2.9964	
611	1	2.15	2.15	3.3475	
612	1	2.06	2.06	3.2564	
613	1	2.11	2.11	3.3179	
614	1	2.18	2.18	3.3676	
615	1	2.16	2.16	3.3744	
616	1	2.24	2.24	3.2824	
617	1	2.2	2.2	3.5	
618	1	2.22	2.22	3.4916	
619	1	2.1	2.1	3.33	
620	1	2.15	2.15	3.4675	
621	1	2.15	2.15	3.6875	
622	1	1.99	1.99	3.5499	
623	1	2.06	2.06	3.3764	
624	1	1.98	1.98	3.4596	
625	1	2.01	2.01	3.4899	
626	1	1.96	1.96	3.6184	
627	1	1.93	1.93	3.4651	
628	1	1.92	1.92	3.4936	
629	1	1.86	1.86	3.2204	
630	1	1.94	1.94	3.2364	
631	1	1.86	1.86	3.1404	
632	1	1.92	1.92	3.1336	
633	1	1.88	1.88	3.1856	
634	1	1.81	1.81	3.2139	
635	1	1.75	1.75	3.0675	
636	1	1.66	1.66	3.0044	
637	1	1.73	1.73	3.1171	
638	1	1.78	1.78	3.1516	
639	1	1.77	1.77	3.0771	
640	1	1.74	1.74	3.0524	
641	1	1.71	1.71	2.8259	
642	1	1.75	1.75	2.8475	
643	1	1.79	1.79	2.9459	
644	1	1.71	1.71	3.0059	
645	1	1.65	1.65	2.8075	
646	1	1.69	1.69	2.5339	
647	1	1.72	1.72	2.6816	
648	1	1.71	1.71	2.7259	
649	1	1.89	1.89	2.8379	
650	1	1.89	1.89	2.9779	
651	1	1.89	1.89	2.9979	
652	1	1.84	1.84	2.9144	
653	1	1.89	1.89	3.0579	
654	1	1.89	1.89	2.9579	
655	1	2.01	2.01	3.1499	
656	1	2.12	2.12	3.0856	
657	1	1.98	1.98	2.8196	
658	1	1.93	1.93	2.5851	
659	1	2.02	2.02	2.5996	
660	1	1.97	1.97	2.6091	
661	1	1.95	1.95	2.7075	
662	1	1.83	1.83	2.5411	
663	1	1.86	1.86	2.5604	
664	1	1.82	1.82	2.7476	
665	1	1.77	1.77	2.8371	
666	1	1.71	1.71	2.6859	
667	1	1.58	1.58	2.5636	
668	1	1.54	1.54	2.6484	
669	1	1.68	1.68	2.7176	
670	1	1.54	1.54	2.4284	
671	1	1.51	1.51	2.4899	
672	1	1.49	1.49	2.3499	
673	1	1.64	1.64	2.5904	
674	1	1.63	1.63	2.6131	
675	1	1.61	1.61	2.5779	
676	1	1.58	1.58	2.8036	
677	1	1.57	1.57	2.6451	
678	1	1.53	1.53	2.4291	
679	1	1.45	1.45	2.2675	
680	1	1.49	1.49	2.3899	
681	1	1.39	1.39	2.0379	
682	1	1.48	1.48	2.3696	
683	1	1.56	1.56	2.4664	
684	1	1.54	1.54	2.3284	
685	1	1.53	1.53	2.3091	
686	1	1.58	1.58	2.1836	
687	1	1.43	1.43	1.9451	
688	1	1.57	1.57	2.3651	
689	1	1.58	1.58	2.4636	
690	1	1.57	1.57	2.4651	
691	1	1.5	1.5	2.21	
692	1	1.45	1.45	2.1275	
693	1	1.47	1.47	2.0691	
694	1	1.44	1.44	2.1264	
695	1	1.46	1.46	2.0884	
696	1	1.43	1.43	1.8851	
697	1	1.37	1.37	1.7531	
698	1	1.39	1.39	1.6179	
699	1	1.35	1.35	1.5875	
700	1	1.33	1.33	1.6811	
701	1	1.27	1.27	1.7171	
702	1	1.25	1.25	1.6875	
703	1	1.21	1.21	1.6659	
704	1	1.21	1.21	1.6859	
705	1	1.16	1.16	1.4744	
706	1	1.21	1.21	1.4059	
707	1	1.28	1.28	1.4816	
708	1	1.23	1.23	1.4371	
709	1	1.24	1.24	1.4024	
710	1	1.29	1.29	1.3659	
711	1	1.25	1.25	1.3875	
712	1	1.25	1.25	1.3875	
713	1	1.21	1.21	1.0859	
714	1	1.18	1.18	1.0876	
715	1	1.16	1.16	1.1144	
716	1	1.06	1.06	1.0364	
717	1	1.05	1.05	1.0875	
718	1	1.04	1.04	1.0584	
719	1	1.07	1.07	1.1051	
720	1	1	1	1.08	
721	1	1.08	1.08	1.1736	
722	1	1.05	1.05	1.1475	
723	1	1.12	1.12	1.2256	
724	1	1.09	1.09	1.1819	
725	1	1.1	1.1	1.19	
726	1	1.06	1.06	1.0964	
727	1	1	1	1.02	
728	1	1.04	1.04	1.0984	
729	1	1.03	1.03	1.1091	
730	1	1.06	1.06	1.1964	
731	1	1.05	1.05	1.1275	
732	1	1.06	1.06	1.1564	
733	1	1.06	1.06	1.1564	
734	1	1.06	1.06	1.1364	
735	1	1.05	1.05	1.1675	
736	1	1	1	1.04	
737	1	0.97	0.97	1.0291	
738	1	0.99	0.99	1.2099	
739	1	1.04	1.04	1.3584	
740	1	1.09	1.09	1.3419	
741	1	1.06	1.06	1.3364	
742	1	1.07	1.07	1.3651	
743	1	1.09	1.09	1.2419	
744	1	1.07	1.07	1.3251	
745	1	1.07	1.07	1.3851	
746	1	0.98	0.98	1.2396	
747	1	1.01	1.01	1.4299	
748	1	0.92	0.92	1.3536	
749	1	0.9	0.9	1.23	
750	1	0.87	0.87	1.1731	
751	1	0.84	0.84	1.1144	
752	1	0.88	0.88	1.1456	
753	1	0.89	0.89	1.1379	
754	1	0.87	0.87	1.1331	
755	1	0.79	0.79	0.9259	
756	1	0.8	0.8	0.9	
757	1	0.79	0.79	0.9059	
758	1	0.81	0.81	0.9339	
759	1	0.75	0.75	0.8875	
760	1	0.79	0.79	0.9059	
761	1	0.69	0.69	0.4739	
762	1	0.68	0.68	0.4376	
763	1	0.67	0.67	0.4411	
764	1	0.71	0.71	0.4459	
765	1	0.75	0.75	0.4875	
766	1	0.75	0.75	0.5075	
767	1	0.76	0.76	0.5424	
768	1	0.74	0.74	0.5324	
769	1	0.78	0.78	0.5716	
770	1	0.82	0.82	0.6076	
771	1	0.87	0.87	0.6331	
772	1	0.91	0.91	0.6619	
773	1	0.91	0.91	0.6419	
774	1	0.88	0.88	0.6056	
775	1	0.95	0.95	0.6675	
776	1	0.92	0.92	0.6536	
777	1	0.91	0.91	0.6819	
778	1	0.9	0.9	0.69	
779	1	0.97	0.97	0.7091	
780	1	0.96	0.96	0.7184	
781	1	0.98	0.98	0.6796	
782	1	1.02	1.02	0.6796	
783	1	1.04	1.04	0.6984	
784	1	1.06	1.06	0.6764	
785	1	1.03	1.03	0.7491	
786	1	1.02	1.02	0.6996	
787	1	1.03	1.03	0.7491	
788	1	1.04	1.04	0.7584	
789	1	1.04	1.04	0.7584	
790	1	1.02	1.02	0.7396	
791	1	1.11	1.11	0.8379	
792	1	1.12	1.12	0.8856	
793	1	1.11	1.11	0.9379	
794	1	1.11	1.11	0.8979	
795	1	1.09	1.09	0.9019	
796	1	1.08	1.08	0.9336	
797	1	1.05	1.05	0.8875	
798	1	1.06	1.06	0.8964	
799	1	1.06	1.06	0.9364	
800	1	1.05	1.05	0.8875	
801	1	1.07	1.07	0.9051	
802	1	1.14	1.14	0.9404	
803	1	1.12	1.12	0.9656	
804	1	1.12	1.12	0.9456	
805	1	1.14	1.14	0.9804	
806	1	1.2	1.2	0.92	
807	1	1.19	1.19	0.9339	
808	1	1.19	1.19	0.9339	
809	1	1.22	1.22	0.8716	
810	1	1.23	1.23	0.8371	
811	1	1.17	1.17	0.8411	
812	1	1.19	1.19	0.7939	
813	1	1.17	1.17	0.7411	
814	1	1.14	1.14	0.7404	
815	1	1.16	1.16	0.7544	
816	1	1.17	1.17	0.7611	
817	1	1.16	1.16	0.7744	
818	1	1.21	1.21	0.8659	
819	1	1.19	1.19	0.8539	
820	1	1.16	1.16	0.7744	
821	1	1.2	1.2	0.72	
822	1	1.24	1.24	0.7424	
823	1	1.25	1.25	0.7675	
824	1	1.2	1.2	0.78	
825	1	1.21	1.21	0.7859	
826	1	1.21	1.21	0.8259	
827	1	1.13	1.13	0.7931	
828	1	1.15	1.15	0.7675	
829	1	1.15	1.15	0.7675	
830	1	1.16	1.16	0.8344	
831	1	1.18	1.18	0.8276	
832	1	1.21	1.21	0.8459	
833	1	1.21	1.21	0.8659	
834	1	1.22	1.22	0.8116	
835	1	1.22	1.22	0.7916	
836	1	1.29	1.29	0.8259	
837	1	1.23	1.23	0.8771	
838	1	1.3	1.3	1.01	
839	1	1.26	1.26	0.9924	
840	1	1.25	1.25	1.0275	
841	1	1.19	1.19	1.0339	
842	1	1.19	1.19	0.9739	
843	1	1.25	1.25	1.0075	
844	1	1.18	1.18	0.9276	
845	1	1.24	1.24	0.8824	
846	1	1.25	1.25	0.8875	
847	1	1.27	1.27	0.8971	
848	1	1.24	1.24	0.8824	
849	1	1.23	1.23	0.8771	
850	1	1.23	1.23	0.8771	
851	1	1.27	1.27	0.9171	
852	1	1.24	1.24	0.8824	
853	1	1.28	1.28	0.9616	
854	1	1.28	1.28	0.9416	
855	1	1.21	1.21	0.9059	
856	1	1.29	1.29	1.0059	
857	1	1.33	1.33	1.0811	
858	1	1.28	1.28	1.0616	
859	1	1.35	1.35	1.0675	
860	1	1.3	1.3	1.11	
861	1	1.25	1.25	1.1075	
862	1	1.17	1.17	1.0011	
863	1	1.19	1.19	1.1139	
864	1	1.24	1.24	1.1224	
865	1	1.2	1.2	1.12	
866	1	1.12	1.12	1.0856	
867	1	1.04	1.04	0.9384	
868	1	1.06	1.06	0.8764	
869	1	1.06	1.06	0.8964	
870	1	1.04	1.04	0.9584	
871	1	1.11	1.11	1.0179	
872	1	1.09	1.09	1.0219	
873	1	1.12	1.12	1.0656	
874	1	1.19	1.19	1.1939	
875	1	1.16	1.16	1.1744	
876	1	1.15	1.15	1.2275	
877	1	1.16	1.16	1.2744	
878	1	1.13	1.13	1.2531	
879	1	1.19	1.19	1.2739	
880	1	1.19	1.19	1.2339	
881	1	1.15	1.15	1.2075	
882	1	1.18	1.18	1.3676	
883	1	1.2	1.2	1.34	
884	1	1.23	1.23	1.3371	
885	1	1.17	1.17	1.2411	
886	1	1.15	1.15	1.2475	
887	1	1.1	1.1	1.17	
888	1	1.07	1.07	1.2051	
889	1	1.11	1.11	1.1579	
890	1	1.18	1.18	1.1476	
891	1	1.24	1.24	1.2424	
892	1	1.15	1.15	1.0875	
893	1	1.14	1.14	1.1204	
894	1	1.13	1.13	1.0531	
895	1	1.11	1.11	1.0379	
896	1	1.02	1.02	0.9396	
897	1	1.01	1.01	0.9299	
898	1	0.97	0.97	0.8691	
899	1	0.89	0.89	0.8179	
900	1	0.86	0.86	0.7804	
901	1	0.81	0.81	0.7739	
902	1	0.76	0.76	0.6824	
903	1	0.77	0.77	0.6771	
904	1	0.74	0.74	0.6724	
905	1	0.78	0.78	0.6716	
906	1	0.77	0.77	0.6371	
907	1	0.8	0.8	0.64	
908	1	0.82	0.82	0.6276	
909	1	0.83	0.83	0.6211	
910	1	0.84	0.84	0.6744	
911	1	0.87	0.87	0.6531	
912	1	0.91	0.91	0.6419	
913	1	0.97	0.97	0.6891	
914	1	0.97	0.97	0.6491	
915	1	0.99	0.99	0.6499	
916	1	0.99	0.99	0.6499	
917	1	1	1	0.68	
918	1	0.99	0.99	0.6699	
919	1	1.02	1.02	0.6396	
920	1	1.03	1.03	0.6291	
921	1	1.01	1.01	0.6099	
922	1	1.07	1.07	0.6651	
923	1	1.03	1.03	0.7291	
924	1	1.05	1.05	0.7675	
925	1	1.06	1.06	0.7564	
926	1	1.09	1.09	0.7419	
927	1	1.07	1.07	0.7051	
928	1	1.07	1.07	0.7051	
929	1	1.04	1.04	0.7184	
930	1	1.01	1.01	0.7899	
931	1	0.99	0.99	0.6899	
932	1	0.97	0.97	0.6491	
933	1	0.98	0.98	0.6796	
934	1	1	1	0.7	
935	1	1.02	1.02	0.6796	
936	1	1.06	1.06	0.6764	
937	1	1.05	1.05	0.7475	
938	1	1.09	1.09	0.7819	
939	1	1.14	1.14	0.7204	
940	1	1.13	1.13	0.7131	
941	1	1.16	1.16	0.7344	
942	1	1.16	1.16	0.7544	
943	1	1.25	1.25	0.8475	
944	1	1.17	1.17	0.8411	
945	1	1.21	1.21	0.8659	
946	1	1.19	1.19	0.8339	
947	1	1.19	1.19	0.8539	
948	1	1.27	1.27	0.8971	
949	1	1.22	1.22	0.8116	
950	1	1.19	1.19	0.8739	
951	1	1.22	1.22	0.8516	
952	1	1.26	1.26	0.8524	
953	1	1.28	1.28	0.8816	
954	1	1.33	1.33	0.9411	
955	1	1.31	1.31	1.0139	
956	1	1.39	1.39	0.9979	
957	1	1.47	1.47	1.0091	
958	1	1.53	1.53	1.0291	
959	1	1.48	1.48	1.0696	
960	1	1.46	1.46	0.9684	
961	1	1.45	1.45	0.9875	
962	1	1.44	1.44	0.9664	
963	1	1.48	1.48	0.9896	
964	1	1.48	1.48	1.0096	
965	1	1.48	1.48	1.0096	
966	1	1.49	1.49	1.0699	
967	1	1.47	1.47	1.0291	
968	1	1.5	1.5	1.03	
969	1	1.49	1.49	1.0099	
970	1	1.49	1.49	1.0699	
971	1	1.53	1.53	1.0091	
972	1	1.55	1.55	1.0075	
973	1	1.46	1.46	0.9684	
974	1	1.43	1.43	0.9251	
975	1	1.36	1.36	0.8904	
976	1	1.45	1.45	0.9275	
977	1	1.47	1.47	1.0291	
978	1	1.5	1.5	1.05	
979	1	1.52	1.52	0.9896	
980	1	1.54	1.54	0.9684	
981	1	1.54	1.54	0.8884	
982	1	1.54	1.54	0.9084	
983	1	1.55	1.55	1.0275	
984	1	1.55	1.55	1.0875	
985	1	1.51	1.51	1.1899	
986	1	1.33	1.33	1.2211	
987	1	1.4	1.4	1.44	
988	1	1.45	1.45	1.3675	
989	1	1.44	1.44	1.2864	
990	1	1.41	1.41	1.3619	
991	1	1.48	1.48	1.4296	
992	1	1.53	1.53	1.6291	
993	1	1.53	1.53	1.5491	
994	1	1.59	1.59	1.6819	
995	1	1.55	1.55	1.6475	
996	1	1.48	1.48	1.6896	
997	1	1.46	1.46	1.5284	
998	1	1.56	1.56	1.6664	
999	1	1.64	1.64	1.7104	
1000	1	1.64	1.64	1.6104	
1001	1	1.64	1.64	1.6504	
1002	1	1.72	1.72	1.8216	
1003	1	1.67	1.67	1.7411	
1004	1	1.6	1.6	1.72	
1005	1	1.62	1.62	1.6156	
1006	1	1.62	1.62	1.4756	
1007	1	1.59	1.59	1.1619	
1008	1	1.54	1.54	1.2484	
1009	1	1.59	1.59	1.1819	
1010	1	1.57	1.57	1.2851	
1011	1	1.49	1.49	1.3299	
1012	1	1.48	1.48	1.3296	
1013	1	1.46	1.46	1.2484	
1014	1	1.48	1.48	1.1296	
1015	1	1.46	1.46	1.1684	
1016	1	1.47	1.47	1.2091	
1017	1	1.43	1.43	1.1051	
1018	1	1.42	1.42	1.1236	
1019	1	1.49	1.49	1.1499	
1020	1	1.48	1.48	1.1096	
1021	1	1.46	1.46	1.1484	
1022	1	1.36	1.36	1.0104	
1023	1	1.4	1.4	0.92	
1024	1	1.42	1.42	0.9836	
1025	1	1.5	1.5	0.99	
1026	1	1.47	1.47	0.9491	
1027	1	1.54	1.54	1.1484	
1028	1	1.53	1.53	1.2891	
1029	1	1.56	1.56	1.3664	
1030	1	1.59	1.59	1.3619	
1031	1	1.59	1.59	1.2419	
1032	1	1.58	1.58	1.2236	
1033	1	1.58	1.58	1.2236	
1034	1	1.53	1.53	1.1091	
1035	1	1.55	1.55	1.2275	
1036	1	1.53	1.53	1.2091	
1037	1	1.54	1.54	1.1284	
1038	1	1.51	1.51	1.1699	
1039	1	1.56	1.56	1.2264	
1040	1	1.59	1.59	1.2419	
1041	1	1.61	1.61	1.1979	
1042	1	1.6	1.6	1.2	
1043	1	1.59	1.59	1.1819	
1044	1	1.6	1.6	1.3	
1045	1	1.71	1.71	1.3459	
1046	1	1.7	1.7	1.33	
1047	1	1.72	1.72	1.3616	
1048	1	1.72	1.72	1.3616	
1049	1	1.7	1.7	1.37	
1050	1	1.68	1.68	1.3576	
1051	1	1.64	1.64	1.1504	
1052	1	1.68	1.68	1.1176	
1053	1	1.7	1.7	1.19	
1054	1	1.76	1.76	1.1624	
1055	1	1.8	1.8	1.18	
1056	1	1.73	1.73	1.2171	
1057	1	1.71	1.71	1.2459	
1058	1	1.72	1.72	1.1216	
1059	1	1.72	1.72	1.1216	
1060	1	1.69	1.69	1.1739	
1061	1	1.66	1.66	1.1844	
1062	1	1.65	1.65	1.2075	
1063	1	1.64	1.64	1.1904	
1064	1	1.62	1.62	1.2356	
1065	1	1.67	1.67	1.3011	
1066	1	1.63	1.63	1.3531	
1067	1	1.68	1.68	1.3576	
1068	1	1.72	1.72	1.3416	
1069	1	1.86	1.86	1.2604	
1070	1	1.9	1.9	1.23	
1071	1	1.85	1.85	1.2075	
1072	1	1.88	1.88	1.1456	
1073	1	1.91	1.91	1.1819	
1074	1	2.02	2.02	1.2596	
1075	1	2.04	2.04	1.3384	
1076	1	2.01	2.01	1.3699	
1077	1	2.02	2.02	1.5196	
1078	1	2.02	2.02	1.4596	
1079	1	2.03	2.03	1.3691	
1080	1	2.09	2.09	1.3619	
1081	1	2.17	2.17	1.2611	
1082	1	2.07	2.07	1.2651	
1083	1	2.11	2.11	1.2379	
1084	1	2.12	2.12	1.3056	
1085	1	2.09	2.09	1.4019	
1086	1	2.18	2.18	1.4476	
1087	1	2.19	2.19	1.5139	
1088	1	2.11	2.11	1.5979	
1089	1	2.01	2.01	1.4899	
1090	1	2.03	2.03	1.6091	
1091	1	1.98	1.98	1.6396	
1092	1	2.1	2.1	1.61	
1093	1	2.09	2.09	1.5619	
1094	1	2.08	2.08	1.6936	
1095	1	2.06	2.06	1.5964	
1096	1	2.04	2.04	1.4584	
1097	1	2.02	2.02	1.3796	
1098	1	2	2	1.24	
1099	1	2.01	2.01	1.2499	
1100	1	2.07	2.07	1.2251	
1101	1	2.07	2.07	1.2651	
1102	1	2.12	2.12	1.2256	
1103	1	2.14	2.14	1.2204	
1104	1	2.07	2.07	1.3051	
1105	1	2.11	2.11	1.3379	
1106	1	2.1	2.1	1.25	
1107	1	2.1	2.1	1.29	
1108	1	2.12	2.12	1.3656	
1109	1	2.14	2.14	1.4604	
1110	1	2.07	2.07	1.5451	
1111	1	2.01	2.01	1.6099	
1112	1	2.07	2.07	1.6651	
1113	1	1.96	1.96	1.5984	
1114	1	1.87	1.87	1.5331	
1115	1	1.89	1.89	1.5379	
1116	1	1.92	1.92	1.5536	
1117	1	1.89	1.89	1.5179	
1118	1	2.01	2.01	1.6099	
1119	1	2.05	2.05	1.7075	
1120	1	2.04	2.04	1.6384	
1121	1	1.95	1.95	1.4075	
1122	1	2.02	2.02	1.3996	
1123	1	2.02	2.02	1.3596	
1124	1	1.99	1.99	1.3899	
1125	1	2.14	2.14	1.4004	
1126	1	2.13	2.13	1.3131	
1127	1	2.11	2.11	1.2579	
1128	1	2.08	2.08	1.1736	
1129	1	2.05	2.05	1.1075	
1130	1	2	2	1.12	
1131	1	2.01	2.01	1.1299	
1132	1	2.06	2.06	1.0964	
1133	1	2.05	2.05	1.1075	
1134	1	2.09	2.09	1.0419	
1135	1	2.1	2.1	1.09	
1136	1	2.15	2.15	1.1275	
1137	1	2.25	2.25	1.2475	
1138	1	2.25	2.25	1.3875	
1139	1	2.25	2.25	1.3675	
1140	1	2.2	2.2	1.32	
1141	1	2.28	2.28	1.3016	
1142	1	2.2	2.2	1.26	
1143	1	2.24	2.24	1.4824	
1144	1	2.3	2.3	1.55	
1145	1	2.35	2.35	1.6675	
1146	1	2.31	2.31	1.7139	
1147	1	2.23	2.23	1.5771	
1148	1	2.3	2.3	1.69	
1149	1	2.35	2.35	1.5875	
1150	1	2.4	2.4	1.66	
1151	1	2.37	2.37	1.5531	
1152	1	2.34	2.34	1.5844	
1153	1	2.33	2.33	1.5611	
1154	1	2.39	2.39	1.5179	
1155	1	2.32	2.32	1.5176	
1156	1	2.3	2.3	1.45	
1157	1	2.35	2.35	1.5875	
1158	1	2.29	2.29	1.5259	
1159	1	2.36	2.36	1.6904	
1160	1	2.4	2.4	1.66	
1161	1	2.37	2.37	1.6531	
1162	1	2.46	2.46	1.7684	
1163	1	2.46	2.46	1.9284	
1164	1	2.39	2.39	1.7779	
1165	1	2.38	2.38	1.7556	
1166	1	2.35	2.35	1.8075	
1167	1	2.33	2.33	1.7211	
1168	1	2.31	2.31	1.6339	
1169	1	2.35	2.35	1.6675	
1170	1	2.34	2.34	1.6244	
1171	1	2.24	2.24	1.4624	
1172	1	2.22	2.22	1.3916	
1173	1	2.21	2.21	1.3459	
1174	1	2.28	2.28	1.4616	
1175	1	2.28	2.28	1.3616	
1176	1	2.32	2.32	1.4176	
1177	1	2.25	2.25	1.4275	
1178	1	2.25	2.25	1.4275	
1179	1	2.29	2.29	1.4259	
1180	1	2.31	2.31	1.2539	
1181	1	2.34	2.34	1.2444	
1182	1	2.35	2.35	1.2875	
1183	1	2.37	2.37	1.3131	
1184	1	2.36	2.36	1.3704	
1185	1	2.35	2.35	1.2675	
1186	1	2.42	2.42	1.4036	
1187	1	2.52	2.52	1.7896	
1188	1	2.52	2.52	1.7096	
1189	1	2.53	2.53	1.6891	
1190	1	2.51	2.51	1.6899	
1191	1	2.43	2.43	1.5251	
1192	1	2.47	2.47	1.5491	
1193	1	2.42	2.42	1.2636	
1194	1	2.45	2.45	1.3275	
1195	1	2.41	2.41	1.1819	
1196	1	2.38	2.38	1.1756	
1197	1	2.41	2.41	1.1419	
1198	1	2.39	2.39	1.0379	
1199	1	2.46	2.46	1.1684	
1200	1	2.53	2.53	1.3691	
1201	1	2.6	2.6	1.48	
1202	1	2.58	2.58	1.6036	
1203	1	2.58	2.58	1.6236	
1204	1	2.62	2.62	1.6756	
1205	1	2.54	2.54	1.4884	
1206	1	2.41	2.41	1.4819	
1207	1	2.45	2.45	1.4475	
1208	1	2.47	2.47	1.4091	
1209	1	2.47	2.47	1.2491	
1210	1	2.49	2.49	1.3499	
1211	1	2.52	2.52	1.4296	
1212	1	2.47	2.47	1.4091	
1213	1	2.41	2.41	1.4419	
1214	1	2.5	2.5	1.35	
1215	1	2.47	2.47	1.3491	
1216	1	2.52	2.52	1.3096	
1217	1	2.52	2.52	1.3296	
1218	1	2.6	2.6	1.46	
1219	1	2.56	2.56	1.3464	
1220	1	2.62	2.62	1.2756	
1221	1	2.63	2.63	1.2731	
1222	1	2.63	2.63	1.2331	
1223	1	2.61	2.61	1.1179	
1224	1	2.71	2.71	1.2259	
1225	1	2.76	2.76	1.3224	
1226	1	2.78	2.78	1.3116	
1227	1	2.76	2.76	1.1424	
1228	1	2.81	2.81	1.0739	
1229	1	2.81	2.81	1.0339	
1230	1	2.92	2.92	1.2336	
1231	1	2.95	2.95	1.2675	
1232	1	3.02	3.02	1.3796	
1233	1	2.88	2.88	1.3856	
1234	1	2.95	2.95	1.5675	
1235	1	2.9	2.9	1.59	
1236	1	2.88	2.88	1.5456	
1237	1	2.78	2.78	1.3116	
1238	1	2.81	2.81	1.5139	
1239	1	2.84	2.84	1.5744	
1240	1	2.9	2.9	1.75	
1241	1	2.88	2.88	1.6056	
1242	1	2.82	2.82	1.4476	
1243	1	2.85	2.85	1.4075	
1244	1	2.94	2.94	1.4764	
1245	1	3.02	3.02	1.5796	
1246	1	3.01	3.01	1.8099	
1247	1	3.12	3.12	2.0056	
1248	1	3.09	3.09	1.7419	
1249	1	3.05	3.05	1.6475	
1250	1	3.05	3.05	1.6075	
1251	1	3.03	3.03	1.6291	
1252	1	3.11	3.11	1.7979	
1253	1	3.08	3.08	1.7336	
1254	1	3.08	3.08	1.6136	
1255	1	3.1	3.1	1.73	
1256	1	3.02	3.02	1.6396	
1257	1	3.01	3.01	1.7299	
1258	1	2.89	2.89	1.5979	
1259	1	2.88	2.88	1.4856	
1260	1	2.88	2.88	1.3856	
1261	1	2.96	2.96	1.4384	
1262	1	2.94	2.94	1.4364	
1263	1	2.97	2.97	1.4691	
1264	1	3.08	3.08	1.4536	
1265	1	3.03	3.03	1.4691	
1266	1	3.08	3.08	1.6136	
1267	1	3.04	3.04	1.6384	
1268	1	3.08	3.08	1.6936	
1269	1	3.08	3.08	1.6136	
1270	1	3.03	3.03	1.5291	
1271	1	3.08	3.08	1.5336	
1272	1	3.06	3.06	1.5564	
1273	1	3.08	3.08	1.7336	
1274	1	3.14	3.14	1.7004	
1275	1	3.09	3.09	1.5619	
1276	1	3	3	1.44	
1277	1	3	3	1.5	
1278	1	2.89	2.89	1.4379	
1279	1	2.85	2.85	1.3475	
1280	1	2.84	2.84	1.3744	
1281	1	2.82	2.82	1.2876	
1282	1	2.79	2.79	1.2259	
1283	1	2.86	2.86	1.2004	
1284	1	2.91	2.91	1.2419	
1285	1	2.87	2.87	1.2331	
1286	1	2.85	2.85	1.3075	
1287	1	2.99	2.99	1.4499	
1288	1	3	3	1.34	
1289	1	3.06	3.06	1.2964	
1290	1	3.11	3.11	1.3179	
1291	1	3.11	3.11	1.3179	
1292	1	3.15	3.15	1.3275	
1293	1	3.16	3.16	1.3744	
1294	1	3.18	3.18	1.5076	
1295	1	3.09	3.09	1.5819	
1296	1	3.12	3.12	1.5656	
1297	1	3.16	3.16	1.4944	
1298	1	3.2	3.2	1.46	
1299	1	3.25	3.25	1.3675	
1300	1	3.23	3.23	1.3971	
1301	1	3.22	3.22	1.3116	
1302	1	3.27	3.27	1.4571	
1303	1	3.29	3.29	1.4059	
1304	1	3.23	3.23	1.2771	
1305	1	3.22	3.22	1.2916	
1306	1	3.22	3.22	1.2716	
1307	1	3.21	3.21	1.2059	
1308	1	3.19	3.19	1.1939	
1309	1	3.16	3.16	1.2144	
1310	1	3.27	3.27	1.2571	
1311	1	3.33	3.33	1.3211	
1312	1	3.27	3.27	1.3371	
1313	1	3.19	3.19	1.2739	
1314	1	3.19	3.19	1.1739	
1315	1	3.23	3.23	1.2571	
1316	1	3.22	3.22	1.2716	
1317	1	3.16	3.16	1.2544	
1318	1	3.18	3.18	1.3476	
1319	1	3.21	3.21	1.3259	
1320	1	3.35	3.35	1.5875	
1321	1	3.31	3.31	1.4339	
1322	1	3.35	3.35	1.4675	
1323	1	3.44	3.44	1.5464	
1324	1	3.39	3.39	1.5379	
1325	1	3.37	3.37	1.4731	
1326	1	3.31	3.31	1.3339	
1327	1	3.26	3.26	1.4124	
1328	1	3.22	3.22	1.4116	
1329	1	3.26	3.26	1.6324	
1330	1	3.31	3.31	1.5939	
1331	1	3.29	3.29	1.6059	
1332	1	3.34	3.34	1.6644	
1333	1	3.3	3.3	1.55	
1334	1	3.25	3.25	1.4875	
1335	1	3.25	3.25	1.5875	
1336	1	3.2	3.2	1.54	
1337	1	3.2	3.2	1.56	
1338	1	3.25	3.25	1.4475	
1339	1	3.23	3.23	1.4171	
1340	1	3.23	3.23	1.4171	
1341	1	3.21	3.21	1.4259	
1342	1	3.23	3.23	1.4771	
1343	1	3.25	3.25	1.3275	
1344	1	3.25	3.25	1.3475	
1345	1	3.25	3.25	1.3475	
1346	1	3.34	3.34	1.4844	
1347	1	3.39	3.39	1.4579	
1348	1	3.44	3.44	1.5264	
1349	1	3.42	3.42	1.6036	
1350	1	3.47	3.47	1.5091	
1351	1	3.54	3.54	1.6884	
1352	1	3.44	3.44	1.6264	
1353	1	3.39	3.39	1.5979	
1354	1	3.38	3.38	1.6356	
1355	1	3.31	3.31	1.6339	
1356	1	3.42	3.42	1.6436	
1357	1	3.4	3.4	1.62	
1358	1	3.43	3.43	1.6851	
1359	1	3.5	3.5	1.71	
1360	1	3.33	3.33	1.3811	
1361	1	3.4	3.4	1.46	
1362	1	3.35	3.35	1.3475	
1363	1	3.36	3.36	1.3704	
1364	1	3.45	3.45	1.3875	
1365	1	3.45	3.45	1.5075	
1366	1	3.38	3.38	1.4356	
1367	1	3.34	3.34	1.3844	
1368	1	3.41	3.41	1.5019	
1369	1	3.33	3.33	1.4211	
1370	1	3.34	3.34	1.4444	
1371	1	3.24	3.24	1.4424	
1372	1	3.3	3.3	1.41	
1373	1	3.24	3.24	1.3624	
1374	1	3.2	3.2	1.22	
1375	1	3.24	3.24	1.2424	
1376	1	3.19	3.19	1.1939	
1377	1	3.26	3.26	1.1924	
1378	1	3.24	3.24	1.1824	
1379	1	3.3	3.3	1.21	
1380	1	3.39	3.39	1.2779	
1381	1	3.37	3.37	1.2331	
1382	1	3.32	3.32	1.2176	
1383	1	3.31	3.31	1.3139	
1384	1	3.37	3.37	1.3731	
1385	1	3.36	3.36	1.4304	
1386	1	3.39	3.39	1.3779	
1387	1	3.36	3.36	1.4504	
1388	1	3.4	3.4	1.42	
1389	1	3.45	3.45	1.4475	
1390	1	3.53	3.53	1.5491	
1391	1	3.54	3.54	1.4084	
1392	1	3.49	3.49	1.3699	
1393	1	3.48	3.48	1.4096	
1394	1	3.57	3.57	1.5051	
1395	1	3.59	3.59	1.4619	
1396	1	3.56	3.56	1.4264	
1397	1	3.59	3.59	1.4219	
1398	1	3.61	3.61	1.3979	
1399	1	3.55	3.55	1.3075	
1400	1	3.54	3.54	1.2484	
1401	1	3.54	3.54	1.3684	
1402	1	3.45	3.45	1.3275	
1403	1	3.55	3.55	1.4875	
1404	1	3.56	3.56	1.4864	
1405	1	3.57	3.57	1.4251	
1406	1	3.53	3.53	1.3891	
1407	1	3.51	3.51	1.3299	
1408	1	3.63	3.63	1.4331	
1409	1	3.55	3.55	1.4075	
1410	1	3.57	3.57	1.4651	
1411	1	3.58	3.58	1.4636	
1412	1	3.61	3.61	1.4979	
1413	1	3.59	3.59	1.6619	
1414	1	3.66	3.66	1.6044	
1415	1	3.61	3.61	1.6179	
1416	1	3.65	3.65	1.9475	
1417	1	3.76	3.76	2.3824	
1418	1	3.68	3.68	2.1176	
1419	1	3.72	3.72	2.1216	
1420	1	3.7	3.7	2.09	
1421	1	3.68	3.68	2.0176	
1422	1	3.61	3.61	1.8579	
1423	1	3.51	3.51	1.9299	
1424	1	3.58	3.58	1.9836	
1425	1	3.46	3.46	1.6484	
1426	1	3.46	3.46	1.6884	
1427	1	3.48	3.48	1.6096	
1428	1	3.42	3.42	1.6436	
1429	1	3.4	3.4	1.52	
1430	1	3.42	3.42	1.4436	
1431	1	3.4	3.4	1.56	
1432	1	3.42	3.42	1.4636	
1433	1	3.44	3.44	1.4464	
1434	1	3.44	3.44	1.3664	
1435	1	3.47	3.47	1.4891	
1436	1	3.52	3.52	1.5896	
1437	1	3.54	3.54	1.4084	
1438	1	3.6	3.6	1.52	
1439	1	3.66	3.66	1.4644	
1440	1	3.68	3.68	1.5376	
1441	1	3.65	3.65	1.5875	
1442	1	3.66	3.66	1.5044	
1443	1	3.71	3.71	1.4259	
1444	1	3.68	3.68	1.5776	
1445	1	3.67	3.67	1.6211	
1446	1	3.69	3.69	1.8139	
1447	1	3.71	3.71	1.7659	
1448	1	3.73	3.73	1.8171	
1449	1	3.68	3.68	1.8576	
1450	1	3.5	3.5	1.59	
1451	1	3.57	3.57	1.7651	
1452	1	3.56	3.56	1.7664	
1453	1	3.51	3.51	1.6099	
1454	1	3.46	3.46	1.4884	
1455	1	3.39	3.39	1.4979	
1456	1	3.39	3.39	1.5179	
1457	1	3.42	3.42	1.7436	
1458	1	3.35	3.35	1.5275	
1459	1	3.28	3.28	1.4416	
1460	1	3.18	3.18	1.4276	
1461	1	3.27	3.27	1.6171	
1462	1	3.36	3.36	1.7704	
1463	1	3.29	3.29	1.7259	
1464	1	3.35	3.35	1.7675	
1465	1	3.39	3.39	1.9379	
1466	1	3.47	3.47	1.8891	
1467	1	3.5	3.5	1.71	
1468	1	3.46	3.46	1.6684	
1469	1	3.52	3.52	1.6296	
1470	1	3.5	3.5	1.65	
1471	1	3.54	3.54	1.6684	
1472	1	3.49	3.49	1.7099	
1473	1	3.46	3.46	1.5284	
1474	1	3.39	3.39	1.5179	
1475	1	3.41	3.41	1.6019	
1476	1	3.41	3.41	1.5619	
1477	1	3.42	3.42	1.5236	
1478	1	3.43	3.43	1.5051	
1479	1	3.48	3.48	1.5096	
1480	1	3.46	3.46	1.5284	
1481	1	3.45	3.45	1.5875	
1482	1	3.53	3.53	1.6491	
1483	1	3.55	3.55	1.6675	
1484	1	3.58	3.58	1.6236	
1485	1	3.68	3.68	1.6776	
1486	1	3.63	3.63	1.5931	
1487	1	3.72	3.72	1.7816	
1488	1	3.7	3.7	1.75	
1489	1	3.73	3.73	1.5171	
1490	1	3.75	3.75	1.7475	
1491	1	3.72	3.72	1.9016	
1492	1	3.69	3.69	1.7739	
1493	1	3.72	3.72	1.6216	
1494	1	3.73	3.73	1.5971	
1495	1	3.64	3.64	1.4904	
1496	1	3.61	3.61	1.4779	
1497	1	3.65	3.65	1.5275	
1498	1	3.56	3.56	1.6264	
1499	1	3.54	3.54	1.6084	
1500	1	3.58	3.58	1.6436	
1501	1	3.57	3.57	1.7251	
1502	1	3.58	3.58	2.0036	
1503	1	3.62	3.62	1.9756	
1504	1	3.54	3.54	1.8284	
1505	1	3.58	3.58	1.8436	
1506	1	3.57	3.57	1.7651	
1507	1	3.61	3.61	1.7579	
1508	1	3.53	3.53	1.7091	
1509	1	3.45	3.45	1.7275	
1510	1	3.48	3.48	1.7296	
1511	1	3.54	3.54	1.7484	
1512	1	3.68	3.68	1.9976	
1513	1	3.66	3.66	2.0244	
1514	1	3.74	3.74	1.9124	
1515	1	3.7	3.7	1.81	
1516	1	3.71	3.71	1.7259	
1517	1	3.71	3.71	1.7659	
1518	1	3.81	3.81	1.9739	
1519	1	3.75	3.75	2.0475	
1520	1	3.79	3.79	2.0259	
1521	1	3.71	3.71	1.8459	
1522	1	3.67	3.67	1.7411	
1523	1	3.69	3.69	1.7139	
1524	1	3.7	3.7	1.69	
1525	1	3.68	3.68	1.7976	
1526	1	3.74	3.74	2.0724	
1527	1	3.76	3.76	2.1824	
1528	1	3.76	3.76	2.1624	
1529	1	3.73	3.73	2.1571	
1530	1	3.66	3.66	2.1244	
1531	1	3.6	3.6	1.76	
1532	1	3.56	3.56	1.7064	
1533	1	3.61	3.61	1.6779	
1534	1	3.65	3.65	1.7875	
1535	1	3.59	3.59	1.4019	
1536	1	3.65	3.65	1.5275	
1537	1	3.69	3.69	1.5139	
1538	1	3.58	3.58	1.3236	
1539	1	3.59	3.59	1.2619	
1540	1	3.59	3.59	1.2619	
1541	1	3.55	3.55	1.0475	
1542	1	3.63	3.63	1.0731	
1543	1	3.59	3.59	1.0419	
1544	1	3.62	3.62	1.0356	
1545	1	3.56	3.56	1.0464	
1546	1	3.61	3.61	1.0179	
1547	1	3.56	3.56	1.0664	
1548	1	3.54	3.54	1.0684	
1549	1	3.51	3.51	1.0899	
1550	1	3.55	3.55	1.0875	
1551	1	3.66	3.66	1.2244	
1552	1	3.61	3.61	1.1979	
1553	1	3.6	3.6	1.12	
1554	1	3.6	3.6	1.2	
1555	1	3.65	3.65	1.2075	
1556	1	3.66	3.66	1.1644	
1557	1	3.7	3.7	1.15	
1558	1	3.81	3.81	1.2539	
1559	1	3.79	3.79	1.2459	
1560	1	3.8	3.8	1.18	
1561	1	3.83	3.83	1.1811	
1562	1	3.85	3.85	1.2275	
1563	1	3.85	3.85	1.1875	
1564	1	3.91	3.91	1.3019	
1565	1	3.97	3.97	1.4491	
1566	1	3.95	3.95	1.3075	
1567	1	3.92	3.92	1.3336	
1568	1	3.92	3.92	1.4136	
1569	1	3.91	3.91	1.3819	
1570	1	3.87	3.87	1.3931	
1571	1	3.91	3.91	1.4419	
1572	1	3.91	3.91	1.3819	
1573	1	3.87	3.87	1.3531	
1574	1	3.9	3.9	1.39	
1575	1	3.91	3.91	1.4019	
1576	1	3.95	3.95	1.4675	
1577	1	4.03	4.03	1.3891	
1578	1	4.02	4.02	1.3196	
1579	1	4.04	4.04	1.3184	
1580	1	4.04	4.04	1.2984	
1581	1	4.03	4.03	1.4691	
1582	1	4.08	4.08	1.6736	
1583	1	4.15	4.15	1.6675	
1584	1	4.28	4.28	1.7216	
1585	1	4.3	4.3	1.71	
1586	1	4.33	4.33	1.5811	
1587	1	4.28	4.28	1.5416	
1588	1	4.2	4.2	1.56	
1589	1	4.27	4.27	1.5771	
1590	1	4.3	4.3	1.51	
1591	1	4.32	4.32	1.4576	
1592	1	4.28	4.28	1.4216	
1593	1	4.28	4.28	1.4416	
1594	1	4.34	4.34	1.4444	
1595	1	4.32	4.32	1.4176	
1596	1	4.33	4.33	1.4411	
1597	1	4.26	4.26	1.3924	
1598	1	4.21	4.21	1.3259	
1599	1	4.21	4.21	1.1459	
1600	1	4.22	4.22	1.0916	
1601	1	4.28	4.28	1.2016	
1602	1	4.27	4.27	1.1371	
1603	1	4.15	4.15	1.1675	
1604	1	4.15	4.15	1.2075	
1605	1	4.18	4.18	1.2076	
1606	1	4.16	4.16	1.1544	
1607	1	4.14	4.14	1.0604	
1608	1	4.14	4.14	1.0804	
1609	1	4.19	4.19	1.0339	
1610	1	4.19	4.19	1.0339	
1611	1	4.18	4.18	1.0476	
1612	1	4.14	4.14	1.0804	
1613	1	4.15	4.15	1.0675	
1614	1	4.11	4.11	1.1379	
1615	1	4.17	4.17	1.1411	
1616	1	4.2	4.2	1.18	
1617	1	4.2	4.2	1.2	
1618	1	4.24	4.24	1.3424	
1619	1	4.32	4.32	1.3376	
1620	1	4.36	4.36	1.3704	
1621	1	4.31	4.31	1.4339	
1622	1	4.38	4.38	1.4956	
1623	1	4.36	4.36	1.5104	
1624	1	4.48	4.48	1.5896	
1625	1	4.45	4.45	1.6075	
1626	1	4.51	4.51	1.6899	
1627	1	4.42	4.42	1.6236	
1628	1	4.37	4.37	1.6131	
1629	1	4.42	4.42	1.6836	
1630	1	4.42	4.42	1.7636	
1631	1	4.45	4.45	1.7475	
1632	1	4.53	4.53	1.8091	
1633	1	4.57	4.57	1.7451	
1634	1	4.55	4.55	1.7675	
1635	1	4.54	4.54	1.6884	
1636	1	4.43	4.43	1.5051	
1637	1	4.4	4.4	1.56	
1638	1	4.39	4.39	1.5979	
1639	1	4.32	4.32	1.5376	
1640	1	4.28	4.28	1.4816	
1641	1	4.24	4.24	1.4224	
1642	1	4.25	4.25	1.3675	
1643	1	4.35	4.35	1.4275	
1644	1	4.33	4.33	1.4011	
1645	1	4.36	4.36	1.2904	
1646	1	4.39	4.39	1.2579	
1647	1	4.39	4.39	1.2779	
1648	1	4.4	4.4	1.28	
1649	1	4.41	4.41	1.3019	
1650	1	4.47	4.47	1.1891	
1651	1	4.47	4.47	1.3091	
1652	1	4.44	4.44	1.1864	
1653	1	4.51	4.51	1.2499	
1654	1	4.46	4.46	1.1684	
1655	1	4.41	4.41	1.1819	
1656	1	4.36	4.36	1.1704	
1657	1	4.35	4.35	1.0475	
1658	1	4.32	4.32	1.0776	
1659	1	4.37	4.37	1.0331	
1660	1	4.47	4.47	1.0091	
1661	1	4.54	4.54	1.1484	
1662	1	4.54	4.54	1.1684	
1663	1	4.51	4.51	1.3699	
1664	1	4.51	4.51	1.3899	
1665	1	4.58	4.58	1.4236	
1666	1	4.53	4.53	1.5891	
1667	1	4.51	4.51	1.6699	
1668	1	4.39	4.39	1.7179	
1669	1	4.35	4.35	1.5675	
1670	1	4.37	4.37	1.5931	
1671	1	4.42	4.42	1.6436	
1672	1	4.48	4.48	1.5296	
1673	1	4.51	4.51	1.7499	
1674	1	4.47	4.47	1.5891	
1675	1	4.45	4.45	1.5275	
1676	1	4.43	4.43	1.5251	
1677	1	4.38	4.38	1.5956	
1678	1	4.45	4.45	1.6075	
1679	1	4.42	4.42	1.6236	
1680	1	4.36	4.36	1.5304	
1681	1	4.38	4.38	1.5356	
1682	1	4.44	4.44	1.5264	
1683	1	4.47	4.47	1.5891	
1684	1	4.54	4.54	1.5484	
1685	1	4.54	4.54	1.5284	
1686	1	4.4	4.4	1.66	
1687	1	4.42	4.42	1.7236	
1688	1	4.43	4.43	1.8451	
1689	1	4.48	4.48	1.7496	
1690	1	4.49	4.49	1.8499	
1691	1	4.51	4.51	1.7699	
1692	1	4.44	4.44	1.8864	
1693	1	4.42	4.42	1.9236	
1694	1	4.39	4.39	2.0579	
1695	1	4.32	4.32	2.1176	
1696	1	4.32	4.32	2.3176	
1697	1	4.28	4.28	2.0416	
1698	1	4.36	4.36	2.1504	
1699	1	4.24	4.24	2.2224	
1700	1	4.17	4.17	2.2211	
1701	1	4.24	4.24	2.2824	
1702	1	4.19	4.19	2.3539	
1703	1	4.15	4.15	2.3275	
1704	1	4.14	4.14	2.4804	
1705	1	4.09	4.09	2.4819	
1706	1	4.07	4.07	2.4851	
1707	1	4.23	4.23	2.6971	
1708	1	4.13	4.13	2.8131	
1709	1	4.09	4.09	2.8219	
1710	1	4.14	4.14	2.6604	
1711	1	4.14	4.14	2.6404	
1712	1	4.25	4.25	2.6275	
1713	1	4.24	4.24	2.6824	
1714	1	4.23	4.23	2.7371	
1715	1	4.22	4.22	2.8516	
1716	1	4.25	4.25	2.6675	
1717	1	4.19	4.19	2.5539	
1718	1	4.02	4.02	2.5596	
1719	1	4.06	4.06	2.4764	
1720	1	4.07	4.07	2.5851	
1721	1	4.02	4.02	2.3396	
1722	1	3.94	3.94	2.3364	
1723	1	3.94	3.94	2.3364	
1724	1	3.89	3.89	2.3779	
1725	1	3.88	3.88	2.3656	
1726	1	3.86	3.86	2.4004	
1727	1	3.9	3.9	2.47	
1728	1	3.82	3.82	2.2676	
1729	1	3.79	3.79	2.2059	
1730	1	3.79	3.79	2.3059	
1731	1	3.87	3.87	2.3331	
1732	1	3.88	3.88	2.3056	
1733	1	3.94	3.94	2.3164	
1734	1	3.89	3.89	2.4379	
1735	1	3.86	3.86	2.3204	
1736	1	3.7	3.7	2.19	
1737	1	3.69	3.69	2.2739	
1738	1	3.69	3.69	2.3939	
1739	1	3.78	3.78	2.4916	
1740	1	3.76	3.76	2.5224	
1741	1	3.83	3.83	2.7211	
1742	1	3.79	3.79	2.8059	
1743	1	3.73	3.73	2.6371	
1744	1	3.63	3.63	2.2731	
1745	1	3.66	3.66	2.2644	
1746	1	3.71	3.71	2.3259	
1747	1	3.74	3.74	2.2724	
1748	1	3.75	3.75	2.4675	
1749	1	3.8	3.8	2.48	
1750	1	3.88	3.88	2.7656	
1751	1	3.88	3.88	2.6856	
1752	1	3.89	3.89	2.7579	
1753	1	3.83	3.83	2.5211	
1754	1	3.74	3.74	2.4324	
1755	1	3.65	3.65	2.4475	
1756	1	3.61	3.61	2.3379	
1757	1	3.58	3.58	2.3636	
1758	1	3.76	3.76	2.6824	
1759	1	3.74	3.74	2.6124	
1760	1	3.82	3.82	2.8276	
1761	1	3.9	3.9	2.83	
1762	1	3.84	3.84	2.6544	
1763	1	3.89	3.89	2.7179	
1764	1	3.9	3.9	2.69	
1765	1	3.86	3.86	2.8604	
1766	1	3.78	3.78	2.3716	
1767	1	3.82	3.82	2.4676	
1768	1	3.79	3.79	2.6459	
1769	1	3.78	3.78	2.6516	
1770	1	3.84	3.84	2.6544	
1771	1	3.79	3.79	2.6459	
1772	1	3.78	3.78	2.7116	
1773	1	3.75	3.75	2.6475	
1774	1	3.65	3.65	2.5075	
1775	1	3.59	3.59	2.4619	
1776	1	3.55	3.55	2.2275	
1777	1	3.44	3.44	2.2664	
1778	1	3.5	3.5	2.47	
1779	1	3.49	3.49	2.2699	
1780	1	3.62	3.62	2.5356	
1781	1	3.59	3.59	2.4619	
1782	1	3.46	3.46	2.2884	
1783	1	3.4	3.4	2.28	
1784	1	3.43	3.43	2.4051	
1785	1	3.38	3.38	2.4556	
1786	1	3.47	3.47	2.5891	
1787	1	3.38	3.38	2.2356	
1788	1	3.39	3.39	2.2979	
1789	1	3.33	3.33	2.2011	
1790	1	3.27	3.27	2.0371	
1791	1	3.25	3.25	2.0075	
1792	1	3.27	3.27	2.1971	
1793	1	3.2	3.2	2.24	
1794	1	3.22	3.22	2.1916	
1795	1	3.2	3.2	2.36	
1796	1	3.2	3.2	2.2	
1797	1	3.24	3.24	2.1624	
1798	1	3.3	3.3	2.29	
1799	1	3.31	3.31	2.2939	
1800	1	3.23	3.23	2.0971	
1801	1	3.21	3.21	2.0659	
1802	1	3.27	3.27	2.2771	
1803	1	3.26	3.26	2.0324	
1804	1	3.26	3.26	2.0324	
1805	1	3.29	3.29	2.1059	
1806	1	3.34	3.34	2.0644	
1807	1	3.41	3.41	2.0419	
1808	1	3.42	3.42	2.0636	
1809	1	3.48	3.48	2.1496	
1810	1	3.53	3.53	2.1891	
1811	1	3.47	3.47	2.0691	
1812	1	3.47	3.47	1.9891	
1813	1	3.31	3.31	1.6139	
1814	1	3.35	3.35	1.8275	
1815	1	3.29	3.29	1.6459	
1816	1	3.37	3.37	1.7931	
1817	1	3.32	3.32	1.7376	
1818	1	3.31	3.31	1.7339	
1819	1	3.34	3.34	1.8244	
1820	1	3.41	3.41	1.9819	
1821	1	3.4	3.4	1.68	
1822	1	3.37	3.37	1.5531	
1823	1	3.37	3.37	1.5931	
1824	1	3.39	3.39	1.5779	
1825	1	3.43	3.43	1.7051	
1826	1	3.39	3.39	1.5379	
1827	1	3.5	3.5	1.65	
1828	1	3.43	3.43	1.4851	
1829	1	3.38	3.38	1.3956	
1830	1	3.39	3.39	1.3579	
1831	1	3.47	3.47	1.5291	
1832	1	3.4	3.4	1.4	
1833	1	3.47	3.47	1.4091	
1834	1	3.44	3.44	1.3864	
1835	1	3.47	3.47	1.4091	
1836	1	3.43	3.43	1.4251	
1837	1	3.5	3.5	1.53	
1838	1	3.46	3.46	1.4284	
1839	1	3.43	3.43	1.3851	
1840	1	3.42	3.42	1.4436	
1841	1	3.36	3.36	1.3704	
1842	1	3.35	3.35	1.3875	
1843	1	3.26	3.26	1.2524	
1844	1	3.22	3.22	1.2716	
1845	1	3.22	3.22	1.2716	
1846	1	3.18	3.18	1.2276	
1847	1	3.24	3.24	1.1824	
1848	1	3.18	3.18	1.1476	
1849	1	3.22	3.22	1.2316	
1850	1	3.19	3.19	1.2139	
1851	1	3.2	3.2	1.22	
1852	1	3.22	3.22	1.2716	
1853	1	3.26	3.26	1.2524	
1854	1	3.23	3.23	1.1771	
1855	1	3.26	3.26	1.2524	
1856	1	3.23	3.23	1.2771	
1857	1	3.31	3.31	1.2539	
1858	1	3.3	3.3	1.35	
1859	1	3.31	3.31	1.4339	
1860	1	3.35	3.35	1.5075	
1861	1	3.39	3.39	1.5179	
1862	1	3.3	3.3	1.49	
1863	1	3.34	3.34	1.4444	
1864	1	3.37	3.37	1.5331	
1865	1	3.37	3.37	1.4731	
1866	1	3.28	3.28	1.4016	
1867	1	3.18	3.18	1.3876	
1868	1	3.24	3.24	1.5424	
1869	1	3.17	3.17	1.4611	
1870	1	3.19	3.19	1.4539	
1871	1	3.14	3.14	1.3804	
1872	1	3.05	3.05	1.2275	
1873	1	3.01	3.01	1.1099	
1874	1	3.03	3.03	1.1091	
1875	1	3.01	3.01	1.0699	
1876	1	3	3	0.92	
1877	1	3.03	3.03	0.8491	
1878	1	3.03	3.03	0.8491	
1879	1	3.05	3.05	0.8675	
1880	1	3.09	3.09	0.9019	
1881	1	3.11	3.11	1.0179	
1882	1	3.07	3.07	0.9851	
1883	1	3.05	3.05	0.8675	
1884	1	3	3	0.88	
1885	1	3.08	3.08	0.8736	
1886	1	3.09	3.09	0.8619	
1887	1	3.08	3.08	0.8736	
1888	1	3.1	3.1	0.89	
1889	1	3.16	3.16	1.0144	
1890	1	3.11	3.11	0.8179	
1891	1	3.03	3.03	0.6891	
1892	1	3.05	3.05	0.7875	
1893	1	3.06	3.06	0.8564	
1894	1	3.09	3.09	0.8619	
1895	1	3.1	3.1	0.77	
1896	1	3.01	3.01	0.7299	
1897	1	3.03	3.03	0.7891	
1898	1	3.04	3.04	0.7584	
1899	1	2.99	2.99	0.7699	
1900	1	2.98	2.98	0.7996	
1901	1	3.01	3.01	0.7899	
1902	1	3.02	3.02	0.7996	
1903	1	3	3	0.84	
1904	1	2.94	2.94	0.7164	
1905	1	2.95	2.95	0.7875	
1906	1	3.02	3.02	0.8396	
1907	1	3.02	3.02	0.8596	
1908	1	3.05	3.05	0.7875	
1909	1	3.06	3.06	0.8364	
1910	1	3.08	3.08	0.8536	
1911	1	3.1	3.1	0.81	
1912	1	3.15	3.15	0.8275	
1913	1	3.2	3.2	0.78	
1914	1	3.22	3.22	0.7916	
1915	1	3.29	3.29	0.8859	
1916	1	3.3	3.3	0.93	
1917	1	3.23	3.23	0.9371	
1918	1	3.18	3.18	0.9676	
1919	1	3.17	3.17	0.9211	
1920	1	3.15	3.15	0.9475	
1921	1	3.2	3.2	1	
1922	1	3.24	3.24	0.9824	
1923	1	3.26	3.26	1.0124	
1924	1	3.36	3.36	1.1104	
1925	1	3.32	3.32	1.1376	
1926	1	3.28	3.28	1.0016	
1927	1	3.24	3.24	0.9624	
1928	1	3.27	3.27	0.8971	
1929	1	3.24	3.24	0.9624	
1930	1	3.3	3.3	1.03	
1931	1	3.25	3.25	0.9475	
1932	1	3.19	3.19	0.9539	
1933	1	3.19	3.19	0.9539	
1934	1	3.19	3.19	0.9139	
1935	1	3.14	3.14	0.9004	
1936	1	3.17	3.17	0.9811	
1937	1	3.19	3.19	1.0139	
1938	1	3.23	3.23	1.0571	
1939	1	3.3	3.3	1.09	
1940	1	3.25	3.25	1.0475	
1941	1	3.25	3.25	1.0075	
1942	1	3.24	3.24	1.0624	
1943	1	3.22	3.22	0.9916	
1944	1	3.22	3.22	1.0116	
1945	1	3.26	3.26	0.9524	
1946	1	3.23	3.23	0.9371	
1947	1	3.23	3.23	0.9171	
1948	1	3.28	3.28	0.9416	
1949	1	3.29	3.29	0.9659	
1950	1	3.28	3.28	0.9216	
1951	1	3.22	3.22	0.8716	
1952	1	3.2	3.2	0.82	
1953	1	3.14	3.14	0.8004	
1954	1	3.11	3.11	0.7779	
1955	1	3.11	3.11	0.7579	
1956	1	3.11	3.11	0.7379	
1957	1	3.14	3.14	0.7404	
1958	1	3.11	3.11	0.7179	
1959	1	3.08	3.08	0.7536	
1960	1	3.08	3.08	0.7336	
1961	1	3.09	3.09	0.7219	
1962	1	3.12	3.12	0.7456	
1963	1	3.18	3.18	0.8276	
1964	1	3.18	3.18	0.8476	
1965	1	3.18	3.18	0.9276	
1966	1	3.15	3.15	0.9675	
1967	1	3.2	3.2	0.92	
1968	1	3.22	3.22	0.9316	
1969	1	3.11	3.11	0.9179	
1970	1	3.06	3.06	0.8764	
1971	1	3.13	3.13	0.8731	
1972	1	3.19	3.19	0.9739	
1973	1	3.17	3.17	0.8611	
1974	1	3.14	3.14	0.8404	
1975	1	3.15	3.15	0.8675	
1976	1	3.12	3.12	0.8656	
1977	1	3.2	3.2	0.86	
1978	1	3.26	3.26	0.8524	
1979	1	3.25	3.25	0.8075	
1980	1	3.32	3.32	0.9576	
1981	1	3.27	3.27	0.8771	
1982	1	3.27	3.27	0.8771	
1983	1	3.32	3.32	0.9976	
1984	1	3.39	3.39	0.8779	
1985	1	3.37	3.37	0.8531	
1986	1	3.37	3.37	0.8531	
1987	1	3.35	3.35	0.8675	
1988	1	3.39	3.39	0.9179	
1989	1	3.44	3.44	0.9464	
1990	1	3.48	3.48	0.8496	
1991	1	3.47	3.47	0.8291	
1992	1	3.44	3.44	0.8864	
1993	1	3.51	3.51	0.9099	
1994	1	3.52	3.52	0.9896	
1995	1	3.54	3.54	0.9884	
1996	1	3.47	3.47	0.8491	
1997	1	3.44	3.44	0.8464	
1998	1	3.47	3.47	0.9891	
1999	1	3.54	3.54	1.1084	
2000	1	3.54	3.54	1.2484	
