# mu = 0.1, s = 0.001, trials requested = 1, runtime = 0:00:00
# "Time"	"Actual trials"	"Mean mutation"	"Average mean mutation"	"Average mutation variance"
0	1	0	0	0	
1	1	0.01	0.01	0.0099	
2	1	0.01	0.01	0.0099	
3	1	0.03	0.03	0.0291	
4	1	0.03	0.03	0.0291	
5	1	0.05	0.05	0.0475	
6	1	0.08	0.08	0.0736	
7	1	0.11	0.11	0.1179	
8	1	0.11	0.11	0.1179	
9	1	0.15	0.15	0.1475	
10	1	0.16	0.16	0.1544	
11	1	0.17	0.17	0.1611	
12	1	0.17	0.17	0.1611	
13	1	0.18	0.18	0.1676	
14	1	0.2	0.2	0.2	
15	1	0.21	0.21	0.2059	
16	1	0.22	0.22	0.2116	
17	1	0.24	0.24	0.2424	
18	1	0.24	0.24	0.2224	
19	1	0.25	0.25	0.2275	
20	1	0.28	0.28	0.2416	
21	1	0.29	0.29	0.2659	
22	1	0.3	0.3	0.27	
23	1	0.33	0.33	0.2811	
24	1	0.32	0.32	0.2776	
25	1	0.3	0.3	0.27	
26	1	0.34	0.34	0.2844	
27	1	0.35	0.35	0.2675	
28	1	0.31	0.31	0.2339	
29	1	0.32	0.32	0.2576	
30	1	0.36	0.36	0.2904	
31	1	0.37	0.37	0.2931	
32	1	0.33	0.33	0.2811	
33	1	0.29	0.29	0.2459	
34	1	0.27	0.27	0.2171	
35	1	0.27	0.27	0.2171	
36	1	0.27	0.27	0.2171	
37	1	0.28	0.28	0.2216	
38	1	0.3	0.3	0.23	
39	1	0.35	0.35	0.2875	
40	1	0.36	0.36	0.2704	
41	1	0.39	0.39	0.3579	
42	1	0.39	0.39	0.3179	
43	1	0.38	0.38	0.3156	
44	1	0.43	0.43	0.3251	
45	1	0.4	0.4	0.3	
46	1	0.42	0.42	0.3036	
47	1	0.4	0.4	0.3	
48	1	0.42	0.42	0.3036	
49	1	0.44	0.44	0.3664	
50	1	0.42	0.42	0.3636	
51	1	0.42	0.42	0.4236	
52	1	0.42	0.42	0.3636	
53	1	0.43	0.43	0.3251	
54	1	0.43	0.43	0.3251	
55	1	0.45	0.45	0.3275	
56	1	0.46	0.46	0.3884	
57	1	0.5	0.5	0.43	
58	1	0.53	0.53	0.4491	
59	1	0.52	0.52	0.4496	
60	1	0.54	0.54	0.4484	
61	1	0.55	0.55	0.4075	
62	1	0.53	0.53	0.4091	
63	1	0.49	0.49	0.3699	
64	1	0.47	0.47	0.3691	
65	1	0.51	0.51	0.3899	
66	1	0.5	0.5	0.43	
67	1	0.53	0.53	0.4491	
68	1	0.5	0.5	0.43	
69	1	0.51	0.51	0.4499	
70	1	0.49	0.49	0.4099	
71	1	0.5	0.5	0.41	
72	1	0.52	0.52	0.4296	
73	1	0.57	0.57	0.4851	
74	1	0.59	0.59	0.6419	
75	1	0.6	0.6	0.66	
76	1	0.61	0.61	0.5979	
77	1	0.63	0.63	0.6131	
78	1	0.64	0.64	0.5904	
79	1	0.65	0.65	0.6275	
80	1	0.66	0.66	0.6244	
81	1	0.66	0.66	0.6244	
82	1	0.68	0.68	0.6376	
83	1	0.69	0.69	0.6339	
84	1	0.64	0.64	0.5104	
85	1	0.68	0.68	0.4976	
86	1	0.7	0.7	0.51	
87	1	0.76	0.76	0.6824	
88	1	0.83	0.83	0.6811	
89	1	0.87	0.87	0.7931	
90	1	0.77	0.77	0.6971	
91	1	0.75	0.75	0.6875	
92	1	0.76	0.76	0.5824	
93	1	0.79	0.79	0.5659	
94	1	0.8	0.8	0.58	
95	1	0.82	0.82	0.6076	
96	1	0.87	0.87	0.6131	
97	1	0.87	0.87	0.5131	
98	1	0.92	0.92	0.4536	
99	1	0.89	0.89	0.4779	
100	1	0.9	0.9	0.51	
101	1	0.89	0.89	0.4979	
102	1	0.87	0.87	0.4931	
103	1	0.79	0.79	0.4459	
104	1	0.81	0.81	0.5139	
105	1	0.72	0.72	0.4816	
106	1	0.7	0.7	0.49	
107	1	0.7	0.7	0.49	
108	1	0.71	0.71	0.5059	
109	1	0.75	0.75	0.4475	
110	1	0.74	0.74	0.3924	
111	1	0.7	0.7	0.39	
112	1	0.72	0.72	0.4416	
113	1	0.76	0.76	0.4824	
114	1	0.78	0.78	0.4916	
115	1	0.83	0.83	0.5411	
116	1	0.83	0.83	0.5411	
117	1	0.85	0.85	0.5475	
118	1	0.89	0.89	0.5579	
119	1	0.89	0.89	0.5379	
120	1	0.87	0.87	0.5531	
121	1	0.89	0.89	0.5779	
122	1	0.93	0.93	0.7251	
123	1	0.95	0.95	0.7075	
124	1	0.99	0.99	0.7299	
125	1	0.93	0.93	0.7251	
126	1	0.84	0.84	0.5944	
127	1	0.85	0.85	0.5675	
128	1	0.85	0.85	0.5275	
129	1	0.86	0.86	0.5404	
130	1	0.83	0.83	0.5011	
131	1	0.85	0.85	0.5075	
132	1	0.92	0.92	0.5736	
133	1	0.92	0.92	0.6736	
134	1	0.9	0.9	0.67	
135	1	0.94	0.94	0.7364	
136	1	0.94	0.94	0.7364	
137	1	0.92	0.92	0.5936	
138	1	0.84	0.84	0.6344	
139	1	0.84	0.84	0.7544	
140	1	0.8	0.8	0.64	
141	1	0.81	0.81	0.6539	
142	1	0.85	0.85	0.6275	
143	1	0.82	0.82	0.6476	
144	1	0.88	0.88	0.6656	
145	1	0.92	0.92	0.6336	
146	1	0.89	0.89	0.5179	
147	1	0.9	0.9	0.51	
148	1	0.86	0.86	0.5004	
149	1	0.87	0.87	0.5131	
150	1	0.89	0.89	0.5379	
151	1	0.91	0.91	0.5419	
152	1	0.92	0.92	0.5536	
153	1	0.97	0.97	0.5891	
154	1	0.99	0.99	0.5899	
155	1	0.95	0.95	0.5675	
156	1	0.9	0.9	0.59	
157	1	0.92	0.92	0.5536	
158	1	0.92	0.92	0.5536	
159	1	0.96	0.96	0.6184	
160	1	0.96	0.96	0.5784	
161	1	1.01	1.01	0.6099	
162	1	1.04	1.04	0.6784	
163	1	1.04	1.04	0.6984	
164	1	1.02	1.02	0.7996	
165	1	1.05	1.05	0.8475	
166	1	1.02	1.02	0.8396	
167	1	1.02	1.02	0.7796	
168	1	1.07	1.07	0.8451	
169	1	1.09	1.09	0.8419	
170	1	1.06	1.06	0.8364	
171	1	1.06	1.06	0.7564	
172	1	1.12	1.12	0.7856	
173	1	1.14	1.14	0.7804	
174	1	1.18	1.18	0.7676	
175	1	1.2	1.2	0.8	
176	1	1.19	1.19	0.8939	
177	1	1.18	1.18	0.9276	
178	1	1.15	1.15	0.9075	
179	1	1.21	1.21	0.9859	
180	1	1.2	1.2	0.88	
181	1	1.2	1.2	0.94	
182	1	1.15	1.15	0.9675	
183	1	1.26	1.26	1.0724	
184	1	1.26	1.26	1.1524	
185	1	1.2	1.2	0.98	
186	1	1.29	1.29	1.0059	
187	1	1.32	1.32	0.9976	
188	1	1.25	1.25	0.9875	
189	1	1.22	1.22	0.8316	
190	1	1.21	1.21	0.8259	
191	1	1.24	1.24	0.8224	
192	1	1.19	1.19	0.8339	
193	1	1.16	1.16	0.7944	
194	1	1.2	1.2	0.86	
195	1	1.27	1.27	0.8371	
196	1	1.23	1.23	0.8171	
197	1	1.22	1.22	0.7516	
198	1	1.22	1.22	0.7716	
199	1	1.3	1.3	0.73	
200	1	1.27	1.27	0.7571	
201	1	1.33	1.33	0.8211	
202	1	1.38	1.38	0.8556	
203	1	1.41	1.41	0.8419	
204	1	1.42	1.42	0.8236	
205	1	1.45	1.45	0.7875	
206	1	1.4	1.4	0.78	
207	1	1.43	1.43	0.8451	
208	1	1.35	1.35	0.8275	
209	1	1.37	1.37	0.8131	
210	1	1.37	1.37	0.8731	
211	1	1.4	1.4	0.88	
212	1	1.48	1.48	0.9096	
213	1	1.52	1.52	0.9896	
214	1	1.51	1.51	0.9499	
215	1	1.47	1.47	0.9491	
216	1	1.46	1.46	0.9284	
217	1	1.51	1.51	1.0099	
218	1	1.55	1.55	0.9675	
219	1	1.54	1.54	0.9284	
220	1	1.55	1.55	0.9475	
221	1	1.61	1.61	1.0179	
222	1	1.57	1.57	0.9851	
223	1	1.66	1.66	1.1244	
224	1	1.66	1.66	1.1044	
225	1	1.68	1.68	1.2376	
226	1	1.65	1.65	1.1275	
227	1	1.66	1.66	1.1044	
228	1	1.75	1.75	1.0275	
229	1	1.72	1.72	1.0816	
230	1	1.74	1.74	1.0724	
231	1	1.78	1.78	1.0116	
232	1	1.8	1.8	1.04	
233	1	1.79	1.79	0.9659	
234	1	1.8	1.8	0.9	
235	1	1.82	1.82	0.9076	
236	1	1.84	1.84	0.8944	
237	1	1.78	1.78	0.8716	
238	1	1.75	1.75	0.9275	
239	1	1.82	1.82	1.0476	
240	1	1.84	1.84	1.1344	
241	1	1.83	1.83	1.1211	
242	1	1.84	1.84	1.1944	
243	1	1.89	1.89	1.0779	
244	1	1.85	1.85	1.1075	
245	1	2	2	1.24	
246	1	2.03	2.03	1.1291	
247	1	1.96	1.96	1.1184	
248	1	2	2	1.1	
249	1	1.98	1.98	0.9796	
250	1	1.99	1.99	0.8299	
251	1	2.02	2.02	0.8396	
252	1	2.08	2.08	0.8736	
253	1	2.13	2.13	0.8931	
254	1	2.21	2.21	0.9259	
255	1	2.19	2.19	0.9739	
256	1	2.11	2.11	0.9779	
257	1	2.13	2.13	1.0531	
258	1	2.18	2.18	1.1076	
259	1	2.13	2.13	1.1731	
260	1	2.11	2.11	1.0979	
261	1	2.13	2.13	1.1531	
262	1	2.18	2.18	1.1676	
263	1	2.18	2.18	1.1876	
264	1	2.24	2.24	1.1424	
265	1	2.27	2.27	1.0771	
266	1	2.25	2.25	1.0875	
267	1	2.26	2.26	1.2124	
268	1	2.13	2.13	1.0331	
269	1	2.16	2.16	1.0944	
270	1	2.12	2.12	1.0256	
271	1	2.15	2.15	1.0075	
272	1	2.21	2.21	1.0459	
273	1	2.14	2.14	1.0404	
274	1	2.22	2.22	0.9916	
275	1	2.17	2.17	0.9811	
276	1	2.16	2.16	0.9544	
277	1	2.2	2.2	0.98	
278	1	2.25	2.25	1.0675	
279	1	2.22	2.22	1.0116	
280	1	2.27	2.27	1.1171	
281	1	2.31	2.31	1.3739	
282	1	2.3	2.3	1.33	
283	1	2.33	2.33	1.3211	
284	1	2.23	2.23	1.3171	
285	1	2.18	2.18	1.3676	
286	1	2.21	2.21	1.4259	
287	1	2.24	2.24	1.4024	
288	1	2.25	2.25	1.3275	
289	1	2.26	2.26	1.4324	
290	1	2.27	2.27	1.4571	
291	1	2.29	2.29	1.3659	
292	1	2.28	2.28	1.4616	
293	1	2.25	2.25	1.4275	
294	1	2.42	2.42	1.6236	
295	1	2.48	2.48	1.5896	
296	1	2.43	2.43	1.5851	
297	1	2.43	2.43	1.4851	
298	1	2.44	2.44	1.4864	
299	1	2.37	2.37	1.4531	
300	1	2.43	2.43	1.5051	
301	1	2.46	2.46	1.3884	
302	1	2.49	2.49	1.4499	
303	1	2.53	2.53	1.4491	
304	1	2.57	2.57	1.4451	
305	1	2.64	2.64	1.3304	
306	1	2.71	2.71	1.4659	
307	1	2.61	2.61	1.3779	
308	1	2.58	2.58	1.4036	
309	1	2.57	2.57	1.6651	
310	1	2.59	2.59	1.6819	
311	1	2.67	2.67	1.7211	
312	1	2.65	2.65	1.8475	
313	1	2.63	2.63	1.7731	
314	1	2.71	2.71	1.6259	
315	1	2.73	2.73	1.4971	
316	1	2.58	2.58	1.6636	
317	1	2.64	2.64	1.6304	
318	1	2.68	2.68	1.5976	
319	1	2.65	2.65	1.6675	
320	1	2.76	2.76	1.4824	
321	1	2.82	2.82	1.5076	
322	1	2.88	2.88	1.5856	
323	1	2.92	2.92	1.6736	
324	1	2.92	2.92	1.6736	
325	1	2.9	2.9	1.61	
326	1	2.86	2.86	1.6004	
327	1	2.98	2.98	1.5396	
328	1	3.01	3.01	1.5499	
329	1	2.97	2.97	1.4691	
330	1	2.92	2.92	1.4336	
331	1	2.85	2.85	1.3475	
332	1	2.81	2.81	1.3139	
333	1	2.85	2.85	1.2875	
334	1	2.89	2.89	1.3379	
335	1	2.92	2.92	1.3336	
336	1	2.94	2.94	1.3564	
337	1	3.05	3.05	1.4475	
338	1	3.01	3.01	1.3699	
339	1	3.04	3.04	1.3384	
340	1	3.06	3.06	1.4364	
341	1	3.08	3.08	1.4336	
342	1	3.07	3.07	1.4051	
343	1	3.09	3.09	1.3019	
344	1	3.11	3.11	1.3579	
345	1	3.03	3.03	1.6291	
346	1	2.91	2.91	1.4819	
347	1	2.95	2.95	1.2675	
348	1	3	3	1.46	
349	1	3.13	3.13	1.5131	
350	1	3.19	3.19	1.5139	
351	1	3.13	3.13	1.5531	
352	1	3.19	3.19	1.6539	
353	1	3.24	3.24	1.8024	
354	1	3.26	3.26	1.7124	
355	1	3.27	3.27	1.5971	
356	1	3.31	3.31	1.5739	
357	1	3.31	3.31	1.4339	
358	1	3.33	3.33	1.4611	
359	1	3.25	3.25	1.3075	
360	1	3.36	3.36	1.3904	
361	1	3.33	3.33	1.4011	
362	1	3.34	3.34	1.5644	
363	1	3.31	3.31	1.5739	
364	1	3.3	3.3	1.55	
365	1	3.32	3.32	1.5976	
366	1	3.26	3.26	1.4924	
367	1	3.28	3.28	1.6216	
368	1	3.38	3.38	1.6756	
369	1	3.43	3.43	1.7251	
370	1	3.34	3.34	1.8444	
371	1	3.41	3.41	1.8019	
372	1	3.39	3.39	1.7779	
373	1	3.45	3.45	1.5675	
374	1	3.51	3.51	1.4899	
375	1	3.46	3.46	1.4284	
376	1	3.57	3.57	1.2051	
377	1	3.55	3.55	1.2675	
378	1	3.59	3.59	1.2219	
379	1	3.56	3.56	1.2264	
380	1	3.61	3.61	1.1979	
381	1	3.59	3.59	1.1619	
382	1	3.53	3.53	1.1091	
383	1	3.45	3.45	1.2275	
384	1	3.46	3.46	1.2484	
385	1	3.45	3.45	1.3475	
386	1	3.42	3.42	1.3036	
387	1	3.37	3.37	1.1731	
388	1	3.35	3.35	1.2675	
389	1	3.42	3.42	1.2236	
390	1	3.5	3.5	1.19	
391	1	3.5	3.5	1.27	
392	1	3.5	3.5	1.23	
393	1	3.52	3.52	1.2696	
394	1	3.46	3.46	1.2084	
395	1	3.44	3.44	1.2864	
396	1	3.41	3.41	1.3419	
397	1	3.34	3.34	1.3844	
398	1	3.38	3.38	1.4556	
399	1	3.3	3.3	1.45	
400	1	3.34	3.34	1.4444	
401	1	3.29	3.29	1.4259	
402	1	3.36	3.36	1.4704	
403	1	3.35	3.35	1.4475	
404	1	3.36	3.36	1.5104	
405	1	3.39	3.39	1.5979	
406	1	3.47	3.47	1.6891	
407	1	3.48	3.48	1.6096	
408	1	3.42	3.42	1.6036	
409	1	3.46	3.46	1.5684	
410	1	3.46	3.46	1.5684	
411	1	3.54	3.54	1.6084	
412	1	3.47	3.47	1.6891	
413	1	3.34	3.34	1.6244	
414	1	3.33	3.33	1.6411	
415	1	3.3	3.3	1.65	
416	1	3.32	3.32	1.7376	
417	1	3.25	3.25	1.7675	
418	1	3.26	3.26	1.7924	
419	1	3.31	3.31	1.7939	
420	1	3.24	3.24	1.7624	
421	1	3.33	3.33	1.8811	
422	1	3.26	3.26	1.8324	
423	1	3.26	3.26	1.8124	
424	1	3.28	3.28	1.8216	
425	1	3.31	3.31	2.0139	
426	1	3.3	3.3	2.05	
427	1	3.32	3.32	2.0576	
428	1	3.28	3.28	2.1816	
429	1	3.24	3.24	2.1024	
430	1	3.29	3.29	2.2259	
431	1	3.33	3.33	2.0811	
432	1	3.36	3.36	2.0304	
433	1	3.36	3.36	2.0504	
434	1	3.42	3.42	2.1236	
435	1	3.41	3.41	2.0619	
436	1	3.37	3.37	2.1531	
437	1	3.4	3.4	2.18	
438	1	3.46	3.46	2.2684	
439	1	3.5	3.5	2.27	
440	1	3.43	3.43	2.2051	
441	1	3.44	3.44	2.3864	
442	1	3.38	3.38	1.9156	
443	1	3.4	3.4	1.96	
444	1	3.36	3.36	1.8904	
445	1	3.32	3.32	1.8576	
446	1	3.33	3.33	2.0211	
447	1	3.27	3.27	1.8771	
448	1	3.27	3.27	1.8971	
449	1	3.2	3.2	1.74	
450	1	3.31	3.31	1.8739	
451	1	3.36	3.36	1.9704	
452	1	3.42	3.42	1.9236	
453	1	3.47	3.47	2.2091	
454	1	3.51	3.51	2.1499	
455	1	3.61	3.61	2.1179	
456	1	3.58	3.58	2.0036	
457	1	3.5	3.5	1.87	
458	1	3.53	3.53	2.0091	
459	1	3.49	3.49	1.7899	
460	1	3.64	3.64	2.1304	
461	1	3.68	3.68	2.3376	
462	1	3.6	3.6	2.26	
463	1	3.54	3.54	2.0884	
464	1	3.54	3.54	2.4684	
465	1	3.51	3.51	2.4499	
466	1	3.49	3.49	2.3699	
467	1	3.51	3.51	2.3699	
468	1	3.71	3.71	2.6859	
469	1	3.64	3.64	2.4504	
470	1	3.58	3.58	2.3836	
471	1	3.51	3.51	2.0099	
472	1	3.55	3.55	1.9475	
473	1	3.61	3.61	1.8779	
474	1	3.58	3.58	1.9636	
475	1	3.58	3.58	1.7436	
476	1	3.66	3.66	1.8244	
477	1	3.62	3.62	1.6956	
478	1	3.59	3.59	1.5219	
479	1	3.49	3.49	1.4499	
480	1	3.51	3.51	1.4099	
481	1	3.57	3.57	1.5251	
482	1	3.6	3.6	1.54	
483	1	3.64	3.64	1.6304	
484	1	3.68	3.68	1.7376	
485	1	3.7	3.7	1.61	
486	1	3.74	3.74	1.8124	
487	1	3.74	3.74	1.7724	
488	1	3.82	3.82	1.9676	
489	1	3.84	3.84	1.9144	
490	1	3.9	3.9	2.01	
491	1	3.9	3.9	2.29	
492	1	3.98	3.98	2.3196	
493	1	4.01	4.01	2.2499	
494	1	3.96	3.96	2.1584	
495	1	4.08	4.08	2.3136	
496	1	3.97	3.97	2.1291	
497	1	4.03	4.03	2.4091	
498	1	3.94	3.94	2.2164	
499	1	3.99	3.99	2.3299	
500	1	3.99	3.99	2.4899	
501	1	4.01	4.01	2.5099	
502	1	3.96	3.96	2.3784	
503	1	4.17	4.17	3.0611	
504	1	4.14	4.14	2.9004	
505	1	4.13	4.13	2.6931	
506	1	4.07	4.07	2.5651	
507	1	4.13	4.13	2.5531	
508	1	4.1	4.1	2.57	
509	1	4.14	4.14	2.6204	
510	1	4.23	4.23	2.6171	
511	1	4.21	4.21	2.6459	
512	1	4.25	4.25	2.5275	
513	1	4.33	4.33	2.8411	
514	1	4.47	4.47	3.4291	
515	1	4.43	4.43	3.1651	
516	1	4.44	4.44	3.1864	
517	1	4.63	4.63	3.6531	
518	1	4.52	4.52	3.2296	
519	1	4.48	4.48	2.7696	
520	1	4.4	4.4	2.64	
521	1	4.45	4.45	2.6675	
522	1	4.42	4.42	2.4836	
523	1	4.49	4.49	2.6699	
524	1	4.52	4.52	2.6296	
525	1	4.51	4.51	2.5699	
526	1	4.4	4.4	2.34	
527	1	4.48	4.48	2.3696	
528	1	4.47	4.47	2.5491	
529	1	4.64	4.64	2.9704	
530	1	4.58	4.58	3.0036	
531	1	4.49	4.49	2.8899	
532	1	4.43	4.43	2.7651	
533	1	4.52	4.52	2.9296	
534	1	4.39	4.39	2.8779	
535	1	4.3	4.3	2.53	
536	1	4.43	4.43	2.9251	
537	1	4.38	4.38	2.8356	
538	1	4.36	4.36	2.7104	
539	1	4.39	4.39	2.9179	
540	1	4.57	4.57	3.3251	
541	1	4.64	4.64	3.4504	
542	1	4.65	4.65	3.1475	
543	1	4.63	4.63	3.1131	
544	1	4.82	4.82	3.3476	
545	1	4.78	4.78	3.2716	
546	1	4.92	4.92	3.5136	
547	1	5.07	5.07	3.6051	
548	1	5.03	5.03	3.3491	
549	1	4.99	4.99	3.1299	
550	1	4.92	4.92	3.2736	
551	1	4.96	4.96	3.5184	
552	1	4.91	4.91	3.2819	
553	1	4.94	4.94	3.7164	
554	1	5.2	5.2	4.06	
555	1	5.12	5.12	4.3056	
556	1	5.1	5.1	4.31	
557	1	5.12	5.12	4.3856	
558	1	5.15	5.15	4.4875	
559	1	5.15	5.15	4.6475	
560	1	5.25	5.25	4.8275	
561	1	5.33	5.33	4.6611	
562	1	5.39	5.39	4.8179	
563	1	5.49	5.49	5.0899	
564	1	5.49	5.49	5.1099	
565	1	5.42	5.42	5.0636	
566	1	5.52	5.52	5.0896	
567	1	5.55	5.55	4.8075	
568	1	5.56	5.56	4.8864	
569	1	5.4	5.4	4.46	
570	1	5.29	5.29	4.2859	
571	1	5.16	5.16	4.4944	
572	1	5.12	5.12	4.4856	
573	1	4.97	4.97	4.2691	
574	1	4.98	4.98	4.2196	
575	1	5.06	5.06	4.4164	
576	1	5.12	5.12	4.5256	
577	1	5.27	5.27	4.5971	
578	1	5.14	5.14	4.6204	
579	1	5.22	5.22	5.0116	
580	1	5.21	5.21	5.1459	
581	1	5.23	5.23	4.9971	
582	1	5.23	5.23	5.1171	
583	1	5.21	5.21	5.0859	
584	1	5.36	5.36	5.4304	
585	1	5.3	5.3	5.55	
586	1	5.23	5.23	5.2971	
587	1	5.38	5.38	5.3556	
588	1	5.47	5.47	5.4891	
589	1	5.5	5.5	5.39	
590	1	5.56	5.56	5.6264	
591	1	5.73	5.73	5.4771	
592	1	5.44	5.44	5.2464	
593	1	5.59	5.59	5.2819	
594	1	5.5	5.5	5.09	
595	1	5.65	5.65	5.1275	
596	1	5.81	5.81	5.0939	
597	1	5.69	5.69	4.9139	
598	1	5.81	5.81	5.0539	
599	1	5.89	5.89	5.0779	
600	1	5.66	5.66	4.8444	
601	1	5.8	5.8	4.84	
602	1	5.81	5.81	4.8539	
603	1	5.65	5.65	4.6875	
604	1	5.57	5.57	4.7851	
605	1	5.86	5.86	5.1604	
606	1	5.92	5.92	5.5136	
607	1	6.05	6.05	5.7275	
608	1	6.07	6.07	5.8051	
609	1	5.96	5.96	5.7784	
610	1	5.91	5.91	5.8619	
611	1	5.9	5.9	5.89	
612	1	5.76	5.76	5.3424	
613	1	5.87	5.87	5.2131	
614	1	5.76	5.76	4.8824	
615	1	5.73	5.73	4.7371	
616	1	5.83	5.83	4.7811	
617	1	5.91	5.91	4.8819	
618	1	5.74	5.74	4.7124	
619	1	5.8	5.8	5.02	
620	1	5.82	5.82	4.9876	
621	1	5.97	5.97	5.3291	
622	1	5.94	5.94	5.3764	
623	1	6.09	6.09	5.6419	
624	1	6.28	6.28	5.7816	
625	1	6.54	6.54	6.0484	
626	1	6.41	6.41	5.8219	
627	1	6.26	6.26	5.5724	
628	1	6.32	6.32	5.5976	
629	1	6.26	6.26	5.2724	
630	1	6.32	6.32	5.0376	
631	1	6.22	6.22	4.9516	
632	1	6.28	6.28	4.9216	
633	1	6.46	6.46	4.7084	
634	1	6.44	6.44	4.8064	
635	1	6.3	6.3	4.79	
636	1	6.44	6.44	5.1664	
637	1	6.42	6.42	5.7036	
638	1	6.48	6.48	5.7496	
639	1	6.62	6.62	5.7756	
640	1	6.45	6.45	5.5075	
641	1	6.64	6.64	5.6104	
642	1	6.8	6.8	6.2	
643	1	6.64	6.64	6.1904	
644	1	6.64	6.64	6.2104	
645	1	6.66	6.66	6.1444	
646	1	6.61	6.61	5.7779	
647	1	6.69	6.69	6.0339	
648	1	6.63	6.63	6.1331	
649	1	6.56	6.56	6.3864	
650	1	6.6	6.6	6.16	
651	1	6.5	6.5	6.21	
652	1	6.67	6.67	6.8611	
653	1	6.58	6.58	7.2436	
654	1	6.63	6.63	7.0331	
655	1	6.69	6.69	7.4339	
656	1	6.79	6.79	7.5659	
657	1	6.86	6.86	6.9604	
658	1	6.86	6.86	6.9804	
659	1	6.64	6.64	7.0304	
660	1	6.68	6.68	6.6776	
661	1	6.85	6.85	7.4875	
662	1	6.71	6.71	7.3459	
663	1	6.64	6.64	7.5104	
664	1	6.87	6.87	7.7131	
665	1	6.9	6.9	7.09	
666	1	6.88	6.88	6.9056	
667	1	6.96	6.96	6.6384	
668	1	7.07	7.07	6.5051	
669	1	7.15	7.15	6.5675	
670	1	7.28	7.28	6.8016	
671	1	7.16	7.16	6.7344	
672	1	7.24	7.24	6.5824	
673	1	7.21	7.21	6.5259	
674	1	7.29	7.29	6.0459	
675	1	7.42	7.42	5.7636	
676	1	7.51	7.51	5.6899	
677	1	7.55	7.55	5.9075	
678	1	7.7	7.7	5.89	
679	1	7.72	7.72	5.9216	
680	1	7.84	7.84	6.2344	
681	1	7.76	7.76	6.0624	
682	1	7.75	7.75	6.1475	
683	1	7.58	7.58	5.5436	
684	1	7.65	7.65	5.4075	
685	1	7.66	7.66	5.2844	
686	1	7.79	7.79	5.6059	
687	1	7.72	7.72	5.3816	
688	1	7.66	7.66	5.4444	
689	1	7.7	7.7	5.39	
690	1	7.73	7.73	5.3771	
691	1	7.85	7.85	5.5475	
692	1	7.82	7.82	5.4676	
693	1	7.84	7.84	5.3544	
694	1	7.81	7.81	5.4539	
695	1	7.72	7.72	5.0816	
696	1	7.61	7.61	4.9379	
697	1	7.56	7.56	5.0464	
698	1	7.48	7.48	5.4896	
699	1	7.61	7.61	5.4979	
700	1	7.65	7.65	5.1875	
701	1	7.82	7.82	5.3076	
702	1	7.61	7.61	4.9979	
703	1	7.76	7.76	5.2424	
704	1	7.72	7.72	5.2016	
705	1	7.67	7.67	5.6411	
706	1	7.62	7.62	5.2556	
707	1	7.69	7.69	5.0739	
708	1	7.7	7.7	5.05	
709	1	7.59	7.59	4.9019	
710	1	7.56	7.56	4.9464	
711	1	7.58	7.58	4.9036	
712	1	7.62	7.62	4.9956	
713	1	7.58	7.58	4.9836	
714	1	7.7	7.7	5.51	
715	1	7.74	7.74	5.3524	
716	1	7.7	7.7	5.63	
717	1	7.7	7.7	5.65	
718	1	7.61	7.61	5.3779	
719	1	7.69	7.69	5.5139	
720	1	7.78	7.78	5.6516	
721	1	7.78	7.78	5.4516	
722	1	7.75	7.75	5.3075	
723	1	7.79	7.79	5.1859	
724	1	7.69	7.69	5.1739	
725	1	7.7	7.7	4.61	
726	1	7.73	7.73	4.6971	
727	1	7.68	7.68	4.8976	
728	1	7.8	7.8	5.24	
729	1	7.69	7.69	5.1339	
730	1	7.5	7.5	4.39	
731	1	7.45	7.45	4.4075	
732	1	7.4	7.4	4.52	
733	1	7.67	7.67	4.8811	
734	1	7.63	7.63	4.9131	
735	1	7.7	7.7	4.77	
736	1	7.8	7.8	4.38	
737	1	7.87	7.87	4.2531	
738	1	7.94	7.94	4.3364	
739	1	7.97	7.97	4.3491	
740	1	7.97	7.97	4.2291	
741	1	8.07	8.07	3.9651	
742	1	7.92	7.92	3.9336	
743	1	8.01	8.01	4.3099	
744	1	7.98	7.98	4.2596	
745	1	7.99	7.99	4.0299	
746	1	7.84	7.84	4.1744	
747	1	7.89	7.89	4.2579	
748	1	8.02	8.02	3.9196	
749	1	7.98	7.98	3.9196	
750	1	7.99	7.99	3.8699	
751	1	7.95	7.95	4.2075	
752	1	8.01	8.01	3.8699	
753	1	8.12	8.12	3.6856	
754	1	8.18	8.18	3.4876	
755	1	8.28	8.28	3.3216	
756	1	8.24	8.24	3.1424	
757	1	8.35	8.35	3.4275	
758	1	8.36	8.36	3.6504	
759	1	8.27	8.27	3.3971	
760	1	8.32	8.32	3.3376	
761	1	8.35	8.35	3.5075	
762	1	8.35	8.35	3.4675	
763	1	8.34	8.34	3.2844	
764	1	8.38	8.38	3.1556	
765	1	8.53	8.53	2.9491	
766	1	8.61	8.61	2.9379	
767	1	8.63	8.63	2.7131	
768	1	8.61	8.61	2.7579	
769	1	8.57	8.57	2.7651	
770	1	8.58	8.58	3.0436	
771	1	8.61	8.61	2.9579	
772	1	8.68	8.68	3.0376	
773	1	8.73	8.73	2.7571	
774	1	8.69	8.69	2.6139	
775	1	8.74	8.74	2.6324	
776	1	8.75	8.75	2.5275	
777	1	8.81	8.81	2.4139	
778	1	8.77	8.77	2.5771	
779	1	8.69	8.69	2.5339	
780	1	8.54	8.54	2.5484	
781	1	8.5	8.5	2.81	
782	1	8.51	8.51	2.9099	
783	1	8.53	8.53	2.7691	
784	1	8.57	8.57	2.5451	
785	1	8.54	8.54	2.4884	
786	1	8.64	8.64	2.3104	
787	1	8.65	8.65	2.5075	
788	1	8.6	8.6	2.6	
789	1	8.48	8.48	2.7096	
790	1	8.39	8.39	2.6179	
791	1	8.53	8.53	2.6891	
792	1	8.67	8.67	2.8211	
793	1	8.65	8.65	2.7875	
794	1	8.67	8.67	2.9611	
795	1	8.69	8.69	2.9939	
796	1	8.9	8.9	2.65	
797	1	8.96	8.96	2.4584	
798	1	9.05	9.05	2.4475	
799	1	8.99	8.99	2.6299	
800	1	9.02	9.02	2.6396	
801	1	9.01	9.01	2.5299	
802	1	9.06	9.06	2.4564	
803	1	8.92	8.92	2.5336	
804	1	8.96	8.96	2.4984	
805	1	8.93	8.93	2.4251	
806	1	9.06	9.06	2.4364	
807	1	9.13	9.13	2.4531	
808	1	9.05	9.05	2.4075	
809	1	9.09	9.09	2.4819	
810	1	9.06	9.06	2.4364	
811	1	9.02	9.02	2.5396	
812	1	8.98	8.98	2.5396	
813	1	8.99	8.99	2.3899	
814	1	9.16	9.16	2.2944	
815	1	9.1	9.1	2.69	
816	1	9.21	9.21	2.9659	
817	1	9.12	9.12	2.8656	
818	1	9.07	9.07	2.9851	
819	1	9.18	9.18	2.8476	
820	1	9.24	9.24	2.9224	
821	1	9.26	9.26	2.7924	
822	1	9.14	9.14	2.8404	
823	1	9.17	9.17	2.9811	
824	1	8.99	8.99	3.0099	
825	1	9.12	9.12	2.9056	
826	1	9.05	9.05	3.1475	
827	1	8.97	8.97	3.2291	
828	1	8.91	8.91	3.2019	
829	1	8.96	8.96	3.1784	
830	1	8.89	8.89	3.1779	
831	1	9.08	9.08	3.1936	
832	1	9.02	9.02	3.1996	
833	1	9.05	9.05	3.4475	
834	1	9.05	9.05	3.3875	
835	1	9.1	9.1	3.33	
836	1	9.08	9.08	3.4336	
837	1	9.09	9.09	3.4619	
838	1	9.11	9.11	3.3379	
839	1	9.21	9.21	3.1259	
840	1	9.24	9.24	3.1624	
841	1	9.36	9.36	3.4104	
842	1	9.28	9.28	3.6216	
843	1	9.3	9.3	4.05	
844	1	9.19	9.19	4.2539	
845	1	9.28	9.28	3.9216	
846	1	9.27	9.27	4.2571	
847	1	9.16	9.16	4.3544	
848	1	9.11	9.11	4.4779	
849	1	9.06	9.06	4.4764	
850	1	9.2	9.2	4.18	
851	1	9.35	9.35	3.9875	
852	1	9.27	9.27	4.2371	
853	1	9.26	9.26	4.2324	
854	1	9.33	9.33	4.4811	
855	1	9.46	9.46	4.4684	
856	1	9.5	9.5	4.55	
857	1	9.43	9.43	5.0451	
858	1	9.49	9.49	4.8299	
859	1	9.48	9.48	4.8096	
860	1	9.37	9.37	4.9331	
861	1	9.23	9.23	5.1171	
862	1	9.28	9.28	4.8416	
863	1	9.38	9.38	5.0156	
864	1	9.35	9.35	4.9875	
865	1	9.33	9.33	5.3011	
866	1	9.24	9.24	5.4224	
867	1	9.31	9.31	5.4739	
868	1	9.19	9.19	5.6339	
869	1	9.32	9.32	5.8576	
870	1	9.33	9.33	5.8611	
871	1	9.42	9.42	5.8436	
872	1	9.57	9.57	5.7851	
873	1	9.85	9.85	5.3275	
874	1	9.86	9.86	5.5204	
875	1	9.88	9.88	5.8256	
876	1	9.71	9.71	5.9259	
877	1	9.74	9.74	5.8724	
878	1	9.7	9.7	5.91	
879	1	9.63	9.63	5.7331	
880	1	9.65	9.65	5.6475	
881	1	9.57	9.57	5.3051	
882	1	9.58	9.58	5.7636	
883	1	9.63	9.63	5.2731	
884	1	9.76	9.76	4.8824	
885	1	9.78	9.78	4.9116	
886	1	9.76	9.76	5.0224	
887	1	9.75	9.75	5.0275	
888	1	9.72	9.72	5.1216	
889	1	9.62	9.62	5.0956	
890	1	9.74	9.74	4.5524	
891	1	9.78	9.78	4.3516	
892	1	9.69	9.69	4.6339	
893	1	9.79	9.79	4.6459	
894	1	9.84	9.84	4.7944	
895	1	9.96	9.96	4.7584	
896	1	9.81	9.81	4.7339	
897	1	9.77	9.77	4.7571	
898	1	9.77	9.77	4.7171	
899	1	9.68	9.68	4.8376	
900	1	9.57	9.57	4.9851	
901	1	9.73	9.73	5.2571	
902	1	9.68	9.68	5.5176	
903	1	9.8	9.8	5.22	
904	1	9.79	9.79	5.4459	
905	1	9.77	9.77	5.1371	
906	1	9.79	9.79	5.4859	
907	1	9.94	9.94	5.5964	
908	1	9.89	9.89	5.5179	
909	1	9.8	9.8	5.48	
910	1	9.81	9.81	5.5139	
911	1	9.87	9.87	5.7931	
912	1	10.03	10.03	6.0091	
913	1	10.02	10.02	6.1396	
914	1	10.04	10.04	6.3184	
915	1	10.02	10.02	5.7196	
916	1	9.77	9.77	5.9571	
917	1	9.61	9.61	6.2379	
918	1	9.72	9.72	5.9616	
919	1	9.58	9.58	6.1836	
920	1	9.57	9.57	6.1651	
921	1	9.67	9.67	6.5211	
922	1	9.8	9.8	6.76	
923	1	9.92	9.92	6.5736	
924	1	9.83	9.83	6.4611	
925	1	9.86	9.86	6.1804	
926	1	9.9	9.9	6.09	
927	1	9.87	9.87	6.1131	
928	1	9.97	9.97	6.4491	
929	1	10.02	10.02	6.2796	
930	1	10.07	10.07	6.3251	
931	1	10.18	10.18	6.1276	
932	1	10.07	10.07	6.1851	
933	1	10.04	10.04	6.2584	
934	1	10.04	10.04	6.1984	
935	1	10.09	10.09	6.0819	
936	1	10.14	10.14	6.6004	
937	1	10.33	10.33	6.7011	
938	1	10.39	10.39	7.0779	
939	1	10.35	10.35	7.1275	
940	1	10.28	10.28	7.1616	
941	1	10.31	10.31	7.3339	
942	1	10.56	10.56	7.1064	
943	1	10.69	10.69	6.8739	
944	1	10.52	10.52	6.9896	
945	1	10.39	10.39	7.2779	
946	1	10.38	10.38	7.1756	
947	1	10.25	10.25	7.3075	
948	1	10.32	10.32	7.1976	
949	1	10.49	10.49	6.8099	
950	1	10.69	10.69	7.1139	
951	1	10.79	10.79	6.5859	
952	1	10.79	10.79	6.5459	
953	1	10.7	10.7	6.65	
954	1	10.62	10.62	7.0956	
955	1	10.77	10.77	7.1771	
956	1	10.76	10.76	7.3224	
957	1	10.84	10.84	7.3744	
958	1	10.63	10.63	7.6131	
959	1	10.43	10.43	7.6051	
960	1	10.6	10.6	7.2	
961	1	10.79	10.79	7.0659	
962	1	10.81	10.81	6.9739	
963	1	10.61	10.61	7.6779	
964	1	10.4	10.4	8.12	
965	1	10.36	10.36	7.9904	
966	1	10.45	10.45	7.7475	
967	1	10.22	10.22	7.6116	
968	1	10.37	10.37	7.3131	
969	1	10.37	10.37	7.3131	
970	1	10.25	10.25	7.4675	
971	1	10.22	10.22	7.1916	
972	1	10.27	10.27	6.9771	
973	1	10.15	10.15	7.2275	
974	1	10.08	10.08	7.1936	
975	1	9.96	9.96	7.5184	
976	1	10.06	10.06	7.0764	
977	1	9.95	9.95	6.8475	
978	1	9.84	9.84	6.8744	
979	1	9.83	9.83	6.7011	
980	1	9.7	9.7	6.81	
981	1	9.85	9.85	6.8475	
982	1	9.84	9.84	6.8544	
983	1	9.84	9.84	7.1744	
984	1	9.91	9.91	7.1619	
985	1	9.79	9.79	7.1059	
986	1	9.88	9.88	6.6656	
987	1	9.89	9.89	6.5779	
988	1	9.98	9.98	6.0596	
989	1	9.93	9.93	5.9051	
990	1	9.83	9.83	6.1211	
991	1	9.76	9.76	6.0424	
992	1	9.8	9.8	6.32	
993	1	9.88	9.88	6.3056	
994	1	9.87	9.87	6.4331	
995	1	9.93	9.93	6.2251	
996	1	10.08	10.08	6.3336	
997	1	10.06	10.06	6.3364	
998	1	9.91	9.91	6.1619	
999	1	9.9	9.9	6.09	
1000	1	9.87	9.87	5.8931	
1001	1	9.84	9.84	5.9144	
1002	1	9.77	9.77	6.0371	
1003	1	9.87	9.87	6.2731	
1004	1	10.04	10.04	6.0384	
1005	1	10.02	10.02	6.0196	
1006	1	10.09	10.09	6.1019	
1007	1	10.09	10.09	5.9619	
1008	1	10.15	10.15	6.2275	
1009	1	10.34	10.34	6.4644	
1010	1	10.34	10.34	6.8644	
1011	1	10.3	10.3	6.71	
1012	1	10.34	10.34	6.9444	
1013	1	10.15	10.15	6.8075	
1014	1	10.09	10.09	7.0419	
1015	1	10.18	10.18	6.5276	
1016	1	10.3	10.3	7.11	
1017	1	10.23	10.23	6.7771	
1018	1	10.29	10.29	6.9259	
1019	1	10.3	10.3	6.79	
1020	1	10.42	10.42	7.2636	
1021	1	10.58	10.58	7.1636	
1022	1	10.7	10.7	6.85	
1023	1	10.77	10.77	6.6971	
1024	1	10.78	10.78	7.1316	
1025	1	10.8	10.8	7.26	
1026	1	10.62	10.62	7.2356	
1027	1	10.72	10.72	6.7616	
1028	1	10.52	10.52	7.2696	
1029	1	10.33	10.33	7.5211	
1030	1	10.63	10.63	7.7331	
1031	1	10.56	10.56	8.0664	
1032	1	10.64	10.64	7.5104	
1033	1	10.94	10.94	6.7364	
1034	1	11.01	11.01	7.0499	
1035	1	11.06	11.06	7.1564	
1036	1	11.08	11.08	6.7336	
1037	1	11.06	11.06	6.5964	
1038	1	11.09	11.09	6.9019	
1039	1	11.23	11.23	6.7371	
1040	1	11.4	11.4	6.22	
1041	1	11.44	11.44	6.4064	
1042	1	11.62	11.62	6.3556	
1043	1	11.72	11.72	6.4016	
1044	1	11.82	11.82	6.3276	
1045	1	11.91	11.91	6.2219	
1046	1	11.8	11.8	6.62	
1047	1	11.81	11.81	7.2939	
1048	1	11.44	11.44	7.7264	
1049	1	11.8	11.8	6.92	
1050	1	11.83	11.83	7.2811	
1051	1	11.92	11.92	7.8736	
1052	1	11.89	11.89	7.7379	
1053	1	12.16	12.16	7.9544	
1054	1	12.54	12.54	6.7884	
1055	1	12.74	12.74	6.6324	
1056	1	12.56	12.56	6.8664	
1057	1	12.56	12.56	6.7464	
1058	1	12.45	12.45	6.9075	
1059	1	12.55	12.55	7.5875	
1060	1	12.78	12.78	7.0916	
1061	1	12.88	12.88	6.5856	
1062	1	12.82	12.82	7.1876	
1063	1	12.9	12.9	7.09	
1064	1	12.84	12.84	6.8944	
1065	1	12.65	12.65	7.9075	
1066	1	12.5	12.5	8.51	
1067	1	12.56	12.56	7.7464	
1068	1	12.65	12.65	7.7675	
1069	1	12.78	12.78	7.9116	
1070	1	12.89	12.89	7.9379	
1071	1	13.02	13.02	7.9396	
1072	1	13.15	13.15	7.4275	
1073	1	13.18	13.18	7.9476	
1074	1	13.03	13.03	8.1491	
1075	1	13.04	13.04	8.1384	
1076	1	13.12	13.12	8.0456	
1077	1	13.06	13.06	7.6764	
1078	1	13.16	13.16	6.8144	
1079	1	13.08	13.08	8.0736	
1080	1	13.23	13.23	7.6971	
1081	1	13.35	13.35	6.6475	
1082	1	13.37	13.37	7.3331	
1083	1	13.38	13.38	7.0956	
1084	1	13.51	13.51	6.3299	
1085	1	13.51	13.51	6.6099	
1086	1	13.46	13.46	6.8084	
1087	1	13.38	13.38	7.4356	
1088	1	13.56	13.56	6.8864	
1089	1	13.68	13.68	6.6976	
1090	1	13.63	13.63	6.6931	
1091	1	13.49	13.49	7.1299	
1092	1	13.59	13.59	6.6019	
1093	1	13.59	13.59	6.9419	
1094	1	13.65	13.65	6.5875	
1095	1	13.87	13.87	5.8331	
1096	1	13.77	13.77	5.9171	
1097	1	13.8	13.8	5.64	
1098	1	13.83	13.83	5.7011	
1099	1	13.84	13.84	6.1744	
1100	1	13.68	13.68	6.7976	
1101	1	13.91	13.91	5.8019	
1102	1	13.81	13.81	6.2939	
1103	1	14.01	14.01	5.3099	
1104	1	14.03	14.03	5.3891	
1105	1	14.1	14.1	5.39	
1106	1	13.95	13.95	6.3075	
1107	1	13.96	13.96	6.2584	
1108	1	13.92	13.92	5.9536	
1109	1	13.98	13.98	6.0396	
1110	1	13.94	13.94	6.0364	
1111	1	13.79	13.79	6.6259	
1112	1	13.79	13.79	6.6659	
1113	1	13.78	13.78	6.9916	
1114	1	13.62	13.62	8.2756	
1115	1	13.62	13.62	8.1156	
1116	1	13.62	13.62	8.1756	
1117	1	13.66	13.66	7.7444	
1118	1	13.59	13.59	7.3819	
1119	1	13.59	13.59	7.5219	
1120	1	13.59	13.59	7.5619	
1121	1	13.73	13.73	7.3571	
1122	1	13.89	13.89	6.7979	
1123	1	13.84	13.84	7.4944	
1124	1	13.81	13.81	8.3139	
1125	1	13.83	13.83	8.1811	
1126	1	13.77	13.77	8.6771	
1127	1	13.86	13.86	8.0404	
1128	1	13.76	13.76	7.7624	
1129	1	13.78	13.78	7.1916	
1130	1	13.75	13.75	7.2275	
1131	1	14	14	6.86	
1132	1	14.02	14.02	6.3196	
1133	1	13.92	13.92	7.0736	
1134	1	13.76	13.76	8.1224	
1135	1	13.82	13.82	7.8876	
1136	1	13.98	13.98	7.3796	
1137	1	13.88	13.88	8.0456	
1138	1	13.84	13.84	7.7944	
1139	1	13.73	13.73	8.5371	
1140	1	13.87	13.87	7.9931	
1141	1	13.96	13.96	7.5184	
1142	1	13.99	13.99	6.0899	
1143	1	13.98	13.98	6.1996	
1144	1	14.1	14.1	6.93	
1145	1	13.99	13.99	7.5499	
1146	1	13.74	13.74	8.7324	
1147	1	13.68	13.68	9.3576	
1148	1	13.87	13.87	8.7931	
1149	1	13.83	13.83	9.0411	
1150	1	13.81	13.81	8.9339	
1151	1	13.87	13.87	8.3531	
1152	1	13.81	13.81	8.9539	
1153	1	13.89	13.89	8.6779	
1154	1	13.8	13.8	9.2	
1155	1	14	14	9.04	
1156	1	13.99	13.99	9.3499	
1157	1	14.19	14.19	8.7339	
1158	1	14.19	14.19	8.8539	
1159	1	14.17	14.17	8.9811	
1160	1	14.24	14.24	9.3824	
1161	1	14.24	14.24	9.1824	
1162	1	13.99	13.99	10.3699	
1163	1	14.03	14.03	10.6091	
1164	1	14.18	14.18	9.8676	
1165	1	14.21	14.21	9.5059	
1166	1	14.17	14.17	9.9211	
1167	1	14.19	14.19	10.0539	
1168	1	14.23	14.23	9.1971	
1169	1	14.01	14.01	10.5499	
1170	1	14.16	14.16	10.2744	
1171	1	14.59	14.59	8.8419	
1172	1	14.8	14.8	8.7	
1173	1	14.7	14.7	8.85	
1174	1	14.9	14.9	8.15	
1175	1	15.01	15.01	7.7099	
1176	1	15.08	15.08	6.4536	
1177	1	15.09	15.09	6.9619	
1178	1	15.15	15.15	6.9675	
1179	1	15.18	15.18	6.6676	
1180	1	15.13	15.13	6.5931	
1181	1	15.05	15.05	6.5475	
1182	1	14.96	14.96	7.0784	
1183	1	14.99	14.99	6.5099	
1184	1	14.81	14.81	7.1539	
1185	1	14.81	14.81	6.9339	
1186	1	14.91	14.91	7.3019	
1187	1	15.03	15.03	6.1291	
1188	1	15.04	15.04	5.3184	
1189	1	14.91	14.91	6.4219	
1190	1	14.93	14.93	5.7451	
1191	1	15.05	15.05	5.7875	
1192	1	15.09	15.09	4.9819	
1193	1	15.14	15.14	4.4004	
1194	1	15.32	15.32	4.2976	
1195	1	15.35	15.35	3.9075	
1196	1	15.44	15.44	4.6264	
1197	1	15.35	15.35	5.0475	
1198	1	15.3	15.3	4.97	
1199	1	15.24	15.24	4.8424	
1200	1	15.43	15.43	4.3651	
1201	1	15.55	15.55	4.5675	
1202	1	15.46	15.46	5.2484	
1203	1	15.28	15.28	6.3416	
1204	1	15.27	15.27	6.2371	
1205	1	15.23	15.23	6.1371	
1206	1	15.25	15.25	6.1675	
1207	1	15.43	15.43	6.2851	
1208	1	15.43	15.43	6.2851	
1209	1	15.62	15.62	5.7956	
1210	1	15.56	15.56	6.3464	
1211	1	15.4	15.4	6.54	
1212	1	15.48	15.48	6.0296	
1213	1	15.62	15.62	5.6356	
1214	1	15.69	15.69	5.5939	
1215	1	15.77	15.77	5.1971	
1216	1	15.77	15.77	5.1971	
1217	1	15.75	15.75	6.0275	
1218	1	15.91	15.91	5.3819	
1219	1	15.85	15.85	5.4675	
1220	1	15.64	15.64	6.0904	
1221	1	15.59	15.59	6.4019	
1222	1	15.45	15.45	7.7475	
1223	1	15.22	15.22	8.7716	
1224	1	15.05	15.05	9.3275	
1225	1	15.03	15.03	9.7091	
1226	1	15.1	15.1	9.23	
1227	1	15.01	15.01	9.5899	
1228	1	15.05	15.05	9.2475	
1229	1	15.29	15.29	8.6859	
1230	1	14.91	14.91	10.6019	
1231	1	14.97	14.97	10.8491	
1232	1	14.82	14.82	11.2676	
1233	1	14.75	14.75	11.3075	
1234	1	14.67	14.67	11.6411	
1235	1	15.01	15.01	11.6699	
1236	1	14.83	14.83	12.3211	
1237	1	14.9	14.9	12.09	
1238	1	14.72	14.72	12.5816	
1239	1	14.8	14.8	12.5	
1240	1	14.9	14.9	12.31	
1241	1	14.71	14.71	12.2059	
1242	1	14.9	14.9	11.77	
1243	1	14.99	14.99	12.0499	
1244	1	15.18	15.18	10.8276	
1245	1	15.02	15.02	11.1396	
1246	1	14.94	14.94	11.7964	
1247	1	14.84	14.84	12.6544	
1248	1	14.78	14.78	12.2516	
1249	1	14.79	14.79	12.1459	
1250	1	14.76	14.76	11.9624	
1251	1	14.86	14.86	12.3204	
1252	1	14.93	14.93	11.2651	
1253	1	14.86	14.86	12.2404	
1254	1	14.95	14.95	11.0075	
1255	1	14.93	14.93	11.0051	
1256	1	15.01	15.01	11.4299	
1257	1	15.07	15.07	11.1051	
1258	1	15.18	15.18	10.6676	
1259	1	14.68	14.68	12.8376	
1260	1	14.46	14.46	13.9084	
1261	1	14.31	14.31	13.3739	
1262	1	14.35	14.35	13.5275	
1263	1	14.36	14.36	13.6704	
1264	1	14.3	14.3	13.49	
1265	1	14.41	14.41	12.2619	
1266	1	14.31	14.31	12.0539	
1267	1	14.3	14.3	12.03	
1268	1	14.23	14.23	11.5771	
1269	1	14.07	14.07	12.1051	
1270	1	14.27	14.27	11.7171	
1271	1	14.15	14.15	11.9875	
1272	1	14.16	14.16	12.0544	
1273	1	14.1	14.1	11.71	
1274	1	13.87	13.87	12.0131	
1275	1	14.07	14.07	11.5251	
1276	1	14.27	14.27	11.0771	
1277	1	14.23	14.23	10.7971	
1278	1	14.12	14.12	10.5256	
1279	1	14.03	14.03	11.2691	
1280	1	14.01	14.01	11.2299	
1281	1	13.76	13.76	12.1224	
1282	1	13.81	13.81	11.3139	
1283	1	14.07	14.07	10.3251	
1284	1	14.16	14.16	10.1344	
1285	1	14.08	14.08	10.0536	
1286	1	14.33	14.33	9.5611	
1287	1	14.08	14.08	10.3136	
1288	1	14.49	14.49	9.5699	
1289	1	14.53	14.53	9.3291	
1290	1	14.37	14.37	9.5331	
1291	1	14.5	14.5	9.63	
1292	1	14.36	14.36	9.9904	
1293	1	14.4	14.4	9.72	
1294	1	14.22	14.22	9.7316	
1295	1	14.43	14.43	9.7251	
1296	1	14.37	14.37	9.3531	
1297	1	14.55	14.55	9.4675	
1298	1	14.76	14.76	9.7624	
1299	1	14.83	14.83	9.7211	
1300	1	14.94	14.94	9.9764	
1301	1	14.96	14.96	10.1384	
1302	1	14.8	14.8	9.74	
1303	1	14.89	14.89	8.4979	
1304	1	14.67	14.67	9.2211	
1305	1	14.56	14.56	9.1864	
1306	1	14.66	14.66	8.7844	
1307	1	14.61	14.61	9.2379	
1308	1	14.46	14.46	9.0484	
1309	1	14.29	14.29	9.4059	
1310	1	14.25	14.25	9.5275	
1311	1	14.23	14.23	9.8971	
1312	1	14.16	14.16	10.3344	
1313	1	14.16	14.16	10.6744	
1314	1	14.08	14.08	11.2536	
1315	1	13.96	13.96	11.6584	
1316	1	13.97	13.97	11.1091	
1317	1	13.93	13.93	11.2451	
1318	1	13.66	13.66	10.9444	
1319	1	13.9	13.9	9.87	
1320	1	14.04	14.04	10.0784	
1321	1	14.22	14.22	8.8716	
1322	1	14.47	14.47	8.4891	
1323	1	14.45	14.45	9.4475	
1324	1	14.43	14.43	9.5051	
1325	1	14.56	14.56	8.9864	
1326	1	14.51	14.51	9.2299	
1327	1	14.56	14.56	9.0264	
1328	1	14.78	14.78	8.8516	
1329	1	14.64	14.64	9.4504	
1330	1	14.68	14.68	9.8576	
1331	1	14.66	14.66	10.1044	
1332	1	14.54	14.54	9.9284	
1333	1	14.44	14.44	9.6864	
1334	1	14.63	14.63	9.4931	
1335	1	14.67	14.67	8.8011	
1336	1	14.88	14.88	8.1856	
1337	1	15.02	15.02	8.1196	
1338	1	15	15	8.6	
1339	1	14.84	14.84	8.8344	
1340	1	14.68	14.68	9.0576	
1341	1	14.56	14.56	9.3064	
1342	1	14.57	14.57	9.6651	
1343	1	14.41	14.41	10.0819	
1344	1	14.71	14.71	10.1659	
1345	1	14.64	14.64	10.8504	
1346	1	14.64	14.64	10.8104	
1347	1	14.45	14.45	11.5475	
1348	1	14.64	14.64	11.3904	
1349	1	14.7	14.7	10.43	
1350	1	14.69	14.69	9.7739	
1351	1	14.78	14.78	8.7716	
1352	1	14.78	14.78	9.1116	
1353	1	14.94	14.94	9.1564	
1354	1	14.87	14.87	8.5131	
1355	1	15.04	15.04	7.8384	
1356	1	15.12	15.12	7.9256	
1357	1	15.08	15.08	8.1736	
1358	1	15.22	15.22	8.1316	
1359	1	15.21	15.21	8.2059	
1360	1	15.25	15.25	8.4475	
1361	1	15.17	15.17	8.3411	
1362	1	15.18	15.18	8.8476	
1363	1	15.47	15.47	7.8691	
1364	1	15.56	15.56	7.7664	
1365	1	15.45	15.45	8.6275	
1366	1	15.58	15.58	8.7236	
1367	1	15.42	15.42	8.6836	
1368	1	15.68	15.68	8.3576	
1369	1	15.64	15.64	8.3904	
1370	1	15.65	15.65	9.2475	
1371	1	15.6	15.6	9.94	
1372	1	15.59	15.59	9.5019	
1373	1	15.58	15.58	9.0436	
1374	1	15.68	15.68	8.6576	
1375	1	15.6	15.6	8.86	
1376	1	15.55	15.55	8.7475	
1377	1	15.65	15.65	8.2275	
1378	1	15.73	15.73	7.8771	
1379	1	15.61	15.61	8.2179	
1380	1	15.84	15.84	7.6344	
1381	1	16.02	16.02	6.9596	
1382	1	15.85	15.85	7.2675	
1383	1	15.79	15.79	7.0659	
1384	1	15.67	15.67	7.6211	
1385	1	15.72	15.72	7.5816	
1386	1	15.44	15.44	8.5464	
1387	1	15.67	15.67	8.9211	
1388	1	15.97	15.97	8.1691	
1389	1	16.01	16.01	9.0099	
1390	1	15.91	15.91	9.1419	
1391	1	15.94	15.94	8.7364	
1392	1	16.1	16.1	8.87	
1393	1	16.14	16.14	8.3204	
1394	1	16.18	16.18	9.2076	
1395	1	16.17	16.17	10.6411	
1396	1	16.12	16.12	11.7656	
1397	1	16.13	16.13	11.7331	
1398	1	16.06	16.06	12.0564	
1399	1	16.16	16.16	12.4744	
1400	1	16.04	16.04	12.0184	
1401	1	16.43	16.43	10.6851	
1402	1	16.51	16.51	11.1899	
1403	1	16.53	16.53	10.7691	
1404	1	16.38	16.38	10.8956	
1405	1	16.65	16.65	10.4475	
1406	1	16.6	16.6	10.68	
1407	1	16.62	16.62	10.4556	
1408	1	16.61	16.61	9.8179	
1409	1	16.45	16.45	10.5075	
1410	1	16.57	16.57	9.9851	
1411	1	16.48	16.48	10.6896	
1412	1	16.54	16.54	9.8484	
1413	1	16.51	16.51	10.0899	
1414	1	16.47	16.47	9.9691	
1415	1	16.61	16.61	9.0579	
1416	1	16.66	16.66	8.9644	
1417	1	16.52	16.52	9.0896	
1418	1	16.44	16.44	8.5864	
1419	1	16.38	16.38	8.3756	
1420	1	16.32	16.32	8.7176	
1421	1	16.38	16.38	8.6156	
1422	1	16.44	16.44	8.4064	
1423	1	16.48	16.48	8.4896	
1424	1	16.32	16.32	9.4776	
1425	1	16.28	16.28	9.5216	
1426	1	16.06	16.06	10.4964	
1427	1	16.12	16.12	10.5056	
1428	1	16.19	16.19	11.2139	
1429	1	16.15	16.15	11.5475	
1430	1	16.16	16.16	11.7944	
1431	1	16.29	16.29	11.7259	
1432	1	16.1	16.1	12.51	
1433	1	16.22	16.22	12.3116	
1434	1	16.32	16.32	12.4376	
1435	1	16.25	16.25	12.9875	
1436	1	16.42	16.42	12.8836	
1437	1	16.54	16.54	13.4284	
1438	1	16.5	16.5	13.87	
1439	1	16.15	16.15	13.9675	
1440	1	16.11	16.11	13.6379	
1441	1	15.98	15.98	14.3196	
1442	1	16.04	16.04	14.0984	
1443	1	15.99	15.99	14.5899	
1444	1	15.75	15.75	15.7875	
1445	1	15.67	15.67	16.1211	
1446	1	15.66	15.66	16.2244	
1447	1	15.66	15.66	15.8644	
1448	1	15.77	15.77	16.5971	
1449	1	15.68	15.68	16.0776	
1450	1	15.68	15.68	15.5176	
1451	1	15.57	15.57	15.7051	
1452	1	15.53	15.53	15.9491	
1453	1	15.87	15.87	15.2731	
1454	1	15.7	15.7	15.61	
1455	1	15.79	15.79	14.2459	
1456	1	15.58	15.58	14.7836	
1457	1	15.69	15.69	14.5539	
1458	1	15.67	15.67	14.6211	
1459	1	15.62	15.62	14.1956	
1460	1	15.48	15.48	14.3896	
1461	1	15.47	15.47	14.0291	
1462	1	15.51	15.51	14.1099	
1463	1	15.78	15.78	13.1516	
1464	1	15.74	15.74	13.0524	
1465	1	16.1	16.1	12.69	
1466	1	16.13	16.13	12.8731	
1467	1	16.07	16.07	12.3851	
1468	1	15.95	15.95	12.6475	
1469	1	15.93	15.93	11.9451	
1470	1	15.86	15.86	12.7204	
1471	1	16.02	16.02	13.6596	
1472	1	16.06	16.06	13.3964	
1473	1	16.25	16.25	13.3875	
1474	1	16.09	16.09	13.8619	
1475	1	15.93	15.93	14.0051	
1476	1	16.25	16.25	13.3075	
1477	1	16.29	16.29	13.7859	
1478	1	16.42	16.42	12.5436	
1479	1	16.31	16.31	14.0339	
1480	1	16.32	16.32	14.1976	
1481	1	16.29	16.29	15.0259	
1482	1	16.42	16.42	15.5436	
1483	1	16.52	16.52	15.0696	
1484	1	16.37	16.37	15.3731	
1485	1	16.36	16.36	15.0704	
1486	1	16.24	16.24	15.1624	
1487	1	16.26	16.26	15.2324	
1488	1	16.12	16.12	16.4056	
1489	1	16.08	16.08	16.8936	
1490	1	16.17	16.17	16.2811	
1491	1	15.68	15.68	16.6576	
1492	1	15.59	15.59	16.5419	
1493	1	15.77	15.77	15.9171	
1494	1	15.69	15.69	15.6939	
1495	1	15.89	15.89	16.3779	
1496	1	15.98	15.98	16.6196	
1497	1	15.85	15.85	17.3275	
1498	1	15.61	15.61	18.3979	
1499	1	15.73	15.73	17.9371	
1500	1	15.9	15.9	17.19	
1501	1	15.86	15.86	17.3804	
1502	1	15.94	15.94	16.6764	
1503	1	16.06	16.06	17.6564	
1504	1	15.89	15.89	17.8179	
1505	1	15.76	15.76	18.1624	
1506	1	15.75	15.75	18.4275	
1507	1	15.93	15.93	18.0451	
1508	1	15.92	15.92	17.5736	
1509	1	16.04	16.04	17.5384	
1510	1	16.07	16.07	17.7851	
1511	1	15.94	15.94	17.5164	
1512	1	16.38	16.38	17.4556	
1513	1	16.5	16.5	17.13	
1514	1	16.64	16.64	16.6904	
1515	1	16.74	16.74	16.9924	
1516	1	16.52	16.52	17.8496	
1517	1	16.64	16.64	17.0104	
1518	1	16.79	16.79	15.9459	
1519	1	16.41	16.41	17.2219	
1520	1	16.23	16.23	16.2371	
1521	1	16.61	16.61	15.8179	
1522	1	16.32	16.32	16.1576	
1523	1	16.21	16.21	16.8059	
1524	1	16.45	16.45	16.3275	
1525	1	16.46	16.46	17.9284	
1526	1	16.55	16.55	16.6075	
1527	1	16.07	16.07	17.2651	
1528	1	16.22	16.22	16.1116	
1529	1	16.01	16.01	16.0299	
1530	1	15.89	15.89	16.4779	
1531	1	15.69	15.69	16.8539	
1532	1	15.76	15.76	16.9424	
1533	1	15.65	15.65	18.1275	
1534	1	15.63	15.63	18.3331	
1535	1	15.56	15.56	17.7664	
1536	1	15.7	15.7	17.13	
1537	1	15.54	15.54	16.7684	
1538	1	15.44	15.44	16.8264	
1539	1	15.56	15.56	16.3664	
1540	1	15.81	15.81	17.1539	
1541	1	16	16	17	
1542	1	16.08	16.08	16.5736	
1543	1	16.11	16.11	16.1379	
1544	1	16.1	16.1	15.45	
1545	1	15.94	15.94	15.6164	
1546	1	15.94	15.94	14.8964	
1547	1	16.11	16.11	15.1979	
1548	1	16.12	16.12	14.9856	
1549	1	16.29	16.29	14.5659	
1550	1	16.22	16.22	14.7716	
1551	1	15.91	15.91	14.9219	
1552	1	15.96	15.96	13.8184	
1553	1	15.95	15.95	13.6675	
1554	1	15.93	15.93	13.2851	
1555	1	15.93	15.93	13.6051	
1556	1	15.9	15.9	13.65	
1557	1	15.97	15.97	13.2891	
1558	1	15.95	15.95	13.2075	
1559	1	16.02	16.02	13.5196	
1560	1	16.14	16.14	14.2204	
1561	1	16.21	16.21	13.4659	
1562	1	16.2	16.2	14	
1563	1	16.09	16.09	13.5619	
1564	1	15.99	15.99	13.3299	
1565	1	15.91	15.91	13.6619	
1566	1	16.13	16.13	13.6931	
1567	1	16.41	16.41	12.3419	
1568	1	16.49	16.49	11.5699	
1569	1	16.79	16.79	12.1059	
1570	1	16.9	16.9	11.05	
1571	1	17.14	17.14	11.4204	
1572	1	17.09	17.09	11.1619	
1573	1	17.24	17.24	11.1824	
1574	1	17.41	17.41	10.5819	
1575	1	17.29	17.29	10.6859	
1576	1	17.06	17.06	11.9764	
1577	1	17.15	17.15	12.2875	
1578	1	16.96	16.96	12.4584	
1579	1	16.74	16.74	12.3124	
1580	1	16.84	16.84	11.6744	
1581	1	16.8	16.8	11.76	
1582	1	16.77	16.77	11.6971	
1583	1	16.87	16.87	12.1931	
1584	1	16.93	16.93	12.5851	
1585	1	16.95	16.95	13.1275	
1586	1	16.84	16.84	13.0944	
1587	1	16.85	16.85	12.6275	
1588	1	17.18	17.18	12.1276	
1589	1	17.09	17.09	11.8619	
1590	1	17.11	17.11	11.1979	
1591	1	17	17	11.66	
1592	1	16.8	16.8	12.08	
1593	1	16.83	16.83	12.5011	
1594	1	16.72	16.72	12.0216	
1595	1	16.84	16.84	11.3144	
1596	1	17.11	17.11	11.5579	
1597	1	17.13	17.13	11.4531	
1598	1	17.18	17.18	10.6876	
1599	1	17.25	17.25	10.1875	
1600	1	17.26	17.26	10.3524	
1601	1	17.28	17.28	10.4816	
1602	1	17.3	17.3	10.13	
1603	1	17.12	17.12	10.5256	
1604	1	17.25	17.25	10.5275	
1605	1	17.13	17.13	10.3531	
1606	1	17.12	17.12	9.5656	
1607	1	17.2	17.2	9.86	
1608	1	17.27	17.27	9.4171	
1609	1	17.1	17.1	9.55	
1610	1	17.03	17.03	9.6091	
1611	1	16.94	16.94	9.1964	
1612	1	16.9	16.9	9.37	
1613	1	16.76	16.76	9.1224	
1614	1	16.66	16.66	9.1044	
1615	1	16.63	16.63	9.5131	
1616	1	16.64	16.64	9.5704	
1617	1	16.86	16.86	8.9604	
1618	1	16.91	16.91	8.7819	
1619	1	16.73	16.73	9.4571	
1620	1	16.69	16.69	9.0739	
1621	1	16.76	16.76	9.1824	
1622	1	16.74	16.74	9.8324	
1623	1	16.81	16.81	9.7139	
1624	1	16.91	16.91	9.8219	
1625	1	16.73	16.73	9.6771	
1626	1	16.55	16.55	9.9475	
1627	1	16.57	16.57	10.9251	
1628	1	16.76	16.76	10.9624	
1629	1	16.81	16.81	11.1539	
1630	1	16.78	16.78	11.7716	
1631	1	16.63	16.63	10.9931	
1632	1	16.72	16.72	10.7416	
1633	1	16.87	16.87	10.8531	
1634	1	17.02	17.02	10.8796	
1635	1	17.12	17.12	11.1856	
1636	1	17.15	17.15	12.1675	
1637	1	17.27	17.27	12.1971	
1638	1	17.14	17.14	12.2004	
1639	1	17.18	17.18	13.0276	
1640	1	17.47	17.47	12.8491	
1641	1	17.43	17.43	12.1651	
1642	1	17.51	17.51	12.6699	
1643	1	17.46	17.46	12.9684	
1644	1	17.37	17.37	13.2131	
1645	1	17.42	17.42	13.0236	
1646	1	17.35	17.35	12.4475	
1647	1	17.65	17.65	12.3875	
1648	1	17.52	17.52	12.8896	
1649	1	17.78	17.78	12.4316	
1650	1	18.11	18.11	12.6379	
1651	1	18.19	18.19	11.8539	
1652	1	18.07	18.07	11.4051	
1653	1	18.03	18.03	11.8291	
1654	1	18.04	18.04	11.2984	
1655	1	18.24	18.24	10.6624	
1656	1	18.13	18.13	11.2931	
1657	1	18.08	18.08	11.3736	
1658	1	18.16	18.16	10.8944	
1659	1	18.18	18.18	10.8476	
1660	1	18.16	18.16	11.2344	
1661	1	18.25	18.25	10.8675	
1662	1	18.48	18.48	10.1296	
1663	1	18.36	18.36	10.2504	
1664	1	18.17	18.17	11.6411	
1665	1	18.27	18.27	10.6371	
1666	1	18.41	18.41	10.5419	
1667	1	17.88	17.88	11.8856	
1668	1	17.96	17.96	12.7984	
1669	1	17.87	17.87	12.8731	
1670	1	18.07	18.07	12.2851	
1671	1	17.98	17.98	12.0996	
1672	1	18.15	18.15	12.5475	
1673	1	18.23	18.23	12.2571	
1674	1	17.98	17.98	12.4996	
1675	1	18.11	18.11	12.1579	
1676	1	18.37	18.37	11.9331	
1677	1	18.52	18.52	12.1896	
1678	1	18.51	18.51	11.7299	
1679	1	18.48	18.48	12.1496	
1680	1	18.58	18.58	12.0036	
1681	1	18.52	18.52	11.8496	
1682	1	18.3	18.3	12.31	
1683	1	18.12	18.12	12.5456	
1684	1	18.18	18.18	12.4876	
1685	1	18.36	18.36	12.8104	
1686	1	18.39	18.39	12.0979	
1687	1	18.34	18.34	12.3844	
1688	1	18.24	18.24	12.0624	
1689	1	18.02	18.02	11.8396	
1690	1	17.95	17.95	12.0675	
1691	1	18.34	18.34	11.2844	
1692	1	18.25	18.25	11.3275	
1693	1	18.21	18.21	11.0059	
1694	1	17.97	17.97	10.7691	
1695	1	18.08	18.08	10.3936	
1696	1	18.2	18.2	9.82	
1697	1	18.33	18.33	9.7611	
1698	1	18.25	18.25	9.6675	
1699	1	18.14	18.14	9.3604	
1700	1	17.99	17.99	9.5699	
1701	1	17.99	17.99	8.9499	
1702	1	18.28	18.28	9.1016	
1703	1	18.22	18.22	9.7716	
1704	1	18.07	18.07	10.2251	
1705	1	17.89	17.89	10.7379	
1706	1	18.09	18.09	11.2419	
1707	1	18.11	18.11	11.3379	
1708	1	18.02	18.02	12.4196	
1709	1	18.18	18.18	13.0076	
1710	1	18	18	12.42	
1711	1	18.13	18.13	11.7731	
1712	1	18.01	18.01	11.9099	
1713	1	18.07	18.07	11.3051	
1714	1	18.06	18.06	11.3364	
1715	1	18.1	18.1	11.27	
1716	1	18.18	18.18	11.1276	
1717	1	18.23	18.23	11.2171	
1718	1	18.08	18.08	11.5536	
1719	1	18.06	18.06	11.3364	
1720	1	18.3	18.3	11.13	
1721	1	18.14	18.14	10.8604	
1722	1	18.08	18.08	10.1336	
1723	1	18.06	18.06	9.5564	
1724	1	18.02	18.02	9.5396	
1725	1	17.97	17.97	9.6891	
1726	1	18.02	18.02	10.0396	
1727	1	18.28	18.28	10.3816	
1728	1	18.42	18.42	9.8836	
1729	1	18.31	18.31	9.4739	
1730	1	18.19	18.19	9.5739	
1731	1	17.98	17.98	9.9796	
1732	1	17.92	17.92	9.5336	
1733	1	17.81	17.81	9.6539	
1734	1	18.04	18.04	9.5584	
1735	1	18.19	18.19	10.0539	
1736	1	17.94	17.94	9.7364	
1737	1	17.8	17.8	8.58	
1738	1	17.79	17.79	8.5059	
1739	1	17.76	17.76	8.2624	
1740	1	17.71	17.71	8.8459	
1741	1	18.15	18.15	8.8675	
1742	1	18.27	18.27	8.9171	
1743	1	18.21	18.21	8.6059	
1744	1	18.06	18.06	8.7564	
1745	1	18.06	18.06	8.5564	
1746	1	18.02	18.02	8.3196	
1747	1	17.99	17.99	8.0099	
1748	1	17.9	17.9	8.67	
1749	1	18.03	18.03	8.1491	
1750	1	18.05	18.05	8.2675	
1751	1	18.09	18.09	8.5019	
1752	1	18.33	18.33	8.6211	
1753	1	18.16	18.16	7.8744	
1754	1	18.2	18.2	7.6	
1755	1	18.19	18.19	7.7539	
1756	1	18.44	18.44	8.6264	
1757	1	18.49	18.49	9.1299	
1758	1	18.54	18.54	8.9884	
1759	1	18.71	18.71	9.2059	
1760	1	18.62	18.62	8.2956	
1761	1	18.65	18.65	9.1875	
1762	1	18.51	18.51	8.9899	
1763	1	18.7	18.7	9.43	
1764	1	18.86	18.86	9.2004	
1765	1	18.71	18.71	8.9459	
1766	1	18.72	18.72	8.7016	
1767	1	18.56	18.56	8.3264	
1768	1	18.57	18.57	8.6051	
1769	1	18.3	18.3	7.95	
1770	1	18.22	18.22	8.0716	
1771	1	18.4	18.4	8.4	
1772	1	18.48	18.48	8.6696	
1773	1	18.42	18.42	8.8836	
1774	1	18.5	18.5	8.73	
1775	1	18.57	18.57	8.9851	
1776	1	18.39	18.39	8.9179	
1777	1	18.22	18.22	8.7716	
1778	1	18.21	18.21	8.7859	
1779	1	18.08	18.08	8.5736	
1780	1	18.06	18.06	8.3164	
1781	1	18.13	18.13	8.1531	
1782	1	18.31	18.31	8.8539	
1783	1	18.27	18.27	7.8771	
1784	1	18.4	18.4	7.78	
1785	1	18.38	18.38	7.8756	
1786	1	18.53	18.53	7.5091	
1787	1	18.55	18.55	7.5075	
1788	1	18.62	18.62	8.0556	
1789	1	18.69	18.69	8.2139	
1790	1	18.64	18.64	8.5104	
1791	1	18.8	18.8	8.22	
1792	1	18.85	18.85	8.3875	
1793	1	18.95	18.95	7.8475	
1794	1	19.04	19.04	7.9784	
1795	1	19.11	19.11	7.6379	
1796	1	18.97	18.97	7.4691	
1797	1	18.78	18.78	7.7716	
1798	1	18.72	18.72	7.7416	
1799	1	18.7	18.7	8.05	
1800	1	18.72	18.72	7.8216	
1801	1	18.83	18.83	7.9011	
1802	1	18.86	18.86	7.8404	
1803	1	18.72	18.72	7.8216	
1804	1	18.79	18.79	8.4659	
1805	1	19.05	19.05	9.0075	
1806	1	18.86	18.86	8.5004	
1807	1	18.78	18.78	8.4716	
1808	1	18.74	18.74	8.3724	
1809	1	18.72	18.72	8.1816	
1810	1	19.01	19.01	7.7499	
1811	1	19.06	19.06	7.5764	
1812	1	19.04	19.04	8.0184	
1813	1	19.07	19.07	7.7851	
1814	1	19.02	19.02	7.7396	
1815	1	19.11	19.11	7.3779	
1816	1	19.39	19.39	7.4379	
1817	1	19.53	19.53	8.2291	
1818	1	19.61	19.61	7.5779	
1819	1	19.35	19.35	8.0075	
1820	1	19.26	19.26	8.0724	
1821	1	19.2	19.2	8.44	
1822	1	19.36	19.36	8.4104	
1823	1	19.29	19.29	8.2659	
1824	1	19.14	19.14	8.6604	
1825	1	19.17	19.17	9.4811	
1826	1	19.06	19.06	9.9964	
1827	1	18.94	18.94	9.3964	
1828	1	19.05	19.05	9.6075	
1829	1	19.1	19.1	9.21	
1830	1	18.97	18.97	9.0691	
1831	1	18.92	18.92	8.7936	
1832	1	19.05	19.05	8.1275	
1833	1	19.03	19.03	8.3691	
1834	1	19.37	19.37	8.1131	
1835	1	19.41	19.41	7.9819	
1836	1	19.4	19.4	7.66	
1837	1	19.37	19.37	7.0131	
1838	1	19.32	19.32	7.6576	
1839	1	19.49	19.49	8.2699	
1840	1	19.53	19.53	8.4891	
1841	1	19.5	19.5	8.75	
1842	1	19.53	19.53	8.7891	
1843	1	19.52	19.52	9.0296	
1844	1	19.6	19.6	8.56	
1845	1	19.65	19.65	8.7675	
1846	1	19.82	19.82	8.2676	
1847	1	19.83	19.83	7.9011	
1848	1	19.73	19.73	7.9171	
1849	1	19.7	19.7	8.19	
1850	1	19.68	19.68	8.5776	
1851	1	19.53	19.53	9.0691	
1852	1	19.32	19.32	9.1776	
1853	1	19.47	19.47	9.2291	
1854	1	19.53	19.53	8.8091	
1855	1	19.54	19.54	8.9084	
1856	1	19.37	19.37	9.4931	
1857	1	19.43	19.43	9.4251	
1858	1	19.66	19.66	8.3844	
1859	1	19.48	19.48	8.2496	
1860	1	19.51	19.51	7.6899	
1861	1	19.34	19.34	7.4444	
1862	1	19.46	19.46	7.4084	
1863	1	19.3	19.3	7.33	
1864	1	19.43	19.43	7.2251	
1865	1	19.46	19.46	7.3084	
1866	1	19.49	19.49	7.9099	
1867	1	19.38	19.38	8.4956	
1868	1	19.5	19.5	8.85	
1869	1	19.39	19.39	8.6579	
1870	1	19.4	19.4	7.52	
1871	1	19.47	19.47	6.6891	
1872	1	19.45	19.45	7.1475	
1873	1	19.41	19.41	7.3419	
1874	1	19.12	19.12	6.9856	
1875	1	19.39	19.39	6.0979	
1876	1	19.39	19.39	5.9179	
1877	1	19.42	19.42	6.2036	
1878	1	19.44	19.44	6.2664	
1879	1	19.46	19.46	6.0684	
1880	1	19.45	19.45	6.3475	
1881	1	19.43	19.43	6.4651	
1882	1	19.4	19.4	6.88	
1883	1	19.41	19.41	6.7219	
1884	1	19.55	19.55	6.5075	
1885	1	19.49	19.49	6.8299	
1886	1	19.51	19.51	6.6699	
1887	1	19.42	19.42	7.8636	
1888	1	19.51	19.51	7.6499	
1889	1	19.55	19.55	7.6675	
1890	1	19.48	19.48	7.9096	
1891	1	19.55	19.55	7.6475	
1892	1	19.49	19.49	7.9299	
1893	1	19.34	19.34	7.9444	
1894	1	19.32	19.32	7.4976	
1895	1	19.5	19.5	7.67	
1896	1	19.53	19.53	7.3091	
1897	1	19.59	19.59	7.4019	
1898	1	19.65	19.65	6.9675	
1899	1	19.65	19.65	7.2475	
1900	1	19.67	19.67	6.8411	
1901	1	19.8	19.8	6.92	
1902	1	19.87	19.87	7.3731	
1903	1	19.96	19.96	7.4184	
1904	1	20.04	20.04	7.6984	
1905	1	19.98	19.98	7.7996	
1906	1	19.88	19.88	7.3856	
1907	1	19.82	19.82	7.5076	
1908	1	19.97	19.97	7.4291	
1909	1	20	20	7.84	
1910	1	20	20	7.76	
1911	1	19.83	19.83	7.8811	
1912	1	19.97	19.97	7.7491	
1913	1	19.76	19.76	7.3624	
1914	1	19.98	19.98	7.1196	
1915	1	19.95	19.95	7.4875	
1916	1	20.22	20.22	6.8916	
1917	1	19.95	19.95	7.3875	
1918	1	20.15	20.15	7.2875	
1919	1	20.1	20.1	6.97	
1920	1	19.96	19.96	6.9784	
1921	1	19.75	19.75	6.6675	
1922	1	19.66	19.66	6.8244	
1923	1	19.64	19.64	6.8904	
1924	1	19.85	19.85	7.0675	
1925	1	19.76	19.76	6.9424	
1926	1	19.78	19.78	7.0516	
1927	1	19.76	19.76	7.0224	
1928	1	19.82	19.82	6.4076	
1929	1	20.02	20.02	6.0596	
1930	1	20.03	20.03	6.2491	
1931	1	19.98	19.98	5.8396	
1932	1	20.1	20.1	5.97	
1933	1	20.2	20.2	6.16	
1934	1	20.25	20.25	6.1875	
1935	1	20.19	20.19	6.4139	
1936	1	20.25	20.25	6.5675	
1937	1	20.08	20.08	6.2336	
1938	1	20.01	20.01	6.0899	
1939	1	19.96	19.96	6.2384	
1940	1	20.04	20.04	6.6584	
1941	1	20.1	20.1	6.47	
1942	1	19.91	19.91	6.6819	
1943	1	19.88	19.88	6.9656	
1944	1	20.14	20.14	6.8604	
1945	1	19.98	19.98	6.8596	
1946	1	19.87	19.87	6.5331	
1947	1	19.96	19.96	6.7784	
1948	1	19.92	19.92	6.1336	
1949	1	19.95	19.95	6.2275	
1950	1	20.01	20.01	5.6499	
1951	1	19.93	19.93	5.5251	
1952	1	19.94	19.94	5.5164	
1953	1	20.12	20.12	5.2256	
1954	1	20.07	20.07	5.2451	
1955	1	20.07	20.07	5.2851	
1956	1	20.11	20.11	6.0379	
1957	1	19.92	19.92	5.7136	
1958	1	20.01	20.01	5.8099	
1959	1	20.07	20.07	6.2651	
1960	1	20.07	20.07	6.0251	
1961	1	19.9	19.9	5.85	
1962	1	20.04	20.04	6.4984	
1963	1	20	20	6.48	
1964	1	20.21	20.21	7.2459	
1965	1	20.24	20.24	7.3824	
1966	1	20.05	20.05	7.0875	
1967	1	20.25	20.25	7.5275	
1968	1	20.43	20.43	7.3451	
1969	1	20.56	20.56	7.0064	
1970	1	20.69	20.69	6.7339	
1971	1	20.77	20.77	6.4171	
1972	1	20.57	20.57	6.7451	
1973	1	20.8	20.8	6.96	
1974	1	20.86	20.86	6.9804	
1975	1	20.73	20.73	7.1571	
1976	1	20.69	20.69	7.7539	
1977	1	20.62	20.62	7.3356	
1978	1	20.54	20.54	7.2284	
1979	1	20.46	20.46	7.6684	
1980	1	20.49	20.49	7.3699	
1981	1	20.76	20.76	8.1024	
1982	1	20.75	20.75	8.0275	
1983	1	20.73	20.73	7.9771	
1984	1	20.57	20.57	7.8451	
1985	1	20.77	20.77	7.5571	
1986	1	20.72	20.72	7.6216	
1987	1	20.76	20.76	8.1224	
1988	1	20.9	20.9	8.41	
1989	1	20.93	20.93	8.6851	
1990	1	20.87	20.87	8.8131	
1991	1	20.74	20.74	8.1124	
1992	1	20.8	20.8	8.64	
1993	1	20.83	20.83	8.3011	
1994	1	20.85	20.85	8.1475	
1995	1	20.98	20.98	8.2596	
1996	1	21	21	8.08	
1997	1	20.76	20.76	8.2424	
1998	1	20.78	20.78	7.8316	
1999	1	21.18	21.18	8.6076	
2000	1	21.11	21.11	9.0979	
