# mu = 0.01, s = -0.1, trials requested = 1, runtime = 0:00:01
# "Time"	"Actual trials"	"Mean mutation"	"Average mean mutation"	"Average mutation variance"
0	1	0	0	0	
1	1	0.01	0.01	0.0099	
2	1	0.01	0.01	0.0099	
3	1	0.02	0.02	0.0196	
4	1	0.01	0.01	0.0099	
5	1	0.03	0.03	0.0291	
6	1	0.03	0.03	0.0291	
7	1	0.03	0.03	0.0291	
8	1	0.04	0.04	0.0384	
9	1	0.05	0.05	0.0475	
10	1	0.06	0.06	0.0564	
11	1	0.04	0.04	0.0384	
12	1	0.07	0.07	0.0651	
13	1	0.03	0.03	0.0291	
14	1	0.09	0.09	0.0819	
15	1	0.06	0.06	0.0564	
16	1	0.09	0.09	0.0819	
17	1	0.13	0.13	0.1131	
18	1	0.16	0.16	0.1344	
19	1	0.12	0.12	0.1056	
20	1	0.08	0.08	0.0736	
21	1	0.11	0.11	0.0979	
22	1	0.07	0.07	0.0651	
23	1	0.08	0.08	0.0736	
24	1	0.09	0.09	0.0819	
25	1	0.1	0.1	0.09	
26	1	0.16	0.16	0.1544	
27	1	0.16	0.16	0.1344	
28	1	0.22	0.22	0.1716	
29	1	0.22	0.22	0.1716	
30	1	0.25	0.25	0.1875	
31	1	0.23	0.23	0.1771	
32	1	0.32	0.32	0.2576	
33	1	0.33	0.33	0.2411	
34	1	0.25	0.25	0.2275	
35	1	0.29	0.29	0.2659	
36	1	0.27	0.27	0.2171	
37	1	0.36	0.36	0.2504	
38	1	0.39	0.39	0.2779	
39	1	0.32	0.32	0.2776	
40	1	0.34	0.34	0.2644	
41	1	0.33	0.33	0.2411	
42	1	0.34	0.34	0.2244	
43	1	0.29	0.29	0.2059	
44	1	0.4	0.4	0.24	
45	1	0.4	0.4	0.26	
46	1	0.47	0.47	0.2691	
47	1	0.48	0.48	0.2496	
48	1	0.38	0.38	0.2556	
49	1	0.39	0.39	0.3179	
50	1	0.28	0.28	0.2016	
51	1	0.27	0.27	0.2371	
52	1	0.24	0.24	0.2024	
53	1	0.23	0.23	0.2171	
54	1	0.25	0.25	0.2275	
55	1	0.28	0.28	0.2616	
56	1	0.28	0.28	0.2416	
57	1	0.2	0.2	0.18	
58	1	0.16	0.16	0.1344	
59	1	0.15	0.15	0.1275	
60	1	0.14	0.14	0.1404	
61	1	0.15	0.15	0.1475	
62	1	0.2	0.2	0.22	
63	1	0.12	0.12	0.1056	
64	1	0.2	0.2	0.18	
65	1	0.23	0.23	0.2771	
66	1	0.17	0.17	0.1611	
67	1	0.25	0.25	0.1875	
68	1	0.31	0.31	0.2139	
69	1	0.38	0.38	0.2356	
70	1	0.38	0.38	0.2356	
71	1	0.35	0.35	0.2275	
72	1	0.31	0.31	0.2139	
73	1	0.3	0.3	0.21	
74	1	0.23	0.23	0.1771	
75	1	0.23	0.23	0.1771	
76	1	0.24	0.24	0.1824	
77	1	0.16	0.16	0.1344	
78	1	0.2	0.2	0.16	
79	1	0.24	0.24	0.1824	
80	1	0.14	0.14	0.1204	
81	1	0.17	0.17	0.1411	
82	1	0.19	0.19	0.1539	
83	1	0.17	0.17	0.1411	
84	1	0.17	0.17	0.1411	
85	1	0.1	0.1	0.09	
86	1	0.18	0.18	0.1676	
87	1	0.21	0.21	0.2059	
88	1	0.22	0.22	0.2116	
89	1	0.19	0.19	0.1939	
90	1	0.24	0.24	0.2024	
91	1	0.26	0.26	0.2124	
92	1	0.24	0.24	0.1824	
93	1	0.19	0.19	0.1539	
94	1	0.19	0.19	0.1539	
95	1	0.23	0.23	0.1771	
96	1	0.22	0.22	0.1716	
97	1	0.18	0.18	0.1476	
98	1	0.14	0.14	0.1204	
99	1	0.19	0.19	0.1539	
100	1	0.16	0.16	0.1344	
101	1	0.13	0.13	0.1131	
102	1	0.16	0.16	0.1344	
103	1	0.17	0.17	0.1411	
104	1	0.16	0.16	0.1344	
105	1	0.25	0.25	0.1875	
106	1	0.19	0.19	0.1539	
107	1	0.18	0.18	0.1476	
108	1	0.22	0.22	0.1716	
109	1	0.25	0.25	0.1875	
110	1	0.19	0.19	0.1539	
111	1	0.32	0.32	0.2176	
112	1	0.25	0.25	0.1875	
113	1	0.27	0.27	0.1971	
114	1	0.29	0.29	0.2059	
115	1	0.24	0.24	0.1824	
116	1	0.31	0.31	0.2139	
117	1	0.36	0.36	0.2304	
118	1	0.33	0.33	0.2211	
119	1	0.29	0.29	0.2059	
120	1	0.19	0.19	0.1539	
121	1	0.19	0.19	0.1539	
122	1	0.16	0.16	0.1344	
123	1	0.1	0.1	0.09	
124	1	0.12	0.12	0.1256	
125	1	0.15	0.15	0.1275	
126	1	0.16	0.16	0.1344	
127	1	0.17	0.17	0.1411	
128	1	0.19	0.19	0.1539	
129	1	0.15	0.15	0.1275	
130	1	0.15	0.15	0.1275	
131	1	0.16	0.16	0.1544	
132	1	0.2	0.2	0.18	
133	1	0.23	0.23	0.2171	
134	1	0.2	0.2	0.18	
135	1	0.24	0.24	0.2224	
136	1	0.21	0.21	0.1859	
137	1	0.24	0.24	0.2024	
138	1	0.29	0.29	0.2859	
139	1	0.3	0.3	0.27	
140	1	0.28	0.28	0.2616	
141	1	0.25	0.25	0.2475	
142	1	0.31	0.31	0.2139	
143	1	0.38	0.38	0.2356	
144	1	0.32	0.32	0.2176	
145	1	0.3	0.3	0.23	
146	1	0.39	0.39	0.2979	
147	1	0.41	0.41	0.2419	
148	1	0.37	0.37	0.2531	
149	1	0.33	0.33	0.2811	
150	1	0.25	0.25	0.2475	
151	1	0.29	0.29	0.2459	
152	1	0.33	0.33	0.2211	
153	1	0.32	0.32	0.2176	
154	1	0.27	0.27	0.1971	
155	1	0.19	0.19	0.1539	
156	1	0.16	0.16	0.1344	
157	1	0.22	0.22	0.1716	
158	1	0.28	0.28	0.2016	
159	1	0.31	0.31	0.2339	
160	1	0.23	0.23	0.1971	
161	1	0.18	0.18	0.1676	
162	1	0.17	0.17	0.1611	
163	1	0.19	0.19	0.1939	
164	1	0.19	0.19	0.1939	
165	1	0.2	0.2	0.22	
166	1	0.24	0.24	0.2224	
167	1	0.3	0.3	0.33	
168	1	0.29	0.29	0.3859	
169	1	0.32	0.32	0.3776	
170	1	0.41	0.41	0.4819	
171	1	0.36	0.36	0.5104	
172	1	0.36	0.36	0.5504	
173	1	0.44	0.44	0.6664	
174	1	0.4	0.4	0.68	
175	1	0.33	0.33	0.5611	
176	1	0.31	0.31	0.4739	
177	1	0.13	0.13	0.1931	
178	1	0.08	0.08	0.1336	
179	1	0.1	0.1	0.19	
180	1	0.14	0.14	0.2604	
181	1	0.17	0.17	0.2811	
182	1	0.12	0.12	0.2056	
183	1	0.03	0.03	0.0291	
184	1	0.06	0.06	0.0564	
185	1	0.07	0.07	0.0651	
186	1	0.05	0.05	0.0475	
187	1	0.03	0.03	0.0291	
188	1	0.03	0.03	0.0291	
189	1	0.05	0.05	0.0475	
190	1	0.03	0.03	0.0291	
191	1	0.02	0.02	0.0196	
192	1	0.07	0.07	0.0651	
193	1	0.11	0.11	0.0979	
194	1	0.1	0.1	0.09	
195	1	0.09	0.09	0.0819	
196	1	0.04	0.04	0.0384	
197	1	0.06	0.06	0.0564	
198	1	0.08	0.08	0.0736	
199	1	0.08	0.08	0.0736	
200	1	0.09	0.09	0.0819	
201	1	0.09	0.09	0.0819	
202	1	0.09	0.09	0.0819	
203	1	0.06	0.06	0.0564	
204	1	0.05	0.05	0.0475	
205	1	0.1	0.1	0.09	
206	1	0.11	0.11	0.0979	
207	1	0.09	0.09	0.0819	
208	1	0.06	0.06	0.0564	
209	1	0.08	0.08	0.0736	
210	1	0.07	0.07	0.0651	
211	1	0.09	0.09	0.0819	
212	1	0.09	0.09	0.0819	
213	1	0.14	0.14	0.1204	
214	1	0.07	0.07	0.0651	
215	1	0.09	0.09	0.0819	
216	1	0.11	0.11	0.0979	
217	1	0.1	0.1	0.09	
218	1	0.1	0.1	0.09	
219	1	0.09	0.09	0.0819	
220	1	0.11	0.11	0.0979	
221	1	0.12	0.12	0.1056	
222	1	0.14	0.14	0.1204	
223	1	0.13	0.13	0.1131	
224	1	0.12	0.12	0.1056	
225	1	0.12	0.12	0.1056	
226	1	0.1	0.1	0.09	
227	1	0.05	0.05	0.0475	
228	1	0.06	0.06	0.0564	
229	1	0.04	0.04	0.0384	
230	1	0.05	0.05	0.0475	
231	1	0.07	0.07	0.0651	
232	1	0.04	0.04	0.0384	
233	1	0.07	0.07	0.0651	
234	1	0.06	0.06	0.0564	
235	1	0.08	0.08	0.0736	
236	1	0.13	0.13	0.1131	
237	1	0.15	0.15	0.1275	
238	1	0.14	0.14	0.1204	
239	1	0.12	0.12	0.1056	
240	1	0.17	0.17	0.1411	
241	1	0.15	0.15	0.1275	
242	1	0.11	0.11	0.0979	
243	1	0.1	0.1	0.09	
244	1	0.06	0.06	0.0564	
245	1	0.08	0.08	0.0736	
246	1	0.1	0.1	0.09	
247	1	0.14	0.14	0.1204	
248	1	0.13	0.13	0.1131	
249	1	0.16	0.16	0.1344	
250	1	0.19	0.19	0.1539	
251	1	0.13	0.13	0.1131	
252	1	0.13	0.13	0.1131	
253	1	0.14	0.14	0.1204	
254	1	0.1	0.1	0.09	
255	1	0.12	0.12	0.1056	
256	1	0.14	0.14	0.1204	
257	1	0.15	0.15	0.1275	
258	1	0.2	0.2	0.18	
259	1	0.19	0.19	0.1939	
260	1	0.2	0.2	0.18	
261	1	0.21	0.21	0.2059	
262	1	0.28	0.28	0.2216	
263	1	0.32	0.32	0.2776	
264	1	0.34	0.34	0.2444	
265	1	0.32	0.32	0.2576	
266	1	0.31	0.31	0.2539	
267	1	0.25	0.25	0.2075	
268	1	0.28	0.28	0.2016	
269	1	0.3	0.3	0.21	
270	1	0.31	0.31	0.2139	
271	1	0.25	0.25	0.1875	
272	1	0.36	0.36	0.2304	
273	1	0.36	0.36	0.2304	
274	1	0.32	0.32	0.2176	
275	1	0.28	0.28	0.2016	
276	1	0.3	0.3	0.23	
277	1	0.26	0.26	0.2124	
278	1	0.26	0.26	0.2324	
279	1	0.23	0.23	0.1971	
280	1	0.2	0.2	0.18	
281	1	0.2	0.2	0.18	
282	1	0.22	0.22	0.2116	
283	1	0.32	0.32	0.3176	
284	1	0.28	0.28	0.2216	
285	1	0.26	0.26	0.1924	
286	1	0.17	0.17	0.1411	
287	1	0.1	0.1	0.09	
288	1	0.15	0.15	0.1275	
289	1	0.14	0.14	0.1204	
290	1	0.11	0.11	0.0979	
291	1	0.09	0.09	0.0819	
292	1	0.08	0.08	0.0736	
293	1	0.13	0.13	0.1131	
294	1	0.16	0.16	0.1344	
295	1	0.17	0.17	0.1411	
296	1	0.12	0.12	0.1056	
297	1	0.17	0.17	0.1411	
298	1	0.16	0.16	0.1344	
299	1	0.17	0.17	0.1411	
300	1	0.22	0.22	0.1716	
301	1	0.27	0.27	0.1971	
302	1	0.29	0.29	0.2059	
303	1	0.33	0.33	0.2411	
304	1	0.35	0.35	0.2675	
305	1	0.27	0.27	0.2371	
306	1	0.15	0.15	0.1475	
307	1	0.13	0.13	0.1731	
308	1	0.15	0.15	0.1275	
309	1	0.17	0.17	0.1611	
310	1	0.19	0.19	0.1939	
311	1	0.14	0.14	0.1404	
312	1	0.15	0.15	0.1475	
313	1	0.16	0.16	0.1744	
314	1	0.13	0.13	0.1331	
315	1	0.13	0.13	0.1331	
316	1	0.08	0.08	0.1136	
317	1	0.14	0.14	0.1404	
318	1	0.14	0.14	0.1204	
319	1	0.15	0.15	0.1275	
320	1	0.15	0.15	0.1275	
321	1	0.17	0.17	0.1411	
322	1	0.22	0.22	0.1716	
323	1	0.14	0.14	0.1204	
324	1	0.18	0.18	0.1476	
325	1	0.19	0.19	0.1739	
326	1	0.15	0.15	0.1475	
327	1	0.14	0.14	0.1404	
328	1	0.1	0.1	0.09	
329	1	0.09	0.09	0.0819	
330	1	0.07	0.07	0.0651	
331	1	0.03	0.03	0.0291	
332	1	0.05	0.05	0.0475	
333	1	0.02	0.02	0.0196	
334	1	0.02	0.02	0.0196	
335	1	0.03	0.03	0.0291	
336	1	0.01	0.01	0.0099	
337	1	0.01	0.01	0.0099	
338	1	0.01	0.01	0.0099	
339	1	0.01	0.01	0.0099	
340	1	0.02	0.02	0.0196	
341	1	0.02	0.02	0.0196	
342	1	0.05	0.05	0.0475	
343	1	0.02	0.02	0.0196	
344	1	0.03	0.03	0.0291	
345	1	0.06	0.06	0.0564	
346	1	0.07	0.07	0.0651	
347	1	0.05	0.05	0.0475	
348	1	0.07	0.07	0.0651	
349	1	0.07	0.07	0.0651	
350	1	0.13	0.13	0.1131	
351	1	0.11	0.11	0.0979	
352	1	0.1	0.1	0.09	
353	1	0.08	0.08	0.0736	
354	1	0.13	0.13	0.1131	
355	1	0.16	0.16	0.1344	
356	1	0.15	0.15	0.1275	
357	1	0.2	0.2	0.16	
358	1	0.1	0.1	0.09	
359	1	0.07	0.07	0.0651	
360	1	0.05	0.05	0.0475	
361	1	0.03	0.03	0.0291	
362	1	0.07	0.07	0.0651	
363	1	0.09	0.09	0.0819	
364	1	0.07	0.07	0.0651	
365	1	0.1	0.1	0.09	
366	1	0.12	0.12	0.1056	
367	1	0.12	0.12	0.1056	
368	1	0.1	0.1	0.09	
369	1	0.14	0.14	0.1204	
370	1	0.09	0.09	0.0819	
371	1	0.13	0.13	0.1131	
372	1	0.2	0.2	0.16	
373	1	0.21	0.21	0.1659	
374	1	0.19	0.19	0.1539	
375	1	0.18	0.18	0.1476	
376	1	0.12	0.12	0.1056	
377	1	0.09	0.09	0.1019	
378	1	0.09	0.09	0.0819	
379	1	0.11	0.11	0.0979	
380	1	0.15	0.15	0.1275	
381	1	0.19	0.19	0.1539	
382	1	0.17	0.17	0.1411	
383	1	0.23	0.23	0.1771	
384	1	0.19	0.19	0.1539	
385	1	0.15	0.15	0.1275	
386	1	0.14	0.14	0.1204	
387	1	0.12	0.12	0.1056	
388	1	0.1	0.1	0.09	
389	1	0.08	0.08	0.0736	
390	1	0.06	0.06	0.0564	
391	1	0.08	0.08	0.0736	
392	1	0.1	0.1	0.09	
393	1	0.05	0.05	0.0475	
394	1	0.12	0.12	0.1056	
395	1	0.07	0.07	0.0651	
396	1	0.02	0.02	0.0196	
397	1	0.05	0.05	0.0475	
398	1	0.04	0.04	0.0384	
399	1	0.03	0.03	0.0291	
400	1	0.05	0.05	0.0475	
401	1	0.05	0.05	0.0475	
402	1	0.09	0.09	0.1219	
403	1	0.13	0.13	0.1531	
404	1	0.19	0.19	0.1739	
405	1	0.14	0.14	0.1404	
406	1	0.13	0.13	0.1131	
407	1	0.12	0.12	0.1056	
408	1	0.14	0.14	0.1204	
409	1	0.14	0.14	0.1204	
410	1	0.16	0.16	0.1344	
411	1	0.21	0.21	0.1859	
412	1	0.17	0.17	0.1411	
413	1	0.22	0.22	0.1716	
414	1	0.25	0.25	0.1875	
415	1	0.2	0.2	0.16	
416	1	0.3	0.3	0.23	
417	1	0.32	0.32	0.2176	
418	1	0.33	0.33	0.2211	
419	1	0.27	0.27	0.1971	
420	1	0.3	0.3	0.21	
421	1	0.25	0.25	0.1875	
422	1	0.31	0.31	0.2139	
423	1	0.31	0.31	0.2139	
424	1	0.33	0.33	0.2211	
425	1	0.3	0.3	0.25	
426	1	0.18	0.18	0.1676	
427	1	0.15	0.15	0.1275	
428	1	0.19	0.19	0.1539	
429	1	0.2	0.2	0.16	
430	1	0.23	0.23	0.2171	
431	1	0.16	0.16	0.1344	
432	1	0.13	0.13	0.1131	
433	1	0.18	0.18	0.1476	
434	1	0.16	0.16	0.1344	
435	1	0.19	0.19	0.1539	
436	1	0.16	0.16	0.1344	
437	1	0.21	0.21	0.1859	
438	1	0.22	0.22	0.1716	
439	1	0.19	0.19	0.1539	
440	1	0.2	0.2	0.16	
441	1	0.11	0.11	0.0979	
442	1	0.12	0.12	0.1056	
443	1	0.17	0.17	0.1411	
444	1	0.11	0.11	0.0979	
445	1	0.14	0.14	0.1204	
446	1	0.1	0.1	0.09	
447	1	0.12	0.12	0.1056	
448	1	0.08	0.08	0.0736	
449	1	0.09	0.09	0.0819	
450	1	0.05	0.05	0.0475	
451	1	0.05	0.05	0.0475	
452	1	0.03	0.03	0.0291	
453	1	0.01	0.01	0.0099	
454	1	0.06	0.06	0.0564	
455	1	0.04	0.04	0.0384	
456	1	0.07	0.07	0.0651	
457	1	0.07	0.07	0.0651	
458	1	0.06	0.06	0.0564	
459	1	0.04	0.04	0.0384	
460	1	0.03	0.03	0.0291	
461	1	0.01	0.01	0.0099	
462	1	0.03	0.03	0.0291	
463	1	0.04	0.04	0.0384	
464	1	0.02	0.02	0.0196	
465	1	0.05	0.05	0.0475	
466	1	0.08	0.08	0.0936	
467	1	0.05	0.05	0.0675	
468	1	0.08	0.08	0.0736	
469	1	0.11	0.11	0.0979	
470	1	0.08	0.08	0.0736	
471	1	0.1	0.1	0.09	
472	1	0.09	0.09	0.0819	
473	1	0.07	0.07	0.0651	
474	1	0.11	0.11	0.0979	
475	1	0.12	0.12	0.1056	
476	1	0.14	0.14	0.1204	
477	1	0.08	0.08	0.0736	
478	1	0.07	0.07	0.0651	
479	1	0.12	0.12	0.1256	
480	1	0.2	0.2	0.18	
481	1	0.22	0.22	0.1916	
482	1	0.22	0.22	0.2116	
483	1	0.2	0.2	0.18	
484	1	0.18	0.18	0.1676	
485	1	0.21	0.21	0.1659	
486	1	0.29	0.29	0.2059	
487	1	0.16	0.16	0.1344	
488	1	0.13	0.13	0.1131	
489	1	0.14	0.14	0.1204	
490	1	0.09	0.09	0.0819	
491	1	0.07	0.07	0.0651	
492	1	0.05	0.05	0.0475	
493	1	0.07	0.07	0.0651	
494	1	0.09	0.09	0.0819	
495	1	0.05	0.05	0.0475	
496	1	0.04	0.04	0.0384	
497	1	0.02	0.02	0.0196	
498	1	0.02	0.02	0.0196	
499	1	0.01	0.01	0.0099	
500	1	0.01	0.01	0.0099	
501	1	0.02	0.02	0.0196	
502	1	0.01	0.01	0.0099	
503	1	0.02	0.02	0.0196	
504	1	0.03	0.03	0.0291	
505	1	0.05	0.05	0.0475	
506	1	0.06	0.06	0.0564	
507	1	0.16	0.16	0.1544	
508	1	0.15	0.15	0.1675	
509	1	0.17	0.17	0.1811	
510	1	0.14	0.14	0.1404	
511	1	0.25	0.25	0.2675	
512	1	0.15	0.15	0.1275	
513	1	0.11	0.11	0.0979	
514	1	0.12	0.12	0.1056	
515	1	0.13	0.13	0.1131	
516	1	0.16	0.16	0.1944	
517	1	0.14	0.14	0.2004	
518	1	0.15	0.15	0.2475	
519	1	0.14	0.14	0.2004	
520	1	0.11	0.11	0.1579	
521	1	0.03	0.03	0.0491	
522	1	0.06	0.06	0.0964	
523	1	0.04	0.04	0.0784	
524	1	0.03	0.03	0.0491	
525	1	0.05	0.05	0.0875	
526	1	0.06	0.06	0.0764	
527	1	0.1	0.1	0.13	
528	1	0.14	0.14	0.1604	
529	1	0.09	0.09	0.1019	
530	1	0.08	0.08	0.0936	
531	1	0.06	0.06	0.0764	
532	1	0.04	0.04	0.0584	
533	1	0.06	0.06	0.0764	
534	1	0.07	0.07	0.0651	
535	1	0.05	0.05	0.0475	
536	1	0.07	0.07	0.0651	
537	1	0.07	0.07	0.0651	
538	1	0.1	0.1	0.09	
539	1	0.14	0.14	0.1204	
540	1	0.22	0.22	0.1716	
541	1	0.28	0.28	0.2016	
542	1	0.22	0.22	0.1716	
543	1	0.26	0.26	0.1924	
544	1	0.28	0.28	0.2216	
545	1	0.24	0.24	0.1824	
546	1	0.28	0.28	0.2016	
547	1	0.27	0.27	0.1971	
548	1	0.33	0.33	0.2211	
549	1	0.28	0.28	0.2216	
550	1	0.21	0.21	0.1859	
551	1	0.23	0.23	0.2571	
552	1	0.13	0.13	0.1531	
553	1	0.09	0.09	0.1019	
554	1	0.14	0.14	0.1204	
555	1	0.12	0.12	0.1056	
556	1	0.1	0.1	0.09	
557	1	0.07	0.07	0.0851	
558	1	0.09	0.09	0.1019	
559	1	0.09	0.09	0.0819	
560	1	0.05	0.05	0.0475	
561	1	0.04	0.04	0.0384	
562	1	0.07	0.07	0.0651	
563	1	0.03	0.03	0.0291	
564	1	0.08	0.08	0.0736	
565	1	0.17	0.17	0.1411	
566	1	0.19	0.19	0.1539	
567	1	0.16	0.16	0.1544	
568	1	0.24	0.24	0.2024	
569	1	0.3	0.3	0.25	
570	1	0.37	0.37	0.2331	
571	1	0.45	0.45	0.2475	
572	1	0.42	0.42	0.2436	
573	1	0.43	0.43	0.2451	
574	1	0.32	0.32	0.2176	
575	1	0.33	0.33	0.2211	
576	1	0.19	0.19	0.1539	
577	1	0.18	0.18	0.1476	
578	1	0.2	0.2	0.16	
579	1	0.12	0.12	0.1056	
580	1	0.1	0.1	0.09	
581	1	0.09	0.09	0.0819	
582	1	0.11	0.11	0.1179	
583	1	0.09	0.09	0.0819	
584	1	0.1	0.1	0.09	
585	1	0.1	0.1	0.09	
586	1	0.07	0.07	0.0651	
587	1	0.11	0.11	0.0979	
588	1	0.14	0.14	0.1204	
589	1	0.1	0.1	0.09	
590	1	0.07	0.07	0.0851	
591	1	0.06	0.06	0.0764	
592	1	0.1	0.1	0.09	
593	1	0.09	0.09	0.0819	
594	1	0.15	0.15	0.1275	
595	1	0.08	0.08	0.0736	
596	1	0.05	0.05	0.0475	
597	1	0.05	0.05	0.0475	
598	1	0.06	0.06	0.0564	
599	1	0.02	0.02	0.0196	
600	1	0.01	0.01	0.0099	
601	1	0.01	0.01	0.0099	
602	1	0.04	0.04	0.0384	
603	1	0.01	0.01	0.0099	
604	1	0.02	0.02	0.0196	
605	1	0.01	0.01	0.0099	
606	1	0.01	0.01	0.0099	
607	1	0.01	0.01	0.0099	
608	1	0.03	0.03	0.0291	
609	1	0.01	0.01	0.0099	
610	1	0.02	0.02	0.0196	
611	1	0.02	0.02	0.0196	
612	1	0.02	0.02	0.0196	
613	1	0.01	0.01	0.0099	
614	1	0.04	0.04	0.0384	
615	1	0.02	0.02	0.0196	
616	1	0.04	0.04	0.0384	
617	1	0.04	0.04	0.0384	
618	1	0.02	0.02	0.0196	
619	1	0.05	0.05	0.0475	
620	1	0.04	0.04	0.0384	
621	1	0.02	0.02	0.0196	
622	1	0.04	0.04	0.0384	
623	1	0.04	0.04	0.0384	
624	1	0.04	0.04	0.0384	
625	1	0.05	0.05	0.0475	
626	1	0.05	0.05	0.0475	
627	1	0.04	0.04	0.0384	
628	1	0.06	0.06	0.0564	
629	1	0.07	0.07	0.0651	
630	1	0.08	0.08	0.0736	
631	1	0.13	0.13	0.1131	
632	1	0.15	0.15	0.1275	
633	1	0.13	0.13	0.1331	
634	1	0.12	0.12	0.1256	
635	1	0.11	0.11	0.0979	
636	1	0.09	0.09	0.0819	
637	1	0.09	0.09	0.0819	
638	1	0.11	0.11	0.0979	
639	1	0.16	0.16	0.1344	
640	1	0.16	0.16	0.1344	
641	1	0.17	0.17	0.1411	
642	1	0.19	0.19	0.1539	
643	1	0.19	0.19	0.1539	
644	1	0.19	0.19	0.1539	
645	1	0.23	0.23	0.1771	
646	1	0.26	0.26	0.1924	
647	1	0.23	0.23	0.1971	
648	1	0.31	0.31	0.2939	
649	1	0.33	0.33	0.3011	
650	1	0.34	0.34	0.3644	
651	1	0.42	0.42	0.4036	
652	1	0.33	0.33	0.3211	
653	1	0.37	0.37	0.3331	
654	1	0.37	0.37	0.3331	
655	1	0.4	0.4	0.36	
656	1	0.36	0.36	0.3704	
657	1	0.43	0.43	0.4451	
658	1	0.29	0.29	0.3059	
659	1	0.29	0.29	0.3259	
660	1	0.3	0.3	0.35	
661	1	0.27	0.27	0.2971	
662	1	0.28	0.28	0.3816	
663	1	0.15	0.15	0.1875	
664	1	0.17	0.17	0.2211	
665	1	0.2	0.2	0.24	
666	1	0.17	0.17	0.2011	
667	1	0.1	0.1	0.13	
668	1	0.1	0.1	0.11	
669	1	0.11	0.11	0.1179	
670	1	0.11	0.11	0.1179	
671	1	0.07	0.07	0.0851	
672	1	0.05	0.05	0.0675	
673	1	0.06	0.06	0.0764	
674	1	0.09	0.09	0.1019	
675	1	0.13	0.13	0.1731	
676	1	0.13	0.13	0.1331	
677	1	0.1	0.1	0.11	
678	1	0.13	0.13	0.1331	
679	1	0.1	0.1	0.11	
680	1	0.12	0.12	0.1256	
681	1	0.15	0.15	0.1475	
682	1	0.16	0.16	0.1744	
683	1	0.09	0.09	0.1019	
684	1	0.13	0.13	0.1331	
685	1	0.18	0.18	0.1676	
686	1	0.18	0.18	0.1676	
687	1	0.26	0.26	0.2324	
688	1	0.25	0.25	0.2475	
689	1	0.3	0.3	0.29	
690	1	0.36	0.36	0.4304	
691	1	0.34	0.34	0.3644	
692	1	0.28	0.28	0.3016	
693	1	0.31	0.31	0.3739	
694	1	0.29	0.29	0.2659	
695	1	0.18	0.18	0.1876	
696	1	0.17	0.17	0.1811	
697	1	0.23	0.23	0.1971	
698	1	0.19	0.19	0.1739	
699	1	0.26	0.26	0.2324	
700	1	0.17	0.17	0.1811	
701	1	0.15	0.15	0.1475	
702	1	0.2	0.2	0.2	
703	1	0.16	0.16	0.1344	
704	1	0.24	0.24	0.1824	
705	1	0.21	0.21	0.1659	
706	1	0.25	0.25	0.1875	
707	1	0.32	0.32	0.2376	
708	1	0.25	0.25	0.1875	
709	1	0.25	0.25	0.1875	
710	1	0.19	0.19	0.1539	
711	1	0.15	0.15	0.1275	
712	1	0.22	0.22	0.1716	
713	1	0.13	0.13	0.1131	
714	1	0.13	0.13	0.1131	
715	1	0.22	0.22	0.1716	
716	1	0.18	0.18	0.1476	
717	1	0.22	0.22	0.1716	
718	1	0.3	0.3	0.21	
719	1	0.4	0.4	0.24	
720	1	0.34	0.34	0.2844	
721	1	0.37	0.37	0.2931	
722	1	0.33	0.33	0.2211	
723	1	0.35	0.35	0.2275	
724	1	0.32	0.32	0.2176	
725	1	0.3	0.3	0.21	
726	1	0.35	0.35	0.2275	
727	1	0.31	0.31	0.2139	
728	1	0.34	0.34	0.2244	
729	1	0.28	0.28	0.2016	
730	1	0.32	0.32	0.2176	
731	1	0.39	0.39	0.2379	
732	1	0.44	0.44	0.2464	
733	1	0.49	0.49	0.2499	
734	1	0.59	0.59	0.2419	
735	1	0.49	0.49	0.2499	
736	1	0.47	0.47	0.2491	
737	1	0.43	0.43	0.2451	
738	1	0.38	0.38	0.2556	
739	1	0.3	0.3	0.25	
740	1	0.32	0.32	0.2176	
741	1	0.31	0.31	0.2139	
742	1	0.42	0.42	0.2836	
743	1	0.44	0.44	0.2864	
744	1	0.41	0.41	0.2419	
745	1	0.47	0.47	0.2491	
746	1	0.52	0.52	0.2696	
747	1	0.5	0.5	0.25	
748	1	0.54	0.54	0.2484	
749	1	0.62	0.62	0.2756	
750	1	0.58	0.58	0.2836	
751	1	0.66	0.66	0.3044	
752	1	0.66	0.66	0.3444	
753	1	0.56	0.56	0.3264	
754	1	0.53	0.53	0.3291	
755	1	0.63	0.63	0.3531	
756	1	0.65	0.65	0.3275	
757	1	0.66	0.66	0.3444	
758	1	0.62	0.62	0.3756	
759	1	0.67	0.67	0.4011	
760	1	0.52	0.52	0.4296	
761	1	0.45	0.45	0.4075	
762	1	0.37	0.37	0.3331	
763	1	0.36	0.36	0.3504	
764	1	0.37	0.37	0.4531	
765	1	0.37	0.37	0.3731	
766	1	0.39	0.39	0.4379	
767	1	0.33	0.33	0.3411	
768	1	0.26	0.26	0.2524	
769	1	0.3	0.3	0.31	
770	1	0.23	0.23	0.2571	
771	1	0.18	0.18	0.2076	
772	1	0.17	0.17	0.1811	
773	1	0.2	0.2	0.2	
774	1	0.24	0.24	0.2224	
775	1	0.16	0.16	0.1344	
776	1	0.12	0.12	0.1056	
777	1	0.1	0.1	0.09	
778	1	0.13	0.13	0.1131	
779	1	0.14	0.14	0.1204	
780	1	0.17	0.17	0.1411	
781	1	0.12	0.12	0.1056	
782	1	0.11	0.11	0.0979	
783	1	0.1	0.1	0.09	
784	1	0.09	0.09	0.0819	
785	1	0.1	0.1	0.09	
786	1	0.09	0.09	0.0819	
787	1	0.11	0.11	0.0979	
788	1	0.12	0.12	0.1056	
789	1	0.12	0.12	0.1056	
790	1	0.12	0.12	0.1056	
791	1	0.13	0.13	0.1131	
792	1	0.13	0.13	0.1131	
793	1	0.13	0.13	0.1131	
794	1	0.16	0.16	0.1344	
795	1	0.19	0.19	0.1539	
796	1	0.25	0.25	0.1875	
797	1	0.21	0.21	0.1659	
798	1	0.23	0.23	0.1771	
799	1	0.26	0.26	0.1924	
800	1	0.21	0.21	0.1659	
801	1	0.12	0.12	0.1056	
802	1	0.1	0.1	0.09	
803	1	0.08	0.08	0.0736	
804	1	0.1	0.1	0.09	
805	1	0.09	0.09	0.1019	
806	1	0.12	0.12	0.1856	
807	1	0.15	0.15	0.2475	
808	1	0.28	0.28	0.4216	
809	1	0.12	0.12	0.1856	
810	1	0.14	0.14	0.2204	
811	1	0.14	0.14	0.2004	
812	1	0.19	0.19	0.2739	
813	1	0.13	0.13	0.1931	
814	1	0.16	0.16	0.2344	
815	1	0.06	0.06	0.0764	
816	1	0.08	0.08	0.0936	
817	1	0.04	0.04	0.0384	
818	1	0.08	0.08	0.0736	
819	1	0.08	0.08	0.0736	
820	1	0.16	0.16	0.1344	
821	1	0.2	0.2	0.16	
822	1	0.17	0.17	0.1411	
823	1	0.15	0.15	0.1275	
824	1	0.12	0.12	0.1056	
825	1	0.18	0.18	0.1476	
826	1	0.16	0.16	0.1344	
827	1	0.13	0.13	0.1131	
828	1	0.11	0.11	0.0979	
829	1	0.07	0.07	0.0651	
830	1	0.07	0.07	0.0651	
831	1	0.09	0.09	0.0819	
832	1	0.12	0.12	0.1056	
833	1	0.18	0.18	0.1476	
834	1	0.16	0.16	0.1344	
835	1	0.2	0.2	0.18	
836	1	0.23	0.23	0.2371	
837	1	0.21	0.21	0.2259	
838	1	0.09	0.09	0.1019	
839	1	0.08	0.08	0.0736	
840	1	0.07	0.07	0.0651	
841	1	0.04	0.04	0.0384	
842	1	0.03	0.03	0.0291	
843	1	0.01	0.01	0.0099	
844	1	0.02	0.02	0.0196	
845	1	0.01	0.01	0.0099	
846	1	0.01	0.01	0.0099	
847	1	0.01	0.01	0.0099	
848	1	0.02	0.02	0.0196	
849	1	0.03	0.03	0.0291	
850	1	0.08	0.08	0.0736	
851	1	0.06	0.06	0.0564	
852	1	0.04	0.04	0.0384	
853	1	0.03	0.03	0.0291	
854	1	0.03	0.03	0.0291	
855	1	0.04	0.04	0.0384	
856	1	0.04	0.04	0.0384	
857	1	0.06	0.06	0.0564	
858	1	0.05	0.05	0.0475	
859	1	0.07	0.07	0.0651	
860	1	0.03	0.03	0.0291	
861	1	0.01	0.01	0.0099	
862	1	0.03	0.03	0.0291	
863	1	0.01	0.01	0.0099	
864	1	0.01	0.01	0.0099	
865	1	0.02	0.02	0.0196	
866	1	0.04	0.04	0.0384	
867	1	0.04	0.04	0.0384	
868	1	0.06	0.06	0.0564	
869	1	0.04	0.04	0.0384	
870	1	0.03	0.03	0.0291	
871	1	0.03	0.03	0.0291	
872	1	0.04	0.04	0.0384	
873	1	0.02	0.02	0.0196	
874	1	0.04	0.04	0.0384	
875	1	0.01	0.01	0.0099	
876	1	0.01	0.01	0.0099	
877	1	0.03	0.03	0.0291	
878	1	0.01	0.01	0.0099	
879	1	0.02	0.02	0.0196	
880	1	0.01	0.01	0.0099	
881	1	0.02	0.02	0.0196	
882	1	0.02	0.02	0.0196	
883	1	0.01	0.01	0.0099	
884	1	0.02	0.02	0.0196	
885	1	0.04	0.04	0.0584	
886	1	0.12	0.12	0.2056	
887	1	0.05	0.05	0.0875	
888	1	0.04	0.04	0.0784	
889	1	0.03	0.03	0.0291	
890	1	0.05	0.05	0.0475	
891	1	0.05	0.05	0.0475	
892	1	0.06	0.06	0.0564	
893	1	0.08	0.08	0.0736	
894	1	0.08	0.08	0.0736	
895	1	0.1	0.1	0.09	
896	1	0.13	0.13	0.1131	
897	1	0.21	0.21	0.1659	
898	1	0.18	0.18	0.1476	
899	1	0.15	0.15	0.1275	
900	1	0.17	0.17	0.1411	
901	1	0.13	0.13	0.1131	
902	1	0.11	0.11	0.0979	
903	1	0.08	0.08	0.0736	
904	1	0.08	0.08	0.0736	
905	1	0.06	0.06	0.0564	
906	1	0.06	0.06	0.0564	
907	1	0.04	0.04	0.0384	
908	1	0.02	0.02	0.0196	
909	1	0.08	0.08	0.0936	
910	1	0.08	0.08	0.0736	
911	1	0.09	0.09	0.0819	
912	1	0.03	0.03	0.0291	
913	1	0.05	0.05	0.0475	
914	1	0.08	0.08	0.0736	
915	1	0.08	0.08	0.0736	
916	1	0.07	0.07	0.0651	
917	1	0.04	0.04	0.0384	
918	1	0.04	0.04	0.0384	
919	1	0.04	0.04	0.0384	
920	1	0.01	0.01	0.0099	
921	1	0.01	0.01	0.0099	
922	1	0.01	0.01	0.0099	
923	1	0.01	0.01	0.0099	
924	1	0.01	0.01	0.0099	
925	1	0.01	0.01	0.0099	
926	1	0.01	0.01	0.0099	
927	1	0.01	0.01	0.0099	
928	1	0.02	0.02	0.0196	
929	1	0.01	0.01	0.0099	
930	1	0.01	0.01	0.0099	
931	1	0.01	0.01	0.0099	
932	1	0.01	0.01	0.0099	
933	1	0.01	0.01	0.0099	
934	1	0.01	0.01	0.0099	
935	1	0.01	0.01	0.0099	
936	1	0.03	0.03	0.0291	
937	1	0.04	0.04	0.0384	
938	1	0.07	0.07	0.0651	
939	1	0.08	0.08	0.0736	
940	1	0.05	0.05	0.0475	
941	1	0.08	0.08	0.0736	
942	1	0.1	0.1	0.09	
943	1	0.14	0.14	0.1204	
944	1	0.13	0.13	0.1131	
945	1	0.19	0.19	0.1539	
946	1	0.13	0.13	0.1131	
947	1	0.16	0.16	0.1344	
948	1	0.24	0.24	0.2024	
949	1	0.2	0.2	0.16	
950	1	0.24	0.24	0.2024	
951	1	0.18	0.18	0.1476	
952	1	0.18	0.18	0.1476	
953	1	0.13	0.13	0.1131	
954	1	0.22	0.22	0.1716	
955	1	0.22	0.22	0.1716	
956	1	0.2	0.2	0.16	
957	1	0.19	0.19	0.1739	
958	1	0.25	0.25	0.2675	
959	1	0.25	0.25	0.2875	
960	1	0.31	0.31	0.3939	
961	1	0.26	0.26	0.3524	
962	1	0.3	0.3	0.39	
963	1	0.31	0.31	0.3939	
964	1	0.2	0.2	0.28	
965	1	0.2	0.2	0.22	
966	1	0.2	0.2	0.28	
967	1	0.19	0.19	0.2939	
968	1	0.14	0.14	0.1404	
969	1	0.21	0.21	0.1859	
970	1	0.17	0.17	0.1411	
971	1	0.15	0.15	0.1275	
972	1	0.16	0.16	0.1344	
973	1	0.14	0.14	0.1204	
974	1	0.17	0.17	0.1611	
975	1	0.21	0.21	0.1659	
976	1	0.25	0.25	0.2275	
977	1	0.26	0.26	0.2324	
978	1	0.21	0.21	0.2059	
979	1	0.22	0.22	0.1916	
980	1	0.26	0.26	0.2324	
981	1	0.23	0.23	0.2371	
982	1	0.2	0.2	0.18	
983	1	0.25	0.25	0.1875	
984	1	0.24	0.24	0.1824	
985	1	0.22	0.22	0.1716	
986	1	0.2	0.2	0.16	
987	1	0.25	0.25	0.1875	
988	1	0.26	0.26	0.1924	
989	1	0.29	0.29	0.2459	
990	1	0.23	0.23	0.1771	
991	1	0.19	0.19	0.1539	
992	1	0.3	0.3	0.21	
993	1	0.28	0.28	0.2016	
994	1	0.36	0.36	0.2304	
995	1	0.38	0.38	0.2356	
996	1	0.32	0.32	0.2176	
997	1	0.33	0.33	0.2211	
998	1	0.34	0.34	0.2244	
999	1	0.3	0.3	0.25	
1000	1	0.26	0.26	0.2124	
1001	1	0.28	0.28	0.2216	
1002	1	0.21	0.21	0.1859	
1003	1	0.21	0.21	0.2059	
1004	1	0.21	0.21	0.1859	
1005	1	0.21	0.21	0.1859	
1006	1	0.23	0.23	0.1771	
1007	1	0.15	0.15	0.1275	
1008	1	0.19	0.19	0.1539	
1009	1	0.14	0.14	0.1204	
1010	1	0.16	0.16	0.1344	
1011	1	0.15	0.15	0.1275	
1012	1	0.15	0.15	0.1275	
1013	1	0.14	0.14	0.1204	
1014	1	0.23	0.23	0.1771	
1015	1	0.15	0.15	0.1275	
1016	1	0.13	0.13	0.1131	
1017	1	0.14	0.14	0.1204	
1018	1	0.13	0.13	0.1131	
1019	1	0.09	0.09	0.0819	
1020	1	0.16	0.16	0.1344	
1021	1	0.16	0.16	0.1344	
1022	1	0.15	0.15	0.1275	
1023	1	0.08	0.08	0.0736	
1024	1	0.16	0.16	0.1344	
1025	1	0.14	0.14	0.1404	
1026	1	0.12	0.12	0.1056	
1027	1	0.1	0.1	0.09	
1028	1	0.1	0.1	0.09	
1029	1	0.1	0.1	0.09	
1030	1	0.08	0.08	0.0736	
1031	1	0.15	0.15	0.1275	
1032	1	0.16	0.16	0.1344	
1033	1	0.1	0.1	0.09	
1034	1	0.15	0.15	0.1275	
1035	1	0.12	0.12	0.1056	
1036	1	0.09	0.09	0.0819	
1037	1	0.05	0.05	0.0475	
1038	1	0.06	0.06	0.0564	
1039	1	0.07	0.07	0.0651	
1040	1	0.09	0.09	0.0819	
1041	1	0.07	0.07	0.0651	
1042	1	0.13	0.13	0.1531	
1043	1	0.06	0.06	0.0564	
1044	1	0.07	0.07	0.0651	
1045	1	0.12	0.12	0.1056	
1046	1	0.11	0.11	0.0979	
1047	1	0.1	0.1	0.09	
1048	1	0.1	0.1	0.09	
1049	1	0.11	0.11	0.0979	
1050	1	0.16	0.16	0.1544	
1051	1	0.22	0.22	0.1716	
1052	1	0.19	0.19	0.1539	
1053	1	0.3	0.3	0.21	
1054	1	0.26	0.26	0.1924	
1055	1	0.24	0.24	0.1824	
1056	1	0.29	0.29	0.2259	
1057	1	0.31	0.31	0.2739	
1058	1	0.27	0.27	0.2371	
1059	1	0.28	0.28	0.2816	
1060	1	0.19	0.19	0.1539	
1061	1	0.23	0.23	0.1771	
1062	1	0.17	0.17	0.1411	
1063	1	0.15	0.15	0.1275	
1064	1	0.19	0.19	0.1539	
1065	1	0.21	0.21	0.1859	
1066	1	0.14	0.14	0.1204	
1067	1	0.08	0.08	0.0736	
1068	1	0.08	0.08	0.0736	
1069	1	0.08	0.08	0.0736	
1070	1	0.1	0.1	0.09	
1071	1	0.11	0.11	0.0979	
1072	1	0.09	0.09	0.0819	
1073	1	0.06	0.06	0.0564	
1074	1	0.02	0.02	0.0196	
1075	1	0.04	0.04	0.0384	
1076	1	0.07	0.07	0.0651	
1077	1	0.07	0.07	0.0651	
1078	1	0.1	0.1	0.11	
1079	1	0.04	0.04	0.0384	
1080	1	0.12	0.12	0.1056	
1081	1	0.05	0.05	0.0475	
1082	1	0.1	0.1	0.09	
1083	1	0.12	0.12	0.1056	
1084	1	0.07	0.07	0.0651	
1085	1	0.07	0.07	0.0651	
1086	1	0.15	0.15	0.1475	
1087	1	0.1	0.1	0.11	
1088	1	0.14	0.14	0.2004	
1089	1	0.13	0.13	0.2131	
1090	1	0.15	0.15	0.2275	
1091	1	0.21	0.21	0.3259	
1092	1	0.19	0.19	0.3339	
1093	1	0.12	0.12	0.2456	
1094	1	0.11	0.11	0.1379	
1095	1	0.24	0.24	0.3424	
1096	1	0.18	0.18	0.2276	
1097	1	0.17	0.17	0.2411	
1098	1	0.22	0.22	0.3116	
1099	1	0.21	0.21	0.3259	
1100	1	0.2	0.2	0.26	
1101	1	0.25	0.25	0.3275	
1102	1	0.24	0.24	0.3224	
1103	1	0.18	0.18	0.2276	
1104	1	0.24	0.24	0.2824	
1105	1	0.24	0.24	0.2424	
1106	1	0.34	0.34	0.3444	
1107	1	0.19	0.19	0.2339	
1108	1	0.33	0.33	0.4011	
1109	1	0.33	0.33	0.4011	
1110	1	0.19	0.19	0.2139	
1111	1	0.11	0.11	0.0979	
1112	1	0.13	0.13	0.1131	
1113	1	0.13	0.13	0.1131	
1114	1	0.2	0.2	0.16	
1115	1	0.12	0.12	0.1056	
1116	1	0.17	0.17	0.1411	
1117	1	0.19	0.19	0.1739	
1118	1	0.14	0.14	0.1204	
1119	1	0.15	0.15	0.1275	
1120	1	0.11	0.11	0.0979	
1121	1	0.07	0.07	0.0651	
1122	1	0.07	0.07	0.0651	
1123	1	0.03	0.03	0.0291	
1124	1	0.01	0.01	0.0099	
1125	1	0.01	0.01	0.0099	
1126	1	0.04	0.04	0.0384	
1127	1	0.07	0.07	0.0651	
1128	1	0.04	0.04	0.0384	
1129	1	0.05	0.05	0.0475	
1130	1	0.06	0.06	0.0564	
1131	1	0.06	0.06	0.0564	
1132	1	0.06	0.06	0.0564	
1133	1	0.07	0.07	0.0651	
1134	1	0.05	0.05	0.0475	
1135	1	0.06	0.06	0.0564	
1136	1	0.06	0.06	0.0564	
1137	1	0.05	0.05	0.0475	
1138	1	0.05	0.05	0.0475	
1139	1	0.06	0.06	0.0564	
1140	1	0.03	0.03	0.0291	
1141	1	0.04	0.04	0.0384	
1142	1	0.04	0.04	0.0384	
1143	1	0.05	0.05	0.0475	
1144	1	0.03	0.03	0.0291	
1145	1	0.02	0.02	0.0196	
1146	1	0.03	0.03	0.0291	
1147	1	0.03	0.03	0.0291	
1148	1	0.03	0.03	0.0291	
1149	1	0.03	0.03	0.0291	
1150	1	0.03	0.03	0.0291	
1151	1	0.02	0.02	0.0196	
1152	1	0.02	0.02	0.0196	
1153	1	0.01	0.01	0.0099	
1154	1	0.01	0.01	0.0099	
1155	1	0.01	0.01	0.0099	
1156	1	0.01	0.01	0.0099	
1157	1	0.01	0.01	0.0099	
1158	1	0.02	0.02	0.0196	
1159	1	0.01	0.01	0.0099	
1160	1	0.05	0.05	0.0475	
1161	1	0.04	0.04	0.0384	
1162	1	0.01	0.01	0.0099	
1163	1	0.01	0.01	0.0099	
1164	1	0.08	0.08	0.0736	
1165	1	0.14	0.14	0.1204	
1166	1	0.15	0.15	0.1275	
1167	1	0.15	0.15	0.1475	
1168	1	0.14	0.14	0.1204	
1169	1	0.09	0.09	0.0819	
1170	1	0.08	0.08	0.0736	
1171	1	0.07	0.07	0.0651	
1172	1	0.08	0.08	0.0736	
1173	1	0.06	0.06	0.0564	
1174	1	0.11	0.11	0.1179	
1175	1	0.1	0.1	0.13	
1176	1	0.14	0.14	0.2404	
1177	1	0.21	0.21	0.3059	
1178	1	0.15	0.15	0.2475	
1179	1	0.21	0.21	0.3059	
1180	1	0.2	0.2	0.36	
1181	1	0.07	0.07	0.1251	
1182	1	0.07	0.07	0.1051	
1183	1	0.07	0.07	0.0851	
1184	1	0.06	0.06	0.0764	
1185	1	0.07	0.07	0.0851	
1186	1	0.04	0.04	0.0384	
1187	1	0.06	0.06	0.0564	
1188	1	0.15	0.15	0.1275	
1189	1	0.19	0.19	0.1539	
1190	1	0.16	0.16	0.1344	
1191	1	0.17	0.17	0.1411	
1192	1	0.14	0.14	0.1404	
1193	1	0.09	0.09	0.1019	
1194	1	0.15	0.15	0.2075	
1195	1	0.16	0.16	0.2144	
1196	1	0.14	0.14	0.2004	
1197	1	0.07	0.07	0.0851	
1198	1	0.08	0.08	0.0936	
1199	1	0.11	0.11	0.1579	
1200	1	0.14	0.14	0.1604	
1201	1	0.13	0.13	0.1731	
1202	1	0.13	0.13	0.1331	
1203	1	0.19	0.19	0.1939	
1204	1	0.07	0.07	0.0651	
1205	1	0.11	0.11	0.0979	
1206	1	0.17	0.17	0.1411	
1207	1	0.2	0.2	0.16	
1208	1	0.21	0.21	0.1659	
1209	1	0.21	0.21	0.1859	
1210	1	0.33	0.33	0.2811	
1211	1	0.34	0.34	0.3244	
1212	1	0.28	0.28	0.3016	
1213	1	0.31	0.31	0.3939	
1214	1	0.28	0.28	0.3816	
1215	1	0.24	0.24	0.3024	
1216	1	0.29	0.29	0.4259	
1217	1	0.22	0.22	0.3516	
1218	1	0.16	0.16	0.2744	
1219	1	0.15	0.15	0.2475	
1220	1	0.1	0.1	0.13	
1221	1	0.06	0.06	0.0564	
1222	1	0.04	0.04	0.0384	
1223	1	0.04	0.04	0.0384	
1224	1	0.09	0.09	0.0819	
1225	1	0.08	0.08	0.0736	
1226	1	0.12	0.12	0.1056	
1227	1	0.11	0.11	0.0979	
1228	1	0.07	0.07	0.0651	
1229	1	0.1	0.1	0.09	
1230	1	0.11	0.11	0.0979	
1231	1	0.1	0.1	0.09	
1232	1	0.09	0.09	0.0819	
1233	1	0.13	0.13	0.1131	
1234	1	0.15	0.15	0.1275	
1235	1	0.13	0.13	0.1131	
1236	1	0.15	0.15	0.1275	
1237	1	0.14	0.14	0.1204	
1238	1	0.08	0.08	0.0736	
1239	1	0.14	0.14	0.1204	
1240	1	0.14	0.14	0.1204	
1241	1	0.17	0.17	0.1411	
1242	1	0.18	0.18	0.1476	
1243	1	0.29	0.29	0.2459	
1244	1	0.32	0.32	0.2376	
1245	1	0.34	0.34	0.2444	
1246	1	0.39	0.39	0.2379	
1247	1	0.38	0.38	0.2356	
1248	1	0.44	0.44	0.2664	
1249	1	0.48	0.48	0.2496	
1250	1	0.4	0.4	0.24	
1251	1	0.35	0.35	0.2475	
1252	1	0.29	0.29	0.2059	
1253	1	0.21	0.21	0.1659	
1254	1	0.36	0.36	0.2704	
1255	1	0.31	0.31	0.2339	
1256	1	0.31	0.31	0.2539	
1257	1	0.24	0.24	0.2024	
1258	1	0.23	0.23	0.1971	
1259	1	0.2	0.2	0.18	
1260	1	0.14	0.14	0.1204	
1261	1	0.15	0.15	0.1675	
1262	1	0.13	0.13	0.1331	
1263	1	0.08	0.08	0.0736	
1264	1	0.12	0.12	0.1056	
1265	1	0.12	0.12	0.1056	
1266	1	0.13	0.13	0.1131	
1267	1	0.07	0.07	0.0651	
1268	1	0.06	0.06	0.0564	
1269	1	0.06	0.06	0.0564	
1270	1	0.02	0.02	0.0196	
1271	1	0.02	0.02	0.0196	
1272	1	0.01	0.01	0.0099	
1273	1	0.02	0.02	0.0196	
1274	1	0.03	0.03	0.0291	
1275	1	0.05	0.05	0.0475	
1276	1	0.02	0.02	0.0196	
1277	1	0.04	0.04	0.0384	
1278	1	0.02	0.02	0.0196	
1279	1	0.02	0.02	0.0196	
1280	1	0.05	0.05	0.0475	
1281	1	0.04	0.04	0.0384	
1282	1	0.05	0.05	0.0475	
1283	1	0.1	0.1	0.09	
1284	1	0.12	0.12	0.1056	
1285	1	0.15	0.15	0.1275	
1286	1	0.09	0.09	0.0819	
1287	1	0.11	0.11	0.0979	
1288	1	0.08	0.08	0.0736	
1289	1	0.16	0.16	0.1344	
1290	1	0.14	0.14	0.1204	
1291	1	0.11	0.11	0.0979	
1292	1	0.11	0.11	0.0979	
1293	1	0.21	0.21	0.1659	
1294	1	0.24	0.24	0.2024	
1295	1	0.14	0.14	0.1204	
1296	1	0.06	0.06	0.0564	
1297	1	0.05	0.05	0.0475	
1298	1	0.04	0.04	0.0384	
1299	1	0.03	0.03	0.0291	
1300	1	0.02	0.02	0.0196	
1301	1	0.07	0.07	0.0651	
1302	1	0.05	0.05	0.0475	
1303	1	0.03	0.03	0.0291	
1304	1	0.04	0.04	0.0384	
1305	1	0.03	0.03	0.0291	
1306	1	0.07	0.07	0.0651	
1307	1	0.09	0.09	0.0819	
1308	1	0.1	0.1	0.11	
1309	1	0.13	0.13	0.1531	
1310	1	0.16	0.16	0.1344	
1311	1	0.1	0.1	0.09	
1312	1	0.15	0.15	0.1275	
1313	1	0.16	0.16	0.1344	
1314	1	0.16	0.16	0.1344	
1315	1	0.14	0.14	0.1204	
1316	1	0.12	0.12	0.1056	
1317	1	0.1	0.1	0.09	
1318	1	0.04	0.04	0.0384	
1319	1	0.08	0.08	0.0936	
1320	1	0.06	0.06	0.0564	
1321	1	0.09	0.09	0.0819	
1322	1	0.08	0.08	0.0736	
1323	1	0.04	0.04	0.0384	
1324	1	0.12	0.12	0.1256	
1325	1	0.11	0.11	0.1779	
1326	1	0.12	0.12	0.1856	
1327	1	0.2	0.2	0.3	
1328	1	0.16	0.16	0.2344	
1329	1	0.17	0.17	0.2411	
1330	1	0.15	0.15	0.2075	
1331	1	0.17	0.17	0.2411	
1332	1	0.18	0.18	0.2276	
1333	1	0.12	0.12	0.1256	
1334	1	0.17	0.17	0.1811	
1335	1	0.12	0.12	0.1256	
1336	1	0.17	0.17	0.1611	
1337	1	0.12	0.12	0.1256	
1338	1	0.2	0.2	0.24	
1339	1	0.18	0.18	0.2476	
1340	1	0.15	0.15	0.2275	
1341	1	0.19	0.19	0.2739	
1342	1	0.12	0.12	0.1656	
1343	1	0.05	0.05	0.0675	
1344	1	0.1	0.1	0.09	
1345	1	0.13	0.13	0.1331	
1346	1	0.21	0.21	0.2059	
1347	1	0.23	0.23	0.2571	
1348	1	0.24	0.24	0.2624	
1349	1	0.21	0.21	0.2059	
1350	1	0.22	0.22	0.1916	
1351	1	0.17	0.17	0.1411	
1352	1	0.18	0.18	0.1476	
1353	1	0.11	0.11	0.0979	
1354	1	0.15	0.15	0.1275	
1355	1	0.16	0.16	0.1344	
1356	1	0.12	0.12	0.1056	
1357	1	0.1	0.1	0.09	
1358	1	0.15	0.15	0.1275	
1359	1	0.15	0.15	0.1275	
1360	1	0.19	0.19	0.1739	
1361	1	0.23	0.23	0.2771	
1362	1	0.3	0.3	0.33	
1363	1	0.3	0.3	0.33	
1364	1	0.35	0.35	0.3475	
1365	1	0.3	0.3	0.29	
1366	1	0.33	0.33	0.2811	
1367	1	0.4	0.4	0.26	
1368	1	0.36	0.36	0.2304	
1369	1	0.33	0.33	0.2211	
1370	1	0.24	0.24	0.1824	
1371	1	0.32	0.32	0.2376	
1372	1	0.29	0.29	0.2059	
1373	1	0.37	0.37	0.2331	
1374	1	0.4	0.4	0.24	
1375	1	0.39	0.39	0.2379	
1376	1	0.33	0.33	0.2411	
1377	1	0.33	0.33	0.2211	
1378	1	0.31	0.31	0.2139	
1379	1	0.3	0.3	0.21	
1380	1	0.27	0.27	0.1971	
1381	1	0.37	0.37	0.2331	
1382	1	0.34	0.34	0.2244	
1383	1	0.39	0.39	0.2379	
1384	1	0.4	0.4	0.24	
1385	1	0.33	0.33	0.2211	
1386	1	0.43	0.43	0.2451	
1387	1	0.46	0.46	0.2484	
1388	1	0.46	0.46	0.2684	
1389	1	0.56	0.56	0.3064	
1390	1	0.58	0.58	0.3636	
1391	1	0.62	0.62	0.3356	
1392	1	0.54	0.54	0.3284	
1393	1	0.5	0.5	0.29	
1394	1	0.5	0.5	0.29	
1395	1	0.47	0.47	0.2691	
1396	1	0.45	0.45	0.2475	
1397	1	0.44	0.44	0.2464	
1398	1	0.46	0.46	0.2484	
1399	1	0.38	0.38	0.2356	
1400	1	0.32	0.32	0.2176	
1401	1	0.4	0.4	0.24	
1402	1	0.41	0.41	0.2419	
1403	1	0.46	0.46	0.2484	
1404	1	0.39	0.39	0.2379	
1405	1	0.37	0.37	0.2331	
1406	1	0.33	0.33	0.2411	
1407	1	0.31	0.31	0.2139	
1408	1	0.23	0.23	0.1771	
1409	1	0.23	0.23	0.1771	
1410	1	0.17	0.17	0.1411	
1411	1	0.14	0.14	0.1204	
1412	1	0.14	0.14	0.1204	
1413	1	0.1	0.1	0.09	
1414	1	0.11	0.11	0.0979	
1415	1	0.14	0.14	0.1404	
1416	1	0.08	0.08	0.0936	
1417	1	0.06	0.06	0.0964	
1418	1	0.08	0.08	0.1136	
1419	1	0.04	0.04	0.0384	
1420	1	0.02	0.02	0.0196	
1421	1	0.03	0.03	0.0291	
1422	1	0.1	0.1	0.09	
1423	1	0.1	0.1	0.09	
1424	1	0.08	0.08	0.0736	
1425	1	0.07	0.07	0.0651	
1426	1	0.06	0.06	0.0564	
1427	1	0.05	0.05	0.0475	
1428	1	0.09	0.09	0.0819	
1429	1	0.1	0.1	0.09	
1430	1	0.15	0.15	0.1275	
1431	1	0.18	0.18	0.1476	
1432	1	0.08	0.08	0.0736	
1433	1	0.04	0.04	0.0384	
1434	1	0.01	0.01	0.0099	
1435	1	0.01	0.01	0.0099	
1436	1	0.01	0.01	0.0099	
1437	1	0.01	0.01	0.0099	
1438	1	0.03	0.03	0.0291	
1439	1	0.02	0.02	0.0196	
1440	1	0.03	0.03	0.0291	
1441	1	0.05	0.05	0.0475	
1442	1	0.04	0.04	0.0384	
1443	1	0.03	0.03	0.0291	
1444	1	0.04	0.04	0.0384	
1445	1	0.06	0.06	0.0564	
1446	1	0.06	0.06	0.0564	
1447	1	0.05	0.05	0.0475	
1448	1	0.04	0.04	0.0384	
1449	1	0.06	0.06	0.0564	
1450	1	0.09	0.09	0.0819	
1451	1	0.08	0.08	0.0736	
1452	1	0.05	0.05	0.0475	
1453	1	0.09	0.09	0.0819	
1454	1	0.1	0.1	0.09	
1455	1	0.1	0.1	0.09	
1456	1	0.07	0.07	0.0651	
1457	1	0.06	0.06	0.0564	
1458	1	0.03	0.03	0.0291	
1459	1	0.03	0.03	0.0291	
1460	1	0.07	0.07	0.0651	
1461	1	0.06	0.06	0.0564	
1462	1	0.06	0.06	0.0564	
1463	1	0.03	0.03	0.0291	
1464	1	0.02	0.02	0.0196	
1465	1	0.01	0.01	0.0099	
1466	1	0.01	0.01	0.0099	
1467	1	0.03	0.03	0.0291	
1468	1	0.06	0.06	0.0564	
1469	1	0.07	0.07	0.0651	
1470	1	0.07	0.07	0.0651	
1471	1	0.07	0.07	0.0651	
1472	1	0.05	0.05	0.0475	
1473	1	0.04	0.04	0.0384	
1474	1	0.09	0.09	0.0819	
1475	1	0.07	0.07	0.0651	
1476	1	0.13	0.13	0.1331	
1477	1	0.1	0.1	0.13	
1478	1	0.07	0.07	0.0851	
1479	1	0.05	0.05	0.0475	
1480	1	0.05	0.05	0.0475	
1481	1	0.05	0.05	0.0475	
1482	1	0.03	0.03	0.0291	
1483	1	0.01	0.01	0.0099	
1484	1	0.08	0.08	0.0736	
1485	1	0.1	0.1	0.09	
1486	1	0.1	0.1	0.09	
1487	1	0.07	0.07	0.0651	
1488	1	0.09	0.09	0.0819	
1489	1	0.12	0.12	0.1056	
1490	1	0.09	0.09	0.0819	
1491	1	0.06	0.06	0.0564	
1492	1	0.13	0.13	0.1131	
1493	1	0.12	0.12	0.1056	
1494	1	0.14	0.14	0.1404	
1495	1	0.09	0.09	0.0819	
1496	1	0.14	0.14	0.1204	
1497	1	0.13	0.13	0.1131	
1498	1	0.12	0.12	0.1056	
1499	1	0.09	0.09	0.0819	
1500	1	0.08	0.08	0.0736	
1501	1	0.07	0.07	0.0651	
1502	1	0.13	0.13	0.1131	
1503	1	0.1	0.1	0.09	
1504	1	0.08	0.08	0.0736	
1505	1	0.05	0.05	0.0475	
1506	1	0.02	0.02	0.0196	
1507	1	0.02	0.02	0.0196	
1508	1	0.01	0.01	0.0099	
1509	1	0.01	0.01	0.0099	
1510	1	0.01	0.01	0.0099	
1511	1	0.01	0.01	0.0099	
1512	1	0.01	0.01	0.0099	
1513	1	0.05	0.05	0.0475	
1514	1	0.1	0.1	0.09	
1515	1	0.09	0.09	0.0819	
1516	1	0.08	0.08	0.0736	
1517	1	0.15	0.15	0.1275	
1518	1	0.16	0.16	0.1344	
1519	1	0.29	0.29	0.2459	
1520	1	0.24	0.24	0.1824	
1521	1	0.26	0.26	0.1924	
1522	1	0.32	0.32	0.2176	
1523	1	0.39	0.39	0.2379	
1524	1	0.32	0.32	0.2176	
1525	1	0.31	0.31	0.2139	
1526	1	0.31	0.31	0.2139	
1527	1	0.4	0.4	0.28	
1528	1	0.33	0.33	0.2611	
1529	1	0.4	0.4	0.36	
1530	1	0.4	0.4	0.34	
1531	1	0.36	0.36	0.2904	
1532	1	0.37	0.37	0.3131	
1533	1	0.21	0.21	0.1859	
1534	1	0.15	0.15	0.1475	
1535	1	0.16	0.16	0.1544	
1536	1	0.18	0.18	0.1476	
1537	1	0.15	0.15	0.1275	
1538	1	0.15	0.15	0.1275	
1539	1	0.13	0.13	0.1131	
1540	1	0.13	0.13	0.1131	
1541	1	0.19	0.19	0.1539	
1542	1	0.21	0.21	0.1659	
1543	1	0.2	0.2	0.16	
1544	1	0.2	0.2	0.16	
1545	1	0.2	0.2	0.16	
1546	1	0.17	0.17	0.1411	
1547	1	0.27	0.27	0.1971	
1548	1	0.2	0.2	0.16	
1549	1	0.15	0.15	0.1275	
1550	1	0.22	0.22	0.2116	
1551	1	0.25	0.25	0.1875	
1552	1	0.22	0.22	0.1716	
1553	1	0.24	0.24	0.1824	
1554	1	0.28	0.28	0.2016	
1555	1	0.18	0.18	0.1476	
1556	1	0.11	0.11	0.0979	
1557	1	0.07	0.07	0.0651	
1558	1	0.07	0.07	0.0651	
1559	1	0.11	0.11	0.0979	
1560	1	0.09	0.09	0.0819	
1561	1	0.07	0.07	0.0651	
1562	1	0.12	0.12	0.1056	
1563	1	0.1	0.1	0.09	
1564	1	0.06	0.06	0.0564	
1565	1	0.04	0.04	0.0384	
1566	1	0.05	0.05	0.0475	
1567	1	0.05	0.05	0.0475	
1568	1	0.02	0.02	0.0196	
1569	1	0.05	0.05	0.0475	
1570	1	0.12	0.12	0.1056	
1571	1	0.11	0.11	0.0979	
1572	1	0.09	0.09	0.0819	
1573	1	0.08	0.08	0.0736	
1574	1	0.04	0.04	0.0384	
1575	1	0.1	0.1	0.09	
1576	1	0.07	0.07	0.0651	
1577	1	0.02	0.02	0.0196	
1578	1	0.02	0.02	0.0196	
1579	1	0.07	0.07	0.0651	
1580	1	0.04	0.04	0.0384	
1581	1	0.08	0.08	0.0736	
1582	1	0.11	0.11	0.0979	
1583	1	0.14	0.14	0.1204	
1584	1	0.16	0.16	0.1344	
1585	1	0.15	0.15	0.1275	
1586	1	0.18	0.18	0.1476	
1587	1	0.16	0.16	0.1344	
1588	1	0.13	0.13	0.1131	
1589	1	0.11	0.11	0.1179	
1590	1	0.15	0.15	0.1275	
1591	1	0.16	0.16	0.1344	
1592	1	0.17	0.17	0.1411	
1593	1	0.15	0.15	0.1275	
1594	1	0.15	0.15	0.1275	
1595	1	0.15	0.15	0.1475	
1596	1	0.17	0.17	0.1411	
1597	1	0.15	0.15	0.1275	
1598	1	0.18	0.18	0.1476	
1599	1	0.16	0.16	0.1344	
1600	1	0.14	0.14	0.1204	
1601	1	0.22	0.22	0.1716	
1602	1	0.17	0.17	0.1411	
1603	1	0.11	0.11	0.0979	
1604	1	0.07	0.07	0.0651	
1605	1	0.05	0.05	0.0475	
1606	1	0.05	0.05	0.0475	
1607	1	0.09	0.09	0.0819	
1608	1	0.11	0.11	0.0979	
1609	1	0.1	0.1	0.09	
1610	1	0.04	0.04	0.0384	
1611	1	0.05	0.05	0.0475	
1612	1	0.07	0.07	0.0651	
1613	1	0.06	0.06	0.0564	
1614	1	0.05	0.05	0.0475	
1615	1	0.04	0.04	0.0384	
1616	1	0.01	0.01	0.0099	
1617	1	0.01	0.01	0.0099	
1618	1	0.01	0.01	0.0099	
1619	1	0.02	0.02	0.0196	
1620	1	0.01	0.01	0.0099	
1621	1	0.01	0.01	0.0099	
1622	1	0.02	0.02	0.0196	
1623	1	0.08	0.08	0.0736	
1624	1	0.05	0.05	0.0475	
1625	1	0.05	0.05	0.0475	
1626	1	0.04	0.04	0.0384	
1627	1	0.04	0.04	0.0384	
1628	1	0.04	0.04	0.0384	
1629	1	0.01	0.01	0.0099	
1630	1	0.04	0.04	0.0384	
1631	1	0.05	0.05	0.0475	
1632	1	0.06	0.06	0.0564	
1633	1	0.13	0.13	0.1131	
1634	1	0.14	0.14	0.1204	
1635	1	0.09	0.09	0.0819	
1636	1	0.11	0.11	0.0979	
1637	1	0.11	0.11	0.0979	
1638	1	0.19	0.19	0.1539	
1639	1	0.2	0.2	0.16	
1640	1	0.21	0.21	0.1659	
1641	1	0.18	0.18	0.1476	
1642	1	0.15	0.15	0.1275	
1643	1	0.18	0.18	0.1476	
1644	1	0.12	0.12	0.1056	
1645	1	0.1	0.1	0.09	
1646	1	0.08	0.08	0.0736	
1647	1	0.14	0.14	0.1204	
1648	1	0.12	0.12	0.1056	
1649	1	0.09	0.09	0.0819	
1650	1	0.08	0.08	0.0736	
1651	1	0.06	0.06	0.0564	
1652	1	0.02	0.02	0.0196	
1653	1	0.03	0.03	0.0291	
1654	1	0.05	0.05	0.0475	
1655	1	0.06	0.06	0.0564	
1656	1	0.01	0.01	0.0099	
1657	1	0.01	0.01	0.0099	
1658	1	0.01	0.01	0.0099	
1659	1	0.03	0.03	0.0291	
1660	1	0.07	0.07	0.0651	
1661	1	0.04	0.04	0.0384	
1662	1	0.07	0.07	0.0651	
1663	1	0.03	0.03	0.0291	
1664	1	0.03	0.03	0.0291	
1665	1	0.05	0.05	0.0475	
1666	1	0.02	0.02	0.0196	
1667	1	0.05	0.05	0.0475	
1668	1	0.04	0.04	0.0384	
1669	1	0.04	0.04	0.0384	
1670	1	0.06	0.06	0.0564	
1671	1	0.06	0.06	0.0564	
1672	1	0.06	0.06	0.0564	
1673	1	0.09	0.09	0.0819	
1674	1	0.1	0.1	0.09	
1675	1	0.08	0.08	0.0736	
1676	1	0.07	0.07	0.0651	
1677	1	0.04	0.04	0.0384	
1678	1	0.05	0.05	0.0475	
1679	1	0.1	0.1	0.09	
1680	1	0.07	0.07	0.0651	
1681	1	0.05	0.05	0.0475	
1682	1	0.04	0.04	0.0384	
1683	1	0.07	0.07	0.0651	
1684	1	0.03	0.03	0.0291	
1685	1	0.03	0.03	0.0291	
1686	1	0.04	0.04	0.0384	
1687	1	0.02	0.02	0.0196	
1688	1	0.02	0.02	0.0196	
1689	1	0.02	0.02	0.0196	
1690	1	0.03	0.03	0.0291	
1691	1	0.04	0.04	0.0384	
1692	1	0.06	0.06	0.0564	
1693	1	0.02	0.02	0.0196	
1694	1	0.03	0.03	0.0291	
1695	1	0.02	0.02	0.0196	
1696	1	0.03	0.03	0.0291	
1697	1	0.02	0.02	0.0196	
1698	1	0.02	0.02	0.0196	
1699	1	0.11	0.11	0.0979	
1700	1	0.09	0.09	0.0819	
1701	1	0.13	0.13	0.1131	
1702	1	0.14	0.14	0.1204	
1703	1	0.19	0.19	0.1539	
1704	1	0.16	0.16	0.1344	
1705	1	0.22	0.22	0.1716	
1706	1	0.21	0.21	0.1659	
1707	1	0.22	0.22	0.1716	
1708	1	0.25	0.25	0.1875	
1709	1	0.2	0.2	0.16	
1710	1	0.2	0.2	0.16	
1711	1	0.17	0.17	0.1411	
1712	1	0.18	0.18	0.1476	
1713	1	0.22	0.22	0.1716	
1714	1	0.16	0.16	0.1344	
1715	1	0.21	0.21	0.1659	
1716	1	0.21	0.21	0.1659	
1717	1	0.27	0.27	0.1971	
1718	1	0.27	0.27	0.2171	
1719	1	0.25	0.25	0.2275	
1720	1	0.27	0.27	0.2371	
1721	1	0.19	0.19	0.1539	
1722	1	0.17	0.17	0.1411	
1723	1	0.13	0.13	0.1131	
1724	1	0.13	0.13	0.1131	
1725	1	0.13	0.13	0.1131	
1726	1	0.07	0.07	0.0651	
1727	1	0.05	0.05	0.0475	
1728	1	0.07	0.07	0.0651	
1729	1	0.07	0.07	0.0651	
1730	1	0.07	0.07	0.0651	
1731	1	0.05	0.05	0.0475	
1732	1	0.02	0.02	0.0196	
1733	1	0.04	0.04	0.0384	
1734	1	0.04	0.04	0.0384	
1735	1	0.04	0.04	0.0384	
1736	1	0.07	0.07	0.0851	
1737	1	0.07	0.07	0.0651	
1738	1	0.11	0.11	0.0979	
1739	1	0.11	0.11	0.0979	
1740	1	0.08	0.08	0.0936	
1741	1	0.05	0.05	0.0475	
1742	1	0.06	0.06	0.0564	
1743	1	0.14	0.14	0.1204	
1744	1	0.13	0.13	0.1131	
1745	1	0.14	0.14	0.1404	
1746	1	0.13	0.13	0.1331	
1747	1	0.12	0.12	0.1056	
1748	1	0.14	0.14	0.1204	
1749	1	0.13	0.13	0.1131	
1750	1	0.09	0.09	0.0819	
1751	1	0.13	0.13	0.1131	
1752	1	0.11	0.11	0.0979	
1753	1	0.1	0.1	0.09	
1754	1	0.1	0.1	0.09	
1755	1	0.13	0.13	0.1131	
1756	1	0.18	0.18	0.1476	
1757	1	0.24	0.24	0.1824	
1758	1	0.22	0.22	0.1716	
1759	1	0.27	0.27	0.1971	
1760	1	0.28	0.28	0.2016	
1761	1	0.34	0.34	0.2244	
1762	1	0.25	0.25	0.1875	
1763	1	0.27	0.27	0.2171	
1764	1	0.21	0.21	0.1659	
1765	1	0.18	0.18	0.1676	
1766	1	0.23	0.23	0.1971	
1767	1	0.18	0.18	0.1476	
1768	1	0.17	0.17	0.1411	
1769	1	0.2	0.2	0.18	
1770	1	0.17	0.17	0.1811	
1771	1	0.19	0.19	0.1739	
1772	1	0.24	0.24	0.2424	
1773	1	0.25	0.25	0.2475	
1774	1	0.27	0.27	0.2971	
1775	1	0.29	0.29	0.2859	
1776	1	0.29	0.29	0.2659	
1777	1	0.41	0.41	0.4419	
1778	1	0.45	0.45	0.4275	
1779	1	0.46	0.46	0.4084	
1780	1	0.41	0.41	0.3619	
1781	1	0.56	0.56	0.4864	
1782	1	0.61	0.61	0.4979	
1783	1	0.57	0.57	0.4051	
1784	1	0.61	0.61	0.3979	
1785	1	0.67	0.67	0.4011	
1786	1	0.63	0.63	0.3931	
1787	1	0.64	0.64	0.3904	
1788	1	0.74	0.74	0.3924	
1789	1	0.75	0.75	0.4875	
1790	1	0.87	0.87	0.4331	
1791	1	0.85	0.85	0.4475	
1792	1	0.92	0.92	0.4936	
1793	1	0.81	0.81	0.4739	
1794	1	0.85	0.85	0.5275	
1795	1	0.85	0.85	0.3675	
1796	1	0.88	0.88	0.3856	
1797	1	0.95	0.95	0.4475	
1798	1	0.81	0.81	0.3739	
1799	1	0.8	0.8	0.34	
1800	1	0.81	0.81	0.3539	
1801	1	0.81	0.81	0.2539	
1802	1	0.81	0.81	0.3139	
1803	1	0.71	0.71	0.3459	
1804	1	0.75	0.75	0.3875	
1805	1	0.73	0.73	0.5171	
1806	1	0.76	0.76	0.5424	
1807	1	0.8	0.8	0.6	
1808	1	0.91	0.91	0.6619	
1809	1	1.08	1.08	0.6536	
1810	1	1.07	1.07	0.4851	
1811	1	1.05	1.05	0.4075	
1812	1	1.16	1.16	0.4944	
1813	1	1.26	1.26	0.5724	
1814	1	1.23	1.23	0.6371	
1815	1	1.15	1.15	0.7675	
1816	1	1.16	1.16	0.6944	
1817	1	1	1	0.82	
1818	1	0.95	0.95	0.7075	
1819	1	1.02	1.02	0.6596	
1820	1	0.96	0.96	0.6184	
1821	1	0.77	0.77	0.5371	
1822	1	0.71	0.71	0.6259	
1823	1	0.7	0.7	0.65	
1824	1	0.58	0.58	0.5236	
1825	1	0.63	0.63	0.5931	
1826	1	0.62	0.62	0.7156	
1827	1	0.63	0.63	0.7331	
1828	1	0.51	0.51	0.5699	
1829	1	0.47	0.47	0.5091	
1830	1	0.42	0.42	0.3236	
1831	1	0.33	0.33	0.2611	
1832	1	0.31	0.31	0.2339	
1833	1	0.22	0.22	0.1716	
1834	1	0.25	0.25	0.1875	
1835	1	0.27	0.27	0.1971	
1836	1	0.26	0.26	0.1924	
1837	1	0.24	0.24	0.1824	
1838	1	0.2	0.2	0.18	
1839	1	0.2	0.2	0.18	
1840	1	0.27	0.27	0.1971	
1841	1	0.32	0.32	0.2176	
1842	1	0.26	0.26	0.1924	
1843	1	0.27	0.27	0.1971	
1844	1	0.26	0.26	0.1924	
1845	1	0.21	0.21	0.1659	
1846	1	0.21	0.21	0.1659	
1847	1	0.15	0.15	0.1275	
1848	1	0.11	0.11	0.0979	
1849	1	0.12	0.12	0.1056	
1850	1	0.09	0.09	0.0819	
1851	1	0.1	0.1	0.09	
1852	1	0.1	0.1	0.09	
1853	1	0.1	0.1	0.09	
1854	1	0.09	0.09	0.0819	
1855	1	0.13	0.13	0.1131	
1856	1	0.16	0.16	0.1344	
1857	1	0.15	0.15	0.1275	
1858	1	0.19	0.19	0.1539	
1859	1	0.2	0.2	0.16	
1860	1	0.15	0.15	0.1275	
1861	1	0.08	0.08	0.0736	
1862	1	0.12	0.12	0.1056	
1863	1	0.07	0.07	0.0651	
1864	1	0.13	0.13	0.1131	
1865	1	0.17	0.17	0.1411	
1866	1	0.16	0.16	0.1344	
1867	1	0.21	0.21	0.1659	
1868	1	0.15	0.15	0.1275	
1869	1	0.13	0.13	0.1331	
1870	1	0.19	0.19	0.2339	
1871	1	0.23	0.23	0.2571	
1872	1	0.21	0.21	0.2659	
1873	1	0.19	0.19	0.2339	
1874	1	0.16	0.16	0.1544	
1875	1	0.22	0.22	0.1916	
1876	1	0.19	0.19	0.1739	
1877	1	0.18	0.18	0.1476	
1878	1	0.16	0.16	0.1344	
1879	1	0.2	0.2	0.16	
1880	1	0.2	0.2	0.16	
1881	1	0.21	0.21	0.1659	
1882	1	0.12	0.12	0.1056	
1883	1	0.1	0.1	0.09	
1884	1	0.12	0.12	0.1056	
1885	1	0.11	0.11	0.0979	
1886	1	0.07	0.07	0.0651	
1887	1	0.1	0.1	0.09	
1888	1	0.05	0.05	0.0475	
1889	1	0.13	0.13	0.1131	
1890	1	0.14	0.14	0.1204	
1891	1	0.15	0.15	0.1275	
1892	1	0.21	0.21	0.1859	
1893	1	0.19	0.19	0.1539	
1894	1	0.21	0.21	0.1659	
1895	1	0.16	0.16	0.1344	
1896	1	0.17	0.17	0.1411	
1897	1	0.21	0.21	0.1659	
1898	1	0.15	0.15	0.1275	
1899	1	0.16	0.16	0.1344	
1900	1	0.15	0.15	0.1275	
1901	1	0.17	0.17	0.1411	
1902	1	0.19	0.19	0.1539	
1903	1	0.26	0.26	0.1924	
1904	1	0.21	0.21	0.1659	
1905	1	0.24	0.24	0.1824	
1906	1	0.2	0.2	0.16	
1907	1	0.13	0.13	0.1131	
1908	1	0.16	0.16	0.1544	
1909	1	0.12	0.12	0.1056	
1910	1	0.11	0.11	0.0979	
1911	1	0.08	0.08	0.0736	
1912	1	0.06	0.06	0.0564	
1913	1	0.06	0.06	0.0564	
1914	1	0.12	0.12	0.1056	
1915	1	0.1	0.1	0.09	
1916	1	0.06	0.06	0.0564	
1917	1	0.04	0.04	0.0384	
1918	1	0.08	0.08	0.0736	
1919	1	0.11	0.11	0.0979	
1920	1	0.09	0.09	0.0819	
1921	1	0.15	0.15	0.1275	
1922	1	0.12	0.12	0.1056	
1923	1	0.17	0.17	0.1411	
1924	1	0.17	0.17	0.1411	
1925	1	0.09	0.09	0.0819	
1926	1	0.06	0.06	0.0564	
1927	1	0.07	0.07	0.0651	
1928	1	0.09	0.09	0.0819	
1929	1	0.08	0.08	0.0736	
1930	1	0.08	0.08	0.0736	
1931	1	0.08	0.08	0.0736	
1932	1	0.04	0.04	0.0384	
1933	1	0.06	0.06	0.0564	
1934	1	0.11	0.11	0.0979	
1935	1	0.13	0.13	0.1131	
1936	1	0.12	0.12	0.1056	
1937	1	0.16	0.16	0.1744	
1938	1	0.17	0.17	0.1611	
1939	1	0.11	0.11	0.0979	
1940	1	0.06	0.06	0.0564	
1941	1	0.09	0.09	0.0819	
1942	1	0.11	0.11	0.0979	
1943	1	0.08	0.08	0.1136	
1944	1	0.13	0.13	0.1731	
1945	1	0.14	0.14	0.1604	
1946	1	0.11	0.11	0.1179	
1947	1	0.08	0.08	0.1136	
1948	1	0.01	0.01	0.0099	
1949	1	0.01	0.01	0.0099	
1950	1	0.01	0.01	0.0099	
1951	1	0.01	0.01	0.0099	
1952	1	0.02	0.02	0.0196	
1953	1	0.01	0.01	0.0099	
1954	1	0.01	0.01	0.0099	
1955	1	0.01	0.01	0.0099	
1956	1	0.01	0.01	0.0099	
1957	1	0.01	0.01	0.0099	
1958	1	0.01	0.01	0.0099	
1959	1	0.02	0.02	0.0196	
1960	1	0.02	0.02	0.0196	
1961	1	0.01	0.01	0.0099	
1962	1	0.07	0.07	0.0651	
1963	1	0.05	0.05	0.0475	
1964	1	0.06	0.06	0.0564	
1965	1	0.14	0.14	0.1604	
1966	1	0.13	0.13	0.1131	
1967	1	0.05	0.05	0.0475	
1968	1	0.09	0.09	0.0819	
1969	1	0.09	0.09	0.0819	
1970	1	0.17	0.17	0.1411	
1971	1	0.14	0.14	0.1204	
1972	1	0.15	0.15	0.1275	
1973	1	0.16	0.16	0.1344	
1974	1	0.21	0.21	0.1659	
1975	1	0.23	0.23	0.1771	
1976	1	0.15	0.15	0.1275	
1977	1	0.15	0.15	0.1475	
1978	1	0.19	0.19	0.1739	
1979	1	0.29	0.29	0.2659	
1980	1	0.22	0.22	0.1716	
1981	1	0.26	0.26	0.1924	
1982	1	0.22	0.22	0.1716	
1983	1	0.24	0.24	0.1824	
1984	1	0.18	0.18	0.1476	
1985	1	0.18	0.18	0.1476	
1986	1	0.17	0.17	0.1411	
1987	1	0.18	0.18	0.1476	
1988	1	0.14	0.14	0.1204	
1989	1	0.15	0.15	0.1475	
1990	1	0.15	0.15	0.1475	
1991	1	0.14	0.14	0.1604	
1992	1	0.14	0.14	0.1204	
1993	1	0.11	0.11	0.0979	
1994	1	0.13	0.13	0.1131	
1995	1	0.19	0.19	0.2139	
1996	1	0.2	0.2	0.18	
1997	1	0.19	0.19	0.1539	
1998	1	0.26	0.26	0.2124	
1999	1	0.39	0.39	0.2979	
2000	1	0.33	0.33	0.2811	
