# mu = 0.1, s = -1, trials requested = 1, runtime = 0:00:01
# "Time"	"Actual trials"	"Mean mutation"	"Average mean mutation"	"Average mutation variance"
0	1	0	0	0	
1	1	0.01	0.01	0.0099	
2	1	0.02	0.02	0.0196	
3	1	0.02	0.02	0.0196	
4	1	0.01	0.01	0.0099	
5	1	0.01	0.01	0.0099	
6	1	0.01	0.01	0.0099	
7	1	0.02	0.02	0.0196	
8	1	0.03	0.03	0.0291	
9	1	0.04	0.04	0.0384	
10	1	0.05	0.05	0.0475	
11	1	0.06	0.06	0.0564	
12	1	0.06	0.06	0.0564	
13	1	0.09	0.09	0.0819	
14	1	0.1	0.1	0.09	
15	1	0.12	0.12	0.1056	
16	1	0.11	0.11	0.0979	
17	1	0.13	0.13	0.1131	
18	1	0.14	0.14	0.1204	
19	1	0.15	0.15	0.1275	
20	1	0.15	0.15	0.1275	
21	1	0.15	0.15	0.1275	
22	1	0.15	0.15	0.1275	
23	1	0.15	0.15	0.1275	
24	1	0.18	0.18	0.1476	
25	1	0.17	0.17	0.1411	
26	1	0.16	0.16	0.1344	
27	1	0.15	0.15	0.1275	
28	1	0.14	0.14	0.1204	
29	1	0.14	0.14	0.1204	
30	1	0.14	0.14	0.1204	
31	1	0.12	0.12	0.1056	
32	1	0.14	0.14	0.1204	
33	1	0.12	0.12	0.1056	
34	1	0.11	0.11	0.0979	
35	1	0.11	0.11	0.0979	
36	1	0.12	0.12	0.1056	
37	1	0.14	0.14	0.1204	
38	1	0.13	0.13	0.1131	
39	1	0.14	0.14	0.1204	
40	1	0.14	0.14	0.1204	
41	1	0.14	0.14	0.1204	
42	1	0.13	0.13	0.1131	
43	1	0.13	0.13	0.1131	
44	1	0.14	0.14	0.1204	
45	1	0.14	0.14	0.1204	
46	1	0.13	0.13	0.1131	
47	1	0.12	0.12	0.1056	
48	1	0.1	0.1	0.09	
49	1	0.11	0.11	0.0979	
50	1	0.1	0.1	0.09	
51	1	0.1	0.1	0.09	
52	1	0.11	0.11	0.0979	
53	1	0.13	0.13	0.1131	
54	1	0.13	0.13	0.1131	
55	1	0.14	0.14	0.1204	
56	1	0.14	0.14	0.1204	
57	1	0.13	0.13	0.1131	
58	1	0.18	0.18	0.1476	
59	1	0.16	0.16	0.1344	
60	1	0.14	0.14	0.1204	
61	1	0.11	0.11	0.0979	
62	1	0.11	0.11	0.0979	
63	1	0.11	0.11	0.0979	
64	1	0.1	0.1	0.09	
65	1	0.11	0.11	0.0979	
66	1	0.13	0.13	0.1131	
67	1	0.14	0.14	0.1204	
68	1	0.13	0.13	0.1131	
69	1	0.11	0.11	0.0979	
70	1	0.1	0.1	0.09	
71	1	0.11	0.11	0.0979	
72	1	0.13	0.13	0.1131	
73	1	0.12	0.12	0.1056	
74	1	0.1	0.1	0.09	
75	1	0.09	0.09	0.0819	
76	1	0.12	0.12	0.1056	
77	1	0.12	0.12	0.1056	
78	1	0.13	0.13	0.1131	
79	1	0.14	0.14	0.1204	
80	1	0.11	0.11	0.0979	
81	1	0.1	0.1	0.09	
82	1	0.11	0.11	0.0979	
83	1	0.11	0.11	0.0979	
84	1	0.11	0.11	0.0979	
85	1	0.13	0.13	0.1131	
86	1	0.12	0.12	0.1056	
87	1	0.12	0.12	0.1056	
88	1	0.12	0.12	0.1056	
89	1	0.1	0.1	0.09	
90	1	0.11	0.11	0.0979	
91	1	0.12	0.12	0.1056	
92	1	0.11	0.11	0.0979	
93	1	0.1	0.1	0.09	
94	1	0.11	0.11	0.0979	
95	1	0.11	0.11	0.0979	
96	1	0.12	0.12	0.1056	
97	1	0.08	0.08	0.0736	
98	1	0.08	0.08	0.0736	
99	1	0.08	0.08	0.0736	
100	1	0.07	0.07	0.0651	
101	1	0.06	0.06	0.0564	
102	1	0.07	0.07	0.0651	
103	1	0.07	0.07	0.0651	
104	1	0.09	0.09	0.0819	
105	1	0.09	0.09	0.0819	
106	1	0.12	0.12	0.1056	
107	1	0.12	0.12	0.1056	
108	1	0.13	0.13	0.1131	
109	1	0.15	0.15	0.1275	
110	1	0.14	0.14	0.1204	
111	1	0.12	0.12	0.1056	
112	1	0.13	0.13	0.1131	
113	1	0.12	0.12	0.1056	
114	1	0.11	0.11	0.0979	
115	1	0.11	0.11	0.0979	
116	1	0.09	0.09	0.0819	
117	1	0.11	0.11	0.0979	
118	1	0.1	0.1	0.09	
119	1	0.1	0.1	0.09	
120	1	0.1	0.1	0.09	
121	1	0.1	0.1	0.09	
122	1	0.11	0.11	0.0979	
123	1	0.13	0.13	0.1131	
124	1	0.12	0.12	0.1056	
125	1	0.12	0.12	0.1056	
126	1	0.14	0.14	0.1204	
127	1	0.13	0.13	0.1131	
128	1	0.13	0.13	0.1131	
129	1	0.11	0.11	0.0979	
130	1	0.11	0.11	0.0979	
131	1	0.12	0.12	0.1056	
132	1	0.13	0.13	0.1131	
133	1	0.12	0.12	0.1056	
134	1	0.12	0.12	0.1056	
135	1	0.1	0.1	0.09	
136	1	0.12	0.12	0.1056	
137	1	0.12	0.12	0.1056	
138	1	0.13	0.13	0.1131	
139	1	0.12	0.12	0.1056	
140	1	0.13	0.13	0.1131	
141	1	0.13	0.13	0.1131	
142	1	0.14	0.14	0.1204	
143	1	0.12	0.12	0.1056	
144	1	0.14	0.14	0.1204	
145	1	0.15	0.15	0.1275	
146	1	0.14	0.14	0.1204	
147	1	0.14	0.14	0.1204	
148	1	0.16	0.16	0.1344	
149	1	0.15	0.15	0.1275	
150	1	0.12	0.12	0.1056	
151	1	0.11	0.11	0.0979	
152	1	0.1	0.1	0.09	
153	1	0.1	0.1	0.09	
154	1	0.08	0.08	0.0736	
155	1	0.09	0.09	0.0819	
156	1	0.09	0.09	0.0819	
157	1	0.09	0.09	0.0819	
158	1	0.08	0.08	0.0736	
159	1	0.08	0.08	0.0736	
160	1	0.08	0.08	0.0736	
161	1	0.08	0.08	0.0736	
162	1	0.08	0.08	0.0736	
163	1	0.07	0.07	0.0651	
164	1	0.06	0.06	0.0564	
165	1	0.07	0.07	0.0651	
166	1	0.08	0.08	0.0736	
167	1	0.09	0.09	0.0819	
168	1	0.09	0.09	0.0819	
169	1	0.11	0.11	0.0979	
170	1	0.11	0.11	0.0979	
171	1	0.11	0.11	0.0979	
172	1	0.12	0.12	0.1056	
173	1	0.13	0.13	0.1131	
174	1	0.15	0.15	0.1275	
175	1	0.12	0.12	0.1056	
176	1	0.12	0.12	0.1056	
177	1	0.13	0.13	0.1131	
178	1	0.12	0.12	0.1056	
179	1	0.09	0.09	0.0819	
180	1	0.1	0.1	0.09	
181	1	0.1	0.1	0.09	
182	1	0.1	0.1	0.09	
183	1	0.1	0.1	0.09	
184	1	0.09	0.09	0.0819	
185	1	0.09	0.09	0.0819	
186	1	0.09	0.09	0.0819	
187	1	0.1	0.1	0.09	
188	1	0.09	0.09	0.0819	
189	1	0.09	0.09	0.0819	
190	1	0.11	0.11	0.0979	
191	1	0.1	0.1	0.09	
192	1	0.09	0.09	0.0819	
193	1	0.08	0.08	0.0736	
194	1	0.09	0.09	0.0819	
195	1	0.09	0.09	0.0819	
196	1	0.08	0.08	0.0736	
197	1	0.1	0.1	0.09	
198	1	0.09	0.09	0.0819	
199	1	0.09	0.09	0.0819	
200	1	0.09	0.09	0.0819	
201	1	0.09	0.09	0.0819	
202	1	0.08	0.08	0.0736	
203	1	0.07	0.07	0.0651	
204	1	0.07	0.07	0.0651	
205	1	0.09	0.09	0.0819	
206	1	0.08	0.08	0.0736	
207	1	0.1	0.1	0.09	
208	1	0.11	0.11	0.0979	
209	1	0.12	0.12	0.1056	
210	1	0.12	0.12	0.1056	
211	1	0.12	0.12	0.1056	
212	1	0.14	0.14	0.1204	
213	1	0.15	0.15	0.1275	
214	1	0.13	0.13	0.1131	
215	1	0.15	0.15	0.1275	
216	1	0.15	0.15	0.1275	
217	1	0.16	0.16	0.1344	
218	1	0.17	0.17	0.1411	
219	1	0.17	0.17	0.1411	
220	1	0.15	0.15	0.1275	
221	1	0.15	0.15	0.1275	
222	1	0.16	0.16	0.1344	
223	1	0.15	0.15	0.1275	
224	1	0.14	0.14	0.1204	
225	1	0.15	0.15	0.1275	
226	1	0.13	0.13	0.1131	
227	1	0.13	0.13	0.1131	
228	1	0.13	0.13	0.1131	
229	1	0.11	0.11	0.0979	
230	1	0.11	0.11	0.0979	
231	1	0.11	0.11	0.0979	
232	1	0.11	0.11	0.0979	
233	1	0.11	0.11	0.0979	
234	1	0.12	0.12	0.1056	
235	1	0.1	0.1	0.09	
236	1	0.09	0.09	0.0819	
237	1	0.08	0.08	0.0736	
238	1	0.08	0.08	0.0736	
239	1	0.11	0.11	0.0979	
240	1	0.1	0.1	0.09	
241	1	0.11	0.11	0.0979	
242	1	0.1	0.1	0.09	
243	1	0.1	0.1	0.09	
244	1	0.11	0.11	0.0979	
245	1	0.12	0.12	0.1056	
246	1	0.13	0.13	0.1131	
247	1	0.16	0.16	0.1344	
248	1	0.15	0.15	0.1275	
249	1	0.14	0.14	0.1204	
250	1	0.16	0.16	0.1344	
251	1	0.16	0.16	0.1344	
252	1	0.15	0.15	0.1275	
253	1	0.16	0.16	0.1344	
254	1	0.16	0.16	0.1344	
255	1	0.17	0.17	0.1411	
256	1	0.18	0.18	0.1476	
257	1	0.18	0.18	0.1476	
258	1	0.18	0.18	0.1476	
259	1	0.21	0.21	0.1659	
260	1	0.24	0.24	0.1824	
261	1	0.24	0.24	0.1824	
262	1	0.24	0.24	0.1824	
263	1	0.24	0.24	0.1824	
264	1	0.21	0.21	0.1659	
265	1	0.22	0.22	0.1716	
266	1	0.22	0.22	0.1716	
267	1	0.2	0.2	0.16	
268	1	0.17	0.17	0.1411	
269	1	0.18	0.18	0.1476	
270	1	0.17	0.17	0.1411	
271	1	0.18	0.18	0.1476	
272	1	0.18	0.18	0.1476	
273	1	0.18	0.18	0.1476	
274	1	0.18	0.18	0.1476	
275	1	0.17	0.17	0.1411	
276	1	0.18	0.18	0.1476	
277	1	0.2	0.2	0.16	
278	1	0.2	0.2	0.16	
279	1	0.19	0.19	0.1539	
280	1	0.18	0.18	0.1476	
281	1	0.18	0.18	0.1476	
282	1	0.18	0.18	0.1476	
283	1	0.2	0.2	0.16	
284	1	0.19	0.19	0.1539	
285	1	0.21	0.21	0.1659	
286	1	0.21	0.21	0.1659	
287	1	0.2	0.2	0.16	
288	1	0.21	0.21	0.1659	
289	1	0.17	0.17	0.1411	
290	1	0.15	0.15	0.1275	
291	1	0.16	0.16	0.1344	
292	1	0.18	0.18	0.1476	
293	1	0.19	0.19	0.1539	
294	1	0.19	0.19	0.1539	
295	1	0.19	0.19	0.1539	
296	1	0.17	0.17	0.1411	
297	1	0.15	0.15	0.1275	
298	1	0.15	0.15	0.1275	
299	1	0.12	0.12	0.1056	
300	1	0.12	0.12	0.1056	
301	1	0.14	0.14	0.1204	
302	1	0.13	0.13	0.1131	
303	1	0.13	0.13	0.1131	
304	1	0.14	0.14	0.1204	
305	1	0.14	0.14	0.1204	
306	1	0.14	0.14	0.1204	
307	1	0.14	0.14	0.1204	
308	1	0.14	0.14	0.1204	
309	1	0.15	0.15	0.1275	
310	1	0.17	0.17	0.1411	
311	1	0.18	0.18	0.1476	
312	1	0.17	0.17	0.1411	
313	1	0.16	0.16	0.1344	
314	1	0.15	0.15	0.1275	
315	1	0.14	0.14	0.1204	
316	1	0.14	0.14	0.1204	
317	1	0.1	0.1	0.09	
318	1	0.1	0.1	0.09	
319	1	0.09	0.09	0.0819	
320	1	0.09	0.09	0.0819	
321	1	0.09	0.09	0.0819	
322	1	0.09	0.09	0.0819	
323	1	0.11	0.11	0.0979	
324	1	0.09	0.09	0.0819	
325	1	0.08	0.08	0.0736	
326	1	0.07	0.07	0.0651	
327	1	0.07	0.07	0.0651	
328	1	0.07	0.07	0.0651	
329	1	0.08	0.08	0.0736	
330	1	0.08	0.08	0.0736	
331	1	0.08	0.08	0.0736	
332	1	0.1	0.1	0.09	
333	1	0.09	0.09	0.0819	
334	1	0.07	0.07	0.0651	
335	1	0.07	0.07	0.0651	
336	1	0.07	0.07	0.0651	
337	1	0.07	0.07	0.0651	
338	1	0.06	0.06	0.0564	
339	1	0.06	0.06	0.0564	
340	1	0.07	0.07	0.0651	
341	1	0.07	0.07	0.0651	
342	1	0.05	0.05	0.0475	
343	1	0.07	0.07	0.0651	
344	1	0.07	0.07	0.0651	
345	1	0.06	0.06	0.0564	
346	1	0.05	0.05	0.0475	
347	1	0.06	0.06	0.0564	
348	1	0.07	0.07	0.0651	
349	1	0.09	0.09	0.0819	
350	1	0.09	0.09	0.0819	
351	1	0.09	0.09	0.0819	
352	1	0.08	0.08	0.0736	
353	1	0.08	0.08	0.0736	
354	1	0.07	0.07	0.0651	
355	1	0.07	0.07	0.0651	
356	1	0.07	0.07	0.0651	
357	1	0.08	0.08	0.0736	
358	1	0.08	0.08	0.0736	
359	1	0.08	0.08	0.0736	
360	1	0.08	0.08	0.0736	
361	1	0.08	0.08	0.0736	
362	1	0.06	0.06	0.0564	
363	1	0.06	0.06	0.0564	
364	1	0.07	0.07	0.0651	
365	1	0.06	0.06	0.0564	
366	1	0.06	0.06	0.0564	
367	1	0.07	0.07	0.0651	
368	1	0.09	0.09	0.0819	
369	1	0.1	0.1	0.09	
370	1	0.09	0.09	0.0819	
371	1	0.1	0.1	0.09	
372	1	0.1	0.1	0.09	
373	1	0.09	0.09	0.0819	
374	1	0.1	0.1	0.09	
375	1	0.1	0.1	0.09	
376	1	0.12	0.12	0.1056	
377	1	0.12	0.12	0.1056	
378	1	0.15	0.15	0.1275	
379	1	0.15	0.15	0.1275	
380	1	0.13	0.13	0.1131	
381	1	0.13	0.13	0.1131	
382	1	0.12	0.12	0.1056	
383	1	0.13	0.13	0.1131	
384	1	0.14	0.14	0.1204	
385	1	0.16	0.16	0.1344	
386	1	0.17	0.17	0.1411	
387	1	0.15	0.15	0.1275	
388	1	0.14	0.14	0.1204	
389	1	0.14	0.14	0.1204	
390	1	0.14	0.14	0.1204	
391	1	0.16	0.16	0.1344	
392	1	0.15	0.15	0.1275	
393	1	0.17	0.17	0.1411	
394	1	0.17	0.17	0.1411	
395	1	0.17	0.17	0.1411	
396	1	0.15	0.15	0.1275	
397	1	0.14	0.14	0.1204	
398	1	0.12	0.12	0.1056	
399	1	0.1	0.1	0.09	
400	1	0.09	0.09	0.0819	
401	1	0.09	0.09	0.0819	
402	1	0.1	0.1	0.09	
403	1	0.1	0.1	0.09	
404	1	0.1	0.1	0.09	
405	1	0.1	0.1	0.09	
406	1	0.1	0.1	0.09	
407	1	0.11	0.11	0.0979	
408	1	0.11	0.11	0.0979	
409	1	0.12	0.12	0.1056	
410	1	0.14	0.14	0.1204	
411	1	0.15	0.15	0.1275	
412	1	0.15	0.15	0.1275	
413	1	0.17	0.17	0.1411	
414	1	0.17	0.17	0.1411	
415	1	0.17	0.17	0.1411	
416	1	0.18	0.18	0.1476	
417	1	0.18	0.18	0.1476	
418	1	0.16	0.16	0.1344	
419	1	0.17	0.17	0.1411	
420	1	0.17	0.17	0.1411	
421	1	0.18	0.18	0.1476	
422	1	0.17	0.17	0.1411	
423	1	0.16	0.16	0.1344	
424	1	0.15	0.15	0.1275	
425	1	0.17	0.17	0.1411	
426	1	0.19	0.19	0.1539	
427	1	0.17	0.17	0.1411	
428	1	0.16	0.16	0.1344	
429	1	0.15	0.15	0.1275	
430	1	0.14	0.14	0.1204	
431	1	0.14	0.14	0.1204	
432	1	0.15	0.15	0.1275	
433	1	0.13	0.13	0.1131	
434	1	0.13	0.13	0.1131	
435	1	0.12	0.12	0.1056	
436	1	0.12	0.12	0.1056	
437	1	0.1	0.1	0.09	
438	1	0.09	0.09	0.0819	
439	1	0.1	0.1	0.09	
440	1	0.09	0.09	0.0819	
441	1	0.1	0.1	0.09	
442	1	0.1	0.1	0.09	
443	1	0.11	0.11	0.0979	
444	1	0.1	0.1	0.09	
445	1	0.12	0.12	0.1056	
446	1	0.12	0.12	0.1056	
447	1	0.12	0.12	0.1056	
448	1	0.12	0.12	0.1056	
449	1	0.14	0.14	0.1204	
450	1	0.14	0.14	0.1204	
451	1	0.16	0.16	0.1344	
452	1	0.13	0.13	0.1131	
453	1	0.11	0.11	0.0979	
454	1	0.12	0.12	0.1056	
455	1	0.13	0.13	0.1131	
456	1	0.13	0.13	0.1131	
457	1	0.13	0.13	0.1131	
458	1	0.13	0.13	0.1131	
459	1	0.14	0.14	0.1204	
460	1	0.16	0.16	0.1344	
461	1	0.16	0.16	0.1344	
462	1	0.14	0.14	0.1204	
463	1	0.15	0.15	0.1275	
464	1	0.14	0.14	0.1204	
465	1	0.11	0.11	0.0979	
466	1	0.13	0.13	0.1131	
467	1	0.13	0.13	0.1131	
468	1	0.13	0.13	0.1131	
469	1	0.13	0.13	0.1131	
470	1	0.12	0.12	0.1056	
471	1	0.12	0.12	0.1056	
472	1	0.12	0.12	0.1056	
473	1	0.12	0.12	0.1056	
474	1	0.11	0.11	0.0979	
475	1	0.1	0.1	0.09	
476	1	0.11	0.11	0.0979	
477	1	0.14	0.14	0.1204	
478	1	0.14	0.14	0.1204	
479	1	0.15	0.15	0.1275	
480	1	0.15	0.15	0.1275	
481	1	0.12	0.12	0.1056	
482	1	0.13	0.13	0.1131	
483	1	0.11	0.11	0.0979	
484	1	0.12	0.12	0.1056	
485	1	0.13	0.13	0.1131	
486	1	0.12	0.12	0.1056	
487	1	0.11	0.11	0.0979	
488	1	0.13	0.13	0.1131	
489	1	0.13	0.13	0.1131	
490	1	0.12	0.12	0.1056	
491	1	0.14	0.14	0.1204	
492	1	0.15	0.15	0.1275	
493	1	0.13	0.13	0.1131	
494	1	0.12	0.12	0.1056	
495	1	0.11	0.11	0.0979	
496	1	0.09	0.09	0.0819	
497	1	0.09	0.09	0.0819	
498	1	0.09	0.09	0.0819	
499	1	0.09	0.09	0.0819	
500	1	0.11	0.11	0.0979	
501	1	0.11	0.11	0.0979	
502	1	0.12	0.12	0.1056	
503	1	0.11	0.11	0.0979	
504	1	0.1	0.1	0.09	
505	1	0.11	0.11	0.0979	
506	1	0.11	0.11	0.0979	
507	1	0.12	0.12	0.1056	
508	1	0.13	0.13	0.1131	
509	1	0.14	0.14	0.1204	
510	1	0.11	0.11	0.0979	
511	1	0.14	0.14	0.1204	
512	1	0.17	0.17	0.1411	
513	1	0.17	0.17	0.1411	
514	1	0.17	0.17	0.1411	
515	1	0.17	0.17	0.1411	
516	1	0.17	0.17	0.1411	
517	1	0.17	0.17	0.1411	
518	1	0.17	0.17	0.1411	
519	1	0.15	0.15	0.1275	
520	1	0.14	0.14	0.1204	
521	1	0.15	0.15	0.1275	
522	1	0.16	0.16	0.1344	
523	1	0.15	0.15	0.1275	
524	1	0.15	0.15	0.1275	
525	1	0.19	0.19	0.1539	
526	1	0.2	0.2	0.16	
527	1	0.21	0.21	0.1659	
528	1	0.2	0.2	0.16	
529	1	0.15	0.15	0.1275	
530	1	0.16	0.16	0.1344	
531	1	0.17	0.17	0.1411	
532	1	0.16	0.16	0.1344	
533	1	0.16	0.16	0.1344	
534	1	0.15	0.15	0.1275	
535	1	0.15	0.15	0.1275	
536	1	0.16	0.16	0.1344	
537	1	0.15	0.15	0.1275	
538	1	0.13	0.13	0.1131	
539	1	0.13	0.13	0.1131	
540	1	0.12	0.12	0.1056	
541	1	0.11	0.11	0.0979	
542	1	0.12	0.12	0.1056	
543	1	0.11	0.11	0.0979	
544	1	0.13	0.13	0.1131	
545	1	0.13	0.13	0.1131	
546	1	0.14	0.14	0.1204	
547	1	0.14	0.14	0.1204	
548	1	0.14	0.14	0.1204	
549	1	0.15	0.15	0.1275	
550	1	0.14	0.14	0.1204	
551	1	0.13	0.13	0.1131	
552	1	0.13	0.13	0.1131	
553	1	0.15	0.15	0.1275	
554	1	0.15	0.15	0.1275	
555	1	0.14	0.14	0.1204	
556	1	0.14	0.14	0.1204	
557	1	0.14	0.14	0.1204	
558	1	0.12	0.12	0.1056	
559	1	0.13	0.13	0.1131	
560	1	0.14	0.14	0.1204	
561	1	0.14	0.14	0.1204	
562	1	0.13	0.13	0.1131	
563	1	0.13	0.13	0.1131	
564	1	0.13	0.13	0.1131	
565	1	0.12	0.12	0.1056	
566	1	0.13	0.13	0.1131	
567	1	0.13	0.13	0.1131	
568	1	0.14	0.14	0.1204	
569	1	0.13	0.13	0.1131	
570	1	0.12	0.12	0.1056	
571	1	0.11	0.11	0.0979	
572	1	0.14	0.14	0.1204	
573	1	0.14	0.14	0.1204	
574	1	0.14	0.14	0.1204	
575	1	0.14	0.14	0.1204	
576	1	0.15	0.15	0.1275	
577	1	0.14	0.14	0.1204	
578	1	0.13	0.13	0.1131	
579	1	0.14	0.14	0.1204	
580	1	0.14	0.14	0.1204	
581	1	0.17	0.17	0.1411	
582	1	0.15	0.15	0.1275	
583	1	0.15	0.15	0.1275	
584	1	0.16	0.16	0.1344	
585	1	0.16	0.16	0.1344	
586	1	0.15	0.15	0.1275	
587	1	0.15	0.15	0.1275	
588	1	0.13	0.13	0.1131	
589	1	0.13	0.13	0.1131	
590	1	0.11	0.11	0.0979	
591	1	0.11	0.11	0.0979	
592	1	0.11	0.11	0.0979	
593	1	0.11	0.11	0.0979	
594	1	0.1	0.1	0.09	
595	1	0.11	0.11	0.0979	
596	1	0.09	0.09	0.0819	
597	1	0.12	0.12	0.1056	
598	1	0.11	0.11	0.0979	
599	1	0.12	0.12	0.1056	
600	1	0.13	0.13	0.1131	
601	1	0.15	0.15	0.1275	
602	1	0.16	0.16	0.1344	
603	1	0.16	0.16	0.1344	
604	1	0.16	0.16	0.1344	
605	1	0.16	0.16	0.1344	
606	1	0.17	0.17	0.1411	
607	1	0.15	0.15	0.1275	
608	1	0.13	0.13	0.1131	
609	1	0.12	0.12	0.1056	
610	1	0.13	0.13	0.1131	
611	1	0.14	0.14	0.1204	
612	1	0.12	0.12	0.1056	
613	1	0.12	0.12	0.1056	
614	1	0.12	0.12	0.1056	
615	1	0.11	0.11	0.0979	
616	1	0.12	0.12	0.1056	
617	1	0.12	0.12	0.1056	
618	1	0.13	0.13	0.1131	
619	1	0.12	0.12	0.1056	
620	1	0.12	0.12	0.1056	
621	1	0.12	0.12	0.1056	
622	1	0.11	0.11	0.0979	
623	1	0.12	0.12	0.1056	
624	1	0.12	0.12	0.1056	
625	1	0.1	0.1	0.09	
626	1	0.09	0.09	0.0819	
627	1	0.08	0.08	0.0736	
628	1	0.08	0.08	0.0736	
629	1	0.08	0.08	0.0736	
630	1	0.11	0.11	0.0979	
631	1	0.1	0.1	0.09	
632	1	0.11	0.11	0.0979	
633	1	0.12	0.12	0.1056	
634	1	0.11	0.11	0.0979	
635	1	0.12	0.12	0.1056	
636	1	0.11	0.11	0.0979	
637	1	0.12	0.12	0.1056	
638	1	0.1	0.1	0.09	
639	1	0.1	0.1	0.09	
640	1	0.09	0.09	0.0819	
641	1	0.09	0.09	0.0819	
642	1	0.1	0.1	0.09	
643	1	0.1	0.1	0.09	
644	1	0.1	0.1	0.09	
645	1	0.09	0.09	0.0819	
646	1	0.11	0.11	0.0979	
647	1	0.11	0.11	0.0979	
648	1	0.1	0.1	0.09	
649	1	0.1	0.1	0.09	
650	1	0.12	0.12	0.1056	
651	1	0.13	0.13	0.1131	
652	1	0.12	0.12	0.1056	
653	1	0.12	0.12	0.1056	
654	1	0.13	0.13	0.1131	
655	1	0.13	0.13	0.1131	
656	1	0.14	0.14	0.1204	
657	1	0.13	0.13	0.1131	
658	1	0.13	0.13	0.1131	
659	1	0.1	0.1	0.09	
660	1	0.1	0.1	0.09	
661	1	0.08	0.08	0.0736	
662	1	0.09	0.09	0.0819	
663	1	0.11	0.11	0.0979	
664	1	0.12	0.12	0.1056	
665	1	0.12	0.12	0.1056	
666	1	0.12	0.12	0.1056	
667	1	0.11	0.11	0.0979	
668	1	0.12	0.12	0.1056	
669	1	0.13	0.13	0.1131	
670	1	0.16	0.16	0.1344	
671	1	0.16	0.16	0.1344	
672	1	0.14	0.14	0.1204	
673	1	0.12	0.12	0.1056	
674	1	0.13	0.13	0.1131	
675	1	0.11	0.11	0.0979	
676	1	0.11	0.11	0.0979	
677	1	0.11	0.11	0.0979	
678	1	0.11	0.11	0.0979	
679	1	0.11	0.11	0.0979	
680	1	0.09	0.09	0.0819	
681	1	0.09	0.09	0.0819	
682	1	0.09	0.09	0.0819	
683	1	0.11	0.11	0.0979	
684	1	0.11	0.11	0.0979	
685	1	0.14	0.14	0.1204	
686	1	0.13	0.13	0.1131	
687	1	0.12	0.12	0.1056	
688	1	0.1	0.1	0.09	
689	1	0.13	0.13	0.1131	
690	1	0.13	0.13	0.1131	
691	1	0.14	0.14	0.1204	
692	1	0.11	0.11	0.0979	
693	1	0.14	0.14	0.1204	
694	1	0.13	0.13	0.1131	
695	1	0.13	0.13	0.1131	
696	1	0.13	0.13	0.1131	
697	1	0.15	0.15	0.1275	
698	1	0.12	0.12	0.1056	
699	1	0.1	0.1	0.09	
700	1	0.12	0.12	0.1056	
701	1	0.12	0.12	0.1056	
702	1	0.13	0.13	0.1131	
703	1	0.12	0.12	0.1056	
704	1	0.1	0.1	0.09	
705	1	0.1	0.1	0.09	
706	1	0.09	0.09	0.0819	
707	1	0.09	0.09	0.0819	
708	1	0.1	0.1	0.09	
709	1	0.1	0.1	0.09	
710	1	0.12	0.12	0.1056	
711	1	0.11	0.11	0.0979	
712	1	0.1	0.1	0.09	
713	1	0.14	0.14	0.1204	
714	1	0.14	0.14	0.1204	
715	1	0.14	0.14	0.1204	
716	1	0.13	0.13	0.1131	
717	1	0.15	0.15	0.1275	
718	1	0.13	0.13	0.1131	
719	1	0.14	0.14	0.1204	
720	1	0.15	0.15	0.1275	
721	1	0.12	0.12	0.1056	
722	1	0.12	0.12	0.1056	
723	1	0.13	0.13	0.1131	
724	1	0.13	0.13	0.1131	
725	1	0.13	0.13	0.1131	
726	1	0.12	0.12	0.1056	
727	1	0.13	0.13	0.1131	
728	1	0.13	0.13	0.1131	
729	1	0.15	0.15	0.1275	
730	1	0.14	0.14	0.1204	
731	1	0.12	0.12	0.1056	
732	1	0.13	0.13	0.1131	
733	1	0.14	0.14	0.1204	
734	1	0.15	0.15	0.1275	
735	1	0.15	0.15	0.1275	
736	1	0.15	0.15	0.1275	
737	1	0.16	0.16	0.1344	
738	1	0.17	0.17	0.1411	
739	1	0.17	0.17	0.1411	
740	1	0.18	0.18	0.1476	
741	1	0.18	0.18	0.1476	
742	1	0.16	0.16	0.1344	
743	1	0.16	0.16	0.1344	
744	1	0.17	0.17	0.1411	
745	1	0.18	0.18	0.1476	
746	1	0.17	0.17	0.1411	
747	1	0.17	0.17	0.1411	
748	1	0.16	0.16	0.1344	
749	1	0.17	0.17	0.1411	
750	1	0.16	0.16	0.1344	
751	1	0.16	0.16	0.1344	
752	1	0.15	0.15	0.1275	
753	1	0.16	0.16	0.1344	
754	1	0.15	0.15	0.1275	
755	1	0.17	0.17	0.1411	
756	1	0.19	0.19	0.1539	
757	1	0.18	0.18	0.1476	
758	1	0.16	0.16	0.1344	
759	1	0.16	0.16	0.1344	
760	1	0.16	0.16	0.1344	
761	1	0.18	0.18	0.1476	
762	1	0.18	0.18	0.1476	
763	1	0.17	0.17	0.1411	
764	1	0.18	0.18	0.1476	
765	1	0.19	0.19	0.1539	
766	1	0.19	0.19	0.1539	
767	1	0.16	0.16	0.1344	
768	1	0.17	0.17	0.1411	
769	1	0.2	0.2	0.16	
770	1	0.19	0.19	0.1539	
771	1	0.19	0.19	0.1539	
772	1	0.18	0.18	0.1476	
773	1	0.2	0.2	0.16	
774	1	0.19	0.19	0.1539	
775	1	0.19	0.19	0.1539	
776	1	0.18	0.18	0.1476	
777	1	0.15	0.15	0.1275	
778	1	0.16	0.16	0.1344	
779	1	0.16	0.16	0.1344	
780	1	0.16	0.16	0.1344	
781	1	0.15	0.15	0.1275	
782	1	0.14	0.14	0.1204	
783	1	0.13	0.13	0.1131	
784	1	0.15	0.15	0.1275	
785	1	0.15	0.15	0.1275	
786	1	0.12	0.12	0.1056	
787	1	0.12	0.12	0.1056	
788	1	0.1	0.1	0.09	
789	1	0.09	0.09	0.0819	
790	1	0.11	0.11	0.0979	
791	1	0.11	0.11	0.0979	
792	1	0.14	0.14	0.1204	
793	1	0.14	0.14	0.1204	
794	1	0.13	0.13	0.1131	
795	1	0.11	0.11	0.0979	
796	1	0.11	0.11	0.0979	
797	1	0.12	0.12	0.1056	
798	1	0.12	0.12	0.1056	
799	1	0.13	0.13	0.1131	
800	1	0.12	0.12	0.1056	
801	1	0.14	0.14	0.1204	
802	1	0.13	0.13	0.1131	
803	1	0.14	0.14	0.1204	
804	1	0.13	0.13	0.1131	
805	1	0.13	0.13	0.1131	
806	1	0.13	0.13	0.1131	
807	1	0.15	0.15	0.1275	
808	1	0.14	0.14	0.1204	
809	1	0.13	0.13	0.1131	
810	1	0.12	0.12	0.1056	
811	1	0.12	0.12	0.1056	
812	1	0.11	0.11	0.0979	
813	1	0.11	0.11	0.0979	
814	1	0.11	0.11	0.0979	
815	1	0.14	0.14	0.1204	
816	1	0.14	0.14	0.1204	
817	1	0.13	0.13	0.1131	
818	1	0.12	0.12	0.1056	
819	1	0.1	0.1	0.09	
820	1	0.1	0.1	0.09	
821	1	0.1	0.1	0.09	
822	1	0.11	0.11	0.0979	
823	1	0.12	0.12	0.1056	
824	1	0.13	0.13	0.1131	
825	1	0.13	0.13	0.1131	
826	1	0.13	0.13	0.1131	
827	1	0.12	0.12	0.1056	
828	1	0.14	0.14	0.1204	
829	1	0.12	0.12	0.1056	
830	1	0.1	0.1	0.09	
831	1	0.1	0.1	0.09	
832	1	0.11	0.11	0.0979	
833	1	0.12	0.12	0.1056	
834	1	0.11	0.11	0.0979	
835	1	0.1	0.1	0.09	
836	1	0.1	0.1	0.09	
837	1	0.1	0.1	0.09	
838	1	0.09	0.09	0.0819	
839	1	0.1	0.1	0.09	
840	1	0.1	0.1	0.09	
841	1	0.1	0.1	0.09	
842	1	0.09	0.09	0.0819	
843	1	0.08	0.08	0.0736	
844	1	0.09	0.09	0.0819	
845	1	0.1	0.1	0.09	
846	1	0.1	0.1	0.09	
847	1	0.11	0.11	0.0979	
848	1	0.13	0.13	0.1131	
849	1	0.13	0.13	0.1131	
850	1	0.12	0.12	0.1056	
851	1	0.11	0.11	0.0979	
852	1	0.09	0.09	0.0819	
853	1	0.13	0.13	0.1131	
854	1	0.1	0.1	0.09	
855	1	0.12	0.12	0.1056	
856	1	0.12	0.12	0.1056	
857	1	0.1	0.1	0.09	
858	1	0.13	0.13	0.1131	
859	1	0.12	0.12	0.1056	
860	1	0.13	0.13	0.1131	
861	1	0.12	0.12	0.1056	
862	1	0.13	0.13	0.1131	
863	1	0.13	0.13	0.1131	
864	1	0.15	0.15	0.1275	
865	1	0.15	0.15	0.1275	
866	1	0.13	0.13	0.1131	
867	1	0.13	0.13	0.1131	
868	1	0.13	0.13	0.1131	
869	1	0.15	0.15	0.1275	
870	1	0.16	0.16	0.1344	
871	1	0.18	0.18	0.1476	
872	1	0.19	0.19	0.1539	
873	1	0.16	0.16	0.1344	
874	1	0.15	0.15	0.1275	
875	1	0.16	0.16	0.1344	
876	1	0.15	0.15	0.1275	
877	1	0.14	0.14	0.1204	
878	1	0.12	0.12	0.1056	
879	1	0.11	0.11	0.0979	
880	1	0.1	0.1	0.09	
881	1	0.09	0.09	0.0819	
882	1	0.09	0.09	0.0819	
883	1	0.1	0.1	0.09	
884	1	0.09	0.09	0.0819	
885	1	0.07	0.07	0.0651	
886	1	0.08	0.08	0.0736	
887	1	0.1	0.1	0.09	
888	1	0.1	0.1	0.09	
889	1	0.12	0.12	0.1056	
890	1	0.11	0.11	0.0979	
891	1	0.1	0.1	0.09	
892	1	0.11	0.11	0.0979	
893	1	0.1	0.1	0.09	
894	1	0.1	0.1	0.09	
895	1	0.09	0.09	0.0819	
896	1	0.07	0.07	0.0651	
897	1	0.08	0.08	0.0736	
898	1	0.08	0.08	0.0736	
899	1	0.07	0.07	0.0651	
900	1	0.08	0.08	0.0736	
901	1	0.09	0.09	0.0819	
902	1	0.1	0.1	0.09	
903	1	0.1	0.1	0.09	
904	1	0.1	0.1	0.09	
905	1	0.1	0.1	0.09	
906	1	0.11	0.11	0.0979	
907	1	0.1	0.1	0.09	
908	1	0.11	0.11	0.0979	
909	1	0.1	0.1	0.09	
910	1	0.1	0.1	0.09	
911	1	0.1	0.1	0.09	
912	1	0.1	0.1	0.09	
913	1	0.09	0.09	0.0819	
914	1	0.09	0.09	0.0819	
915	1	0.1	0.1	0.09	
916	1	0.12	0.12	0.1056	
917	1	0.12	0.12	0.1056	
918	1	0.15	0.15	0.1275	
919	1	0.15	0.15	0.1275	
920	1	0.14	0.14	0.1204	
921	1	0.15	0.15	0.1275	
922	1	0.16	0.16	0.1344	
923	1	0.15	0.15	0.1275	
924	1	0.14	0.14	0.1204	
925	1	0.13	0.13	0.1131	
926	1	0.13	0.13	0.1131	
927	1	0.11	0.11	0.0979	
928	1	0.12	0.12	0.1056	
929	1	0.11	0.11	0.0979	
930	1	0.11	0.11	0.0979	
931	1	0.11	0.11	0.0979	
932	1	0.11	0.11	0.0979	
933	1	0.1	0.1	0.09	
934	1	0.09	0.09	0.0819	
935	1	0.11	0.11	0.0979	
936	1	0.09	0.09	0.0819	
937	1	0.08	0.08	0.0736	
938	1	0.1	0.1	0.09	
939	1	0.13	0.13	0.1131	
940	1	0.15	0.15	0.1275	
941	1	0.17	0.17	0.1411	
942	1	0.16	0.16	0.1344	
943	1	0.21	0.21	0.1659	
944	1	0.21	0.21	0.1659	
945	1	0.21	0.21	0.1659	
946	1	0.21	0.21	0.1659	
947	1	0.22	0.22	0.1716	
948	1	0.21	0.21	0.1659	
949	1	0.2	0.2	0.16	
950	1	0.2	0.2	0.16	
951	1	0.2	0.2	0.16	
952	1	0.2	0.2	0.16	
953	1	0.22	0.22	0.1716	
954	1	0.2	0.2	0.16	
955	1	0.2	0.2	0.16	
956	1	0.22	0.22	0.1716	
957	1	0.21	0.21	0.1659	
958	1	0.19	0.19	0.1539	
959	1	0.17	0.17	0.1411	
960	1	0.17	0.17	0.1411	
961	1	0.17	0.17	0.1411	
962	1	0.18	0.18	0.1476	
963	1	0.16	0.16	0.1344	
964	1	0.15	0.15	0.1275	
965	1	0.16	0.16	0.1344	
966	1	0.16	0.16	0.1344	
967	1	0.17	0.17	0.1411	
968	1	0.15	0.15	0.1275	
969	1	0.14	0.14	0.1204	
970	1	0.16	0.16	0.1344	
971	1	0.15	0.15	0.1275	
972	1	0.17	0.17	0.1411	
973	1	0.18	0.18	0.1476	
974	1	0.19	0.19	0.1539	
975	1	0.16	0.16	0.1344	
976	1	0.16	0.16	0.1344	
977	1	0.13	0.13	0.1131	
978	1	0.14	0.14	0.1204	
979	1	0.15	0.15	0.1275	
980	1	0.15	0.15	0.1275	
981	1	0.17	0.17	0.1411	
982	1	0.16	0.16	0.1344	
983	1	0.15	0.15	0.1275	
984	1	0.15	0.15	0.1275	
985	1	0.13	0.13	0.1131	
986	1	0.12	0.12	0.1056	
987	1	0.12	0.12	0.1056	
988	1	0.11	0.11	0.0979	
989	1	0.1	0.1	0.09	
990	1	0.11	0.11	0.0979	
991	1	0.13	0.13	0.1131	
992	1	0.14	0.14	0.1204	
993	1	0.15	0.15	0.1275	
994	1	0.14	0.14	0.1204	
995	1	0.12	0.12	0.1056	
996	1	0.12	0.12	0.1056	
997	1	0.12	0.12	0.1056	
998	1	0.12	0.12	0.1056	
999	1	0.13	0.13	0.1131	
1000	1	0.11	0.11	0.0979	
1001	1	0.12	0.12	0.1056	
1002	1	0.12	0.12	0.1056	
1003	1	0.11	0.11	0.0979	
1004	1	0.1	0.1	0.09	
1005	1	0.09	0.09	0.0819	
1006	1	0.11	0.11	0.0979	
1007	1	0.11	0.11	0.0979	
1008	1	0.1	0.1	0.09	
1009	1	0.11	0.11	0.0979	
1010	1	0.1	0.1	0.09	
1011	1	0.09	0.09	0.0819	
1012	1	0.08	0.08	0.0736	
1013	1	0.09	0.09	0.0819	
1014	1	0.1	0.1	0.09	
1015	1	0.1	0.1	0.09	
1016	1	0.1	0.1	0.09	
1017	1	0.11	0.11	0.0979	
1018	1	0.12	0.12	0.1056	
1019	1	0.12	0.12	0.1056	
1020	1	0.12	0.12	0.1056	
1021	1	0.1	0.1	0.09	
1022	1	0.09	0.09	0.0819	
1023	1	0.1	0.1	0.09	
1024	1	0.08	0.08	0.0736	
1025	1	0.1	0.1	0.09	
1026	1	0.09	0.09	0.0819	
1027	1	0.08	0.08	0.0736	
1028	1	0.09	0.09	0.0819	
1029	1	0.11	0.11	0.0979	
1030	1	0.1	0.1	0.09	
1031	1	0.11	0.11	0.0979	
1032	1	0.1	0.1	0.09	
1033	1	0.13	0.13	0.1131	
1034	1	0.15	0.15	0.1275	
1035	1	0.14	0.14	0.1204	
1036	1	0.15	0.15	0.1275	
1037	1	0.16	0.16	0.1344	
1038	1	0.17	0.17	0.1411	
1039	1	0.17	0.17	0.1411	
1040	1	0.17	0.17	0.1411	
1041	1	0.16	0.16	0.1344	
1042	1	0.17	0.17	0.1411	
1043	1	0.16	0.16	0.1344	
1044	1	0.16	0.16	0.1344	
1045	1	0.15	0.15	0.1275	
1046	1	0.14	0.14	0.1204	
1047	1	0.14	0.14	0.1204	
1048	1	0.15	0.15	0.1275	
1049	1	0.16	0.16	0.1344	
1050	1	0.17	0.17	0.1411	
1051	1	0.15	0.15	0.1275	
1052	1	0.15	0.15	0.1275	
1053	1	0.17	0.17	0.1411	
1054	1	0.17	0.17	0.1411	
1055	1	0.17	0.17	0.1411	
1056	1	0.18	0.18	0.1476	
1057	1	0.18	0.18	0.1476	
1058	1	0.18	0.18	0.1476	
1059	1	0.18	0.18	0.1476	
1060	1	0.17	0.17	0.1411	
1061	1	0.19	0.19	0.1539	
1062	1	0.18	0.18	0.1476	
1063	1	0.18	0.18	0.1476	
1064	1	0.15	0.15	0.1275	
1065	1	0.16	0.16	0.1344	
1066	1	0.15	0.15	0.1275	
1067	1	0.14	0.14	0.1204	
1068	1	0.13	0.13	0.1131	
1069	1	0.14	0.14	0.1204	
1070	1	0.16	0.16	0.1344	
1071	1	0.15	0.15	0.1275	
1072	1	0.14	0.14	0.1204	
1073	1	0.12	0.12	0.1056	
1074	1	0.11	0.11	0.0979	
1075	1	0.11	0.11	0.0979	
1076	1	0.1	0.1	0.09	
1077	1	0.1	0.1	0.09	
1078	1	0.13	0.13	0.1131	
1079	1	0.14	0.14	0.1204	
1080	1	0.14	0.14	0.1204	
1081	1	0.15	0.15	0.1275	
1082	1	0.17	0.17	0.1411	
1083	1	0.19	0.19	0.1539	
1084	1	0.17	0.17	0.1411	
1085	1	0.17	0.17	0.1411	
1086	1	0.17	0.17	0.1411	
1087	1	0.18	0.18	0.1476	
1088	1	0.19	0.19	0.1539	
1089	1	0.19	0.19	0.1539	
1090	1	0.2	0.2	0.16	
1091	1	0.21	0.21	0.1659	
1092	1	0.2	0.2	0.16	
1093	1	0.19	0.19	0.1539	
1094	1	0.19	0.19	0.1539	
1095	1	0.19	0.19	0.1539	
1096	1	0.18	0.18	0.1476	
1097	1	0.16	0.16	0.1344	
1098	1	0.17	0.17	0.1411	
1099	1	0.17	0.17	0.1411	
1100	1	0.18	0.18	0.1476	
1101	1	0.19	0.19	0.1539	
1102	1	0.19	0.19	0.1539	
1103	1	0.2	0.2	0.16	
1104	1	0.19	0.19	0.1539	
1105	1	0.18	0.18	0.1476	
1106	1	0.17	0.17	0.1411	
1107	1	0.18	0.18	0.1476	
1108	1	0.19	0.19	0.1539	
1109	1	0.21	0.21	0.1659	
1110	1	0.24	0.24	0.1824	
1111	1	0.22	0.22	0.1716	
1112	1	0.21	0.21	0.1659	
1113	1	0.19	0.19	0.1539	
1114	1	0.18	0.18	0.1476	
1115	1	0.17	0.17	0.1411	
1116	1	0.19	0.19	0.1539	
1117	1	0.19	0.19	0.1539	
1118	1	0.2	0.2	0.16	
1119	1	0.19	0.19	0.1539	
1120	1	0.19	0.19	0.1539	
1121	1	0.18	0.18	0.1476	
1122	1	0.18	0.18	0.1476	
1123	1	0.19	0.19	0.1539	
1124	1	0.17	0.17	0.1411	
1125	1	0.19	0.19	0.1539	
1126	1	0.2	0.2	0.16	
1127	1	0.17	0.17	0.1411	
1128	1	0.16	0.16	0.1344	
1129	1	0.15	0.15	0.1275	
1130	1	0.14	0.14	0.1204	
1131	1	0.14	0.14	0.1204	
1132	1	0.15	0.15	0.1275	
1133	1	0.14	0.14	0.1204	
1134	1	0.12	0.12	0.1056	
1135	1	0.13	0.13	0.1131	
1136	1	0.12	0.12	0.1056	
1137	1	0.12	0.12	0.1056	
1138	1	0.12	0.12	0.1056	
1139	1	0.12	0.12	0.1056	
1140	1	0.13	0.13	0.1131	
1141	1	0.15	0.15	0.1275	
1142	1	0.14	0.14	0.1204	
1143	1	0.13	0.13	0.1131	
1144	1	0.14	0.14	0.1204	
1145	1	0.15	0.15	0.1275	
1146	1	0.15	0.15	0.1275	
1147	1	0.15	0.15	0.1275	
1148	1	0.15	0.15	0.1275	
1149	1	0.15	0.15	0.1275	
1150	1	0.13	0.13	0.1131	
1151	1	0.14	0.14	0.1204	
1152	1	0.15	0.15	0.1275	
1153	1	0.14	0.14	0.1204	
1154	1	0.14	0.14	0.1204	
1155	1	0.16	0.16	0.1344	
1156	1	0.15	0.15	0.1275	
1157	1	0.13	0.13	0.1131	
1158	1	0.14	0.14	0.1204	
1159	1	0.13	0.13	0.1131	
1160	1	0.13	0.13	0.1131	
1161	1	0.14	0.14	0.1204	
1162	1	0.14	0.14	0.1204	
1163	1	0.14	0.14	0.1204	
1164	1	0.14	0.14	0.1204	
1165	1	0.14	0.14	0.1204	
1166	1	0.12	0.12	0.1056	
1167	1	0.13	0.13	0.1131	
1168	1	0.14	0.14	0.1204	
1169	1	0.14	0.14	0.1204	
1170	1	0.13	0.13	0.1131	
1171	1	0.13	0.13	0.1131	
1172	1	0.13	0.13	0.1131	
1173	1	0.13	0.13	0.1131	
1174	1	0.14	0.14	0.1204	
1175	1	0.14	0.14	0.1204	
1176	1	0.16	0.16	0.1344	
1177	1	0.17	0.17	0.1411	
1178	1	0.17	0.17	0.1411	
1179	1	0.16	0.16	0.1344	
1180	1	0.16	0.16	0.1344	
1181	1	0.16	0.16	0.1344	
1182	1	0.14	0.14	0.1204	
1183	1	0.13	0.13	0.1131	
1184	1	0.11	0.11	0.0979	
1185	1	0.1	0.1	0.09	
1186	1	0.11	0.11	0.0979	
1187	1	0.12	0.12	0.1056	
1188	1	0.14	0.14	0.1204	
1189	1	0.14	0.14	0.1204	
1190	1	0.14	0.14	0.1204	
1191	1	0.12	0.12	0.1056	
1192	1	0.13	0.13	0.1131	
1193	1	0.13	0.13	0.1131	
1194	1	0.12	0.12	0.1056	
1195	1	0.14	0.14	0.1204	
1196	1	0.14	0.14	0.1204	
1197	1	0.14	0.14	0.1204	
1198	1	0.14	0.14	0.1204	
1199	1	0.13	0.13	0.1131	
1200	1	0.13	0.13	0.1131	
1201	1	0.13	0.13	0.1131	
1202	1	0.14	0.14	0.1204	
1203	1	0.12	0.12	0.1056	
1204	1	0.12	0.12	0.1056	
1205	1	0.11	0.11	0.0979	
1206	1	0.11	0.11	0.0979	
1207	1	0.12	0.12	0.1056	
1208	1	0.12	0.12	0.1056	
1209	1	0.14	0.14	0.1204	
1210	1	0.14	0.14	0.1204	
1211	1	0.13	0.13	0.1131	
1212	1	0.13	0.13	0.1131	
1213	1	0.13	0.13	0.1131	
1214	1	0.11	0.11	0.0979	
1215	1	0.13	0.13	0.1131	
1216	1	0.15	0.15	0.1275	
1217	1	0.14	0.14	0.1204	
1218	1	0.14	0.14	0.1204	
1219	1	0.15	0.15	0.1275	
1220	1	0.16	0.16	0.1344	
1221	1	0.15	0.15	0.1275	
1222	1	0.16	0.16	0.1344	
1223	1	0.18	0.18	0.1476	
1224	1	0.17	0.17	0.1411	
1225	1	0.16	0.16	0.1344	
1226	1	0.14	0.14	0.1204	
1227	1	0.13	0.13	0.1131	
1228	1	0.12	0.12	0.1056	
1229	1	0.12	0.12	0.1056	
1230	1	0.13	0.13	0.1131	
1231	1	0.13	0.13	0.1131	
1232	1	0.13	0.13	0.1131	
1233	1	0.14	0.14	0.1204	
1234	1	0.16	0.16	0.1344	
1235	1	0.16	0.16	0.1344	
1236	1	0.16	0.16	0.1344	
1237	1	0.15	0.15	0.1275	
1238	1	0.14	0.14	0.1204	
1239	1	0.13	0.13	0.1131	
1240	1	0.17	0.17	0.1411	
1241	1	0.18	0.18	0.1476	
1242	1	0.17	0.17	0.1411	
1243	1	0.16	0.16	0.1344	
1244	1	0.16	0.16	0.1344	
1245	1	0.17	0.17	0.1411	
1246	1	0.19	0.19	0.1539	
1247	1	0.2	0.2	0.16	
1248	1	0.22	0.22	0.1716	
1249	1	0.2	0.2	0.16	
1250	1	0.19	0.19	0.1539	
1251	1	0.2	0.2	0.16	
1252	1	0.19	0.19	0.1539	
1253	1	0.19	0.19	0.1539	
1254	1	0.17	0.17	0.1411	
1255	1	0.17	0.17	0.1411	
1256	1	0.16	0.16	0.1344	
1257	1	0.14	0.14	0.1204	
1258	1	0.14	0.14	0.1204	
1259	1	0.15	0.15	0.1275	
1260	1	0.16	0.16	0.1344	
1261	1	0.15	0.15	0.1275	
1262	1	0.16	0.16	0.1344	
1263	1	0.15	0.15	0.1275	
1264	1	0.16	0.16	0.1344	
1265	1	0.16	0.16	0.1344	
1266	1	0.15	0.15	0.1275	
1267	1	0.15	0.15	0.1275	
1268	1	0.15	0.15	0.1275	
1269	1	0.16	0.16	0.1344	
1270	1	0.17	0.17	0.1411	
1271	1	0.15	0.15	0.1275	
1272	1	0.16	0.16	0.1344	
1273	1	0.16	0.16	0.1344	
1274	1	0.17	0.17	0.1411	
1275	1	0.17	0.17	0.1411	
1276	1	0.15	0.15	0.1275	
1277	1	0.13	0.13	0.1131	
1278	1	0.13	0.13	0.1131	
1279	1	0.13	0.13	0.1131	
1280	1	0.13	0.13	0.1131	
1281	1	0.13	0.13	0.1131	
1282	1	0.11	0.11	0.0979	
1283	1	0.12	0.12	0.1056	
1284	1	0.12	0.12	0.1056	
1285	1	0.11	0.11	0.0979	
1286	1	0.11	0.11	0.0979	
1287	1	0.1	0.1	0.09	
1288	1	0.1	0.1	0.09	
1289	1	0.1	0.1	0.09	
1290	1	0.1	0.1	0.09	
1291	1	0.11	0.11	0.0979	
1292	1	0.1	0.1	0.09	
1293	1	0.09	0.09	0.0819	
1294	1	0.1	0.1	0.09	
1295	1	0.12	0.12	0.1056	
1296	1	0.11	0.11	0.0979	
1297	1	0.11	0.11	0.0979	
1298	1	0.11	0.11	0.0979	
1299	1	0.09	0.09	0.0819	
1300	1	0.11	0.11	0.0979	
1301	1	0.12	0.12	0.1056	
1302	1	0.14	0.14	0.1204	
1303	1	0.13	0.13	0.1131	
1304	1	0.14	0.14	0.1204	
1305	1	0.15	0.15	0.1275	
1306	1	0.16	0.16	0.1344	
1307	1	0.15	0.15	0.1275	
1308	1	0.14	0.14	0.1204	
1309	1	0.14	0.14	0.1204	
1310	1	0.15	0.15	0.1275	
1311	1	0.18	0.18	0.1476	
1312	1	0.18	0.18	0.1476	
1313	1	0.18	0.18	0.1476	
1314	1	0.19	0.19	0.1539	
1315	1	0.17	0.17	0.1411	
1316	1	0.17	0.17	0.1411	
1317	1	0.18	0.18	0.1476	
1318	1	0.19	0.19	0.1539	
1319	1	0.17	0.17	0.1411	
1320	1	0.18	0.18	0.1476	
1321	1	0.17	0.17	0.1411	
1322	1	0.18	0.18	0.1476	
1323	1	0.16	0.16	0.1344	
1324	1	0.16	0.16	0.1344	
1325	1	0.18	0.18	0.1476	
1326	1	0.18	0.18	0.1476	
1327	1	0.17	0.17	0.1411	
1328	1	0.17	0.17	0.1411	
1329	1	0.16	0.16	0.1344	
1330	1	0.18	0.18	0.1476	
1331	1	0.18	0.18	0.1476	
1332	1	0.2	0.2	0.16	
1333	1	0.2	0.2	0.16	
1334	1	0.19	0.19	0.1539	
1335	1	0.2	0.2	0.16	
1336	1	0.18	0.18	0.1476	
1337	1	0.19	0.19	0.1539	
1338	1	0.18	0.18	0.1476	
1339	1	0.17	0.17	0.1411	
1340	1	0.16	0.16	0.1344	
1341	1	0.17	0.17	0.1411	
1342	1	0.17	0.17	0.1411	
1343	1	0.18	0.18	0.1476	
1344	1	0.2	0.2	0.16	
1345	1	0.2	0.2	0.16	
1346	1	0.2	0.2	0.16	
1347	1	0.18	0.18	0.1476	
1348	1	0.2	0.2	0.16	
1349	1	0.2	0.2	0.16	
1350	1	0.18	0.18	0.1476	
1351	1	0.17	0.17	0.1411	
1352	1	0.16	0.16	0.1344	
1353	1	0.17	0.17	0.1411	
1354	1	0.18	0.18	0.1476	
1355	1	0.17	0.17	0.1411	
1356	1	0.15	0.15	0.1275	
1357	1	0.15	0.15	0.1275	
1358	1	0.16	0.16	0.1344	
1359	1	0.18	0.18	0.1476	
1360	1	0.18	0.18	0.1476	
1361	1	0.18	0.18	0.1476	
1362	1	0.17	0.17	0.1411	
1363	1	0.17	0.17	0.1411	
1364	1	0.17	0.17	0.1411	
1365	1	0.16	0.16	0.1344	
1366	1	0.13	0.13	0.1131	
1367	1	0.14	0.14	0.1204	
1368	1	0.15	0.15	0.1275	
1369	1	0.17	0.17	0.1411	
1370	1	0.17	0.17	0.1411	
1371	1	0.19	0.19	0.1539	
1372	1	0.2	0.2	0.16	
1373	1	0.19	0.19	0.1539	
1374	1	0.19	0.19	0.1539	
1375	1	0.19	0.19	0.1539	
1376	1	0.19	0.19	0.1539	
1377	1	0.18	0.18	0.1476	
1378	1	0.21	0.21	0.1659	
1379	1	0.21	0.21	0.1659	
1380	1	0.2	0.2	0.16	
1381	1	0.18	0.18	0.1476	
1382	1	0.17	0.17	0.1411	
1383	1	0.16	0.16	0.1344	
1384	1	0.17	0.17	0.1411	
1385	1	0.18	0.18	0.1476	
1386	1	0.17	0.17	0.1411	
1387	1	0.16	0.16	0.1344	
1388	1	0.15	0.15	0.1275	
1389	1	0.16	0.16	0.1344	
1390	1	0.16	0.16	0.1344	
1391	1	0.15	0.15	0.1275	
1392	1	0.14	0.14	0.1204	
1393	1	0.14	0.14	0.1204	
1394	1	0.13	0.13	0.1131	
1395	1	0.12	0.12	0.1056	
1396	1	0.14	0.14	0.1204	
1397	1	0.17	0.17	0.1411	
1398	1	0.18	0.18	0.1476	
1399	1	0.18	0.18	0.1476	
1400	1	0.18	0.18	0.1476	
1401	1	0.18	0.18	0.1476	
1402	1	0.18	0.18	0.1476	
1403	1	0.2	0.2	0.16	
1404	1	0.19	0.19	0.1539	
1405	1	0.18	0.18	0.1476	
1406	1	0.17	0.17	0.1411	
1407	1	0.15	0.15	0.1275	
1408	1	0.15	0.15	0.1275	
1409	1	0.14	0.14	0.1204	
1410	1	0.13	0.13	0.1131	
1411	1	0.15	0.15	0.1275	
1412	1	0.14	0.14	0.1204	
1413	1	0.13	0.13	0.1131	
1414	1	0.11	0.11	0.0979	
1415	1	0.13	0.13	0.1131	
1416	1	0.12	0.12	0.1056	
1417	1	0.12	0.12	0.1056	
1418	1	0.12	0.12	0.1056	
1419	1	0.14	0.14	0.1204	
1420	1	0.15	0.15	0.1275	
1421	1	0.17	0.17	0.1411	
1422	1	0.19	0.19	0.1539	
1423	1	0.19	0.19	0.1539	
1424	1	0.19	0.19	0.1539	
1425	1	0.18	0.18	0.1476	
1426	1	0.18	0.18	0.1476	
1427	1	0.18	0.18	0.1476	
1428	1	0.21	0.21	0.1659	
1429	1	0.2	0.2	0.16	
1430	1	0.22	0.22	0.1716	
1431	1	0.22	0.22	0.1716	
1432	1	0.19	0.19	0.1539	
1433	1	0.18	0.18	0.1476	
1434	1	0.17	0.17	0.1411	
1435	1	0.19	0.19	0.1539	
1436	1	0.21	0.21	0.1659	
1437	1	0.24	0.24	0.1824	
1438	1	0.22	0.22	0.1716	
1439	1	0.24	0.24	0.1824	
1440	1	0.25	0.25	0.1875	
1441	1	0.24	0.24	0.1824	
1442	1	0.23	0.23	0.1771	
1443	1	0.21	0.21	0.1659	
1444	1	0.19	0.19	0.1539	
1445	1	0.19	0.19	0.1539	
1446	1	0.21	0.21	0.1659	
1447	1	0.18	0.18	0.1476	
1448	1	0.19	0.19	0.1539	
1449	1	0.2	0.2	0.16	
1450	1	0.21	0.21	0.1659	
1451	1	0.22	0.22	0.1716	
1452	1	0.24	0.24	0.1824	
1453	1	0.23	0.23	0.1771	
1454	1	0.21	0.21	0.1659	
1455	1	0.21	0.21	0.1659	
1456	1	0.24	0.24	0.1824	
1457	1	0.25	0.25	0.1875	
1458	1	0.26	0.26	0.1924	
1459	1	0.25	0.25	0.1875	
1460	1	0.26	0.26	0.1924	
1461	1	0.25	0.25	0.1875	
1462	1	0.24	0.24	0.1824	
1463	1	0.22	0.22	0.1716	
1464	1	0.2	0.2	0.16	
1465	1	0.22	0.22	0.1716	
1466	1	0.2	0.2	0.16	
1467	1	0.19	0.19	0.1539	
1468	1	0.17	0.17	0.1411	
1469	1	0.17	0.17	0.1411	
1470	1	0.15	0.15	0.1275	
1471	1	0.16	0.16	0.1344	
1472	1	0.16	0.16	0.1344	
1473	1	0.16	0.16	0.1344	
1474	1	0.18	0.18	0.1476	
1475	1	0.16	0.16	0.1344	
1476	1	0.15	0.15	0.1275	
1477	1	0.14	0.14	0.1204	
1478	1	0.14	0.14	0.1204	
1479	1	0.13	0.13	0.1131	
1480	1	0.13	0.13	0.1131	
1481	1	0.17	0.17	0.1411	
1482	1	0.19	0.19	0.1539	
1483	1	0.17	0.17	0.1411	
1484	1	0.17	0.17	0.1411	
1485	1	0.17	0.17	0.1411	
1486	1	0.18	0.18	0.1476	
1487	1	0.19	0.19	0.1539	
1488	1	0.19	0.19	0.1539	
1489	1	0.18	0.18	0.1476	
1490	1	0.18	0.18	0.1476	
1491	1	0.16	0.16	0.1344	
1492	1	0.17	0.17	0.1411	
1493	1	0.19	0.19	0.1539	
1494	1	0.18	0.18	0.1476	
1495	1	0.19	0.19	0.1539	
1496	1	0.22	0.22	0.1716	
1497	1	0.22	0.22	0.1716	
1498	1	0.22	0.22	0.1716	
1499	1	0.23	0.23	0.1771	
1500	1	0.22	0.22	0.1716	
1501	1	0.22	0.22	0.1716	
1502	1	0.21	0.21	0.1659	
1503	1	0.21	0.21	0.1659	
1504	1	0.22	0.22	0.1716	
1505	1	0.22	0.22	0.1716	
1506	1	0.24	0.24	0.1824	
1507	1	0.21	0.21	0.1659	
1508	1	0.2	0.2	0.16	
1509	1	0.21	0.21	0.1659	
1510	1	0.19	0.19	0.1539	
1511	1	0.19	0.19	0.1539	
1512	1	0.18	0.18	0.1476	
1513	1	0.16	0.16	0.1344	
1514	1	0.16	0.16	0.1344	
1515	1	0.17	0.17	0.1411	
1516	1	0.18	0.18	0.1476	
1517	1	0.2	0.2	0.16	
1518	1	0.21	0.21	0.1659	
1519	1	0.21	0.21	0.1659	
1520	1	0.2	0.2	0.16	
1521	1	0.19	0.19	0.1539	
1522	1	0.2	0.2	0.16	
1523	1	0.18	0.18	0.1476	
1524	1	0.18	0.18	0.1476	
1525	1	0.18	0.18	0.1476	
1526	1	0.15	0.15	0.1275	
1527	1	0.17	0.17	0.1411	
1528	1	0.17	0.17	0.1411	
1529	1	0.16	0.16	0.1344	
1530	1	0.15	0.15	0.1275	
1531	1	0.14	0.14	0.1204	
1532	1	0.15	0.15	0.1275	
1533	1	0.15	0.15	0.1275	
1534	1	0.14	0.14	0.1204	
1535	1	0.14	0.14	0.1204	
1536	1	0.15	0.15	0.1275	
1537	1	0.15	0.15	0.1275	
1538	1	0.15	0.15	0.1275	
1539	1	0.16	0.16	0.1344	
1540	1	0.14	0.14	0.1204	
1541	1	0.14	0.14	0.1204	
1542	1	0.14	0.14	0.1204	
1543	1	0.16	0.16	0.1344	
1544	1	0.17	0.17	0.1411	
1545	1	0.17	0.17	0.1411	
1546	1	0.19	0.19	0.1539	
1547	1	0.19	0.19	0.1539	
1548	1	0.18	0.18	0.1476	
1549	1	0.17	0.17	0.1411	
1550	1	0.18	0.18	0.1476	
1551	1	0.17	0.17	0.1411	
1552	1	0.16	0.16	0.1344	
1553	1	0.17	0.17	0.1411	
1554	1	0.17	0.17	0.1411	
1555	1	0.16	0.16	0.1344	
1556	1	0.16	0.16	0.1344	
1557	1	0.15	0.15	0.1275	
1558	1	0.13	0.13	0.1131	
1559	1	0.14	0.14	0.1204	
1560	1	0.13	0.13	0.1131	
1561	1	0.13	0.13	0.1131	
1562	1	0.14	0.14	0.1204	
1563	1	0.14	0.14	0.1204	
1564	1	0.14	0.14	0.1204	
1565	1	0.12	0.12	0.1056	
1566	1	0.12	0.12	0.1056	
1567	1	0.11	0.11	0.0979	
1568	1	0.1	0.1	0.09	
1569	1	0.1	0.1	0.09	
1570	1	0.09	0.09	0.0819	
1571	1	0.09	0.09	0.0819	
1572	1	0.08	0.08	0.0736	
1573	1	0.08	0.08	0.0736	
1574	1	0.09	0.09	0.0819	
1575	1	0.11	0.11	0.0979	
1576	1	0.11	0.11	0.0979	
1577	1	0.11	0.11	0.0979	
1578	1	0.12	0.12	0.1056	
1579	1	0.12	0.12	0.1056	
1580	1	0.11	0.11	0.0979	
1581	1	0.11	0.11	0.0979	
1582	1	0.12	0.12	0.1056	
1583	1	0.12	0.12	0.1056	
1584	1	0.11	0.11	0.0979	
1585	1	0.11	0.11	0.0979	
1586	1	0.14	0.14	0.1204	
1587	1	0.14	0.14	0.1204	
1588	1	0.14	0.14	0.1204	
1589	1	0.14	0.14	0.1204	
1590	1	0.13	0.13	0.1131	
1591	1	0.11	0.11	0.0979	
1592	1	0.11	0.11	0.0979	
1593	1	0.12	0.12	0.1056	
1594	1	0.13	0.13	0.1131	
1595	1	0.12	0.12	0.1056	
1596	1	0.12	0.12	0.1056	
1597	1	0.11	0.11	0.0979	
1598	1	0.12	0.12	0.1056	
1599	1	0.12	0.12	0.1056	
1600	1	0.11	0.11	0.0979	
1601	1	0.11	0.11	0.0979	
1602	1	0.12	0.12	0.1056	
1603	1	0.11	0.11	0.0979	
1604	1	0.14	0.14	0.1204	
1605	1	0.12	0.12	0.1056	
1606	1	0.13	0.13	0.1131	
1607	1	0.16	0.16	0.1344	
1608	1	0.15	0.15	0.1275	
1609	1	0.16	0.16	0.1344	
1610	1	0.18	0.18	0.1476	
1611	1	0.17	0.17	0.1411	
1612	1	0.17	0.17	0.1411	
1613	1	0.14	0.14	0.1204	
1614	1	0.13	0.13	0.1131	
1615	1	0.14	0.14	0.1204	
1616	1	0.14	0.14	0.1204	
1617	1	0.14	0.14	0.1204	
1618	1	0.15	0.15	0.1275	
1619	1	0.14	0.14	0.1204	
1620	1	0.14	0.14	0.1204	
1621	1	0.14	0.14	0.1204	
1622	1	0.15	0.15	0.1275	
1623	1	0.17	0.17	0.1411	
1624	1	0.15	0.15	0.1275	
1625	1	0.16	0.16	0.1344	
1626	1	0.15	0.15	0.1275	
1627	1	0.16	0.16	0.1344	
1628	1	0.15	0.15	0.1275	
1629	1	0.14	0.14	0.1204	
1630	1	0.15	0.15	0.1275	
1631	1	0.14	0.14	0.1204	
1632	1	0.14	0.14	0.1204	
1633	1	0.15	0.15	0.1275	
1634	1	0.15	0.15	0.1275	
1635	1	0.15	0.15	0.1275	
1636	1	0.15	0.15	0.1275	
1637	1	0.13	0.13	0.1131	
1638	1	0.14	0.14	0.1204	
1639	1	0.17	0.17	0.1411	
1640	1	0.17	0.17	0.1411	
1641	1	0.15	0.15	0.1275	
1642	1	0.17	0.17	0.1411	
1643	1	0.18	0.18	0.1476	
1644	1	0.19	0.19	0.1539	
1645	1	0.2	0.2	0.16	
1646	1	0.2	0.2	0.16	
1647	1	0.21	0.21	0.1659	
1648	1	0.22	0.22	0.1716	
1649	1	0.21	0.21	0.1659	
1650	1	0.19	0.19	0.1539	
1651	1	0.17	0.17	0.1411	
1652	1	0.15	0.15	0.1275	
1653	1	0.14	0.14	0.1204	
1654	1	0.13	0.13	0.1131	
1655	1	0.15	0.15	0.1275	
1656	1	0.15	0.15	0.1275	
1657	1	0.15	0.15	0.1275	
1658	1	0.15	0.15	0.1275	
1659	1	0.14	0.14	0.1204	
1660	1	0.15	0.15	0.1275	
1661	1	0.14	0.14	0.1204	
1662	1	0.14	0.14	0.1204	
1663	1	0.13	0.13	0.1131	
1664	1	0.12	0.12	0.1056	
1665	1	0.11	0.11	0.0979	
1666	1	0.11	0.11	0.0979	
1667	1	0.13	0.13	0.1131	
1668	1	0.12	0.12	0.1056	
1669	1	0.13	0.13	0.1131	
1670	1	0.11	0.11	0.0979	
1671	1	0.09	0.09	0.0819	
1672	1	0.09	0.09	0.0819	
1673	1	0.11	0.11	0.0979	
1674	1	0.11	0.11	0.0979	
1675	1	0.12	0.12	0.1056	
1676	1	0.1	0.1	0.09	
1677	1	0.1	0.1	0.09	
1678	1	0.12	0.12	0.1056	
1679	1	0.13	0.13	0.1131	
1680	1	0.12	0.12	0.1056	
1681	1	0.11	0.11	0.0979	
1682	1	0.09	0.09	0.0819	
1683	1	0.09	0.09	0.0819	
1684	1	0.1	0.1	0.09	
1685	1	0.14	0.14	0.1204	
1686	1	0.14	0.14	0.1204	
1687	1	0.13	0.13	0.1131	
1688	1	0.13	0.13	0.1131	
1689	1	0.13	0.13	0.1131	
1690	1	0.14	0.14	0.1204	
1691	1	0.12	0.12	0.1056	
1692	1	0.13	0.13	0.1131	
1693	1	0.13	0.13	0.1131	
1694	1	0.13	0.13	0.1131	
1695	1	0.14	0.14	0.1204	
1696	1	0.14	0.14	0.1204	
1697	1	0.14	0.14	0.1204	
1698	1	0.15	0.15	0.1275	
1699	1	0.15	0.15	0.1275	
1700	1	0.15	0.15	0.1275	
1701	1	0.18	0.18	0.1476	
1702	1	0.19	0.19	0.1539	
1703	1	0.21	0.21	0.1659	
1704	1	0.2	0.2	0.16	
1705	1	0.2	0.2	0.16	
1706	1	0.18	0.18	0.1476	
1707	1	0.17	0.17	0.1411	
1708	1	0.16	0.16	0.1344	
1709	1	0.17	0.17	0.1411	
1710	1	0.17	0.17	0.1411	
1711	1	0.16	0.16	0.1344	
1712	1	0.15	0.15	0.1275	
1713	1	0.15	0.15	0.1275	
1714	1	0.13	0.13	0.1131	
1715	1	0.14	0.14	0.1204	
1716	1	0.13	0.13	0.1131	
1717	1	0.12	0.12	0.1056	
1718	1	0.13	0.13	0.1131	
1719	1	0.13	0.13	0.1131	
1720	1	0.13	0.13	0.1131	
1721	1	0.14	0.14	0.1204	
1722	1	0.13	0.13	0.1131	
1723	1	0.12	0.12	0.1056	
1724	1	0.12	0.12	0.1056	
1725	1	0.11	0.11	0.0979	
1726	1	0.12	0.12	0.1056	
1727	1	0.12	0.12	0.1056	
1728	1	0.12	0.12	0.1056	
1729	1	0.11	0.11	0.0979	
1730	1	0.11	0.11	0.0979	
1731	1	0.1	0.1	0.09	
1732	1	0.12	0.12	0.1056	
1733	1	0.11	0.11	0.0979	
1734	1	0.11	0.11	0.0979	
1735	1	0.08	0.08	0.0736	
1736	1	0.09	0.09	0.0819	
1737	1	0.08	0.08	0.0736	
1738	1	0.09	0.09	0.0819	
1739	1	0.09	0.09	0.0819	
1740	1	0.09	0.09	0.0819	
1741	1	0.1	0.1	0.09	
1742	1	0.11	0.11	0.0979	
1743	1	0.11	0.11	0.0979	
1744	1	0.12	0.12	0.1056	
1745	1	0.12	0.12	0.1056	
1746	1	0.11	0.11	0.0979	
1747	1	0.13	0.13	0.1131	
1748	1	0.13	0.13	0.1131	
1749	1	0.12	0.12	0.1056	
1750	1	0.12	0.12	0.1056	
1751	1	0.14	0.14	0.1204	
1752	1	0.13	0.13	0.1131	
1753	1	0.11	0.11	0.0979	
1754	1	0.12	0.12	0.1056	
1755	1	0.13	0.13	0.1131	
1756	1	0.12	0.12	0.1056	
1757	1	0.16	0.16	0.1344	
1758	1	0.16	0.16	0.1344	
1759	1	0.15	0.15	0.1275	
1760	1	0.16	0.16	0.1344	
1761	1	0.18	0.18	0.1476	
1762	1	0.17	0.17	0.1411	
1763	1	0.17	0.17	0.1411	
1764	1	0.18	0.18	0.1476	
1765	1	0.19	0.19	0.1539	
1766	1	0.17	0.17	0.1411	
1767	1	0.16	0.16	0.1344	
1768	1	0.13	0.13	0.1131	
1769	1	0.11	0.11	0.0979	
1770	1	0.11	0.11	0.0979	
1771	1	0.1	0.1	0.09	
1772	1	0.1	0.1	0.09	
1773	1	0.09	0.09	0.0819	
1774	1	0.09	0.09	0.0819	
1775	1	0.11	0.11	0.0979	
1776	1	0.12	0.12	0.1056	
1777	1	0.12	0.12	0.1056	
1778	1	0.12	0.12	0.1056	
1779	1	0.11	0.11	0.0979	
1780	1	0.13	0.13	0.1131	
1781	1	0.11	0.11	0.0979	
1782	1	0.11	0.11	0.0979	
1783	1	0.12	0.12	0.1056	
1784	1	0.1	0.1	0.09	
1785	1	0.1	0.1	0.09	
1786	1	0.09	0.09	0.0819	
1787	1	0.08	0.08	0.0736	
1788	1	0.08	0.08	0.0736	
1789	1	0.09	0.09	0.0819	
1790	1	0.09	0.09	0.0819	
1791	1	0.09	0.09	0.0819	
1792	1	0.09	0.09	0.0819	
1793	1	0.11	0.11	0.0979	
1794	1	0.11	0.11	0.0979	
1795	1	0.1	0.1	0.09	
1796	1	0.1	0.1	0.09	
1797	1	0.07	0.07	0.0651	
1798	1	0.07	0.07	0.0651	
1799	1	0.07	0.07	0.0651	
1800	1	0.08	0.08	0.0736	
1801	1	0.09	0.09	0.0819	
1802	1	0.09	0.09	0.0819	
1803	1	0.1	0.1	0.09	
1804	1	0.11	0.11	0.0979	
1805	1	0.1	0.1	0.09	
1806	1	0.1	0.1	0.09	
1807	1	0.1	0.1	0.09	
1808	1	0.12	0.12	0.1056	
1809	1	0.13	0.13	0.1131	
1810	1	0.14	0.14	0.1204	
1811	1	0.14	0.14	0.1204	
1812	1	0.14	0.14	0.1204	
1813	1	0.13	0.13	0.1131	
1814	1	0.12	0.12	0.1056	
1815	1	0.11	0.11	0.0979	
1816	1	0.1	0.1	0.09	
1817	1	0.1	0.1	0.09	
1818	1	0.1	0.1	0.09	
1819	1	0.12	0.12	0.1056	
1820	1	0.14	0.14	0.1204	
1821	1	0.14	0.14	0.1204	
1822	1	0.11	0.11	0.0979	
1823	1	0.1	0.1	0.09	
1824	1	0.1	0.1	0.09	
1825	1	0.12	0.12	0.1056	
1826	1	0.11	0.11	0.0979	
1827	1	0.11	0.11	0.0979	
1828	1	0.13	0.13	0.1131	
1829	1	0.13	0.13	0.1131	
1830	1	0.13	0.13	0.1131	
1831	1	0.11	0.11	0.0979	
1832	1	0.1	0.1	0.09	
1833	1	0.1	0.1	0.09	
1834	1	0.1	0.1	0.09	
1835	1	0.1	0.1	0.09	
1836	1	0.09	0.09	0.0819	
1837	1	0.1	0.1	0.09	
1838	1	0.1	0.1	0.09	
1839	1	0.12	0.12	0.1056	
1840	1	0.13	0.13	0.1131	
1841	1	0.14	0.14	0.1204	
1842	1	0.16	0.16	0.1344	
1843	1	0.17	0.17	0.1411	
1844	1	0.15	0.15	0.1275	
1845	1	0.15	0.15	0.1275	
1846	1	0.15	0.15	0.1275	
1847	1	0.15	0.15	0.1275	
1848	1	0.15	0.15	0.1275	
1849	1	0.14	0.14	0.1204	
1850	1	0.13	0.13	0.1131	
1851	1	0.12	0.12	0.1056	
1852	1	0.14	0.14	0.1204	
1853	1	0.14	0.14	0.1204	
1854	1	0.15	0.15	0.1275	
1855	1	0.14	0.14	0.1204	
1856	1	0.13	0.13	0.1131	
1857	1	0.12	0.12	0.1056	
1858	1	0.12	0.12	0.1056	
1859	1	0.13	0.13	0.1131	
1860	1	0.14	0.14	0.1204	
1861	1	0.13	0.13	0.1131	
1862	1	0.11	0.11	0.0979	
1863	1	0.13	0.13	0.1131	
1864	1	0.11	0.11	0.0979	
1865	1	0.11	0.11	0.0979	
1866	1	0.13	0.13	0.1131	
1867	1	0.12	0.12	0.1056	
1868	1	0.13	0.13	0.1131	
1869	1	0.15	0.15	0.1275	
1870	1	0.17	0.17	0.1411	
1871	1	0.17	0.17	0.1411	
1872	1	0.17	0.17	0.1411	
1873	1	0.16	0.16	0.1344	
1874	1	0.16	0.16	0.1344	
1875	1	0.16	0.16	0.1344	
1876	1	0.15	0.15	0.1275	
1877	1	0.16	0.16	0.1344	
1878	1	0.16	0.16	0.1344	
1879	1	0.14	0.14	0.1204	
1880	1	0.15	0.15	0.1275	
1881	1	0.14	0.14	0.1204	
1882	1	0.14	0.14	0.1204	
1883	1	0.13	0.13	0.1131	
1884	1	0.14	0.14	0.1204	
1885	1	0.14	0.14	0.1204	
1886	1	0.13	0.13	0.1131	
1887	1	0.14	0.14	0.1204	
1888	1	0.17	0.17	0.1411	
1889	1	0.14	0.14	0.1204	
1890	1	0.13	0.13	0.1131	
1891	1	0.15	0.15	0.1275	
1892	1	0.16	0.16	0.1344	
1893	1	0.15	0.15	0.1275	
1894	1	0.17	0.17	0.1411	
1895	1	0.17	0.17	0.1411	
1896	1	0.17	0.17	0.1411	
1897	1	0.16	0.16	0.1344	
1898	1	0.16	0.16	0.1344	
1899	1	0.15	0.15	0.1275	
1900	1	0.16	0.16	0.1344	
1901	1	0.14	0.14	0.1204	
1902	1	0.17	0.17	0.1411	
1903	1	0.16	0.16	0.1344	
1904	1	0.17	0.17	0.1411	
1905	1	0.18	0.18	0.1476	
1906	1	0.15	0.15	0.1275	
1907	1	0.16	0.16	0.1344	
1908	1	0.17	0.17	0.1411	
1909	1	0.16	0.16	0.1344	
1910	1	0.16	0.16	0.1344	
1911	1	0.17	0.17	0.1411	
1912	1	0.19	0.19	0.1539	
1913	1	0.19	0.19	0.1539	
1914	1	0.19	0.19	0.1539	
1915	1	0.19	0.19	0.1539	
1916	1	0.18	0.18	0.1476	
1917	1	0.17	0.17	0.1411	
1918	1	0.2	0.2	0.16	
1919	1	0.2	0.2	0.16	
1920	1	0.18	0.18	0.1476	
1921	1	0.19	0.19	0.1539	
1922	1	0.19	0.19	0.1539	
1923	1	0.19	0.19	0.1539	
1924	1	0.2	0.2	0.16	
1925	1	0.19	0.19	0.1539	
1926	1	0.18	0.18	0.1476	
1927	1	0.17	0.17	0.1411	
1928	1	0.16	0.16	0.1344	
1929	1	0.16	0.16	0.1344	
1930	1	0.17	0.17	0.1411	
1931	1	0.15	0.15	0.1275	
1932	1	0.15	0.15	0.1275	
1933	1	0.15	0.15	0.1275	
1934	1	0.16	0.16	0.1344	
1935	1	0.19	0.19	0.1539	
1936	1	0.19	0.19	0.1539	
1937	1	0.2	0.2	0.16	
1938	1	0.2	0.2	0.16	
1939	1	0.21	0.21	0.1659	
1940	1	0.22	0.22	0.1716	
1941	1	0.22	0.22	0.1716	
1942	1	0.21	0.21	0.1659	
1943	1	0.21	0.21	0.1659	
1944	1	0.2	0.2	0.16	
1945	1	0.17	0.17	0.1411	
1946	1	0.18	0.18	0.1476	
1947	1	0.19	0.19	0.1539	
1948	1	0.19	0.19	0.1539	
1949	1	0.19	0.19	0.1539	
1950	1	0.2	0.2	0.16	
1951	1	0.22	0.22	0.1716	
1952	1	0.23	0.23	0.1771	
1953	1	0.26	0.26	0.1924	
1954	1	0.26	0.26	0.1924	
1955	1	0.26	0.26	0.1924	
1956	1	0.27	0.27	0.1971	
1957	1	0.25	0.25	0.1875	
1958	1	0.22	0.22	0.1716	
1959	1	0.21	0.21	0.1659	
1960	1	0.2	0.2	0.16	
1961	1	0.21	0.21	0.1659	
1962	1	0.23	0.23	0.1771	
1963	1	0.25	0.25	0.1875	
1964	1	0.23	0.23	0.1771	
1965	1	0.24	0.24	0.1824	
1966	1	0.25	0.25	0.1875	
1967	1	0.26	0.26	0.1924	
1968	1	0.24	0.24	0.1824	
1969	1	0.22	0.22	0.1716	
1970	1	0.24	0.24	0.1824	
1971	1	0.24	0.24	0.1824	
1972	1	0.21	0.21	0.1659	
1973	1	0.2	0.2	0.16	
1974	1	0.19	0.19	0.1539	
1975	1	0.19	0.19	0.1539	
1976	1	0.17	0.17	0.1411	
1977	1	0.18	0.18	0.1476	
1978	1	0.17	0.17	0.1411	
1979	1	0.17	0.17	0.1411	
1980	1	0.17	0.17	0.1411	
1981	1	0.2	0.2	0.16	
1982	1	0.2	0.2	0.16	
1983	1	0.19	0.19	0.1539	
1984	1	0.18	0.18	0.1476	
1985	1	0.2	0.2	0.16	
1986	1	0.19	0.19	0.1539	
1987	1	0.18	0.18	0.1476	
1988	1	0.18	0.18	0.1476	
1989	1	0.17	0.17	0.1411	
1990	1	0.16	0.16	0.1344	
1991	1	0.16	0.16	0.1344	
1992	1	0.15	0.15	0.1275	
1993	1	0.15	0.15	0.1275	
1994	1	0.15	0.15	0.1275	
1995	1	0.12	0.12	0.1056	
1996	1	0.12	0.12	0.1056	
1997	1	0.12	0.12	0.1056	
1998	1	0.11	0.11	0.0979	
1999	1	0.09	0.09	0.0819	
2000	1	0.08	0.08	0.0736	
