# mu = 0.1, s = -0.1, trials requested = 1, runtime = 0:00:00
# "Time"	"Actual trials"	"Mean mutation"	"Average mean mutation"	"Average mutation variance"
0	1	0	0	0	
1	1	0	0	0	
2	1	0	0	0	
3	1	0.01	0.01	0.0099	
4	1	0.01	0.01	0.0099	
5	1	0.01	0.01	0.0099	
6	1	0.01	0.01	0.0099	
7	1	0.01	0.01	0.0099	
8	1	0.01	0.01	0.0099	
9	1	0.03	0.03	0.0291	
10	1	0.03	0.03	0.0291	
11	1	0.04	0.04	0.0384	
12	1	0.04	0.04	0.0384	
13	1	0.05	0.05	0.0475	
14	1	0.05	0.05	0.0475	
15	1	0.09	0.09	0.0819	
16	1	0.07	0.07	0.0651	
17	1	0.07	0.07	0.0651	
18	1	0.07	0.07	0.0651	
19	1	0.08	0.08	0.0736	
20	1	0.09	0.09	0.0819	
21	1	0.08	0.08	0.0736	
22	1	0.13	0.13	0.1331	
23	1	0.13	0.13	0.1331	
24	1	0.17	0.17	0.1611	
25	1	0.17	0.17	0.1611	
26	1	0.17	0.17	0.1411	
27	1	0.21	0.21	0.1659	
28	1	0.23	0.23	0.1771	
29	1	0.19	0.19	0.1539	
30	1	0.22	0.22	0.1716	
31	1	0.19	0.19	0.1539	
32	1	0.22	0.22	0.1716	
33	1	0.21	0.21	0.1659	
34	1	0.21	0.21	0.1859	
35	1	0.21	0.21	0.1859	
36	1	0.19	0.19	0.1739	
37	1	0.2	0.2	0.18	
38	1	0.22	0.22	0.2516	
39	1	0.27	0.27	0.2771	
40	1	0.29	0.29	0.2859	
41	1	0.35	0.35	0.3475	
42	1	0.39	0.39	0.3979	
43	1	0.37	0.37	0.3731	
44	1	0.38	0.38	0.3756	
45	1	0.36	0.36	0.3704	
46	1	0.36	0.36	0.3704	
47	1	0.39	0.39	0.4379	
48	1	0.43	0.43	0.4851	
49	1	0.42	0.42	0.4836	
50	1	0.42	0.42	0.4836	
51	1	0.43	0.43	0.4851	
52	1	0.43	0.43	0.5251	
53	1	0.47	0.47	0.5491	
54	1	0.47	0.47	0.4891	
55	1	0.46	0.46	0.4484	
56	1	0.47	0.47	0.4891	
57	1	0.5	0.5	0.49	
58	1	0.51	0.51	0.5099	
59	1	0.43	0.43	0.4651	
60	1	0.42	0.42	0.4636	
61	1	0.46	0.46	0.5484	
62	1	0.45	0.45	0.5275	
63	1	0.45	0.45	0.5275	
64	1	0.47	0.47	0.5291	
65	1	0.46	0.46	0.4684	
66	1	0.43	0.43	0.4251	
67	1	0.45	0.45	0.5275	
68	1	0.42	0.42	0.4636	
69	1	0.46	0.46	0.4884	
70	1	0.51	0.51	0.5099	
71	1	0.49	0.49	0.5099	
72	1	0.45	0.45	0.5075	
73	1	0.48	0.48	0.5096	
74	1	0.46	0.46	0.5284	
75	1	0.5	0.5	0.53	
76	1	0.5	0.5	0.51	
77	1	0.5	0.5	0.49	
78	1	0.52	0.52	0.5096	
79	1	0.53	0.53	0.5291	
80	1	0.58	0.58	0.5836	
81	1	0.51	0.51	0.5299	
82	1	0.53	0.53	0.5291	
83	1	0.58	0.58	0.5836	
84	1	0.58	0.58	0.5836	
85	1	0.64	0.64	0.6504	
86	1	0.7	0.7	0.73	
87	1	0.67	0.67	0.6211	
88	1	0.67	0.67	0.6211	
89	1	0.7	0.7	0.69	
90	1	0.7	0.7	0.75	
91	1	0.65	0.65	0.7075	
92	1	0.63	0.63	0.6931	
93	1	0.64	0.64	0.7104	
94	1	0.69	0.69	0.7339	
95	1	0.66	0.66	0.6044	
96	1	0.7	0.7	0.63	
97	1	0.69	0.69	0.6339	
98	1	0.69	0.69	0.6339	
99	1	0.78	0.78	0.7516	
100	1	0.74	0.74	0.7124	
101	1	0.69	0.69	0.6539	
102	1	0.63	0.63	0.5931	
103	1	0.63	0.63	0.5331	
104	1	0.68	0.68	0.5576	
105	1	0.66	0.66	0.5644	
106	1	0.7	0.7	0.57	
107	1	0.74	0.74	0.6124	
108	1	0.72	0.72	0.6616	
109	1	0.65	0.65	0.5275	
110	1	0.69	0.69	0.6139	
111	1	0.68	0.68	0.6176	
112	1	0.73	0.73	0.6571	
113	1	0.76	0.76	0.6224	
114	1	0.73	0.73	0.5771	
115	1	0.71	0.71	0.5659	
116	1	0.74	0.74	0.5924	
117	1	0.71	0.71	0.5659	
118	1	0.71	0.71	0.5859	
119	1	0.73	0.73	0.5771	
120	1	0.73	0.73	0.5971	
121	1	0.74	0.74	0.5724	
122	1	0.75	0.75	0.5475	
123	1	0.72	0.72	0.5216	
124	1	0.77	0.77	0.5371	
125	1	0.82	0.82	0.7476	
126	1	0.81	0.81	0.5939	
127	1	0.81	0.81	0.6139	
128	1	0.78	0.78	0.5916	
129	1	0.78	0.78	0.5916	
130	1	0.78	0.78	0.6116	
131	1	0.75	0.75	0.6075	
132	1	0.72	0.72	0.5216	
133	1	0.72	0.72	0.5216	
134	1	0.74	0.74	0.5324	
135	1	0.76	0.76	0.5824	
136	1	0.76	0.76	0.6024	
137	1	0.75	0.75	0.6075	
138	1	0.73	0.73	0.5371	
139	1	0.73	0.73	0.5371	
140	1	0.75	0.75	0.5275	
141	1	0.75	0.75	0.5275	
142	1	0.79	0.79	0.5659	
143	1	0.83	0.83	0.6011	
144	1	0.8	0.8	0.62	
145	1	0.81	0.81	0.5939	
146	1	0.81	0.81	0.5539	
147	1	0.87	0.87	0.6131	
148	1	0.91	0.91	0.5619	
149	1	0.93	0.93	0.5851	
150	1	0.95	0.95	0.6275	
151	1	1	1	0.64	
152	1	1	1	0.7	
153	1	1.01	1.01	0.7299	
154	1	0.98	0.98	0.6996	
155	1	0.92	0.92	0.6936	
156	1	0.95	0.95	0.6875	
157	1	0.95	0.95	0.7275	
158	1	0.87	0.87	0.6931	
159	1	0.88	0.88	0.6856	
160	1	0.87	0.87	0.6731	
161	1	0.89	0.89	0.7179	
162	1	0.93	0.93	0.7651	
163	1	0.87	0.87	0.6931	
164	1	0.91	0.91	0.7419	
165	1	0.96	0.96	0.8184	
166	1	0.97	0.97	0.8291	
167	1	0.95	0.95	0.7875	
168	1	0.93	0.93	0.6851	
169	1	0.93	0.93	0.6851	
170	1	0.96	0.96	0.7184	
171	1	0.96	0.96	0.7384	
172	1	0.97	0.97	0.7491	
173	1	0.96	0.96	0.6984	
174	1	0.91	0.91	0.7019	
175	1	0.96	0.96	0.6984	
176	1	0.96	0.96	0.7584	
177	1	0.96	0.96	0.7184	
178	1	1.01	1.01	0.7899	
179	1	0.97	0.97	0.6891	
180	1	1	1	0.7	
181	1	0.98	0.98	0.7596	
182	1	1.01	1.01	0.8499	
183	1	1	1	0.86	
184	1	1.03	1.03	0.8891	
185	1	1.07	1.07	0.9451	
186	1	1.06	1.06	0.9564	
187	1	1	1	0.9	
188	1	1.04	1.04	0.9584	
189	1	1.03	1.03	0.9691	
190	1	0.98	0.98	0.9196	
191	1	0.99	0.99	0.8699	
192	1	1.05	1.05	0.8875	
193	1	1.04	1.04	0.8984	
194	1	1.05	1.05	0.9475	
195	1	1.04	1.04	0.9384	
196	1	1.15	1.15	0.9675	
197	1	1.14	1.14	1.0004	
198	1	1.15	1.15	1.0275	
199	1	1.2	1.2	1.02	
200	1	1.29	1.29	1.0259	
201	1	1.34	1.34	0.9644	
202	1	1.32	1.32	0.9976	
203	1	1.35	1.35	1.0075	
204	1	1.38	1.38	0.9756	
205	1	1.37	1.37	0.9531	
206	1	1.31	1.31	1.0139	
207	1	1.33	1.33	1.0411	
208	1	1.26	1.26	1.0524	
209	1	1.28	1.28	1.0816	
210	1	1.35	1.35	1.1275	
211	1	1.38	1.38	1.1756	
212	1	1.33	1.33	1.1611	
213	1	1.38	1.38	1.1356	
214	1	1.31	1.31	1.1539	
215	1	1.22	1.22	1.1316	
216	1	1.14	1.14	1.0604	
217	1	1.13	1.13	1.0531	
218	1	1.17	1.17	1.0211	
219	1	1.18	1.18	1.0276	
220	1	1.16	1.16	1.0144	
221	1	1.17	1.17	1.0811	
222	1	1.23	1.23	1.1371	
223	1	1.22	1.22	1.1116	
224	1	1.22	1.22	1.1316	
225	1	1.2	1.2	1.16	
226	1	1.32	1.32	1.1776	
227	1	1.42	1.42	1.3236	
228	1	1.42	1.42	1.3236	
229	1	1.36	1.36	1.4504	
230	1	1.44	1.44	1.4664	
231	1	1.48	1.48	1.3696	
232	1	1.48	1.48	1.4296	
233	1	1.51	1.51	1.3699	
234	1	1.53	1.53	1.3291	
235	1	1.5	1.5	1.35	
236	1	1.5	1.5	1.35	
237	1	1.53	1.53	1.4491	
238	1	1.6	1.6	1.48	
239	1	1.66	1.66	1.4644	
240	1	1.62	1.62	1.4556	
241	1	1.62	1.62	1.4156	
242	1	1.64	1.64	1.3704	
243	1	1.64	1.64	1.4304	
244	1	1.65	1.65	1.4275	
245	1	1.61	1.61	1.4179	
246	1	1.58	1.58	1.4636	
247	1	1.69	1.69	1.5539	
248	1	1.78	1.78	1.6716	
249	1	1.68	1.68	1.6776	
250	1	1.61	1.61	1.6379	
251	1	1.68	1.68	1.5776	
252	1	1.59	1.59	1.4819	
253	1	1.55	1.55	1.5275	
254	1	1.54	1.54	1.4684	
255	1	1.47	1.47	1.4291	
256	1	1.52	1.52	1.3696	
257	1	1.4	1.4	1.38	
258	1	1.35	1.35	1.3875	
259	1	1.33	1.33	1.3411	
260	1	1.27	1.27	1.3371	
261	1	1.31	1.31	1.3539	
262	1	1.3	1.3	1.35	
263	1	1.24	1.24	1.3624	
264	1	1.21	1.21	1.2259	
265	1	1.21	1.21	1.2659	
266	1	1.3	1.3	1.31	
267	1	1.31	1.31	1.2339	
268	1	1.35	1.35	1.2075	
269	1	1.36	1.36	1.3504	
270	1	1.36	1.36	1.2504	
271	1	1.38	1.38	1.2156	
272	1	1.39	1.39	1.2979	
273	1	1.39	1.39	1.2579	
274	1	1.36	1.36	1.2904	
275	1	1.38	1.38	1.2956	
276	1	1.45	1.45	1.2675	
277	1	1.43	1.43	1.2451	
278	1	1.34	1.34	1.1644	
279	1	1.33	1.33	1.1411	
280	1	1.34	1.34	1.1644	
281	1	1.35	1.35	1.0875	
282	1	1.35	1.35	1.0475	
283	1	1.33	1.33	1.0611	
284	1	1.32	1.32	1.0776	
285	1	1.33	1.33	1.1011	
286	1	1.27	1.27	1.0971	
287	1	1.25	1.25	1.1075	
288	1	1.18	1.18	1.1276	
289	1	1.18	1.18	1.0676	
290	1	1.22	1.22	1.0916	
291	1	1.19	1.19	1.0939	
292	1	1.17	1.17	1.1411	
293	1	1.16	1.16	1.1344	
294	1	1.15	1.15	1.0875	
295	1	1.18	1.18	1.0476	
296	1	1.16	1.16	1.0544	
297	1	1.12	1.12	1.0256	
298	1	1.06	1.06	0.9564	
299	1	1.09	1.09	1.0019	
300	1	1.13	1.13	1.0331	
301	1	1.15	1.15	1.0475	
302	1	1.17	1.17	1.1011	
303	1	1.14	1.14	1.1004	
304	1	1.21	1.21	1.2059	
305	1	1.23	1.23	1.2371	
306	1	1.23	1.23	1.1771	
307	1	1.33	1.33	1.2211	
308	1	1.42	1.42	1.2036	
309	1	1.45	1.45	1.2075	
310	1	1.41	1.41	1.1819	
311	1	1.43	1.43	1.1651	
312	1	1.45	1.45	1.2875	
313	1	1.47	1.47	1.2691	
314	1	1.56	1.56	1.2464	
315	1	1.55	1.55	1.2075	
316	1	1.58	1.58	1.2036	
317	1	1.62	1.62	1.1956	
318	1	1.6	1.6	1.18	
319	1	1.7	1.7	1.27	
320	1	1.71	1.71	1.2859	
321	1	1.74	1.74	1.2724	
322	1	1.69	1.69	1.1939	
323	1	1.7	1.7	1.23	
324	1	1.77	1.77	1.1771	
325	1	1.74	1.74	1.1524	
326	1	1.8	1.8	1.16	
327	1	1.78	1.78	1.1316	
328	1	1.76	1.76	1.2024	
329	1	1.6	1.6	1.22	
330	1	1.59	1.59	1.1819	
331	1	1.63	1.63	1.2731	
332	1	1.64	1.64	1.3704	
333	1	1.59	1.59	1.4019	
334	1	1.59	1.59	1.4219	
335	1	1.6	1.6	1.44	
336	1	1.56	1.56	1.4864	
337	1	1.58	1.58	1.4436	
338	1	1.5	1.5	1.43	
339	1	1.52	1.52	1.4296	
340	1	1.57	1.57	1.4251	
341	1	1.57	1.57	1.4051	
342	1	1.62	1.62	1.6556	
343	1	1.56	1.56	1.5464	
344	1	1.55	1.55	1.5275	
345	1	1.63	1.63	1.6331	
346	1	1.58	1.58	1.6436	
347	1	1.6	1.6	1.66	
348	1	1.67	1.67	1.6411	
349	1	1.68	1.68	1.6376	
350	1	1.71	1.71	1.6459	
351	1	1.64	1.64	1.6904	
352	1	1.51	1.51	1.7299	
353	1	1.48	1.48	1.6096	
354	1	1.41	1.41	1.6019	
355	1	1.43	1.43	1.5851	
356	1	1.36	1.36	1.4904	
357	1	1.34	1.34	1.5244	
358	1	1.36	1.36	1.5104	
359	1	1.45	1.45	1.5075	
360	1	1.43	1.43	1.4451	
361	1	1.51	1.51	1.5099	
362	1	1.49	1.49	1.5099	
363	1	1.52	1.52	1.4696	
364	1	1.56	1.56	1.4864	
365	1	1.57	1.57	1.4851	
366	1	1.62	1.62	1.4756	
367	1	1.63	1.63	1.4931	
368	1	1.56	1.56	1.4664	
369	1	1.58	1.58	1.5036	
370	1	1.6	1.6	1.56	
371	1	1.66	1.66	1.6244	
372	1	1.62	1.62	1.6756	
373	1	1.62	1.62	1.6356	
374	1	1.64	1.64	1.6504	
375	1	1.66	1.66	1.6044	
376	1	1.71	1.71	1.6059	
377	1	1.77	1.77	1.6171	
378	1	1.82	1.82	1.7076	
379	1	1.81	1.81	1.6739	
380	1	1.89	1.89	1.5979	
381	1	1.9	1.9	1.55	
382	1	1.95	1.95	1.5275	
383	1	1.93	1.93	1.4851	
384	1	1.95	1.95	1.4675	
385	1	1.96	1.96	1.4784	
386	1	1.97	1.97	1.4291	
387	1	1.96	1.96	1.4384	
388	1	1.96	1.96	1.4584	
389	1	2.01	2.01	1.5099	
390	1	2.04	2.04	1.4184	
391	1	2	2	1.48	
392	1	2.1	2.1	1.43	
393	1	2.09	2.09	1.4419	
394	1	2.11	2.11	1.4779	
395	1	2.14	2.14	1.4604	
396	1	2.12	2.12	1.4656	
397	1	2.13	2.13	1.5931	
398	1	2.08	2.08	1.5536	
399	1	2.09	2.09	1.5419	
400	1	2.11	2.11	1.4979	
401	1	2.04	2.04	1.6784	
402	1	1.97	1.97	1.7091	
403	1	2.01	2.01	1.6099	
404	1	2.05	2.05	1.6475	
405	1	2.02	2.02	1.6796	
406	1	2.06	2.06	1.5364	
407	1	2.09	2.09	1.5019	
408	1	2.07	2.07	1.5851	
409	1	1.99	1.99	1.6499	
410	1	1.98	1.98	1.8396	
411	1	1.87	1.87	1.9731	
412	1	1.89	1.89	1.9779	
413	1	1.87	1.87	1.8931	
414	1	1.91	1.91	1.8619	
415	1	1.85	1.85	1.9075	
416	1	1.79	1.79	1.9059	
417	1	1.71	1.71	1.8659	
418	1	1.71	1.71	1.9059	
419	1	1.72	1.72	1.8616	
420	1	1.76	1.76	1.8024	
421	1	1.83	1.83	1.7811	
422	1	1.78	1.78	1.8316	
423	1	1.79	1.79	1.8659	
424	1	1.79	1.79	1.9859	
425	1	1.89	1.89	2.0579	
426	1	1.87	1.87	1.9931	
427	1	1.92	1.92	1.9136	
428	1	1.99	1.99	1.8899	
429	1	2.03	2.03	1.8091	
430	1	2.08	2.08	1.8336	
431	1	2.04	2.04	1.7784	
432	1	2.02	2.02	1.8996	
433	1	2.05	2.05	1.8275	
434	1	2.06	2.06	1.7964	
435	1	2.11	2.11	1.8179	
436	1	2.01	2.01	1.8899	
437	1	2.12	2.12	1.8056	
438	1	2.07	2.07	1.8651	
439	1	2.09	2.09	2.1419	
440	1	2.09	2.09	2.1419	
441	1	2.11	2.11	2.0779	
442	1	2.14	2.14	2.2404	
443	1	2.08	2.08	2.1736	
444	1	2.09	2.09	2.4219	
445	1	2.13	2.13	2.4331	
446	1	2.04	2.04	2.4584	
447	1	2.02	2.02	2.4396	
448	1	1.99	1.99	2.3899	
449	1	1.92	1.92	2.4136	
450	1	1.94	1.94	2.4164	
451	1	1.83	1.83	2.4211	
452	1	1.86	1.86	2.3404	
453	1	2	2	2.52	
454	1	1.94	1.94	2.3364	
455	1	2.04	2.04	2.2384	
456	1	1.92	1.92	2.3336	
457	1	1.83	1.83	2.3611	
458	1	1.82	1.82	2.4076	
459	1	1.78	1.78	2.4116	
460	1	1.61	1.61	2.4179	
461	1	1.61	1.61	2.3779	
462	1	1.61	1.61	2.4179	
463	1	1.54	1.54	2.3284	
464	1	1.56	1.56	2.2264	
465	1	1.53	1.53	2.1491	
466	1	1.48	1.48	2.2096	
467	1	1.38	1.38	2.1356	
468	1	1.41	1.41	2.2219	
469	1	1.37	1.37	2.1931	
470	1	1.35	1.35	2.1675	
471	1	1.37	1.37	2.3731	
472	1	1.41	1.41	2.5219	
473	1	1.42	1.42	2.3836	
474	1	1.42	1.42	2.4836	
475	1	1.43	1.43	2.4451	
476	1	1.41	1.41	2.3819	
477	1	1.47	1.47	2.5491	
478	1	1.51	1.51	2.5499	
479	1	1.52	1.52	2.4696	
480	1	1.39	1.39	2.3379	
481	1	1.36	1.36	2.2704	
482	1	1.33	1.33	2.0411	
483	1	1.33	1.33	2.1011	
484	1	1.34	1.34	2.0844	
485	1	1.26	1.26	1.9524	
486	1	1.33	1.33	1.9811	
487	1	1.31	1.31	1.9539	
488	1	1.38	1.38	1.9756	
489	1	1.33	1.33	1.9411	
490	1	1.26	1.26	1.8324	
491	1	1.2	1.2	1.92	
492	1	1.23	1.23	1.8571	
493	1	1.19	1.19	1.6139	
494	1	1.17	1.17	1.4611	
495	1	1.26	1.26	1.4924	
496	1	1.23	1.23	1.4971	
497	1	1.33	1.33	1.5011	
498	1	1.36	1.36	1.5904	
499	1	1.29	1.29	1.4659	
500	1	1.29	1.29	1.4659	
501	1	1.19	1.19	1.4539	
502	1	1.34	1.34	1.6244	
503	1	1.32	1.32	1.6376	
504	1	1.31	1.31	1.6739	
505	1	1.32	1.32	1.6976	
506	1	1.25	1.25	1.6275	
507	1	1.33	1.33	1.7211	
508	1	1.39	1.39	1.6979	
509	1	1.33	1.33	1.7211	
510	1	1.31	1.31	1.6339	
511	1	1.37	1.37	1.5931	
512	1	1.36	1.36	1.5104	
513	1	1.29	1.29	1.4059	
514	1	1.26	1.26	1.3124	
515	1	1.31	1.31	1.3139	
516	1	1.36	1.36	1.4504	
517	1	1.42	1.42	1.5636	
518	1	1.44	1.44	1.5864	
519	1	1.43	1.43	1.4851	
520	1	1.46	1.46	1.2884	
521	1	1.46	1.46	1.4684	
522	1	1.44	1.44	1.6064	
523	1	1.42	1.42	1.5036	
524	1	1.34	1.34	1.4644	
525	1	1.39	1.39	1.4979	
526	1	1.3	1.3	1.51	
527	1	1.36	1.36	1.5304	
528	1	1.35	1.35	1.3075	
529	1	1.39	1.39	1.3379	
530	1	1.31	1.31	1.1139	
531	1	1.37	1.37	1.3131	
532	1	1.4	1.4	1.26	
533	1	1.43	1.43	1.3251	
534	1	1.37	1.37	1.3531	
535	1	1.41	1.41	1.3419	
536	1	1.42	1.42	1.4236	
537	1	1.48	1.48	1.7096	
538	1	1.52	1.52	1.7096	
539	1	1.58	1.58	1.7436	
540	1	1.53	1.53	1.5491	
541	1	1.52	1.52	1.6096	
542	1	1.44	1.44	1.6464	
543	1	1.47	1.47	1.5891	
544	1	1.39	1.39	1.3979	
545	1	1.38	1.38	1.4156	
546	1	1.36	1.36	1.4304	
547	1	1.37	1.37	1.4331	
548	1	1.4	1.4	1.54	
549	1	1.38	1.38	1.5156	
550	1	1.44	1.44	1.6264	
551	1	1.52	1.52	1.5896	
552	1	1.55	1.55	1.6675	
553	1	1.56	1.56	1.7864	
554	1	1.54	1.54	1.6684	
555	1	1.52	1.52	1.6496	
556	1	1.49	1.49	1.6899	
557	1	1.39	1.39	1.5179	
558	1	1.42	1.42	1.4636	
559	1	1.39	1.39	1.2379	
560	1	1.33	1.33	1.2411	
561	1	1.32	1.32	1.3176	
562	1	1.4	1.4	1.32	
563	1	1.42	1.42	1.2436	
564	1	1.39	1.39	1.2379	
565	1	1.41	1.41	1.3019	
566	1	1.43	1.43	1.3051	
567	1	1.41	1.41	1.1219	
568	1	1.43	1.43	1.0851	
569	1	1.39	1.39	0.9779	
570	1	1.4	1.4	1.12	
571	1	1.52	1.52	1.2096	
572	1	1.49	1.49	1.2499	
573	1	1.49	1.49	1.2099	
574	1	1.54	1.54	1.3084	
575	1	1.55	1.55	1.3675	
576	1	1.58	1.58	1.3836	
577	1	1.56	1.56	1.5064	
578	1	1.53	1.53	1.4091	
579	1	1.55	1.55	1.4275	
580	1	1.53	1.53	1.4091	
581	1	1.56	1.56	1.4664	
582	1	1.5	1.5	1.25	
583	1	1.47	1.47	1.1891	
584	1	1.41	1.41	1.1419	
585	1	1.43	1.43	1.1051	
586	1	1.47	1.47	1.2491	
587	1	1.42	1.42	1.2636	
588	1	1.44	1.44	1.3064	
589	1	1.35	1.35	1.1275	
590	1	1.38	1.38	1.1756	
591	1	1.34	1.34	1.1044	
592	1	1.23	1.23	0.9971	
593	1	1.26	1.26	0.9924	
594	1	1.32	1.32	1.0176	
595	1	1.38	1.38	1.0556	
596	1	1.47	1.47	1.0491	
597	1	1.48	1.48	1.0496	
598	1	1.52	1.52	1.0896	
599	1	1.57	1.57	1.1851	
600	1	1.59	1.59	1.1619	
601	1	1.63	1.63	1.1731	
602	1	1.59	1.59	1.1219	
603	1	1.58	1.58	1.1436	
604	1	1.57	1.57	1.1051	
605	1	1.62	1.62	1.0756	
606	1	1.52	1.52	0.9696	
607	1	1.44	1.44	0.9264	
608	1	1.51	1.51	1.0499	
609	1	1.55	1.55	1.0875	
610	1	1.55	1.55	1.0475	
611	1	1.62	1.62	1.1156	
612	1	1.66	1.66	1.1244	
613	1	1.72	1.72	1.2016	
614	1	1.73	1.73	1.1571	
615	1	1.7	1.7	1.29	
616	1	1.77	1.77	1.3371	
617	1	1.77	1.77	1.3171	
618	1	1.79	1.79	1.3459	
619	1	1.75	1.75	1.4075	
620	1	1.69	1.69	1.3539	
621	1	1.76	1.76	1.3424	
622	1	1.76	1.76	1.2424	
623	1	1.81	1.81	1.3139	
624	1	1.87	1.87	1.2331	
625	1	1.89	1.89	1.3179	
626	1	1.81	1.81	1.1939	
627	1	1.86	1.86	1.3404	
628	1	1.86	1.86	1.4004	
629	1	1.9	1.9	1.43	
630	1	1.89	1.89	1.5979	
631	1	1.88	1.88	1.5656	
632	1	1.9	1.9	1.61	
633	1	1.93	1.93	1.6851	
634	1	1.91	1.91	1.7019	
635	1	1.95	1.95	1.5875	
636	1	1.9	1.9	1.61	
637	1	1.89	1.89	1.6779	
638	1	1.92	1.92	1.6936	
639	1	1.89	1.89	1.7179	
640	1	1.87	1.87	1.7531	
641	1	1.81	1.81	1.7539	
642	1	1.77	1.77	1.6771	
643	1	1.8	1.8	1.68	
644	1	1.91	1.91	1.7219	
645	1	1.86	1.86	1.6204	
646	1	1.83	1.83	1.6011	
647	1	1.88	1.88	1.7056	
648	1	1.81	1.81	1.5939	
649	1	1.8	1.8	1.72	
650	1	1.76	1.76	1.7424	
651	1	1.8	1.8	1.82	
652	1	1.8	1.8	1.84	
653	1	1.7	1.7	1.91	
654	1	1.67	1.67	1.8611	
655	1	1.59	1.59	1.9419	
656	1	1.65	1.65	2.0275	
657	1	1.73	1.73	2.1171	
658	1	1.75	1.75	2.1875	
659	1	1.78	1.78	2.1716	
660	1	1.83	1.83	2.0811	
661	1	1.86	1.86	2.1204	
662	1	1.83	1.83	2.1011	
663	1	1.94	1.94	2.0964	
664	1	1.92	1.92	2.0936	
665	1	1.89	1.89	2.2979	
666	1	1.91	1.91	2.3619	
667	1	1.76	1.76	2.3624	
668	1	1.68	1.68	2.2776	
669	1	1.54	1.54	2.1484	
670	1	1.64	1.64	2.3704	
671	1	1.64	1.64	2.5304	
672	1	1.67	1.67	2.4811	
673	1	1.69	1.69	2.5739	
674	1	1.75	1.75	2.6875	
675	1	1.76	1.76	2.6824	
676	1	1.76	1.76	2.7024	
677	1	1.76	1.76	2.6824	
678	1	1.81	1.81	2.7739	
679	1	1.81	1.81	2.8139	
680	1	1.85	1.85	2.8875	
681	1	1.84	1.84	2.9744	
682	1	1.71	1.71	2.9259	
683	1	1.72	1.72	2.9016	
684	1	1.66	1.66	2.8844	
685	1	1.68	1.68	2.8176	
686	1	1.62	1.62	2.7956	
687	1	1.52	1.52	2.8696	
688	1	1.59	1.59	2.9019	
689	1	1.53	1.53	2.6891	
690	1	1.43	1.43	2.5851	
691	1	1.42	1.42	2.4836	
692	1	1.49	1.49	2.6499	
693	1	1.42	1.42	2.6436	
694	1	1.48	1.48	2.6896	
695	1	1.51	1.51	2.6699	
696	1	1.53	1.53	2.6491	
697	1	1.5	1.5	2.63	
698	1	1.51	1.51	2.4699	
699	1	1.43	1.43	2.3651	
700	1	1.45	1.45	2.3475	
701	1	1.42	1.42	2.2236	
702	1	1.47	1.47	2.2891	
703	1	1.41	1.41	2.3219	
704	1	1.33	1.33	2.2211	
705	1	1.26	1.26	2.1124	
706	1	1.3	1.3	2.15	
707	1	1.35	1.35	2.1875	
708	1	1.36	1.36	2.1104	
709	1	1.41	1.41	2.2419	
710	1	1.4	1.4	2.12	
711	1	1.34	1.34	2.0244	
712	1	1.32	1.32	1.9376	
713	1	1.22	1.22	1.7716	
714	1	1.21	1.21	1.6659	
715	1	1.29	1.29	2.0259	
716	1	1.27	1.27	1.7171	
717	1	1.43	1.43	1.8451	
718	1	1.41	1.41	1.8419	
719	1	1.36	1.36	1.7104	
720	1	1.38	1.38	1.6756	
721	1	1.37	1.37	1.6931	
722	1	1.3	1.3	1.79	
723	1	1.21	1.21	1.6259	
724	1	1.22	1.22	1.6316	
725	1	1.23	1.23	1.6571	
726	1	1.21	1.21	1.3459	
727	1	1.26	1.26	1.5124	
728	1	1.24	1.24	1.3424	
729	1	1.26	1.26	1.2924	
730	1	1.24	1.24	1.4224	
731	1	1.2	1.2	1.36	
732	1	1.17	1.17	1.3611	
733	1	1.15	1.15	1.4475	
734	1	1.13	1.13	1.4731	
735	1	1.11	1.11	1.3979	
736	1	1.14	1.14	1.3604	
737	1	1.15	1.15	1.3675	
738	1	1.12	1.12	1.3656	
739	1	1.08	1.08	1.2336	
740	1	1.1	1.1	1.25	
741	1	1.2	1.2	1.2	
742	1	1.15	1.15	1.2275	
743	1	1.22	1.22	1.2116	
744	1	1.2	1.2	1.14	
745	1	1.17	1.17	1.0611	
746	1	1.16	1.16	1.0944	
747	1	1.16	1.16	1.1344	
748	1	1.24	1.24	1.2224	
749	1	1.31	1.31	1.2939	
750	1	1.26	1.26	1.2724	
751	1	1.27	1.27	1.2971	
752	1	1.26	1.26	1.3124	
753	1	1.3	1.3	1.31	
754	1	1.34	1.34	1.3244	
755	1	1.33	1.33	1.4211	
756	1	1.27	1.27	1.4371	
757	1	1.29	1.29	1.4059	
758	1	1.34	1.34	1.3644	
759	1	1.35	1.35	1.3075	
760	1	1.32	1.32	1.2376	
761	1	1.3	1.3	1.27	
762	1	1.24	1.24	1.2624	
763	1	1.32	1.32	1.3376	
764	1	1.28	1.28	1.3416	
765	1	1.24	1.24	1.3824	
766	1	1.27	1.27	1.5371	
767	1	1.31	1.31	1.6739	
768	1	1.36	1.36	1.8504	
769	1	1.36	1.36	1.6904	
770	1	1.35	1.35	1.6275	
771	1	1.35	1.35	1.6275	
772	1	1.32	1.32	1.4976	
773	1	1.35	1.35	1.4675	
774	1	1.2	1.2	1.28	
775	1	1.25	1.25	1.2875	
776	1	1.28	1.28	1.3216	
777	1	1.29	1.29	1.3459	
778	1	1.35	1.35	1.3875	
779	1	1.38	1.38	1.4156	
780	1	1.28	1.28	1.2816	
781	1	1.25	1.25	1.1875	
782	1	1.31	1.31	1.1739	
783	1	1.33	1.33	1.1411	
784	1	1.3	1.3	1.17	
785	1	1.3	1.3	1.21	
786	1	1.3	1.3	1.25	
787	1	1.29	1.29	1.2459	
788	1	1.26	1.26	1.2324	
789	1	1.32	1.32	1.3776	
790	1	1.39	1.39	1.4979	
791	1	1.45	1.45	1.5875	
792	1	1.49	1.49	1.6299	
793	1	1.47	1.47	1.5091	
794	1	1.49	1.49	1.5299	
795	1	1.51	1.51	1.4699	
796	1	1.52	1.52	1.4696	
797	1	1.56	1.56	1.5064	
798	1	1.54	1.54	1.3684	
799	1	1.51	1.51	1.3099	
800	1	1.53	1.53	1.2691	
801	1	1.53	1.53	1.2291	
802	1	1.54	1.54	1.2884	
803	1	1.58	1.58	1.3036	
804	1	1.59	1.59	1.3419	
805	1	1.58	1.58	1.1836	
806	1	1.59	1.59	1.2019	
807	1	1.57	1.57	1.2251	
808	1	1.56	1.56	1.2664	
809	1	1.57	1.57	1.2651	
810	1	1.53	1.53	1.2291	
811	1	1.58	1.58	1.3236	
812	1	1.6	1.6	1.32	
813	1	1.62	1.62	1.3556	
814	1	1.65	1.65	1.3275	
815	1	1.66	1.66	1.2644	
816	1	1.67	1.67	1.2811	
817	1	1.72	1.72	1.3016	
818	1	1.73	1.73	1.1771	
819	1	1.78	1.78	1.1316	
820	1	1.79	1.79	1.2059	
821	1	1.74	1.74	1.2924	
822	1	1.78	1.78	1.2316	
823	1	1.8	1.8	1.32	
824	1	1.84	1.84	1.2544	
825	1	1.75	1.75	1.2275	
826	1	1.78	1.78	1.1116	
827	1	1.78	1.78	1.1316	
828	1	1.81	1.81	1.2339	
829	1	1.83	1.83	1.3011	
830	1	1.89	1.89	1.5379	
831	1	1.87	1.87	1.6131	
832	1	1.79	1.79	1.5459	
833	1	1.79	1.79	1.6059	
834	1	1.75	1.75	1.5675	
835	1	1.74	1.74	1.4124	
836	1	1.76	1.76	1.4024	
837	1	1.85	1.85	1.3875	
838	1	1.88	1.88	1.3656	
839	1	1.95	1.95	1.4875	
840	1	1.89	1.89	1.4179	
841	1	1.83	1.83	1.4211	
842	1	1.88	1.88	1.4856	
843	1	1.97	1.97	1.4291	
844	1	1.85	1.85	1.4475	
845	1	1.88	1.88	1.4656	
846	1	1.89	1.89	1.4979	
847	1	1.97	1.97	1.4891	
848	1	1.9	1.9	1.41	
849	1	1.91	1.91	1.3219	
850	1	1.94	1.94	1.2564	
851	1	1.93	1.93	1.2451	
852	1	1.99	1.99	1.2499	
853	1	2.02	2.02	1.1796	
854	1	2.02	2.02	1.1996	
855	1	2.05	2.05	1.2675	
856	1	2.02	2.02	1.2596	
857	1	2.16	2.16	1.2944	
858	1	2.1	2.1	1.27	
859	1	2.13	2.13	1.2931	
860	1	2.27	2.27	1.3771	
861	1	2.27	2.27	1.3371	
862	1	2.33	2.33	1.2811	
863	1	2.26	2.26	1.3324	
864	1	2.28	2.28	1.3816	
865	1	2.26	2.26	1.3524	
866	1	2.23	2.23	1.1771	
867	1	2.27	2.27	1.1171	
868	1	2.19	2.19	1.0539	
869	1	2.21	2.21	1.1259	
870	1	2.15	2.15	1.1675	
871	1	2.23	2.23	1.2371	
872	1	2.23	2.23	1.2571	
873	1	2.2	2.2	1.2	
874	1	2.19	2.19	1.1939	
875	1	2.16	2.16	1.1544	
876	1	2.18	2.18	1.2676	
877	1	2.21	2.21	1.3459	
878	1	2.22	2.22	1.3116	
879	1	2.19	2.19	1.2739	
880	1	2.18	2.18	1.2676	
881	1	2.15	2.15	1.2875	
882	1	2.18	2.18	1.3076	
883	1	2.17	2.17	1.2811	
884	1	2.19	2.19	1.2739	
885	1	2.22	2.22	1.2716	
886	1	2.28	2.28	1.2216	
887	1	2.31	2.31	1.1539	
888	1	2.36	2.36	1.1304	
889	1	2.28	2.28	1.1616	
890	1	2.26	2.26	1.1324	
891	1	2.3	2.3	1.13	
892	1	2.34	2.34	1.0844	
893	1	2.3	2.3	1.05	
894	1	2.41	2.41	1.1619	
895	1	2.39	2.39	1.1379	
896	1	2.47	2.47	1.2491	
897	1	2.41	2.41	1.3419	
898	1	2.41	2.41	1.2019	
899	1	2.38	2.38	1.2156	
900	1	2.34	2.34	1.2044	
901	1	2.35	2.35	1.1475	
902	1	2.38	2.38	1.2556	
903	1	2.4	2.4	1.32	
904	1	2.32	2.32	1.2376	
905	1	2.24	2.24	1.2224	
906	1	2.29	2.29	1.1659	
907	1	2.33	2.33	1.1611	
908	1	2.35	2.35	1.1275	
909	1	2.37	2.37	1.1331	
910	1	2.4	2.4	1.12	
911	1	2.4	2.4	1.14	
912	1	2.44	2.44	1.1864	
913	1	2.41	2.41	1.1819	
914	1	2.47	2.47	1.1291	
915	1	2.58	2.58	1.1236	
916	1	2.58	2.58	1.0636	
917	1	2.57	2.57	1.0651	
918	1	2.52	2.52	1.0096	
919	1	2.62	2.62	0.9356	
920	1	2.68	2.68	0.8976	
921	1	2.69	2.69	0.9539	
922	1	2.69	2.69	0.9539	
923	1	2.65	2.65	0.8875	
924	1	2.65	2.65	0.9275	
925	1	2.7	2.7	1.01	
926	1	2.72	2.72	1.0016	
927	1	2.69	2.69	1.0939	
928	1	2.69	2.69	0.9739	
929	1	2.68	2.68	0.9776	
930	1	2.64	2.64	0.9904	
931	1	2.65	2.65	1.0475	
932	1	2.65	2.65	1.0275	
933	1	2.63	2.63	1.0331	
934	1	2.66	2.66	1.0044	
935	1	2.78	2.78	0.9916	
936	1	2.81	2.81	0.9339	
937	1	2.78	2.78	0.9116	
938	1	2.75	2.75	0.8675	
939	1	2.78	2.78	0.8316	
940	1	2.79	2.79	0.8059	
941	1	2.84	2.84	0.7944	
942	1	2.87	2.87	0.7731	
943	1	2.87	2.87	0.7331	
944	1	2.88	2.88	0.7856	
945	1	2.87	2.87	0.8131	
946	1	2.87	2.87	0.8331	
947	1	2.89	2.89	0.7779	
948	1	2.96	2.96	0.7984	
949	1	2.93	2.93	0.7851	
950	1	2.91	2.91	0.7819	
951	1	2.9	2.9	0.81	
952	1	2.95	2.95	0.8275	
953	1	2.94	2.94	0.8364	
954	1	2.93	2.93	0.7851	
955	1	2.96	2.96	0.7784	
956	1	2.97	2.97	0.7891	
957	1	2.99	2.99	0.8299	
958	1	3.01	3.01	0.8099	
959	1	3.03	3.03	0.7691	
960	1	3.05	3.05	0.7475	
961	1	3	3	0.76	
962	1	3.03	3.03	0.7891	
963	1	3.02	3.02	0.7396	
964	1	3.01	3.01	0.7299	
965	1	2.98	2.98	0.7396	
966	1	3.01	3.01	0.7499	
967	1	3.01	3.01	0.7099	
968	1	3.03	3.03	0.7691	
969	1	3.01	3.01	0.7699	
970	1	3.07	3.07	0.8451	
971	1	3.05	3.05	0.8075	
972	1	3.06	3.06	0.8564	
973	1	3.06	3.06	0.8364	
974	1	3.04	3.04	0.8184	
975	1	3.08	3.08	0.9536	
976	1	3.15	3.15	0.9475	
977	1	3.21	3.21	0.9259	
978	1	3.19	3.19	1.0739	
979	1	3.21	3.21	1.0459	
980	1	3.25	3.25	0.9675	
981	1	3.27	3.27	1.0571	
982	1	3.24	3.24	1.0824	
983	1	3.2	3.2	1.06	
984	1	3.16	3.16	0.9944	
985	1	3.14	3.14	1.0004	
986	1	3.21	3.21	1.0859	
987	1	3.17	3.17	1.0611	
988	1	3.22	3.22	1.0916	
989	1	3.19	3.19	0.9939	
990	1	3.3	3.3	1.13	
991	1	3.29	3.29	1.1459	
992	1	3.3	3.3	1.15	
993	1	3.31	3.31	1.0739	
994	1	3.28	3.28	1.0016	
995	1	3.28	3.28	1.0216	
996	1	3.35	3.35	1.1275	
997	1	3.35	3.35	1.2475	
998	1	3.44	3.44	1.2864	
999	1	3.37	3.37	1.2731	
1000	1	3.33	3.33	1.1611	
1001	1	3.28	3.28	1.2616	
1002	1	3.32	3.32	1.2376	
1003	1	3.33	3.33	1.2211	
1004	1	3.34	3.34	1.2844	
1005	1	3.31	3.31	1.1539	
1006	1	3.3	3.3	1.15	
1007	1	3.26	3.26	1.0324	
1008	1	3.29	3.29	1.0059	
1009	1	3.31	3.31	1.0739	
1010	1	3.24	3.24	0.9824	
1011	1	3.28	3.28	0.9616	
1012	1	3.28	3.28	1.0216	
1013	1	3.29	3.29	1.0459	
1014	1	3.29	3.29	1.0659	
1015	1	3.31	3.31	1.1139	
1016	1	3.27	3.27	1.0771	
1017	1	3.29	3.29	0.9859	
1018	1	3.28	3.28	1.0016	
1019	1	3.31	3.31	1.0139	
1020	1	3.39	3.39	1.0579	
1021	1	3.42	3.42	1.0436	
1022	1	3.42	3.42	1.0436	
1023	1	3.44	3.44	1.1264	
1024	1	3.4	3.4	1.06	
1025	1	3.42	3.42	0.9636	
1026	1	3.41	3.41	0.8819	
1027	1	3.42	3.42	0.8836	
1028	1	3.38	3.38	0.8756	
1029	1	3.42	3.42	0.8836	
1030	1	3.42	3.42	0.9636	
1031	1	3.4	3.4	1	
1032	1	3.32	3.32	0.9976	
1033	1	3.36	3.36	1.0704	
1034	1	3.32	3.32	1.0376	
1035	1	3.28	3.28	0.9416	
1036	1	3.27	3.27	0.9371	
1037	1	3.27	3.27	0.8971	
1038	1	3.29	3.29	0.9059	
1039	1	3.28	3.28	0.8616	
1040	1	3.33	3.33	0.9211	
1041	1	3.38	3.38	0.9556	
1042	1	3.45	3.45	0.9475	
1043	1	3.44	3.44	0.9464	
1044	1	3.39	3.39	0.9979	
1045	1	3.38	3.38	1.0556	
1046	1	3.37	3.37	1.0931	
1047	1	3.33	3.33	1.1411	
1048	1	3.31	3.31	1.1539	
1049	1	3.39	3.39	1.1379	
1050	1	3.4	3.4	1.18	
1051	1	3.4	3.4	1.08	
1052	1	3.36	3.36	1.0104	
1053	1	3.31	3.31	1.1739	
1054	1	3.36	3.36	1.2504	
1055	1	3.4	3.4	1.26	
1056	1	3.34	3.34	1.1844	
1057	1	3.3	3.3	1.27	
1058	1	3.34	3.34	1.2044	
1059	1	3.33	3.33	1.1811	
1060	1	3.37	3.37	1.2731	
1061	1	3.46	3.46	1.4284	
1062	1	3.45	3.45	1.3675	
1063	1	3.48	3.48	1.4696	
1064	1	3.42	3.42	1.5036	
1065	1	3.45	3.45	1.5675	
1066	1	3.44	3.44	1.5864	
1067	1	3.4	3.4	1.48	
1068	1	3.46	3.46	1.5884	
1069	1	3.57	3.57	1.6651	
1070	1	3.56	3.56	1.5264	
1071	1	3.56	3.56	1.5264	
1072	1	3.57	3.57	1.6251	
1073	1	3.53	3.53	1.5891	
1074	1	3.49	3.49	1.5699	
1075	1	3.48	3.48	1.4896	
1076	1	3.46	3.46	1.5084	
1077	1	3.45	3.45	1.5475	
1078	1	3.32	3.32	1.5576	
1079	1	3.33	3.33	1.5211	
1080	1	3.31	3.31	1.4939	
1081	1	3.35	3.35	1.5475	
1082	1	3.36	3.36	1.4504	
1083	1	3.39	3.39	1.5979	
1084	1	3.36	3.36	1.6304	
1085	1	3.31	3.31	1.5939	
1086	1	3.25	3.25	1.5475	
1087	1	3.3	3.3	1.53	
1088	1	3.29	3.29	1.4859	
1089	1	3.25	3.25	1.3875	
1090	1	3.27	3.27	1.4171	
1091	1	3.27	3.27	1.4371	
1092	1	3.27	3.27	1.3771	
1093	1	3.24	3.24	1.2624	
1094	1	3.24	3.24	1.3624	
1095	1	3.27	3.27	1.3571	
1096	1	3.24	3.24	1.3024	
1097	1	3.22	3.22	1.1516	
1098	1	3.28	3.28	1.1616	
1099	1	3.24	3.24	1.2224	
1100	1	3.32	3.32	1.1176	
1101	1	3.27	3.27	1.1171	
1102	1	3.31	3.31	1.2139	
1103	1	3.34	3.34	1.2644	
1104	1	3.34	3.34	1.1844	
1105	1	3.29	3.29	1.2059	
1106	1	3.27	3.27	1.1771	
1107	1	3.25	3.25	1.0075	
1108	1	3.22	3.22	1.0516	
1109	1	3.25	3.25	1.0875	
1110	1	3.24	3.24	1.0624	
1111	1	3.18	3.18	1.0076	
1112	1	3.25	3.25	1.0675	
1113	1	3.26	3.26	1.0324	
1114	1	3.22	3.22	0.9916	
1115	1	3.22	3.22	1.1116	
1116	1	3.23	3.23	1.1571	
1117	1	3.22	3.22	1.0916	
1118	1	3.21	3.21	1.0459	
1119	1	3.2	3.2	1.04	
1120	1	3.15	3.15	1.0075	
1121	1	3.11	3.11	1.0179	
1122	1	3.19	3.19	1.0139	
1123	1	3.21	3.21	0.9859	
1124	1	3.19	3.19	1.0139	
1125	1	3.16	3.16	1.0344	
1126	1	3.16	3.16	1.0544	
1127	1	3.11	3.11	1.0779	
1128	1	3.15	3.15	1.0875	
1129	1	3.1	3.1	1.09	
1130	1	3.09	3.09	1.1819	
1131	1	3.1	3.1	1.17	
1132	1	3.09	3.09	1.2219	
1133	1	3.11	3.11	1.2179	
1134	1	3.13	3.13	1.2931	
1135	1	3.1	3.1	1.27	
1136	1	3.12	3.12	1.3256	
1137	1	3.15	3.15	1.3275	
1138	1	3.16	3.16	1.2944	
1139	1	3.24	3.24	1.4824	
1140	1	3.25	3.25	1.4875	
1141	1	3.22	3.22	1.4516	
1142	1	3.19	3.19	1.3939	
1143	1	3.19	3.19	1.4539	
1144	1	3.28	3.28	1.5216	
1145	1	3.25	3.25	1.4875	
1146	1	3.26	3.26	1.5524	
1147	1	3.26	3.26	1.5124	
1148	1	3.19	3.19	1.3539	
1149	1	3.24	3.24	1.3024	
1150	1	3.23	3.23	1.2771	
1151	1	3.23	3.23	1.2771	
1152	1	3.28	3.28	1.3016	
1153	1	3.24	3.24	1.2024	
1154	1	3.22	3.22	1.0916	
1155	1	3.24	3.24	1.1824	
1156	1	3.21	3.21	1.1859	
1157	1	3.09	3.09	1.1219	
1158	1	3.09	3.09	1.0819	
1159	1	3.15	3.15	1.0475	
1160	1	3.19	3.19	1.0139	
1161	1	3.17	3.17	1.0611	
1162	1	3.11	3.11	0.9979	
1163	1	3.04	3.04	0.8784	
1164	1	3.07	3.07	0.9051	
1165	1	3.09	3.09	0.8819	
1166	1	3.1	3.1	0.91	
1167	1	3.14	3.14	0.9204	
1168	1	3.12	3.12	0.8656	
1169	1	3.13	3.13	0.9131	
1170	1	3.14	3.14	0.9204	
1171	1	3.14	3.14	0.9204	
1172	1	3.11	3.11	0.9179	
1173	1	3.08	3.08	0.9136	
1174	1	3.08	3.08	0.8736	
1175	1	3.11	3.11	0.9179	
1176	1	3.16	3.16	0.8744	
1177	1	3.12	3.12	0.8656	
1178	1	3.09	3.09	0.8419	
1179	1	3.13	3.13	0.8531	
1180	1	3.15	3.15	0.8675	
1181	1	3.14	3.14	0.9204	
1182	1	3.18	3.18	0.9076	
1183	1	3.19	3.19	0.9339	
1184	1	3.11	3.11	0.8579	
1185	1	3.18	3.18	0.8276	
1186	1	3.15	3.15	0.8275	
1187	1	3.22	3.22	0.8516	
1188	1	3.27	3.27	0.8571	
1189	1	3.23	3.23	0.8371	
1190	1	3.22	3.22	0.8516	
1191	1	3.27	3.27	0.8971	
1192	1	3.26	3.26	0.8524	
1193	1	3.25	3.25	0.8475	
1194	1	3.22	3.22	0.8516	
1195	1	3.2	3.2	0.82	
1196	1	3.19	3.19	0.8739	
1197	1	3.23	3.23	0.8971	
1198	1	3.23	3.23	0.8571	
1199	1	3.29	3.29	0.9659	
1200	1	3.27	3.27	1.0171	
1201	1	3.27	3.27	1.1571	
1202	1	3.24	3.24	1.1224	
1203	1	3.22	3.22	1.1116	
1204	1	3.18	3.18	1.0876	
1205	1	3.11	3.11	1.0179	
1206	1	3.07	3.07	0.9251	
1207	1	3.12	3.12	0.9456	
1208	1	3.16	3.16	0.9344	
1209	1	3.22	3.22	1.0316	
1210	1	3.24	3.24	0.9824	
1211	1	3.29	3.29	0.9659	
1212	1	3.3	3.3	0.95	
1213	1	3.41	3.41	0.9619	
1214	1	3.36	3.36	0.9304	
1215	1	3.33	3.33	0.9811	
1216	1	3.35	3.35	0.9675	
1217	1	3.4	3.4	1	
1218	1	3.47	3.47	1.0891	
1219	1	3.37	3.37	0.9931	
1220	1	3.45	3.45	1.0675	
1221	1	3.48	3.48	1.0496	
1222	1	3.52	3.52	1.0696	
1223	1	3.47	3.47	0.9491	
1224	1	3.41	3.41	0.9019	
1225	1	3.44	3.44	0.9264	
1226	1	3.43	3.43	0.9851	
1227	1	3.41	3.41	0.9819	
1228	1	3.42	3.42	0.9436	
1229	1	3.43	3.43	1.0051	
1230	1	3.48	3.48	0.9696	
1231	1	3.42	3.42	1.0036	
1232	1	3.37	3.37	0.9931	
1233	1	3.36	3.36	0.9704	
1234	1	3.39	3.39	1.0579	
1235	1	3.42	3.42	1.0636	
1236	1	3.51	3.51	1.1099	
1237	1	3.52	3.52	1.1296	
1238	1	3.48	3.48	1.1296	
1239	1	3.47	3.47	1.1891	
1240	1	3.45	3.45	1.0875	
1241	1	3.42	3.42	1.1636	
1242	1	3.38	3.38	1.2156	
1243	1	3.42	3.42	1.3236	
1244	1	3.42	3.42	1.4036	
1245	1	3.41	3.41	1.4219	
1246	1	3.44	3.44	1.3864	
1247	1	3.39	3.39	1.2579	
1248	1	3.38	3.38	1.2156	
1249	1	3.44	3.44	1.1664	
1250	1	3.5	3.5	1.31	
1251	1	3.41	3.41	1.2419	
1252	1	3.44	3.44	1.2264	
1253	1	3.41	3.41	1.1419	
1254	1	3.34	3.34	1.1644	
1255	1	3.37	3.37	1.1531	
1256	1	3.33	3.33	1.1411	
1257	1	3.36	3.36	1.2104	
1258	1	3.37	3.37	1.2131	
1259	1	3.36	3.36	1.1304	
1260	1	3.43	3.43	1.1651	
1261	1	3.42	3.42	1.1836	
1262	1	3.33	3.33	1.1211	
1263	1	3.32	3.32	1.1176	
1264	1	3.35	3.35	1.2275	
1265	1	3.33	3.33	1.2411	
1266	1	3.31	3.31	1.2939	
1267	1	3.34	3.34	1.3444	
1268	1	3.33	3.33	1.3411	
1269	1	3.32	3.32	1.3376	
1270	1	3.38	3.38	1.3756	
1271	1	3.37	3.37	1.3931	
1272	1	3.4	3.4	1.48	
1273	1	3.41	3.41	1.4819	
1274	1	3.39	3.39	1.5379	
1275	1	3.48	3.48	1.7496	
1276	1	3.41	3.41	1.7419	
1277	1	3.36	3.36	1.7104	
1278	1	3.27	3.27	1.7971	
1279	1	3.31	3.31	1.8339	
1280	1	3.3	3.3	1.81	
1281	1	3.26	3.26	1.7524	
1282	1	3.31	3.31	1.7539	
1283	1	3.27	3.27	1.5771	
1284	1	3.27	3.27	1.5371	
1285	1	3.28	3.28	1.5416	
1286	1	3.17	3.17	1.3811	
1287	1	3.11	3.11	1.3779	
1288	1	3.06	3.06	1.2964	
1289	1	3.04	3.04	1.2384	
1290	1	3.03	3.03	1.3091	
1291	1	3.06	3.06	1.2964	
1292	1	3.04	3.04	1.3584	
1293	1	3.17	3.17	1.5011	
1294	1	3.13	3.13	1.5331	
1295	1	3.14	3.14	1.4804	
1296	1	3.12	3.12	1.4456	
1297	1	3.06	3.06	1.3364	
1298	1	3.09	3.09	1.4219	
1299	1	3.22	3.22	1.6916	
1300	1	3.18	3.18	1.5876	
1301	1	3.1	3.1	1.55	
1302	1	3.11	3.11	1.4179	
1303	1	3.08	3.08	1.3336	
1304	1	3.09	3.09	1.4019	
1305	1	2.95	2.95	0.9875	
1306	1	2.97	2.97	1.0091	
1307	1	2.87	2.87	0.8731	
1308	1	2.87	2.87	0.8531	
1309	1	2.94	2.94	0.8764	
1310	1	2.95	2.95	0.8275	
1311	1	2.97	2.97	0.8491	
1312	1	3.01	3.01	0.8699	
1313	1	3.09	3.09	0.8819	
1314	1	3.1	3.1	0.87	
1315	1	3.14	3.14	0.9404	
1316	1	3.16	3.16	0.9544	
1317	1	3.21	3.21	0.9259	
1318	1	3.19	3.19	0.9739	
1319	1	3.22	3.22	1.0116	
1320	1	3.23	3.23	1.0171	
1321	1	3.25	3.25	0.9875	
1322	1	3.21	3.21	0.9459	
1323	1	3.19	3.19	0.9939	
1324	1	3.15	3.15	1.0075	
1325	1	3.19	3.19	0.9539	
1326	1	3.19	3.19	0.8739	
1327	1	3.14	3.14	0.8404	
1328	1	3.1	3.1	0.85	
1329	1	3.1	3.1	0.93	
1330	1	3.08	3.08	0.8736	
1331	1	3.06	3.06	0.8764	
1332	1	3.08	3.08	0.9136	
1333	1	3.1	3.1	0.93	
1334	1	3.1	3.1	0.95	
1335	1	3.09	3.09	0.9419	
1336	1	3.02	3.02	0.9196	
1337	1	3.01	3.01	0.8899	
1338	1	2.98	2.98	0.8396	
1339	1	2.97	2.97	0.9091	
1340	1	3.02	3.02	0.9996	
1341	1	3.09	3.09	1.0419	
1342	1	3.18	3.18	1.1476	
1343	1	3.25	3.25	1.1875	
1344	1	3.25	3.25	1.2075	
1345	1	3.24	3.24	1.2424	
1346	1	3.31	3.31	1.3139	
1347	1	3.35	3.35	1.2275	
1348	1	3.37	3.37	1.2331	
1349	1	3.33	3.33	1.3011	
1350	1	3.34	3.34	1.2244	
1351	1	3.34	3.34	1.2444	
1352	1	3.38	3.38	1.1956	
1353	1	3.34	3.34	1.1844	
1354	1	3.33	3.33	1.2211	
1355	1	3.38	3.38	1.2556	
1356	1	3.42	3.42	1.2636	
1357	1	3.42	3.42	1.2836	
1358	1	3.43	3.43	1.2051	
1359	1	3.51	3.51	1.2899	
1360	1	3.54	3.54	1.2484	
1361	1	3.56	3.56	1.3264	
1362	1	3.56	3.56	1.3464	
1363	1	3.47	3.47	1.2291	
1364	1	3.49	3.49	1.3499	
1365	1	3.52	3.52	1.4296	
1366	1	3.51	3.51	1.3699	
1367	1	3.5	3.5	1.39	
1368	1	3.42	3.42	1.4636	
1369	1	3.4	3.4	1.26	
1370	1	3.42	3.42	1.2036	
1371	1	3.43	3.43	1.1851	
1372	1	3.38	3.38	1.2156	
1373	1	3.39	3.39	1.2379	
1374	1	3.49	3.49	1.2099	
1375	1	3.41	3.41	1.1619	
1376	1	3.44	3.44	1.0864	
1377	1	3.48	3.48	1.0696	
1378	1	3.55	3.55	1.1075	
1379	1	3.5	3.5	1.21	
1380	1	3.53	3.53	1.2291	
1381	1	3.57	3.57	1.3251	
1382	1	3.6	3.6	1.26	
1383	1	3.56	3.56	1.1864	
1384	1	3.54	3.54	1.2084	
1385	1	3.51	3.51	1.2699	
1386	1	3.5	3.5	1.25	
1387	1	3.51	3.51	1.2699	
1388	1	3.54	3.54	1.3684	
1389	1	3.54	3.54	1.3684	
1390	1	3.5	3.5	1.41	
1391	1	3.5	3.5	1.41	
1392	1	3.49	3.49	1.3299	
1393	1	3.52	3.52	1.4096	
1394	1	3.7	3.7	1.57	
1395	1	3.71	3.71	1.6059	
1396	1	3.72	3.72	1.6616	
1397	1	3.72	3.72	1.7816	
1398	1	3.66	3.66	1.8244	
1399	1	3.61	3.61	1.7379	
1400	1	3.61	3.61	1.7179	
1401	1	3.6	3.6	1.8	
1402	1	3.51	3.51	1.9299	
1403	1	3.5	3.5	1.85	
1404	1	3.44	3.44	1.8064	
1405	1	3.38	3.38	1.7156	
1406	1	3.37	3.37	1.7731	
1407	1	3.42	3.42	1.7836	
1408	1	3.36	3.36	1.6304	
1409	1	3.43	3.43	1.6651	
1410	1	3.51	3.51	1.6499	
1411	1	3.52	3.52	1.6696	
1412	1	3.52	3.52	1.6496	
1413	1	3.46	3.46	1.6684	
1414	1	3.42	3.42	1.6036	
1415	1	3.39	3.39	1.5579	
1416	1	3.45	3.45	1.6075	
1417	1	3.31	3.31	1.6539	
1418	1	3.36	3.36	1.6904	
1419	1	3.4	3.4	1.72	
1420	1	3.4	3.4	1.66	
1421	1	3.39	3.39	1.5579	
1422	1	3.33	3.33	1.4411	
1423	1	3.38	3.38	1.4956	
1424	1	3.4	3.4	1.48	
1425	1	3.4	3.4	1.48	
1426	1	3.45	3.45	1.4075	
1427	1	3.44	3.44	1.3864	
1428	1	3.46	3.46	1.4484	
1429	1	3.43	3.43	1.3651	
1430	1	3.46	3.46	1.3884	
1431	1	3.5	3.5	1.37	
1432	1	3.42	3.42	1.2836	
1433	1	3.47	3.47	1.3091	
1434	1	3.46	3.46	1.2484	
1435	1	3.46	3.46	1.2484	
1436	1	3.51	3.51	1.1899	
1437	1	3.52	3.52	1.2096	
1438	1	3.53	3.53	1.2491	
1439	1	3.56	3.56	1.2264	
1440	1	3.53	3.53	1.1291	
1441	1	3.47	3.47	1.1691	
1442	1	3.4	3.4	1.18	
1443	1	3.42	3.42	1.2036	
1444	1	3.38	3.38	1.1956	
1445	1	3.36	3.36	1.2104	
1446	1	3.35	3.35	1.2275	
1447	1	3.31	3.31	1.2339	
1448	1	3.32	3.32	1.2176	
1449	1	3.35	3.35	1.2275	
1450	1	3.37	3.37	1.3131	
1451	1	3.44	3.44	1.3864	
1452	1	3.5	3.5	1.45	
1453	1	3.47	3.47	1.5291	
1454	1	3.44	3.44	1.5864	
1455	1	3.41	3.41	1.5619	
1456	1	3.4	3.4	1.56	
1457	1	3.42	3.42	1.4836	
1458	1	3.48	3.48	1.5296	
1459	1	3.42	3.42	1.5036	
1460	1	3.43	3.43	1.4851	
1461	1	3.47	3.47	1.5491	
1462	1	3.45	3.45	1.4675	
1463	1	3.44	3.44	1.5064	
1464	1	3.43	3.43	1.4451	
1465	1	3.5	3.5	1.47	
1466	1	3.44	3.44	1.4264	
1467	1	3.42	3.42	1.3236	
1468	1	3.42	3.42	1.2836	
1469	1	3.43	3.43	1.2451	
1470	1	3.51	3.51	1.2099	
1471	1	3.56	3.56	1.2264	
1472	1	3.61	3.61	1.2179	
1473	1	3.62	3.62	1.3156	
1474	1	3.6	3.6	1.32	
1475	1	3.65	3.65	1.4475	
1476	1	3.63	3.63	1.4331	
1477	1	3.6	3.6	1.44	
1478	1	3.61	3.61	1.3779	
1479	1	3.57	3.57	1.3851	
1480	1	3.59	3.59	1.4019	
1481	1	3.55	3.55	1.3875	
1482	1	3.62	3.62	1.4956	
1483	1	3.7	3.7	1.47	
1484	1	3.71	3.71	1.4059	
1485	1	3.79	3.79	1.3659	
1486	1	3.66	3.66	1.3844	
1487	1	3.62	3.62	1.4556	
1488	1	3.56	3.56	1.4464	
1489	1	3.58	3.58	1.4836	
1490	1	3.54	3.54	1.4484	
1491	1	3.54	3.54	1.4484	
1492	1	3.53	3.53	1.5291	
1493	1	3.52	3.52	1.5296	
1494	1	3.53	3.53	1.5091	
1495	1	3.45	3.45	1.5475	
1496	1	3.41	3.41	1.4819	
1497	1	3.47	3.47	1.5691	
1498	1	3.54	3.54	1.6084	
1499	1	3.58	3.58	1.6436	
1500	1	3.72	3.72	1.6216	
1501	1	3.66	3.66	1.6644	
1502	1	3.67	3.67	1.6211	
1503	1	3.68	3.68	1.4776	
1504	1	3.66	3.66	1.4644	
1505	1	3.61	3.61	1.4179	
1506	1	3.58	3.58	1.4436	
1507	1	3.51	3.51	1.3099	
1508	1	3.47	3.47	1.2491	
1509	1	3.5	3.5	1.39	
1510	1	3.51	3.51	1.3099	
1511	1	3.61	3.61	1.4179	
1512	1	3.61	3.61	1.4979	
1513	1	3.65	3.65	1.4075	
1514	1	3.65	3.65	1.3075	
1515	1	3.67	3.67	1.2211	
1516	1	3.7	3.7	1.25	
1517	1	3.69	3.69	1.3139	
1518	1	3.68	3.68	1.2376	
1519	1	3.68	3.68	1.1976	
1520	1	3.67	3.67	1.2411	
1521	1	3.7	3.7	1.31	
1522	1	3.72	3.72	1.3016	
1523	1	3.82	3.82	1.3876	
1524	1	3.79	3.79	1.3459	
1525	1	3.81	3.81	1.4939	
1526	1	3.83	3.83	1.6411	
1527	1	3.83	3.83	1.5411	
1528	1	3.77	3.77	1.4971	
1529	1	3.83	3.83	1.5811	
1530	1	3.71	3.71	1.5259	
1531	1	3.65	3.65	1.5475	
1532	1	3.75	3.75	1.5675	
1533	1	3.73	3.73	1.4771	
1534	1	3.81	3.81	1.6339	
1535	1	3.82	3.82	1.7876	
1536	1	3.75	3.75	1.7275	
1537	1	3.62	3.62	1.6156	
1538	1	3.6	3.6	1.66	
1539	1	3.58	3.58	1.7236	
1540	1	3.63	3.63	1.8131	
1541	1	3.56	3.56	1.6664	
1542	1	3.53	3.53	1.6891	
1543	1	3.59	3.59	1.7619	
1544	1	3.6	3.6	1.72	
1545	1	3.66	3.66	1.7644	
1546	1	3.62	3.62	1.8756	
1547	1	3.72	3.72	1.8816	
1548	1	3.7	3.7	1.87	
1549	1	3.66	3.66	1.9044	
1550	1	3.55	3.55	1.5675	
1551	1	3.6	3.6	1.68	
1552	1	3.62	3.62	1.8956	
1553	1	3.7	3.7	2.09	
1554	1	3.69	3.69	2.1539	
1555	1	3.66	3.66	2.1644	
1556	1	3.67	3.67	2.2411	
1557	1	3.71	3.71	2.3459	
1558	1	3.7	3.7	2.27	
1559	1	3.63	3.63	2.4531	
1560	1	3.61	3.61	2.2979	
1561	1	3.63	3.63	2.0531	
1562	1	3.69	3.69	1.9539	
1563	1	3.57	3.57	1.7851	
1564	1	3.52	3.52	1.8096	
1565	1	3.57	3.57	1.9051	
1566	1	3.55	3.55	2.0475	
1567	1	3.56	3.56	1.8264	
1568	1	3.55	3.55	1.9475	
1569	1	3.55	3.55	2.0475	
1570	1	3.52	3.52	2.0696	
1571	1	3.52	3.52	1.9696	
1572	1	3.46	3.46	1.9884	
1573	1	3.39	3.39	1.6379	
1574	1	3.4	3.4	1.58	
1575	1	3.44	3.44	1.5864	
1576	1	3.46	3.46	1.8084	
1577	1	3.4	3.4	1.74	
1578	1	3.27	3.27	1.4171	
1579	1	3.24	3.24	1.2824	
1580	1	3.18	3.18	1.2676	
1581	1	3.28	3.28	1.4816	
1582	1	3.31	3.31	1.6139	
1583	1	3.3	3.3	1.61	
1584	1	3.27	3.27	1.4771	
1585	1	3.26	3.26	1.4924	
1586	1	3.27	3.27	1.4971	
1587	1	3.31	3.31	1.5939	
1588	1	3.38	3.38	1.5956	
1589	1	3.32	3.32	1.4976	
1590	1	3.29	3.29	1.4459	
1591	1	3.24	3.24	1.3224	
1592	1	3.24	3.24	1.2424	
1593	1	3.29	3.29	1.3459	
1594	1	3.33	3.33	1.3211	
1595	1	3.35	3.35	1.4475	
1596	1	3.36	3.36	1.6104	
1597	1	3.37	3.37	1.5731	
1598	1	3.43	3.43	1.8051	
1599	1	3.35	3.35	1.7475	
1600	1	3.4	3.4	1.8	
1601	1	3.46	3.46	1.7684	
1602	1	3.42	3.42	1.6236	
1603	1	3.28	3.28	1.3216	
1604	1	3.27	3.27	1.3171	
1605	1	3.28	3.28	1.3416	
1606	1	3.3	3.3	1.31	
1607	1	3.34	3.34	1.2644	
1608	1	3.37	3.37	1.5531	
1609	1	3.37	3.37	1.4131	
1610	1	3.33	3.33	1.2811	
1611	1	3.32	3.32	0.9176	
1612	1	3.3	3.3	0.87	
1613	1	3.31	3.31	0.6739	
1614	1	3.26	3.26	0.5324	
1615	1	3.26	3.26	0.4724	
1616	1	3.23	3.23	0.4771	
1617	1	3.24	3.24	0.5624	
1618	1	3.27	3.27	0.5371	
1619	1	3.29	3.29	0.5259	
1620	1	3.26	3.26	0.4324	
1621	1	3.27	3.27	0.4971	
1622	1	3.28	3.28	0.5416	
1623	1	3.3	3.3	0.57	
1624	1	3.32	3.32	0.5976	
1625	1	3.32	3.32	0.6576	
1626	1	3.37	3.37	0.6931	
1627	1	3.36	3.36	0.6504	
1628	1	3.39	3.39	0.6979	
1629	1	3.38	3.38	0.6956	
1630	1	3.31	3.31	0.6339	
1631	1	3.37	3.37	0.6731	
1632	1	3.39	3.39	0.6979	
1633	1	3.44	3.44	0.7664	
1634	1	3.43	3.43	0.7051	
1635	1	3.44	3.44	0.7264	
1636	1	3.41	3.41	0.7019	
1637	1	3.42	3.42	0.6636	
1638	1	3.42	3.42	0.6836	
1639	1	3.39	3.39	0.6779	
1640	1	3.43	3.43	0.7451	
1641	1	3.41	3.41	0.7419	
1642	1	3.39	3.39	0.7179	
1643	1	3.42	3.42	0.7636	
1644	1	3.4	3.4	0.72	
1645	1	3.37	3.37	0.7331	
1646	1	3.44	3.44	0.8064	
1647	1	3.5	3.5	0.91	
1648	1	3.51	3.51	0.9299	
1649	1	3.48	3.48	0.8896	
1650	1	3.51	3.51	0.8499	
1651	1	3.53	3.53	0.8091	
1652	1	3.58	3.58	0.8436	
1653	1	3.54	3.54	0.8684	
1654	1	3.57	3.57	0.8651	
1655	1	3.59	3.59	0.9419	
1656	1	3.6	3.6	0.9	
1657	1	3.59	3.59	0.7819	
1658	1	3.56	3.56	0.8464	
1659	1	3.56	3.56	0.8064	
1660	1	3.52	3.52	0.7896	
1661	1	3.55	3.55	0.8475	
1662	1	3.61	3.61	0.8779	
1663	1	3.61	3.61	0.8979	
1664	1	3.64	3.64	0.8904	
1665	1	3.68	3.68	0.8976	
1666	1	3.72	3.72	0.9216	
1667	1	3.73	3.73	0.9371	
1668	1	3.76	3.76	1.0024	
1669	1	3.74	3.74	0.9924	
1670	1	3.79	3.79	1.0459	
1671	1	3.8	3.8	1.06	
1672	1	3.8	3.8	1.04	
1673	1	3.73	3.73	1.0171	
1674	1	3.68	3.68	1.0776	
1675	1	3.68	3.68	1.0976	
1676	1	3.59	3.59	1.0019	
1677	1	3.57	3.57	1.0051	
1678	1	3.55	3.55	0.9675	
1679	1	3.58	3.58	1.0236	
1680	1	3.57	3.57	1.0851	
1681	1	3.57	3.57	1.0251	
1682	1	3.57	3.57	1.0451	
1683	1	3.64	3.64	1.0904	
1684	1	3.66	3.66	1.0444	
1685	1	3.73	3.73	1.0771	
1686	1	3.83	3.83	1.1811	
1687	1	3.82	3.82	1.1276	
1688	1	3.76	3.76	1.2424	
1689	1	3.82	3.82	1.2676	
1690	1	3.76	3.76	1.3224	
1691	1	3.73	3.73	1.2771	
1692	1	3.74	3.74	1.2324	
1693	1	3.72	3.72	1.3416	
1694	1	3.7	3.7	1.43	
1695	1	3.7	3.7	1.41	
1696	1	3.63	3.63	1.3731	
1697	1	3.69	3.69	1.3939	
1698	1	3.67	3.67	1.3611	
1699	1	3.64	3.64	1.3304	
1700	1	3.64	3.64	1.2904	
1701	1	3.68	3.68	1.2776	
1702	1	3.61	3.61	1.2779	
1703	1	3.67	3.67	1.2811	
1704	1	3.66	3.66	1.3244	
1705	1	3.62	3.62	1.3556	
1706	1	3.58	3.58	1.3436	
1707	1	3.61	3.61	1.2579	
1708	1	3.54	3.54	1.2884	
1709	1	3.59	3.59	1.3019	
1710	1	3.59	3.59	1.2819	
1711	1	3.65	3.65	1.3075	
1712	1	3.7	3.7	1.21	
1713	1	3.72	3.72	1.2616	
1714	1	3.8	3.8	1.24	
1715	1	3.87	3.87	1.2931	
1716	1	3.87	3.87	1.3531	
1717	1	3.87	3.87	1.2531	
1718	1	3.83	3.83	1.2811	
1719	1	3.84	3.84	1.1944	
1720	1	3.87	3.87	1.2331	
1721	1	3.93	3.93	1.2051	
1722	1	3.91	3.91	1.2219	
1723	1	3.88	3.88	1.1456	
1724	1	3.89	3.89	1.1979	
1725	1	3.96	3.96	1.1784	
1726	1	3.94	3.94	1.2164	
1727	1	3.9	3.9	1.15	
1728	1	3.91	3.91	1.1019	
1729	1	3.87	3.87	1.1131	
1730	1	3.88	3.88	1.0856	
1731	1	3.84	3.84	1.0744	
1732	1	3.8	3.8	1.04	
1733	1	3.8	3.8	1.04	
1734	1	3.82	3.82	1.1076	
1735	1	3.77	3.77	1.0571	
1736	1	3.74	3.74	1.0324	
1737	1	3.91	3.91	1.3819	
1738	1	3.78	3.78	1.3116	
1739	1	3.72	3.72	1.3216	
1740	1	3.76	3.76	1.3024	
1741	1	3.76	3.76	1.2624	
1742	1	3.84	3.84	1.2744	
1743	1	3.79	3.79	1.1859	
1744	1	3.8	3.8	1.22	
1745	1	3.87	3.87	1.2531	
1746	1	3.9	3.9	1.23	
1747	1	3.89	3.89	1.2779	
1748	1	3.87	3.87	1.3531	
1749	1	3.87	3.87	1.3531	
1750	1	3.87	3.87	1.2731	
1751	1	3.84	3.84	1.2544	
1752	1	3.87	3.87	1.2731	
1753	1	3.92	3.92	1.2136	
1754	1	3.98	3.98	1.1996	
1755	1	3.93	3.93	1.2651	
1756	1	3.91	3.91	1.3219	
1757	1	3.83	3.83	1.3211	
1758	1	3.8	3.8	1.38	
1759	1	3.84	3.84	1.2944	
1760	1	3.89	3.89	1.2979	
1761	1	3.83	3.83	1.2611	
1762	1	3.86	3.86	1.2604	
1763	1	3.81	3.81	1.2939	
1764	1	3.8	3.8	1.3	
1765	1	3.8	3.8	1.32	
1766	1	3.77	3.77	1.3371	
1767	1	3.69	3.69	1.2939	
1768	1	3.73	3.73	1.3571	
1769	1	3.74	3.74	1.3524	
1770	1	3.73	3.73	1.3971	
1771	1	3.72	3.72	1.4416	
1772	1	3.67	3.67	1.4611	
1773	1	3.71	3.71	1.3459	
1774	1	3.75	3.75	1.3475	
1775	1	3.76	3.76	1.3624	
1776	1	3.75	3.75	1.3875	
1777	1	3.79	3.79	1.3659	
1778	1	3.8	3.8	1.38	
1779	1	3.8	3.8	1.34	
1780	1	3.77	3.77	1.3971	
1781	1	3.77	3.77	1.3571	
1782	1	3.72	3.72	1.4016	
1783	1	3.76	3.76	1.4424	
1784	1	3.79	3.79	1.5659	
1785	1	3.78	3.78	1.6116	
1786	1	3.91	3.91	1.6219	
1787	1	3.85	3.85	1.6275	
1788	1	3.94	3.94	1.6164	
1789	1	3.98	3.98	1.6196	
1790	1	4	4	1.66	
1791	1	3.99	3.99	1.6699	
1792	1	3.99	3.99	1.6499	
1793	1	3.97	3.97	1.7291	
1794	1	3.95	3.95	1.9075	
1795	1	3.92	3.92	1.9936	
1796	1	3.75	3.75	2.0875	
1797	1	3.85	3.85	2.1675	
1798	1	3.85	3.85	2.2675	
1799	1	3.88	3.88	2.2656	
1800	1	3.88	3.88	2.1056	
1801	1	3.96	3.96	2.1184	
1802	1	4	4	2.04	
1803	1	3.94	3.94	1.9764	
1804	1	3.94	3.94	2.0564	
1805	1	3.99	3.99	2.1299	
1806	1	4.09	4.09	2.3019	
1807	1	3.96	3.96	2.3184	
1808	1	3.88	3.88	2.2856	
1809	1	3.93	3.93	2.3451	
1810	1	3.92	3.92	2.3336	
1811	1	3.92	3.92	2.4136	
1812	1	3.94	3.94	2.5764	
1813	1	3.94	3.94	2.4764	
1814	1	3.93	3.93	2.4051	
1815	1	3.94	3.94	2.4764	
1816	1	3.96	3.96	2.5184	
1817	1	3.87	3.87	2.6531	
1818	1	3.87	3.87	2.6731	
1819	1	3.69	3.69	2.6339	
1820	1	3.81	3.81	2.6539	
1821	1	3.87	3.87	2.6931	
1822	1	3.92	3.92	2.5736	
1823	1	3.86	3.86	2.5404	
1824	1	3.77	3.77	2.3971	
1825	1	3.8	3.8	2.32	
1826	1	3.79	3.79	2.5459	
1827	1	3.76	3.76	2.5224	
1828	1	3.76	3.76	2.5224	
1829	1	3.75	3.75	2.3275	
1830	1	3.81	3.81	2.4339	
1831	1	3.81	3.81	2.3139	
1832	1	3.87	3.87	2.3931	
1833	1	3.75	3.75	2.3675	
1834	1	3.68	3.68	2.2576	
1835	1	3.61	3.61	2.1179	
1836	1	3.64	3.64	2.1704	
1837	1	3.64	3.64	2.0304	
1838	1	3.63	3.63	1.9531	
1839	1	3.67	3.67	2.0811	
1840	1	3.57	3.57	2.0251	
1841	1	3.51	3.51	1.9499	
1842	1	3.46	3.46	1.9284	
1843	1	3.46	3.46	2.0684	
1844	1	3.4	3.4	2	
1845	1	3.36	3.36	1.9904	
1846	1	3.36	3.36	1.9504	
1847	1	3.31	3.31	1.9939	
1848	1	3.39	3.39	2.2379	
1849	1	3.36	3.36	2.2504	
1850	1	3.36	3.36	2.0704	
1851	1	3.5	3.5	2.39	
1852	1	3.56	3.56	2.3464	
1853	1	3.61	3.61	2.6379	
1854	1	3.64	3.64	2.6704	
1855	1	3.59	3.59	2.4619	
1856	1	3.67	3.67	2.4211	
1857	1	3.68	3.68	2.3976	
1858	1	3.77	3.77	2.5171	
1859	1	3.82	3.82	2.5476	
1860	1	3.77	3.77	2.2971	
1861	1	3.87	3.87	2.5931	
1862	1	3.97	3.97	2.6891	
1863	1	3.9	3.9	2.69	
1864	1	3.88	3.88	2.6856	
1865	1	3.84	3.84	2.8144	
1866	1	3.9	3.9	2.81	
1867	1	4	4	2.92	
1868	1	3.94	3.94	2.9964	
1869	1	3.96	3.96	3.0184	
1870	1	3.91	3.91	2.9019	
1871	1	4.02	4.02	3.1396	
1872	1	4.05	4.05	3.2275	
1873	1	4.1	4.1	3.29	
1874	1	4.08	4.08	3.1936	
1875	1	4.14	4.14	3.0804	
1876	1	4.1	4.1	2.91	
1877	1	4.1	4.1	2.99	
1878	1	4.12	4.12	3.0456	
1879	1	4.13	4.13	2.9931	
1880	1	4.16	4.16	3.2544	
1881	1	4.23	4.23	3.3571	
1882	1	4.31	4.31	3.3739	
1883	1	4.21	4.21	3.3859	
1884	1	4.19	4.19	3.0739	
1885	1	4.23	4.23	3.0971	
1886	1	4.27	4.27	3.0171	
1887	1	4.3	4.3	2.73	
1888	1	4.25	4.25	2.5475	
1889	1	4.18	4.18	2.5276	
1890	1	4.14	4.14	2.2204	
1891	1	4.09	4.09	2.3019	
1892	1	4.07	4.07	2.3651	
1893	1	4.15	4.15	2.6075	
1894	1	4.26	4.26	2.8324	
1895	1	4.24	4.24	2.8024	
1896	1	4.34	4.34	2.7444	
1897	1	4.29	4.29	2.7859	
1898	1	4.31	4.31	3.0539	
1899	1	4.26	4.26	2.6524	
1900	1	4.34	4.34	2.5844	
1901	1	4.34	4.34	2.9244	
1902	1	4.29	4.29	2.8659	
1903	1	4.36	4.36	3.0904	
1904	1	4.37	4.37	3.1731	
1905	1	4.35	4.35	3.1075	
1906	1	4.44	4.44	3.1464	
1907	1	4.45	4.45	2.9875	
1908	1	4.44	4.44	2.7264	
1909	1	4.44	4.44	2.7664	
1910	1	4.47	4.47	2.8491	
1911	1	4.4	4.4	2.72	
1912	1	4.3	4.3	1.99	
1913	1	4.35	4.35	2.0475	
1914	1	4.29	4.29	1.9259	
1915	1	4.29	4.29	2.0059	
1916	1	4.19	4.19	1.7939	
1917	1	4.08	4.08	1.6536	
1918	1	4.16	4.16	1.7144	
1919	1	4.21	4.21	1.7059	
1920	1	4.18	4.18	1.7076	
1921	1	4.21	4.21	1.7059	
1922	1	4.34	4.34	1.6244	
1923	1	4.34	4.34	1.7844	
1924	1	4.27	4.27	1.6771	
1925	1	4.24	4.24	1.5824	
1926	1	4.24	4.24	1.5624	
1927	1	4.24	4.24	1.5224	
1928	1	4.19	4.19	1.6339	
1929	1	4.18	4.18	1.5676	
1930	1	4.12	4.12	1.3656	
1931	1	4.09	4.09	1.4619	
1932	1	4.1	4.1	1.53	
1933	1	4.08	4.08	1.6136	
1934	1	4	4	1.62	
1935	1	3.98	3.98	1.5196	
1936	1	3.96	3.96	1.6784	
1937	1	3.94	3.94	1.5164	
1938	1	3.93	3.93	1.4651	
1939	1	3.96	3.96	1.3984	
1940	1	4	4	1.5	
1941	1	4.03	4.03	1.5491	
1942	1	4.06	4.06	1.5364	
1943	1	4.04	4.04	1.4584	
1944	1	4.02	4.02	1.4996	
1945	1	4.01	4.01	1.5099	
1946	1	4.02	4.02	1.5796	
1947	1	3.95	3.95	1.4875	
1948	1	3.95	3.95	1.3275	
1949	1	4.02	4.02	1.5396	
1950	1	4.02	4.02	1.5396	
1951	1	3.97	3.97	1.5891	
1952	1	4.01	4.01	1.5499	
1953	1	4.02	4.02	1.5596	
1954	1	4.07	4.07	1.4451	
1955	1	4.09	4.09	1.4219	
1956	1	4.09	4.09	1.3219	
1957	1	4.14	4.14	1.3404	
1958	1	4.14	4.14	1.3604	
1959	1	4.05	4.05	1.3475	
1960	1	3.97	3.97	1.3491	
1961	1	4	4	1.34	
1962	1	3.99	3.99	1.2699	
1963	1	3.99	3.99	1.3499	
1964	1	4.06	4.06	1.4364	
1965	1	3.97	3.97	1.3091	
1966	1	4	4	1.34	
1967	1	4	4	1.32	
1968	1	3.93	3.93	1.2851	
1969	1	3.94	3.94	1.2964	
1970	1	3.97	3.97	1.2691	
1971	1	4	4	1.2	
1972	1	3.99	3.99	1.1499	
1973	1	4.01	4.01	1.1299	
1974	1	4	4	1.08	
1975	1	4.02	4.02	1.1396	
1976	1	4.04	4.04	1.1584	
1977	1	4.04	4.04	1.1184	
1978	1	4.03	4.03	1.0891	
1979	1	4.06	4.06	1.0564	
1980	1	4.08	4.08	1.0736	
1981	1	4.08	4.08	1.0336	
1982	1	4.13	4.13	1.0331	
1983	1	4.15	4.15	0.9075	
1984	1	4.13	4.13	0.7131	
1985	1	4.12	4.12	0.6056	
1986	1	4.16	4.16	0.6344	
1987	1	4.17	4.17	0.5811	
1988	1	4.23	4.23	0.6571	
1989	1	4.31	4.31	0.6939	
1990	1	4.36	4.36	0.6904	
1991	1	4.41	4.41	0.7219	
1992	1	4.43	4.43	0.6651	
1993	1	4.4	4.4	0.7	
1994	1	4.4	4.4	0.74	
1995	1	4.44	4.44	0.7464	
1996	1	4.41	4.41	0.7219	
1997	1	4.4	4.4	0.78	
1998	1	4.42	4.42	0.8836	
1999	1	4.41	4.41	0.9019	
2000	1	4.42	4.42	0.8636	
