# mu = 0.001, s = 0.001, trials requested = 1, runtime = 0:00:04
# "Time"	"Actual trials"	"Mean mutation"	"Average mean mutation"	"Average mutation variance"
0	1	0	0	0	
1	1	0	0	0	
2	1	0	0	0	
3	1	0	0	0	
4	1	0	0	0	
5	1	0.01	0.01	0.0099	
6	1	0.01	0.01	0.0099	
7	1	0.01	0.01	0.0099	
8	1	0.01	0.01	0.0099	
9	1	0.2	0.2	0.16	
10	1	0.24	0.24	0.1824	
11	1	0.48	0.48	0.2496	
12	1	0.38	0.38	0.2356	
13	1	0.54	0.54	0.2684	
14	1	0.29	0.29	0.2059	
15	1	0.44	0.44	0.2464	
16	1	0.51	0.51	0.2499	
17	1	0.43	0.43	0.2451	
18	1	0.82	0.82	0.4076	
19	1	0.35	0.35	0.2275	
20	1	0.06	0.06	0.0564	
21	1	0.08	0.08	0.0736	
22	1	0.07	0.07	0.0651	
23	1	0.12	0.12	0.1056	
24	1	0.13	0.13	0.1131	
25	1	0.22	0.22	0.1716	
26	1	0.14	0.14	0.1204	
27	1	0.16	0.16	0.1344	
28	1	0.37	0.37	0.2331	
29	1	0.45	0.45	0.2475	
30	1	0.46	0.46	0.2484	
31	1	0.79	0.79	0.1659	
32	1	0.62	0.62	0.2356	
33	1	0.87	0.87	0.1331	
34	1	0.94	0.94	0.0564	
35	1	0.84	0.84	0.1344	
36	1	0.94	0.94	0.0564	
37	1	0.99	0.99	0.0099	
38	1	0.99	0.99	0.0099	
39	1	0.99	0.99	0.0099	
40	1	0.99	0.99	0.0099	
41	1	1.01	1.01	0.0099	
42	1	1.01	1.01	0.0099	
43	1	1.12	1.12	0.1056	
44	1	1.01	1.01	0.0099	
45	1	1.01	1.01	0.0099	
46	1	1.01	1.01	0.0099	
47	1	1.01	1.01	0.0099	
48	1	1.01	1.01	0.0099	
49	1	1.04	1.04	0.0384	
50	1	1.01	1.01	0.0099	
51	1	1.01	1.01	0.0099	
52	1	1.01	1.01	0.0099	
53	1	1.01	1.01	0.0099	
54	1	1.05	1.05	0.0475	
55	1	1.01	1.01	0.0099	
56	1	1.01	1.01	0.0099	
57	1	1.01	1.01	0.0099	
58	1	1.01	1.01	0.0099	
59	1	1.01	1.01	0.0099	
60	1	1.01	1.01	0.0099	
61	1	1.01	1.01	0.0099	
62	1	1.01	1.01	0.0099	
63	1	1.01	1.01	0.0099	
64	1	1.01	1.01	0.0099	
65	1	1.01	1.01	0.0099	
66	1	1.01	1.01	0.0099	
67	1	1.01	1.01	0.0099	
68	1	1.01	1.01	0.0099	
69	1	1.01	1.01	0.0099	
70	1	1.06	1.06	0.0564	
71	1	1.11	1.11	0.0979	
72	1	1.26	1.26	0.1924	
73	1	1.38	1.38	0.2756	
74	1	1.55	1.55	0.2475	
75	1	1.5	1.5	0.25	
76	1	1.31	1.31	0.2139	
77	1	1.14	1.14	0.1204	
78	1	1.16	1.16	0.1344	
79	1	1.33	1.33	0.2211	
80	1	1.39	1.39	0.2379	
81	1	1.31	1.31	0.2139	
82	1	1.26	1.26	0.1924	
83	1	1.12	1.12	0.1056	
84	1	1.16	1.16	0.1344	
85	1	1.05	1.05	0.0475	
86	1	1.01	1.01	0.0099	
87	1	1.02	1.02	0.0196	
88	1	1.01	1.01	0.0099	
89	1	1.01	1.01	0.0099	
90	1	1.01	1.01	0.0099	
91	1	1.01	1.01	0.0099	
92	1	1.01	1.01	0.0099	
93	1	1.04	1.04	0.0384	
94	1	1.07	1.07	0.0651	
95	1	1.18	1.18	0.1476	
96	1	1.09	1.09	0.0819	
97	1	1.15	1.15	0.1275	
98	1	1.18	1.18	0.1476	
99	1	1.08	1.08	0.0736	
100	1	1.03	1.03	0.0291	
101	1	1.02	1.02	0.0196	
102	1	1.06	1.06	0.0564	
103	1	1.09	1.09	0.0819	
104	1	1.08	1.08	0.0736	
105	1	1.14	1.14	0.1204	
106	1	1.32	1.32	0.2176	
107	1	1.32	1.32	0.2176	
108	1	1.21	1.21	0.1659	
109	1	1.36	1.36	0.2304	
110	1	1.49	1.49	0.2499	
111	1	1.55	1.55	0.2475	
112	1	1.39	1.39	0.2379	
113	1	1.36	1.36	0.2304	
114	1	1.7	1.7	0.21	
115	1	1.8	1.8	0.16	
116	1	1.56	1.56	0.2464	
117	1	1.79	1.79	0.1659	
118	1	1.82	1.82	0.2476	
119	1	1.87	1.87	0.4331	
120	1	1.79	1.79	0.1659	
121	1	1.61	1.61	0.2779	
122	1	1.79	1.79	0.1659	
123	1	1.91	1.91	0.3019	
124	1	1.83	1.83	0.3811	
125	1	2.05	2.05	0.5075	
126	1	2.2	2.2	0.56	
127	1	1.79	1.79	0.5059	
128	1	1.86	1.86	0.3004	
129	1	1.91	1.91	0.6219	
130	1	1.61	1.61	0.5779	
131	1	1.9	1.9	0.69	
132	1	2.26	2.26	0.7324	
133	1	1.95	1.95	0.7875	
134	1	2.78	2.78	0.8916	
135	1	3.1	3.1	1.31	
136	1	3.57	3.57	0.5451	
137	1	3.46	3.46	1.1484	
138	1	3.17	3.17	1.5811	
139	1	2.44	2.44	2.2464	
140	1	2.62	2.62	2.2356	
141	1	3.13	3.13	1.8531	
142	1	3.16	3.16	1.8144	
143	1	3.73	3.73	0.7371	
144	1	2.44	2.44	2.2464	
145	1	3.01	3.01	1.9899	
146	1	2.59	2.59	2.2419	
147	1	2.8	2.8	2.16	
148	1	2.67	2.67	2.3011	
149	1	2.95	2.95	2.0475	
150	1	2.38	2.38	2.2356	
151	1	2.38	2.38	2.2356	
152	1	2.53	2.53	2.2491	
153	1	3.18	3.18	2.1076	
154	1	3.4	3.4	1.44	
155	1	4.01	4.01	0.0099	
156	1	4.01	4.01	0.0099	
157	1	4.01	4.01	0.0099	
158	1	4.01	4.01	0.0099	
159	1	4.02	4.02	0.0196	
160	1	4.1	4.1	0.09	
161	1	4.16	4.16	0.1344	
162	1	4.06	4.06	0.0564	
163	1	4.06	4.06	0.0564	
164	1	4.23	4.23	0.1771	
165	1	4.43	4.43	0.2651	
166	1	4.43	4.43	0.2451	
167	1	4.47	4.47	0.2491	
168	1	4.26	4.26	0.1924	
169	1	4.34	4.34	0.2244	
170	1	4.4	4.4	0.24	
171	1	4.51	4.51	0.2499	
172	1	4.45	4.45	0.2675	
173	1	4.35	4.35	0.2275	
174	1	4.29	4.29	0.2059	
175	1	4.18	4.18	0.1476	
176	1	4.23	4.23	0.1771	
177	1	4.2	4.2	0.16	
178	1	4.25	4.25	0.1875	
179	1	4.14	4.14	0.1204	
180	1	4.14	4.14	0.1204	
181	1	4.09	4.09	0.0819	
182	1	4.01	4.01	0.0099	
183	1	4.01	4.01	0.0099	
184	1	4.01	4.01	0.0099	
185	1	4.01	4.01	0.0099	
186	1	4.01	4.01	0.0099	
187	1	4.01	4.01	0.0099	
188	1	4.01	4.01	0.0099	
189	1	4.01	4.01	0.0099	
190	1	4.01	4.01	0.0099	
191	1	4.01	4.01	0.0099	
192	1	4.01	4.01	0.0099	
193	1	4.06	4.06	0.0564	
194	1	4.22	4.22	0.1716	
195	1	4.35	4.35	0.2275	
196	1	4.25	4.25	0.1875	
197	1	4.38	4.38	0.2556	
198	1	4.39	4.39	0.2379	
199	1	4.37	4.37	0.2331	
200	1	4.47	4.47	0.2491	
201	1	4.53	4.53	0.2491	
202	1	4.57	4.57	0.2451	
203	1	4.46	4.46	0.2484	
204	1	4.45	4.45	0.2475	
205	1	4.63	4.63	0.2331	
206	1	4.82	4.82	0.2676	
207	1	4.85	4.85	0.2275	
208	1	4.84	4.84	0.1344	
209	1	4.59	4.59	0.2419	
210	1	4.83	4.83	0.1411	
211	1	4.91	4.91	0.0819	
212	1	4.7	4.7	0.21	
213	1	4.62	4.62	0.2356	
214	1	4.9	4.9	0.33	
215	1	4.72	4.72	0.5616	
216	1	5.22	5.22	0.3516	
217	1	5.18	5.18	0.1476	
218	1	5.21	5.21	0.1659	
219	1	5.46	5.46	0.3484	
220	1	5.25	5.25	0.1875	
221	1	5.36	5.36	0.2304	
222	1	5.14	5.14	0.1204	
223	1	5.12	5.12	0.1056	
224	1	5.12	5.12	0.1056	
225	1	5.39	5.39	0.2379	
226	1	5.45	5.45	0.2475	
227	1	5.53	5.53	0.3691	
228	1	5.34	5.34	0.4444	
229	1	5.01	5.01	0.0099	
230	1	5.01	5.01	0.0099	
231	1	5.01	5.01	0.0099	
232	1	5.01	5.01	0.0099	
233	1	5.01	5.01	0.0099	
234	1	5.01	5.01	0.0099	
235	1	5.02	5.02	0.0196	
236	1	5.01	5.01	0.0099	
237	1	5.01	5.01	0.0099	
238	1	5.01	5.01	0.0099	
239	1	5.01	5.01	0.0099	
240	1	5.01	5.01	0.0099	
241	1	5.01	5.01	0.0099	
242	1	5.01	5.01	0.0099	
243	1	5.01	5.01	0.0099	
244	1	5.01	5.01	0.0099	
245	1	5.01	5.01	0.0099	
246	1	5.01	5.01	0.0099	
247	1	5.01	5.01	0.0099	
248	1	5.01	5.01	0.0099	
249	1	5.01	5.01	0.0099	
250	1	5.01	5.01	0.0099	
251	1	5.13	5.13	0.1131	
252	1	5.22	5.22	0.1716	
253	1	5.02	5.02	0.0196	
254	1	5.01	5.01	0.0099	
255	1	5.01	5.01	0.0099	
256	1	5.01	5.01	0.0099	
257	1	5.01	5.01	0.0099	
258	1	5.07	5.07	0.0651	
259	1	5.04	5.04	0.0384	
260	1	5.09	5.09	0.0819	
261	1	5.27	5.27	0.1971	
262	1	5.14	5.14	0.1204	
263	1	5.04	5.04	0.0384	
264	1	5.01	5.01	0.0099	
265	1	5.01	5.01	0.0099	
266	1	5.01	5.01	0.0099	
267	1	5.01	5.01	0.0099	
268	1	5.01	5.01	0.0099	
269	1	5.01	5.01	0.0099	
270	1	5.01	5.01	0.0099	
271	1	5.01	5.01	0.0099	
272	1	5.01	5.01	0.0099	
273	1	5.01	5.01	0.0099	
274	1	5.06	5.06	0.0564	
275	1	5.01	5.01	0.0099	
276	1	5.01	5.01	0.0099	
277	1	5.01	5.01	0.0099	
278	1	5.01	5.01	0.0099	
279	1	5.01	5.01	0.0099	
280	1	5.01	5.01	0.0099	
281	1	5.01	5.01	0.0099	
282	1	5.01	5.01	0.0099	
283	1	5.01	5.01	0.0099	
284	1	5.01	5.01	0.0099	
285	1	5.01	5.01	0.0099	
286	1	5.01	5.01	0.0099	
287	1	5.01	5.01	0.0099	
288	1	5.01	5.01	0.0099	
289	1	5.08	5.08	0.0736	
290	1	5.13	5.13	0.1131	
291	1	5.31	5.31	0.2139	
292	1	5.31	5.31	0.2139	
293	1	5.2	5.2	0.16	
294	1	5.11	5.11	0.0979	
295	1	5.06	5.06	0.0564	
296	1	5.07	5.07	0.0651	
297	1	5.03	5.03	0.0291	
298	1	5.02	5.02	0.0196	
299	1	5.01	5.01	0.0099	
300	1	5.01	5.01	0.0099	
301	1	5.01	5.01	0.0099	
302	1	5.01	5.01	0.0099	
303	1	5.01	5.01	0.0099	
304	1	5.03	5.03	0.0291	
305	1	5.01	5.01	0.0099	
306	1	5.01	5.01	0.0099	
307	1	5.01	5.01	0.0099	
308	1	5.05	5.05	0.0475	
309	1	5.01	5.01	0.0099	
310	1	5.01	5.01	0.0099	
311	1	5.01	5.01	0.0099	
312	1	5.01	5.01	0.0099	
313	1	5.01	5.01	0.0099	
314	1	5.01	5.01	0.0099	
315	1	5.23	5.23	0.1771	
316	1	5.18	5.18	0.1476	
317	1	5.2	5.2	0.16	
318	1	5.2	5.2	0.16	
319	1	5.36	5.36	0.2304	
320	1	5.16	5.16	0.1344	
321	1	5.17	5.17	0.1411	
322	1	5.29	5.29	0.2059	
323	1	5.11	5.11	0.0979	
324	1	5.1	5.1	0.09	
325	1	5.13	5.13	0.1131	
326	1	5.01	5.01	0.0099	
327	1	5.01	5.01	0.0099	
328	1	5.01	5.01	0.0099	
329	1	5.03	5.03	0.0291	
330	1	5.01	5.01	0.0099	
331	1	5.01	5.01	0.0099	
332	1	5.01	5.01	0.0099	
333	1	5.01	5.01	0.0099	
334	1	5.01	5.01	0.0099	
335	1	5.01	5.01	0.0099	
336	1	5.01	5.01	0.0099	
337	1	5.01	5.01	0.0099	
338	1	5.01	5.01	0.0099	
339	1	5.01	5.01	0.0099	
340	1	5.08	5.08	0.1536	
341	1	5.02	5.02	0.0396	
342	1	5.01	5.01	0.0099	
343	1	5.01	5.01	0.0099	
344	1	5.01	5.01	0.0099	
345	1	5.01	5.01	0.0099	
346	1	5.01	5.01	0.0099	
347	1	5.01	5.01	0.0099	
348	1	5.01	5.01	0.0099	
349	1	5.02	5.02	0.0196	
350	1	5.07	5.07	0.0651	
351	1	5.03	5.03	0.0291	
352	1	5.01	5.01	0.0099	
353	1	5.01	5.01	0.0099	
354	1	5.01	5.01	0.0099	
355	1	5.03	5.03	0.0291	
356	1	5.01	5.01	0.0099	
357	1	5.01	5.01	0.0099	
358	1	5.01	5.01	0.0099	
359	1	5.01	5.01	0.0099	
360	1	5.01	5.01	0.0099	
361	1	5.01	5.01	0.0099	
362	1	5.01	5.01	0.0099	
363	1	5.02	5.02	0.0196	
364	1	5.01	5.01	0.0099	
365	1	5.14	5.14	0.1204	
366	1	5.01	5.01	0.0099	
367	1	5.15	5.15	0.1275	
368	1	5.1	5.1	0.09	
369	1	5.01	5.01	0.0099	
370	1	5.01	5.01	0.0099	
371	1	5.01	5.01	0.0099	
372	1	5.02	5.02	0.0196	
373	1	5.01	5.01	0.0099	
374	1	5.01	5.01	0.0099	
375	1	5.01	5.01	0.0099	
376	1	5.12	5.12	0.1056	
377	1	5.01	5.01	0.0099	
378	1	5.01	5.01	0.0099	
379	1	5.01	5.01	0.0099	
380	1	5.01	5.01	0.0099	
381	1	5.02	5.02	0.0196	
382	1	5.01	5.01	0.0099	
383	1	5.01	5.01	0.0099	
384	1	5.02	5.02	0.0196	
385	1	5.01	5.01	0.0099	
386	1	5.01	5.01	0.0099	
387	1	5.01	5.01	0.0099	
388	1	5.01	5.01	0.0099	
389	1	5.12	5.12	0.1056	
390	1	5.05	5.05	0.0475	
391	1	5.01	5.01	0.0099	
392	1	5.01	5.01	0.0099	
393	1	5.02	5.02	0.0196	
394	1	5.01	5.01	0.0099	
395	1	5.01	5.01	0.0099	
396	1	5.01	5.01	0.0099	
397	1	5.02	5.02	0.0196	
398	1	5.01	5.01	0.0099	
399	1	5.02	5.02	0.0196	
400	1	5.01	5.01	0.0099	
401	1	5.02	5.02	0.0196	
402	1	5.01	5.01	0.0099	
403	1	5.01	5.01	0.0099	
404	1	5.01	5.01	0.0099	
405	1	5.01	5.01	0.0099	
406	1	5.01	5.01	0.0099	
407	1	5.01	5.01	0.0099	
408	1	5.01	5.01	0.0099	
409	1	5.01	5.01	0.0099	
410	1	5.08	5.08	0.0736	
411	1	5.01	5.01	0.0099	
412	1	5.01	5.01	0.0099	
413	1	5.25	5.25	0.1875	
414	1	5.14	5.14	0.1204	
415	1	5.01	5.01	0.0099	
416	1	5.01	5.01	0.0099	
417	1	5.01	5.01	0.0099	
418	1	5.01	5.01	0.0099	
419	1	5.01	5.01	0.0099	
420	1	5.01	5.01	0.0099	
421	1	5.01	5.01	0.0099	
422	1	5.02	5.02	0.0196	
423	1	5.01	5.01	0.0099	
424	1	5.03	5.03	0.0291	
425	1	5.02	5.02	0.0196	
426	1	5.01	5.01	0.0099	
427	1	5.01	5.01	0.0099	
428	1	5.01	5.01	0.0099	
429	1	5.01	5.01	0.0099	
430	1	5.01	5.01	0.0099	
431	1	5.01	5.01	0.0099	
432	1	5.01	5.01	0.0099	
433	1	5.01	5.01	0.0099	
434	1	5.01	5.01	0.0099	
435	1	5.08	5.08	0.0736	
436	1	5.5	5.5	0.25	
437	1	5.31	5.31	0.2139	
438	1	5.2	5.2	0.16	
439	1	5.31	5.31	0.2139	
440	1	5.21	5.21	0.1659	
441	1	5.13	5.13	0.1131	
442	1	5.03	5.03	0.0291	
443	1	5.01	5.01	0.0099	
444	1	5.01	5.01	0.0099	
445	1	5.01	5.01	0.0099	
446	1	5.01	5.01	0.0099	
447	1	5.01	5.01	0.0099	
448	1	5.01	5.01	0.0099	
449	1	5.01	5.01	0.0099	
450	1	5.06	5.06	0.0564	
451	1	5.01	5.01	0.0099	
452	1	5.01	5.01	0.0099	
453	1	5.01	5.01	0.0099	
454	1	5.01	5.01	0.0099	
455	1	5.01	5.01	0.0099	
456	1	5.01	5.01	0.0099	
457	1	5.01	5.01	0.0099	
458	1	5.01	5.01	0.0099	
459	1	5.01	5.01	0.0099	
460	1	5.01	5.01	0.0099	
461	1	5.01	5.01	0.0099	
462	1	5.01	5.01	0.0099	
463	1	5.01	5.01	0.0099	
464	1	5.01	5.01	0.0099	
465	1	5.02	5.02	0.0196	
466	1	5.01	5.01	0.0099	
467	1	5.01	5.01	0.0099	
468	1	5.02	5.02	0.0196	
469	1	5.01	5.01	0.0099	
470	1	5.03	5.03	0.0291	
471	1	5.01	5.01	0.0099	
472	1	5.01	5.01	0.0099	
473	1	5.01	5.01	0.0099	
474	1	5.01	5.01	0.0099	
475	1	5.01	5.01	0.0099	
476	1	5.01	5.01	0.0099	
477	1	5.01	5.01	0.0099	
478	1	5.01	5.01	0.0099	
479	1	5.01	5.01	0.0099	
480	1	5.01	5.01	0.0099	
481	1	5.01	5.01	0.0099	
482	1	5.01	5.01	0.0099	
483	1	5.01	5.01	0.0099	
484	1	5.01	5.01	0.0099	
485	1	5.01	5.01	0.0099	
486	1	5.01	5.01	0.0099	
487	1	5.01	5.01	0.0099	
488	1	5.01	5.01	0.0099	
489	1	5.01	5.01	0.0099	
490	1	5.05	5.05	0.0475	
491	1	5.14	5.14	0.1204	
492	1	5.33	5.33	0.2211	
493	1	5.19	5.19	0.1539	
494	1	5.07	5.07	0.0851	
495	1	5.15	5.15	0.1275	
496	1	5.07	5.07	0.0651	
497	1	5.11	5.11	0.0979	
498	1	5.16	5.16	0.1344	
499	1	5.07	5.07	0.0651	
500	1	5.01	5.01	0.0099	
501	1	5.01	5.01	0.0099	
502	1	5.01	5.01	0.0099	
503	1	5.01	5.01	0.0099	
504	1	5.01	5.01	0.0099	
505	1	5.01	5.01	0.0099	
506	1	5.01	5.01	0.0099	
507	1	5.01	5.01	0.0099	
508	1	5.01	5.01	0.0099	
509	1	5.01	5.01	0.0099	
510	1	5.07	5.07	0.0651	
511	1	5.09	5.09	0.0819	
512	1	5.06	5.06	0.0564	
513	1	5.01	5.01	0.0099	
514	1	5.01	5.01	0.0099	
515	1	5.02	5.02	0.0196	
516	1	5.01	5.01	0.0099	
517	1	5.01	5.01	0.0099	
518	1	5.01	5.01	0.0099	
519	1	5.01	5.01	0.0099	
520	1	5.01	5.01	0.0099	
521	1	5.01	5.01	0.0099	
522	1	5.01	5.01	0.0099	
523	1	5.01	5.01	0.0099	
524	1	5.09	5.09	0.0819	
525	1	5.2	5.2	0.16	
526	1	5.37	5.37	0.5331	
527	1	5.24	5.24	0.3624	
528	1	5.45	5.45	0.6275	
529	1	5.48	5.48	0.6896	
530	1	5.68	5.68	0.8176	
531	1	5.57	5.57	0.5851	
532	1	5.52	5.52	0.4296	
533	1	5.37	5.37	0.2531	
534	1	5.28	5.28	0.2016	
535	1	5.29	5.29	0.2059	
536	1	5.21	5.21	0.1659	
537	1	5.06	5.06	0.0564	
538	1	5.11	5.11	0.0979	
539	1	5.11	5.11	0.0979	
540	1	5.15	5.15	0.1275	
541	1	5.33	5.33	0.2211	
542	1	5.38	5.38	0.2356	
543	1	5.36	5.36	0.2304	
544	1	5.23	5.23	0.1771	
545	1	5.24	5.24	0.1824	
546	1	5.42	5.42	0.2436	
547	1	5.58	5.58	0.2636	
548	1	5.37	5.37	0.2331	
549	1	5.37	5.37	0.2331	
550	1	5.36	5.36	0.2504	
551	1	5.65	5.65	0.5275	
552	1	6.02	6.02	0.5196	
553	1	6.15	6.15	0.5075	
554	1	6.3	6.3	0.47	
555	1	6.5	6.5	0.47	
556	1	6.54	6.54	0.5284	
557	1	6.52	6.52	0.7696	
558	1	6.63	6.63	1.1731	
559	1	6.7	6.7	1.59	
560	1	6.53	6.53	1.3691	
561	1	6.03	6.03	1.2091	
562	1	6.26	6.26	1.2724	
563	1	7.01	7.01	1.1699	
564	1	6.83	6.83	1.4411	
565	1	6.92	6.92	1.1136	
566	1	7.42	7.42	0.5236	
567	1	7.26	7.26	0.6524	
568	1	7.33	7.33	0.3611	
569	1	7.59	7.59	0.4019	
570	1	7.56	7.56	0.3464	
571	1	7.77	7.77	0.6371	
572	1	8.17	8.17	0.7211	
573	1	8	8	0.4	
574	1	8.19	8.19	0.6339	
575	1	7.93	7.93	0.7651	
576	1	7.9	7.9	0.77	
577	1	8.21	8.21	0.5459	
578	1	8.21	8.21	0.4059	
579	1	8.52	8.52	0.3496	
580	1	8.59	8.59	0.2419	
581	1	8.3	8.3	0.21	
582	1	8.74	8.74	0.1924	
583	1	8.76	8.76	0.1824	
584	1	8.93	8.93	0.0651	
585	1	8.85	8.85	0.1275	
586	1	8.76	8.76	0.1824	
587	1	8.69	8.69	0.2139	
588	1	8.67	8.67	0.2211	
589	1	8.6	8.6	0.24	
590	1	8.52	8.52	0.2496	
591	1	8.79	8.79	0.1659	
592	1	8.81	8.81	0.1539	
593	1	8.79	8.79	0.1659	
594	1	8.63	8.63	0.2331	
595	1	8.79	8.79	0.1859	
596	1	8.9	8.9	0.09	
597	1	8.77	8.77	0.1771	
598	1	8.74	8.74	0.1924	
599	1	8.7	8.7	0.21	
600	1	8.61	8.61	0.2379	
601	1	8.67	8.67	0.2211	
602	1	8.55	8.55	0.2475	
603	1	8.73	8.73	0.1971	
604	1	8.8	8.8	0.16	
605	1	8.73	8.73	0.1971	
606	1	8.71	8.71	0.2059	
607	1	8.78	8.78	0.1716	
608	1	8.63	8.63	0.2331	
609	1	8.72	8.72	0.2016	
610	1	8.64	8.64	0.2304	
611	1	8.8	8.8	0.16	
612	1	8.75	8.75	0.1875	
613	1	8.93	8.93	0.0651	
614	1	8.88	8.88	0.1056	
615	1	8.99	8.99	0.0099	
616	1	9.01	9.01	0.0099	
617	1	9.01	9.01	0.0099	
618	1	9.01	9.01	0.0099	
619	1	9.06	9.06	0.0564	
620	1	9.06	9.06	0.0564	
621	1	9.12	9.12	0.1056	
622	1	9.05	9.05	0.0475	
623	1	9.06	9.06	0.0564	
624	1	9.3	9.3	0.21	
625	1	9.3	9.3	0.21	
626	1	9.46	9.46	0.2484	
627	1	9.44	9.44	0.2464	
628	1	9.8	9.8	0.16	
629	1	9.83	9.83	0.1411	
630	1	9.59	9.59	0.2419	
631	1	9.53	9.53	0.2491	
632	1	9.43	9.43	0.2451	
633	1	9.52	9.52	0.2496	
634	1	9.45	9.45	0.2475	
635	1	9.45	9.45	0.2475	
636	1	9.38	9.38	0.2356	
637	1	9.5	9.5	0.29	
638	1	9.91	9.91	0.0819	
639	1	9.82	9.82	0.1476	
640	1	9.7	9.7	0.21	
641	1	9.66	9.66	0.2244	
642	1	9.73	9.73	0.1971	
643	1	9.82	9.82	0.1476	
644	1	9.75	9.75	0.1875	
645	1	9.3	9.3	0.21	
646	1	9.26	9.26	0.2124	
647	1	9.45	9.45	0.2475	
648	1	9.6	9.6	0.24	
649	1	9.67	9.67	0.2211	
650	1	9.72	9.72	0.2016	
651	1	9.5	9.5	0.25	
652	1	9.58	9.58	0.2436	
653	1	9.58	9.58	0.2436	
654	1	9.71	9.71	0.2059	
655	1	9.68	9.68	0.2176	
656	1	9.49	9.49	0.2499	
657	1	9.3	9.3	0.21	
658	1	9.31	9.31	0.2139	
659	1	9.2	9.2	0.16	
660	1	9.62	9.62	0.2356	
661	1	9.53	9.53	0.2491	
662	1	9.66	9.66	0.2244	
663	1	9.92	9.92	0.0736	
664	1	9.95	9.95	0.0475	
665	1	10	10	0	
666	1	10	10	0	
667	1	10	10	0	
668	1	10.04	10.04	0.0384	
669	1	10	10	0	
670	1	10	10	0	
671	1	10	10	0	
672	1	10.01	10.01	0.0099	
673	1	10	10	0	
674	1	10	10	0	
675	1	10	10	0	
676	1	10.06	10.06	0.0564	
677	1	10.01	10.01	0.0099	
678	1	10	10	0	
679	1	10	10	0	
680	1	10	10	0	
681	1	10	10	0	
682	1	10.04	10.04	0.0384	
683	1	10	10	0	
684	1	10	10	0	
685	1	10	10	0	
686	1	10	10	0	
687	1	10	10	0	
688	1	10	10	0	
689	1	10.01	10.01	0.0099	
690	1	10.01	10.01	0.0099	
691	1	10.06	10.06	0.0564	
692	1	10.01	10.01	0.0099	
693	1	10.01	10.01	0.0099	
694	1	10.01	10.01	0.0099	
695	1	10.01	10.01	0.0099	
696	1	10.01	10.01	0.0099	
697	1	10.01	10.01	0.0099	
698	1	10.02	10.02	0.0196	
699	1	10.01	10.01	0.0099	
700	1	10.01	10.01	0.0099	
701	1	10.01	10.01	0.0099	
702	1	10.18	10.18	0.1476	
703	1	10.01	10.01	0.0099	
704	1	10.01	10.01	0.0099	
705	1	10.01	10.01	0.0099	
706	1	10.16	10.16	0.1344	
707	1	10.21	10.21	0.1659	
708	1	10.09	10.09	0.0819	
709	1	10.01	10.01	0.0099	
710	1	10.01	10.01	0.0099	
711	1	10.01	10.01	0.0099	
712	1	10.04	10.04	0.0384	
713	1	10.01	10.01	0.0099	
714	1	10.01	10.01	0.0099	
715	1	10.01	10.01	0.0099	
716	1	10.01	10.01	0.0099	
717	1	10.04	10.04	0.0384	
718	1	10.05	10.05	0.0475	
719	1	10.01	10.01	0.0099	
720	1	10.01	10.01	0.0099	
721	1	10.01	10.01	0.0099	
722	1	10.01	10.01	0.0099	
723	1	10.01	10.01	0.0099	
724	1	10.08	10.08	0.0736	
725	1	10.01	10.01	0.0099	
726	1	10.01	10.01	0.0099	
727	1	10.01	10.01	0.0099	
728	1	10.01	10.01	0.0099	
729	1	10.01	10.01	0.0099	
730	1	10.01	10.01	0.0099	
731	1	10.01	10.01	0.0099	
732	1	10.01	10.01	0.0099	
733	1	10.01	10.01	0.0099	
734	1	10.01	10.01	0.0099	
735	1	10.01	10.01	0.0099	
736	1	10.05	10.05	0.0475	
737	1	10.05	10.05	0.0475	
738	1	10.03	10.03	0.0291	
739	1	10.01	10.01	0.0099	
740	1	10.01	10.01	0.0099	
741	1	10.01	10.01	0.0099	
742	1	10.01	10.01	0.0099	
743	1	10.01	10.01	0.0099	
744	1	10.01	10.01	0.0099	
745	1	10.01	10.01	0.0099	
746	1	10.03	10.03	0.0291	
747	1	10.06	10.06	0.0564	
748	1	10.29	10.29	0.2059	
749	1	10.21	10.21	0.1659	
750	1	10.12	10.12	0.1056	
751	1	10.02	10.02	0.0196	
752	1	10.04	10.04	0.0384	
753	1	10.01	10.01	0.0099	
754	1	10.01	10.01	0.0099	
755	1	10.01	10.01	0.0099	
756	1	10.01	10.01	0.0099	
757	1	10.01	10.01	0.0099	
758	1	10.01	10.01	0.0099	
759	1	10.01	10.01	0.0099	
760	1	10.01	10.01	0.0099	
761	1	10.14	10.14	0.1204	
762	1	10.04	10.04	0.0384	
763	1	10.05	10.05	0.0475	
764	1	10.01	10.01	0.0099	
765	1	10.06	10.06	0.0564	
766	1	10.02	10.02	0.0196	
767	1	10.01	10.01	0.0099	
768	1	10.01	10.01	0.0099	
769	1	10.01	10.01	0.0099	
770	1	10.02	10.02	0.0196	
771	1	10.12	10.12	0.1056	
772	1	10.01	10.01	0.0099	
773	1	10.01	10.01	0.0099	
774	1	10.01	10.01	0.0099	
775	1	10.01	10.01	0.0099	
776	1	10.01	10.01	0.0099	
777	1	10.01	10.01	0.0099	
778	1	10.01	10.01	0.0099	
779	1	10.01	10.01	0.0099	
780	1	10.01	10.01	0.0099	
781	1	10.01	10.01	0.0099	
782	1	10.01	10.01	0.0099	
783	1	10.01	10.01	0.0099	
784	1	10.01	10.01	0.0099	
785	1	10.01	10.01	0.0099	
786	1	10.01	10.01	0.0099	
787	1	10.01	10.01	0.0099	
788	1	10.01	10.01	0.0099	
789	1	10.01	10.01	0.0099	
790	1	10.01	10.01	0.0099	
791	1	10.01	10.01	0.0099	
792	1	10.01	10.01	0.0099	
793	1	10.01	10.01	0.0099	
794	1	10.03	10.03	0.0291	
795	1	10.09	10.09	0.0819	
796	1	10.01	10.01	0.0099	
797	1	10.01	10.01	0.0099	
798	1	10.05	10.05	0.0475	
799	1	10.01	10.01	0.0099	
800	1	10.01	10.01	0.0099	
801	1	10.01	10.01	0.0099	
802	1	10.01	10.01	0.0099	
803	1	10.01	10.01	0.0099	
804	1	10.01	10.01	0.0099	
805	1	10.01	10.01	0.0099	
806	1	10.01	10.01	0.0099	
807	1	10.02	10.02	0.0196	
808	1	10.01	10.01	0.0099	
809	1	10.01	10.01	0.0099	
810	1	10.01	10.01	0.0099	
811	1	10.01	10.01	0.0099	
812	1	10.01	10.01	0.0099	
813	1	10.01	10.01	0.0099	
814	1	10.01	10.01	0.0099	
815	1	10.05	10.05	0.0475	
816	1	10.01	10.01	0.0099	
817	1	10.01	10.01	0.0099	
818	1	10.01	10.01	0.0099	
819	1	10.13	10.13	0.1131	
820	1	10.01	10.01	0.0099	
821	1	10.01	10.01	0.0099	
822	1	10.01	10.01	0.0099	
823	1	10.01	10.01	0.0099	
824	1	10.01	10.01	0.0099	
825	1	10.01	10.01	0.0099	
826	1	10.01	10.01	0.0099	
827	1	10.04	10.04	0.0384	
828	1	10.01	10.01	0.0099	
829	1	10.01	10.01	0.0099	
830	1	10.01	10.01	0.0099	
831	1	10.01	10.01	0.0099	
832	1	10.01	10.01	0.0099	
833	1	10.01	10.01	0.0099	
834	1	10.01	10.01	0.0099	
835	1	10.01	10.01	0.0099	
836	1	10.01	10.01	0.0099	
837	1	10.01	10.01	0.0099	
838	1	10.01	10.01	0.0099	
839	1	10.01	10.01	0.0099	
840	1	10.01	10.01	0.0099	
841	1	10.02	10.02	0.0196	
842	1	10.01	10.01	0.0099	
843	1	10.01	10.01	0.0099	
844	1	10.01	10.01	0.0099	
845	1	10.01	10.01	0.0099	
846	1	10.01	10.01	0.0099	
847	1	10.01	10.01	0.0099	
848	1	10.01	10.01	0.0099	
849	1	10.01	10.01	0.0099	
850	1	10.01	10.01	0.0099	
851	1	10.02	10.02	0.0196	
852	1	10.01	10.01	0.0099	
853	1	10.01	10.01	0.0099	
854	1	10.01	10.01	0.0099	
855	1	10.01	10.01	0.0099	
856	1	10.02	10.02	0.0196	
857	1	10.15	10.15	0.1275	
858	1	10.12	10.12	0.1056	
859	1	10.1	10.1	0.09	
860	1	10.05	10.05	0.0475	
861	1	10.01	10.01	0.0099	
862	1	10.01	10.01	0.0099	
863	1	10.01	10.01	0.0099	
864	1	10.01	10.01	0.0099	
865	1	10.01	10.01	0.0099	
866	1	10.01	10.01	0.0099	
867	1	10.01	10.01	0.0099	
868	1	10.01	10.01	0.0099	
869	1	10.01	10.01	0.0099	
870	1	10.01	10.01	0.0099	
871	1	10.01	10.01	0.0099	
872	1	10.01	10.01	0.0099	
873	1	10.01	10.01	0.0099	
874	1	10.02	10.02	0.0196	
875	1	10.01	10.01	0.0099	
876	1	10.01	10.01	0.0099	
877	1	10.01	10.01	0.0099	
878	1	10.01	10.01	0.0099	
879	1	10.01	10.01	0.0099	
880	1	10.01	10.01	0.0099	
881	1	10.01	10.01	0.0099	
882	1	10.01	10.01	0.0099	
883	1	10.01	10.01	0.0099	
884	1	10.01	10.01	0.0099	
885	1	10.01	10.01	0.0099	
886	1	10.01	10.01	0.0099	
887	1	10.01	10.01	0.0099	
888	1	10.01	10.01	0.0099	
889	1	10.01	10.01	0.0099	
890	1	10.09	10.09	0.0819	
891	1	10.01	10.01	0.0099	
892	1	10.01	10.01	0.0099	
893	1	10.01	10.01	0.0099	
894	1	10.01	10.01	0.0099	
895	1	10.01	10.01	0.0099	
896	1	10.01	10.01	0.0099	
897	1	10.01	10.01	0.0099	
898	1	10.08	10.08	0.0736	
899	1	10.03	10.03	0.0291	
900	1	10.02	10.02	0.0196	
901	1	10.01	10.01	0.0099	
902	1	10.01	10.01	0.0099	
903	1	10.01	10.01	0.0099	
904	1	10.01	10.01	0.0099	
905	1	10.01	10.01	0.0099	
906	1	10.01	10.01	0.0099	
907	1	10.01	10.01	0.0099	
908	1	10.01	10.01	0.0099	
909	1	10.01	10.01	0.0099	
910	1	10.01	10.01	0.0099	
911	1	10.04	10.04	0.0384	
912	1	10.01	10.01	0.0099	
913	1	10.01	10.01	0.0099	
914	1	10.01	10.01	0.0099	
915	1	10.01	10.01	0.0099	
916	1	10.01	10.01	0.0099	
917	1	10.01	10.01	0.0099	
918	1	10.01	10.01	0.0099	
919	1	10.01	10.01	0.0099	
920	1	10.01	10.01	0.0099	
921	1	10.01	10.01	0.0099	
922	1	10.01	10.01	0.0099	
923	1	10.01	10.01	0.0099	
924	1	10.01	10.01	0.0099	
925	1	10.01	10.01	0.0099	
926	1	10.01	10.01	0.0099	
927	1	10.01	10.01	0.0099	
928	1	10.24	10.24	0.1824	
929	1	10.33	10.33	0.2211	
930	1	10.57	10.57	0.2451	
931	1	10.46	10.46	0.2484	
932	1	10.69	10.69	0.2139	
933	1	10.42	10.42	0.2436	
934	1	10.38	10.38	0.2356	
935	1	10.49	10.49	0.2499	
936	1	10.55	10.55	0.2475	
937	1	10.42	10.42	0.2436	
938	1	10.61	10.61	0.2379	
939	1	10.66	10.66	0.2644	
940	1	10.88	10.88	0.1056	
941	1	10.85	10.85	0.4275	
942	1	10.74	10.74	0.3324	
943	1	10.88	10.88	0.1856	
944	1	10.78	10.78	0.3716	
945	1	10.37	10.37	0.2531	
946	1	10.89	10.89	0.4379	
947	1	11	11	0.4	
948	1	11.35	11.35	0.5675	
949	1	11.18	11.18	0.9076	
950	1	11.31	11.31	0.8339	
951	1	11.57	11.57	0.5451	
952	1	11.62	11.62	0.4756	
953	1	11.53	11.53	0.3891	
954	1	11.48	11.48	0.4496	
955	1	11.48	11.48	0.4096	
956	1	11.46	11.46	0.5284	
957	1	11.64	11.64	0.3904	
958	1	11.59	11.59	0.4419	
959	1	11.51	11.51	0.5299	
960	1	11.87	11.87	0.2331	
961	1	11.68	11.68	0.2576	
962	1	11.66	11.66	0.2244	
963	1	11.77	11.77	0.1771	
964	1	11.63	11.63	0.2331	
965	1	11.57	11.57	0.2451	
966	1	11.51	11.51	0.2499	
967	1	11.61	11.61	0.2379	
968	1	11.73	11.73	0.1971	
969	1	11.65	11.65	0.2275	
970	1	11.51	11.51	0.2499	
971	1	11.41	11.41	0.2419	
972	1	11.38	11.38	0.2356	
973	1	11.52	11.52	0.2496	
974	1	11.21	11.21	0.1659	
975	1	11.12	11.12	0.1056	
976	1	11.12	11.12	0.1056	
977	1	11.01	11.01	0.0099	
978	1	11.01	11.01	0.0099	
979	1	11.01	11.01	0.0099	
980	1	11.13	11.13	0.1131	
981	1	11.14	11.14	0.1604	
982	1	11.01	11.01	0.0099	
983	1	11.01	11.01	0.0099	
984	1	11.01	11.01	0.0099	
985	1	11.01	11.01	0.0099	
986	1	11.03	11.03	0.0291	
987	1	11.05	11.05	0.0475	
988	1	11.01	11.01	0.0099	
989	1	11.01	11.01	0.0099	
990	1	11.03	11.03	0.0291	
991	1	11.01	11.01	0.0099	
992	1	11.01	11.01	0.0099	
993	1	11.01	11.01	0.0099	
994	1	11.01	11.01	0.0099	
995	1	11.02	11.02	0.0196	
996	1	11.01	11.01	0.0099	
997	1	11.05	11.05	0.0475	
998	1	11.13	11.13	0.1131	
999	1	11.21	11.21	0.1659	
1000	1	11.28	11.28	0.2016	
1001	1	11.39	11.39	0.2379	
1002	1	11.26	11.26	0.1924	
1003	1	11.24	11.24	0.1824	
1004	1	11.22	11.22	0.1716	
1005	1	11.45	11.45	0.2475	
1006	1	11.35	11.35	0.2275	
1007	1	11.33	11.33	0.2211	
1008	1	11.31	11.31	0.2139	
1009	1	11.35	11.35	0.2275	
1010	1	11.64	11.64	0.2304	
1011	1	11.85	11.85	0.1275	
1012	1	12	12	0	
1013	1	12	12	0	
1014	1	12	12	0	
1015	1	12.11	12.11	0.0979	
1016	1	12.17	12.17	0.1411	
1017	1	12.36	12.36	0.2304	
1018	1	12.58	12.58	0.2436	
1019	1	12.8	12.8	0.16	
1020	1	12.85	12.85	0.1275	
1021	1	12.91	12.91	0.0819	
1022	1	12.93	12.93	0.0651	
1023	1	12.8	12.8	0.16	
1024	1	12.85	12.85	0.2075	
1025	1	12.99	12.99	0.2899	
1026	1	12.98	12.98	0.1196	
1027	1	12.89	12.89	0.0979	
1028	1	12.83	12.83	0.2211	
1029	1	12.69	12.69	0.2739	
1030	1	12.82	12.82	0.3276	
1031	1	12.87	12.87	0.7331	
1032	1	12.82	12.82	0.6076	
1033	1	12.69	12.69	0.5739	
1034	1	12.43	12.43	0.3851	
1035	1	12.5	12.5	0.27	
1036	1	12.79	12.79	0.2659	
1037	1	12.74	12.74	0.4924	
1038	1	12.88	12.88	0.5056	
1039	1	13.12	13.12	0.3656	
1040	1	13.16	13.16	0.2944	
1041	1	13.13	13.13	0.1131	
1042	1	13.06	13.06	0.0564	
1043	1	13.17	13.17	0.1411	
1044	1	13.46	13.46	0.2484	
1045	1	13.42	13.42	0.2436	
1046	1	13.37	13.37	0.2331	
1047	1	13.27	13.27	0.1971	
1048	1	13.35	13.35	0.2275	
1049	1	13.48	13.48	0.2496	
1050	1	13.71	13.71	0.2059	
1051	1	13.9	13.9	0.09	
1052	1	13.96	13.96	0.1184	
1053	1	13.91	13.91	0.0819	
1054	1	13.91	13.91	0.0819	
1055	1	13.92	13.92	0.0936	
1056	1	14	14	0	
1057	1	14	14	0	
1058	1	14	14	0	
1059	1	14	14	0	
1060	1	14.02	14.02	0.0196	
1061	1	14.23	14.23	0.1771	
1062	1	14.24	14.24	0.1824	
1063	1	14.11	14.11	0.0979	
1064	1	14.16	14.16	0.1344	
1065	1	14.17	14.17	0.1411	
1066	1	14.04	14.04	0.0384	
1067	1	14	14	0	
1068	1	14.01	14.01	0.0099	
1069	1	14.01	14.01	0.0099	
1070	1	14	14	0	
1071	1	14	14	0	
1072	1	14	14	0	
1073	1	14.01	14.01	0.0099	
1074	1	14	14	0	
1075	1	14	14	0	
1076	1	14	14	0	
1077	1	14	14	0	
1078	1	14.04	14.04	0.0384	
1079	1	14.23	14.23	0.1771	
1080	1	14.2	14.2	0.16	
1081	1	14.23	14.23	0.1771	
1082	1	14.18	14.18	0.1476	
1083	1	14.11	14.11	0.0979	
1084	1	14.2	14.2	0.16	
1085	1	14.38	14.38	0.2356	
1086	1	14.27	14.27	0.1971	
1087	1	14.15	14.15	0.1275	
1088	1	14.04	14.04	0.0384	
1089	1	14	14	0	
1090	1	14	14	0	
1091	1	14	14	0	
1092	1	14	14	0	
1093	1	14.03	14.03	0.0291	
1094	1	14	14	0	
1095	1	14.07	14.07	0.0651	
1096	1	14.02	14.02	0.0196	
1097	1	14.11	14.11	0.0979	
1098	1	14.23	14.23	0.1771	
1099	1	14.07	14.07	0.0651	
1100	1	14.09	14.09	0.0819	
1101	1	14.04	14.04	0.0384	
1102	1	14.04	14.04	0.0384	
1103	1	14.03	14.03	0.0291	
1104	1	14.01	14.01	0.0099	
1105	1	14.01	14.01	0.0099	
1106	1	14.01	14.01	0.0099	
1107	1	14.03	14.03	0.0291	
1108	1	14.01	14.01	0.0099	
1109	1	14.01	14.01	0.0099	
1110	1	14.01	14.01	0.0099	
1111	1	14.01	14.01	0.0099	
1112	1	14.01	14.01	0.0099	
1113	1	14.01	14.01	0.0099	
1114	1	14.01	14.01	0.0099	
1115	1	14.01	14.01	0.0099	
1116	1	14.01	14.01	0.0099	
1117	1	14.01	14.01	0.0099	
1118	1	14.01	14.01	0.0099	
1119	1	14.01	14.01	0.0099	
1120	1	14.01	14.01	0.0099	
1121	1	14.01	14.01	0.0099	
1122	1	14.01	14.01	0.0099	
1123	1	14.12	14.12	0.1056	
1124	1	14.01	14.01	0.0099	
1125	1	14.01	14.01	0.0099	
1126	1	14.01	14.01	0.0099	
1127	1	14.04	14.04	0.0384	
1128	1	14.01	14.01	0.0099	
1129	1	14.01	14.01	0.0099	
1130	1	14.01	14.01	0.0099	
1131	1	14.01	14.01	0.0099	
1132	1	14.01	14.01	0.0099	
1133	1	14.01	14.01	0.0099	
1134	1	14.01	14.01	0.0099	
1135	1	14.01	14.01	0.0099	
1136	1	14.01	14.01	0.0099	
1137	1	14.02	14.02	0.0196	
1138	1	14.01	14.01	0.0099	
1139	1	14.11	14.11	0.0979	
1140	1	14.1	14.1	0.09	
1141	1	14.08	14.08	0.0736	
1142	1	14.08	14.08	0.0736	
1143	1	14.05	14.05	0.0475	
1144	1	14.04	14.04	0.0384	
1145	1	14.01	14.01	0.0099	
1146	1	14.01	14.01	0.0099	
1147	1	14.01	14.01	0.0099	
1148	1	14.02	14.02	0.0196	
1149	1	14.01	14.01	0.0099	
1150	1	14.01	14.01	0.0099	
1151	1	14.04	14.04	0.0384	
1152	1	14.02	14.02	0.0196	
1153	1	14.01	14.01	0.0099	
1154	1	14.03	14.03	0.0291	
1155	1	14.01	14.01	0.0099	
1156	1	14.03	14.03	0.0291	
1157	1	14.01	14.01	0.0099	
1158	1	14.01	14.01	0.0099	
1159	1	14.01	14.01	0.0099	
1160	1	14.01	14.01	0.0099	
1161	1	14.01	14.01	0.0099	
1162	1	14.01	14.01	0.0099	
1163	1	14.01	14.01	0.0099	
1164	1	14.05	14.05	0.0475	
1165	1	14.19	14.19	0.1539	
1166	1	14.35	14.35	0.2275	
1167	1	14.23	14.23	0.1771	
1168	1	14.17	14.17	0.1411	
1169	1	14.14	14.14	0.1204	
1170	1	14.18	14.18	0.1476	
1171	1	14.21	14.21	0.1659	
1172	1	14.13	14.13	0.1131	
1173	1	14.16	14.16	0.1344	
1174	1	14.06	14.06	0.0564	
1175	1	14.04	14.04	0.0384	
1176	1	14.03	14.03	0.0291	
1177	1	14.17	14.17	0.1411	
1178	1	14.23	14.23	0.1771	
1179	1	14.47	14.47	0.3091	
1180	1	14.27	14.27	0.1971	
1181	1	14.39	14.39	0.2379	
1182	1	14.27	14.27	0.1971	
1183	1	14.04	14.04	0.0384	
1184	1	14.01	14.01	0.0099	
1185	1	14.01	14.01	0.0099	
1186	1	14.01	14.01	0.0099	
1187	1	14.01	14.01	0.0099	
1188	1	14.01	14.01	0.0099	
1189	1	14.03	14.03	0.0291	
1190	1	14.01	14.01	0.0099	
1191	1	14.01	14.01	0.0099	
1192	1	14.01	14.01	0.0099	
1193	1	14.01	14.01	0.0099	
1194	1	14.01	14.01	0.0099	
1195	1	14.01	14.01	0.0099	
1196	1	14.01	14.01	0.0099	
1197	1	14.01	14.01	0.0099	
1198	1	14.01	14.01	0.0099	
1199	1	14.01	14.01	0.0099	
1200	1	14.01	14.01	0.0099	
1201	1	14.01	14.01	0.0099	
1202	1	14.01	14.01	0.0099	
1203	1	14.01	14.01	0.0099	
1204	1	14.01	14.01	0.0099	
1205	1	14.07	14.07	0.0651	
1206	1	14.01	14.01	0.0099	
1207	1	14.01	14.01	0.0099	
1208	1	14.02	14.02	0.0196	
1209	1	14.01	14.01	0.0099	
1210	1	14.01	14.01	0.0099	
1211	1	14.01	14.01	0.0099	
1212	1	14.01	14.01	0.0099	
1213	1	14.01	14.01	0.0099	
1214	1	14.01	14.01	0.0099	
1215	1	14.01	14.01	0.0099	
1216	1	14.01	14.01	0.0099	
1217	1	14.01	14.01	0.0099	
1218	1	14.01	14.01	0.0099	
1219	1	14.01	14.01	0.0099	
1220	1	14.03	14.03	0.0291	
1221	1	14.01	14.01	0.0099	
1222	1	14.01	14.01	0.0099	
1223	1	14.01	14.01	0.0099	
1224	1	14.02	14.02	0.0196	
1225	1	14.01	14.01	0.0099	
1226	1	14.01	14.01	0.0099	
1227	1	14.01	14.01	0.0099	
1228	1	14.01	14.01	0.0099	
1229	1	14.01	14.01	0.0099	
1230	1	14.01	14.01	0.0099	
1231	1	14.01	14.01	0.0099	
1232	1	14.01	14.01	0.0099	
1233	1	14.01	14.01	0.0099	
1234	1	14.01	14.01	0.0099	
1235	1	14.01	14.01	0.0099	
1236	1	14.01	14.01	0.0099	
1237	1	14.01	14.01	0.0099	
1238	1	14.03	14.03	0.0291	
1239	1	14.06	14.06	0.0564	
1240	1	14.05	14.05	0.0475	
1241	1	14.22	14.22	0.3916	
1242	1	14.3	14.3	0.51	
1243	1	14.78	14.78	0.9516	
1244	1	14.66	14.66	0.8844	
1245	1	14.5	14.5	0.75	
1246	1	14.4	14.4	0.64	
1247	1	14.3	14.3	0.51	
1248	1	14.02	14.02	0.0396	
1249	1	14.01	14.01	0.0099	
1250	1	14.01	14.01	0.0099	
1251	1	14.01	14.01	0.0099	
1252	1	14.01	14.01	0.0099	
1253	1	14.01	14.01	0.0099	
1254	1	14.01	14.01	0.0099	
1255	1	14.09	14.09	0.0819	
1256	1	14.01	14.01	0.0099	
1257	1	14.01	14.01	0.0099	
1258	1	14.01	14.01	0.0099	
1259	1	14.01	14.01	0.0099	
1260	1	14.01	14.01	0.0099	
1261	1	14.1	14.1	0.09	
1262	1	14.21	14.21	0.1659	
1263	1	14.24	14.24	0.1824	
1264	1	14.43	14.43	0.2451	
1265	1	14.32	14.32	0.2176	
1266	1	14.39	14.39	0.2379	
1267	1	14.69	14.69	0.2339	
1268	1	14.86	14.86	0.2204	
1269	1	14.8	14.8	0.16	
1270	1	14.7	14.7	0.21	
1271	1	14.96	14.96	0.0384	
1272	1	14.99	14.99	0.0099	
1273	1	15.02	15.02	0.0196	
1274	1	15.01	15.01	0.0099	
1275	1	15.01	15.01	0.0099	
1276	1	15.01	15.01	0.0099	
1277	1	15.01	15.01	0.0099	
1278	1	15.01	15.01	0.0099	
1279	1	15.01	15.01	0.0099	
1280	1	15.01	15.01	0.0099	
1281	1	15.01	15.01	0.0099	
1282	1	15.01	15.01	0.0099	
1283	1	15.01	15.01	0.0099	
1284	1	15.04	15.04	0.0384	
1285	1	15.11	15.11	0.0979	
1286	1	15.07	15.07	0.0651	
1287	1	15.03	15.03	0.0291	
1288	1	15.01	15.01	0.0099	
1289	1	15.01	15.01	0.0099	
1290	1	15.01	15.01	0.0099	
1291	1	15.01	15.01	0.0099	
1292	1	15.01	15.01	0.0099	
1293	1	15.01	15.01	0.0099	
1294	1	15.01	15.01	0.0099	
1295	1	15.01	15.01	0.0099	
1296	1	15.01	15.01	0.0099	
1297	1	15.01	15.01	0.0099	
1298	1	15.01	15.01	0.0099	
1299	1	15.01	15.01	0.0099	
1300	1	15.01	15.01	0.0099	
1301	1	15.01	15.01	0.0099	
1302	1	15.01	15.01	0.0099	
1303	1	15.01	15.01	0.0099	
1304	1	15.01	15.01	0.0099	
1305	1	15.01	15.01	0.0099	
1306	1	15.02	15.02	0.0196	
1307	1	15.01	15.01	0.0099	
1308	1	15.09	15.09	0.0819	
1309	1	15.21	15.21	0.1659	
1310	1	15.14	15.14	0.1204	
1311	1	15.44	15.44	0.2464	
1312	1	15.44	15.44	0.2464	
1313	1	15.36	15.36	0.2304	
1314	1	15.45	15.45	0.2475	
1315	1	15.41	15.41	0.2419	
1316	1	15.25	15.25	0.1875	
1317	1	15.18	15.18	0.1476	
1318	1	15.15	15.15	0.1275	
1319	1	15.24	15.24	0.1824	
1320	1	15.12	15.12	0.1056	
1321	1	15.07	15.07	0.0651	
1322	1	15.01	15.01	0.0099	
1323	1	15.01	15.01	0.0099	
1324	1	15.01	15.01	0.0099	
1325	1	15.01	15.01	0.0099	
1326	1	15.01	15.01	0.0099	
1327	1	15.01	15.01	0.0099	
1328	1	15.01	15.01	0.0099	
1329	1	15.01	15.01	0.0099	
1330	1	15.01	15.01	0.0099	
1331	1	15.01	15.01	0.0099	
1332	1	15.01	15.01	0.0099	
1333	1	15.01	15.01	0.0099	
1334	1	15.01	15.01	0.0099	
1335	1	15.01	15.01	0.0099	
1336	1	15.01	15.01	0.0099	
1337	1	15.01	15.01	0.0099	
1338	1	15.01	15.01	0.0099	
1339	1	15.01	15.01	0.0099	
1340	1	15.01	15.01	0.0099	
1341	1	15.05	15.05	0.0475	
1342	1	15.01	15.01	0.0099	
1343	1	15.01	15.01	0.0099	
1344	1	15.01	15.01	0.0099	
1345	1	15.01	15.01	0.0099	
1346	1	15.01	15.01	0.0099	
1347	1	15.01	15.01	0.0099	
1348	1	15.01	15.01	0.0099	
1349	1	15.01	15.01	0.0099	
1350	1	15.01	15.01	0.0099	
1351	1	15.01	15.01	0.0099	
1352	1	15.01	15.01	0.0099	
1353	1	15.01	15.01	0.0099	
1354	1	15.07	15.07	0.0651	
1355	1	15.05	15.05	0.0475	
1356	1	15.01	15.01	0.0099	
1357	1	15.01	15.01	0.0099	
1358	1	15.01	15.01	0.0099	
1359	1	15.01	15.01	0.0099	
1360	1	15.01	15.01	0.0099	
1361	1	15.01	15.01	0.0099	
1362	1	15.01	15.01	0.0099	
1363	1	15.01	15.01	0.0099	
1364	1	15.01	15.01	0.0099	
1365	1	15.01	15.01	0.0099	
1366	1	15.01	15.01	0.0099	
1367	1	15.01	15.01	0.0099	
1368	1	15.01	15.01	0.0099	
1369	1	15.09	15.09	0.0819	
1370	1	15.12	15.12	0.1056	
1371	1	15.01	15.01	0.0099	
1372	1	15.01	15.01	0.0099	
1373	1	15.01	15.01	0.0099	
1374	1	15.04	15.04	0.0384	
1375	1	15.22	15.22	0.1716	
1376	1	15.42	15.42	0.2436	
1377	1	15.32	15.32	0.2176	
1378	1	15.44	15.44	0.2464	
1379	1	15.22	15.22	0.1716	
1380	1	15.22	15.22	0.1716	
1381	1	15.04	15.04	0.0384	
1382	1	15.01	15.01	0.0099	
1383	1	15.01	15.01	0.0099	
1384	1	15.01	15.01	0.0099	
1385	1	15.01	15.01	0.0099	
1386	1	15.03	15.03	0.0291	
1387	1	15.01	15.01	0.0099	
1388	1	15.01	15.01	0.0099	
1389	1	15.01	15.01	0.0099	
1390	1	15.01	15.01	0.0099	
1391	1	15.01	15.01	0.0099	
1392	1	15.01	15.01	0.0099	
1393	1	15.01	15.01	0.0099	
1394	1	15.01	15.01	0.0099	
1395	1	15.01	15.01	0.0099	
1396	1	15.16	15.16	0.1344	
1397	1	15.09	15.09	0.0819	
1398	1	15.02	15.02	0.0196	
1399	1	15.01	15.01	0.0099	
1400	1	15.01	15.01	0.0099	
1401	1	15.01	15.01	0.0099	
1402	1	15.01	15.01	0.0099	
1403	1	15.01	15.01	0.0099	
1404	1	15.01	15.01	0.0099	
1405	1	15.01	15.01	0.0099	
1406	1	15.01	15.01	0.0099	
1407	1	15.01	15.01	0.0099	
1408	1	15.01	15.01	0.0099	
1409	1	15.01	15.01	0.0099	
1410	1	15.01	15.01	0.0099	
1411	1	15.01	15.01	0.0099	
1412	1	15.01	15.01	0.0099	
1413	1	15.01	15.01	0.0099	
1414	1	15.01	15.01	0.0099	
1415	1	15.01	15.01	0.0099	
1416	1	15.01	15.01	0.0099	
1417	1	15.02	15.02	0.0196	
1418	1	15.01	15.01	0.0099	
1419	1	15.01	15.01	0.0099	
1420	1	15.01	15.01	0.0099	
1421	1	15.01	15.01	0.0099	
1422	1	15.01	15.01	0.0099	
1423	1	15.01	15.01	0.0099	
1424	1	15.01	15.01	0.0099	
1425	1	15.01	15.01	0.0099	
1426	1	15.01	15.01	0.0099	
1427	1	15.01	15.01	0.0099	
1428	1	15.01	15.01	0.0099	
1429	1	15.01	15.01	0.0099	
1430	1	15.01	15.01	0.0099	
1431	1	15.01	15.01	0.0099	
1432	1	15.01	15.01	0.0099	
1433	1	15.01	15.01	0.0099	
1434	1	15.02	15.02	0.0196	
1435	1	15.01	15.01	0.0099	
1436	1	15.01	15.01	0.0099	
1437	1	15.02	15.02	0.0196	
1438	1	15.01	15.01	0.0099	
1439	1	15.02	15.02	0.0196	
1440	1	15.01	15.01	0.0099	
1441	1	15.01	15.01	0.0099	
1442	1	15.02	15.02	0.0196	
1443	1	15.01	15.01	0.0099	
1444	1	15.01	15.01	0.0099	
1445	1	15.01	15.01	0.0099	
1446	1	15.04	15.04	0.0384	
1447	1	15.01	15.01	0.0099	
1448	1	15.01	15.01	0.0099	
1449	1	15.04	15.04	0.0384	
1450	1	15.01	15.01	0.0099	
1451	1	15.01	15.01	0.0099	
1452	1	15.01	15.01	0.0099	
1453	1	15.01	15.01	0.0099	
1454	1	15.01	15.01	0.0099	
1455	1	15.01	15.01	0.0099	
1456	1	15.01	15.01	0.0099	
1457	1	15.01	15.01	0.0099	
1458	1	15.01	15.01	0.0099	
1459	1	15.03	15.03	0.0291	
1460	1	15.01	15.01	0.0099	
1461	1	15.01	15.01	0.0099	
1462	1	15.07	15.07	0.0651	
1463	1	15.17	15.17	0.1411	
1464	1	15.01	15.01	0.0099	
1465	1	15.01	15.01	0.0099	
1466	1	15.01	15.01	0.0099	
1467	1	15.01	15.01	0.0099	
1468	1	15.01	15.01	0.0099	
1469	1	15.01	15.01	0.0099	
1470	1	15.01	15.01	0.0099	
1471	1	15.01	15.01	0.0099	
1472	1	15.01	15.01	0.0099	
1473	1	15.01	15.01	0.0099	
1474	1	15.01	15.01	0.0099	
1475	1	15.01	15.01	0.0099	
1476	1	15.01	15.01	0.0099	
1477	1	15.01	15.01	0.0099	
1478	1	15.01	15.01	0.0099	
1479	1	15.01	15.01	0.0099	
1480	1	15.01	15.01	0.0099	
1481	1	15.01	15.01	0.0099	
1482	1	15.01	15.01	0.0099	
1483	1	15.01	15.01	0.0099	
1484	1	15.01	15.01	0.0099	
1485	1	15.01	15.01	0.0099	
1486	1	15.01	15.01	0.0099	
1487	1	15.01	15.01	0.0099	
1488	1	15.01	15.01	0.0099	
1489	1	15.01	15.01	0.0099	
1490	1	15.01	15.01	0.0099	
1491	1	15.01	15.01	0.0099	
1492	1	15.01	15.01	0.0099	
1493	1	15.01	15.01	0.0099	
1494	1	15.01	15.01	0.0099	
1495	1	15.01	15.01	0.0099	
1496	1	15.02	15.02	0.0196	
1497	1	15.01	15.01	0.0099	
1498	1	15.01	15.01	0.0099	
1499	1	15.01	15.01	0.0099	
1500	1	15.01	15.01	0.0099	
1501	1	15.01	15.01	0.0099	
1502	1	15.01	15.01	0.0099	
1503	1	15.01	15.01	0.0099	
1504	1	15.01	15.01	0.0099	
1505	1	15.01	15.01	0.0099	
1506	1	15.01	15.01	0.0099	
1507	1	15.01	15.01	0.0099	
1508	1	15.01	15.01	0.0099	
1509	1	15.01	15.01	0.0099	
1510	1	15.01	15.01	0.0099	
1511	1	15.01	15.01	0.0099	
1512	1	15.01	15.01	0.0099	
1513	1	15.01	15.01	0.0099	
1514	1	15.01	15.01	0.0099	
1515	1	15.01	15.01	0.0099	
1516	1	15.01	15.01	0.0099	
1517	1	15.06	15.06	0.0564	
1518	1	15.32	15.32	0.2376	
1519	1	15.04	15.04	0.0384	
1520	1	15.13	15.13	0.1131	
1521	1	15.09	15.09	0.0819	
1522	1	15.27	15.27	0.1971	
1523	1	15.18	15.18	0.1476	
1524	1	15.01	15.01	0.0099	
1525	1	15.01	15.01	0.0099	
1526	1	15.07	15.07	0.0651	
1527	1	15.15	15.15	0.1275	
1528	1	15.32	15.32	0.2176	
1529	1	15.41	15.41	0.2419	
1530	1	15.32	15.32	0.2176	
1531	1	15.24	15.24	0.1824	
1532	1	15.58	15.58	0.2436	
1533	1	15.46	15.46	0.2484	
1534	1	15.41	15.41	0.2419	
1535	1	15.23	15.23	0.1771	
1536	1	15.08	15.08	0.0736	
1537	1	15.19	15.19	0.1539	
1538	1	15.33	15.33	0.2611	
1539	1	15.07	15.07	0.0651	
1540	1	15.01	15.01	0.0099	
1541	1	15.01	15.01	0.0099	
1542	1	15.05	15.05	0.0475	
1543	1	15.11	15.11	0.0979	
1544	1	15.44	15.44	0.2464	
1545	1	15.16	15.16	0.1344	
1546	1	15.01	15.01	0.0099	
1547	1	15.01	15.01	0.0099	
1548	1	15.03	15.03	0.0291	
1549	1	15.09	15.09	0.0819	
1550	1	15.04	15.04	0.0384	
1551	1	15.01	15.01	0.0099	
1552	1	15.01	15.01	0.0099	
1553	1	15.01	15.01	0.0099	
1554	1	15.01	15.01	0.0099	
1555	1	15.01	15.01	0.0099	
1556	1	15.01	15.01	0.0099	
1557	1	15.01	15.01	0.0099	
1558	1	15.02	15.02	0.0196	
1559	1	15.01	15.01	0.0099	
1560	1	15.01	15.01	0.0099	
1561	1	15.01	15.01	0.0099	
1562	1	15.06	15.06	0.0564	
1563	1	15.01	15.01	0.0099	
1564	1	15.01	15.01	0.0099	
1565	1	15.04	15.04	0.0384	
1566	1	15.05	15.05	0.0675	
1567	1	15.01	15.01	0.0099	
1568	1	15.01	15.01	0.0099	
1569	1	15.01	15.01	0.0099	
1570	1	15.01	15.01	0.0099	
1571	1	15.01	15.01	0.0099	
1572	1	15.01	15.01	0.0099	
1573	1	15.01	15.01	0.0099	
1574	1	15.01	15.01	0.0099	
1575	1	15.01	15.01	0.0099	
1576	1	15.01	15.01	0.0099	
1577	1	15.01	15.01	0.0099	
1578	1	15.05	15.05	0.0475	
1579	1	15.06	15.06	0.0564	
1580	1	15.04	15.04	0.0384	
1581	1	15.01	15.01	0.0099	
1582	1	15.01	15.01	0.0099	
1583	1	15.01	15.01	0.0099	
1584	1	15.01	15.01	0.0099	
1585	1	15.01	15.01	0.0099	
1586	1	15.01	15.01	0.0099	
1587	1	15.08	15.08	0.0736	
1588	1	15.04	15.04	0.0384	
1589	1	15.01	15.01	0.0099	
1590	1	15.01	15.01	0.0099	
1591	1	15.09	15.09	0.0819	
1592	1	15.11	15.11	0.0979	
1593	1	15.14	15.14	0.1204	
1594	1	15.16	15.16	0.1344	
1595	1	15.4	15.4	0.24	
1596	1	15.25	15.25	0.1875	
1597	1	15.51	15.51	0.3699	
1598	1	15.31	15.31	0.2939	
1599	1	15.12	15.12	0.2056	
1600	1	15.02	15.02	0.0196	
1601	1	15.01	15.01	0.0099	
1602	1	15.01	15.01	0.0099	
1603	1	15.01	15.01	0.0099	
1604	1	15.01	15.01	0.0099	
1605	1	15.01	15.01	0.0099	
1606	1	15.01	15.01	0.0099	
1607	1	15.01	15.01	0.0099	
1608	1	15.02	15.02	0.0196	
1609	1	15.01	15.01	0.0099	
1610	1	15.01	15.01	0.0099	
1611	1	15.01	15.01	0.0099	
1612	1	15.01	15.01	0.0099	
1613	1	15.01	15.01	0.0099	
1614	1	15.01	15.01	0.0099	
1615	1	15.04	15.04	0.0384	
1616	1	15.07	15.07	0.0651	
1617	1	15.22	15.22	0.1716	
1618	1	15.05	15.05	0.0475	
1619	1	15.18	15.18	0.1476	
1620	1	15.11	15.11	0.0979	
1621	1	15.12	15.12	0.1056	
1622	1	15.1	15.1	0.09	
1623	1	15.23	15.23	0.1771	
1624	1	15.45	15.45	0.3875	
1625	1	15.14	15.14	0.1204	
1626	1	15.07	15.07	0.0651	
1627	1	15.15	15.15	0.1275	
1628	1	15.17	15.17	0.1411	
1629	1	15.22	15.22	0.1716	
1630	1	15.21	15.21	0.1659	
1631	1	15.15	15.15	0.1275	
1632	1	15.09	15.09	0.0819	
1633	1	15.01	15.01	0.0099	
1634	1	15.01	15.01	0.0099	
1635	1	15.1	15.1	0.09	
1636	1	15.06	15.06	0.0564	
1637	1	15.43	15.43	0.2451	
1638	1	15.22	15.22	0.1716	
1639	1	15.31	15.31	0.2139	
1640	1	15.6	15.6	0.24	
1641	1	15.8	15.8	0.58	
1642	1	16.02	16.02	0.4996	
1643	1	15.98	15.98	0.3396	
1644	1	16.15	16.15	0.4475	
1645	1	16.15	16.15	0.4075	
1646	1	15.92	15.92	0.1936	
1647	1	16.05	16.05	0.4475	
1648	1	15.46	15.46	0.3084	
1649	1	15.29	15.29	0.2459	
1650	1	15.37	15.37	0.2331	
1651	1	15.61	15.61	0.2379	
1652	1	15.7	15.7	0.21	
1653	1	15.91	15.91	0.0819	
1654	1	15.77	15.77	0.1771	
1655	1	16.01	16.01	0.0099	
1656	1	16.01	16.01	0.0099	
1657	1	16.03	16.03	0.0291	
1658	1	16.01	16.01	0.0099	
1659	1	16.01	16.01	0.0099	
1660	1	16.01	16.01	0.0099	
1661	1	16.01	16.01	0.0099	
1662	1	16.01	16.01	0.0099	
1663	1	16.01	16.01	0.0099	
1664	1	16.29	16.29	0.2059	
1665	1	16.35	16.35	0.2275	
1666	1	16.33	16.33	0.2211	
1667	1	16.2	16.2	0.16	
1668	1	16.14	16.14	0.1204	
1669	1	16.3	16.3	0.21	
1670	1	16.33	16.33	0.2211	
1671	1	16.42	16.42	0.2436	
1672	1	16.22	16.22	0.1716	
1673	1	16.3	16.3	0.27	
1674	1	16.32	16.32	0.4576	
1675	1	16.23	16.23	0.2371	
1676	1	16.13	16.13	0.1131	
1677	1	16.07	16.07	0.0651	
1678	1	16.01	16.01	0.0099	
1679	1	16.01	16.01	0.0099	
1680	1	16.01	16.01	0.0099	
1681	1	16.01	16.01	0.0099	
1682	1	16.01	16.01	0.0099	
1683	1	16.01	16.01	0.0099	
1684	1	16.03	16.03	0.0291	
1685	1	16.01	16.01	0.0099	
1686	1	16.01	16.01	0.0099	
1687	1	16.01	16.01	0.0099	
1688	1	16.01	16.01	0.0099	
1689	1	16.01	16.01	0.0099	
1690	1	16.01	16.01	0.0099	
1691	1	16.05	16.05	0.0475	
1692	1	16.01	16.01	0.0099	
1693	1	16.01	16.01	0.0099	
1694	1	16.01	16.01	0.0099	
1695	1	16.01	16.01	0.0099	
1696	1	16.01	16.01	0.0099	
1697	1	16.02	16.02	0.0196	
1698	1	16.01	16.01	0.0099	
1699	1	16.01	16.01	0.0099	
1700	1	16.05	16.05	0.0475	
1701	1	16.01	16.01	0.0099	
1702	1	16.01	16.01	0.0099	
1703	1	16.01	16.01	0.0099	
1704	1	16.01	16.01	0.0099	
1705	1	16.01	16.01	0.0099	
1706	1	16.02	16.02	0.0196	
1707	1	16.03	16.03	0.0291	
1708	1	16.01	16.01	0.0099	
1709	1	16.06	16.06	0.0564	
1710	1	16.36	16.36	0.2304	
1711	1	16.25	16.25	0.1875	
1712	1	16.11	16.11	0.0979	
1713	1	16.12	16.12	0.1056	
1714	1	16.18	16.18	0.1476	
1715	1	16.14	16.14	0.1204	
1716	1	16.01	16.01	0.0099	
1717	1	16.01	16.01	0.0099	
1718	1	16.01	16.01	0.0099	
1719	1	16.01	16.01	0.0099	
1720	1	16.01	16.01	0.0099	
1721	1	16.01	16.01	0.0099	
1722	1	16.15	16.15	0.1275	
1723	1	16.05	16.05	0.0475	
1724	1	16.01	16.01	0.0099	
1725	1	16.01	16.01	0.0099	
1726	1	16.01	16.01	0.0099	
1727	1	16.01	16.01	0.0099	
1728	1	16.07	16.07	0.0651	
1729	1	16.14	16.14	0.1204	
1730	1	16.12	16.12	0.1056	
1731	1	16.49	16.49	0.2499	
1732	1	16.26	16.26	0.1924	
1733	1	16.51	16.51	0.2499	
1734	1	16.56	16.56	0.2464	
1735	1	16.58	16.58	0.2436	
1736	1	16.76	16.76	0.1824	
1737	1	16.4	16.4	0.24	
1738	1	16.72	16.72	0.2016	
1739	1	16.71	16.71	0.2059	
1740	1	16.73	16.73	0.1971	
1741	1	16.66	16.66	0.2244	
1742	1	16.67	16.67	0.2211	
1743	1	16.91	16.91	0.1219	
1744	1	16.78	16.78	0.1716	
1745	1	16.85	16.85	0.1275	
1746	1	16.9	16.9	0.09	
1747	1	16.91	16.91	0.0819	
1748	1	16.85	16.85	0.1275	
1749	1	16.89	16.89	0.0979	
1750	1	16.85	16.85	0.1275	
1751	1	16.73	16.73	0.1971	
1752	1	16.87	16.87	0.1531	
1753	1	16.83	16.83	0.2611	
1754	1	16.64	16.64	0.2304	
1755	1	16.65	16.65	0.2275	
1756	1	16.75	16.75	0.1875	
1757	1	16.74	16.74	0.1924	
1758	1	16.66	16.66	0.2444	
1759	1	16.8	16.8	0.22	
1760	1	16.81	16.81	0.2539	
1761	1	16.83	16.83	0.1411	
1762	1	16.78	16.78	0.1716	
1763	1	16.66	16.66	0.2244	
1764	1	16.7	16.7	0.21	
1765	1	16.58	16.58	0.2436	
1766	1	16.77	16.77	0.2771	
1767	1	16.95	16.95	0.2675	
1768	1	17.08	17.08	0.2536	
1769	1	17.2	17.2	0.28	
1770	1	17.22	17.22	0.2116	
1771	1	17.11	17.11	0.1579	
1772	1	17.2	17.2	0.34	
1773	1	17.2	17.2	0.46	
1774	1	16.92	16.92	0.4736	
1775	1	16.96	16.96	0.2784	
1776	1	16.84	16.84	0.4544	
1777	1	16.6	16.6	0.34	
1778	1	16.65	16.65	0.2275	
1779	1	16.62	16.62	0.2356	
1780	1	16.63	16.63	0.2931	
1781	1	16.47	16.47	0.2491	
1782	1	16.3	16.3	0.21	
1783	1	16.44	16.44	0.2464	
1784	1	16.23	16.23	0.1771	
1785	1	16.36	16.36	0.2304	
1786	1	16.3	16.3	0.21	
1787	1	16.23	16.23	0.1771	
1788	1	16.32	16.32	0.2176	
1789	1	16.06	16.06	0.0564	
1790	1	16.3	16.3	0.21	
1791	1	16.2	16.2	0.16	
1792	1	16.48	16.48	0.2496	
1793	1	16.44	16.44	0.2464	
1794	1	16.53	16.53	0.2691	
1795	1	16.52	16.52	0.2496	
1796	1	16.62	16.62	0.2356	
1797	1	16.66	16.66	0.3444	
1798	1	16.56	16.56	0.2664	
1799	1	16.63	16.63	0.2331	
1800	1	16.5	16.5	0.25	
1801	1	16.55	16.55	0.2475	
1802	1	16.77	16.77	0.1771	
1803	1	16.87	16.87	0.1131	
1804	1	17	17	0	
1805	1	17	17	0	
1806	1	17	17	0	
1807	1	17.02	17.02	0.0196	
1808	1	17.07	17.07	0.0651	
1809	1	17.07	17.07	0.0651	
1810	1	17.22	17.22	0.1716	
1811	1	17.02	17.02	0.0196	
1812	1	17	17	0	
1813	1	17.03	17.03	0.0291	
1814	1	17	17	0	
1815	1	17	17	0	
1816	1	17	17	0	
1817	1	17	17	0	
1818	1	17	17	0	
1819	1	17	17	0	
1820	1	17.03	17.03	0.0291	
1821	1	17	17	0	
1822	1	17	17	0	
1823	1	17	17	0	
1824	1	17	17	0	
1825	1	17	17	0	
1826	1	17	17	0	
1827	1	17	17	0	
1828	1	17	17	0	
1829	1	17	17	0	
1830	1	17	17	0	
1831	1	17	17	0	
1832	1	17	17	0	
1833	1	17.01	17.01	0.0099	
1834	1	17	17	0	
1835	1	17	17	0	
1836	1	17.01	17.01	0.0099	
1837	1	17.02	17.02	0.0196	
1838	1	17.05	17.05	0.0475	
1839	1	17.02	17.02	0.0196	
1840	1	17.01	17.01	0.0099	
1841	1	17.01	17.01	0.0099	
1842	1	17.01	17.01	0.0099	
1843	1	17.01	17.01	0.0099	
1844	1	17.01	17.01	0.0099	
1845	1	17.01	17.01	0.0099	
1846	1	17.01	17.01	0.0099	
1847	1	17.01	17.01	0.0099	
1848	1	17.01	17.01	0.0099	
1849	1	17.01	17.01	0.0099	
1850	1	17.01	17.01	0.0099	
1851	1	17.05	17.05	0.0475	
1852	1	17.24	17.24	0.1824	
1853	1	17.19	17.19	0.2139	
1854	1	17.08	17.08	0.0736	
1855	1	17.08	17.08	0.0736	
1856	1	17.52	17.52	0.2496	
1857	1	17.39	17.39	0.2379	
1858	1	17.47	17.47	0.2491	
1859	1	17.58	17.58	0.2436	
1860	1	17.84	17.84	0.1344	
1861	1	17.84	17.84	0.1344	
1862	1	17.86	17.86	0.1204	
1863	1	17.85	17.85	0.1275	
1864	1	17.88	17.88	0.1056	
1865	1	17.74	17.74	0.1924	
1866	1	17.86	17.86	0.1204	
1867	1	17.78	17.78	0.1716	
1868	1	17.96	17.96	0.0984	
1869	1	17.97	17.97	0.0291	
1870	1	17.99	17.99	0.0099	
1871	1	18.01	18.01	0.0099	
1872	1	18.01	18.01	0.0099	
1873	1	18.01	18.01	0.0099	
1874	1	18.01	18.01	0.0099	
1875	1	18.01	18.01	0.0099	
1876	1	18.01	18.01	0.0099	
1877	1	18.01	18.01	0.0099	
1878	1	18.01	18.01	0.0099	
1879	1	18.01	18.01	0.0099	
1880	1	18.01	18.01	0.0099	
1881	1	18.02	18.02	0.0196	
1882	1	18.01	18.01	0.0099	
1883	1	18.01	18.01	0.0099	
1884	1	18.01	18.01	0.0099	
1885	1	18.09	18.09	0.0819	
1886	1	18.14	18.14	0.1204	
1887	1	18.2	18.2	0.16	
1888	1	18.26	18.26	0.1924	
1889	1	18.48	18.48	0.2496	
1890	1	18.45	18.45	0.2475	
1891	1	18.31	18.31	0.2139	
1892	1	18.35	18.35	0.2275	
1893	1	18.74	18.74	0.4524	
1894	1	18.51	18.51	0.5499	
1895	1	19.27	19.27	0.7971	
1896	1	19.09	19.09	0.7219	
1897	1	18.83	18.83	0.3611	
1898	1	19.43	19.43	0.3651	
1899	1	19.24	19.24	0.6624	
1900	1	19.28	19.28	0.6416	
1901	1	19.26	19.26	0.4724	
1902	1	19.7	19.7	0.25	
1903	1	19.7	19.7	0.23	
1904	1	19.84	19.84	0.1344	
1905	1	19.57	19.57	0.2451	
1906	1	19.52	19.52	0.2496	
1907	1	19.39	19.39	0.2379	
1908	1	19.1	19.1	0.09	
1909	1	19.01	19.01	0.0099	
1910	1	19.01	19.01	0.0099	
1911	1	19.01	19.01	0.0099	
1912	1	19.02	19.02	0.0196	
1913	1	19.03	19.03	0.0291	
1914	1	19.15	19.15	0.2475	
1915	1	19.06	19.06	0.0564	
1916	1	19.01	19.01	0.0099	
1917	1	19.02	19.02	0.0196	
1918	1	19.01	19.01	0.0099	
1919	1	19.01	19.01	0.0099	
1920	1	19.01	19.01	0.0099	
1921	1	19.01	19.01	0.0099	
1922	1	19.01	19.01	0.0099	
1923	1	19.01	19.01	0.0099	
1924	1	19.01	19.01	0.0099	
1925	1	19.01	19.01	0.0099	
1926	1	19.01	19.01	0.0099	
1927	1	19.01	19.01	0.0099	
1928	1	19.02	19.02	0.0196	
1929	1	19.01	19.01	0.0099	
1930	1	19.01	19.01	0.0099	
1931	1	19.01	19.01	0.0099	
1932	1	19.01	19.01	0.0099	
1933	1	19.01	19.01	0.0099	
1934	1	19.01	19.01	0.0099	
1935	1	19.01	19.01	0.0099	
1936	1	19.02	19.02	0.0196	
1937	1	19.1	19.1	0.09	
1938	1	19.17	19.17	0.1411	
1939	1	19.09	19.09	0.0819	
1940	1	19.02	19.02	0.0196	
1941	1	19.1	19.1	0.09	
1942	1	19.03	19.03	0.0291	
1943	1	19.01	19.01	0.0099	
1944	1	19.01	19.01	0.0099	
1945	1	19.01	19.01	0.0099	
1946	1	19.01	19.01	0.0099	
1947	1	19.01	19.01	0.0099	
1948	1	19.02	19.02	0.0196	
1949	1	19.01	19.01	0.0099	
1950	1	19.01	19.01	0.0099	
1951	1	19.01	19.01	0.0099	
1952	1	19.01	19.01	0.0099	
1953	1	19.01	19.01	0.0099	
1954	1	19.01	19.01	0.0099	
1955	1	19.01	19.01	0.0099	
1956	1	19.01	19.01	0.0099	
1957	1	19.01	19.01	0.0099	
1958	1	19.01	19.01	0.0099	
1959	1	19.01	19.01	0.0099	
1960	1	19.01	19.01	0.0099	
1961	1	19.01	19.01	0.0099	
1962	1	19.01	19.01	0.0099	
1963	1	19.04	19.04	0.0384	
1964	1	19.1	19.1	0.09	
1965	1	19.12	19.12	0.1056	
1966	1	19.15	19.15	0.1275	
1967	1	19.12	19.12	0.1056	
1968	1	19.32	19.32	0.2376	
1969	1	19.19	19.19	0.1539	
1970	1	19.44	19.44	0.2464	
1971	1	19.86	19.86	0.1204	
1972	1	19.77	19.77	0.1771	
1973	1	19.87	19.87	0.1131	
1974	1	20.02	20.02	0.0196	
1975	1	20.01	20.01	0.0099	
1976	1	20.11	20.11	0.0979	
1977	1	20.01	20.01	0.0099	
1978	1	20.01	20.01	0.0099	
1979	1	20.01	20.01	0.0099	
1980	1	20.01	20.01	0.0099	
1981	1	20.01	20.01	0.0099	
1982	1	20.01	20.01	0.0099	
1983	1	20.01	20.01	0.0099	
1984	1	20.01	20.01	0.0099	
1985	1	20.01	20.01	0.0099	
1986	1	20.01	20.01	0.0099	
1987	1	20.01	20.01	0.0099	
1988	1	20.01	20.01	0.0099	
1989	1	20.01	20.01	0.0099	
1990	1	20.01	20.01	0.0099	
1991	1	20.01	20.01	0.0099	
1992	1	20.01	20.01	0.0099	
1993	1	20.01	20.01	0.0099	
1994	1	20.01	20.01	0.0099	
1995	1	20.01	20.01	0.0099	
1996	1	20.04	20.04	0.0384	
1997	1	20.07	20.07	0.0651	
1998	1	20.03	20.03	0.0291	
1999	1	20.01	20.01	0.0099	
2000	1	20.01	20.01	0.0099	
