# mu = 0.01, s = 1, trials requested = 1, runtime = 0:00:08
# "Time"	"Actual trials"	"Mean mutation"	"Average mean mutation"	"Average mutation variance"
0	1	0	0	0	
1	1	0.03	0.03	0.0291	
2	1	0.06	0.06	0.0564	
3	1	0.13	0.13	0.1531	
4	1	0.33	0.33	0.4411	
5	1	0.67	0.67	0.7411	
6	1	1.38	1.38	1.3356	
7	1	1.72	1.72	1.5216	
8	1	2.06	2.06	1.4964	
9	1	2.17	2.17	1.5011	
10	1	2.39	2.39	1.5979	
11	1	2.46	2.46	1.6284	
12	1	2.55	2.55	1.4875	
13	1	2.86	2.86	1.2804	
14	1	2.84	2.84	1.5144	
15	1	3.14	3.14	1.6204	
16	1	3.48	3.48	1.9496	
17	1	3.72	3.72	2.4416	
18	1	4.02	4.02	2.6596	
19	1	4.27	4.27	2.8171	
20	1	4.56	4.56	3.2664	
21	1	4.67	4.67	3.4011	
22	1	4.85	4.85	3.8075	
23	1	5.17	5.17	4.1611	
24	1	5.42	5.42	4.4236	
25	1	5.71	5.71	4.5259	
26	1	5.84	5.84	4.3544	
27	1	5.96	5.96	4.0784	
28	1	6	6	4.04	
29	1	6.17	6.17	3.4411	
30	1	6.19	6.19	3.5139	
31	1	6.44	6.44	2.9864	
32	1	6.68	6.68	2.4776	
33	1	6.84	6.84	3.0544	
34	1	7.23	7.23	1.8171	
35	1	7.42	7.42	1.1236	
36	1	7.58	7.58	1.0636	
37	1	7.86	7.86	0.6004	
38	1	8.13	8.13	0.7931	
39	1	8.29	8.29	0.6059	
40	1	8.53	8.53	0.6691	
41	1	8.69	8.69	0.7739	
42	1	9.07	9.07	1.3051	
43	1	9.67	9.67	2.2411	
44	1	10.62	10.62	2.4556	
45	1	10.89	10.89	2.4779	
46	1	11.13	11.13	2.4931	
47	1	11.27	11.27	2.3571	
48	1	11.5	11.5	2.35	
49	1	11.61	11.61	2.4179	
50	1	11.78	11.78	2.6916	
51	1	11.97	11.97	2.7291	
52	1	11.96	11.96	2.6984	
53	1	12.09	12.09	2.7019	
54	1	12.1	12.1	2.71	
55	1	12.2	12.2	2.5	
56	1	12.34	12.34	2.3444	
57	1	12.62	12.62	2.3556	
58	1	12.78	12.78	2.1316	
59	1	13.03	13.03	2.3091	
60	1	13.21	13.21	2.1659	
61	1	13.41	13.41	2.1819	
62	1	13.43	13.43	2.1851	
63	1	13.47	13.47	1.9091	
64	1	13.68	13.68	1.2376	
65	1	13.76	13.76	0.9024	
66	1	13.82	13.82	0.9276	
67	1	14	14	0.72	
68	1	14.27	14.27	1.1171	
69	1	14.67	14.67	1.6611	
70	1	15.56	15.56	3.1464	
71	1	16.24	16.24	3.6024	
72	1	16.64	16.64	3.4304	
73	1	16.91	16.91	3.2819	
74	1	17.16	17.16	3.2944	
75	1	17.74	17.74	4.3724	
76	1	18.42	18.42	5.9436	
77	1	18.87	18.87	6.7731	
78	1	19.33	19.33	5.9011	
79	1	19.75	19.75	5.2675	
80	1	19.99	19.99	4.5899	
81	1	20.39	20.39	4.0179	
82	1	20.67	20.67	3.0211	
83	1	20.9	20.9	2.79	
84	1	21.08	21.08	2.6936	
85	1	21.57	21.57	3.2451	
86	1	22.21	22.21	3.7059	
87	1	22.6	22.6	3.14	
88	1	23.02	23.02	3.3396	
89	1	23.13	23.13	3.6531	
90	1	23.46	23.46	4.0484	
91	1	23.67	23.67	4.3611	
92	1	23.87	23.87	4.1331	
93	1	24.18	24.18	4.6876	
94	1	24.54	24.54	3.6084	
95	1	24.79	24.79	3.4859	
96	1	24.94	24.94	3.4964	
97	1	25.23	25.23	2.6571	
98	1	25.27	25.27	2.7371	
99	1	25.44	25.44	2.8664	
100	1	25.59	25.59	3.1019	
101	1	25.73	25.73	2.9971	
102	1	26.02	26.02	3.0196	
103	1	26.26	26.26	2.6124	
104	1	26.58	26.58	2.4436	
105	1	26.9	26.9	2.71	
106	1	27.16	27.16	2.7544	
107	1	27.31	27.31	2.5539	
108	1	27.47	27.47	2.8691	
109	1	27.91	27.91	3.2019	
110	1	28.16	28.16	3.4544	
111	1	28.52	28.52	2.9696	
112	1	28.81	28.81	3.3739	
113	1	29.09	29.09	3.0619	
114	1	29.59	29.59	2.4619	
115	1	29.81	29.81	2.6739	
116	1	29.94	29.94	2.6164	
117	1	30.21	30.21	1.7859	
118	1	30.48	30.48	1.2496	
119	1	30.57	30.57	1.2051	
120	1	30.84	30.84	1.1944	
121	1	31.03	31.03	1.2491	
122	1	31.23	31.23	0.7971	
123	1	31.41	31.41	0.8019	
124	1	31.67	31.67	0.5211	
125	1	32.35	32.35	1.3675	
126	1	32.91	32.91	1.7019	
127	1	33.27	33.27	2.0571	
128	1	33.38	33.38	2.1156	
129	1	33.73	33.73	2.3971	
130	1	33.98	33.98	2.5796	
131	1	34.38	34.38	2.2556	
132	1	34.76	34.76	2.0824	
133	1	35.01	35.01	2.0099	
134	1	35.12	35.12	1.8456	
135	1	35.54	35.54	1.7484	
136	1	35.89	35.89	2.0979	
137	1	36.14	36.14	2.1004	
138	1	36.61	36.61	2.1379	
139	1	37.01	37.01	2.1299	
140	1	37.13	37.13	2.2131	
141	1	37.17	37.17	2.3411	
142	1	37.38	37.38	2.0156	
143	1	37.84	37.84	2.5744	
144	1	38.34	38.34	3.2844	
145	1	38.66	38.66	4.0844	
146	1	39.11	39.11	4.9379	
147	1	39.32	39.32	4.7776	
148	1	39.62	39.62	5.0756	
149	1	39.86	39.86	5.1404	
150	1	40.17	40.17	4.9411	
151	1	40.53	40.53	4.7491	
152	1	40.76	40.76	4.4624	
153	1	40.98	40.98	4.2596	
154	1	41.04	41.04	4.1784	
155	1	41.4	41.4	2.28	
156	1	41.4	41.4	2.28	
157	1	41.44	41.44	2.2464	
158	1	41.52	41.52	2.2296	
159	1	41.72	41.72	1.9216	
160	1	41.85	41.85	1.9075	
161	1	42	42	2.08	
162	1	42.21	42.21	1.6859	
163	1	42.26	42.26	1.7124	
164	1	42.28	42.28	1.3816	
165	1	42.35	42.35	1.4675	
166	1	42.54	42.54	1.7284	
167	1	42.72	42.72	1.8416	
168	1	42.88	42.88	1.9856	
169	1	43.14	43.14	2.3004	
170	1	43.32	43.32	2.4176	
171	1	43.67	43.67	2.6011	
172	1	44	44	1.98	
173	1	44.11	44.11	1.9979	
174	1	44.26	44.26	1.3124	
175	1	44.28	44.28	1.2616	
176	1	44.38	44.38	1.3356	
177	1	44.48	44.48	1.4496	
178	1	44.78	44.78	1.4316	
179	1	45.14	45.14	1.7604	
180	1	45.43	45.43	1.6651	
181	1	45.48	45.48	1.8496	
182	1	45.8	45.8	1.98	
183	1	46.02	46.02	1.9996	
184	1	46.1	46.1	1.93	
185	1	46.19	46.19	1.9539	
186	1	46.36	46.36	1.6704	
187	1	46.35	46.35	1.6875	
188	1	46.46	46.46	1.2884	
189	1	46.51	46.51	1.0099	
190	1	46.6	46.6	0.82	
191	1	46.68	46.68	0.6976	
192	1	46.71	46.71	0.7059	
193	1	46.76	46.76	0.4024	
194	1	46.74	46.74	0.4524	
195	1	46.76	46.76	0.3824	
196	1	46.88	46.88	0.3656	
197	1	47.06	47.06	0.4964	
198	1	47.33	47.33	0.8411	
199	1	47.6	47.6	0.96	
200	1	47.91	47.91	1.3219	
201	1	48.42	48.42	1.7436	
202	1	48.65	48.65	2.0875	
203	1	49.01	49.01	2.7899	
204	1	49.39	49.39	3.1379	
205	1	49.74	49.74	3.1524	
206	1	49.89	49.89	3.1779	
207	1	49.91	49.91	3.1619	
208	1	50.14	50.14	3.5804	
209	1	50.36	50.36	3.6704	
210	1	50.47	50.47	3.6091	
211	1	50.44	50.44	3.7664	
212	1	50.66	50.66	3.6444	
213	1	50.85	50.85	3.8475	
214	1	51.07	51.07	4.2451	
215	1	51.61	51.61	5.5179	
216	1	51.92	51.92	6.3136	
217	1	52.35	52.35	6.5675	
218	1	52.65	52.65	6.0875	
219	1	52.95	52.95	6.3275	
220	1	53.28	53.28	6.6216	
221	1	53.36	53.36	6.8104	
222	1	53.62	53.62	6.2156	
223	1	53.85	53.85	4.9475	
224	1	53.91	53.91	5.1619	
225	1	54.06	54.06	4.6764	
226	1	54.1	54.1	4.67	
227	1	54.37	54.37	4.5731	
228	1	55.08	55.08	5.8136	
229	1	55.44	55.44	6.1064	
230	1	55.6	55.6	6.26	
231	1	55.74	55.74	6.6324	
232	1	56.08	56.08	5.9536	
233	1	56.31	56.31	6.3739	
234	1	56.68	56.68	5.2976	
235	1	56.93	56.93	5.6851	
236	1	57.26	57.26	5.7724	
237	1	57.61	57.61	6.3179	
238	1	57.98	57.98	6.5196	
239	1	58.41	58.41	7.4019	
240	1	58.7	58.7	8.03	
241	1	59.09	59.09	9.2619	
242	1	59.65	59.65	11.0275	
243	1	59.88	59.88	11.6656	
244	1	60.42	60.42	11.3436	
245	1	60.96	60.96	10.6584	
246	1	61.36	61.36	10.7504	
247	1	61.83	61.83	11.5011	
248	1	62.1	62.1	11.69	
249	1	62.42	62.42	11.2036	
250	1	62.72	62.72	10.2816	
251	1	63.2	63.2	10.44	
252	1	63.58	63.58	11.2236	
253	1	64.04	64.04	12.3784	
254	1	64.38	64.38	11.7756	
255	1	64.68	64.68	7.9376	
256	1	64.86	64.86	8.0604	
257	1	64.84	64.84	8.0544	
258	1	64.87	64.87	8.0731	
259	1	64.87	64.87	8.0531	
260	1	65.08	65.08	4.7736	
261	1	65.05	65.05	4.7475	
262	1	65.01	65.01	4.7499	
263	1	65.19	65.19	1.5939	
264	1	65.46	65.46	1.6884	
265	1	65.76	65.76	2.2624	
266	1	65.98	65.98	2.6596	
267	1	66.2	66.2	2.86	
268	1	66.5	66.5	3.19	
269	1	66.63	66.63	3.4731	
270	1	66.76	66.76	3.7424	
271	1	67.02	67.02	4.3996	
272	1	67.23	67.23	4.8171	
273	1	67.49	67.49	4.9299	
274	1	67.64	67.64	4.9304	
275	1	67.71	67.71	4.8459	
276	1	68.06	68.06	3.9364	
277	1	68.07	68.07	3.8251	
278	1	68.08	68.08	3.9736	
279	1	68.26	68.26	3.7124	
280	1	68.41	68.41	4.0619	
281	1	68.71	68.71	4.1659	
282	1	69.07	69.07	3.5851	
283	1	69.44	69.44	3.3264	
284	1	69.79	69.79	2.8459	
285	1	70	70	3.08	
286	1	70.14	70.14	3.0204	
287	1	70.32	70.32	2.4376	
288	1	70.56	70.56	1.9064	
289	1	70.73	70.73	2.0571	
290	1	71.22	71.22	2.2716	
291	1	71.6	71.6	2.9	
292	1	71.76	71.76	3.1024	
293	1	72.1	72.1	3.45	
294	1	73.06	73.06	4.3164	
295	1	73.53	73.53	4.2291	
296	1	73.82	73.82	3.9276	
297	1	74.2	74.2	3.62	
298	1	74.27	74.27	3.5571	
299	1	74.59	74.59	2.2619	
300	1	74.71	74.71	2.6659	
301	1	74.98	74.98	2.9796	
302	1	75.4	75.4	3.08	
303	1	75.78	75.78	3.5316	
304	1	76.34	76.34	3.5844	
305	1	76.69	76.69	3.6739	
306	1	76.86	76.86	3.7804	
307	1	76.9	76.9	3.85	
308	1	77.05	77.05	2.8075	
309	1	77.11	77.11	2.6979	
310	1	77.39	77.39	2.6979	
311	1	77.76	77.76	2.5824	
312	1	78.06	78.06	2.9964	
313	1	78.38	78.38	2.8956	
314	1	78.79	78.79	3.5259	
315	1	79.23	79.23	3.8371	
316	1	79.77	79.77	3.3171	
317	1	79.9	79.9	3.43	
318	1	79.99	79.99	3.3899	
319	1	80	80	3.38	
320	1	80.03	80.03	3.1291	
321	1	80.24	80.24	3.0424	
322	1	80.42	80.42	2.8836	
323	1	80.71	80.71	2.6259	
324	1	81.09	81.09	2.9019	
325	1	81.69	81.69	2.7539	
326	1	82.01	82.01	1.9899	
327	1	82.05	82.05	1.9275	
328	1	82.2	82.2	1.94	
329	1	82.18	82.18	1.9276	
330	1	82.16	82.16	1.9144	
331	1	82.29	82.29	1.8459	
332	1	82.38	82.38	2.1156	
333	1	82.68	82.68	2.2176	
334	1	82.92	82.92	1.9136	
335	1	83.25	83.25	1.7275	
336	1	83.6	83.6	1.88	
337	1	83.81	83.81	2.0139	
338	1	84.01	84.01	2.2499	
339	1	84.09	84.09	2.1219	
340	1	84.26	84.26	1.8924	
341	1	84.52	84.52	2.2096	
342	1	84.75	84.75	2.2475	
343	1	84.93	84.93	2.3251	
344	1	85.02	85.02	2.3396	
345	1	85.22	85.22	2.2116	
346	1	85.41	85.41	2.4019	
347	1	85.68	85.68	2.4976	
348	1	86.08	86.08	2.4936	
349	1	86.2	86.2	2.94	
350	1	86.44	86.44	3.2064	
351	1	86.75	86.75	2.7475	
352	1	87.02	87.02	2.7796	
353	1	87.18	87.18	2.7676	
354	1	87.33	87.33	2.8211	
355	1	87.58	87.58	3.1436	
356	1	87.92	87.92	3.6936	
357	1	88.35	88.35	4.1075	
358	1	88.63	88.63	4.3731	
359	1	88.79	88.79	4.6259	
360	1	88.83	88.83	4.9811	
361	1	89.22	89.22	5.7916	
362	1	89.46	89.46	6.1884	
363	1	89.46	89.46	6.1884	
364	1	89.53	89.53	6.3891	
365	1	89.68	89.68	6.8976	
366	1	90.37	90.37	6.6931	
367	1	90.71	90.71	7.2259	
368	1	91.1	91.1	8.11	
369	1	91.98	91.98	8.1396	
370	1	92.75	92.75	8.6675	
371	1	93.35	93.35	7.2875	
372	1	94.02	94.02	3.6396	
373	1	94.14	94.14	3.6604	
374	1	94.46	94.46	2.6884	
375	1	94.7	94.7	2.97	
376	1	95.23	95.23	2.8571	
377	1	95.88	95.88	2.0056	
378	1	96.15	96.15	1.7275	
379	1	96.47	96.47	1.5091	
380	1	96.72	96.72	1.6016	
381	1	96.93	96.93	1.6651	
382	1	97.06	97.06	1.6564	
383	1	97.14	97.14	1.6404	
384	1	97.25	97.25	1.4875	
385	1	97.38	97.38	1.5556	
386	1	97.5	97.5	1.65	
387	1	97.68	97.68	1.7376	
388	1	98.06	98.06	2.4364	
389	1	98.48	98.48	2.3296	
390	1	98.7	98.7	2.73	
391	1	98.97	98.97	3.0891	
392	1	99.33	99.33	2.7611	
393	1	99.7	99.7	2.67	
394	1	100.05	100.05	2.9075	
395	1	100.22	100.22	2.7516	
396	1	100.39	100.39	2.9179	
397	1	100.6	100.6	3.14	
398	1	100.8	100.8	3.24	
399	1	101.22	101.22	3.1516	
400	1	101.47	101.47	3.6691	
401	1	101.8	101.8	4.06	
402	1	102.09	102.09	4.7419	
403	1	102.36	102.36	5.3504	
404	1	102.64	102.64	6.2904	
405	1	103.04	103.04	7.1384	
406	1	103.6	103.6	7.28	
407	1	104.11	104.11	8.2979	
408	1	104.37	104.37	8.1731	
409	1	104.46	104.46	8.0684	
410	1	104.62	104.62	7.4556	
411	1	104.65	104.65	7.0875	
412	1	104.72	104.72	6.5216	
413	1	105.11	105.11	4.9979	
414	1	105.21	105.21	4.8259	
415	1	105.75	105.75	5.4875	
416	1	106.29	106.29	6.2259	
417	1	106.57	106.57	5.9451	
418	1	106.73	106.73	5.8571	
419	1	106.82	106.82	5.6476	
420	1	107.06	107.06	4.5564	
421	1	107.27	107.27	3.1171	
422	1	107.39	107.39	3.1779	
423	1	107.63	107.63	3.7531	
424	1	107.8	107.8	4.06	
425	1	108.25	108.25	4.9075	
426	1	108.66	108.66	5.4644	
427	1	108.88	108.88	5.7456	
428	1	109.02	109.02	6.5996	
429	1	109.43	109.43	6.5451	
430	1	109.87	109.87	7.4531	
431	1	110.06	110.06	7.0964	
432	1	110.45	110.45	7.6875	
433	1	110.69	110.69	8.5539	
434	1	111.26	111.26	9.7124	
435	1	111.79	111.79	11.1059	
436	1	112.4	112.4	13.26	
437	1	112.84	112.84	14.9544	
438	1	113.2	113.2	16.44	
439	1	113.41	113.41	17.0219	
440	1	113.68	113.68	17.6176	
441	1	114.18	114.18	18.1876	
442	1	114.57	114.57	17.8851	
443	1	115.06	115.06	15.2764	
444	1	115.46	115.46	13.1884	
445	1	116.03	116.03	9.4091	
446	1	116.5	116.5	8.27	
447	1	116.84	116.84	7.3344	
448	1	116.93	116.93	7.3051	
449	1	117.35	117.35	4.1475	
450	1	117.35	117.35	3.9675	
451	1	117.46	117.46	3.0684	
452	1	117.48	117.48	3.0896	
453	1	117.62	117.62	3.0556	
454	1	117.84	117.84	3.1944	
455	1	118.18	118.18	3.7476	
456	1	118.49	118.49	4.2699	
457	1	118.87	118.87	2.9731	
458	1	118.93	118.93	2.7851	
459	1	119.01	119.01	2.8299	
460	1	119.09	119.09	2.8219	
461	1	119.09	119.09	2.8619	
462	1	119.19	119.19	2.8939	
463	1	119.2	119.2	2.68	
464	1	119.46	119.46	1.6284	
465	1	119.92	119.92	2.0336	
466	1	120.59	120.59	2.2219	
467	1	120.76	120.76	2.3224	
468	1	121.07	121.07	2.0451	
469	1	121.26	121.26	2.2924	
470	1	121.58	121.58	3.2836	
471	1	122.69	122.69	6.3939	
472	1	123.12	123.12	7.1456	
473	1	123.5	123.5	8.25	
474	1	123.96	123.96	8.6784	
475	1	124.07	124.07	9.0651	
476	1	124.36	124.36	8.4504	
477	1	124.86	124.86	7.4404	
478	1	125.37	125.37	8.1131	
479	1	125.73	125.73	8.0371	
480	1	126.25	126.25	7.8475	
481	1	126.51	126.51	7.0499	
482	1	126.6	126.6	6.7	
483	1	126.76	126.76	6.3224	
484	1	126.79	126.79	6.3259	
485	1	126.86	126.86	6.3404	
486	1	127.03	127.03	6.7891	
487	1	127.75	127.75	8.2075	
488	1	128.25	128.25	9.7475	
489	1	129.03	129.03	12.0091	
490	1	129.55	129.55	13.1075	
491	1	129.89	129.89	14.0379	
492	1	129.89	129.89	14.2179	
493	1	130.13	130.13	14.8731	
494	1	130.71	130.71	12.7859	
495	1	130.86	130.86	13.3204	
496	1	131.07	131.07	11.9651	
497	1	131.58	131.58	12.0436	
498	1	131.86	131.86	12.2804	
499	1	132.15	132.15	12.0075	
500	1	132.22	132.22	12.0716	
501	1	132.77	132.77	10.3371	
502	1	133.4	133.4	5.74	
503	1	133.65	133.65	5.7075	
504	1	133.98	133.98	3.3796	
505	1	134.03	134.03	3.3691	
506	1	134.38	134.38	2.7756	
507	1	134.54	134.54	2.9684	
508	1	134.72	134.72	2.3416	
509	1	134.96	134.96	2.5984	
510	1	135.38	135.38	3.1556	
511	1	135.72	135.72	3.5816	
512	1	136.26	136.26	4.2124	
513	1	136.63	136.63	4.2331	
514	1	137.17	137.17	2.0611	
515	1	137.73	137.73	2.5571	
516	1	138.21	138.21	3.4459	
517	1	138.63	138.63	4.2931	
518	1	139.22	139.22	5.4516	
519	1	139.88	139.88	7.1456	
520	1	140.58	140.58	8.9436	
521	1	140.92	140.92	9.0136	
522	1	141.2	141.2	8.96	
523	1	141.24	141.24	9.1824	
524	1	141.45	141.45	8.3875	
525	1	141.71	141.71	8.1459	
526	1	141.84	141.84	8.6544	
527	1	142.08	142.08	8.0336	
528	1	142.36	142.36	6.6304	
529	1	142.49	142.49	6.9099	
530	1	142.84	142.84	6.0744	
531	1	142.98	142.98	5.4996	
532	1	143.08	143.08	4.8736	
533	1	143.17	143.17	4.2211	
534	1	143.34	143.34	3.2844	
535	1	143.41	143.41	2.5819	
536	1	143.36	143.36	2.9304	
537	1	143.62	143.62	2.5156	
538	1	144.23	144.23	2.0571	
539	1	144.73	144.73	2.6171	
540	1	145.2	145.2	2.94	
541	1	145.66	145.66	3.3644	
542	1	146.01	146.01	1.6499	
543	1	146.04	146.04	1.6584	
544	1	146.18	146.18	1.5676	
545	1	146.28	146.28	2.0216	
546	1	146.66	146.66	2.1644	
547	1	146.9	146.9	2.27	
548	1	146.95	146.95	2.4275	
549	1	147.16	147.16	2.3344	
550	1	147.26	147.26	2.0924	
551	1	147.35	147.35	1.9075	
552	1	147.51	147.51	1.7499	
553	1	147.72	147.72	1.8816	
554	1	148.07	148.07	1.9451	
555	1	148.19	148.19	2.0139	
556	1	148.19	148.19	1.9339	
557	1	148.39	148.39	1.4779	
558	1	148.39	148.39	1.6179	
559	1	148.67	148.67	1.4611	
560	1	149.28	149.28	2.8216	
561	1	149.95	149.95	4.3875	
562	1	150.29	150.29	4.6459	
563	1	150.73	150.73	4.8171	
564	1	151.22	151.22	5.1516	
565	1	151.38	151.38	5.5356	
566	1	151.77	151.77	4.5971	
567	1	151.88	151.88	4.3056	
568	1	152.14	152.14	3.3604	
569	1	152.28	152.28	3.0816	
570	1	152.4	152.4	2.28	
571	1	152.43	152.43	2.1651	
572	1	152.51	152.51	2.1099	
573	1	152.64	152.64	1.9104	
574	1	152.74	152.74	1.6524	
575	1	152.75	152.75	1.6275	
576	1	152.9	152.9	1.17	
577	1	153.05	153.05	1.3475	
578	1	153.09	153.09	1.3819	
579	1	153.4	153.4	1.1	
580	1	153.5	153.5	1.11	
581	1	153.6	153.6	1.2	
582	1	153.96	153.96	0.9784	
583	1	154.15	154.15	1.1075	
584	1	154.32	154.32	1.2176	
585	1	154.49	154.49	1.6699	
586	1	155.18	155.18	2.1676	
587	1	156.01	156.01	3.3499	
588	1	156.62	156.62	4.3156	
589	1	157.3	157.3	4.61	
590	1	157.74	157.74	4.6924	
591	1	157.96	157.96	4.9984	
592	1	158.32	158.32	4.8376	
593	1	158.86	158.86	6.0804	
594	1	160.1	160.1	5.93	
595	1	160.61	160.61	5.2779	
596	1	160.95	160.95	5.3875	
597	1	161.27	161.27	5.3171	
598	1	161.58	161.58	4.6436	
599	1	161.83	161.83	4.7011	
600	1	162.37	162.37	6.1331	
601	1	163.18	163.18	7.9876	
602	1	164.15	164.15	9.7475	
603	1	165.23	165.23	11.6571	
604	1	166.25	166.25	14.8075	
605	1	166.62	166.62	15.5156	
606	1	166.91	166.91	15.8019	
607	1	167.37	167.37	13.2331	
608	1	167.55	167.55	13.1275	
609	1	168.06	168.06	14.2364	
610	1	168.95	168.95	15.3875	
611	1	169.65	169.65	14.9675	
612	1	170.16	170.16	14.0144	
613	1	170.51	170.51	13.1699	
614	1	170.73	170.73	12.5571	
615	1	171.1	171.1	13.65	
616	1	171.47	171.47	14.1491	
617	1	171.58	171.58	14.4236	
618	1	171.82	171.82	14.8076	
619	1	171.96	171.96	15.2384	
620	1	172.56	172.56	11.4464	
621	1	172.91	172.91	9.7819	
622	1	173.47	173.47	6.4891	
623	1	173.75	173.75	6.7875	
624	1	174.28	174.28	7.9816	
625	1	175.1	175.1	10.65	
626	1	175.72	175.72	12.4616	
627	1	175.97	175.97	12.8091	
628	1	176.13	176.13	12.7331	
629	1	176.18	176.18	13.1076	
630	1	176.28	176.28	13.1816	
631	1	176.32	176.32	13.3576	
632	1	176.77	176.77	14.2571	
633	1	177.29	177.29	15.9259	
634	1	177.65	177.65	16.5275	
635	1	178.21	178.21	17.3259	
636	1	178.52	178.52	18.6096	
637	1	178.82	178.82	17.6076	
638	1	178.89	178.89	17.6979	
639	1	179.17	179.17	16.8011	
640	1	179.99	179.99	7.4099	
641	1	180.17	180.17	6.6011	
642	1	180.34	180.34	6.8044	
643	1	180.57	180.57	6.7051	
644	1	180.69	180.69	6.8539	
645	1	180.9	180.9	7.21	
646	1	180.98	180.98	7.2196	
647	1	181.3	181.3	7.79	
648	1	181.6	181.6	8.38	
649	1	181.76	181.76	7.9224	
650	1	181.75	181.75	7.7875	
651	1	181.96	181.96	8.3184	
652	1	182.28	182.28	8.6816	
653	1	183.03	183.03	6.5091	
654	1	183.56	183.56	6.3864	
655	1	183.75	183.75	6.2675	
656	1	184.32	184.32	2.0776	
657	1	184.51	184.51	1.0899	
658	1	184.76	184.76	1.1824	
659	1	184.86	184.86	1.3404	
660	1	185.12	185.12	1.4056	
661	1	185.33	185.33	1.2011	
662	1	185.61	185.61	1.6179	
663	1	186.09	186.09	2.8019	
664	1	186.55	186.55	3.4675	
665	1	186.66	186.66	3.8044	
666	1	186.84	186.84	3.7544	
667	1	187.1	187.1	4.39	
668	1	187.31	187.31	4.7939	
669	1	187.4	187.4	5	
670	1	187.51	187.51	5.3499	
671	1	187.61	187.61	5.1579	
672	1	187.65	187.65	5.2475	
673	1	187.72	187.72	5.5016	
674	1	187.85	187.85	5.9475	
675	1	187.96	187.96	6.5984	
676	1	188.24	188.24	6.5224	
677	1	188.48	188.48	6.5096	
678	1	188.6	188.6	6.58	
679	1	188.9	188.9	5.91	
680	1	189.28	189.28	5.7616	
681	1	189.51	189.51	5.5299	
682	1	189.76	189.76	5.3424	
683	1	190	190	5.94	
684	1	190.2	190.2	6.5	
685	1	190.53	190.53	7.3491	
686	1	190.71	190.71	7.7259	
687	1	191.13	191.13	9.1531	
688	1	191.67	191.67	9.2411	
689	1	192.23	192.23	8.2771	
690	1	192.38	192.38	8.8156	
691	1	192.61	192.61	8.9979	
692	1	193.03	193.03	6.8291	
693	1	193.32	193.32	5.6176	
694	1	193.48	193.48	5.9096	
695	1	193.74	193.74	5.4924	
696	1	193.87	193.87	5.6531	
697	1	194.03	194.03	4.8691	
698	1	194.04	194.04	4.8784	
699	1	194.06	194.06	4.8964	
700	1	194.27	194.27	3.5371	
701	1	194.51	194.51	2.5299	
702	1	194.86	194.86	1.6404	
703	1	195.15	195.15	2.0475	
704	1	195.45	195.45	1.1075	
705	1	195.94	195.94	1.4564	
706	1	196.44	196.44	0.9064	
707	1	196.44	196.44	0.8664	
708	1	196.59	196.59	0.7619	
709	1	196.69	196.69	0.8339	
710	1	197.06	197.06	1.3764	
711	1	197.47	197.47	1.8291	
712	1	197.84	197.84	2.2144	
713	1	198	198	2.6	
714	1	198.8	198.8	3.78	
715	1	199.04	199.04	3.7984	
716	1	199.67	199.67	4.4011	
717	1	200.02	200.02	4.8996	
718	1	200.1	200.1	4.99	
719	1	200.29	200.29	5.2859	
720	1	200.6	200.6	4.94	
721	1	200.84	200.84	4.5344	
722	1	200.99	200.99	4.7099	
723	1	201.41	201.41	5.5219	
724	1	202.35	202.35	6.4875	
725	1	203.01	203.01	7.7299	
726	1	203.48	203.48	7.4096	
727	1	203.59	203.59	7.6219	
728	1	203.82	203.82	8.2476	
729	1	204.11	204.11	8.5379	
730	1	204.27	204.27	8.8171	
731	1	204.35	204.35	8.9075	
732	1	204.47	204.47	9.2491	
733	1	205	205	8.28	
734	1	205.32	205.32	8.7176	
735	1	205.55	205.55	8.3075	
736	1	205.97	205.97	9.3891	
737	1	206.12	206.12	9.8056	
738	1	206.21	206.21	10.0259	
739	1	206.35	206.35	10.3875	
740	1	206.64	206.64	9.9104	
741	1	207.09	207.09	9.9019	
742	1	207.57	207.57	10.1251	
743	1	207.76	207.76	10.3624	
744	1	208.1	208.1	9.53	
745	1	208.61	208.61	7.2179	
746	1	208.97	208.97	6.7091	
747	1	209.17	209.17	6.8611	
748	1	209.57	209.57	4.5651	
749	1	209.88	209.88	5.2256	
750	1	210.47	210.47	5.3091	
751	1	211.07	211.07	6.4051	
752	1	211.36	211.36	6.7504	
753	1	211.54	211.54	6.9684	
754	1	211.86	211.86	6.8004	
755	1	212.03	212.03	7.0091	
756	1	212.38	212.38	7.6356	
757	1	212.85	212.85	7.7475	
758	1	213.3	213.3	8.57	
759	1	213.62	213.62	7.4156	
760	1	213.84	213.84	7.6944	
761	1	214.18	214.18	8.1676	
762	1	214.44	214.44	8.6064	
763	1	214.79	214.79	6.5259	
764	1	214.89	214.89	6.4179	
765	1	215	215	6.18	
766	1	215.02	215.02	6.1596	
767	1	215.09	215.09	6.3219	
768	1	215.17	215.17	6.1211	
769	1	215.32	215.32	4.0976	
770	1	215.43	215.43	4.1851	
771	1	215.73	215.73	1.7971	
772	1	216.01	216.01	1.9499	
773	1	216.25	216.25	1.9675	
774	1	216.44	216.44	2.0264	
775	1	216.56	216.56	1.6264	
776	1	216.6	216.6	1.7	
777	1	216.63	216.63	1.9131	
778	1	216.73	216.73	1.9971	
779	1	217.04	217.04	2.1784	
780	1	217.17	217.17	2.2811	
781	1	217.22	217.22	2.2916	
782	1	217.33	217.33	2.3411	
783	1	217.57	217.57	2.9051	
784	1	217.81	217.81	3.0339	
785	1	218.02	218.02	2.9396	
786	1	218.07	218.07	3.0651	
787	1	218.33	218.33	3.0611	
788	1	218.47	218.47	3.1891	
789	1	218.85	218.85	3.1675	
790	1	219.36	219.36	3.2904	
791	1	219.4	219.4	3.46	
792	1	219.63	219.63	3.5531	
793	1	219.95	219.95	2.7075	
794	1	220.22	220.22	2.9716	
795	1	220.53	220.53	3.3291	
796	1	220.96	220.96	4.3184	
797	1	221.39	221.39	3.7379	
798	1	222.02	222.02	5.1796	
799	1	222.24	222.24	5.5824	
800	1	222.3	222.3	5.91	
801	1	222.52	222.52	5.9096	
802	1	222.61	222.61	5.6379	
803	1	222.69	222.69	5.3139	
804	1	222.86	222.86	5.4804	
805	1	223.18	223.18	6.1476	
806	1	223.22	223.22	6.2316	
807	1	223.35	223.35	6.5675	
808	1	223.47	223.47	6.5091	
809	1	223.59	223.59	6.5019	
810	1	223.64	223.64	6.5904	
811	1	224.13	224.13	5.4131	
812	1	224.4	224.4	5.02	
813	1	224.71	224.71	5.5459	
814	1	225.12	225.12	6.1856	
815	1	225.68	225.68	8.0376	
816	1	226.24	226.24	9.8024	
817	1	226.82	226.82	9.8676	
818	1	227.07	227.07	10.3851	
819	1	227.4	227.4	9.74	
820	1	227.77	227.77	9.8371	
821	1	228.01	228.01	10.7899	
822	1	228.53	228.53	12.7691	
823	1	229.17	229.17	13.4811	
824	1	229.94	229.94	10.5764	
825	1	230.53	230.53	9.7691	
826	1	230.87	230.87	10.6931	
827	1	231.18	231.18	10.8276	
828	1	231.27	231.27	11.1171	
829	1	231.52	231.52	11.0696	
830	1	231.87	231.87	11.4531	
831	1	232.12	232.12	11.3856	
832	1	232.24	232.24	11.7024	
833	1	232.3	232.3	12.19	
834	1	232.46	232.46	12.6284	
835	1	232.88	232.88	11.1856	
836	1	233	233	11.36	
837	1	233.18	233.18	11.7476	
838	1	233.24	233.24	11.9024	
839	1	233.4	233.4	11.2	
840	1	234.05	234.05	8.0075	
841	1	234.44	234.44	8.1664	
842	1	234.52	234.52	8.3096	
843	1	234.63	234.63	8.5331	
844	1	234.97	234.97	7.3491	
845	1	235.04	235.04	7.5384	
846	1	235.38	235.38	4.9556	
847	1	236	236	6.74	
848	1	236.75	236.75	8.4075	
849	1	237.01	237.01	9.0299	
850	1	237.42	237.42	8.9636	
851	1	237.7	237.7	8.05	
852	1	237.95	237.95	7.8075	
853	1	238.53	238.53	5.1491	
854	1	238.81	238.81	4.9939	
855	1	239.14	239.14	3.0604	
856	1	239.28	239.28	3.0616	
857	1	239.54	239.54	2.3484	
858	1	240.04	240.04	1.4784	
859	1	240.28	240.28	1.5016	
860	1	240.42	240.42	1.1036	
861	1	240.52	240.52	0.6696	
862	1	240.47	240.47	0.6691	
863	1	240.56	240.56	0.7264	
864	1	240.58	240.58	0.7636	
865	1	240.73	240.73	0.8971	
866	1	240.98	240.98	0.9596	
867	1	241.09	241.09	1.0619	
868	1	241.35	241.35	0.9075	
869	1	241.39	241.39	0.8179	
870	1	241.38	241.38	0.8756	
871	1	241.37	241.37	1.0731	
872	1	241.67	241.67	1.2011	
873	1	241.87	241.87	1.6531	
874	1	242.25	242.25	2.1275	
875	1	242.69	242.69	2.5939	
876	1	242.98	242.98	2.8596	
877	1	243.16	243.16	3.0744	
878	1	243.52	243.52	3.8096	
879	1	243.81	243.81	4.0739	
880	1	243.9	243.9	4.41	
881	1	244.32	244.32	5.1976	
882	1	244.48	244.48	5.3696	
883	1	244.58	244.58	5.4436	
884	1	245.01	245.01	4.2699	
885	1	245.26	245.26	3.9324	
886	1	245.51	245.51	3.7899	
887	1	245.88	245.88	3.7056	
888	1	246.06	246.06	3.4964	
889	1	246.14	246.14	3.2204	
890	1	246.35	246.35	2.8875	
891	1	246.52	246.52	2.7496	
892	1	246.81	246.81	3.1139	
893	1	247.01	247.01	3.4499	
894	1	247.22	247.22	3.6716	
895	1	247.49	247.49	4.0099	
896	1	247.67	247.67	4.2411	
897	1	247.88	247.88	4.4456	
898	1	248.12	248.12	4.9056	
899	1	248.35	248.35	5.2875	
900	1	248.7	248.7	6.19	
901	1	249.16	249.16	7.1944	
902	1	249.59	249.59	8.5419	
903	1	250.78	250.78	13.5516	
904	1	251.52	251.52	15.1096	
905	1	251.68	251.68	15.3376	
906	1	252.02	252.02	15.2996	
907	1	252.14	252.14	16.3204	
908	1	252.6	252.6	16.22	
909	1	252.78	252.78	17.3116	
910	1	252.95	252.95	18.1075	
911	1	253.27	253.27	18.7571	
912	1	253.59	253.59	18.7619	
913	1	253.79	253.79	18.7859	
914	1	254.17	254.17	20.8611	
915	1	254.64	254.64	22.4704	
916	1	255.18	255.18	23.1476	
917	1	255.51	255.51	23.3299	
918	1	255.73	255.73	22.5371	
919	1	255.8	255.8	22.9	
920	1	255.84	255.84	22.4744	
921	1	256.11	256.11	23.9779	
922	1	257.37	257.37	25.7931	
923	1	258.12	258.12	27.2256	
924	1	258.44	258.44	28.5064	
925	1	258.95	258.95	30.3675	
926	1	259.16	259.16	30.7744	
927	1	259.36	259.36	30.1704	
928	1	259.59	259.59	29.6819	
929	1	259.92	259.92	26.5736	
930	1	260.39	260.39	23.2379	
931	1	260.72	260.72	23.3016	
932	1	260.97	260.97	24.0891	
933	1	261.79	261.79	22.5459	
934	1	262.28	262.28	24.4616	
935	1	262.68	262.68	25.7376	
936	1	262.88	262.88	26.2256	
937	1	262.99	262.99	26.6099	
938	1	263.37	263.37	27.8531	
939	1	263.76	263.76	29.8224	
940	1	264.36	264.36	31.0504	
941	1	264.58	264.58	31.0636	
942	1	265.01	265.01	30.7699	
943	1	265.62	265.62	32.6956	
944	1	266.14	266.14	30.1804	
945	1	266.41	266.41	31.2619	
946	1	266.59	266.59	31.8019	
947	1	266.86	266.86	33.0404	
948	1	267.58	267.58	27.9436	
949	1	268.13	268.13	29.9731	
950	1	268.3	268.3	30.59	
951	1	268.55	268.55	31.2075	
952	1	268.92	268.92	29.2936	
953	1	269.2	269.2	28.54	
954	1	270.23	270.23	33.7571	
955	1	270.86	270.86	35.5604	
956	1	271.15	271.15	36.3475	
957	1	271.25	271.25	36.8075	
958	1	271.46	271.46	36.6084	
959	1	271.75	271.75	38.3875	
960	1	272.09	272.09	39.6619	
961	1	272.29	272.29	40.7059	
962	1	272.74	272.74	43.2124	
963	1	272.89	272.89	44.0179	
964	1	273.1	273.1	43.57	
965	1	273.57	273.57	41.2451	
966	1	274.28	274.28	32.8816	
967	1	274.44	274.44	31.6264	
968	1	274.84	274.84	27.8744	
969	1	275.44	275.44	13.9664	
970	1	275.6	275.6	12.34	
971	1	276.01	276.01	0.0099	
972	1	276.01	276.01	0.0099	
973	1	276.01	276.01	0.0099	
974	1	276.06	276.06	0.0564	
975	1	276.17	276.17	0.1411	
976	1	276.23	276.23	0.1771	
977	1	276.23	276.23	0.1771	
978	1	276.31	276.31	0.2139	
979	1	276.5	276.5	0.25	
980	1	276.65	276.65	0.2275	
981	1	276.78	276.78	0.4316	
982	1	277.54	277.54	1.6684	
983	1	278.23	278.23	2.3771	
984	1	278.76	278.76	2.5424	
985	1	278.96	278.96	2.5584	
986	1	279.15	279.15	2.4675	
987	1	279.07	279.07	2.6451	
988	1	279.11	279.11	2.7779	
989	1	279.31	279.31	2.5539	
990	1	279.3	279.3	2.21	
991	1	279.58	279.58	1.6436	
992	1	279.61	279.61	1.4179	
993	1	279.76	279.76	1.3224	
994	1	280.08	280.08	1.6536	
995	1	280.33	280.33	2.0211	
996	1	280.72	280.72	2.6816	
997	1	281.08	281.08	2.9736	
998	1	281.34	281.34	3.6044	
999	1	281.68	281.68	3.9176	
1000	1	281.92	281.92	3.9336	
1001	1	281.98	281.98	3.9396	
1002	1	282.29	282.29	2.6259	
1003	1	282.47	282.47	1.6291	
1004	1	282.59	282.59	1.4419	
1005	1	282.66	282.66	1.5644	
1006	1	282.67	282.67	1.7211	
1007	1	282.97	282.97	0.6291	
1008	1	283.19	283.19	0.6739	
1009	1	283.31	283.31	0.6939	
1010	1	283.53	283.53	0.8691	
1011	1	283.91	283.91	1.5619	
1012	1	284.47	284.47	2.3291	
1013	1	284.81	284.81	2.6739	
1014	1	285.13	285.13	2.6131	
1015	1	285.34	285.34	3.0444	
1016	1	285.57	285.57	3.2651	
1017	1	285.88	285.88	2.8856	
1018	1	286.24	286.24	2.2624	
1019	1	286.33	286.33	2.0611	
1020	1	286.39	286.39	2.0179	
1021	1	286.7	286.7	1.51	
1022	1	286.89	286.89	1.6779	
1023	1	287.15	287.15	1.8675	
1024	1	287.52	287.52	1.6496	
1025	1	287.68	287.68	1.9176	
1026	1	288.11	288.11	2.5779	
1027	1	288.49	288.49	3.1899	
1028	1	288.67	288.67	3.4611	
1029	1	288.85	288.85	3.5475	
1030	1	289.09	289.09	3.7219	
1031	1	289.29	289.29	4.2459	
1032	1	289.62	289.62	4.2756	
1033	1	289.77	289.77	4.0971	
1034	1	290.17	290.17	2.9611	
1035	1	290.68	290.68	2.2376	
1036	1	290.96	290.96	2.2984	
1037	1	291.09	291.09	2.4619	
1038	1	291.41	291.41	2.0819	
1039	1	291.7	291.7	1.99	
1040	1	292.09	292.09	2.3619	
1041	1	292.47	292.47	2.6691	
1042	1	292.75	292.75	2.7275	
1043	1	293	293	2.52	
1044	1	293.16	293.16	2.4744	
1045	1	293.3	293.3	2.43	
1046	1	293.43	293.43	2.0251	
1047	1	293.58	293.58	2.0636	
1048	1	293.88	293.88	2.4856	
1049	1	294.29	294.29	2.1459	
1050	1	294.81	294.81	2.6139	
1051	1	294.98	294.98	2.6596	
1052	1	295.16	295.16	2.7744	
1053	1	295.41	295.41	2.6419	
1054	1	295.74	295.74	3.0324	
1055	1	295.93	295.93	3.2851	
1056	1	296.11	296.11	3.5379	
1057	1	296.35	296.35	4.0675	
1058	1	296.36	296.36	4.0904	
1059	1	296.5	296.5	4.11	
1060	1	296.61	296.61	4.3779	
1061	1	296.78	296.78	4.4116	
1062	1	296.9	296.9	4.25	
1063	1	297.09	297.09	4.2219	
1064	1	297.23	297.23	4.2971	
1065	1	297.35	297.35	4.5275	
1066	1	297.47	297.47	4.7291	
1067	1	297.59	297.59	5.1019	
1068	1	298.18	298.18	4.9876	
1069	1	298.38	298.38	3.9756	
1070	1	298.88	298.88	4.0456	
1071	1	299.07	299.07	3.9051	
1072	1	299.43	299.43	3.8251	
1073	1	299.67	299.67	3.7011	
1074	1	299.81	299.81	3.4339	
1075	1	300.07	300.07	2.9251	
1076	1	300.23	300.23	2.4571	
1077	1	300.36	300.36	2.1504	
1078	1	300.43	300.43	2.0251	
1079	1	300.51	300.51	2.0099	
1080	1	300.67	300.67	1.1811	
1081	1	300.73	300.73	1.2171	
1082	1	300.95	300.95	1.4275	
1083	1	301.23	301.23	1.6171	
1084	1	301.71	301.71	2.3259	
1085	1	302.15	302.15	3.0075	
1086	1	302.54	302.54	3.5084	
1087	1	302.84	302.84	3.4744	
1088	1	303.15	303.15	2.5075	
1089	1	303.29	303.29	2.2859	
1090	1	303.51	303.51	2.3699	
1091	1	303.51	303.51	2.3299	
1092	1	303.66	303.66	2.6044	
1093	1	303.8	303.8	2.92	
1094	1	304.18	304.18	2.9676	
1095	1	304.31	304.31	3.2139	
1096	1	304.53	304.53	3.3891	
1097	1	304.88	304.88	3.4856	
1098	1	304.99	304.99	3.2299	
1099	1	305.23	305.23	3.3971	
1100	1	305.59	305.59	3.5819	
1101	1	306.01	306.01	4.5499	
1102	1	306.28	306.28	4.5016	
1103	1	306.97	306.97	5.3691	
1104	1	307.37	307.37	6.1331	
1105	1	307.86	307.86	6.1804	
1106	1	308.18	308.18	5.6476	
1107	1	308.6	308.6	4.7	
1108	1	308.88	308.88	5.0656	
1109	1	309.33	309.33	5.4411	
1110	1	309.52	309.52	5.7896	
1111	1	309.64	309.64	5.7104	
1112	1	309.92	309.92	6.1736	
1113	1	310.25	310.25	5.7075	
1114	1	310.53	310.53	5.7291	
1115	1	311.26	311.26	5.3524	
1116	1	311.74	311.74	5.3124	
1117	1	312.17	312.17	3.1211	
1118	1	312.37	312.37	2.3531	
1119	1	312.52	312.52	2.1096	
1120	1	312.65	312.65	2.1875	
1121	1	312.86	312.86	2.3804	
1122	1	313.01	313.01	2.6299	
1123	1	313.39	313.39	2.0179	
1124	1	313.7	313.7	2.33	
1125	1	313.94	313.94	2.5564	
1126	1	314.3	314.3	1.93	
1127	1	314.77	314.77	2.5371	
1128	1	315.15	315.15	3.1275	
1129	1	315.53	315.53	3.8691	
1130	1	315.89	315.89	4.1779	
1131	1	316.26	316.26	4.3324	
1132	1	316.64	316.64	4.6304	
1133	1	317.08	317.08	4.4536	
1134	1	317.12	317.12	4.5256	
1135	1	317.35	317.35	4.7875	
1136	1	317.43	317.43	4.4451	
1137	1	317.76	317.76	4.7424	
1138	1	318	318	5.22	
1139	1	318.32	318.32	5.9376	
1140	1	318.93	318.93	6.4451	
1141	1	319.28	319.28	6.5816	
1142	1	319.98	319.98	6.4996	
1143	1	320.34	320.34	7.4644	
1144	1	321.17	321.17	6.0411	
1145	1	321.54	321.54	5.2484	
1146	1	321.86	321.86	5.3404	
1147	1	322.11	322.11	5.3379	
1148	1	322.56	322.56	4.8664	
1149	1	322.79	322.79	4.7859	
1150	1	322.83	322.83	4.9211	
1151	1	323	323	4.94	
1152	1	323.2	323.2	4.9	
1153	1	323.44	323.44	4.5664	
1154	1	323.63	323.63	4.9731	
1155	1	323.97	323.97	4.5291	
1156	1	324.17	324.17	4.1011	
1157	1	324.9	324.9	6.01	
1158	1	326.22	326.22	5.5916	
1159	1	326.96	326.96	5.9784	
1160	1	327.26	327.26	6.1124	
1161	1	327.6	327.6	5.72	
1162	1	327.79	327.79	5.3859	
1163	1	327.98	327.98	5.0196	
1164	1	328.16	328.16	3.7544	
1165	1	328.3	328.3	3.21	
1166	1	328.36	328.36	3.0504	
1167	1	328.48	328.48	2.1896	
1168	1	328.68	328.68	1.6976	
1169	1	328.76	328.76	1.8424	
1170	1	329.19	329.19	2.4339	
1171	1	329.66	329.66	2.9844	
1172	1	329.82	329.82	2.8276	
1173	1	329.99	329.99	2.9299	
1174	1	330.21	330.21	2.5259	
1175	1	330.34	330.34	2.0444	
1176	1	330.62	330.62	1.7356	
1177	1	330.6	330.6	1.88	
1178	1	331.05	331.05	1.6875	
1179	1	331.24	331.24	2.0224	
1180	1	331.67	331.67	2.0811	
1181	1	331.9	331.9	2.53	
1182	1	332.37	332.37	2.8931	
1183	1	332.75	332.75	3.3475	
1184	1	333.23	333.23	3.9571	
1185	1	333.69	333.69	4.3339	
1186	1	334.03	334.03	5.0291	
1187	1	334.45	334.45	5.6475	
1188	1	334.8	334.8	6.46	
1189	1	335.25	335.25	6.9275	
1190	1	335.39	335.39	7.2379	
1191	1	335.6	335.6	7.18	
1192	1	335.65	335.65	7.0875	
1193	1	335.79	335.79	6.5859	
1194	1	335.94	335.94	6.1564	
1195	1	336.26	336.26	5.4724	
1196	1	336.5	336.5	5.49	
1197	1	336.86	336.86	4.3804	
1198	1	337.42	337.42	4.5236	
1199	1	338.13	338.13	3.8531	
1200	1	338.73	338.73	3.0371	
1201	1	339.03	339.03	2.3291	
1202	1	339.02	339.02	2.4196	
1203	1	339.28	339.28	2.3216	
1204	1	339.63	339.63	2.3331	
1205	1	339.86	339.86	2.4604	
1206	1	340.03	340.03	2.2291	
1207	1	340.16	340.16	2.3944	
1208	1	340.39	340.39	2.9379	
1209	1	341.05	341.05	3.4475	
1210	1	341.43	341.43	4.0051	
1211	1	341.81	341.81	3.5539	
1212	1	342.21	342.21	2.5459	
1213	1	342.39	342.39	2.9179	
1214	1	342.77	342.77	2.6371	
1215	1	342.82	342.82	2.7076	
1216	1	343.03	343.03	3.0091	
1217	1	343.41	343.41	3.6019	
1218	1	343.58	343.58	3.6636	
1219	1	343.78	343.78	4.0316	
1220	1	344.09	344.09	4.8219	
1221	1	344.42	344.42	4.8036	
1222	1	344.47	344.47	5.1091	
1223	1	344.87	344.87	3.8331	
1224	1	345.06	345.06	4.2964	
1225	1	345.26	345.26	4.3924	
1226	1	345.42	345.42	4.4236	
1227	1	345.68	345.68	4.6576	
1228	1	345.82	345.82	4.8876	
1229	1	345.96	345.96	4.8984	
1230	1	346.12	346.12	5.3256	
1231	1	346.38	346.38	5.9556	
1232	1	346.5	346.5	6.19	
1233	1	346.54	346.54	5.8284	
1234	1	346.74	346.74	6.2924	
1235	1	346.85	346.85	6.7075	
1236	1	347.11	347.11	6.6379	
1237	1	347.39	347.39	5.6579	
1238	1	347.85	347.85	4.8875	
1239	1	348.11	348.11	4.8779	
1240	1	348.47	348.47	4.5491	
1241	1	349.01	349.01	4.8899	
1242	1	349.52	349.52	6.1496	
1243	1	350.27	350.27	6.6171	
1244	1	350.65	350.65	6.8475	
1245	1	351.16	351.16	7.1544	
1246	1	351.37	351.37	7.7331	
1247	1	351.63	351.63	7.3331	
1248	1	351.98	351.98	6.2996	
1249	1	352.2	352.2	7	
1250	1	352.71	352.71	7.3259	
1251	1	353.57	353.57	9.3051	
1252	1	354.05	354.05	9.8075	
1253	1	354.27	354.27	9.3171	
1254	1	354.61	354.61	8.4779	
1255	1	354.9	354.9	7.41	
1256	1	355.22	355.22	6.2716	
1257	1	355.49	355.49	6.9099	
1258	1	355.76	355.76	7.7024	
1259	1	356.26	356.26	7.8124	
1260	1	357.21	357.21	6.8859	
1261	1	357.84	357.84	8.1344	
1262	1	358.17	358.17	8.8411	
1263	1	358.46	358.46	8.1884	
1264	1	358.51	358.51	8.0499	
1265	1	358.8	358.8	7.12	
1266	1	358.81	358.81	7.0539	
1267	1	358.86	358.86	7.1204	
1268	1	358.92	358.92	7.5136	
1269	1	359.2	359.2	6.72	
1270	1	359.59	359.59	6.2619	
1271	1	359.87	359.87	5.4331	
1272	1	360.22	360.22	6.6316	
1273	1	360.73	360.73	8.0371	
1274	1	361.39	361.39	5.1979	
1275	1	361.72	361.72	4.8616	
1276	1	361.74	361.74	4.6324	
1277	1	361.84	361.84	4.6544	
1278	1	361.9	361.9	4.55	
1279	1	361.89	361.89	4.6779	
1280	1	362.07	362.07	4.8651	
1281	1	362.23	362.23	5.1971	
1282	1	362.45	362.45	5.7475	
1283	1	362.71	362.71	6.4259	
1284	1	362.98	362.98	6.8596	
1285	1	363.28	363.28	7.5016	
1286	1	363.48	363.48	7.6296	
1287	1	363.64	363.64	8.1704	
1288	1	364.01	364.01	8.6099	
1289	1	364.32	364.32	7.8376	
1290	1	364.69	364.69	7.2539	
1291	1	364.81	364.81	7.5139	
1292	1	365.78	365.78	6.7716	
1293	1	366.66	366.66	8.9044	
1294	1	367.25	367.25	10.5475	
1295	1	367.66	367.66	11.7244	
1296	1	367.88	367.88	12.3456	
1297	1	367.99	367.99	12.3899	
1298	1	368.08	368.08	12.5336	
1299	1	368.25	368.25	13.0475	
1300	1	368.61	368.61	12.9779	
1301	1	368.7	368.7	13.57	
1302	1	369	369	13.18	
1303	1	369.46	369.46	9.4684	
1304	1	369.7	369.7	7.71	
1305	1	370.02	370.02	6.4796	
1306	1	370.43	370.43	6.6251	
1307	1	370.64	370.64	6.8504	
1308	1	370.79	370.79	6.5059	
1309	1	370.87	370.87	6.6131	
1310	1	370.94	370.94	6.6964	
1311	1	370.98	370.98	6.8196	
1312	1	371.12	371.12	6.8456	
1313	1	371.71	371.71	5.0059	
1314	1	372.27	372.27	1.9171	
1315	1	372.4	372.4	1.56	
1316	1	372.48	372.48	1.8696	
1317	1	372.76	372.76	1.7824	
1318	1	372.97	372.97	1.9491	
1319	1	373.09	373.09	1.8819	
1320	1	373.29	373.29	1.7259	
1321	1	373.5	373.5	1.03	
1322	1	373.57	373.57	0.8851	
1323	1	373.6	373.6	0.8	
1324	1	373.64	373.64	0.6704	
1325	1	373.69	373.69	0.5339	
1326	1	373.73	373.73	0.4971	
1327	1	373.79	373.79	0.4059	
1328	1	373.88	373.88	0.2256	
1329	1	373.93	373.93	0.2251	
1330	1	374.1	374.1	0.35	
1331	1	374.21	374.21	0.5859	
1332	1	374.49	374.49	0.6899	
1333	1	374.7	374.7	0.93	
1334	1	374.88	374.88	1.0656	
1335	1	375.24	375.24	1.1424	
1336	1	375.38	375.38	1.1956	
1337	1	375.49	375.49	1.2499	
1338	1	375.58	375.58	1.5436	
1339	1	375.86	375.86	1.9004	
1340	1	376.45	376.45	3.1475	
1341	1	377.61	377.61	5.1379	
1342	1	378.31	378.31	4.6339	
1343	1	378.68	378.68	4.7776	
1344	1	378.7	378.7	4.43	
1345	1	379	379	4.42	
1346	1	379.16	379.16	4.8344	
1347	1	379.43	379.43	5.4251	
1348	1	379.65	379.65	4.9875	
1349	1	379.9	379.9	4.63	
1350	1	380.01	380.01	4.9699	
1351	1	380.28	380.28	5.6416	
1352	1	380.39	380.39	5.8179	
1353	1	380.61	380.61	5.4379	
1354	1	380.83	380.83	5.4211	
1355	1	380.81	380.81	5.5539	
1356	1	380.83	380.83	5.4411	
1357	1	380.84	380.84	5.4544	
1358	1	380.95	380.95	4.9675	
1359	1	381.06	381.06	4.5164	
1360	1	381.11	381.11	4.1179	
1361	1	381.14	381.14	4.3204	
1362	1	381.54	381.54	3.8884	
1363	1	381.57	381.57	3.9451	
1364	1	381.77	381.77	4.2771	
1365	1	381.86	381.86	4.5404	
1366	1	381.87	381.87	4.0331	
1367	1	382.14	382.14	4.3804	
1368	1	382.31	382.31	4.7139	
1369	1	382.36	382.36	4.8704	
1370	1	382.43	382.43	4.9451	
1371	1	382.67	382.67	5.5211	
1372	1	382.93	382.93	5.7051	
1373	1	383.02	383.02	5.9396	
1374	1	383.48	383.48	6.2296	
1375	1	383.6	383.6	6.3	
1376	1	383.95	383.95	4.9875	
1377	1	384.12	384.12	3.9456	
1378	1	384.42	384.42	2.1836	
1379	1	384.41	384.41	2.1819	
1380	1	384.64	384.64	1.5504	
1381	1	384.58	384.58	1.7636	
1382	1	384.76	384.76	1.4224	
1383	1	384.92	384.92	1.2136	
1384	1	385.06	385.06	1.3764	
1385	1	385.24	385.24	1.5224	
1386	1	385.36	385.36	1.6904	
1387	1	385.5	385.5	1.89	
1388	1	385.57	385.57	1.9251	
1389	1	385.72	385.72	2.2216	
1390	1	385.92	385.92	2.3336	
1391	1	386.1	386.1	2.33	
1392	1	386.23	386.23	2.2371	
1393	1	386.27	386.27	2.2171	
1394	1	386.3	386.3	2.23	
1395	1	386.27	386.27	2.2371	
1396	1	386.23	386.23	2.2571	
1397	1	386.25	386.25	2.3475	
1398	1	386.39	386.39	2.4179	
1399	1	386.53	386.53	2.7691	
1400	1	386.94	386.94	3.8564	
1401	1	387.34	387.34	4.5044	
1402	1	387.47	387.47	4.5091	
1403	1	387.69	387.69	5.0539	
1404	1	388.05	388.05	5.2875	
1405	1	388.32	388.32	4.7176	
1406	1	388.66	388.66	3.4044	
1407	1	388.8	388.8	3.62	
1408	1	388.9	388.9	3.37	
1409	1	389.01	389.01	3.2499	
1410	1	389.07	389.07	3.2051	
1411	1	389.24	389.24	3.0624	
1412	1	389.41	389.41	2.6019	
1413	1	389.76	389.76	2.4024	
1414	1	389.93	389.93	2.5851	
1415	1	390.26	390.26	2.1324	
1416	1	390.39	390.39	1.8579	
1417	1	390.47	390.47	1.7491	
1418	1	390.79	390.79	1.2859	
1419	1	391.03	391.03	1.1091	
1420	1	391.34	391.34	0.6644	
1421	1	391.54	391.54	0.4684	
1422	1	391.61	391.61	0.4579	
1423	1	391.75	391.75	0.4675	
1424	1	391.95	391.95	0.5675	
1425	1	392.12	392.12	0.7256	
1426	1	392.09	392.09	0.7419	
1427	1	392.32	392.32	0.7176	
1428	1	392.41	392.41	0.7619	
1429	1	392.55	392.55	0.8675	
1430	1	392.65	392.65	0.7475	
1431	1	392.74	392.74	1.0924	
1432	1	392.9	392.9	1.31	
1433	1	393.03	393.03	1.3091	
1434	1	393.07	393.07	1.3451	
1435	1	393.18	393.18	1.4076	
1436	1	393.22	393.22	1.4516	
1437	1	393.36	393.36	1.3504	
1438	1	393.45	393.45	1.5875	
1439	1	393.66	393.66	2.0444	
1440	1	394.01	394.01	2.4099	
1441	1	394.33	394.33	2.8811	
1442	1	394.52	394.52	2.8896	
1443	1	394.7	394.7	3.07	
1444	1	395.01	395.01	3.3099	
1445	1	395.31	395.31	3.5939	
1446	1	395.7	395.7	3.77	
1447	1	396.08	396.08	3.4536	
1448	1	396.15	396.15	3.5675	
1449	1	396.55	396.55	3.6675	
1450	1	396.8	396.8	3.98	
1451	1	397.12	397.12	3.8256	
1452	1	397.72	397.72	5.2216	
1453	1	398.12	398.12	5.8456	
1454	1	398.42	398.42	6.7436	
1455	1	398.96	398.96	7.5384	
1456	1	399.24	399.24	8.0024	
1457	1	399.57	399.57	7.5251	
1458	1	399.63	399.63	7.5931	
1459	1	399.83	399.83	5.7811	
1460	1	399.95	399.95	5.4675	
1461	1	400.17	400.17	4.5411	
1462	1	400.22	400.22	4.4716	
1463	1	400.42	400.42	3.0636	
1464	1	400.68	400.68	2.2176	
1465	1	400.95	400.95	2.4275	
1466	1	401.26	401.26	2.4724	
1467	1	401.78	401.78	2.9716	
1468	1	402.05	402.05	3.1275	
1469	1	402.04	402.04	3.1184	
1470	1	402.14	402.14	3.2204	
1471	1	402.44	402.44	3.6264	
1472	1	402.83	402.83	2.9411	
1473	1	403.08	403.08	3.1936	
1474	1	403.42	403.42	3.6636	
1475	1	403.7	403.7	3.29	
1476	1	403.84	403.84	2.6744	
1477	1	404.22	404.22	2.9316	
1478	1	404.32	404.32	3.0376	
1479	1	404.53	404.53	2.9691	
1480	1	404.79	404.79	2.6659	
1481	1	404.99	404.99	2.6899	
1482	1	404.97	404.97	2.9491	
1483	1	405.18	405.18	2.0876	
1484	1	405.27	405.27	2.2971	
1485	1	405.48	405.48	2.3896	
1486	1	405.78	405.78	2.8316	
1487	1	406.14	406.14	2.1404	
1488	1	406.29	406.29	1.9859	
1489	1	406.34	406.34	1.9044	
1490	1	406.44	406.44	1.6264	
1491	1	406.58	406.58	1.5436	
1492	1	406.72	406.72	1.7616	
1493	1	406.96	406.96	1.3384	
1494	1	407.13	407.13	1.1131	
1495	1	407.31	407.31	1.2339	
1496	1	407.44	407.44	1.2664	
1497	1	407.52	407.52	1.2896	
1498	1	407.61	407.61	0.9379	
1499	1	407.71	407.71	0.7859	
1500	1	407.74	407.74	0.8324	
1501	1	407.75	407.75	0.7675	
1502	1	407.88	407.88	0.9456	
1503	1	408.31	408.31	1.7739	
1504	1	408.96	408.96	1.2384	
1505	1	409.28	409.28	1.1016	
1506	1	409.4	409.4	1.04	
1507	1	409.48	409.48	0.9496	
1508	1	409.58	409.58	0.9236	
1509	1	409.61	409.61	0.8579	
1510	1	409.7	409.7	1.07	
1511	1	409.8	409.8	1.22	
1512	1	409.91	409.91	1.3619	
1513	1	410.07	410.07	1.4051	
1514	1	410.15	410.15	1.4475	
1515	1	410.32	410.32	1.4776	
1516	1	410.42	410.42	1.6836	
1517	1	410.54	410.54	1.6884	
1518	1	410.73	410.73	2.0571	
1519	1	411	411	2.56	
1520	1	411.39	411.39	3.1979	
1521	1	411.69	411.69	3.3739	
1522	1	411.91	411.91	3.3419	
1523	1	412.35	412.35	3.3675	
1524	1	412.66	412.66	3.6244	
1525	1	413.28	413.28	4.2416	
1526	1	413.89	413.89	4.4579	
1527	1	414.3	414.3	5.15	
1528	1	414.53	414.53	5.1291	
1529	1	414.96	414.96	5.0184	
1530	1	415.29	415.29	4.9859	
1531	1	415.61	415.61	4.9779	
1532	1	415.83	415.83	5.0811	
1533	1	416.04	416.04	4.8384	
1534	1	416	416	4.82	
1535	1	416.03	416.03	4.8091	
1536	1	416.01	416.01	5.0899	
1537	1	416.12	416.12	4.4856	
1538	1	416.27	416.27	4.1771	
1539	1	416.54	416.54	3.0684	
1540	1	416.91	416.91	2.2819	
1541	1	416.96	416.96	1.9184	
1542	1	417.05	417.05	1.8275	
1543	1	417.18	417.18	1.6676	
1544	1	417.44	417.44	1.8664	
1545	1	417.82	417.82	2.6676	
1546	1	418.37	418.37	3.7131	
1547	1	418.72	418.72	4.1616	
1548	1	419.03	419.03	4.3491	
1549	1	419.26	419.26	4.9524	
1550	1	419.55	419.55	5.2675	
1551	1	419.95	419.95	4.8275	
1552	1	420.23	420.23	5.3371	
1553	1	420.4	420.4	5.6	
1554	1	420.54	420.54	5.8484	
1555	1	420.66	420.66	5.9644	
1556	1	420.62	420.62	5.9356	
1557	1	420.67	420.67	6.0211	
1558	1	420.71	420.71	5.6459	
1559	1	420.82	420.82	5.2076	
1560	1	420.83	420.83	5.2211	
1561	1	420.89	420.89	5.0379	
1562	1	420.95	420.95	5.1475	
1563	1	421.23	421.23	3.4571	
1564	1	421.3	421.3	3.67	
1565	1	421.59	421.59	4.2819	
1566	1	421.85	421.85	4.3875	
1567	1	422.14	422.14	4.5204	
1568	1	422.49	422.49	4.3499	
1569	1	422.75	422.75	4.6075	
1570	1	422.87	422.87	4.6931	
1571	1	422.98	422.98	4.8196	
1572	1	423.13	423.13	4.6731	
1573	1	423.28	423.28	4.9416	
1574	1	423.55	423.55	5.5275	
1575	1	423.85	423.85	4.8275	
1576	1	424	424	4.46	
1577	1	424.08	424.08	4.5936	
1578	1	424.2	424.2	4.68	
1579	1	424.37	424.37	5.0731	
1580	1	424.54	424.54	5.3684	
1581	1	424.67	424.67	5.5011	
1582	1	424.76	424.76	5.5424	
1583	1	424.78	424.78	5.5916	
1584	1	425.05	425.05	4.8475	
1585	1	425.34	425.34	3.3244	
1586	1	425.52	425.52	2.8096	
1587	1	425.6	425.6	2.72	
1588	1	425.79	425.79	2.0059	
1589	1	426.05	426.05	1.4075	
1590	1	426.28	426.28	0.7816	
1591	1	426.48	426.48	0.8096	
1592	1	426.72	426.72	1.1016	
1593	1	426.96	426.96	1.3384	
1594	1	427.17	427.17	1.3811	
1595	1	427.17	427.17	1.4611	
1596	1	427.27	427.27	1.3971	
1597	1	427.37	427.37	1.4331	
1598	1	427.53	427.53	1.6891	
1599	1	427.64	427.64	1.8304	
1600	1	428.02	428.02	2.4796	
1601	1	428.28	428.28	2.9816	
1602	1	428.64	428.64	3.3104	
1603	1	428.86	428.86	3.6604	
1604	1	429.19	429.19	4.4139	
1605	1	429.49	429.49	5.1499	
1606	1	429.75	429.75	5.8875	
1607	1	429.92	429.92	6.3736	
1608	1	430.1	430.1	6.75	
1609	1	430.32	430.32	6.8976	
1610	1	430.41	430.41	7.0419	
1611	1	430.82	430.82	6.2076	
1612	1	431.16	431.16	5.5544	
1613	1	431.54	431.54	5.2884	
1614	1	432.02	432.02	6.5396	
1615	1	432.32	432.32	7.3376	
1616	1	432.68	432.68	8.3576	
1617	1	433.02	433.02	8.5796	
1618	1	433.29	433.29	9.0859	
1619	1	433.34	433.34	9.2044	
1620	1	433.48	433.48	9.7896	
1621	1	433.47	433.47	9.7491	
1622	1	433.61	433.61	10.3379	
1623	1	434.06	434.06	11.3764	
1624	1	434.23	434.23	12.4171	
1625	1	435.04	435.04	11.9784	
1626	1	435.16	435.16	12.2344	
1627	1	435.32	435.32	12.9576	
1628	1	435.57	435.57	13.9851	
1629	1	436.04	436.04	14.8784	
1630	1	436.38	436.38	16.2956	
1631	1	436.61	436.61	16.5179	
1632	1	437.1	437.1	15.31	
1633	1	437.48	437.48	14.8496	
1634	1	437.89	437.89	15.8779	
1635	1	438.2	438.2	15.7	
1636	1	438.47	438.47	15.5091	
1637	1	438.88	438.88	15.0256	
1638	1	439.19	439.19	15.3939	
1639	1	439.25	439.25	15.5875	
1640	1	439.66	439.66	14.8044	
1641	1	440.03	440.03	15.0891	
1642	1	440.19	440.19	15.5939	
1643	1	440.37	440.37	16.2731	
1644	1	440.44	440.44	16.4664	
1645	1	440.71	440.71	16.4459	
1646	1	441.22	441.22	15.4716	
1647	1	441.47	441.47	15.5691	
1648	1	441.8	441.8	14.9	
1649	1	442.47	442.47	10.3091	
1650	1	443.18	443.18	4.4076	
1651	1	443.53	443.53	3.5091	
1652	1	443.69	443.69	3.6739	
1653	1	443.79	443.79	3.8859	
1654	1	443.94	443.94	4.0764	
1655	1	443.94	443.94	4.1364	
1656	1	444.04	444.04	4.0984	
1657	1	444.38	444.38	1.2756	
1658	1	444.43	444.43	1.2051	
1659	1	444.53	444.53	1.2091	
1660	1	444.63	444.63	1.2531	
1661	1	444.94	444.94	1.5564	
1662	1	445.12	445.12	1.7656	
1663	1	445.36	445.36	2.2304	
1664	1	445.55	445.55	2.5475	
1665	1	445.76	445.76	2.7024	
1666	1	445.81	445.81	2.6339	
1667	1	445.93	445.93	2.5851	
1668	1	445.96	445.96	2.5984	
1669	1	446.07	446.07	2.5851	
1670	1	446.14	446.14	2.5604	
1671	1	446.28	446.28	2.4016	
1672	1	446.42	446.42	2.2036	
1673	1	446.69	446.69	2.1339	
1674	1	446.95	446.95	2.2075	
1675	1	447.03	447.03	2.3091	
1676	1	447.25	447.25	2.3675	
1677	1	447.59	447.59	2.6419	
1678	1	447.82	447.82	2.4676	
1679	1	448.04	448.04	2.1384	
1680	1	448.22	448.22	2.0916	
1681	1	448.55	448.55	2.5875	
1682	1	449.29	449.29	3.3059	
1683	1	449.67	449.67	3.5411	
1684	1	449.93	449.93	3.5851	
1685	1	450.03	450.03	3.2691	
1686	1	450.1	450.1	3.51	
1687	1	450.32	450.32	3.2576	
1688	1	450.57	450.57	3.4451	
1689	1	451.67	451.67	5.5811	
1690	1	452.31	452.31	5.7939	
1691	1	452.57	452.57	6.0251	
1692	1	452.86	452.86	5.9804	
1693	1	452.97	452.97	5.6291	
1694	1	453.19	453.19	6.0339	
1695	1	453.31	453.31	6.3939	
1696	1	453.53	453.53	6.8891	
1697	1	453.78	453.78	6.6116	
1698	1	454.37	454.37	5.5531	
1699	1	454.51	454.51	5.9299	
1700	1	454.92	454.92	5.9136	
1701	1	455.58	455.58	7.6236	
1702	1	455.97	455.97	8.1091	
1703	1	456.53	456.53	7.4091	
1704	1	457	457	7.94	
1705	1	457.44	457.44	9.2464	
1706	1	457.84	457.84	10.1144	
1707	1	458.2	458.2	9.46	
1708	1	458.49	458.49	8.7099	
1709	1	458.74	458.74	9.5524	
1710	1	459.07	459.07	10.3051	
1711	1	459.48	459.48	11.2496	
1712	1	460.19	460.19	13.5339	
1713	1	461.1	461.1	17.31	
1714	1	461.57	461.57	19.3051	
1715	1	462.07	462.07	21.4251	
1716	1	462.44	462.44	22.1064	
1717	1	462.85	462.85	21.7875	
1718	1	463.34	463.34	19.9444	
1719	1	463.81	463.81	19.2539	
1720	1	464.12	464.12	18.3256	
1721	1	464.36	464.36	18.4904	
1722	1	464.61	464.61	19.4979	
1723	1	464.88	464.88	20.7256	
1724	1	465.25	465.25	19.6075	
1725	1	465.81	465.81	20.5339	
1726	1	466.01	466.01	20.9499	
1727	1	466.19	466.19	21.4539	
1728	1	466.26	466.26	21.7124	
1729	1	466.35	466.35	22.1075	
1730	1	466.7	466.7	22.99	
1731	1	466.77	466.77	23.1971	
1732	1	467.04	467.04	20.1784	
1733	1	467.63	467.63	12.0931	
1734	1	467.91	467.91	10.2019	
1735	1	468.06	468.06	6.6364	
1736	1	468.15	468.15	6.7275	
1737	1	468.23	468.23	6.7971	
1738	1	468.21	468.21	6.6259	
1739	1	468.49	468.49	5.4099	
1740	1	468.79	468.79	2.5059	
1741	1	469.03	469.03	2.0691	
1742	1	469.42	469.42	2.7236	
1743	1	470.32	470.32	4.4776	
1744	1	471.05	471.05	3.0675	
1745	1	471.43	471.43	2.9451	
1746	1	471.83	471.83	2.2011	
1747	1	472.13	472.13	1.9131	
1748	1	472.34	472.34	1.7244	
1749	1	472.35	472.35	1.8475	
1750	1	472.6	472.6	1.26	
1751	1	472.7	472.7	0.93	
1752	1	472.73	472.73	0.9171	
1753	1	472.76	472.76	0.9624	
1754	1	472.85	472.85	0.9075	
1755	1	472.88	472.88	0.9456	
1756	1	473.02	473.02	1.3596	
1757	1	473.47	473.47	1.3091	
1758	1	473.87	473.87	1.3531	
1759	1	474.19	474.19	1.4539	
1760	1	474.35	474.35	1.4075	
1761	1	474.44	474.44	1.0264	
1762	1	474.54	474.54	1.1484	
1763	1	474.56	474.56	1.2464	
1764	1	474.87	474.87	1.3131	
1765	1	475.07	475.07	1.6251	
1766	1	475.51	475.51	1.8099	
1767	1	475.57	475.57	1.6851	
1768	1	475.7	475.7	1.93	
1769	1	476.14	476.14	2.8604	
1770	1	476.57	476.57	2.9251	
1771	1	476.95	476.95	2.9475	
1772	1	477.21	477.21	3.1659	
1773	1	477.26	477.26	2.9924	
1774	1	477.43	477.43	3.0051	
1775	1	477.71	477.71	2.5859	
1776	1	477.98	477.98	2.9396	
1777	1	478.42	478.42	3.6236	
1778	1	479.07	479.07	4.7251	
1779	1	479.44	479.44	5.1664	
1780	1	480.28	480.28	5.2216	
1781	1	480.64	480.64	5.3904	
1782	1	480.95	480.95	4.7475	
1783	1	480.98	480.98	4.3796	
1784	1	481.09	481.09	4.5619	
1785	1	481.19	481.19	3.9539	
1786	1	481.41	481.41	3.8819	
1787	1	481.86	481.86	4.1004	
1788	1	482.09	482.09	4.3819	
1789	1	482.6	482.6	4.48	
1790	1	483	483	4.94	
1791	1	483.47	483.47	5.9091	
1792	1	483.82	483.82	6.8476	
1793	1	484.58	484.58	8.9436	
1794	1	485.18	485.18	9.3076	
1795	1	485.41	485.41	9.5219	
1796	1	485.48	485.48	9.6496	
1797	1	485.58	485.58	9.7036	
1798	1	485.88	485.88	7.9856	
1799	1	486.57	486.57	4.3851	
1800	1	486.75	486.75	4.4275	
1801	1	486.98	486.98	4.2596	
1802	1	487.05	487.05	4.3075	
1803	1	487.18	487.18	4.0876	
1804	1	487.13	487.13	4.4731	
1805	1	487.33	487.33	3.9411	
1806	1	487.38	487.38	3.9756	
1807	1	487.41	487.41	4.0019	
1808	1	487.52	487.52	4.2496	
1809	1	487.74	487.74	4.0124	
1810	1	488	488	4.06	
1811	1	488.29	488.29	3.5859	
1812	1	489.29	489.29	6.0659	
1813	1	490.12	490.12	6.5856	
1814	1	490.36	490.36	5.9904	
1815	1	490.57	490.57	6.0651	
1816	1	490.6	490.6	6.14	
1817	1	490.8	490.8	6.32	
1818	1	491.08	491.08	7.0736	
1819	1	491.55	491.55	7.0875	
1820	1	492.12	492.12	8.4856	
1821	1	492.23	492.23	8.8371	
1822	1	492.36	492.36	8.5704	
1823	1	492.42	492.42	8.4836	
1824	1	492.5	492.5	8.45	
1825	1	492.51	492.51	8.3699	
1826	1	492.65	492.65	6.9475	
1827	1	492.88	492.88	5.4456	
1828	1	493.02	493.02	5.5596	
1829	1	493.28	493.28	5.4616	
1830	1	493.61	493.61	3.9779	
1831	1	493.76	493.76	3.9424	
1832	1	493.84	493.84	4.0744	
1833	1	494.1	494.1	4.13	
1834	1	494.4	494.4	4.28	
1835	1	494.6	494.6	3.64	
1836	1	494.93	494.93	3.4251	
1837	1	495.09	495.09	3.4019	
1838	1	495.14	495.14	3.0804	
1839	1	495.26	495.26	2.8124	
1840	1	495.38	495.38	2.9356	
1841	1	495.7	495.7	2.15	
1842	1	496.22	496.22	3.1116	
1843	1	496.64	496.64	2.8104	
1844	1	496.8	496.8	2.86	
1845	1	496.94	496.94	2.8964	
1846	1	496.99	496.99	3.0499	
1847	1	497.11	497.11	3.3379	
1848	1	497.39	497.39	3.6379	
1849	1	497.66	497.66	4.1644	
1850	1	497.68	497.68	4.2776	
1851	1	497.72	497.72	4.2216	
1852	1	497.86	497.86	4.1604	
1853	1	498.07	498.07	4.1651	
1854	1	498.26	498.26	3.8324	
1855	1	498.47	498.47	3.4891	
1856	1	498.84	498.84	4.2344	
1857	1	499.56	499.56	3.7264	
1858	1	500.65	500.65	3.9075	
1859	1	501.05	501.05	3.5875	
1860	1	501.3	501.3	3.31	
1861	1	501.32	501.32	3.2576	
1862	1	501.37	501.37	2.8531	
1863	1	501.45	501.45	2.3275	
1864	1	501.6	501.6	1.46	
1865	1	501.65	501.65	1.5475	
1866	1	501.74	501.74	1.6924	
1867	1	501.88	501.88	1.5256	
1868	1	502.03	502.03	1.6691	
1869	1	502.28	502.28	1.5816	
1870	1	502.48	502.48	0.7896	
1871	1	502.47	502.47	0.8291	
1872	1	502.59	502.59	0.7619	
1873	1	502.78	502.78	0.5916	
1874	1	502.85	502.85	0.3475	
1875	1	502.95	502.95	0.4675	
1876	1	503.11	503.11	0.5379	
1877	1	503.2	503.2	0.58	
1878	1	503.41	503.41	0.5819	
1879	1	503.57	503.57	0.8251	
1880	1	503.63	503.63	0.8531	
1881	1	503.78	503.78	0.9916	
1882	1	504.09	504.09	1.1219	
1883	1	504.22	504.22	1.1116	
1884	1	504.28	504.28	1.0416	
1885	1	504.3	504.3	1.07	
1886	1	504.39	504.39	1.1779	
1887	1	504.45	504.45	1.4075	
1888	1	504.52	504.52	1.4096	
1889	1	504.73	504.73	1.7971	
1890	1	504.95	504.95	2.4075	
1891	1	505.27	505.27	2.8371	
1892	1	505.84	505.84	3.0344	
1893	1	505.97	505.97	3.1291	
1894	1	506.12	506.12	3.1256	
1895	1	506.25	506.25	3.6875	
1896	1	506.59	506.59	4.1219	
1897	1	506.94	506.94	4.5964	
1898	1	507.32	507.32	5.7776	
1899	1	507.74	507.74	6.6524	
1900	1	508.38	508.38	7.9556	
1901	1	508.92	508.92	9.8936	
1902	1	509.49	509.49	10.8099	
1903	1	509.58	509.58	11.1836	
1904	1	509.86	509.86	11.1804	
1905	1	510.05	510.05	11.0075	
1906	1	510.35	510.35	9.6675	
1907	1	510.68	510.68	9.3576	
1908	1	510.97	510.97	9.9091	
1909	1	511.05	511.05	10.1475	
1910	1	511.19	511.19	9.4339	
1911	1	511.34	511.34	9.5044	
1912	1	511.4	511.4	9.34	
1913	1	511.6	511.6	9.24	
1914	1	511.72	511.72	9.4216	
1915	1	511.83	511.83	9.6811	
1916	1	511.96	511.96	10.0984	
1917	1	512.14	512.14	10.4404	
1918	1	512.52	512.52	8.3096	
1919	1	512.74	512.74	6.6924	
1920	1	513.05	513.05	5.7275	
1921	1	513.25	513.25	5.5475	
1922	1	513.74	513.74	4.0124	
1923	1	514.69	514.69	5.4139	
1924	1	515.09	515.09	5.6819	
1925	1	515.45	515.45	6.1675	
1926	1	516.09	516.09	7.1219	
1927	1	516.85	516.85	6.6275	
1928	1	517.51	517.51	5.2299	
1929	1	517.77	517.77	5.1771	
1930	1	517.88	517.88	5.0056	
1931	1	518.08	518.08	4.3336	
1932	1	518.53	518.53	3.0891	
1933	1	518.86	518.86	2.3004	
1934	1	519.13	519.13	2.0731	
1935	1	519.25	519.25	2.1675	
1936	1	519.37	519.37	2.0931	
1937	1	519.53	519.53	1.4891	
1938	1	519.73	519.73	1.7171	
1939	1	520.22	520.22	2.5916	
1940	1	520.8	520.8	3.06	
1941	1	520.92	520.92	2.9536	
1942	1	521.13	521.13	2.8131	
1943	1	521.13	521.13	2.8531	
1944	1	521.22	521.22	3.0316	
1945	1	521.55	521.55	3.3475	
1946	1	522.06	522.06	4.2964	
1947	1	522.34	522.34	4.9644	
1948	1	522.78	522.78	4.8116	
1949	1	522.83	522.83	4.4011	
1950	1	522.87	522.87	4.5131	
1951	1	523.01	523.01	4.2499	
1952	1	523.02	523.02	4.3396	
1953	1	523.27	523.27	3.2571	
1954	1	523.4	523.4	3.3	
1955	1	523.68	523.68	3.6176	
1956	1	523.82	523.82	3.9276	
1957	1	524.08	524.08	4.3136	
1958	1	524.53	524.53	4.7691	
1959	1	524.79	524.79	4.5859	
1960	1	525.31	525.31	4.8939	
1961	1	525.65	525.65	4.8675	
1962	1	525.61	525.61	5.3779	
1963	1	525.73	525.73	5.0771	
1964	1	525.84	525.84	5.1344	
1965	1	525.98	525.98	5.0196	
1966	1	526.26	526.26	5.2924	
1967	1	526.54	526.54	5.3084	
1968	1	526.74	526.74	5.7324	
1969	1	526.83	526.83	5.5811	
1970	1	527.45	527.45	2.7475	
1971	1	527.81	527.81	2.5539	
1972	1	528.09	528.09	1.9819	
1973	1	528.35	528.35	1.6275	
1974	1	528.49	528.49	1.5499	
1975	1	528.49	528.49	1.4699	
1976	1	528.66	528.66	1.5244	
1977	1	528.98	528.98	1.3996	
1978	1	529.17	529.17	1.4011	
1979	1	529.35	529.35	1.0075	
1980	1	529.44	529.44	0.9864	
1981	1	529.54	529.54	0.9884	
1982	1	529.58	529.58	0.9836	
1983	1	529.75	529.75	1.0075	
1984	1	529.88	529.88	0.5656	
1985	1	529.86	529.86	0.4604	
1986	1	529.99	529.99	0.3899	
1987	1	530.07	530.07	0.4451	
1988	1	530.1	530.1	0.45	
1989	1	530.09	530.09	0.4219	
1990	1	530.4	530.4	0.58	
1991	1	530.61	530.61	0.8579	
1992	1	530.99	530.99	1.2899	
1993	1	531.72	531.72	2.0816	
1994	1	531.91	531.91	1.9219	
1995	1	532.36	532.36	2.5104	
1996	1	532.91	532.91	3.0419	
1997	1	533.33	533.33	3.7211	
1998	1	533.61	533.61	4.0579	
1999	1	533.75	533.75	3.8475	
2000	1	534.14	534.14	3.1204	
