# mu = 0.1, s = -0.01, trials requested = 1, runtime = 0:00:01
# "Time"	"Actual trials"	"Mean mutation"	"Average mean mutation"	"Average mutation variance"
0	1	0	0	0	
1	1	0	0	0	
2	1	0	0	0	
3	1	0.01	0.01	0.0099	
4	1	0.02	0.02	0.0196	
5	1	0.04	0.04	0.0384	
6	1	0.05	0.05	0.0475	
7	1	0.05	0.05	0.0475	
8	1	0.07	0.07	0.0651	
9	1	0.06	0.06	0.0564	
10	1	0.05	0.05	0.0475	
11	1	0.07	0.07	0.0651	
12	1	0.06	0.06	0.0564	
13	1	0.07	0.07	0.0651	
14	1	0.07	0.07	0.0651	
15	1	0.09	0.09	0.0819	
16	1	0.12	0.12	0.1056	
17	1	0.11	0.11	0.0979	
18	1	0.15	0.15	0.1475	
19	1	0.15	0.15	0.1475	
20	1	0.17	0.17	0.1611	
21	1	0.2	0.2	0.2	
22	1	0.26	0.26	0.2524	
23	1	0.29	0.29	0.2859	
24	1	0.29	0.29	0.2659	
25	1	0.31	0.31	0.2739	
26	1	0.31	0.31	0.2739	
27	1	0.31	0.31	0.2739	
28	1	0.29	0.29	0.2459	
29	1	0.29	0.29	0.2459	
30	1	0.32	0.32	0.3176	
31	1	0.33	0.33	0.3011	
32	1	0.33	0.33	0.3011	
33	1	0.35	0.35	0.3275	
34	1	0.39	0.39	0.3779	
35	1	0.43	0.43	0.4251	
36	1	0.46	0.46	0.4284	
37	1	0.49	0.49	0.4499	
38	1	0.52	0.52	0.4696	
39	1	0.5	0.5	0.45	
40	1	0.5	0.5	0.45	
41	1	0.52	0.52	0.4496	
42	1	0.49	0.49	0.4099	
43	1	0.46	0.46	0.4084	
44	1	0.49	0.49	0.4899	
45	1	0.5	0.5	0.49	
46	1	0.54	0.54	0.5084	
47	1	0.57	0.57	0.5451	
48	1	0.56	0.56	0.5264	
49	1	0.59	0.59	0.5219	
50	1	0.64	0.64	0.4504	
51	1	0.67	0.67	0.4411	
52	1	0.63	0.63	0.4331	
53	1	0.62	0.62	0.4156	
54	1	0.61	0.61	0.3979	
55	1	0.63	0.63	0.4131	
56	1	0.69	0.69	0.4939	
57	1	0.7	0.7	0.49	
58	1	0.73	0.73	0.4971	
59	1	0.75	0.75	0.5075	
60	1	0.78	0.78	0.5316	
61	1	0.77	0.77	0.5771	
62	1	0.79	0.79	0.5459	
63	1	0.82	0.82	0.5476	
64	1	0.84	0.84	0.5144	
65	1	0.86	0.86	0.6004	
66	1	0.86	0.86	0.5604	
67	1	0.83	0.83	0.5811	
68	1	0.84	0.84	0.6144	
69	1	0.86	0.86	0.6204	
70	1	0.82	0.82	0.5676	
71	1	0.81	0.81	0.5139	
72	1	0.82	0.82	0.5276	
73	1	0.85	0.85	0.5475	
74	1	0.89	0.89	0.5979	
75	1	0.84	0.84	0.5544	
76	1	0.81	0.81	0.5739	
77	1	0.85	0.85	0.6275	
78	1	0.87	0.87	0.5731	
79	1	0.93	0.93	0.6651	
80	1	0.9	0.9	0.65	
81	1	0.93	0.93	0.6451	
82	1	0.9	0.9	0.73	
83	1	0.96	0.96	0.7384	
84	1	0.9	0.9	0.71	
85	1	0.97	0.97	0.7291	
86	1	0.95	0.95	0.7475	
87	1	0.96	0.96	0.7984	
88	1	0.91	0.91	0.7419	
89	1	0.89	0.89	0.8379	
90	1	0.91	0.91	0.8819	
91	1	0.87	0.87	0.8131	
92	1	0.91	0.91	0.9219	
93	1	0.9	0.9	0.93	
94	1	0.89	0.89	0.9179	
95	1	0.88	0.88	0.9256	
96	1	0.87	0.87	0.9331	
97	1	0.95	0.95	1.0275	
98	1	0.93	0.93	1.0251	
99	1	1.01	1.01	1.0099	
100	1	1.03	1.03	1.0291	
101	1	1.02	1.02	1.0396	
102	1	1.09	1.09	1.1819	
103	1	1.04	1.04	1.0984	
104	1	1.12	1.12	1.2056	
105	1	1.1	1.1	1.17	
106	1	1.11	1.11	1.1779	
107	1	1.14	1.14	1.2404	
108	1	1.18	1.18	1.2076	
109	1	1.15	1.15	1.0875	
110	1	1.21	1.21	1.1059	
111	1	1.2	1.2	1.06	
112	1	1.15	1.15	1.0075	
113	1	1.08	1.08	0.9736	
114	1	1.15	1.15	0.9675	
115	1	1.09	1.09	0.9219	
116	1	1.09	1.09	0.9019	
117	1	1.09	1.09	0.8219	
118	1	1.05	1.05	0.7275	
119	1	1.03	1.03	0.7291	
120	1	1.03	1.03	0.8291	
121	1	1.01	1.01	0.8499	
122	1	1.07	1.07	1.1051	
123	1	1.01	1.01	0.9699	
124	1	1.05	1.05	1.0475	
125	1	1.1	1.1	1.09	
126	1	1.17	1.17	1.1011	
127	1	1.13	1.13	1.1331	
128	1	1.12	1.12	1.0456	
129	1	1.04	1.04	0.9384	
130	1	1.1	1.1	0.99	
131	1	1.08	1.08	1.0336	
132	1	1.12	1.12	1.0656	
133	1	1.09	1.09	1.0819	
134	1	1.08	1.08	1.1136	
135	1	1.1	1.1	1.25	
136	1	1.1	1.1	1.25	
137	1	1.15	1.15	1.2875	
138	1	1.09	1.09	1.2819	
139	1	1.11	1.11	1.2379	
140	1	1.16	1.16	1.2544	
141	1	1.21	1.21	1.2659	
142	1	1.24	1.24	1.2824	
143	1	1.22	1.22	1.3316	
144	1	1.24	1.24	1.2824	
145	1	1.23	1.23	1.2771	
146	1	1.24	1.24	1.3024	
147	1	1.28	1.28	1.2616	
148	1	1.3	1.3	1.29	
149	1	1.34	1.34	1.3444	
150	1	1.32	1.32	1.3776	
151	1	1.26	1.26	1.3724	
152	1	1.28	1.28	1.4016	
153	1	1.31	1.31	1.4339	
154	1	1.31	1.31	1.3339	
155	1	1.36	1.36	1.3704	
156	1	1.33	1.33	1.3611	
157	1	1.38	1.38	1.3956	
158	1	1.42	1.42	1.4836	
159	1	1.41	1.41	1.4819	
160	1	1.49	1.49	1.4899	
161	1	1.46	1.46	1.4484	
162	1	1.46	1.46	1.4284	
163	1	1.41	1.41	1.5619	
164	1	1.42	1.42	1.4636	
165	1	1.38	1.38	1.5156	
166	1	1.34	1.34	1.6244	
167	1	1.34	1.34	1.6644	
168	1	1.45	1.45	1.7075	
169	1	1.36	1.36	1.6304	
170	1	1.34	1.34	1.5644	
171	1	1.37	1.37	1.5731	
172	1	1.37	1.37	1.5731	
173	1	1.37	1.37	1.5931	
174	1	1.41	1.41	1.7619	
175	1	1.47	1.47	1.7891	
176	1	1.44	1.44	1.7264	
177	1	1.43	1.43	1.7051	
178	1	1.4	1.4	1.7	
179	1	1.38	1.38	1.6356	
180	1	1.41	1.41	1.7819	
181	1	1.39	1.39	1.8179	
182	1	1.42	1.42	1.9236	
183	1	1.42	1.42	1.9236	
184	1	1.4	1.4	1.84	
185	1	1.42	1.42	1.7836	
186	1	1.42	1.42	1.8636	
187	1	1.43	1.43	1.8451	
188	1	1.38	1.38	1.8156	
189	1	1.43	1.43	1.8051	
190	1	1.43	1.43	1.7851	
191	1	1.39	1.39	1.6379	
192	1	1.4	1.4	1.56	
193	1	1.57	1.57	1.8651	
194	1	1.59	1.59	1.8219	
195	1	1.61	1.61	1.8179	
196	1	1.68	1.68	1.9776	
197	1	1.71	1.71	2.0259	
198	1	1.67	1.67	1.9811	
199	1	1.72	1.72	1.9616	
200	1	1.71	1.71	2.0859	
201	1	1.72	1.72	2.1416	
202	1	1.77	1.77	2.2371	
203	1	1.86	1.86	2.3004	
204	1	1.8	1.8	2.22	
205	1	1.84	1.84	2.2544	
206	1	1.87	1.87	2.2931	
207	1	1.79	1.79	2.2659	
208	1	1.81	1.81	2.3739	
209	1	1.87	1.87	2.4131	
210	1	1.96	1.96	2.5784	
211	1	1.96	1.96	2.5784	
212	1	1.88	1.88	2.5456	
213	1	1.97	1.97	2.7491	
214	1	1.99	1.99	2.7499	
215	1	1.93	1.93	2.6451	
216	1	1.86	1.86	2.6204	
217	1	1.86	1.86	2.7404	
218	1	1.8	1.8	2.56	
219	1	1.72	1.72	2.5816	
220	1	1.81	1.81	2.4939	
221	1	1.8	1.8	2.66	
222	1	1.77	1.77	2.7771	
223	1	1.74	1.74	2.8524	
224	1	1.69	1.69	2.7539	
225	1	1.64	1.64	2.6904	
226	1	1.63	1.63	2.7531	
227	1	1.67	1.67	2.6211	
228	1	1.75	1.75	2.4875	
229	1	1.74	1.74	2.5324	
230	1	1.75	1.75	2.5875	
231	1	1.75	1.75	2.5875	
232	1	1.73	1.73	2.5571	
233	1	1.74	1.74	2.6324	
234	1	1.77	1.77	2.6771	
235	1	1.72	1.72	2.7216	
236	1	1.83	1.83	2.8611	
237	1	1.92	1.92	2.9536	
238	1	1.91	1.91	2.9819	
239	1	1.91	1.91	2.9419	
240	1	1.97	1.97	3.1091	
241	1	1.74	1.74	2.9524	
242	1	1.74	1.74	2.9324	
243	1	1.82	1.82	3.1076	
244	1	1.71	1.71	2.8859	
245	1	1.83	1.83	2.9611	
246	1	1.87	1.87	3.1331	
247	1	1.92	1.92	3.2936	
248	1	1.83	1.83	3.1811	
249	1	1.86	1.86	3.1604	
250	1	1.79	1.79	3.2259	
251	1	1.88	1.88	3.1856	
252	1	2.05	2.05	3.2875	
253	1	2.06	2.06	3.3164	
254	1	2.11	2.11	3.2579	
255	1	2.22	2.22	3.2316	
256	1	2.21	2.21	3.1259	
257	1	2.09	2.09	2.8619	
258	1	2.01	2.01	2.9299	
259	1	1.96	1.96	2.8584	
260	1	1.96	1.96	2.8784	
261	1	1.88	1.88	2.9256	
262	1	1.86	1.86	3.1004	
263	1	1.92	1.92	3.1536	
264	1	1.91	1.91	3.2019	
265	1	1.86	1.86	3.2004	
266	1	1.78	1.78	3.3716	
267	1	1.85	1.85	3.6475	
268	1	1.72	1.72	3.5416	
269	1	1.63	1.63	3.3531	
270	1	1.66	1.66	3.4244	
271	1	1.64	1.64	3.4504	
272	1	1.46	1.46	3.0884	
273	1	1.55	1.55	3.1875	
274	1	1.59	1.59	3.0819	
275	1	1.56	1.56	2.9664	
276	1	1.61	1.61	3.1579	
277	1	1.64	1.64	3.2504	
278	1	1.68	1.68	3.3376	
279	1	1.66	1.66	3.2044	
280	1	1.61	1.61	3.3379	
281	1	1.64	1.64	3.3104	
282	1	1.63	1.63	3.3331	
283	1	1.66	1.66	3.3044	
284	1	1.65	1.65	3.3075	
285	1	1.68	1.68	3.3376	
286	1	1.72	1.72	3.3816	
287	1	1.74	1.74	3.3124	
288	1	1.76	1.76	3.4224	
289	1	1.78	1.78	3.4916	
290	1	1.74	1.74	3.4724	
291	1	1.86	1.86	3.6604	
292	1	1.77	1.77	3.4571	
293	1	1.83	1.83	3.5411	
294	1	1.8	1.8	3.44	
295	1	1.86	1.86	3.3604	
296	1	1.93	1.93	3.7451	
297	1	1.83	1.83	3.8011	
298	1	1.77	1.77	3.5171	
299	1	1.75	1.75	3.7875	
300	1	1.77	1.77	3.9171	
301	1	1.78	1.78	4.0316	
302	1	1.94	1.94	4.4364	
303	1	1.92	1.92	4.4136	
304	1	1.84	1.84	4.2944	
305	1	1.91	1.91	4.6419	
306	1	2	2	4.92	
307	1	2.18	2.18	5.3876	
308	1	2.23	2.23	5.8171	
309	1	2.31	2.31	6.1539	
310	1	2.11	2.11	5.4179	
311	1	2.16	2.16	5.5344	
312	1	2.29	2.29	5.8459	
313	1	2.24	2.24	5.5224	
314	1	2.4	2.4	5.88	
315	1	2.57	2.57	6.2651	
316	1	2.55	2.55	6.3875	
317	1	2.61	2.61	6.5779	
318	1	2.58	2.58	6.3036	
319	1	2.47	2.47	5.5491	
320	1	2.54	2.54	5.6284	
321	1	2.69	2.69	5.8339	
322	1	2.73	2.73	5.6771	
323	1	2.62	2.62	5.7156	
324	1	2.6	2.6	5.78	
325	1	2.49	2.49	5.2699	
326	1	2.49	2.49	5.3299	
327	1	2.51	2.51	5.3699	
328	1	2.52	2.52	5.4696	
329	1	2.32	2.32	5.3776	
330	1	2.29	2.29	5.3259	
331	1	2.21	2.21	5.2859	
332	1	2.25	2.25	5.3275	
333	1	2.32	2.32	5.6176	
334	1	2.16	2.16	4.9144	
335	1	2.05	2.05	4.3675	
336	1	1.98	1.98	4.3196	
337	1	2.03	2.03	4.5091	
338	1	2.13	2.13	4.5931	
339	1	2.16	2.16	4.5744	
340	1	2.18	2.18	4.5476	
341	1	2.25	2.25	4.7875	
342	1	2.29	2.29	4.8659	
343	1	2.25	2.25	4.9675	
344	1	2.26	2.26	4.8724	
345	1	2.22	2.22	4.6116	
346	1	2.15	2.15	4.2875	
347	1	2.21	2.21	4.3659	
348	1	2.18	2.18	4.1876	
349	1	2.28	2.28	4.0416	
350	1	2.21	2.21	3.6659	
351	1	2.25	2.25	3.6475	
352	1	2.31	2.31	3.9139	
353	1	2.26	2.26	4.1724	
354	1	2.27	2.27	3.9971	
355	1	2.3	2.3	3.81	
356	1	2.42	2.42	3.7836	
357	1	2.51	2.51	3.6699	
358	1	2.56	2.56	3.7264	
359	1	2.49	2.49	3.0499	
360	1	2.46	2.46	3.1484	
361	1	2.5	2.5	3.21	
362	1	2.47	2.47	3.1891	
363	1	2.41	2.41	3.1419	
364	1	2.38	2.38	3.0156	
365	1	2.37	2.37	2.9931	
366	1	2.48	2.48	3.0496	
367	1	2.48	2.48	3.1296	
368	1	2.49	2.49	3.3499	
369	1	2.57	2.57	3.4851	
370	1	2.55	2.55	3.5275	
371	1	2.62	2.62	3.4956	
372	1	2.79	2.79	3.5859	
373	1	2.77	2.77	3.4571	
374	1	2.84	2.84	3.3744	
375	1	2.83	2.83	3.2811	
376	1	2.83	2.83	3.3411	
377	1	2.84	2.84	3.3344	
378	1	2.83	2.83	3.3011	
379	1	2.83	2.83	2.9411	
380	1	2.86	2.86	2.8404	
381	1	3.03	3.03	2.7291	
382	1	2.96	2.96	2.6984	
383	1	3.03	3.03	2.6891	
384	1	3.09	3.09	2.8019	
385	1	3.12	3.12	2.8456	
386	1	3.13	3.13	3.0931	
387	1	3.19	3.19	3.2339	
388	1	3.2	3.2	3.18	
389	1	3.15	3.15	2.9475	
390	1	3.17	3.17	2.8211	
391	1	3.29	3.29	2.8859	
392	1	3.4	3.4	2.72	
393	1	3.41	3.41	2.6019	
394	1	3.43	3.43	2.5451	
395	1	3.29	3.29	2.6059	
396	1	3.38	3.38	2.6756	
397	1	3.45	3.45	2.6875	
398	1	3.56	3.56	2.7064	
399	1	3.47	3.47	2.7091	
400	1	3.55	3.55	2.8875	
401	1	3.54	3.54	2.9684	
402	1	3.45	3.45	3.1275	
403	1	3.45	3.45	3.0875	
404	1	3.5	3.5	3.27	
405	1	3.56	3.56	3.3464	
406	1	3.68	3.68	3.3976	
407	1	3.53	3.53	3.2291	
408	1	3.49	3.49	3.1899	
409	1	3.52	3.52	2.9896	
410	1	3.52	3.52	3.0696	
411	1	3.66	3.66	3.2444	
412	1	3.55	3.55	2.9675	
413	1	3.66	3.66	2.8244	
414	1	3.82	3.82	2.7476	
415	1	3.88	3.88	2.8456	
416	1	3.85	3.85	2.9675	
417	1	3.79	3.79	2.6859	
418	1	3.83	3.83	2.6011	
419	1	4.02	4.02	2.3796	
420	1	4.04	4.04	2.3784	
421	1	4.03	4.03	2.4291	
422	1	4.02	4.02	2.4596	
423	1	4.05	4.05	2.5675	
424	1	4.03	4.03	2.6891	
425	1	3.99	3.99	2.8499	
426	1	3.95	3.95	2.8675	
427	1	4.02	4.02	3.0396	
428	1	3.98	3.98	3.1196	
429	1	4.02	4.02	3.0196	
430	1	4.01	4.01	2.7899	
431	1	4.03	4.03	2.8291	
432	1	3.9	3.9	2.89	
433	1	3.86	3.86	2.7204	
434	1	3.92	3.92	2.7936	
435	1	3.94	3.94	2.7364	
436	1	3.9	3.9	2.83	
437	1	3.94	3.94	3.1164	
438	1	3.87	3.87	3.0731	
439	1	3.87	3.87	3.2731	
440	1	3.93	3.93	3.0651	
441	1	3.89	3.89	3.1979	
442	1	4.01	4.01	3.1499	
443	1	4.07	4.07	3.0451	
444	1	4.03	4.03	3.2291	
445	1	4.02	4.02	3.4396	
446	1	4.08	4.08	3.2336	
447	1	4.04	4.04	3.2184	
448	1	4.1	4.1	3.37	
449	1	4.28	4.28	3.5616	
450	1	4.33	4.33	3.5011	
451	1	4.43	4.43	3.8251	
452	1	4.52	4.52	3.7096	
453	1	4.51	4.51	3.7099	
454	1	4.53	4.53	4.1491	
455	1	4.5	4.5	4.15	
456	1	4.4	4.4	4.08	
457	1	4.4	4.4	4.22	
458	1	4.54	4.54	4.5484	
459	1	4.58	4.58	4.5436	
460	1	4.65	4.65	4.5475	
461	1	4.52	4.52	4.7896	
462	1	4.4	4.4	4.38	
463	1	4.45	4.45	4.6075	
464	1	4.38	4.38	4.6156	
465	1	4.46	4.46	4.5284	
466	1	4.43	4.43	4.4451	
467	1	4.41	4.41	4.3219	
468	1	4.49	4.49	4.3899	
469	1	4.61	4.61	4.6179	
470	1	4.57	4.57	4.6451	
471	1	4.59	4.59	4.5219	
472	1	4.7	4.7	4.61	
473	1	4.76	4.76	4.5424	
474	1	4.77	4.77	4.3371	
475	1	4.9	4.9	4.19	
476	1	4.9	4.9	4.13	
477	1	5.02	5.02	3.9996	
478	1	4.96	4.96	4.2584	
479	1	4.94	4.94	4.3564	
480	1	5.13	5.13	4.5931	
481	1	5.16	5.16	4.3344	
482	1	5.24	5.24	4.2024	
483	1	5.23	5.23	3.9171	
484	1	5.23	5.23	3.7971	
485	1	5.27	5.27	4.2171	
486	1	5.35	5.35	4.1875	
487	1	5.38	5.38	3.7556	
488	1	5.34	5.34	3.8044	
489	1	5.39	5.39	3.9179	
490	1	5.41	5.41	4.1419	
491	1	5.27	5.27	3.8571	
492	1	5.28	5.28	3.8616	
493	1	5.19	5.19	3.8139	
494	1	5.16	5.16	3.9144	
495	1	5.1	5.1	4.03	
496	1	5.25	5.25	4.3475	
497	1	5.17	5.17	4.2011	
498	1	5.38	5.38	4.5156	
499	1	5.24	5.24	4.6024	
500	1	5.3	5.3	4.55	
501	1	5.31	5.31	4.5539	
502	1	5.43	5.43	4.4851	
503	1	5.36	5.36	4.5904	
504	1	5.47	5.47	4.7091	
505	1	5.43	5.43	4.6851	
506	1	5.46	5.46	4.6684	
507	1	5.71	5.71	5.0859	
508	1	5.8	5.8	4.84	
509	1	5.81	5.81	4.9339	
510	1	5.86	5.86	4.9004	
511	1	5.78	5.78	4.4916	
512	1	5.68	5.68	4.3576	
513	1	5.74	5.74	4.3924	
514	1	5.72	5.72	4.0616	
515	1	5.56	5.56	4.3064	
516	1	5.68	5.68	4.3776	
517	1	5.65	5.65	4.2875	
518	1	5.63	5.63	4.3331	
519	1	5.43	5.43	3.7251	
520	1	5.46	5.46	3.5684	
521	1	5.59	5.59	3.4819	
522	1	5.68	5.68	3.4176	
523	1	5.64	5.64	3.2904	
524	1	5.62	5.62	3.3556	
525	1	5.51	5.51	3.3099	
526	1	5.51	5.51	3.1499	
527	1	5.48	5.48	2.9096	
528	1	5.45	5.45	2.4275	
529	1	5.54	5.54	2.5284	
530	1	5.62	5.62	2.6756	
531	1	5.64	5.64	2.7104	
532	1	5.68	5.68	2.8576	
533	1	5.73	5.73	2.9171	
534	1	5.76	5.76	2.9024	
535	1	5.76	5.76	2.9224	
536	1	5.77	5.77	2.9571	
537	1	5.7	5.7	2.81	
538	1	5.61	5.61	3.0979	
539	1	5.64	5.64	3.2704	
540	1	5.73	5.73	3.3171	
541	1	5.71	5.71	3.3859	
542	1	5.71	5.71	3.3859	
543	1	5.76	5.76	3.5424	
544	1	5.74	5.74	3.5124	
545	1	5.81	5.81	3.5739	
546	1	5.8	5.8	3.76	
547	1	5.71	5.71	3.8059	
548	1	5.64	5.64	4.0904	
549	1	5.59	5.59	3.8619	
550	1	5.7	5.7	4.43	
551	1	5.83	5.83	4.4611	
552	1	5.8	5.8	4.64	
553	1	5.77	5.77	4.4771	
554	1	5.76	5.76	4.8424	
555	1	5.67	5.67	4.6811	
556	1	5.79	5.79	4.7859	
557	1	5.85	5.85	4.4475	
558	1	5.82	5.82	4.1876	
559	1	5.94	5.94	4.1764	
560	1	5.97	5.97	4.3091	
561	1	5.95	5.95	4.4075	
562	1	5.81	5.81	4.3339	
563	1	5.84	5.84	4.5744	
564	1	5.72	5.72	4.6016	
565	1	5.61	5.61	4.4779	
566	1	5.6	5.6	4.54	
567	1	5.69	5.69	4.6139	
568	1	5.71	5.71	4.7059	
569	1	5.57	5.57	4.8651	
570	1	5.5	5.5	4.87	
571	1	5.52	5.52	4.7696	
572	1	5.51	5.51	4.2299	
573	1	5.62	5.62	4.2756	
574	1	5.66	5.66	4.4244	
575	1	5.7	5.7	3.89	
576	1	5.65	5.65	3.9675	
577	1	5.7	5.7	3.93	
578	1	5.61	5.61	4.0779	
579	1	5.63	5.63	4.2331	
580	1	5.59	5.59	4.0619	
581	1	5.66	5.66	4.0044	
582	1	5.75	5.75	4.1075	
583	1	5.79	5.79	4.0059	
584	1	5.84	5.84	3.8744	
585	1	5.86	5.86	3.8604	
586	1	5.99	5.99	4.1299	
587	1	6.01	6.01	4.2499	
588	1	5.88	5.88	4.0456	
589	1	6.03	6.03	4.8891	
590	1	6.22	6.22	5.1916	
591	1	6.14	6.14	5.3204	
592	1	6.34	6.34	5.5244	
593	1	6.36	6.36	5.8104	
594	1	6.39	6.39	5.5779	
595	1	6.28	6.28	5.4416	
596	1	6.32	6.32	5.1576	
597	1	6.31	6.31	5.0939	
598	1	6.21	6.21	4.7459	
599	1	6.18	6.18	4.6476	
600	1	6.03	6.03	4.2891	
601	1	5.98	5.98	4.4996	
602	1	6.01	6.01	4.4699	
603	1	6.03	6.03	4.4691	
604	1	6.12	6.12	4.5656	
605	1	6.16	6.16	4.3144	
606	1	6.07	6.07	3.9651	
607	1	6.04	6.04	3.9584	
608	1	6.1	6.1	4.39	
609	1	6.11	6.11	4.3179	
610	1	6.03	6.03	4.1691	
611	1	6.05	6.05	4.1875	
612	1	6.01	6.01	4.4099	
613	1	5.94	5.94	4.5764	
614	1	5.96	5.96	4.5584	
615	1	6	6	4.7	
616	1	5.94	5.94	4.6964	
617	1	5.95	5.95	5.1075	
618	1	5.96	5.96	5.2584	
619	1	6.07	6.07	5.3451	
620	1	6.15	6.15	5.4075	
621	1	6	6	5.22	
622	1	6.16	6.16	5.4744	
623	1	6.15	6.15	5.4875	
624	1	6.22	6.22	5.2716	
625	1	6.23	6.23	4.7371	
626	1	6.15	6.15	4.5475	
627	1	6.17	6.17	4.5611	
628	1	6.11	6.11	4.3379	
629	1	6.09	6.09	4.4419	
630	1	6.23	6.23	4.7971	
631	1	6.1	6.1	4.95	
632	1	6.14	6.14	5.0404	
633	1	6.17	6.17	5.0211	
634	1	6.08	6.08	5.3536	
635	1	6.05	6.05	5.1075	
636	1	6.11	6.11	4.8579	
637	1	6.24	6.24	4.9024	
638	1	6.31	6.31	5.3539	
639	1	6.16	6.16	4.7744	
640	1	6.06	6.06	4.3764	
641	1	6.11	6.11	4.5579	
642	1	6.1	6.1	4.55	
643	1	6.08	6.08	4.7736	
644	1	6.08	6.08	4.9136	
645	1	5.94	5.94	4.5764	
646	1	5.87	5.87	4.3931	
647	1	5.81	5.81	4.5339	
648	1	5.7	5.7	4.61	
649	1	5.78	5.78	4.5516	
650	1	5.8	5.8	4.44	
651	1	5.68	5.68	4.2176	
652	1	5.71	5.71	4.1659	
653	1	5.84	5.84	4.0544	
654	1	5.89	5.89	4.0779	
655	1	5.87	5.87	3.9731	
656	1	5.98	5.98	3.9196	
657	1	6.01	6.01	3.6699	
658	1	5.98	5.98	3.4796	
659	1	6.1	6.1	3.55	
660	1	6.14	6.14	3.6404	
661	1	6.15	6.15	3.8275	
662	1	6.23	6.23	3.7971	
663	1	6.16	6.16	3.6544	
664	1	6.11	6.11	3.6179	
665	1	6.02	6.02	3.7196	
666	1	6.1	6.1	3.69	
667	1	6.03	6.03	3.7291	
668	1	6.15	6.15	3.9075	
669	1	6.12	6.12	4.0456	
670	1	6.13	6.13	4.1331	
671	1	6.06	6.06	3.9164	
672	1	6.13	6.13	3.9931	
673	1	6.09	6.09	3.9819	
674	1	5.93	5.93	3.6851	
675	1	6.05	6.05	4.0275	
676	1	6.03	6.03	4.2291	
677	1	6.02	6.02	4.0596	
678	1	5.86	5.86	3.5404	
679	1	5.8	5.8	3.42	
680	1	5.78	5.78	3.2116	
681	1	5.86	5.86	3.5004	
682	1	5.92	5.92	3.9136	
683	1	5.81	5.81	3.4739	
684	1	5.84	5.84	3.5544	
685	1	5.85	5.85	3.7875	
686	1	5.83	5.83	3.7611	
687	1	5.75	5.75	3.6275	
688	1	5.7	5.7	3.71	
689	1	5.66	5.66	3.7244	
690	1	5.67	5.67	4.2411	
691	1	5.7	5.7	4.25	
692	1	5.74	5.74	4.3524	
693	1	5.81	5.81	4.8339	
694	1	5.85	5.85	4.8275	
695	1	5.9	5.9	4.65	
696	1	6.06	6.06	5.3564	
697	1	6.05	6.05	4.8875	
698	1	6.11	6.11	5.1379	
699	1	5.91	5.91	4.1019	
700	1	5.92	5.92	4.0736	
701	1	5.83	5.83	3.8811	
702	1	5.87	5.87	3.8931	
703	1	5.88	5.88	3.8056	
704	1	5.95	5.95	3.9075	
705	1	5.88	5.88	3.8656	
706	1	5.84	5.84	3.7144	
707	1	5.83	5.83	3.6611	
708	1	5.81	5.81	3.6139	
709	1	5.8	5.8	3.6	
710	1	5.88	5.88	3.5656	
711	1	5.87	5.87	3.4731	
712	1	5.77	5.77	2.8971	
713	1	5.76	5.76	2.8624	
714	1	5.86	5.86	3.3604	
715	1	5.9	5.9	3.21	
716	1	5.88	5.88	3.1256	
717	1	5.9	5.9	3.17	
718	1	5.9	5.9	3.01	
719	1	5.9	5.9	3.09	
720	1	6.01	6.01	3.1499	
721	1	5.99	5.99	2.8499	
722	1	5.96	5.96	2.8984	
723	1	6.01	6.01	2.9899	
724	1	6.03	6.03	2.9091	
725	1	6.04	6.04	2.9784	
726	1	6.09	6.09	3.3819	
727	1	6.15	6.15	3.4875	
728	1	6.14	6.14	3.5604	
729	1	6.24	6.24	3.3824	
730	1	6.3	6.3	3.61	
731	1	6.29	6.29	3.5259	
732	1	6.33	6.33	3.8611	
733	1	6.5	6.5	4.19	
734	1	6.37	6.37	4.0131	
735	1	6.33	6.33	3.7411	
736	1	6.42	6.42	4.1236	
737	1	6.56	6.56	4.1064	
738	1	6.6	6.6	3.88	
739	1	6.61	6.61	3.7979	
740	1	6.63	6.63	3.7331	
741	1	6.72	6.72	3.6416	
742	1	6.76	6.76	3.6024	
743	1	6.7	6.7	3.69	
744	1	6.61	6.61	3.3579	
745	1	6.53	6.53	3.3291	
746	1	6.46	6.46	3.2884	
747	1	6.53	6.53	3.1691	
748	1	6.56	6.56	3.1264	
749	1	6.54	6.54	2.6684	
750	1	6.61	6.61	2.7779	
751	1	6.71	6.71	3.3659	
752	1	6.84	6.84	3.3944	
753	1	6.9	6.9	3.45	
754	1	6.89	6.89	3.2579	
755	1	6.93	6.93	3.2251	
756	1	7.04	7.04	3.2784	
757	1	7.14	7.14	3.7004	
758	1	7.15	7.15	3.6075	
759	1	7.2	7.2	3.54	
760	1	7.07	7.07	3.0051	
761	1	7.02	7.02	2.9996	
762	1	6.94	6.94	2.5764	
763	1	6.98	6.98	2.6796	
764	1	6.99	6.99	2.7099	
765	1	7.04	7.04	2.6784	
766	1	7.1	7.1	2.99	
767	1	6.99	6.99	2.6099	
768	1	7.02	7.02	2.2996	
769	1	7.07	7.07	2.5451	
770	1	7.07	7.07	2.5851	
771	1	7.18	7.18	2.5476	
772	1	7.22	7.22	2.5316	
773	1	7.25	7.25	2.4075	
774	1	7.21	7.21	2.4259	
775	1	7.18	7.18	2.4876	
776	1	7.22	7.22	2.5516	
777	1	7.29	7.29	2.8259	
778	1	7.31	7.31	2.8739	
779	1	7.3	7.3	2.79	
780	1	7.31	7.31	2.7139	
781	1	7.21	7.21	2.4459	
782	1	7.28	7.28	2.5216	
783	1	7.25	7.25	2.4875	
784	1	7.28	7.28	2.4016	
785	1	7.29	7.29	2.4859	
786	1	7.29	7.29	2.5059	
787	1	7.3	7.3	2.49	
788	1	7.33	7.33	2.4011	
789	1	7.34	7.34	2.3444	
790	1	7.38	7.38	2.4156	
791	1	7.39	7.39	2.3979	
792	1	7.45	7.45	2.4675	
793	1	7.52	7.52	2.6896	
794	1	7.56	7.56	2.7864	
795	1	7.53	7.53	2.8091	
796	1	7.52	7.52	2.7296	
797	1	7.61	7.61	3.0579	
798	1	7.62	7.62	3.0956	
799	1	7.65	7.65	3.3275	
800	1	7.7	7.7	3.39	
801	1	7.83	7.83	4.1811	
802	1	7.88	7.88	4.2056	
803	1	7.96	7.96	4.1384	
804	1	8.02	8.02	4.2596	
805	1	8.13	8.13	4.2531	
806	1	8.24	8.24	4.5624	
807	1	8.24	8.24	4.4224	
808	1	8.2	8.2	4.64	
809	1	8.36	8.36	4.7904	
810	1	8.35	8.35	4.8875	
811	1	8.24	8.24	4.5624	
812	1	8.26	8.26	4.7124	
813	1	8.3	8.3	4.23	
814	1	8.25	8.25	3.9875	
815	1	8.26	8.26	3.9924	
816	1	8.17	8.17	4.1211	
817	1	8.37	8.37	4.2531	
818	1	8.16	8.16	3.5344	
819	1	8.28	8.28	3.4416	
820	1	8.27	8.27	3.5371	
821	1	8.34	8.34	3.9044	
822	1	8.27	8.27	3.6771	
823	1	8.25	8.25	3.3475	
824	1	8.34	8.34	3.5044	
825	1	8.45	8.45	3.5275	
826	1	8.47	8.47	3.5691	
827	1	8.52	8.52	3.3296	
828	1	8.52	8.52	3.4096	
829	1	8.47	8.47	3.4091	
830	1	8.46	8.46	3.3884	
831	1	8.48	8.48	3.3696	
832	1	8.55	8.55	3.3675	
833	1	8.61	8.61	3.6379	
834	1	8.67	8.67	3.5411	
835	1	8.76	8.76	3.8824	
836	1	8.72	8.72	3.8416	
837	1	8.68	8.68	3.8776	
838	1	8.62	8.62	3.9156	
839	1	8.68	8.68	4.3576	
840	1	8.77	8.77	4.4171	
841	1	8.82	8.82	4.4276	
842	1	8.76	8.76	4.5424	
843	1	8.69	8.69	4.6139	
844	1	8.67	8.67	4.7611	
845	1	8.66	8.66	4.7644	
846	1	8.68	8.68	4.7576	
847	1	8.69	8.69	4.7139	
848	1	8.74	8.74	4.9124	
849	1	8.68	8.68	4.5976	
850	1	8.66	8.66	4.1444	
851	1	8.73	8.73	4.2171	
852	1	8.62	8.62	3.7356	
853	1	8.62	8.62	3.7956	
854	1	8.71	8.71	3.4859	
855	1	8.55	8.55	3.0875	
856	1	8.65	8.65	3.5875	
857	1	8.72	8.72	3.3616	
858	1	8.78	8.78	3.2316	
859	1	8.66	8.66	3.2044	
860	1	8.72	8.72	3.5616	
861	1	8.74	8.74	3.6124	
862	1	8.71	8.71	3.5459	
863	1	8.69	8.69	3.4939	
864	1	8.92	8.92	4.1336	
865	1	8.95	8.95	4.5275	
866	1	8.89	8.89	4.1579	
867	1	8.8	8.8	3.82	
868	1	8.88	8.88	3.8056	
869	1	8.88	8.88	3.9856	
870	1	9.03	9.03	4.1491	
871	1	9.06	9.06	4.2364	
872	1	9.01	9.01	4.3699	
873	1	8.84	8.84	3.6944	
874	1	8.78	8.78	3.5116	
875	1	8.78	8.78	3.1916	
876	1	8.76	8.76	3.1224	
877	1	8.74	8.74	2.9724	
878	1	8.77	8.77	2.9971	
879	1	8.67	8.67	2.4011	
880	1	8.68	8.68	2.4176	
881	1	8.64	8.64	2.6304	
882	1	8.66	8.66	2.9444	
883	1	8.66	8.66	2.9044	
884	1	8.53	8.53	2.6091	
885	1	8.5	8.5	2.25	
886	1	8.53	8.53	2.1691	
887	1	8.57	8.57	2.1651	
888	1	8.55	8.55	1.8875	
889	1	8.46	8.46	1.7684	
890	1	8.43	8.43	1.8651	
891	1	8.53	8.53	2.0091	
892	1	8.5	8.5	1.97	
893	1	8.4	8.4	1.84	
894	1	8.38	8.38	1.6356	
895	1	8.42	8.42	1.6236	
896	1	8.35	8.35	1.4475	
897	1	8.44	8.44	1.5464	
898	1	8.41	8.41	1.5819	
899	1	8.4	8.4	1.54	
900	1	8.38	8.38	1.5956	
901	1	8.32	8.32	1.5976	
902	1	8.31	8.31	1.4739	
903	1	8.31	8.31	1.4939	
904	1	8.34	8.34	1.4844	
905	1	8.34	8.34	1.4244	
906	1	8.33	8.33	1.4611	
907	1	8.42	8.42	1.5236	
908	1	8.43	8.43	1.4651	
909	1	8.42	8.42	1.4636	
910	1	8.37	8.37	1.4531	
911	1	8.45	8.45	1.3675	
912	1	8.5	8.5	1.45	
913	1	8.47	8.47	1.5091	
914	1	8.46	8.46	1.4884	
915	1	8.47	8.47	1.3891	
916	1	8.59	8.59	1.6219	
917	1	8.58	8.58	1.5836	
918	1	8.53	8.53	1.6091	
919	1	8.51	8.51	1.5899	
920	1	8.58	8.58	1.6836	
921	1	8.63	8.63	1.8331	
922	1	8.67	8.67	1.7611	
923	1	8.62	8.62	1.7556	
924	1	8.68	8.68	1.9776	
925	1	8.7	8.7	1.93	
926	1	8.75	8.75	2.0875	
927	1	8.78	8.78	1.9516	
928	1	8.74	8.74	1.8724	
929	1	8.78	8.78	1.9916	
930	1	8.79	8.79	1.9459	
931	1	8.74	8.74	1.9324	
932	1	8.72	8.72	1.9616	
933	1	8.71	8.71	2.0659	
934	1	8.76	8.76	2.0024	
935	1	8.74	8.74	2.0324	
936	1	8.77	8.77	2.1371	
937	1	8.84	8.84	2.0944	
938	1	8.78	8.78	1.9916	
939	1	8.82	8.82	1.8476	
940	1	8.76	8.76	1.8024	
941	1	8.82	8.82	1.9076	
942	1	8.93	8.93	1.8651	
943	1	9.03	9.03	1.8891	
944	1	8.98	8.98	1.8796	
945	1	9.05	9.05	1.8075	
946	1	9.04	9.04	1.8984	
947	1	9.06	9.06	1.8164	
948	1	9.1	9.1	1.75	
949	1	9.07	9.07	1.7251	
950	1	9.05	9.05	1.7275	
951	1	9.02	9.02	1.7396	
952	1	9.05	9.05	1.7675	
953	1	9.06	9.06	1.8564	
954	1	9.07	9.07	1.9251	
955	1	9.14	9.14	2.0804	
956	1	9.11	9.11	1.9379	
957	1	9.1	9.1	1.95	
958	1	9.07	9.07	2.0451	
959	1	9.05	9.05	1.9275	
960	1	9.07	9.07	1.9651	
961	1	9.04	9.04	1.9984	
962	1	8.99	8.99	2.0299	
963	1	8.98	8.98	1.9396	
964	1	9.02	9.02	1.8996	
965	1	9.02	9.02	1.8596	
966	1	8.99	8.99	1.7899	
967	1	9.08	9.08	1.8936	
968	1	9.14	9.14	1.9204	
969	1	9.11	9.11	1.9379	
970	1	9.06	9.06	1.7764	
971	1	9.19	9.19	1.8539	
972	1	9.33	9.33	2.0011	
973	1	9.43	9.43	2.0651	
974	1	9.4	9.4	2.1	
975	1	9.37	9.37	2.2131	
976	1	9.49	9.49	2.2299	
977	1	9.48	9.48	2.3296	
978	1	9.54	9.54	2.2084	
979	1	9.59	9.59	2.0819	
980	1	9.6	9.6	2.04	
981	1	9.62	9.62	2.0556	
982	1	9.69	9.69	2.0339	
983	1	9.74	9.74	2.1324	
984	1	9.77	9.77	2.1371	
985	1	9.75	9.75	2.1475	
986	1	9.78	9.78	2.1116	
987	1	9.83	9.83	2.1411	
988	1	9.72	9.72	2.0616	
989	1	9.67	9.67	1.9811	
990	1	9.6	9.6	2.1	
991	1	9.64	9.64	2.1704	
992	1	9.64	9.64	2.3704	
993	1	9.78	9.78	2.3516	
994	1	9.75	9.75	2.4075	
995	1	9.76	9.76	2.4224	
996	1	9.82	9.82	2.4276	
997	1	9.88	9.88	2.4256	
998	1	9.89	9.89	2.4379	
999	1	9.93	9.93	2.4451	
1000	1	9.97	9.97	2.4691	
1001	1	10.03	10.03	2.5491	
1002	1	10.14	10.14	2.8604	
1003	1	10.19	10.19	2.9139	
1004	1	10.17	10.17	2.9811	
1005	1	10.24	10.24	3.2424	
1006	1	10.22	10.22	3.3316	
1007	1	10.26	10.26	3.3524	
1008	1	10.29	10.29	3.3459	
1009	1	10.27	10.27	3.5171	
1010	1	10.29	10.29	3.5859	
1011	1	10.32	10.32	3.5176	
1012	1	10.32	10.32	3.6376	
1013	1	10.27	10.27	3.6771	
1014	1	10.28	10.28	3.2816	
1015	1	10.35	10.35	3.3875	
1016	1	10.32	10.32	3.4976	
1017	1	10.3	10.3	3.55	
1018	1	10.32	10.32	3.3976	
1019	1	10.42	10.42	3.7236	
1020	1	10.46	10.46	3.9884	
1021	1	10.46	10.46	4.0684	
1022	1	10.42	10.42	3.9636	
1023	1	10.53	10.53	3.8691	
1024	1	10.55	10.55	4.0275	
1025	1	10.6	10.6	3.98	
1026	1	10.7	10.7	4.37	
1027	1	10.57	10.57	4.2051	
1028	1	10.56	10.56	4.1264	
1029	1	10.64	10.64	4.1104	
1030	1	10.52	10.52	3.7096	
1031	1	10.53	10.53	3.8491	
1032	1	10.58	10.58	3.9636	
1033	1	10.68	10.68	4.1376	
1034	1	10.53	10.53	3.6691	
1035	1	10.61	10.61	3.8179	
1036	1	10.59	10.59	4.2019	
1037	1	10.71	10.71	4.4059	
1038	1	10.77	10.77	4.5171	
1039	1	10.85	10.85	4.2275	
1040	1	10.85	10.85	4.0475	
1041	1	10.83	10.83	4.1211	
1042	1	10.74	10.74	4.0324	
1043	1	10.76	10.76	4.0024	
1044	1	10.81	10.81	4.1139	
1045	1	10.82	10.82	4.2076	
1046	1	10.83	10.83	4.0211	
1047	1	10.71	10.71	4.0059	
1048	1	10.62	10.62	3.7756	
1049	1	10.63	10.63	3.6531	
1050	1	10.66	10.66	3.5244	
1051	1	10.65	10.65	3.6275	
1052	1	10.72	10.72	3.8016	
1053	1	10.73	10.73	3.8571	
1054	1	10.7	10.7	3.69	
1055	1	10.58	10.58	3.4836	
1056	1	10.48	10.48	3.3296	
1057	1	10.6	10.6	3.5	
1058	1	10.63	10.63	3.7331	
1059	1	10.61	10.61	3.4579	
1060	1	10.64	10.64	3.4504	
1061	1	10.73	10.73	3.4371	
1062	1	10.7	10.7	3.41	
1063	1	10.72	10.72	3.3816	
1064	1	10.74	10.74	3.3524	
1065	1	10.76	10.76	3.4224	
1066	1	10.75	10.75	3.4275	
1067	1	10.7	10.7	3.37	
1068	1	10.81	10.81	3.6339	
1069	1	10.85	10.85	3.6475	
1070	1	10.83	10.83	3.6011	
1071	1	10.83	10.83	3.4811	
1072	1	10.81	10.81	3.6139	
1073	1	10.83	10.83	3.3811	
1074	1	10.96	10.96	3.5384	
1075	1	10.93	10.93	3.3451	
1076	1	10.88	10.88	3.1256	
1077	1	10.78	10.78	3.0116	
1078	1	10.8	10.8	2.98	
1079	1	10.93	10.93	3.2051	
1080	1	10.89	10.89	3.1979	
1081	1	10.96	10.96	3.3184	
1082	1	10.87	10.87	3.0931	
1083	1	10.82	10.82	2.8076	
1084	1	10.77	10.77	2.7371	
1085	1	10.79	10.79	2.7659	
1086	1	10.69	10.69	2.4339	
1087	1	10.71	10.71	2.6259	
1088	1	10.63	10.63	2.8131	
1089	1	10.59	10.59	2.6819	
1090	1	10.49	10.49	2.6899	
1091	1	10.42	10.42	2.9036	
1092	1	10.54	10.54	3.2284	
1093	1	10.45	10.45	3.0875	
1094	1	10.59	10.59	3.0219	
1095	1	10.61	10.61	3.0979	
1096	1	10.6	10.6	3	
1097	1	10.58	10.58	3.0436	
1098	1	10.54	10.54	2.8684	
1099	1	10.55	10.55	2.9275	
1100	1	10.55	10.55	2.8475	
1101	1	10.47	10.47	2.8691	
1102	1	10.66	10.66	2.9844	
1103	1	10.79	10.79	2.9659	
1104	1	10.77	10.77	3.1971	
1105	1	10.83	10.83	3.2011	
1106	1	10.93	10.93	3.2251	
1107	1	10.9	10.9	2.93	
1108	1	11	11	3	
1109	1	11.05	11.05	2.9475	
1110	1	11.01	11.01	2.6299	
1111	1	11.1	11.1	2.77	
1112	1	11.13	11.13	2.6731	
1113	1	11.08	11.08	2.8136	
1114	1	11.19	11.19	2.7939	
1115	1	11.25	11.25	2.5475	
1116	1	11.2	11.2	2.56	
1117	1	11.26	11.26	2.4124	
1118	1	11.2	11.2	2.36	
1119	1	11.15	11.15	2.3875	
1120	1	11.14	11.14	2.3204	
1121	1	11.18	11.18	2.4276	
1122	1	11.14	11.14	2.4604	
1123	1	11.14	11.14	2.4004	
1124	1	11.19	11.19	2.3339	
1125	1	11.25	11.25	2.4275	
1126	1	11.24	11.24	2.6224	
1127	1	11.32	11.32	2.4376	
1128	1	11.32	11.32	2.4976	
1129	1	11.34	11.34	2.5044	
1130	1	11.46	11.46	2.6084	
1131	1	11.56	11.56	2.5864	
1132	1	11.56	11.56	2.6464	
1133	1	11.45	11.45	2.4875	
1134	1	11.46	11.46	2.3284	
1135	1	11.45	11.45	2.2075	
1136	1	11.5	11.5	2.29	
1137	1	11.56	11.56	2.3864	
1138	1	11.6	11.6	2.36	
1139	1	11.65	11.65	2.1675	
1140	1	11.62	11.62	2.1556	
1141	1	11.74	11.74	1.9124	
1142	1	11.74	11.74	1.9724	
1143	1	11.77	11.77	2.0171	
1144	1	11.73	11.73	1.9971	
1145	1	11.83	11.83	2.1611	
1146	1	11.89	11.89	2.2379	
1147	1	11.91	11.91	2.2819	
1148	1	11.93	11.93	2.3251	
1149	1	11.95	11.95	2.3275	
1150	1	11.97	11.97	2.1891	
1151	1	11.86	11.86	2.2804	
1152	1	11.87	11.87	2.4531	
1153	1	11.82	11.82	2.4676	
1154	1	11.81	11.81	2.3539	
1155	1	11.9	11.9	2.55	
1156	1	11.82	11.82	2.6876	
1157	1	11.78	11.78	2.7116	
1158	1	11.81	11.81	2.8139	
1159	1	11.85	11.85	2.9275	
1160	1	11.86	11.86	2.9204	
1161	1	11.96	11.96	3.0584	
1162	1	11.91	11.91	3.2219	
1163	1	11.94	11.94	3.3964	
1164	1	11.85	11.85	3.1075	
1165	1	11.83	11.83	3.1611	
1166	1	11.87	11.87	3.3331	
1167	1	11.91	11.91	3.5019	
1168	1	11.88	11.88	3.3856	
1169	1	11.92	11.92	3.2136	
1170	1	11.8	11.8	3.1	
1171	1	11.82	11.82	3.2876	
1172	1	11.76	11.76	3.2024	
1173	1	11.85	11.85	3.3875	
1174	1	11.94	11.94	3.5164	
1175	1	12.04	12.04	3.6584	
1176	1	12.13	12.13	3.6731	
1177	1	12.29	12.29	3.6859	
1178	1	12.31	12.31	3.7939	
1179	1	12.12	12.12	3.7456	
1180	1	12.21	12.21	3.8659	
1181	1	12.31	12.31	4.1339	
1182	1	12.29	12.29	4.2059	
1183	1	12.38	12.38	4.2156	
1184	1	12.46	12.46	4.3084	
1185	1	12.47	12.47	4.1891	
1186	1	12.47	12.47	4.4491	
1187	1	12.39	12.39	4.3779	
1188	1	12.48	12.48	4.2496	
1189	1	12.55	12.55	4.2475	
1190	1	12.66	12.66	4.5244	
1191	1	12.72	12.72	4.6616	
1192	1	12.86	12.86	4.6204	
1193	1	12.87	12.87	4.7931	
1194	1	12.82	12.82	5.0076	
1195	1	12.82	12.82	4.6676	
1196	1	12.71	12.71	4.6059	
1197	1	12.72	12.72	4.4016	
1198	1	12.82	12.82	4.6076	
1199	1	12.85	12.85	4.7275	
1200	1	12.86	12.86	4.5204	
1201	1	12.88	12.88	4.7656	
1202	1	12.79	12.79	4.8659	
1203	1	12.9	12.9	5.03	
1204	1	12.98	12.98	5.0196	
1205	1	13	13	4.98	
1206	1	13.16	13.16	5.3144	
1207	1	13.09	13.09	5.2219	
1208	1	12.98	12.98	4.9396	
1209	1	12.93	12.93	4.6851	
1210	1	12.97	12.97	4.7091	
1211	1	13.04	13.04	4.9984	
1212	1	12.92	12.92	4.8936	
1213	1	12.88	12.88	4.7856	
1214	1	12.88	12.88	5.1456	
1215	1	12.89	12.89	5.1779	
1216	1	12.99	12.99	5.1499	
1217	1	13.02	13.02	4.8996	
1218	1	12.94	12.94	5.1564	
1219	1	12.94	12.94	5.3164	
1220	1	13.05	13.05	5.3475	
1221	1	13.07	13.07	5.3251	
1222	1	13.06	13.06	5.7964	
1223	1	13	13	5.5	
1224	1	12.96	12.96	5.3784	
1225	1	12.96	12.96	5.2784	
1226	1	13.04	13.04	5.7984	
1227	1	12.94	12.94	5.6764	
1228	1	13.13	13.13	5.8731	
1229	1	13.12	13.12	5.8256	
1230	1	13.3	13.3	6.15	
1231	1	13.42	13.42	6.2236	
1232	1	13.34	13.34	6.4044	
1233	1	13.36	13.36	6.6104	
1234	1	13.39	13.39	7.1179	
1235	1	13.25	13.25	6.7875	
1236	1	13.32	13.32	6.5176	
1237	1	13.28	13.28	6.5816	
1238	1	13.43	13.43	6.9451	
1239	1	13.53	13.53	6.3691	
1240	1	13.61	13.61	6.4979	
1241	1	13.74	13.74	6.5324	
1242	1	13.72	13.72	5.9216	
1243	1	13.71	13.71	6.1059	
1244	1	13.75	13.75	5.8475	
1245	1	13.69	13.69	6.0539	
1246	1	13.6	13.6	6.04	
1247	1	13.6	13.6	6.16	
1248	1	13.66	13.66	6.0644	
1249	1	13.56	13.56	5.8264	
1250	1	13.59	13.59	5.8219	
1251	1	13.6	13.6	5.78	
1252	1	13.73	13.73	6.0171	
1253	1	13.6	13.6	6	
1254	1	13.54	13.54	5.9484	
1255	1	13.42	13.42	5.9236	
1256	1	13.56	13.56	5.8464	
1257	1	13.53	13.53	5.9891	
1258	1	13.47	13.47	5.9691	
1259	1	13.49	13.49	6.0099	
1260	1	13.45	13.45	5.7475	
1261	1	13.48	13.48	5.8496	
1262	1	13.45	13.45	5.8275	
1263	1	13.36	13.36	5.6504	
1264	1	13.42	13.42	5.7436	
1265	1	13.39	13.39	5.6779	
1266	1	13.21	13.21	6.0059	
1267	1	13.17	13.17	6.0411	
1268	1	13.24	13.24	6.1224	
1269	1	13.21	13.21	6.2859	
1270	1	13.29	13.29	6.5259	
1271	1	13.36	13.36	6.8704	
1272	1	13.34	13.34	6.5044	
1273	1	13.34	13.34	6.3044	
1274	1	13.48	13.48	6.7696	
1275	1	13.47	13.47	6.8091	
1276	1	13.54	13.54	6.6084	
1277	1	13.75	13.75	6.6275	
1278	1	13.77	13.77	6.4971	
1279	1	13.71	13.71	6.7659	
1280	1	13.75	13.75	7.0075	
1281	1	13.76	13.76	6.7424	
1282	1	13.75	13.75	6.7875	
1283	1	13.77	13.77	7.0571	
1284	1	13.68	13.68	6.7376	
1285	1	13.91	13.91	6.9019	
1286	1	13.9	13.9	7.07	
1287	1	13.9	13.9	6.43	
1288	1	13.79	13.79	6.4059	
1289	1	13.78	13.78	6.3916	
1290	1	13.74	13.74	6.7124	
1291	1	13.81	13.81	6.6539	
1292	1	13.74	13.74	6.3524	
1293	1	13.66	13.66	6.4244	
1294	1	13.76	13.76	6.8624	
1295	1	13.74	13.74	6.7524	
1296	1	13.84	13.84	6.5744	
1297	1	13.9	13.9	6.89	
1298	1	13.91	13.91	7.0419	
1299	1	13.89	13.89	7.4979	
1300	1	13.8	13.8	7.64	
1301	1	13.79	13.79	7.9659	
1302	1	13.78	13.78	8.1716	
1303	1	13.81	13.81	8.1739	
1304	1	13.88	13.88	7.6256	
1305	1	13.8	13.8	7.44	
1306	1	13.94	13.94	7.4964	
1307	1	13.85	13.85	7.6075	
1308	1	13.9	13.9	7.81	
1309	1	13.88	13.88	7.4656	
1310	1	13.82	13.82	7.6676	
1311	1	13.81	13.81	7.7139	
1312	1	13.87	13.87	7.8731	
1313	1	14.04	14.04	7.6184	
1314	1	13.99	13.99	7.5699	
1315	1	14	14	7.46	
1316	1	14.03	14.03	7.6891	
1317	1	14.17	14.17	8.0011	
1318	1	14.27	14.27	8.3971	
1319	1	14.27	14.27	8.1171	
1320	1	14.02	14.02	8.0196	
1321	1	13.9	13.9	7.97	
1322	1	13.98	13.98	8.2196	
1323	1	13.98	13.98	8.6396	
1324	1	13.88	13.88	8.7256	
1325	1	13.96	13.96	8.7384	
1326	1	13.85	13.85	8.4075	
1327	1	13.57	13.57	7.8451	
1328	1	13.56	13.56	7.7664	
1329	1	13.45	13.45	7.4075	
1330	1	13.38	13.38	6.9756	
1331	1	13.42	13.42	7.2636	
1332	1	13.43	13.43	7.5851	
1333	1	13.51	13.51	7.7499	
1334	1	13.5	13.5	7.69	
1335	1	13.54	13.54	8.0284	
1336	1	13.59	13.59	8.3819	
1337	1	13.66	13.66	8.6244	
1338	1	13.6	13.6	9.18	
1339	1	13.55	13.55	8.8675	
1340	1	13.67	13.67	9.4211	
1341	1	13.75	13.75	9.4275	
1342	1	13.8	13.8	9.64	
1343	1	13.83	13.83	9.3411	
1344	1	13.86	13.86	9.4804	
1345	1	14.02	14.02	9.2396	
1346	1	14.08	14.08	9.3736	
1347	1	14.01	14.01	9.9499	
1348	1	13.95	13.95	10.2675	
1349	1	14	14	10.24	
1350	1	13.83	13.83	9.7411	
1351	1	13.72	13.72	9.3016	
1352	1	13.54	13.54	9.6484	
1353	1	13.39	13.39	9.5979	
1354	1	13.32	13.32	9.8576	
1355	1	13.22	13.22	9.1916	
1356	1	13.31	13.31	9.2539	
1357	1	13.31	13.31	9.1139	
1358	1	13.18	13.18	8.9676	
1359	1	13.22	13.22	9.0716	
1360	1	13.24	13.24	9.0424	
1361	1	13.25	13.25	8.9075	
1362	1	13.26	13.26	9.0124	
1363	1	13.41	13.41	9.1819	
1364	1	13.39	13.39	9.2379	
1365	1	13.46	13.46	9.9084	
1366	1	13.36	13.36	10.1904	
1367	1	13.34	13.34	10.0444	
1368	1	13.4	13.4	9.9	
1369	1	13.3	13.3	9.57	
1370	1	13.34	13.34	9.3244	
1371	1	13.1	13.1	7.81	
1372	1	13.31	13.31	8.0539	
1373	1	13.16	13.16	8.3344	
1374	1	13.03	13.03	7.5691	
1375	1	13.1	13.1	7.85	
1376	1	13.24	13.24	7.7224	
1377	1	13.35	13.35	8.1875	
1378	1	13.33	13.33	8.3811	
1379	1	13.44	13.44	8.7064	
1380	1	13.48	13.48	9.1096	
1381	1	13.32	13.32	8.9576	
1382	1	13.25	13.25	8.7075	
1383	1	13.25	13.25	8.6675	
1384	1	13.16	13.16	8.7344	
1385	1	13.24	13.24	9.1824	
1386	1	13.2	13.2	9.44	
1387	1	12.95	12.95	8.5075	
1388	1	12.88	12.88	8.1256	
1389	1	13.09	13.09	9.0419	
1390	1	13.06	13.06	9.2964	
1391	1	13.02	13.02	9.0596	
1392	1	12.84	12.84	8.9344	
1393	1	12.79	12.79	8.6459	
1394	1	12.79	12.79	8.6459	
1395	1	12.85	12.85	9.5275	
1396	1	12.9	12.9	9.29	
1397	1	12.88	12.88	8.8056	
1398	1	12.66	12.66	7.9444	
1399	1	12.87	12.87	7.9531	
1400	1	12.87	12.87	9.0531	
1401	1	12.72	12.72	9.0216	
1402	1	12.78	12.78	8.5916	
1403	1	12.84	12.84	8.8944	
1404	1	12.89	12.89	9.0579	
1405	1	12.96	12.96	9.0584	
1406	1	12.85	12.85	9.0875	
1407	1	12.84	12.84	8.7344	
1408	1	12.83	12.83	8.6411	
1409	1	12.76	12.76	8.1624	
1410	1	12.68	12.68	8.1176	
1411	1	12.89	12.89	8.6179	
1412	1	12.79	12.79	8.7459	
1413	1	12.68	12.68	8.7176	
1414	1	12.7	12.7	8.75	
1415	1	12.56	12.56	8.7664	
1416	1	12.71	12.71	8.5059	
1417	1	12.98	12.98	8.7796	
1418	1	12.89	12.89	8.1179	
1419	1	12.82	12.82	8.5476	
1420	1	13	13	9.08	
1421	1	13.01	13.01	9.2699	
1422	1	12.98	12.98	9.2196	
1423	1	12.87	12.87	8.9131	
1424	1	12.85	12.85	8.6475	
1425	1	12.98	12.98	8.1996	
1426	1	13.11	13.11	8.2579	
1427	1	13.17	13.17	8.6011	
1428	1	13.18	13.18	9.3876	
1429	1	13.45	13.45	9.5075	
1430	1	13.3	13.3	8.99	
1431	1	13.22	13.22	9.1116	
1432	1	13.18	13.18	9.5676	
1433	1	13.17	13.17	9.6411	
1434	1	13.08	13.08	9.5736	
1435	1	12.98	12.98	9.4996	
1436	1	12.76	12.76	8.7824	
1437	1	12.8	12.8	8.16	
1438	1	12.84	12.84	7.3744	
1439	1	12.86	12.86	7.0804	
1440	1	13.05	13.05	7.2875	
1441	1	13.26	13.26	7.2724	
1442	1	13.06	13.06	7.3764	
1443	1	13.12	13.12	7.4656	
1444	1	12.99	12.99	7.5299	
1445	1	13.17	13.17	7.9611	
1446	1	13.3	13.3	7.97	
1447	1	13.26	13.26	7.7324	
1448	1	13.2	13.2	7.88	
1449	1	13.28	13.28	7.5416	
1450	1	13.17	13.17	7.2811	
1451	1	13.26	13.26	7.2324	
1452	1	13.2	13.2	6.64	
1453	1	13.04	13.04	6.3784	
1454	1	12.91	12.91	6.2619	
1455	1	13.11	13.11	6.3779	
1456	1	13.42	13.42	7.1236	
1457	1	13.44	13.44	7.1064	
1458	1	13.45	13.45	7.2675	
1459	1	13.51	13.51	8.1499	
1460	1	13.36	13.36	8.1904	
1461	1	13.35	13.35	7.6275	
1462	1	13.2	13.2	7.08	
1463	1	13.17	13.17	7.5011	
1464	1	13.44	13.44	7.9464	
1465	1	13.43	13.43	8.3651	
1466	1	13.59	13.59	8.9019	
1467	1	13.53	13.53	8.6291	
1468	1	13.4	13.4	8.66	
1469	1	13.36	13.36	8.6304	
1470	1	13.39	13.39	9.3379	
1471	1	13.32	13.32	9.9576	
1472	1	13.64	13.64	10.7104	
1473	1	13.7	13.7	10.31	
1474	1	13.72	13.72	10.7016	
1475	1	13.78	13.78	10.8716	
1476	1	13.78	13.78	11.3516	
1477	1	13.69	13.69	10.5939	
1478	1	13.54	13.54	10.6084	
1479	1	13.56	13.56	11.0864	
1480	1	13.79	13.79	10.9459	
1481	1	13.8	13.8	11.28	
1482	1	13.85	13.85	10.9675	
1483	1	13.89	13.89	10.8779	
1484	1	13.96	13.96	10.4384	
1485	1	14.07	14.07	10.3851	
1486	1	14.19	14.19	10.8739	
1487	1	13.97	13.97	10.7691	
1488	1	13.93	13.93	10.8651	
1489	1	14.03	14.03	11.3291	
1490	1	13.89	13.89	11.1779	
1491	1	13.9	13.9	11.05	
1492	1	13.94	13.94	10.5764	
1493	1	13.72	13.72	11.2016	
1494	1	13.78	13.78	10.8716	
1495	1	14.02	14.02	11.4996	
1496	1	13.95	13.95	11.0075	
1497	1	14.05	14.05	10.5875	
1498	1	14.24	14.24	10.6424	
1499	1	14.21	14.21	10.7459	
1500	1	14.22	14.22	11.1316	
1501	1	14.06	14.06	10.8764	
1502	1	13.99	13.99	10.5899	
1503	1	13.88	13.88	10.2456	
1504	1	14.06	14.06	10.6364	
1505	1	14	14	10.68	
1506	1	14.18	14.18	11.6076	
1507	1	14.17	14.17	12.4211	
1508	1	13.95	13.95	11.9275	
1509	1	13.95	13.95	11.9875	
1510	1	14.09	14.09	11.4019	
1511	1	14.14	14.14	12.0004	
1512	1	14.32	14.32	11.8576	
1513	1	14.42	14.42	11.3436	
1514	1	14.47	14.47	11.4491	
1515	1	14.56	14.56	11.5464	
1516	1	14.45	14.45	11.8075	
1517	1	14.57	14.57	11.1851	
1518	1	14.59	14.59	11.4219	
1519	1	14.64	14.64	11.5904	
1520	1	14.76	14.76	12.3624	
1521	1	14.82	14.82	12.7276	
1522	1	14.85	14.85	12.4275	
1523	1	14.91	14.91	13.3019	
1524	1	14.85	14.85	12.7075	
1525	1	15.08	15.08	12.8936	
1526	1	14.88	14.88	12.8856	
1527	1	15.16	15.16	13.8744	
1528	1	15.47	15.47	14.2891	
1529	1	15.4	15.4	14.72	
1530	1	15.59	15.59	14.3419	
1531	1	15.62	15.62	14.0156	
1532	1	15.98	15.98	13.7596	
1533	1	15.79	15.79	14.0659	
1534	1	15.72	15.72	13.3616	
1535	1	15.63	15.63	13.9331	
1536	1	15.73	15.73	13.9371	
1537	1	15.56	15.56	14.1664	
1538	1	15.61	15.61	13.9379	
1539	1	15.61	15.61	13.3579	
1540	1	15.74	15.74	14.0724	
1541	1	15.94	15.94	14.0564	
1542	1	16.12	16.12	13.7856	
1543	1	16.17	16.17	13.5611	
1544	1	16.12	16.12	13.4056	
1545	1	16.08	16.08	13.8336	
1546	1	16.1	16.1	13.47	
1547	1	16.21	16.21	13.8459	
1548	1	16.46	16.46	13.5084	
1549	1	16.58	16.58	13.1236	
1550	1	16.61	16.61	12.7979	
1551	1	16.78	16.78	12.4316	
1552	1	16.9	16.9	12.29	
1553	1	17.06	17.06	12.3564	
1554	1	17.13	17.13	12.6331	
1555	1	17.09	17.09	12.8019	
1556	1	16.93	16.93	13.2051	
1557	1	16.69	16.69	13.8339	
1558	1	16.98	16.98	13.7996	
1559	1	17.04	17.04	14.2384	
1560	1	17.07	17.07	14.4851	
1561	1	16.87	16.87	14.6131	
1562	1	16.94	16.94	14.5764	
1563	1	16.8	16.8	14.18	
1564	1	16.72	16.72	14.4616	
1565	1	16.86	16.86	13.7004	
1566	1	16.98	16.98	13.6796	
1567	1	17.05	17.05	13.4675	
1568	1	16.75	16.75	13.7875	
1569	1	16.63	16.63	13.6131	
1570	1	16.59	16.59	13.7019	
1571	1	16.43	16.43	12.7251	
1572	1	16.32	16.32	12.4176	
1573	1	16.22	16.22	12.4716	
1574	1	16.32	16.32	12.5376	
1575	1	16.39	16.39	12.5179	
1576	1	16.46	16.46	12.3484	
1577	1	16.39	16.39	12.0979	
1578	1	16.2	16.2	11.78	
1579	1	16.08	16.08	11.3336	
1580	1	16.11	16.11	11.9979	
1581	1	16.21	16.21	12.1259	
1582	1	16.22	16.22	11.3916	
1583	1	16.31	16.31	11.3539	
1584	1	16.44	16.44	12.1264	
1585	1	16.42	16.42	11.9236	
1586	1	16.4	16.4	11.94	
1587	1	16.33	16.33	11.3411	
1588	1	16.19	16.19	10.9139	
1589	1	16.11	16.11	10.2379	
1590	1	16.2	16.2	10.58	
1591	1	16.11	16.11	10.4379	
1592	1	16.36	16.36	10.2904	
1593	1	16.27	16.27	9.4371	
1594	1	16.3	16.3	9.07	
1595	1	16.37	16.37	9.0531	
1596	1	16.06	16.06	7.8964	
1597	1	16.14	16.14	8.1204	
1598	1	16.02	16.02	8.4796	
1599	1	15.85	15.85	8.8875	
1600	1	16.05	16.05	8.6475	
1601	1	16.11	16.11	9.3379	
1602	1	16.27	16.27	8.0371	
1603	1	15.97	15.97	7.7491	
1604	1	16.04	16.04	7.9584	
1605	1	16.08	16.08	8.1536	
1606	1	16.08	16.08	8.0536	
1607	1	16.02	16.02	8.3196	
1608	1	16.07	16.07	7.7651	
1609	1	16.01	16.01	7.7099	
1610	1	16.03	16.03	7.4291	
1611	1	16.13	16.13	7.1531	
1612	1	16.2	16.2	7.84	
1613	1	16.19	16.19	8.0339	
1614	1	16.24	16.24	7.8224	
1615	1	16.37	16.37	7.6731	
1616	1	16.34	16.34	7.3444	
1617	1	16.21	16.21	7.6659	
1618	1	16.38	16.38	7.4556	
1619	1	16.25	16.25	7.4075	
1620	1	16.27	16.27	7.6371	
1621	1	16.1	16.1	7.53	
1622	1	15.94	15.94	7.3764	
1623	1	15.89	15.89	7.4779	
1624	1	15.97	15.97	6.8691	
1625	1	15.93	15.93	6.6051	
1626	1	15.95	15.95	6.5475	
1627	1	16.2	16.2	6.68	
1628	1	16.18	16.18	6.2876	
1629	1	16.23	16.23	6.1771	
1630	1	16.25	16.25	6.1075	
1631	1	16.34	16.34	6.4044	
1632	1	16.43	16.43	6.0251	
1633	1	16.34	16.34	6.1444	
1634	1	16.24	16.24	6.1424	
1635	1	16.23	16.23	6.2171	
1636	1	16.36	16.36	6.4704	
1637	1	16.52	16.52	6.0496	
1638	1	16.44	16.44	6.2664	
1639	1	16.56	16.56	6.6464	
1640	1	16.62	16.62	6.1756	
1641	1	16.57	16.57	6.1651	
1642	1	16.61	16.61	6.7579	
1643	1	16.62	16.62	6.7556	
1644	1	16.7	16.7	6.75	
1645	1	16.56	16.56	6.7064	
1646	1	16.59	16.59	6.8019	
1647	1	16.75	16.75	6.6475	
1648	1	16.7	16.7	6.69	
1649	1	16.7	16.7	6.83	
1650	1	16.75	16.75	6.4675	
1651	1	16.87	16.87	6.2531	
1652	1	16.86	16.86	6.5804	
1653	1	16.95	16.95	7.0675	
1654	1	16.84	16.84	6.6744	
1655	1	16.79	16.79	7.0659	
1656	1	16.95	16.95	7.6475	
1657	1	17.04	17.04	7.7184	
1658	1	17.03	17.03	7.7491	
1659	1	16.8	16.8	8.16	
1660	1	16.84	16.84	8.0344	
1661	1	16.82	16.82	8.2076	
1662	1	16.9	16.9	8.31	
1663	1	16.81	16.81	8.7539	
1664	1	16.73	16.73	8.7571	
1665	1	16.74	16.74	8.5524	
1666	1	16.8	16.8	8.46	
1667	1	16.87	16.87	8.6531	
1668	1	16.8	16.8	8.64	
1669	1	16.85	16.85	8.5675	
1670	1	16.92	16.92	9.1136	
1671	1	17	17	9.14	
1672	1	16.88	16.88	8.5456	
1673	1	17.01	17.01	7.4499	
1674	1	16.98	16.98	7.5996	
1675	1	17.02	17.02	7.1396	
1676	1	17.1	17.1	6.89	
1677	1	17.28	17.28	6.5016	
1678	1	17.21	17.21	6.2659	
1679	1	17.11	17.11	6.2979	
1680	1	17.12	17.12	6.3856	
1681	1	17.11	17.11	6.7579	
1682	1	17.17	17.17	7.1411	
1683	1	17.15	17.15	7.0075	
1684	1	17.08	17.08	7.2136	
1685	1	17.12	17.12	7.9056	
1686	1	17.12	17.12	7.9856	
1687	1	17.36	17.36	9.1104	
1688	1	17.12	17.12	9.4456	
1689	1	17.12	17.12	8.4656	
1690	1	17.32	17.32	8.2776	
1691	1	17.33	17.33	8.3611	
1692	1	17.19	17.19	8.3539	
1693	1	17.37	17.37	8.8931	
1694	1	17.56	17.56	8.2464	
1695	1	17.48	17.48	7.1096	
1696	1	17.61	17.61	7.5379	
1697	1	17.7	17.7	7.27	
1698	1	17.69	17.69	7.4939	
1699	1	17.88	17.88	8.0856	
1700	1	17.87	17.87	9.6731	
1701	1	17.54	17.54	10.5284	
1702	1	17.59	17.59	10.6219	
1703	1	17.53	17.53	9.8691	
1704	1	17.62	17.62	10.4556	
1705	1	17.56	17.56	10.3864	
1706	1	17.67	17.67	11.3011	
1707	1	17.57	17.57	11.1251	
1708	1	17.51	17.51	11.7499	
1709	1	17.78	17.78	12.2916	
1710	1	17.84	17.84	12.1344	
1711	1	17.64	17.64	12.0504	
1712	1	17.78	17.78	13.0916	
1713	1	17.43	17.43	11.9051	
1714	1	17.5	17.5	11.19	
1715	1	17.41	17.41	11.2419	
1716	1	17.54	17.54	10.0284	
1717	1	17.58	17.58	10.4036	
1718	1	17.54	17.54	11.2284	
1719	1	17.5	17.5	10.81	
1720	1	17.43	17.43	10.8051	
1721	1	17.51	17.51	10.5699	
1722	1	17.55	17.55	10.4275	
1723	1	17.56	17.56	10.2264	
1724	1	17.81	17.81	11.4339	
1725	1	17.88	17.88	12.5056	
1726	1	18.07	18.07	13.0251	
1727	1	18.04	18.04	12.2584	
1728	1	17.99	17.99	12.0899	
1729	1	18.1	18.1	12.63	
1730	1	17.97	17.97	11.1691	
1731	1	18.21	18.21	12.0059	
1732	1	18.13	18.13	11.9531	
1733	1	18.23	18.23	12.8171	
1734	1	18.27	18.27	12.8171	
1735	1	18.22	18.22	12.4116	
1736	1	18.09	18.09	12.0619	
1737	1	18.13	18.13	11.8131	
1738	1	18.07	18.07	11.8451	
1739	1	18.23	18.23	12.3171	
1740	1	18.27	18.27	12.2371	
1741	1	18.28	18.28	11.9216	
1742	1	18.22	18.22	11.7116	
1743	1	18.26	18.26	11.6324	
1744	1	18.35	18.35	12.1675	
1745	1	18.3	18.3	12.33	
1746	1	18.12	18.12	12.4856	
1747	1	18.19	18.19	12.3939	
1748	1	17.86	17.86	11.6404	
1749	1	17.68	17.68	10.0176	
1750	1	17.82	17.82	9.9476	
1751	1	17.59	17.59	9.5619	
1752	1	17.47	17.47	9.3091	
1753	1	17.64	17.64	9.8304	
1754	1	17.56	17.56	9.2464	
1755	1	17.52	17.52	8.6896	
1756	1	17.31	17.31	8.2339	
1757	1	17.31	17.31	8.4539	
1758	1	17.17	17.17	8.6611	
1759	1	17.34	17.34	8.7444	
1760	1	17.58	17.58	9.0236	
1761	1	17.74	17.74	9.7724	
1762	1	17.91	17.91	10.5619	
1763	1	17.75	17.75	10.4675	
1764	1	17.79	17.79	10.7459	
1765	1	17.81	17.81	11.0139	
1766	1	17.7	17.7	10.67	
1767	1	17.57	17.57	9.5251	
1768	1	17.58	17.58	9.8036	
1769	1	17.67	17.67	9.8211	
1770	1	17.72	17.72	9.3216	
1771	1	17.84	17.84	9.9344	
1772	1	18.06	18.06	10.3564	
1773	1	18.02	18.02	9.8796	
1774	1	18.02	18.02	10.3596	
1775	1	17.84	17.84	9.8944	
1776	1	17.9	17.9	10.23	
1777	1	17.89	17.89	10.3379	
1778	1	18.12	18.12	10.8056	
1779	1	18	18	11.04	
1780	1	18.07	18.07	11.1251	
1781	1	18.13	18.13	11.3131	
1782	1	18.47	18.47	12.6291	
1783	1	18.4	18.4	11.92	
1784	1	18.52	18.52	12.0696	
1785	1	18.54	18.54	12.3084	
1786	1	18.58	18.58	12.2436	
1787	1	18.57	18.57	11.8451	
1788	1	18.31	18.31	11.4339	
1789	1	18.66	18.66	12.4444	
1790	1	18.54	18.54	12.3684	
1791	1	18.64	18.64	12.2904	
1792	1	18.57	18.57	12.2851	
1793	1	18.55	18.55	12.1675	
1794	1	18.63	18.63	12.8131	
1795	1	18.51	18.51	12.0499	
1796	1	18.56	18.56	12.0064	
1797	1	18.53	18.53	12.2091	
1798	1	18.68	18.68	12.6376	
1799	1	18.57	18.57	13.5451	
1800	1	18.54	18.54	13.1484	
1801	1	18.39	18.39	12.8379	
1802	1	18.36	18.36	12.9304	
1803	1	18.57	18.57	13.3651	
1804	1	18.53	18.53	12.8291	
1805	1	18.13	18.13	12.1331	
1806	1	17.96	17.96	12.2184	
1807	1	17.71	17.71	11.7459	
1808	1	17.69	17.69	12.0539	
1809	1	17.78	17.78	12.2516	
1810	1	17.8	17.8	11.7	
1811	1	17.84	17.84	11.8944	
1812	1	18.06	18.06	13.1964	
1813	1	18.06	18.06	13.5564	
1814	1	18.02	18.02	12.8396	
1815	1	17.96	17.96	12.5784	
1816	1	17.81	17.81	11.4939	
1817	1	17.83	17.83	11.8411	
1818	1	18.05	18.05	13.2675	
1819	1	18.12	18.12	13.0656	
1820	1	18.08	18.08	12.8736	
1821	1	17.89	17.89	11.8779	
1822	1	17.65	17.65	11.1475	
1823	1	17.71	17.71	10.8859	
1824	1	17.76	17.76	11.1224	
1825	1	17.97	17.97	12.0491	
1826	1	18.15	18.15	14.1275	
1827	1	18.15	18.15	13.3475	
1828	1	18.08	18.08	12.5136	
1829	1	18.09	18.09	12.4219	
1830	1	18.07	18.07	12.0451	
1831	1	18.01	18.01	11.4899	
1832	1	17.97	17.97	11.2091	
1833	1	18.1	18.1	12.35	
1834	1	17.94	17.94	11.1764	
1835	1	17.84	17.84	10.0944	
1836	1	17.76	17.76	8.9024	
1837	1	17.72	17.72	8.8416	
1838	1	17.78	17.78	8.6916	
1839	1	17.81	17.81	8.3939	
1840	1	17.8	17.8	8.4	
1841	1	17.88	17.88	8.8656	
1842	1	17.89	17.89	8.5579	
1843	1	17.94	17.94	9.0964	
1844	1	18.05	18.05	8.8675	
1845	1	18.17	18.17	8.6611	
1846	1	18.16	18.16	8.6344	
1847	1	18.08	18.08	8.5536	
1848	1	18.07	18.07	8.5051	
1849	1	18.02	18.02	8.3196	
1850	1	18.18	18.18	8.4676	
1851	1	18.22	18.22	7.9516	
1852	1	18.23	18.23	8.1771	
1853	1	18.25	18.25	8.2275	
1854	1	18.1	18.1	7.79	
1855	1	18.2	18.2	8.48	
1856	1	18.28	18.28	8.3816	
1857	1	18.43	18.43	8.5251	
1858	1	18.39	18.39	8.7179	
1859	1	18.54	18.54	8.6484	
1860	1	18.58	18.58	8.9636	
1861	1	18.48	18.48	8.8896	
1862	1	18.55	18.55	9.3275	
1863	1	18.74	18.74	9.2124	
1864	1	18.72	18.72	9.6216	
1865	1	18.69	18.69	9.3539	
1866	1	18.75	18.75	8.8675	
1867	1	18.71	18.71	9.1259	
1868	1	18.75	18.75	8.8875	
1869	1	18.79	18.79	9.6859	
1870	1	18.68	18.68	9.6576	
1871	1	18.52	18.52	9.7696	
1872	1	18.73	18.73	10.1971	
1873	1	18.72	18.72	9.8416	
1874	1	18.79	18.79	9.6259	
1875	1	18.91	18.91	9.0619	
1876	1	18.84	18.84	9.1544	
1877	1	18.89	18.89	9.7979	
1878	1	19.04	19.04	10.1984	
1879	1	19.24	19.24	9.8624	
1880	1	19.26	19.26	9.4724	
1881	1	19.24	19.24	10.0224	
1882	1	19.21	19.21	9.9659	
1883	1	19.13	19.13	10.1331	
1884	1	18.9	18.9	9.57	
1885	1	18.89	18.89	9.6979	
1886	1	18.93	18.93	9.9251	
1887	1	18.88	18.88	9.6656	
1888	1	18.74	18.74	9.3324	
1889	1	18.86	18.86	9.7804	
1890	1	18.95	18.95	9.9075	
1891	1	18.9	18.9	9.89	
1892	1	18.83	18.83	9.3211	
1893	1	18.89	18.89	9.1779	
1894	1	19.05	19.05	9.4675	
1895	1	19.11	19.11	9.9179	
1896	1	19.19	19.19	9.7139	
1897	1	18.96	18.96	10.4184	
1898	1	18.96	18.96	10.6184	
1899	1	18.76	18.76	10.3224	
1900	1	18.63	18.63	9.8531	
1901	1	18.46	18.46	9.3684	
1902	1	18.54	18.54	8.9684	
1903	1	18.57	18.57	9.2651	
1904	1	18.55	18.55	8.9475	
1905	1	18.77	18.77	9.1571	
1906	1	18.68	18.68	8.7176	
1907	1	18.75	18.75	8.8875	
1908	1	18.61	18.61	8.6179	
1909	1	18.72	18.72	8.8816	
1910	1	18.61	18.61	8.6179	
1911	1	18.6	18.6	9.16	
1912	1	18.74	18.74	8.9724	
1913	1	18.93	18.93	9.7851	
1914	1	18.66	18.66	8.9844	
1915	1	18.7	18.7	8.67	
1916	1	18.99	18.99	9.4099	
1917	1	18.96	18.96	9.2984	
1918	1	19.13	19.13	9.1731	
1919	1	19.26	19.26	9.3524	
1920	1	19.03	19.03	9.3291	
1921	1	19.12	19.12	9.1256	
1922	1	19.02	19.02	9.0796	
1923	1	19.25	19.25	9.5075	
1924	1	19.47	19.47	9.2091	
1925	1	19.67	19.67	9.6011	
1926	1	19.86	19.86	10.7004	
1927	1	20.01	20.01	11.2499	
1928	1	19.93	19.93	11.2251	
1929	1	19.94	19.94	11.5364	
1930	1	19.97	19.97	11.6091	
1931	1	19.89	19.89	11.9379	
1932	1	19.87	19.87	12.4731	
1933	1	19.91	19.91	12.9819	
1934	1	19.98	19.98	12.2796	
1935	1	19.78	19.78	12.7316	
1936	1	19.83	19.83	12.2411	
1937	1	19.68	19.68	11.6176	
1938	1	19.55	19.55	11.2475	
1939	1	19.47	19.47	10.6491	
1940	1	19.41	19.41	10.5019	
1941	1	19.28	19.28	9.6616	
1942	1	19.54	19.54	10.1684	
1943	1	19.71	19.71	10.2259	
1944	1	19.75	19.75	9.9675	
1945	1	19.69	19.69	9.8339	
1946	1	19.66	19.66	9.7244	
1947	1	19.63	19.63	9.7731	
1948	1	19.62	19.62	9.6756	
1949	1	19.65	19.65	9.5675	
1950	1	19.6	19.6	10.12	
1951	1	19.61	19.61	9.7579	
1952	1	19.45	19.45	9.5075	
1953	1	19.4	19.4	9.54	
1954	1	19.49	19.49	9.8699	
1955	1	19.6	19.6	10.18	
1956	1	19.65	19.65	9.7675	
1957	1	19.66	19.66	9.7444	
1958	1	19.72	19.72	10.4616	
1959	1	19.77	19.77	10.3971	
1960	1	19.76	19.76	10.8424	
1961	1	19.88	19.88	10.8056	
1962	1	19.71	19.71	10.4459	
1963	1	19.71	19.71	10.8859	
1964	1	19.6	19.6	10.82	
1965	1	19.58	19.58	10.6636	
1966	1	19.8	19.8	11.02	
1967	1	19.85	19.85	11.1875	
1968	1	19.7	19.7	10.39	
1969	1	19.58	19.58	10.1236	
1970	1	19.63	19.63	10.2331	
1971	1	19.52	19.52	9.7896	
1972	1	19.35	19.35	9.5675	
1973	1	19.43	19.43	9.6451	
1974	1	19.52	19.52	9.7496	
1975	1	19.55	19.55	9.6875	
1976	1	19.43	19.43	9.7851	
1977	1	19.74	19.74	10.5524	
1978	1	19.6	19.6	10.64	
1979	1	19.66	19.66	10.1844	
1980	1	19.54	19.54	10.0084	
1981	1	19.59	19.59	9.7419	
1982	1	19.62	19.62	10.2756	
1983	1	19.38	19.38	9.7556	
1984	1	19.65	19.65	10.6675	
1985	1	19.6	19.6	10.44	
1986	1	19.74	19.74	10.2724	
1987	1	19.79	19.79	10.7859	
1988	1	19.63	19.63	10.1131	
1989	1	19.67	19.67	10.4211	
1990	1	19.73	19.73	10.4771	
1991	1	19.68	19.68	10.1976	
1992	1	19.71	19.71	10.4259	
1993	1	19.51	19.51	10.1699	
1994	1	19.55	19.55	9.9075	
1995	1	19.48	19.48	9.9096	
1996	1	19.64	19.64	9.9104	
1997	1	19.8	19.8	10.3	
1998	1	19.67	19.67	10.0011	
1999	1	19.74	19.74	10.3724	
2000	1	19.91	19.91	10.6419	
