# mu = 0.1, s = 0.01, trials requested = 1, runtime = 0:00:01
# "Time"	"Actual trials"	"Mean mutation"	"Average mean mutation"	"Average mutation variance"
0	1	0	0	0	
1	1	0.03	0.03	0.0291	
2	1	0.04	0.04	0.0384	
3	1	0.04	0.04	0.0384	
4	1	0.06	0.06	0.0564	
5	1	0.12	0.12	0.1256	
6	1	0.13	0.13	0.1331	
7	1	0.12	0.12	0.1256	
8	1	0.12	0.12	0.1256	
9	1	0.14	0.14	0.1404	
10	1	0.14	0.14	0.1404	
11	1	0.13	0.13	0.1331	
12	1	0.14	0.14	0.1604	
13	1	0.11	0.11	0.1179	
14	1	0.1	0.1	0.11	
15	1	0.11	0.11	0.1179	
16	1	0.15	0.15	0.1675	
17	1	0.16	0.16	0.1744	
18	1	0.18	0.18	0.1876	
19	1	0.18	0.18	0.1876	
20	1	0.18	0.18	0.1876	
21	1	0.18	0.18	0.2076	
22	1	0.17	0.17	0.1811	
23	1	0.16	0.16	0.1544	
24	1	0.16	0.16	0.1344	
25	1	0.2	0.2	0.24	
26	1	0.18	0.18	0.1876	
27	1	0.21	0.21	0.2059	
28	1	0.22	0.22	0.2116	
29	1	0.21	0.21	0.2059	
30	1	0.18	0.18	0.1676	
31	1	0.16	0.16	0.1544	
32	1	0.13	0.13	0.1131	
33	1	0.12	0.12	0.1056	
34	1	0.1	0.1	0.09	
35	1	0.12	0.12	0.1256	
36	1	0.15	0.15	0.1475	
37	1	0.17	0.17	0.1611	
38	1	0.16	0.16	0.1544	
39	1	0.18	0.18	0.1676	
40	1	0.2	0.2	0.18	
41	1	0.22	0.22	0.1916	
42	1	0.21	0.21	0.1859	
43	1	0.28	0.28	0.3016	
44	1	0.28	0.28	0.2816	
45	1	0.3	0.3	0.31	
46	1	0.3	0.3	0.33	
47	1	0.31	0.31	0.3539	
48	1	0.24	0.24	0.2824	
49	1	0.21	0.21	0.2459	
50	1	0.21	0.21	0.2259	
51	1	0.23	0.23	0.2371	
52	1	0.27	0.27	0.2771	
53	1	0.28	0.28	0.2616	
54	1	0.28	0.28	0.3016	
55	1	0.29	0.29	0.3259	
56	1	0.27	0.27	0.2971	
57	1	0.25	0.25	0.2275	
58	1	0.27	0.27	0.2571	
59	1	0.31	0.31	0.3139	
60	1	0.34	0.34	0.3444	
61	1	0.33	0.33	0.3411	
62	1	0.31	0.31	0.3139	
63	1	0.28	0.28	0.2816	
64	1	0.29	0.29	0.3059	
65	1	0.34	0.34	0.3444	
66	1	0.38	0.38	0.3956	
67	1	0.36	0.36	0.3704	
68	1	0.35	0.35	0.3675	
69	1	0.34	0.34	0.3644	
70	1	0.36	0.36	0.3904	
71	1	0.45	0.45	0.5075	
72	1	0.45	0.45	0.4875	
73	1	0.43	0.43	0.4851	
74	1	0.44	0.44	0.5264	
75	1	0.43	0.43	0.5651	
76	1	0.4	0.4	0.52	
77	1	0.45	0.45	0.6275	
78	1	0.48	0.48	0.6896	
79	1	0.51	0.51	0.6899	
80	1	0.46	0.46	0.6084	
81	1	0.42	0.42	0.5636	
82	1	0.42	0.42	0.5836	
83	1	0.45	0.45	0.5875	
84	1	0.45	0.45	0.5875	
85	1	0.51	0.51	0.6299	
86	1	0.48	0.48	0.5696	
87	1	0.51	0.51	0.6499	
88	1	0.47	0.47	0.5691	
89	1	0.49	0.49	0.5699	
90	1	0.47	0.47	0.5091	
91	1	0.48	0.48	0.5096	
92	1	0.46	0.46	0.4684	
93	1	0.45	0.45	0.4875	
94	1	0.48	0.48	0.5696	
95	1	0.49	0.49	0.6099	
96	1	0.49	0.49	0.6299	
97	1	0.48	0.48	0.6296	
98	1	0.52	0.52	0.7096	
99	1	0.5	0.5	0.67	
100	1	0.48	0.48	0.6096	
101	1	0.54	0.54	0.6884	
102	1	0.58	0.58	0.7436	
103	1	0.61	0.61	0.7579	
104	1	0.6	0.6	0.74	
105	1	0.65	0.65	0.8675	
106	1	0.68	0.68	0.8976	
107	1	0.68	0.68	0.7776	
108	1	0.66	0.66	0.6844	
109	1	0.64	0.64	0.6704	
110	1	0.7	0.7	0.79	
111	1	0.76	0.76	0.8624	
112	1	0.78	0.78	0.8516	
113	1	0.83	0.83	0.8811	
114	1	0.77	0.77	0.8571	
115	1	0.77	0.77	0.8971	
116	1	0.73	0.73	0.7971	
117	1	0.82	0.82	0.9076	
118	1	0.84	0.84	0.9344	
119	1	0.86	0.86	0.9804	
120	1	0.85	0.85	0.9875	
121	1	0.83	0.83	0.9611	
122	1	0.79	0.79	0.9659	
123	1	0.8	0.8	0.96	
124	1	0.78	0.78	0.9116	
125	1	0.82	0.82	0.9676	
126	1	0.82	0.82	0.9676	
127	1	0.81	0.81	0.9339	
128	1	0.83	0.83	1.0011	
129	1	0.91	0.91	1.0819	
130	1	0.91	0.91	1.0419	
131	1	0.97	0.97	1.1291	
132	1	1.03	1.03	1.1491	
133	1	1.08	1.08	1.1936	
134	1	1.08	1.08	1.2936	
135	1	1.09	1.09	1.3219	
136	1	1.16	1.16	1.3944	
137	1	1.19	1.19	1.4139	
138	1	1.13	1.13	1.3531	
139	1	1.02	1.02	1.1996	
140	1	1.09	1.09	1.2219	
141	1	1.14	1.14	1.2604	
142	1	1.13	1.13	1.3131	
143	1	1.18	1.18	1.3676	
144	1	1.19	1.19	1.3139	
145	1	1.22	1.22	1.3916	
146	1	1.17	1.17	1.3811	
147	1	1.11	1.11	1.3779	
148	1	1.19	1.19	1.3739	
149	1	1.2	1.2	1.48	
150	1	1.24	1.24	1.4424	
151	1	1.23	1.23	1.3771	
152	1	1.22	1.22	1.3316	
153	1	1.24	1.24	1.3624	
154	1	1.24	1.24	1.3624	
155	1	1.38	1.38	1.3756	
156	1	1.32	1.32	1.4376	
157	1	1.26	1.26	1.4124	
158	1	1.36	1.36	1.3704	
159	1	1.36	1.36	1.3704	
160	1	1.38	1.38	1.3356	
161	1	1.34	1.34	1.3244	
162	1	1.37	1.37	1.3731	
163	1	1.39	1.39	1.4179	
164	1	1.42	1.42	1.4236	
165	1	1.47	1.47	1.5291	
166	1	1.57	1.57	1.5051	
167	1	1.62	1.62	1.4556	
168	1	1.53	1.53	1.4891	
169	1	1.57	1.57	1.5451	
170	1	1.63	1.63	1.6731	
171	1	1.79	1.79	1.6859	
172	1	1.84	1.84	1.7944	
173	1	1.86	1.86	1.8004	
174	1	1.79	1.79	1.7659	
175	1	1.84	1.84	1.6944	
176	1	1.9	1.9	1.71	
177	1	1.85	1.85	1.7075	
178	1	1.88	1.88	1.7856	
179	1	1.86	1.86	1.8204	
180	1	1.86	1.86	1.7604	
181	1	1.85	1.85	1.8475	
182	1	1.96	1.96	1.7384	
183	1	1.98	1.98	1.6596	
184	1	2.04	2.04	1.6184	
185	1	2.1	2.1	1.59	
186	1	2.09	2.09	1.6819	
187	1	2.08	2.08	1.7536	
188	1	1.98	1.98	1.8796	
189	1	2.01	2.01	1.7899	
190	1	2.03	2.03	1.8291	
191	1	1.99	1.99	1.9099	
192	1	2.06	2.06	1.7764	
193	1	2.13	2.13	1.7731	
194	1	2.05	2.05	2.0275	
195	1	2.09	2.09	2.0819	
196	1	2.19	2.19	2.0739	
197	1	2.13	2.13	2.1731	
198	1	2.12	2.12	2.2056	
199	1	2.09	2.09	2.1819	
200	1	2.12	2.12	2.1456	
201	1	2.24	2.24	2.0424	
202	1	2.23	2.23	2.0571	
203	1	2.25	2.25	1.9675	
204	1	2.2	2.2	2.08	
205	1	2.13	2.13	2.1331	
206	1	2.15	2.15	2.0675	
207	1	2.19	2.19	1.9739	
208	1	2.25	2.25	1.9875	
209	1	2.18	2.18	2.1276	
210	1	2.18	2.18	2.0876	
211	1	2.22	2.22	2.0716	
212	1	2.16	2.16	2.1144	
213	1	2.32	2.32	1.9176	
214	1	2.31	2.31	1.9339	
215	1	2.32	2.32	1.9776	
216	1	2.31	2.31	1.8939	
217	1	2.35	2.35	1.9475	
218	1	2.46	2.46	1.8284	
219	1	2.47	2.47	1.9291	
220	1	2.55	2.55	1.8675	
221	1	2.54	2.54	1.9284	
222	1	2.53	2.53	1.7491	
223	1	2.53	2.53	1.7691	
224	1	2.51	2.51	1.7699	
225	1	2.57	2.57	1.7451	
226	1	2.6	2.6	1.7	
227	1	2.64	2.64	1.7304	
228	1	2.76	2.76	1.5824	
229	1	2.77	2.77	1.7171	
230	1	2.78	2.78	1.6716	
231	1	2.84	2.84	1.6344	
232	1	2.85	2.85	1.5675	
233	1	2.78	2.78	1.5516	
234	1	2.72	2.72	1.5616	
235	1	2.75	2.75	1.3275	
236	1	2.68	2.68	1.3976	
237	1	2.69	2.69	1.4739	
238	1	2.67	2.67	1.4811	
239	1	2.7	2.7	1.51	
240	1	2.79	2.79	1.4059	
241	1	2.83	2.83	1.5011	
242	1	2.91	2.91	1.5219	
243	1	2.99	2.99	1.5299	
244	1	3	3	1.5	
245	1	3.07	3.07	1.5251	
246	1	3.06	3.06	1.6164	
247	1	2.96	2.96	1.6984	
248	1	3.01	3.01	1.7899	
249	1	3.06	3.06	1.9164	
250	1	3.09	3.09	2.0019	
251	1	3.21	3.21	1.9459	
252	1	3.24	3.24	1.9224	
253	1	3.13	3.13	1.8531	
254	1	3.18	3.18	1.8276	
255	1	3.2	3.2	1.98	
256	1	3.12	3.12	1.8256	
257	1	3.14	3.14	1.8404	
258	1	3.07	3.07	1.8651	
259	1	3.04	3.04	1.7384	
260	1	2.97	2.97	1.6691	
261	1	3.02	3.02	1.6596	
262	1	2.95	2.95	1.7075	
263	1	2.95	2.95	1.7475	
264	1	2.89	2.89	1.7379	
265	1	2.91	2.91	1.8819	
266	1	2.97	2.97	1.7091	
267	1	2.97	2.97	1.9091	
268	1	2.98	2.98	1.8996	
269	1	2.97	2.97	1.7291	
270	1	3	3	1.58	
271	1	3.02	3.02	1.6996	
272	1	3.03	3.03	1.8291	
273	1	3.11	3.11	1.9179	
274	1	3.13	3.13	2.0331	
275	1	3.18	3.18	2.0076	
276	1	3.11	3.11	2.2779	
277	1	3.16	3.16	2.0544	
278	1	3.28	3.28	2.0616	
279	1	3.25	3.25	1.9475	
280	1	3.24	3.24	1.9624	
281	1	3.15	3.15	1.9675	
282	1	3.18	3.18	2.0676	
283	1	3.21	3.21	2.1259	
284	1	3.2	3.2	2.12	
285	1	3.17	3.17	2.1411	
286	1	3.2	3.2	1.94	
287	1	3.15	3.15	2.0675	
288	1	3.18	3.18	1.9676	
289	1	3.19	3.19	2.1339	
290	1	3.12	3.12	2.1856	
291	1	3.13	3.13	2.0331	
292	1	3.08	3.08	2.0136	
293	1	3.19	3.19	2.0939	
294	1	3.12	3.12	2.0856	
295	1	2.99	2.99	2.0899	
296	1	2.89	2.89	2.1179	
297	1	2.84	2.84	2.1344	
298	1	2.81	2.81	1.9939	
299	1	2.73	2.73	1.9771	
300	1	2.77	2.77	2.0571	
301	1	2.9	2.9	1.99	
302	1	2.85	2.85	2.1075	
303	1	2.85	2.85	2.2075	
304	1	2.75	2.75	1.9075	
305	1	2.81	2.81	2.0739	
306	1	2.88	2.88	2.0856	
307	1	2.92	2.92	2.2336	
308	1	2.93	2.93	2.1451	
309	1	2.93	2.93	2.4451	
310	1	3	3	2.58	
311	1	3.08	3.08	2.4736	
312	1	3.03	3.03	2.2691	
313	1	3	3	2.3	
314	1	3.17	3.17	2.3411	
315	1	3.22	3.22	2.2516	
316	1	3.22	3.22	2.1116	
317	1	3.13	3.13	2.1131	
318	1	3.09	3.09	2.2019	
319	1	3.18	3.18	2.1676	
320	1	3.14	3.14	2.2804	
321	1	3.18	3.18	2.3076	
322	1	3.14	3.14	2.2604	
323	1	3	3	2.42	
324	1	3.03	3.03	2.3691	
325	1	3.08	3.08	2.3936	
326	1	3.13	3.13	2.2331	
327	1	3.06	3.06	2.1964	
328	1	3.12	3.12	2.1856	
329	1	3.1	3.1	2.35	
330	1	3.1	3.1	2.35	
331	1	3.03	3.03	2.3491	
332	1	3.02	3.02	2.3996	
333	1	2.92	2.92	2.3736	
334	1	3.08	3.08	2.4336	
335	1	3.17	3.17	2.4011	
336	1	3.12	3.12	2.4856	
337	1	3.13	3.13	2.7131	
338	1	3.18	3.18	2.8076	
339	1	3.27	3.27	2.6571	
340	1	3.19	3.19	2.4339	
341	1	3.26	3.26	2.3524	
342	1	3.16	3.16	2.4544	
343	1	3.04	3.04	2.3584	
344	1	2.98	2.98	2.3796	
345	1	2.94	2.94	2.4364	
346	1	2.91	2.91	2.3619	
347	1	2.97	2.97	2.5091	
348	1	2.91	2.91	2.3419	
349	1	2.96	2.96	2.3584	
350	1	2.98	2.98	2.3596	
351	1	3	3	2.26	
352	1	3.01	3.01	2.2699	
353	1	2.99	2.99	2.2099	
354	1	3.03	3.03	2.1691	
355	1	3.06	3.06	2.1564	
356	1	2.88	2.88	2.1656	
357	1	2.96	2.96	2.2184	
358	1	2.93	2.93	2.1851	
359	1	2.98	2.98	1.9996	
360	1	2.99	2.99	1.8499	
361	1	3.06	3.06	1.9764	
362	1	3.16	3.16	2.0144	
363	1	3.24	3.24	2.0824	
364	1	3.26	3.26	2.1724	
365	1	3.28	3.28	2.1416	
366	1	3.26	3.26	2.2124	
367	1	3.17	3.17	2.3411	
368	1	3.13	3.13	2.3331	
369	1	3.2	3.2	2.36	
370	1	3.28	3.28	2.3816	
371	1	3.18	3.18	2.2076	
372	1	3.21	3.21	2.2859	
373	1	3.26	3.26	2.1924	
374	1	3.32	3.32	2.1976	
375	1	3.29	3.29	2.2259	
376	1	3.3	3.3	2.37	
377	1	3.32	3.32	2.3976	
378	1	3.37	3.37	2.4331	
379	1	3.36	3.36	2.3304	
380	1	3.41	3.41	2.2819	
381	1	3.33	3.33	2.4011	
382	1	3.39	3.39	2.4979	
383	1	3.3	3.3	2.63	
384	1	3.44	3.44	2.6264	
385	1	3.32	3.32	2.6776	
386	1	3.24	3.24	2.8824	
387	1	3.27	3.27	2.6171	
388	1	3.32	3.32	2.6176	
389	1	3.35	3.35	2.5075	
390	1	3.25	3.25	2.2475	
391	1	3.22	3.22	2.2516	
392	1	3.27	3.27	2.3371	
393	1	3.43	3.43	2.3251	
394	1	3.45	3.45	2.1675	
395	1	3.37	3.37	2.0731	
396	1	3.37	3.37	2.0931	
397	1	3.4	3.4	2.2	
398	1	3.28	3.28	2.3616	
399	1	3.33	3.33	2.4611	
400	1	3.44	3.44	2.3864	
401	1	3.42	3.42	2.3436	
402	1	3.37	3.37	2.5331	
403	1	3.38	3.38	2.4956	
404	1	3.42	3.42	2.4836	
405	1	3.51	3.51	2.3499	
406	1	3.51	3.51	2.2899	
407	1	3.48	3.48	2.4096	
408	1	3.54	3.54	2.4884	
409	1	3.51	3.51	2.2899	
410	1	3.54	3.54	2.0684	
411	1	3.63	3.63	1.9531	
412	1	3.53	3.53	1.9891	
413	1	3.49	3.49	2.0699	
414	1	3.46	3.46	2.1284	
415	1	3.32	3.32	1.9976	
416	1	3.32	3.32	2.0776	
417	1	3.34	3.34	2.1244	
418	1	3.41	3.41	2.1619	
419	1	3.48	3.48	2.0896	
420	1	3.44	3.44	2.1264	
421	1	3.45	3.45	2.0875	
422	1	3.46	3.46	2.3084	
423	1	3.51	3.51	2.2499	
424	1	3.47	3.47	2.0091	
425	1	3.46	3.46	2.2284	
426	1	3.39	3.39	2.2179	
427	1	3.35	3.35	2.3075	
428	1	3.36	3.36	2.3904	
429	1	3.35	3.35	2.4875	
430	1	3.32	3.32	2.3776	
431	1	3.23	3.23	2.4571	
432	1	3.06	3.06	2.5164	
433	1	3.15	3.15	2.6075	
434	1	3.14	3.14	2.4604	
435	1	3.14	3.14	2.4204	
436	1	3.11	3.11	2.5779	
437	1	3.06	3.06	2.4964	
438	1	3.07	3.07	2.4851	
439	1	3.05	3.05	2.6075	
440	1	3.14	3.14	2.5204	
441	1	3.18	3.18	2.5476	
442	1	3.24	3.24	2.7624	
443	1	3.2	3.2	2.94	
444	1	3.22	3.22	2.8916	
445	1	3.24	3.24	2.8624	
446	1	3.24	3.24	2.8624	
447	1	3.21	3.21	2.9459	
448	1	3.37	3.37	3.3731	
449	1	3.3	3.3	2.97	
450	1	3.38	3.38	2.8556	
451	1	3.4	3.4	2.9	
452	1	3.49	3.49	2.8899	
453	1	3.55	3.55	3.2075	
454	1	3.59	3.59	3.2819	
455	1	3.54	3.54	3.5284	
456	1	3.51	3.51	3.4699	
457	1	3.67	3.67	3.8611	
458	1	3.74	3.74	3.9324	
459	1	3.72	3.72	4.1416	
460	1	3.64	3.64	3.8704	
461	1	3.61	3.61	4.0579	
462	1	3.55	3.55	4.1475	
463	1	3.55	3.55	3.8875	
464	1	3.6	3.6	3.68	
465	1	3.68	3.68	4.1776	
466	1	3.77	3.77	4.1571	
467	1	3.68	3.68	3.9976	
468	1	3.65	3.65	3.9875	
469	1	3.65	3.65	3.9475	
470	1	3.64	3.64	4.1104	
471	1	3.64	3.64	4.0104	
472	1	3.66	3.66	4.2044	
473	1	3.7	3.7	4.45	
474	1	3.68	3.68	4.2376	
475	1	3.71	3.71	4.1859	
476	1	3.78	3.78	3.8516	
477	1	3.83	3.83	4.0211	
478	1	3.66	3.66	3.9444	
479	1	3.71	3.71	4.1459	
480	1	3.68	3.68	4.3176	
481	1	3.65	3.65	4.4075	
482	1	3.64	3.64	4.1904	
483	1	3.66	3.66	4.2044	
484	1	3.65	3.65	4.2475	
485	1	3.57	3.57	4.1851	
486	1	3.41	3.41	3.9819	
487	1	3.39	3.39	3.9779	
488	1	3.37	3.37	3.7931	
489	1	3.4	3.4	3.84	
490	1	3.42	3.42	3.9636	
491	1	3.36	3.36	3.9104	
492	1	3.52	3.52	4.1696	
493	1	3.52	3.52	3.8696	
494	1	3.52	3.52	3.9296	
495	1	3.58	3.58	3.8636	
496	1	3.62	3.62	3.8956	
497	1	3.62	3.62	3.9356	
498	1	3.73	3.73	3.9171	
499	1	3.62	3.62	3.7556	
500	1	3.66	3.66	3.6644	
501	1	3.75	3.75	3.6875	
502	1	3.93	3.93	3.8251	
503	1	3.84	3.84	3.9144	
504	1	3.83	3.83	3.9611	
505	1	3.79	3.79	4.1659	
506	1	3.93	3.93	3.9251	
507	1	3.99	3.99	3.9699	
508	1	3.97	3.97	3.8891	
509	1	3.87	3.87	3.9331	
510	1	3.87	3.87	4.1531	
511	1	3.77	3.77	4.1171	
512	1	3.87	3.87	4.2331	
513	1	3.99	3.99	4.0499	
514	1	3.91	3.91	4.1619	
515	1	3.85	3.85	4.0075	
516	1	3.96	3.96	4.0384	
517	1	4.03	4.03	4.2491	
518	1	4.11	4.11	4.5579	
519	1	4.06	4.06	4.7164	
520	1	4.23	4.23	4.9171	
521	1	4.19	4.19	5.1139	
522	1	4.34	4.34	4.9444	
523	1	4.37	4.37	4.7931	
524	1	4.23	4.23	4.7971	
525	1	4.35	4.35	4.7875	
526	1	4.45	4.45	4.9275	
527	1	4.26	4.26	5.1724	
528	1	4.31	4.31	4.9539	
529	1	4.31	4.31	5.0139	
530	1	4.41	4.41	5.0219	
531	1	4.49	4.49	4.6699	
532	1	4.6	4.6	4.54	
533	1	4.76	4.76	4.5024	
534	1	4.82	4.82	4.7076	
535	1	4.9	4.9	4.59	
536	1	4.84	4.84	4.6344	
537	1	4.8	4.8	4.56	
538	1	4.79	4.79	4.7459	
539	1	4.82	4.82	4.7276	
540	1	4.99	4.99	4.4699	
541	1	4.99	4.99	4.8099	
542	1	4.83	4.83	5.2411	
543	1	4.91	4.91	5.1019	
544	1	4.88	4.88	5.3056	
545	1	4.8	4.8	5.54	
546	1	4.94	4.94	5.8364	
547	1	5.08	5.08	5.8936	
548	1	5.25	5.25	5.7475	
549	1	5.22	5.22	5.1916	
550	1	5.29	5.29	5.1859	
551	1	5.24	5.24	4.8024	
552	1	5.15	5.15	4.6875	
553	1	5.12	5.12	4.7656	
554	1	5.18	5.18	4.7876	
555	1	5.17	5.17	4.8211	
556	1	5.27	5.27	4.9171	
557	1	5.27	5.27	5.1771	
558	1	5.28	5.28	5.1016	
559	1	5.35	5.35	5.0075	
560	1	5.42	5.42	5.2636	
561	1	5.25	5.25	5.2475	
562	1	5.39	5.39	5.4179	
563	1	5.48	5.48	5.5296	
564	1	5.64	5.64	5.7904	
565	1	5.45	5.45	5.7475	
566	1	5.58	5.58	5.8436	
567	1	5.53	5.53	6.1091	
568	1	5.6	5.6	6.02	
569	1	5.68	5.68	5.9176	
570	1	5.71	5.71	5.7859	
571	1	5.73	5.73	5.9571	
572	1	5.79	5.79	5.9659	
573	1	5.9	5.9	6.25	
574	1	5.95	5.95	6.3075	
575	1	5.89	5.89	6.2979	
576	1	5.85	5.85	6.5675	
577	1	5.66	5.66	6.2644	
578	1	5.53	5.53	6.9091	
579	1	5.5	5.5	6.93	
580	1	5.52	5.52	7.0296	
581	1	5.39	5.39	7.0779	
582	1	5.29	5.29	7.0259	
583	1	5.39	5.39	7.0979	
584	1	5.45	5.45	7.5875	
585	1	5.49	5.49	7.6699	
586	1	5.43	5.43	7.2651	
587	1	5.58	5.58	7.5636	
588	1	5.59	5.59	7.7819	
589	1	5.58	5.58	8.1636	
590	1	5.47	5.47	7.5491	
591	1	5.34	5.34	7.5644	
592	1	5.17	5.17	7.3811	
593	1	5.28	5.28	7.3416	
594	1	5.28	5.28	7.3016	
595	1	5.1	5.1	6.77	
596	1	5.21	5.21	7.1259	
597	1	5.22	5.22	7.1516	
598	1	5.18	5.18	7.3276	
599	1	5.2	5.2	7.18	
600	1	5.26	5.26	7.4124	
601	1	5.28	5.28	7.5016	
602	1	5.2	5.2	6.9	
603	1	5.21	5.21	7.3059	
604	1	5.15	5.15	7.2675	
605	1	5.04	5.04	6.8784	
606	1	4.87	4.87	6.3931	
607	1	4.72	4.72	5.7816	
608	1	4.58	4.58	5.7236	
609	1	4.74	4.74	6.2524	
610	1	4.67	4.67	5.9011	
611	1	4.71	4.71	5.6059	
612	1	4.69	4.69	5.3339	
613	1	4.62	4.62	4.9756	
614	1	4.48	4.48	4.6696	
615	1	4.44	4.44	4.1464	
616	1	4.38	4.38	4.0156	
617	1	4.32	4.32	4.0576	
618	1	4.32	4.32	4.0176	
619	1	4.39	4.39	3.9979	
620	1	4.42	4.42	3.9836	
621	1	4.42	4.42	4.2636	
622	1	4.49	4.49	4.2899	
623	1	4.56	4.56	4.1464	
624	1	4.61	4.61	4.4579	
625	1	4.59	4.59	4.4819	
626	1	4.61	4.61	4.4179	
627	1	4.65	4.65	4.3875	
628	1	4.67	4.67	4.5011	
629	1	4.6	4.6	4.36	
630	1	4.71	4.71	4.5459	
631	1	4.69	4.69	4.5939	
632	1	4.86	4.86	4.4604	
633	1	4.87	4.87	4.5531	
634	1	4.91	4.91	4.5219	
635	1	4.86	4.86	4.5604	
636	1	4.85	4.85	4.4475	
637	1	5.03	5.03	4.3691	
638	1	5.04	5.04	4.7984	
639	1	4.92	4.92	4.5936	
640	1	4.87	4.87	4.8931	
641	1	4.85	4.85	5.0075	
642	1	4.89	4.89	5.2579	
643	1	4.88	4.88	5.2856	
644	1	4.86	4.86	5.1404	
645	1	4.94	4.94	5.4364	
646	1	4.95	4.95	5.3675	
647	1	4.96	4.96	5.2784	
648	1	5.03	5.03	5.2291	
649	1	4.92	4.92	4.4536	
650	1	5.03	5.03	4.7091	
651	1	5.14	5.14	5.3004	
652	1	5.21	5.21	5.1459	
653	1	5.09	5.09	5.2019	
654	1	5.21	5.21	5.3659	
655	1	5.14	5.14	4.9004	
656	1	5.15	5.15	5.3475	
657	1	5.2	5.2	5	
658	1	5.35	5.35	5.5475	
659	1	5.34	5.34	5.5244	
660	1	5.23	5.23	5.4171	
661	1	5.24	5.24	5.2624	
662	1	5.05	5.05	5.1275	
663	1	5.02	5.02	4.5196	
664	1	4.95	4.95	4.7675	
665	1	4.88	4.88	4.8456	
666	1	4.94	4.94	5.2364	
667	1	4.84	4.84	5.3944	
668	1	4.83	4.83	5.4211	
669	1	5.03	5.03	5.6491	
670	1	4.97	4.97	5.6291	
671	1	4.88	4.88	5.4056	
672	1	4.9	4.9	5.27	
673	1	4.86	4.86	5.0804	
674	1	4.89	4.89	5.0579	
675	1	4.91	4.91	4.9419	
676	1	4.91	4.91	4.7419	
677	1	4.9	4.9	4.79	
678	1	4.87	4.87	4.7731	
679	1	4.76	4.76	4.6824	
680	1	4.59	4.59	4.3819	
681	1	4.43	4.43	4.3851	
682	1	4.42	4.42	4.4436	
683	1	4.5	4.5	4.71	
684	1	4.51	4.51	4.9499	
685	1	4.45	4.45	4.6875	
686	1	4.43	4.43	5.2251	
687	1	4.49	4.49	5.3899	
688	1	4.38	4.38	5.3956	
689	1	4.32	4.32	4.6376	
690	1	4.43	4.43	4.7451	
691	1	4.6	4.6	4.9	
692	1	4.63	4.63	4.7331	
693	1	4.52	4.52	4.5896	
694	1	4.47	4.47	4.1891	
695	1	4.37	4.37	4.0931	
696	1	4.53	4.53	4.3891	
697	1	4.44	4.44	4.0864	
698	1	4.39	4.39	4.0579	
699	1	4.33	4.33	4.2011	
700	1	4.44	4.44	4.3664	
701	1	4.49	4.49	4.8899	
702	1	4.44	4.44	5.0064	
703	1	4.41	4.41	5.1419	
704	1	4.46	4.46	5.4084	
705	1	4.49	4.49	5.2499	
706	1	4.59	4.59	5.3819	
707	1	4.53	4.53	5.0291	
708	1	4.47	4.47	4.7691	
709	1	4.62	4.62	5.3156	
710	1	4.74	4.74	5.7524	
711	1	4.88	4.88	5.7456	
712	1	5.04	5.04	6.0184	
713	1	5.18	5.18	5.9676	
714	1	5.32	5.32	5.7376	
715	1	5.26	5.26	5.7524	
716	1	5.28	5.28	5.6016	
717	1	5.27	5.27	5.6371	
718	1	5.11	5.11	5.4779	
719	1	5.14	5.14	5.2004	
720	1	4.99	4.99	5.1699	
721	1	4.97	4.97	5.1091	
722	1	4.94	4.94	5.1564	
723	1	4.95	4.95	5.1275	
724	1	4.87	4.87	5.2331	
725	1	4.89	4.89	5.0979	
726	1	4.86	4.86	4.8204	
727	1	4.93	4.93	4.7851	
728	1	4.94	4.94	4.6164	
729	1	4.85	4.85	4.7675	
730	1	4.77	4.77	5.0171	
731	1	4.75	4.75	4.8875	
732	1	4.65	4.65	4.9475	
733	1	4.71	4.71	4.9659	
734	1	4.71	4.71	4.6259	
735	1	4.72	4.72	4.9216	
736	1	4.66	4.66	4.8844	
737	1	4.76	4.76	4.9824	
738	1	4.89	4.89	4.8779	
739	1	4.89	4.89	4.8979	
740	1	4.91	4.91	5.1619	
741	1	5.03	5.03	5.2491	
742	1	5.03	5.03	5.2291	
743	1	5.07	5.07	5.5851	
744	1	5.04	5.04	5.9584	
745	1	5.12	5.12	5.9056	
746	1	5.18	5.18	6.0276	
747	1	5.08	5.08	5.9936	
748	1	5.22	5.22	6.2316	
749	1	5.13	5.13	6.4731	
750	1	5.2	5.2	6.86	
751	1	5.24	5.24	6.8224	
752	1	5.29	5.29	6.9859	
753	1	5.28	5.28	7.3616	
754	1	5.51	5.51	7.3299	
755	1	5.41	5.41	7.2419	
756	1	5.46	5.46	7.0084	
757	1	5.59	5.59	6.5419	
758	1	5.68	5.68	6.4176	
759	1	5.77	5.77	6.5171	
760	1	5.64	5.64	6.4704	
761	1	5.63	5.63	6.1931	
762	1	5.7	5.7	6.53	
763	1	5.72	5.72	6.4016	
764	1	5.84	5.84	6.6544	
765	1	5.84	5.84	6.7544	
766	1	6.01	6.01	6.6299	
767	1	6	6	7	
768	1	5.95	5.95	7.0475	
769	1	5.9	5.9	7.43	
770	1	6.1	6.1	7.17	
771	1	6.25	6.25	6.9875	
772	1	6.33	6.33	7.0411	
773	1	6.2	6.2	6.88	
774	1	6.15	6.15	6.9475	
775	1	6.08	6.08	6.8136	
776	1	6.21	6.21	6.7859	
777	1	6.33	6.33	6.6211	
778	1	6.19	6.19	6.7739	
779	1	6.2	6.2	6.82	
780	1	6.15	6.15	6.6475	
781	1	6.33	6.33	6.5411	
782	1	6.32	6.32	6.4776	
783	1	6.31	6.31	6.6739	
784	1	6.29	6.29	6.3259	
785	1	6.25	6.25	6.3075	
786	1	6.21	6.21	6.0459	
787	1	6.15	6.15	6.4075	
788	1	6.31	6.31	6.2939	
789	1	6.33	6.33	6.1211	
790	1	6.24	6.24	6.1224	
791	1	6.19	6.19	6.0739	
792	1	6.13	6.13	6.0931	
793	1	6.26	6.26	6.1924	
794	1	6.29	6.29	5.8659	
795	1	6.32	6.32	5.3576	
796	1	6.42	6.42	5.6036	
797	1	6.46	6.46	5.0884	
798	1	6.51	6.51	4.8299	
799	1	6.43	6.43	4.7851	
800	1	6.3	6.3	4.81	
801	1	6.36	6.36	4.5704	
802	1	6.59	6.59	4.9219	
803	1	6.54	6.54	4.7884	
804	1	6.57	6.57	4.7651	
805	1	6.66	6.66	4.7844	
806	1	6.66	6.66	4.6044	
807	1	6.82	6.82	4.4276	
808	1	6.88	6.88	4.3456	
809	1	6.85	6.85	4.2075	
810	1	6.98	6.98	4.4396	
811	1	6.97	6.97	4.3291	
812	1	6.99	6.99	4.2699	
813	1	7.03	7.03	4.5291	
814	1	7.03	7.03	4.5691	
815	1	7.09	7.09	5.0419	
816	1	7.05	7.05	5.1675	
817	1	7.14	7.14	4.9604	
818	1	7.17	7.17	4.7011	
819	1	7.05	7.05	4.1475	
820	1	7.11	7.11	4.0379	
821	1	6.94	6.94	4.1364	
822	1	6.95	6.95	4.1275	
823	1	6.93	6.93	3.9451	
824	1	7.04	7.04	4.5384	
825	1	6.95	6.95	4.2475	
826	1	7.09	7.09	4.6219	
827	1	6.91	6.91	4.7819	
828	1	6.93	6.93	5.2451	
829	1	6.99	6.99	5.6299	
830	1	7.05	7.05	5.5675	
831	1	7.14	7.14	5.4604	
832	1	7.18	7.18	5.5476	
833	1	7.31	7.31	5.7539	
834	1	7.33	7.33	5.7611	
835	1	7.41	7.41	5.9619	
836	1	7.44	7.44	5.9064	
837	1	7.5	7.5	6.03	
838	1	7.41	7.41	5.6219	
839	1	7.44	7.44	5.4664	
840	1	7.39	7.39	5.6779	
841	1	7.34	7.34	5.6244	
842	1	7.37	7.37	5.6931	
843	1	7.4	7.4	5.26	
844	1	7.4	7.4	5.34	
845	1	7.31	7.31	5.2139	
846	1	7.21	7.21	5.2259	
847	1	7.26	7.26	5.0124	
848	1	7.28	7.28	5.0816	
849	1	7.44	7.44	4.9064	
850	1	7.48	7.48	5.3496	
851	1	7.48	7.48	5.1096	
852	1	7.4	7.4	5.04	
853	1	7.54	7.54	5.3284	
854	1	7.4	7.4	5.18	
855	1	7.35	7.35	5.9075	
856	1	7.4	7.4	6.1	
857	1	7.43	7.43	6.1851	
858	1	7.43	7.43	6.0851	
859	1	7.43	7.43	6.1451	
860	1	7.54	7.54	6.1884	
861	1	7.5	7.5	5.77	
862	1	7.56	7.56	6.0664	
863	1	7.54	7.54	5.9884	
864	1	7.6	7.6	6.08	
865	1	7.65	7.65	5.6675	
866	1	7.61	7.61	6.4779	
867	1	7.5	7.5	6.37	
868	1	7.44	7.44	6.5264	
869	1	7.48	7.48	6.6496	
870	1	7.45	7.45	6.1675	
871	1	7.47	7.47	5.8291	
872	1	7.54	7.54	5.5484	
873	1	7.54	7.54	5.2484	
874	1	7.57	7.57	5.1051	
875	1	7.62	7.62	5.4156	
876	1	7.61	7.61	5.7779	
877	1	7.6	7.6	5.64	
878	1	7.62	7.62	5.7356	
879	1	7.69	7.69	6.0139	
880	1	7.73	7.73	5.9171	
881	1	7.83	7.83	6.1011	
882	1	7.77	7.77	6.0371	
883	1	7.86	7.86	7.0204	
884	1	8.05	8.05	8.2275	
885	1	8	8	7.82	
886	1	8.09	8.09	7.5219	
887	1	8.06	8.06	7.3564	
888	1	8.06	8.06	6.8364	
889	1	7.99	7.99	6.2099	
890	1	7.93	7.93	5.9251	
891	1	8.12	8.12	6.2856	
892	1	8.24	8.24	6.7024	
893	1	8.32	8.32	6.7576	
894	1	8.2	8.2	6.38	
895	1	8.27	8.27	6.5971	
896	1	8.31	8.31	6.8339	
897	1	8.24	8.24	6.9824	
898	1	8.23	8.23	6.6971	
899	1	8.2	8.2	6.42	
900	1	8.18	8.18	6.1876	
901	1	8.27	8.27	6.0371	
902	1	8.17	8.17	5.8011	
903	1	8.29	8.29	5.7859	
904	1	8.3	8.3	5.75	
905	1	8.41	8.41	6.1419	
906	1	8.46	8.46	6.2284	
907	1	8.47	8.47	6.1691	
908	1	8.61	8.61	6.4979	
909	1	8.43	8.43	5.8651	
910	1	8.33	8.33	5.8411	
911	1	8.28	8.28	5.6216	
912	1	8.34	8.34	5.6244	
913	1	8.43	8.43	6.0051	
914	1	8.43	8.43	5.8451	
915	1	8.39	8.39	5.9179	
916	1	8.38	8.38	5.7756	
917	1	8.49	8.49	6.0499	
918	1	8.44	8.44	5.8064	
919	1	8.48	8.48	5.7496	
920	1	8.46	8.46	5.5084	
921	1	8.51	8.51	5.7299	
922	1	8.36	8.36	5.3104	
923	1	8.43	8.43	5.4051	
924	1	8.44	8.44	5.8464	
925	1	8.4	8.4	5.62	
926	1	8.36	8.36	5.3504	
927	1	8.35	8.35	5.4675	
928	1	8.37	8.37	5.4131	
929	1	8.42	8.42	5.5636	
930	1	8.51	8.51	5.8299	
931	1	8.33	8.33	5.7011	
932	1	8.28	8.28	5.9016	
933	1	8.25	8.25	5.9275	
934	1	8.39	8.39	6.4979	
935	1	8.42	8.42	6.8436	
936	1	8.46	8.46	7.0084	
937	1	8.58	8.58	7.5236	
938	1	8.55	8.55	7.4475	
939	1	8.58	8.58	7.3436	
940	1	8.43	8.43	6.4451	
941	1	8.5	8.5	6.57	
942	1	8.5	8.5	6.39	
943	1	8.41	8.41	6.1419	
944	1	8.47	8.47	5.8891	
945	1	8.48	8.48	6.0296	
946	1	8.52	8.52	6.2096	
947	1	8.6	8.6	5.92	
948	1	8.55	8.55	5.8275	
949	1	8.53	8.53	5.8091	
950	1	8.47	8.47	5.7891	
951	1	8.46	8.46	5.6084	
952	1	8.45	8.45	5.6275	
953	1	8.48	8.48	5.7296	
954	1	8.61	8.61	6.0379	
955	1	8.4	8.4	5.8	
956	1	8.52	8.52	6.4096	
957	1	8.51	8.51	6.7299	
958	1	8.34	8.34	6.5244	
959	1	8.44	8.44	6.7264	
960	1	8.59	8.59	6.4219	
961	1	8.56	8.56	6.2664	
962	1	8.65	8.65	6.4075	
963	1	8.64	8.64	6.0704	
964	1	8.64	8.64	6.2304	
965	1	8.78	8.78	6.6116	
966	1	8.86	8.86	6.9204	
967	1	8.79	8.79	6.8659	
968	1	8.86	8.86	6.4804	
969	1	8.88	8.88	6.4056	
970	1	8.85	8.85	6.9275	
971	1	8.96	8.96	7.3184	
972	1	9.06	9.06	7.7564	
973	1	9.06	9.06	7.5364	
974	1	8.92	8.92	7.4536	
975	1	8.85	8.85	7.3475	
976	1	9.21	9.21	8.3459	
977	1	9.27	9.27	8.2371	
978	1	9.22	9.22	8.3916	
979	1	9.21	9.21	8.9659	
980	1	9.27	9.27	8.8171	
981	1	9.17	9.17	8.4811	
982	1	9.37	9.37	9.3331	
983	1	9.29	9.29	9.4659	
984	1	9.31	9.31	9.8139	
985	1	9.08	9.08	9.4136	
986	1	8.96	8.96	8.9784	
987	1	9.22	9.22	10.1916	
988	1	9.15	9.15	9.7075	
989	1	9.19	9.19	9.8539	
990	1	9.33	9.33	10.1011	
991	1	9.37	9.37	9.7531	
992	1	9.41	9.41	9.3619	
993	1	9.51	9.51	9.2299	
994	1	9.4	9.4	9.46	
995	1	9.52	9.52	9.7896	
996	1	9.66	9.66	9.6844	
997	1	9.78	9.78	9.7116	
998	1	9.7	9.7	9.29	
999	1	9.73	9.73	9.5971	
1000	1	9.7	9.7	9.71	
1001	1	9.59	9.59	9.7219	
1002	1	9.56	9.56	8.9864	
1003	1	9.56	9.56	8.7064	
1004	1	9.53	9.53	8.8091	
1005	1	9.53	9.53	8.6691	
1006	1	9.58	9.58	8.9436	
1007	1	9.76	9.76	9.4624	
1008	1	9.7	9.7	9.29	
1009	1	9.95	9.95	9.9675	
1010	1	9.99	9.99	10.0899	
1011	1	10.06	10.06	10.5764	
1012	1	10.14	10.14	10.5804	
1013	1	10.17	10.17	10.7211	
1014	1	10.14	10.14	11.1204	
1015	1	10.29	10.29	11.0659	
1016	1	10.32	10.32	10.9976	
1017	1	10.38	10.38	10.7956	
1018	1	10.58	10.58	11.0036	
1019	1	10.38	10.38	10.8556	
1020	1	10.43	10.43	11.5051	
1021	1	10.45	10.45	11.0875	
1022	1	10.57	10.57	11.3251	
1023	1	10.48	10.48	10.8296	
1024	1	10.73	10.73	10.9171	
1025	1	10.72	10.72	10.7616	
1026	1	10.54	10.54	11.0284	
1027	1	10.44	10.44	10.9264	
1028	1	10.39	10.39	11.0179	
1029	1	10.43	10.43	10.7851	
1030	1	10.7	10.7	10.39	
1031	1	10.6	10.6	10.4	
1032	1	10.33	10.33	10.2211	
1033	1	10.11	10.11	9.4979	
1034	1	10.07	10.07	9.4451	
1035	1	9.95	9.95	9.1475	
1036	1	10.18	10.18	9.0676	
1037	1	10.37	10.37	9.2531	
1038	1	10.25	10.25	9.3075	
1039	1	10.35	10.35	9.4675	
1040	1	10.33	10.33	9.4611	
1041	1	10.46	10.46	9.2484	
1042	1	10.33	10.33	8.9011	
1043	1	10.3	10.3	8.97	
1044	1	10.27	10.27	8.8971	
1045	1	10.29	10.29	9.0259	
1046	1	10.6	10.6	9.46	
1047	1	10.68	10.68	9.5176	
1048	1	10.63	10.63	9.3931	
1049	1	10.64	10.64	9.5304	
1050	1	10.48	10.48	9.5096	
1051	1	10.19	10.19	9.8739	
1052	1	10.28	10.28	9.8016	
1053	1	10.08	10.08	9.9136	
1054	1	10.21	10.21	10.0459	
1055	1	10.04	10.04	9.6984	
1056	1	9.95	9.95	9.2875	
1057	1	10	10	9.3	
1058	1	10	10	9.52	
1059	1	10.07	10.07	9.9851	
1060	1	10.01	10.01	9.9699	
1061	1	10.1	10.1	10.07	
1062	1	10.09	10.09	9.9219	
1063	1	10.23	10.23	9.7571	
1064	1	9.99	9.99	9.2299	
1065	1	10.08	10.08	9.5736	
1066	1	10.03	10.03	9.1091	
1067	1	9.76	9.76	8.8224	
1068	1	9.82	9.82	9.0876	
1069	1	9.72	9.72	8.7616	
1070	1	9.81	9.81	8.5939	
1071	1	9.89	9.89	8.4779	
1072	1	9.91	9.91	8.5619	
1073	1	9.97	9.97	8.5491	
1074	1	9.81	9.81	8.2539	
1075	1	9.87	9.87	8.3731	
1076	1	9.96	9.96	8.1584	
1077	1	10.18	10.18	8.5476	
1078	1	10.17	10.17	8.7211	
1079	1	10.32	10.32	8.9376	
1080	1	10.31	10.31	9.7339	
1081	1	10.33	10.33	10.1211	
1082	1	10.46	10.46	10.1884	
1083	1	10.6	10.6	10.6	
1084	1	10.54	10.54	10.6684	
1085	1	10.43	10.43	10.2851	
1086	1	10.67	10.67	10.8211	
1087	1	10.6	10.6	11.02	
1088	1	10.63	10.63	11.0531	
1089	1	10.55	10.55	11.1475	
1090	1	10.45	10.45	10.6475	
1091	1	10.56	10.56	10.4264	
1092	1	10.44	10.44	10.1464	
1093	1	10.49	10.49	9.5899	
1094	1	10.68	10.68	9.5776	
1095	1	10.73	10.73	9.5971	
1096	1	10.61	10.61	9.5779	
1097	1	10.72	10.72	9.3816	
1098	1	10.85	10.85	9.6075	
1099	1	11	11	9.7	
1100	1	11.1	11.1	9.73	
1101	1	11.14	11.14	9.2604	
1102	1	11.06	11.06	8.9364	
1103	1	11.21	11.21	9.1859	
1104	1	11.25	11.25	9.4475	
1105	1	11.27	11.27	9.4571	
1106	1	11.25	11.25	10.0075	
1107	1	11.52	11.52	10.8896	
1108	1	11.41	11.41	10.5819	
1109	1	11.46	11.46	11.5284	
1110	1	11.63	11.63	10.9931	
1111	1	11.44	11.44	11.3264	
1112	1	11.49	11.49	10.8699	
1113	1	11.37	11.37	11.5531	
1114	1	11.57	11.57	11.3851	
1115	1	11.59	11.59	11.2819	
1116	1	11.52	11.52	10.9496	
1117	1	11.53	11.53	10.5291	
1118	1	11.7	11.7	11.27	
1119	1	11.7	11.7	11.95	
1120	1	11.68	11.68	12.8776	
1121	1	11.76	11.76	13.4824	
1122	1	11.58	11.58	13.7436	
1123	1	11.71	11.71	13.6259	
1124	1	11.89	11.89	14.0979	
1125	1	12.12	12.12	14.4256	
1126	1	12.4	12.4	14.24	
1127	1	12.33	12.33	14.6011	
1128	1	12.44	12.44	15.2864	
1129	1	12.15	12.15	14.3275	
1130	1	12.21	12.21	14.1059	
1131	1	12.4	12.4	13.66	
1132	1	12.33	12.33	13.3011	
1133	1	12.38	12.38	13.6756	
1134	1	12.61	12.61	13.3179	
1135	1	12.61	12.61	13.0379	
1136	1	12.56	12.56	12.4664	
1137	1	12.57	12.57	12.4051	
1138	1	12.54	12.54	12.4684	
1139	1	12.76	12.76	13.2624	
1140	1	12.72	12.72	12.9416	
1141	1	12.92	12.92	12.4536	
1142	1	13.06	13.06	12.4564	
1143	1	13.08	13.08	12.0336	
1144	1	12.92	12.92	11.6136	
1145	1	12.84	12.84	10.6944	
1146	1	12.89	12.89	10.7579	
1147	1	12.93	12.93	10.9251	
1148	1	12.88	12.88	10.9856	
1149	1	12.84	12.84	11.7944	
1150	1	12.74	12.74	11.4124	
1151	1	12.46	12.46	11.5084	
1152	1	12.42	12.42	11.7836	
1153	1	12.43	12.43	11.5251	
1154	1	12.28	12.28	11.6816	
1155	1	12.09	12.09	11.8819	
1156	1	12.23	12.23	12.1371	
1157	1	12.26	12.26	11.7524	
1158	1	12.21	12.21	11.4059	
1159	1	12.04	12.04	11.0584	
1160	1	11.91	11.91	10.8419	
1161	1	11.77	11.77	9.9371	
1162	1	11.69	11.69	9.9339	
1163	1	11.71	11.71	9.7659	
1164	1	11.77	11.77	9.6771	
1165	1	11.65	11.65	9.6675	
1166	1	11.49	11.49	9.0299	
1167	1	11.35	11.35	8.7475	
1168	1	11.4	11.4	8.4	
1169	1	11.16	11.16	7.0744	
1170	1	11.24	11.24	7.3224	
1171	1	11.22	11.22	7.0916	
1172	1	11.22	11.22	7.2916	
1173	1	11.15	11.15	6.9875	
1174	1	11.19	11.19	6.9939	
1175	1	11.15	11.15	6.5075	
1176	1	11.17	11.17	6.6011	
1177	1	11.12	11.12	6.2456	
1178	1	11.23	11.23	6.2571	
1179	1	11.18	11.18	6.3076	
1180	1	11.1	11.1	5.65	
1181	1	11.18	11.18	5.7076	
1182	1	11.07	11.07	5.3651	
1183	1	11.13	11.13	5.5131	
1184	1	11.02	11.02	5.0996	
1185	1	11.24	11.24	6.0424	
1186	1	11.37	11.37	5.9731	
1187	1	11.56	11.56	6.5264	
1188	1	11.57	11.57	6.4051	
1189	1	11.55	11.55	5.8275	
1190	1	11.65	11.65	6.0475	
1191	1	11.59	11.59	5.8419	
1192	1	11.49	11.49	5.4899	
1193	1	11.31	11.31	5.0939	
1194	1	11.39	11.39	5.5779	
1195	1	11.56	11.56	5.6264	
1196	1	11.58	11.58	5.3236	
1197	1	11.6	11.6	5.1	
1198	1	11.53	11.53	4.8891	
1199	1	11.49	11.49	4.7299	
1200	1	11.48	11.48	4.6696	
1201	1	11.46	11.46	4.6684	
1202	1	11.45	11.45	4.5475	
1203	1	11.48	11.48	4.7096	
1204	1	11.46	11.46	4.9484	
1205	1	11.45	11.45	4.9475	
1206	1	11.41	11.41	4.6819	
1207	1	11.32	11.32	4.7976	
1208	1	11.27	11.27	4.5571	
1209	1	11.16	11.16	4.5144	
1210	1	11.06	11.06	4.6564	
1211	1	11.09	11.09	4.7419	
1212	1	10.98	10.98	4.6596	
1213	1	11.09	11.09	4.8619	
1214	1	11.13	11.13	4.9531	
1215	1	11.18	11.18	4.8876	
1216	1	11.15	11.15	4.8475	
1217	1	11.15	11.15	4.8875	
1218	1	11.11	11.11	5.0179	
1219	1	10.98	10.98	4.6996	
1220	1	11	11	4.74	
1221	1	11.14	11.14	5.0404	
1222	1	10.92	10.92	4.6336	
1223	1	10.91	10.91	4.6419	
1224	1	10.98	10.98	4.6396	
1225	1	11.13	11.13	4.5531	
1226	1	11.12	11.12	4.5456	
1227	1	11.19	11.19	4.6339	
1228	1	10.98	10.98	4.6996	
1229	1	11.01	11.01	5.0299	
1230	1	10.95	10.95	5.1675	
1231	1	10.93	10.93	5.0451	
1232	1	11.05	11.05	5.1875	
1233	1	11.17	11.17	5.5811	
1234	1	11.11	11.11	5.5979	
1235	1	11.08	11.08	5.2136	
1236	1	11.2	11.2	5.56	
1237	1	11.27	11.27	5.5371	
1238	1	11.28	11.28	5.5216	
1239	1	11.39	11.39	5.6779	
1240	1	11.43	11.43	6.1251	
1241	1	11.55	11.55	6.2275	
1242	1	11.47	11.47	6.1491	
1243	1	11.51	11.51	6.3099	
1244	1	11.48	11.48	6.4696	
1245	1	11.5	11.5	6.25	
1246	1	11.45	11.45	6.2475	
1247	1	11.5	11.5	6.77	
1248	1	11.55	11.55	6.9675	
1249	1	11.62	11.62	7.1756	
1250	1	11.62	11.62	7.3956	
1251	1	11.82	11.82	7.9676	
1252	1	11.83	11.83	8.5611	
1253	1	11.75	11.75	8.0675	
1254	1	11.83	11.83	8.0811	
1255	1	11.78	11.78	8.5716	
1256	1	11.74	11.74	9.0324	
1257	1	11.88	11.88	9.3456	
1258	1	11.91	11.91	9.5019	
1259	1	11.93	11.93	9.2851	
1260	1	11.93	11.93	9.2051	
1261	1	11.9	11.9	8.77	
1262	1	11.82	11.82	8.4076	
1263	1	11.62	11.62	8.2756	
1264	1	11.69	11.69	8.2739	
1265	1	11.56	11.56	7.6864	
1266	1	11.5	11.5	7.57	
1267	1	11.24	11.24	7.3424	
1268	1	11.25	11.25	7.2875	
1269	1	11.3	11.3	7.31	
1270	1	11.32	11.32	7.1776	
1271	1	11.32	11.32	6.9976	
1272	1	11.31	11.31	7.0339	
1273	1	11.25	11.25	7.0075	
1274	1	11.3	11.3	7.03	
1275	1	11.32	11.32	6.9376	
1276	1	11.35	11.35	7.6475	
1277	1	11.47	11.47	7.9691	
1278	1	11.51	11.51	8.0099	
1279	1	11.52	11.52	8.7096	
1280	1	11.5	11.5	8.83	
1281	1	11.54	11.54	8.8884	
1282	1	11.85	11.85	9.4475	
1283	1	11.77	11.77	9.1171	
1284	1	11.74	11.74	9.0124	
1285	1	11.84	11.84	8.4344	
1286	1	11.87	11.87	8.5131	
1287	1	11.85	11.85	8.2475	
1288	1	11.86	11.86	7.8804	
1289	1	11.77	11.77	7.7771	
1290	1	11.86	11.86	7.7204	
1291	1	11.83	11.83	8.1411	
1292	1	11.8	11.8	8.54	
1293	1	11.73	11.73	8.4571	
1294	1	11.61	11.61	8.3779	
1295	1	11.65	11.65	8.4475	
1296	1	11.88	11.88	8.7256	
1297	1	12.06	12.06	8.9364	
1298	1	12.25	12.25	8.7675	
1299	1	12.12	12.12	8.8256	
1300	1	12.16	12.16	8.4944	
1301	1	12.37	12.37	8.3931	
1302	1	12.33	12.33	8.0811	
1303	1	12.29	12.29	7.5859	
1304	1	12.39	12.39	7.7579	
1305	1	12.52	12.52	7.8296	
1306	1	12.51	12.51	7.9499	
1307	1	12.66	12.66	7.6244	
1308	1	12.68	12.68	7.3976	
1309	1	12.59	12.59	7.2619	
1310	1	12.79	12.79	7.3059	
1311	1	12.73	12.73	7.4371	
1312	1	12.76	12.76	7.0624	
1313	1	12.89	12.89	6.7379	
1314	1	12.79	12.79	6.5459	
1315	1	12.57	12.57	6.5251	
1316	1	12.54	12.54	6.4684	
1317	1	12.53	12.53	6.5491	
1318	1	12.39	12.39	6.1379	
1319	1	12.32	12.32	6.0376	
1320	1	12.32	12.32	6.0376	
1321	1	12.22	12.22	6.0916	
1322	1	12.13	12.13	6.3531	
1323	1	12.08	12.08	6.8136	
1324	1	11.92	11.92	6.7336	
1325	1	11.92	11.92	6.5136	
1326	1	11.76	11.76	6.7024	
1327	1	11.82	11.82	7.0276	
1328	1	11.71	11.71	7.0059	
1329	1	11.86	11.86	7.1404	
1330	1	11.84	11.84	7.1544	
1331	1	11.94	11.94	7.5964	
1332	1	12.11	12.11	7.3979	
1333	1	11.96	11.96	7.0584	
1334	1	12.03	12.03	7.0691	
1335	1	12.19	12.19	7.0939	
1336	1	12.18	12.18	7.3076	
1337	1	12.11	12.11	7.1379	
1338	1	12.1	12.1	7.17	
1339	1	12.21	12.21	7.4659	
1340	1	12.06	12.06	8.0564	
1341	1	12.11	12.11	7.9779	
1342	1	12.14	12.14	7.8604	
1343	1	12.15	12.15	7.7875	
1344	1	12.27	12.27	8.9971	
1345	1	12.35	12.35	8.8075	
1346	1	12.65	12.65	9.2875	
1347	1	12.64	12.64	9.2704	
1348	1	12.71	12.71	9.8059	
1349	1	12.65	12.65	10.0275	
1350	1	12.75	12.75	10.2475	
1351	1	12.96	12.96	10.2384	
1352	1	12.85	12.85	10.5875	
1353	1	12.78	12.78	10.2516	
1354	1	12.87	12.87	10.4131	
1355	1	13.15	13.15	9.9875	
1356	1	13.42	13.42	9.7636	
1357	1	13.48	13.48	9.8696	
1358	1	13.62	13.62	9.4156	
1359	1	13.77	13.77	8.9771	
1360	1	13.75	13.75	9.2675	
1361	1	13.86	13.86	9.0804	
1362	1	13.99	13.99	8.7899	
1363	1	13.98	13.98	8.7596	
1364	1	13.87	13.87	8.5931	
1365	1	13.7	13.7	8.73	
1366	1	13.69	13.69	8.0939	
1367	1	13.73	13.73	7.7171	
1368	1	13.63	13.63	7.4731	
1369	1	13.73	13.73	7.6371	
1370	1	13.81	13.81	7.6139	
1371	1	14.13	14.13	7.3731	
1372	1	14.13	14.13	7.4731	
1373	1	14.12	14.12	7.3656	
1374	1	14.13	14.13	7.5931	
1375	1	14.16	14.16	7.4744	
1376	1	14.21	14.21	7.4659	
1377	1	14.24	14.24	7.7024	
1378	1	14.45	14.45	7.2875	
1379	1	14.42	14.42	7.3836	
1380	1	14.41	14.41	7.3019	
1381	1	14.32	14.32	8.2576	
1382	1	14.32	14.32	8.4176	
1383	1	14.34	14.34	9.0444	
1384	1	14.32	14.32	9.3776	
1385	1	14.03	14.03	10.4491	
1386	1	14.19	14.19	10.9539	
1387	1	14.2	14.2	11.04	
1388	1	14.23	14.23	11.0771	
1389	1	14.48	14.48	11.6296	
1390	1	14.34	14.34	11.6044	
1391	1	14.2	14.2	12.04	
1392	1	14.29	14.29	11.6859	
1393	1	13.93	13.93	11.7451	
1394	1	13.85	13.85	11.9275	
1395	1	13.7	13.7	11.45	
1396	1	13.58	13.58	11.7836	
1397	1	13.67	13.67	12.3611	
1398	1	13.8	13.8	12.06	
1399	1	13.79	13.79	12.1659	
1400	1	13.78	13.78	12.4316	
1401	1	13.86	13.86	11.7804	
1402	1	13.84	13.84	11.5944	
1403	1	13.97	13.97	11.6491	
1404	1	13.87	13.87	11.6731	
1405	1	13.94	13.94	11.7964	
1406	1	13.76	13.76	12.2824	
1407	1	13.82	13.82	11.7076	
1408	1	13.96	13.96	10.9984	
1409	1	14.11	14.11	10.4979	
1410	1	14.03	14.03	10.7891	
1411	1	14.19	14.19	10.6939	
1412	1	14.13	14.13	10.5731	
1413	1	13.95	13.95	10.1875	
1414	1	13.85	13.85	10.4275	
1415	1	14.14	14.14	10.2204	
1416	1	14.13	14.13	9.8731	
1417	1	13.92	13.92	9.5336	
1418	1	13.89	13.89	9.1779	
1419	1	13.79	13.79	9.4059	
1420	1	13.85	13.85	9.3675	
1421	1	13.53	13.53	9.6091	
1422	1	13.46	13.46	9.9284	
1423	1	13.2	13.2	10.18	
1424	1	13.06	13.06	10.5564	
1425	1	12.96	12.96	11.4384	
1426	1	12.91	12.91	11.5019	
1427	1	12.92	12.92	11.2736	
1428	1	12.73	12.73	11.0171	
1429	1	12.83	12.83	11.2411	
1430	1	12.84	12.84	11.4744	
1431	1	12.59	12.59	11.8419	
1432	1	12.69	12.69	12.0739	
1433	1	12.62	12.62	12.2356	
1434	1	12.85	12.85	12.8075	
1435	1	12.85	12.85	11.8475	
1436	1	12.64	12.64	11.3704	
1437	1	12.43	12.43	11.7451	
1438	1	12.31	12.31	11.7139	
1439	1	12.22	12.22	11.8116	
1440	1	12.18	12.18	11.2276	
1441	1	12.35	12.35	11.0075	
1442	1	12.36	12.36	11.0504	
1443	1	12.51	12.51	11.6099	
1444	1	12.53	12.53	11.2891	
1445	1	12.56	12.56	10.1864	
1446	1	12.46	12.46	10.3284	
1447	1	12.44	12.44	9.9664	
1448	1	12.46	12.46	10.1284	
1449	1	12.36	12.36	10.0104	
1450	1	12.36	12.36	10.8904	
1451	1	12.12	12.12	11.0656	
1452	1	12.06	12.06	10.2964	
1453	1	12.17	12.17	10.5411	
1454	1	12.1	12.1	9.53	
1455	1	11.85	11.85	8.5475	
1456	1	11.78	11.78	8.4916	
1457	1	11.64	11.64	8.3504	
1458	1	11.74	11.74	8.0524	
1459	1	11.68	11.68	7.9576	
1460	1	11.74	11.74	7.9724	
1461	1	11.85	11.85	8.2275	
1462	1	11.68	11.68	8.2176	
1463	1	11.74	11.74	8.2924	
1464	1	11.8	11.8	9.42	
1465	1	11.89	11.89	10.0179	
1466	1	12.09	12.09	10.2619	
1467	1	12.04	12.04	10.2384	
1468	1	12.15	12.15	10.1875	
1469	1	12.27	12.27	10.0571	
1470	1	12.32	12.32	10.1976	
1471	1	12.49	12.49	10.9899	
1472	1	12.48	12.48	10.9096	
1473	1	12.62	12.62	10.7556	
1474	1	12.75	12.75	11.1475	
1475	1	12.94	12.94	11.2564	
1476	1	12.91	12.91	10.8019	
1477	1	12.76	12.76	10.7024	
1478	1	12.66	12.66	10.5844	
1479	1	12.9	12.9	10.41	
1480	1	12.85	12.85	9.5475	
1481	1	12.91	12.91	10.0219	
1482	1	13.03	13.03	9.5291	
1483	1	12.77	12.77	9.3971	
1484	1	12.59	12.59	9.1819	
1485	1	12.64	12.64	8.8704	
1486	1	12.83	12.83	8.7211	
1487	1	12.99	12.99	8.6099	
1488	1	12.97	12.97	8.4691	
1489	1	13.13	13.13	8.7331	
1490	1	13.23	13.23	8.8171	
1491	1	13.25	13.25	8.9675	
1492	1	13.16	13.16	8.8344	
1493	1	13.08	13.08	9.0736	
1494	1	13.09	13.09	9.2219	
1495	1	13.08	13.08	9.1136	
1496	1	13.01	13.01	9.2499	
1497	1	12.92	12.92	9.3936	
1498	1	12.86	12.86	9.3404	
1499	1	12.72	12.72	9.8616	
1500	1	12.84	12.84	10.4744	
1501	1	12.75	12.75	11.1075	
1502	1	12.75	12.75	11.1875	
1503	1	12.86	12.86	10.9204	
1504	1	12.92	12.92	10.4136	
1505	1	13.16	13.16	10.0544	
1506	1	12.98	12.98	10.0396	
1507	1	12.96	12.96	10.0184	
1508	1	13.21	13.21	9.5859	
1509	1	13.28	13.28	9.6616	
1510	1	13.09	13.09	9.9019	
1511	1	13.09	13.09	10.4419	
1512	1	13.03	13.03	9.9091	
1513	1	13.13	13.13	10.2731	
1514	1	13.17	13.17	10.1811	
1515	1	13.08	13.08	10.7936	
1516	1	13.02	13.02	10.3796	
1517	1	12.97	12.97	10.5091	
1518	1	12.99	12.99	10.7099	
1519	1	12.87	12.87	10.8331	
1520	1	12.83	12.83	10.6011	
1521	1	12.88	12.88	10.4856	
1522	1	12.98	12.98	10.4196	
1523	1	12.78	12.78	10.5116	
1524	1	12.9	12.9	11.09	
1525	1	12.95	12.95	11.2275	
1526	1	13.08	13.08	11.3536	
1527	1	12.95	12.95	11.1275	
1528	1	12.81	12.81	11.1139	
1529	1	12.78	12.78	10.6316	
1530	1	12.95	12.95	10.8475	
1531	1	12.79	12.79	11.0259	
1532	1	12.6	12.6	11.44	
1533	1	12.33	12.33	11.0611	
1534	1	12.49	12.49	10.7299	
1535	1	12.29	12.29	10.9459	
1536	1	12.3	12.3	10.55	
1537	1	12.29	12.29	10.7659	
1538	1	12.52	12.52	10.9296	
1539	1	12.56	12.56	10.6264	
1540	1	12.59	12.59	10.5619	
1541	1	12.62	12.62	10.7156	
1542	1	12.46	12.46	10.5484	
1543	1	12.48	12.48	10.4496	
1544	1	12.33	12.33	10.4411	
1545	1	12.53	12.53	11.2891	
1546	1	12.3	12.3	11.05	
1547	1	12.33	12.33	11.0211	
1548	1	12.02	12.02	10.5596	
1549	1	12.14	12.14	10.8404	
1550	1	12.21	12.21	10.5059	
1551	1	12.35	12.35	10.1275	
1552	1	12.19	12.19	9.6139	
1553	1	12.27	12.27	9.1771	
1554	1	12.33	12.33	9.3411	
1555	1	12.17	12.17	8.9611	
1556	1	12.18	12.18	8.8876	
1557	1	12.23	12.23	9.4171	
1558	1	12.4	12.4	9.54	
1559	1	12.32	12.32	8.9976	
1560	1	12.25	12.25	8.8075	
1561	1	12.25	12.25	8.6075	
1562	1	12.4	12.4	8.82	
1563	1	12.4	12.4	8.74	
1564	1	12.31	12.31	8.6339	
1565	1	12.37	12.37	8.5331	
1566	1	12.46	12.46	8.3884	
1567	1	12.29	12.29	8.4659	
1568	1	12.39	12.39	8.3179	
1569	1	12.25	12.25	8.2675	
1570	1	12.17	12.17	8.5211	
1571	1	12.02	12.02	8.4996	
1572	1	11.87	11.87	8.0731	
1573	1	11.88	11.88	7.9056	
1574	1	11.95	11.95	7.9075	
1575	1	12.07	12.07	7.8051	
1576	1	12.14	12.14	7.4004	
1577	1	12.03	12.03	7.1491	
1578	1	12.07	12.07	7.0851	
1579	1	12.12	12.12	7.3256	
1580	1	12.08	12.08	7.5936	
1581	1	12.25	12.25	7.9075	
1582	1	12.49	12.49	7.4499	
1583	1	12.41	12.41	7.3419	
1584	1	12.39	12.39	7.5179	
1585	1	12.34	12.34	7.4844	
1586	1	12.3	12.3	6.85	
1587	1	12.32	12.32	6.7776	
1588	1	12.47	12.47	6.8091	
1589	1	12.36	12.36	6.8104	
1590	1	12.23	12.23	6.5571	
1591	1	12.16	12.16	6.1344	
1592	1	12.11	12.11	6.1379	
1593	1	12.12	12.12	6.1656	
1594	1	11.97	11.97	5.6091	
1595	1	12	12	5.66	
1596	1	12.07	12.07	5.5651	
1597	1	11.9	11.9	4.97	
1598	1	12.01	12.01	5.5699	
1599	1	12.09	12.09	5.5219	
1600	1	12.17	12.17	5.6011	
1601	1	12.23	12.23	5.2971	
1602	1	12.3	12.3	5.35	
1603	1	12.37	12.37	5.1731	
1604	1	12.57	12.57	5.4651	
1605	1	12.33	12.33	5.7011	
1606	1	12.35	12.35	5.7075	
1607	1	12.39	12.39	5.8779	
1608	1	12.36	12.36	5.8504	
1609	1	12.48	12.48	6.1296	
1610	1	12.41	12.41	6.1019	
1611	1	12.47	12.47	6.0691	
1612	1	12.44	12.44	6.4064	
1613	1	12.51	12.51	6.4299	
1614	1	12.45	12.45	6.6475	
1615	1	12.47	12.47	6.4491	
1616	1	12.5	12.5	6.51	
1617	1	12.64	12.64	7.0904	
1618	1	12.55	12.55	7.0475	
1619	1	12.59	12.59	7.1819	
1620	1	12.44	12.44	7.3664	
1621	1	12.39	12.39	7.1779	
1622	1	12.57	12.57	7.0851	
1623	1	12.74	12.74	7.6924	
1624	1	12.75	12.75	7.7475	
1625	1	12.88	12.88	7.5656	
1626	1	12.83	12.83	7.6611	
1627	1	12.99	12.99	8.0299	
1628	1	13.01	13.01	7.7499	
1629	1	13.29	13.29	7.4859	
1630	1	13.35	13.35	7.3275	
1631	1	13.12	13.12	8.0656	
1632	1	13.07	13.07	8.7851	
1633	1	13.1	13.1	8.41	
1634	1	13.4	13.4	8.36	
1635	1	13.39	13.39	8.4579	
1636	1	13.41	13.41	8.4619	
1637	1	13.28	13.28	8.9416	
1638	1	13.05	13.05	9.5075	
1639	1	13.19	13.19	9.3139	
1640	1	13.25	13.25	8.8475	
1641	1	13.16	13.16	8.6944	
1642	1	13.12	13.12	8.0856	
1643	1	13.21	13.21	7.9459	
1644	1	13.23	13.23	8.4971	
1645	1	13.36	13.36	9.1304	
1646	1	13.32	13.32	9.2176	
1647	1	13.38	13.38	9.5756	
1648	1	13.42	13.42	9.8636	
1649	1	13.47	13.47	10.2091	
1650	1	13.34	13.34	10.3844	
1651	1	13.56	13.56	9.6864	
1652	1	13.67	13.67	9.4411	
1653	1	13.65	13.65	9.4875	
1654	1	13.57	13.57	9.9251	
1655	1	13.6	13.6	9.68	
1656	1	13.76	13.76	9.5624	
1657	1	13.93	13.93	9.1451	
1658	1	13.82	13.82	9.1676	
1659	1	13.64	13.64	9.3704	
1660	1	13.69	13.69	9.1539	
1661	1	13.88	13.88	9.1656	
1662	1	14.02	14.02	8.7596	
1663	1	13.96	13.96	8.6784	
1664	1	14.01	14.01	9.1699	
1665	1	14.09	14.09	8.7419	
1666	1	13.82	13.82	8.4876	
1667	1	13.78	13.78	8.5316	
1668	1	13.77	13.77	8.4171	
1669	1	13.7	13.7	8.37	
1670	1	13.75	13.75	8.5075	
1671	1	13.73	13.73	8.3371	
1672	1	13.89	13.89	8.0579	
1673	1	13.74	13.74	7.8324	
1674	1	13.58	13.58	8.0436	
1675	1	13.48	13.48	8.4296	
1676	1	13.34	13.34	8.7444	
1677	1	13.3	13.3	8.65	
1678	1	13.21	13.21	8.6859	
1679	1	13.41	13.41	8.9419	
1680	1	13.6	13.6	8.78	
1681	1	13.59	13.59	8.8419	
1682	1	13.53	13.53	9.5091	
1683	1	13.37	13.37	9.2931	
1684	1	13.47	13.47	9.2691	
1685	1	13.5	13.5	9.33	
1686	1	13.53	13.53	9.1491	
1687	1	13.48	13.48	8.9696	
1688	1	13.61	13.61	9.5179	
1689	1	13.89	13.89	9.2579	
1690	1	13.88	13.88	9.0456	
1691	1	13.83	13.83	9.0811	
1692	1	13.83	13.83	8.9211	
1693	1	14.04	14.04	8.7784	
1694	1	14.13	14.13	8.7931	
1695	1	14.18	14.18	8.5876	
1696	1	14.24	14.24	8.6824	
1697	1	14.23	14.23	8.1571	
1698	1	14.32	14.32	8.0576	
1699	1	14.57	14.57	8.1651	
1700	1	14.69	14.69	8.1539	
1701	1	14.75	14.75	8.1875	
1702	1	14.76	14.76	8.0624	
1703	1	14.67	14.67	7.8011	
1704	1	14.65	14.65	8.1075	
1705	1	14.62	14.62	8.6156	
1706	1	14.65	14.65	8.5475	
1707	1	14.92	14.92	8.5536	
1708	1	15.14	15.14	8.6404	
1709	1	15.11	15.11	8.8779	
1710	1	14.96	14.96	9.0784	
1711	1	15.05	15.05	8.5675	
1712	1	15.09	15.09	8.7019	
1713	1	15.14	15.14	8.2204	
1714	1	15.22	15.22	8.9716	
1715	1	14.99	14.99	9.3299	
1716	1	14.98	14.98	9.0196	
1717	1	15.08	15.08	9.1536	
1718	1	15.09	15.09	9.2219	
1719	1	15.13	15.13	9.2131	
1720	1	15.16	15.16	8.8144	
1721	1	15.24	15.24	8.3824	
1722	1	15.12	15.12	9.1256	
1723	1	15.43	15.43	7.9651	
1724	1	15.45	15.45	8.4475	
1725	1	15.32	15.32	8.3376	
1726	1	15.42	15.42	8.6836	
1727	1	15.59	15.59	8.7419	
1728	1	15.49	15.49	9.2699	
1729	1	15.38	15.38	9.9756	
1730	1	15.31	15.31	9.9339	
1731	1	15.18	15.18	10.2676	
1732	1	15.15	15.15	9.9075	
1733	1	14.97	14.97	10.4091	
1734	1	14.98	14.98	9.9196	
1735	1	14.99	14.99	10.3299	
1736	1	15.11	15.11	10.0579	
1737	1	15.09	15.09	10.2619	
1738	1	14.98	14.98	9.9996	
1739	1	15.22	15.22	9.4716	
1740	1	15.32	15.32	9.1776	
1741	1	15.24	15.24	9.1224	
1742	1	15.39	15.39	9.1179	
1743	1	15.65	15.65	8.9275	
1744	1	15.72	15.72	9.4016	
1745	1	15.66	15.66	9.5644	
1746	1	15.77	15.77	9.2971	
1747	1	15.65	15.65	9.3275	
1748	1	15.59	15.59	9.7419	
1749	1	15.4	15.4	10.52	
1750	1	15.64	15.64	9.6904	
1751	1	15.96	15.96	8.5984	
1752	1	16.11	16.11	8.0179	
1753	1	16.29	16.29	8.0459	
1754	1	16.39	16.39	7.8979	
1755	1	16.43	16.43	8.3251	
1756	1	16.55	16.55	8.3275	
1757	1	16.4	16.4	9.12	
1758	1	16.5	16.5	9.05	
1759	1	16.4	16.4	9.34	
1760	1	16.54	16.54	8.9684	
1761	1	16.55	16.55	8.6275	
1762	1	16.48	16.48	8.6896	
1763	1	16.43	16.43	8.7851	
1764	1	16.45	16.45	9.1075	
1765	1	16.56	16.56	9.2664	
1766	1	16.62	16.62	9.0156	
1767	1	16.48	16.48	9.1296	
1768	1	16.41	16.41	9.3219	
1769	1	16.39	16.39	9.6779	
1770	1	16.33	16.33	9.2611	
1771	1	16.38	16.38	9.0556	
1772	1	16.43	16.43	9.5251	
1773	1	16.34	16.34	10.4444	
1774	1	16.38	16.38	9.8156	
1775	1	16.22	16.22	9.9716	
1776	1	16.01	16.01	10.2699	
1777	1	15.88	15.88	10.1656	
1778	1	16.11	16.11	9.6779	
1779	1	16.13	16.13	9.8131	
1780	1	16.41	16.41	9.7419	
1781	1	16.37	16.37	9.3731	
1782	1	16.42	16.42	8.7636	
1783	1	16.17	16.17	9.6411	
1784	1	16.1	16.1	9.35	
1785	1	16.02	16.02	8.5996	
1786	1	16.02	16.02	8.8196	
1787	1	15.85	15.85	9.5075	
1788	1	15.92	15.92	9.8536	
1789	1	15.94	15.94	9.9364	
1790	1	16.2	16.2	9.66	
1791	1	16.06	16.06	10.6164	
1792	1	16.06	16.06	11.0164	
1793	1	15.97	15.97	11.5891	
1794	1	16.2	16.2	11.18	
1795	1	16.29	16.29	10.7459	
1796	1	16.28	16.28	10.5616	
1797	1	16.22	16.22	10.8516	
1798	1	16.21	16.21	11.0259	
1799	1	16.15	16.15	10.8675	
1800	1	16.1	16.1	11.03	
1801	1	16.04	16.04	10.8984	
1802	1	16.02	16.02	11.3796	
1803	1	16.15	16.15	11.0275	
1804	1	16.2	16.2	10.58	
1805	1	16.28	16.28	10.3216	
1806	1	16.24	16.24	10.0424	
1807	1	16.11	16.11	10.7379	
1808	1	16.1	16.1	10.69	
1809	1	16.09	16.09	10.6419	
1810	1	16.15	16.15	10.4075	
1811	1	16.11	16.11	10.4579	
1812	1	16.09	16.09	10.1019	
1813	1	16.05	16.05	9.9675	
1814	1	16.26	16.26	10.4324	
1815	1	16.22	16.22	10.4116	
1816	1	16.19	16.19	10.9139	
1817	1	15.97	15.97	11.2091	
1818	1	15.94	15.94	10.9164	
1819	1	15.9	15.9	11.25	
1820	1	15.92	15.92	10.2736	
1821	1	15.69	15.69	11.1939	
1822	1	15.66	15.66	11.3644	
1823	1	15.49	15.49	11.4699	
1824	1	15.58	15.58	11.5636	
1825	1	15.62	15.62	10.8156	
1826	1	15.85	15.85	10.3875	
1827	1	15.72	15.72	10.5416	
1828	1	15.82	15.82	9.7676	
1829	1	15.84	15.84	9.1544	
1830	1	15.76	15.76	9.0024	
1831	1	15.7	15.7	8.69	
1832	1	15.77	15.77	8.6171	
1833	1	15.88	15.88	8.0656	
1834	1	15.81	15.81	8.0939	
1835	1	15.75	15.75	8.4275	
1836	1	15.69	15.69	8.1339	
1837	1	15.55	15.55	8.3875	
1838	1	15.41	15.41	8.5819	
1839	1	15.52	15.52	8.2696	
1840	1	15.73	15.73	7.4971	
1841	1	15.79	15.79	7.3059	
1842	1	15.53	15.53	7.7491	
1843	1	15.47	15.47	7.8291	
1844	1	15.55	15.55	7.2075	
1845	1	15.51	15.51	6.9299	
1846	1	15.55	15.55	6.8875	
1847	1	15.7	15.7	6.53	
1848	1	15.71	15.71	6.3059	
1849	1	15.7	15.7	6.05	
1850	1	15.84	15.84	5.7744	
1851	1	15.91	15.91	5.5019	
1852	1	15.84	15.84	5.8144	
1853	1	15.81	15.81	5.7139	
1854	1	15.9	15.9	5.53	
1855	1	15.91	15.91	5.6019	
1856	1	16.01	16.01	5.4099	
1857	1	15.96	15.96	5.6384	
1858	1	15.99	15.99	5.5899	
1859	1	15.84	15.84	6.2544	
1860	1	15.84	15.84	6.5344	
1861	1	15.9	15.9	6.21	
1862	1	15.97	15.97	5.8891	
1863	1	15.93	15.93	6.3851	
1864	1	16.01	16.01	6.1499	
1865	1	15.91	15.91	6.4619	
1866	1	15.87	15.87	6.3731	
1867	1	15.91	15.91	6.1219	
1868	1	15.94	15.94	6.4364	
1869	1	15.92	15.92	6.6536	
1870	1	15.94	15.94	6.4764	
1871	1	15.7	15.7	7.05	
1872	1	15.73	15.73	7.1171	
1873	1	15.75	15.75	7.5275	
1874	1	15.81	15.81	7.3339	
1875	1	15.64	15.64	7.9704	
1876	1	15.72	15.72	7.3816	
1877	1	15.58	15.58	7.4836	
1878	1	15.56	15.56	7.3864	
1879	1	15.74	15.74	7.2724	
1880	1	15.76	15.76	7.6024	
1881	1	15.76	15.76	7.9024	
1882	1	15.82	15.82	7.7676	
1883	1	15.75	15.75	8.1075	
1884	1	15.84	15.84	7.9944	
1885	1	15.69	15.69	8.4139	
1886	1	15.81	15.81	8.2739	
1887	1	15.77	15.77	7.9171	
1888	1	15.48	15.48	8.9096	
1889	1	15.39	15.39	8.9579	
1890	1	15.54	15.54	9.1284	
1891	1	15.41	15.41	9.2619	
1892	1	15.4	15.4	8.82	
1893	1	15.46	15.46	9.4084	
1894	1	15.51	15.51	9.5099	
1895	1	15.42	15.42	9.2036	
1896	1	15.68	15.68	9.2376	
1897	1	15.56	15.56	9.7264	
1898	1	15.5	15.5	8.87	
1899	1	15.38	15.38	8.9756	
1900	1	15.59	15.59	9.5219	
1901	1	15.48	15.48	9.2896	
1902	1	15.52	15.52	8.8096	
1903	1	15.57	15.57	8.8851	
1904	1	15.53	15.53	8.5091	
1905	1	15.43	15.43	8.8251	
1906	1	15.62	15.62	8.8356	
1907	1	15.66	15.66	9.5244	
1908	1	15.6	15.6	9.52	
1909	1	15.58	15.58	9.9436	
1910	1	15.66	15.66	9.9244	
1911	1	15.59	15.59	9.2619	
1912	1	15.8	15.8	8.94	
1913	1	15.69	15.69	8.9939	
1914	1	15.65	15.65	8.2275	
1915	1	15.83	15.83	8.9211	
1916	1	15.83	15.83	9.0011	
1917	1	15.87	15.87	8.7131	
1918	1	15.93	15.93	8.6051	
1919	1	16.06	16.06	7.9764	
1920	1	16.19	16.19	7.7139	
1921	1	16.16	16.16	7.8144	
1922	1	16.03	16.03	7.7091	
1923	1	15.94	15.94	7.7964	
1924	1	16	16	7.38	
1925	1	15.72	15.72	7.6016	
1926	1	15.68	15.68	7.6976	
1927	1	15.74	15.74	8.1124	
1928	1	15.91	15.91	7.9219	
1929	1	15.97	15.97	7.4691	
1930	1	16	16	7.12	
1931	1	16	16	7.12	
1932	1	15.81	15.81	7.5539	
1933	1	15.58	15.58	7.8836	
1934	1	15.68	15.68	7.5976	
1935	1	15.69	15.69	7.8739	
1936	1	15.64	15.64	7.9304	
1937	1	15.81	15.81	8.2139	
1938	1	15.92	15.92	8.3736	
1939	1	15.9	15.9	8.77	
1940	1	15.92	15.92	8.2336	
1941	1	16.04	16.04	8.3584	
1942	1	16.23	16.23	7.6571	
1943	1	16.07	16.07	7.8451	
1944	1	16.18	16.18	7.8676	
1945	1	16.44	16.44	7.2664	
1946	1	16.46	16.46	7.2684	
1947	1	16.51	16.51	7.3499	
1948	1	16.66	16.66	7.1444	
1949	1	16.66	16.66	6.6444	
1950	1	16.69	16.69	6.8739	
1951	1	16.92	16.92	6.9536	
1952	1	16.96	16.96	6.9784	
1953	1	17.03	17.03	7.2291	
1954	1	17.04	17.04	7.0784	
1955	1	16.92	16.92	7.5336	
1956	1	17.13	17.13	6.7131	
1957	1	17.01	17.01	7.0499	
1958	1	17.17	17.17	6.5411	
1959	1	17.16	17.16	6.8344	
1960	1	17.09	17.09	7.1219	
1961	1	17.05	17.05	7.5075	
1962	1	16.89	16.89	7.5779	
1963	1	17.12	17.12	6.8856	
1964	1	17.18	17.18	6.8276	
1965	1	17.23	17.23	6.5371	
1966	1	17.24	17.24	6.3424	
1967	1	17.2	17.2	5.78	
1968	1	17.03	17.03	6.2891	
1969	1	17.06	17.06	5.8564	
1970	1	16.97	16.97	5.9091	
1971	1	17.21	17.21	5.3459	
1972	1	17.18	17.18	5.5076	
1973	1	17.26	17.26	5.5124	
1974	1	17.26	17.26	5.1124	
1975	1	17.26	17.26	4.6124	
1976	1	17.32	17.32	4.5776	
1977	1	17.4	17.4	4.36	
1978	1	17.42	17.42	3.8236	
1979	1	17.4	17.4	3.8	
1980	1	17.35	17.35	3.9475	
1981	1	17.36	17.36	4.0504	
1982	1	17.35	17.35	4.1875	
1983	1	17.38	17.38	3.9956	
1984	1	17.52	17.52	4.1696	
1985	1	17.42	17.42	4.5036	
1986	1	17.52	17.52	4.2496	
1987	1	17.56	17.56	3.8264	
1988	1	17.5	17.5	3.99	
1989	1	17.58	17.58	3.8636	
1990	1	17.76	17.76	3.7424	
1991	1	17.7	17.7	3.79	
1992	1	17.76	17.76	3.7624	
1993	1	17.92	17.92	3.6336	
1994	1	17.91	17.91	3.6619	
1995	1	17.88	17.88	3.6656	
1996	1	17.76	17.76	3.8024	
1997	1	17.92	17.92	3.1736	
1998	1	17.91	17.91	3.2419	
1999	1	17.86	17.86	3.2604	
2000	1	17.78	17.78	3.4716	
