# mu = 1e-05, s = -0.001, trials requested = 1, runtime = 0:58:04
# "Time"	"Actual trials"	"Mean mutation"	"Average mean mutation"	"Average mutation variance"
0	1	0	0	0	
1	1	0	0	0	
2	1	0	0	0	
3	1	0.01	0.01	0.0099	
4	1	0.01	0.01	0.0099	
5	1	0.01	0.01	0.0099	
6	1	0.01	0.01	0.0099	
7	1	0.04	0.04	0.0384	
8	1	0.06	0.06	0.0564	
9	1	0.08	0.08	0.0736	
10	1	0.09	0.09	0.0819	
11	1	0.1	0.1	0.09	
12	1	0.1	0.1	0.09	
13	1	0.12	0.12	0.1056	
14	1	0.13	0.13	0.1131	
15	1	0.14	0.14	0.1204	
16	1	0.14	0.14	0.1204	
17	1	0.15	0.15	0.1275	
18	1	0.16	0.16	0.1544	
19	1	0.17	0.17	0.1611	
20	1	0.18	0.18	0.1876	
21	1	0.19	0.19	0.1939	
22	1	0.19	0.19	0.1939	
23	1	0.2	0.2	0.2	
24	1	0.19	0.19	0.1939	
25	1	0.2	0.2	0.22	
26	1	0.22	0.22	0.2316	
27	1	0.22	0.22	0.2316	
28	1	0.24	0.24	0.2424	
29	1	0.25	0.25	0.2675	
30	1	0.26	0.26	0.2524	
31	1	0.25	0.25	0.2475	
32	1	0.26	0.26	0.2524	
33	1	0.26	0.26	0.2524	
34	1	0.27	0.27	0.2571	
35	1	0.28	0.28	0.2616	
36	1	0.31	0.31	0.2939	
37	1	0.32	0.32	0.3176	
38	1	0.32	0.32	0.3176	
39	1	0.33	0.33	0.3411	
40	1	0.35	0.35	0.3475	
41	1	0.33	0.33	0.3411	
42	1	0.36	0.36	0.3904	
43	1	0.39	0.39	0.4179	
44	1	0.39	0.39	0.3979	
45	1	0.4	0.4	0.4	
46	1	0.39	0.39	0.3979	
47	1	0.41	0.41	0.4219	
48	1	0.4	0.4	0.4	
49	1	0.4	0.4	0.4	
50	1	0.41	0.41	0.4019	
51	1	0.42	0.42	0.4036	
52	1	0.43	0.43	0.4251	
53	1	0.44	0.44	0.4264	
54	1	0.45	0.45	0.4475	
55	1	0.45	0.45	0.4475	
56	1	0.46	0.46	0.4484	
57	1	0.47	0.47	0.4491	
58	1	0.48	0.48	0.4896	
59	1	0.47	0.47	0.4891	
60	1	0.52	0.52	0.5296	
61	1	0.51	0.51	0.5099	
62	1	0.52	0.52	0.5296	
63	1	0.54	0.54	0.5684	
64	1	0.54	0.54	0.5684	
65	1	0.52	0.52	0.5496	
66	1	0.56	0.56	0.5664	
67	1	0.53	0.53	0.5491	
68	1	0.55	0.55	0.5675	
69	1	0.55	0.55	0.5475	
70	1	0.57	0.57	0.5651	
71	1	0.55	0.55	0.5475	
72	1	0.58	0.58	0.5836	
73	1	0.58	0.58	0.5836	
74	1	0.58	0.58	0.5836	
75	1	0.6	0.6	0.58	
76	1	0.61	0.61	0.5779	
77	1	0.63	0.63	0.6131	
78	1	0.62	0.62	0.6156	
79	1	0.62	0.62	0.6156	
80	1	0.65	0.65	0.6075	
81	1	0.7	0.7	0.65	
82	1	0.68	0.68	0.6376	
83	1	0.7	0.7	0.67	
84	1	0.68	0.68	0.6576	
85	1	0.69	0.69	0.6539	
86	1	0.71	0.71	0.6859	
87	1	0.72	0.72	0.6816	
88	1	0.71	0.71	0.6859	
89	1	0.75	0.75	0.7675	
90	1	0.74	0.74	0.7324	
91	1	0.74	0.74	0.7324	
92	1	0.78	0.78	0.8116	
93	1	0.78	0.78	0.8116	
94	1	0.76	0.76	0.8224	
95	1	0.78	0.78	0.8316	
96	1	0.78	0.78	0.8316	
97	1	0.81	0.81	0.8339	
98	1	0.82	0.82	0.8476	
99	1	0.86	0.86	0.9004	
100	1	0.83	0.83	0.8411	
101	1	0.82	0.82	0.8476	
102	1	0.85	0.85	0.8875	
103	1	0.88	0.88	0.8656	
104	1	0.87	0.87	0.8531	
105	1	0.85	0.85	0.8475	
106	1	0.9	0.9	0.93	
107	1	0.88	0.88	0.9056	
108	1	0.9	0.9	0.91	
109	1	0.93	0.93	0.9451	
110	1	0.89	0.89	0.9179	
111	1	0.93	0.93	0.9251	
112	1	0.9	0.9	0.93	
113	1	0.91	0.91	0.9219	
114	1	0.9	0.9	0.93	
115	1	0.9	0.9	0.93	
116	1	0.91	0.91	0.9219	
117	1	0.92	0.92	0.9536	
118	1	0.92	0.92	0.9536	
119	1	0.93	0.93	0.9451	
120	1	0.97	0.97	0.9491	
121	1	0.95	0.95	0.9475	
122	1	1.01	1.01	1.0099	
123	1	1.03	1.03	0.9491	
124	1	1	1	0.9	
125	1	1.03	1.03	0.9691	
126	1	1.01	1.01	0.9299	
127	1	1.02	1.02	0.9196	
128	1	1.07	1.07	0.8851	
129	1	1.07	1.07	0.9251	
130	1	1.08	1.08	0.9736	
131	1	1.09	1.09	0.9619	
132	1	1.1	1.1	1.03	
133	1	1.12	1.12	1.0256	
134	1	1.13	1.13	1.0331	
135	1	1.12	1.12	1.0256	
136	1	1.1	1.1	1.05	
137	1	1.1	1.1	1.05	
138	1	1.14	1.14	1.1004	
139	1	1.14	1.14	1.0604	
140	1	1.13	1.13	1.0731	
141	1	1.11	1.11	1.0779	
142	1	1.12	1.12	1.1056	
143	1	1.14	1.14	1.1004	
144	1	1.18	1.18	1.2476	
145	1	1.18	1.18	1.1476	
146	1	1.21	1.21	1.1659	
147	1	1.18	1.18	1.1476	
148	1	1.23	1.23	1.2171	
149	1	1.22	1.22	1.1916	
150	1	1.24	1.24	1.1824	
151	1	1.23	1.23	1.1771	
152	1	1.22	1.22	1.1916	
153	1	1.23	1.23	1.1771	
154	1	1.28	1.28	1.2216	
155	1	1.27	1.27	1.1971	
156	1	1.28	1.28	1.2216	
157	1	1.27	1.27	1.2371	
158	1	1.28	1.28	1.2216	
159	1	1.3	1.3	1.21	
160	1	1.3	1.3	1.27	
161	1	1.3	1.3	1.27	
162	1	1.34	1.34	1.3044	
163	1	1.34	1.34	1.2844	
164	1	1.37	1.37	1.3131	
165	1	1.37	1.37	1.3131	
166	1	1.35	1.35	1.3075	
167	1	1.36	1.36	1.2904	
168	1	1.35	1.35	1.2875	
169	1	1.4	1.4	1.38	
170	1	1.41	1.41	1.3619	
171	1	1.45	1.45	1.4675	
172	1	1.44	1.44	1.4664	
173	1	1.43	1.43	1.4851	
174	1	1.48	1.48	1.5496	
175	1	1.47	1.47	1.4691	
176	1	1.52	1.52	1.5696	
177	1	1.52	1.52	1.6896	
178	1	1.5	1.5	1.53	
179	1	1.53	1.53	1.5291	
180	1	1.52	1.52	1.5296	
181	1	1.55	1.55	1.5275	
182	1	1.55	1.55	1.5275	
183	1	1.59	1.59	1.6019	
184	1	1.58	1.58	1.6036	
185	1	1.62	1.62	1.6356	
186	1	1.63	1.63	1.6531	
187	1	1.61	1.61	1.6379	
188	1	1.65	1.65	1.6875	
189	1	1.62	1.62	1.6356	
190	1	1.62	1.62	1.6756	
191	1	1.61	1.61	1.6979	
192	1	1.66	1.66	1.6444	
193	1	1.64	1.64	1.6704	
194	1	1.66	1.66	1.6444	
195	1	1.69	1.69	1.6539	
196	1	1.66	1.66	1.6644	
197	1	1.67	1.67	1.6811	
198	1	1.7	1.7	1.65	
199	1	1.73	1.73	1.6771	
200	1	1.71	1.71	1.6059	
201	1	1.73	1.73	1.6171	
202	1	1.73	1.73	1.6171	
203	1	1.72	1.72	1.6216	
204	1	1.73	1.73	1.5971	
205	1	1.76	1.76	1.7024	
206	1	1.75	1.75	1.6675	
207	1	1.76	1.76	1.6024	
208	1	1.76	1.76	1.6224	
209	1	1.77	1.77	1.6171	
210	1	1.81	1.81	1.6139	
211	1	1.82	1.82	1.6276	
212	1	1.83	1.83	1.6411	
213	1	1.84	1.84	1.6744	
214	1	1.91	1.91	1.7419	
215	1	1.88	1.88	1.6456	
216	1	1.88	1.88	1.6856	
217	1	1.89	1.89	1.6579	
218	1	1.86	1.86	1.6604	
219	1	1.86	1.86	1.6804	
220	1	1.86	1.86	1.7204	
221	1	1.89	1.89	1.6979	
222	1	1.95	1.95	1.6875	
223	1	1.98	1.98	1.7396	
224	1	2	2	1.7	
225	1	2	2	1.76	
226	1	1.98	1.98	1.6996	
227	1	2	2	1.66	
228	1	2.03	2.03	1.6691	
229	1	2	2	1.66	
230	1	2.02	2.02	1.6396	
231	1	2.02	2.02	1.6396	
232	1	1.99	1.99	1.6899	
233	1	2	2	1.68	
234	1	2	2	1.66	
235	1	2.01	2.01	1.6499	
236	1	2.05	2.05	1.5875	
237	1	2.07	2.07	1.6651	
238	1	2.04	2.04	1.6184	
239	1	2.06	2.06	1.5964	
240	1	2.08	2.08	1.6536	
241	1	2.15	2.15	1.7475	
242	1	2.1	2.1	1.69	
243	1	2.15	2.15	1.7075	
244	1	2.1	2.1	1.71	
245	1	2.13	2.13	1.6931	
246	1	2.18	2.18	1.7076	
247	1	2.15	2.15	1.7075	
248	1	2.15	2.15	1.7475	
249	1	2.22	2.22	1.6916	
250	1	2.21	2.21	1.7459	
251	1	2.22	2.22	1.7716	
252	1	2.19	2.19	1.8539	
253	1	2.21	2.21	1.7859	
254	1	2.24	2.24	1.7824	
255	1	2.28	2.28	1.8416	
256	1	2.26	2.26	1.7524	
257	1	2.26	2.26	1.7324	
258	1	2.28	2.28	1.7416	
259	1	2.32	2.32	1.7776	
260	1	2.28	2.28	1.8016	
261	1	2.32	2.32	1.7576	
262	1	2.33	2.33	1.7211	
263	1	2.32	2.32	1.7576	
264	1	2.33	2.33	1.7411	
265	1	2.37	2.37	1.7131	
266	1	2.34	2.34	1.7044	
267	1	2.38	2.38	1.7956	
268	1	2.38	2.38	1.7756	
269	1	2.39	2.39	1.7579	
270	1	2.4	2.4	1.86	
271	1	2.39	2.39	1.8979	
272	1	2.41	2.41	1.8619	
273	1	2.42	2.42	1.9036	
274	1	2.42	2.42	1.8636	
275	1	2.46	2.46	1.9884	
276	1	2.39	2.39	1.8979	
277	1	2.42	2.42	1.8836	
278	1	2.43	2.43	1.8851	
279	1	2.44	2.44	1.9064	
280	1	2.44	2.44	1.9064	
281	1	2.43	2.43	1.9851	
282	1	2.44	2.44	1.9664	
283	1	2.45	2.45	2.0075	
284	1	2.44	2.44	2.0064	
285	1	2.47	2.47	1.9891	
286	1	2.45	2.45	1.9875	
287	1	2.45	2.45	1.9875	
288	1	2.47	2.47	1.9891	
289	1	2.49	2.49	2.0699	
290	1	2.5	2.5	2.15	
291	1	2.52	2.52	2.0896	
292	1	2.54	2.54	2.1684	
293	1	2.59	2.59	2.3219	
294	1	2.58	2.58	2.2836	
295	1	2.54	2.54	2.2684	
296	1	2.58	2.58	2.2436	
297	1	2.6	2.6	2.24	
298	1	2.63	2.63	2.2531	
299	1	2.62	2.62	2.1956	
300	1	2.63	2.63	2.2131	
301	1	2.63	2.63	2.2131	
302	1	2.63	2.63	2.2131	
303	1	2.62	2.62	2.2756	
304	1	2.66	2.66	2.3444	
305	1	2.65	2.65	2.3875	
306	1	2.68	2.68	2.4376	
307	1	2.68	2.68	2.3576	
308	1	2.7	2.7	2.37	
309	1	2.66	2.66	2.3844	
310	1	2.71	2.71	2.3059	
311	1	2.72	2.72	2.3416	
312	1	2.7	2.7	2.35	
313	1	2.73	2.73	2.3371	
314	1	2.76	2.76	2.3224	
315	1	2.76	2.76	2.2624	
316	1	2.78	2.78	2.3116	
317	1	2.78	2.78	2.3316	
318	1	2.77	2.77	2.3971	
319	1	2.78	2.78	2.3916	
320	1	2.79	2.79	2.3659	
321	1	2.79	2.79	2.5459	
322	1	2.83	2.83	2.5011	
323	1	2.82	2.82	2.6076	
324	1	2.85	2.85	2.5475	
325	1	2.88	2.88	2.5456	
326	1	2.9	2.9	2.53	
327	1	2.9	2.9	2.49	
328	1	2.92	2.92	2.5536	
329	1	2.95	2.95	2.5875	
330	1	2.92	2.92	2.5536	
331	1	2.92	2.92	2.5536	
332	1	2.92	2.92	2.5136	
333	1	2.96	2.96	2.6584	
334	1	2.95	2.95	2.6275	
335	1	3.02	3.02	2.8196	
336	1	2.96	2.96	2.6584	
337	1	3.03	3.03	2.7691	
338	1	3.04	3.04	2.7584	
339	1	2.99	2.99	2.6099	
340	1	3	3	2.6	
341	1	3.04	3.04	2.6784	
342	1	2.99	2.99	2.6699	
343	1	3.02	3.02	2.6596	
344	1	3.04	3.04	2.6584	
345	1	3.11	3.11	3.0179	
346	1	3.04	3.04	2.6984	
347	1	3.06	3.06	2.6564	
348	1	3.09	3.09	2.6619	
349	1	3.05	3.05	2.6675	
350	1	3.09	3.09	2.7219	
351	1	3.05	3.05	2.6675	
352	1	3.12	3.12	2.6456	
353	1	3.12	3.12	2.7256	
354	1	3.1	3.1	2.73	
355	1	3.16	3.16	2.7544	
356	1	3.14	3.14	2.7604	
357	1	3.13	3.13	2.7531	
358	1	3.15	3.15	2.9275	
359	1	3.14	3.14	2.8004	
360	1	3.11	3.11	2.8379	
361	1	3.14	3.14	2.8204	
362	1	3.21	3.21	2.9659	
363	1	3.15	3.15	2.9275	
364	1	3.2	3.2	2.94	
365	1	3.18	3.18	2.9476	
366	1	3.15	3.15	3.0075	
367	1	3.25	3.25	3.0075	
368	1	3.24	3.24	2.9424	
369	1	3.23	3.23	2.9571	
370	1	3.17	3.17	3.0211	
371	1	3.18	3.18	3.0876	
372	1	3.2	3.2	3.12	
373	1	3.3	3.3	3.11	
374	1	3.32	3.32	3.1376	
375	1	3.29	3.29	3.1659	
376	1	3.32	3.32	3.3376	
377	1	3.28	3.28	3.1816	
378	1	3.3	3.3	3.17	
379	1	3.36	3.36	3.3504	
380	1	3.37	3.37	3.3331	
381	1	3.33	3.33	3.2211	
382	1	3.4	3.4	3.32	
383	1	3.39	3.39	3.2779	
384	1	3.41	3.41	3.3819	
385	1	3.38	3.38	3.2356	
386	1	3.42	3.42	3.3436	
387	1	3.43	3.43	3.2851	
388	1	3.41	3.41	3.3019	
389	1	3.47	3.47	3.4091	
390	1	3.42	3.42	3.3436	
391	1	3.47	3.47	3.3891	
392	1	3.46	3.46	3.3284	
393	1	3.48	3.48	3.3296	
394	1	3.49	3.49	3.4899	
395	1	3.52	3.52	3.3296	
396	1	3.48	3.48	3.3896	
397	1	3.49	3.49	3.4699	
398	1	3.52	3.52	3.3696	
399	1	3.55	3.55	3.3675	
400	1	3.66	3.66	3.7244	
401	1	3.56	3.56	3.3464	
402	1	3.59	3.59	3.3419	
403	1	3.58	3.58	3.3636	
404	1	3.65	3.65	3.4075	
405	1	3.7	3.7	3.55	
406	1	3.65	3.65	3.3475	
407	1	3.6	3.6	3.38	
408	1	3.62	3.62	3.4156	
409	1	3.69	3.69	3.4339	
410	1	3.66	3.66	3.3844	
411	1	3.69	3.69	3.3739	
412	1	3.71	3.71	3.4859	
413	1	3.77	3.77	3.6371	
414	1	3.77	3.77	4.1171	
415	1	3.71	3.71	3.7059	
416	1	3.73	3.73	3.6371	
417	1	3.76	3.76	3.5624	
418	1	3.78	3.78	3.5716	
419	1	3.79	3.79	3.6659	
420	1	3.81	3.81	3.6339	
421	1	3.83	3.83	3.7411	
422	1	3.81	3.81	3.7139	
423	1	3.8	3.8	3.72	
424	1	3.81	3.81	3.7139	
425	1	3.84	3.84	3.9344	
426	1	3.86	3.86	3.8204	
427	1	3.88	3.88	3.9256	
428	1	3.83	3.83	3.8611	
429	1	3.89	3.89	3.9579	
430	1	3.83	3.83	3.9411	
431	1	3.91	3.91	4.0419	
432	1	3.89	3.89	4.0179	
433	1	3.89	3.89	4.0179	
434	1	3.92	3.92	4.0936	
435	1	3.93	3.93	4.0451	
436	1	3.96	3.96	4.0784	
437	1	3.9	3.9	4.27	
438	1	3.92	3.92	4.1936	
439	1	3.94	3.94	4.1564	
440	1	3.94	3.94	4.2764	
441	1	3.94	3.94	4.2964	
442	1	3.94	3.94	4.3164	
443	1	3.98	3.98	4.2396	
444	1	3.99	3.99	4.2299	
445	1	3.97	3.97	4.2291	
446	1	3.95	3.95	4.2675	
447	1	3.96	3.96	4.2584	
448	1	3.96	3.96	4.2584	
449	1	4.03	4.03	4.3691	
450	1	4.02	4.02	4.2196	
451	1	4.05	4.05	4.2275	
452	1	4.02	4.02	4.2196	
453	1	4.06	4.06	4.2364	
454	1	4.05	4.05	4.2275	
455	1	4.07	4.07	4.2051	
456	1	4.06	4.06	4.2764	
457	1	4.08	4.08	4.2336	
458	1	4.13	4.13	4.3331	
459	1	4.09	4.09	4.2819	
460	1	4.11	4.11	4.2579	
461	1	4.15	4.15	4.3075	
462	1	4.19	4.19	4.3739	
463	1	4.19	4.19	4.3339	
464	1	4.18	4.18	4.3276	
465	1	4.18	4.18	4.3076	
466	1	4.21	4.21	4.3859	
467	1	4.32	4.32	4.9576	
468	1	4.23	4.23	4.2771	
469	1	4.22	4.22	4.3916	
470	1	4.23	4.23	4.2971	
471	1	4.25	4.25	4.3875	
472	1	4.25	4.25	4.3075	
473	1	4.24	4.24	4.3224	
474	1	4.26	4.26	4.3324	
475	1	4.33	4.33	4.4811	
476	1	4.3	4.3	4.41	
477	1	4.38	4.38	4.7556	
478	1	4.34	4.34	4.4244	
479	1	4.28	4.28	4.3416	
480	1	4.3	4.3	4.33	
481	1	4.3	4.3	4.33	
482	1	4.37	4.37	4.3731	
483	1	4.34	4.34	4.3444	
484	1	4.35	4.35	4.3275	
485	1	4.34	4.34	4.3444	
486	1	4.3	4.3	4.45	
487	1	4.36	4.36	4.3104	
488	1	4.31	4.31	4.4739	
489	1	4.38	4.38	4.4356	
490	1	4.36	4.36	4.3704	
491	1	4.42	4.42	4.4836	
492	1	4.41	4.41	4.2619	
493	1	4.42	4.42	4.3836	
494	1	4.41	4.41	4.3619	
495	1	4.44	4.44	4.3064	
496	1	4.39	4.39	4.3779	
497	1	4.48	4.48	4.7696	
498	1	4.43	4.43	4.5251	
499	1	4.47	4.47	4.4891	
500	1	4.42	4.42	4.4636	
501	1	4.5	4.5	4.43	
502	1	4.47	4.47	4.5691	
503	1	4.56	4.56	4.7064	
504	1	4.52	4.52	4.5896	
505	1	4.5	4.5	4.61	
506	1	4.5	4.5	4.63	
507	1	4.49	4.49	4.8099	
508	1	4.58	4.58	4.6236	
509	1	4.69	4.69	5.1939	
510	1	4.61	4.61	4.6179	
511	1	4.57	4.57	4.7451	
512	1	4.61	4.61	4.5779	
513	1	4.65	4.65	4.6275	
514	1	4.59	4.59	4.6219	
515	1	4.61	4.61	4.5979	
516	1	4.65	4.65	4.6075	
517	1	4.66	4.66	4.5844	
518	1	4.68	4.68	4.6776	
519	1	4.68	4.68	4.7376	
520	1	4.71	4.71	4.7259	
521	1	4.67	4.67	4.9811	
522	1	4.68	4.68	4.9376	
523	1	4.72	4.72	4.9216	
524	1	4.76	4.76	4.8824	
525	1	4.78	4.78	5.0516	
526	1	4.75	4.75	4.8475	
527	1	4.75	4.75	4.8075	
528	1	4.78	4.78	4.7516	
529	1	4.81	4.81	4.8939	
530	1	4.83	4.83	4.7811	
531	1	4.8	4.8	4.8	
532	1	4.86	4.86	4.8804	
533	1	4.93	4.93	5.4251	
534	1	4.92	4.92	5.3736	
535	1	4.87	4.87	4.6931	
536	1	4.9	4.9	4.79	
537	1	4.85	4.85	4.7475	
538	1	4.99	4.99	5.3099	
539	1	4.98	4.98	4.8396	
540	1	4.98	4.98	4.7796	
541	1	4.95	4.95	4.8875	
542	1	5.02	5.02	4.8396	
543	1	5.03	5.03	4.8291	
544	1	5.01	5.01	4.8299	
545	1	5.01	5.01	4.8299	
546	1	5	5	4.82	
547	1	5.04	5.04	4.8984	
548	1	5.03	5.03	4.8691	
549	1	5.01	5.01	4.8699	
550	1	5.04	5.04	4.9584	
551	1	5.04	5.04	4.8784	
552	1	5.06	5.06	5.0564	
553	1	5.07	5.07	5.0051	
554	1	5.02	5.02	4.9796	
555	1	5.04	5.04	5.0384	
556	1	5.09	5.09	5.0019	
557	1	5.09	5.09	4.9819	
558	1	5.08	5.08	4.9536	
559	1	5.06	5.06	4.9564	
560	1	5.05	5.05	4.9875	
561	1	5.04	5.04	5.1784	
562	1	5.13	5.13	4.9931	
563	1	5.13	5.13	5.0531	
564	1	5.18	5.18	5.0076	
565	1	5.12	5.12	4.9856	
566	1	5.18	5.18	4.9676	
567	1	5.25	5.25	5.5675	
568	1	5.19	5.19	4.9939	
569	1	5.2	5.2	5.04	
570	1	5.23	5.23	5.0971	
571	1	5.24	5.24	5.0224	
572	1	5.25	5.25	5.0475	
573	1	5.26	5.26	5.0124	
574	1	5.31	5.31	5.1339	
575	1	5.29	5.29	5.0459	
576	1	5.3	5.3	5.19	
577	1	5.23	5.23	5.1371	
578	1	5.29	5.29	5.1859	
579	1	5.31	5.31	5.0939	
580	1	5.27	5.27	5.0971	
581	1	5.33	5.33	5.3011	
582	1	5.36	5.36	5.1104	
583	1	5.34	5.34	5.0844	
584	1	5.33	5.33	5.0411	
585	1	5.32	5.32	5.0176	
586	1	5.39	5.39	4.9379	
587	1	5.38	5.38	4.9956	
588	1	5.42	5.42	5.0836	
589	1	5.39	5.39	5.0379	
590	1	5.4	5.4	5.06	
591	1	5.47	5.47	5.0691	
592	1	5.45	5.45	5.0875	
593	1	5.5	5.5	5.13	
594	1	5.51	5.51	5.2299	
595	1	5.47	5.47	5.2091	
596	1	5.51	5.51	5.1499	
597	1	5.53	5.53	5.2891	
598	1	5.63	5.63	5.7331	
599	1	5.51	5.51	5.3899	
600	1	5.52	5.52	5.5896	
601	1	5.54	5.54	5.3284	
602	1	5.56	5.56	5.3464	
603	1	5.55	5.55	5.3275	
604	1	5.52	5.52	5.3896	
605	1	5.57	5.57	5.3051	
606	1	5.58	5.58	5.3436	
607	1	5.6	5.6	5.46	
608	1	5.64	5.64	5.4904	
609	1	5.59	5.59	5.4419	
610	1	5.57	5.57	5.4251	
611	1	5.69	5.69	5.5739	
612	1	5.65	5.65	5.3675	
613	1	5.64	5.64	5.2704	
614	1	5.7	5.7	5.53	
615	1	5.7	5.7	5.53	
616	1	5.67	5.67	5.3811	
617	1	5.63	5.63	5.2731	
618	1	5.66	5.66	5.2844	
619	1	5.75	5.75	5.6675	
620	1	5.68	5.68	5.4376	
621	1	5.7	5.7	5.31	
622	1	5.74	5.74	5.4524	
623	1	5.59	5.59	5.6219	
624	1	5.74	5.74	5.3324	
625	1	5.71	5.71	5.2459	
626	1	5.75	5.75	5.5475	
627	1	5.74	5.74	5.4324	
628	1	5.81	5.81	5.7339	
629	1	5.77	5.77	5.2371	
630	1	5.77	5.77	5.1771	
631	1	5.79	5.79	5.2059	
632	1	5.78	5.78	5.1716	
633	1	5.79	5.79	5.2659	
634	1	5.75	5.75	5.2475	
635	1	5.83	5.83	5.6011	
636	1	5.78	5.78	5.2916	
637	1	5.81	5.81	5.2939	
638	1	5.75	5.75	5.6675	
639	1	5.81	5.81	5.3739	
640	1	5.82	5.82	5.5076	
641	1	5.79	5.79	5.3659	
642	1	5.79	5.79	5.3459	
643	1	5.9	5.9	5.53	
644	1	5.81	5.81	5.3539	
645	1	5.86	5.86	5.3804	
646	1	5.86	5.86	5.4404	
647	1	5.88	5.88	5.2656	
648	1	5.86	5.86	5.3004	
649	1	5.93	5.93	5.3451	
650	1	5.89	5.89	5.2979	
651	1	5.86	5.86	5.3204	
652	1	5.9	5.9	5.27	
653	1	5.94	5.94	5.4564	
654	1	5.95	5.95	5.4075	
655	1	5.91	5.91	5.4419	
656	1	5.93	5.93	5.6051	
657	1	5.93	5.93	5.4451	
658	1	5.95	5.95	5.5675	
659	1	5.93	5.93	5.6051	
660	1	5.99	5.99	5.5499	
661	1	6.03	6.03	5.6891	
662	1	6	6	5.54	
663	1	6.03	6.03	5.6491	
664	1	6.02	6.02	5.7196	
665	1	6.03	6.03	5.7091	
666	1	6.01	6.01	5.7499	
667	1	6.05	6.05	5.8275	
668	1	6.04	6.04	5.7984	
669	1	6.02	6.02	5.8796	
670	1	6.07	6.07	6.0451	
671	1	6.11	6.11	5.9979	
672	1	6.14	6.14	6.1004	
673	1	6.1	6.1	6.23	
674	1	6.1	6.1	6.25	
675	1	6.11	6.11	6.2979	
676	1	6.19	6.19	6.3339	
677	1	6.11	6.11	6.2779	
678	1	6.18	6.18	6.2476	
679	1	6.16	6.16	6.3344	
680	1	6.12	6.12	6.4256	
681	1	6.13	6.13	6.3731	
682	1	6.14	6.14	6.5404	
683	1	6.14	6.14	6.6204	
684	1	6.19	6.19	6.4539	
685	1	6.21	6.21	6.5659	
686	1	6.23	6.23	6.4971	
687	1	6.21	6.21	6.4659	
688	1	6.26	6.26	6.5524	
689	1	6.23	6.23	6.4571	
690	1	6.29	6.29	6.5659	
691	1	6.33	6.33	6.6011	
692	1	6.28	6.28	6.4816	
693	1	6.32	6.32	6.6176	
694	1	6.31	6.31	6.5739	
695	1	6.35	6.35	6.6275	
696	1	6.33	6.33	6.5611	
697	1	6.33	6.33	6.6411	
698	1	6.32	6.32	6.6576	
699	1	6.4	6.4	6.48	
700	1	6.44	6.44	6.8464	
701	1	6.41	6.41	6.7419	
702	1	6.41	6.41	6.6219	
703	1	6.38	6.38	6.7956	
704	1	6.45	6.45	6.6475	
705	1	6.36	6.36	6.9304	
706	1	6.47	6.47	6.7291	
707	1	6.42	6.42	6.9036	
708	1	6.48	6.48	6.7896	
709	1	6.47	6.47	6.7091	
710	1	6.47	6.47	7.0291	
711	1	6.52	6.52	6.7896	
712	1	6.46	6.46	6.9684	
713	1	6.47	6.47	6.8091	
714	1	6.5	6.5	7.01	
715	1	6.61	6.61	7.2179	
716	1	6.68	6.68	7.8776	
717	1	6.56	6.56	7.3064	
718	1	6.63	6.63	7.7131	
719	1	6.52	6.52	7.2896	
720	1	6.58	6.58	7.1436	
721	1	6.59	6.59	7.1219	
722	1	6.59	6.59	7.2819	
723	1	6.62	6.62	7.3156	
724	1	6.6	6.6	7.34	
725	1	6.61	6.61	7.2979	
726	1	6.67	6.67	7.2611	
727	1	6.66	6.66	7.3844	
728	1	6.65	6.65	7.2275	
729	1	6.63	6.63	7.2531	
730	1	6.75	6.75	7.4475	
731	1	6.64	6.64	7.2704	
732	1	6.7	6.7	7.37	
733	1	6.78	6.78	7.4916	
734	1	6.73	6.73	7.3571	
735	1	6.8	6.8	7.42	
736	1	6.8	6.8	7.44	
737	1	6.74	6.74	7.3124	
738	1	6.76	6.76	7.2824	
739	1	6.85	6.85	8.0275	
740	1	6.76	6.76	7.4424	
741	1	6.78	6.78	7.3716	
742	1	6.82	6.82	7.4276	
743	1	6.74	6.74	7.4724	
744	1	6.77	6.77	7.3571	
745	1	6.79	6.79	7.3059	
746	1	6.87	6.87	7.3731	
747	1	6.83	6.83	7.4011	
748	1	6.82	6.82	7.3676	
749	1	6.83	6.83	7.5611	
750	1	6.9	6.9	7.97	
751	1	6.85	6.85	7.3275	
752	1	6.85	6.85	7.4075	
753	1	6.86	6.86	7.4604	
754	1	6.83	6.83	7.7211	
755	1	6.92	6.92	7.3736	
756	1	6.93	6.93	7.6251	
757	1	6.93	6.93	7.4451	
758	1	7	7	7.36	
759	1	6.99	6.99	7.4099	
760	1	6.98	6.98	7.4596	
761	1	6.96	6.96	7.5784	
762	1	6.96	6.96	7.5784	
763	1	7.03	7.03	7.4091	
764	1	7.04	7.04	7.5184	
765	1	7.01	7.01	7.5299	
766	1	7.03	7.03	7.3891	
767	1	7.04	7.04	7.4384	
768	1	7.06	7.06	7.4764	
769	1	7.11	7.11	7.7379	
770	1	7.05	7.05	7.5475	
771	1	7.06	7.06	7.8764	
772	1	7.13	7.13	7.5731	
773	1	7.07	7.07	7.7451	
774	1	7.08	7.08	7.4736	
775	1	7.15	7.15	7.5675	
776	1	7.23	7.23	8.3171	
777	1	7.11	7.11	7.7179	
778	1	7.17	7.17	7.8411	
779	1	7.17	7.17	7.6011	
780	1	7.19	7.19	7.5539	
781	1	7.14	7.14	7.5804	
782	1	7.22	7.22	7.7316	
783	1	7.2	7.2	7.76	
784	1	7.2	7.2	7.82	
785	1	7.29	7.29	7.9259	
786	1	7.25	7.25	7.9675	
787	1	7.38	7.38	8.8156	
788	1	7.28	7.28	7.8616	
789	1	7.28	7.28	7.8016	
790	1	7.35	7.35	7.9075	
791	1	7.37	7.37	8.0531	
792	1	7.32	7.32	7.7976	
793	1	7.28	7.28	8.0816	
794	1	7.32	7.32	7.9376	
795	1	7.35	7.35	7.9875	
796	1	7.35	7.35	7.9475	
797	1	7.36	7.36	8.0704	
798	1	7.41	7.41	8.0819	
799	1	7.36	7.36	8.0504	
800	1	7.39	7.39	8.1179	
801	1	7.49	7.49	8.8499	
802	1	7.4	7.4	8.26	
803	1	7.38	7.38	8.1956	
804	1	7.45	7.45	8.0875	
805	1	7.42	7.42	8.0636	
806	1	7.51	7.51	8.2099	
807	1	7.44	7.44	8.1064	
808	1	7.45	7.45	8.4275	
809	1	7.43	7.43	8.1651	
810	1	7.47	7.47	8.3491	
811	1	7.46	7.46	8.1884	
812	1	7.53	7.53	8.2291	
813	1	7.47	7.47	8.2891	
814	1	7.55	7.55	8.2075	
815	1	7.52	7.52	8.2696	
816	1	7.55	7.55	8.2275	
817	1	7.57	7.57	8.2851	
818	1	7.59	7.59	8.5219	
819	1	7.65	7.65	8.4675	
820	1	7.67	7.67	9.1011	
821	1	7.61	7.61	8.2379	
822	1	7.64	7.64	8.1504	
823	1	7.64	7.64	8.1504	
824	1	7.66	7.66	8.2044	
825	1	7.64	7.64	8.4304	
826	1	7.66	7.66	8.1444	
827	1	7.63	7.63	8.4331	
828	1	7.73	7.73	8.2971	
829	1	7.77	7.77	8.4371	
830	1	7.68	7.68	8.2376	
831	1	7.67	7.67	8.3611	
832	1	7.72	7.72	8.1416	
833	1	7.74	7.74	8.3524	
834	1	7.77	7.77	8.2171	
835	1	7.78	7.78	8.3916	
836	1	7.69	7.69	8.3739	
837	1	7.73	7.73	8.2371	
838	1	7.77	7.77	8.2371	
839	1	7.73	7.73	8.3771	
840	1	7.72	7.72	8.3816	
841	1	7.77	7.77	8.4571	
842	1	7.73	7.73	8.3571	
843	1	7.8	7.8	8.24	
844	1	7.82	7.82	8.3276	
845	1	7.74	7.74	8.7124	
846	1	7.9	7.9	8.89	
847	1	7.79	7.79	8.3659	
848	1	7.9	7.9	8.87	
849	1	7.84	7.84	8.2544	
850	1	7.91	7.91	8.3619	
851	1	7.88	7.88	8.1656	
852	1	7.94	7.94	8.3364	
853	1	8.03	8.03	8.9091	
854	1	7.96	7.96	8.3984	
855	1	7.93	7.93	8.3251	
856	1	7.96	7.96	8.3584	
857	1	8.05	8.05	8.7075	
858	1	8	8	8.5	
859	1	7.96	7.96	8.8384	
860	1	8.07	8.07	8.3451	
861	1	7.98	7.98	8.4996	
862	1	8.05	8.05	8.2675	
863	1	8.14	8.14	9.2404	
864	1	8.07	8.07	8.2451	
865	1	8.14	8.14	8.8804	
866	1	8.05	8.05	8.2875	
867	1	8.08	8.08	8.2936	
868	1	8.12	8.12	8.4856	
869	1	8.02	8.02	8.4396	
870	1	8.07	8.07	8.1651	
871	1	8.1	8.1	8.43	
872	1	8.13	8.13	8.1731	
873	1	8.15	8.15	8.0675	
874	1	8.12	8.12	8.2456	
875	1	8.13	8.13	8.1131	
876	1	8.21	8.21	8.2459	
877	1	8.15	8.15	8.0675	
878	1	8.11	8.11	8.1579	
879	1	8.19	8.19	8.0739	
880	1	8.18	8.18	8.0876	
881	1	8.23	8.23	8.1771	
882	1	8.21	8.21	8.1059	
883	1	8.19	8.19	8.1139	
884	1	8.21	8.21	8.2859	
885	1	8.25	8.25	8.2275	
886	1	8.15	8.15	8.6675	
887	1	8.24	8.24	8.1824	
888	1	8.23	8.23	8.2371	
889	1	8.21	8.21	8.3459	
890	1	8.28	8.28	8.2416	
891	1	8.28	8.28	8.1216	
892	1	8.29	8.29	8.0859	
893	1	8.34	8.34	8.3044	
894	1	8.32	8.32	8.1776	
895	1	8.29	8.29	8.2859	
896	1	8.33	8.33	8.3611	
897	1	8.32	8.32	8.4176	
898	1	8.39	8.39	8.4579	
899	1	8.4	8.4	8.42	
900	1	8.31	8.31	8.5739	
901	1	8.34	8.34	8.5244	
902	1	8.37	8.37	8.4731	
903	1	8.32	8.32	8.7176	
904	1	8.4	8.4	8.54	
905	1	8.45	8.45	8.7475	
906	1	8.52	8.52	9.0896	
907	1	8.47	8.47	8.4491	
908	1	8.44	8.44	8.5064	
909	1	8.48	8.48	8.5496	
910	1	8.52	8.52	8.5496	
911	1	8.58	8.58	9.0436	
912	1	8.51	8.51	8.5299	
913	1	8.54	8.54	8.7084	
914	1	8.5	8.5	8.75	
915	1	8.54	8.54	8.6284	
916	1	8.54	8.54	8.8484	
917	1	8.62	8.62	8.9756	
918	1	8.55	8.55	9.0075	
919	1	8.6	8.6	9.28	
920	1	8.53	8.53	9.4691	
921	1	8.58	8.58	9.1636	
922	1	8.55	8.55	9.5275	
923	1	8.62	8.62	8.9556	
924	1	8.59	8.59	9.1219	
925	1	8.69	8.69	9.1939	
926	1	8.64	8.64	9.1504	
927	1	8.77	8.77	10.4171	
928	1	8.7	8.7	9.29	
929	1	8.7	8.7	9.57	
930	1	8.69	8.69	9.4739	
931	1	8.72	8.72	9.5816	
932	1	8.67	8.67	9.7011	
933	1	8.71	8.71	9.8259	
934	1	8.73	8.73	9.8571	
935	1	8.76	8.76	9.8624	
936	1	8.74	8.74	9.8124	
937	1	8.76	8.76	9.8624	
938	1	8.84	8.84	9.7544	
939	1	8.86	8.86	10.1404	
940	1	8.83	8.83	9.7411	
941	1	8.82	8.82	9.7876	
942	1	8.8	8.8	9.84	
943	1	8.84	8.84	9.8344	
944	1	8.84	8.84	9.7744	
945	1	8.9	8.9	9.87	
946	1	8.83	8.83	10.0611	
947	1	8.81	8.81	10.5339	
948	1	8.81	8.81	10.2339	
949	1	8.86	8.86	10.0404	
950	1	8.94	8.94	9.7764	
951	1	8.95	8.95	10.2475	
952	1	8.99	8.99	10.3299	
953	1	9.04	9.04	10.2384	
954	1	9.16	9.16	11.6744	
955	1	9.06	9.06	10.2364	
956	1	9.04	9.04	10.1784	
957	1	9.04	9.04	10.4784	
958	1	9.11	9.11	10.1979	
959	1	9.09	9.09	10.3219	
960	1	9.11	9.11	10.5379	
961	1	9.09	9.09	10.5419	
962	1	9.13	9.13	10.6131	
963	1	9.12	9.12	10.8656	
964	1	9.12	9.12	10.8656	
965	1	9.18	9.18	10.6876	
966	1	9.22	9.22	10.6516	
967	1	9.26	9.26	10.8524	
968	1	9.24	9.24	10.7424	
969	1	9.3	9.3	11.13	
970	1	9.22	9.22	10.6716	
971	1	9.33	9.33	11.7011	
972	1	9.28	9.28	10.9216	
973	1	9.38	9.38	11.5356	
974	1	9.24	9.24	10.9624	
975	1	9.31	9.31	10.7339	
976	1	9.35	9.35	10.8675	
977	1	9.31	9.31	10.8539	
978	1	9.38	9.38	10.9156	
979	1	9.33	9.33	10.7011	
980	1	9.4	9.4	11.52	
981	1	9.37	9.37	10.6931	
982	1	9.36	9.36	10.6704	
983	1	9.31	9.31	10.9139	
984	1	9.31	9.31	10.8139	
985	1	9.36	9.36	10.6504	
986	1	9.42	9.42	10.8236	
987	1	9.41	9.41	11.1219	
988	1	9.44	9.44	11.0664	
989	1	9.38	9.38	11.6756	
990	1	9.54	9.54	11.3684	
991	1	9.37	9.37	12.0731	
992	1	9.53	9.53	11.2291	
993	1	9.53	9.53	11.1891	
994	1	9.55	9.55	11.4475	
995	1	9.56	9.56	11.2464	
996	1	9.62	9.62	11.3356	
997	1	9.59	9.59	11.4619	
998	1	9.62	9.62	11.2556	
999	1	9.56	9.56	11.1864	
1000	1	9.62	9.62	11.3556	
1001	1	9.53	9.53	11.3291	
1002	1	9.58	9.58	11.1636	
1003	1	9.64	9.64	11.3504	
1004	1	9.62	9.62	11.1356	
1005	1	9.7	9.7	11.83	
1006	1	9.63	9.63	10.9531	
1007	1	9.71	9.71	12.0659	
1008	1	9.75	9.75	11.4875	
1009	1	9.63	9.63	11.3731	
1010	1	9.74	9.74	11.8724	
1011	1	9.68	9.68	11.2776	
1012	1	9.66	9.66	11.1844	
1013	1	9.8	9.8	11.52	
1014	1	9.72	9.72	11.0416	
1015	1	9.7	9.7	11.09	
1016	1	9.77	9.77	11.1371	
1017	1	9.69	9.69	11.3139	
1018	1	9.76	9.76	11.3424	
1019	1	9.77	9.77	11.1371	
1020	1	9.84	9.84	11.4544	
1021	1	9.71	9.71	11.1859	
1022	1	9.85	9.85	12.9875	
1023	1	9.75	9.75	11.0275	
1024	1	9.76	9.76	10.9824	
1025	1	9.79	9.79	10.9659	
1026	1	9.94	9.94	12.6564	
1027	1	9.8	9.8	11.14	
1028	1	9.77	9.77	11.1771	
1029	1	9.93	9.93	12.8251	
1030	1	9.78	9.78	11.1916	
1031	1	9.88	9.88	10.9256	
1032	1	9.85	9.85	11.1275	
1033	1	9.77	9.77	11.4971	
1034	1	9.94	9.94	11.3164	
1035	1	9.84	9.84	10.9544	
1036	1	9.88	9.88	10.7456	
1037	1	9.87	9.87	10.6931	
1038	1	9.88	9.88	10.6856	
1039	1	10	10	10.96	
1040	1	9.96	9.96	10.8784	
1041	1	9.91	9.91	10.8619	
1042	1	9.97	9.97	10.7491	
1043	1	9.81	9.81	11.2339	
1044	1	9.89	9.89	10.6979	
1045	1	9.83	9.83	11.1811	
1046	1	9.9	9.9	10.71	
1047	1	9.9	9.9	10.67	
1048	1	9.97	9.97	10.8891	
1049	1	9.99	9.99	10.8099	
1050	1	9.93	9.93	10.6851	
1051	1	9.92	9.92	10.9736	
1052	1	9.96	9.96	10.9384	
1053	1	10.01	10.01	10.8299	
1054	1	9.96	9.96	10.8584	
1055	1	10.02	10.02	10.8596	
1056	1	9.9	9.9	10.97	
1057	1	9.98	9.98	10.6996	
1058	1	10.01	10.01	10.6099	
1059	1	9.96	9.96	10.8384	
1060	1	10.06	10.06	10.6764	
1061	1	10.06	10.06	10.6964	
1062	1	10.07	10.07	10.7451	
1063	1	10.14	10.14	10.7804	
1064	1	10.16	10.16	10.7544	
1065	1	10.22	10.22	10.7516	
1066	1	10.11	10.11	10.7379	
1067	1	10.24	10.24	10.8824	
1068	1	10.12	10.12	11.0256	
1069	1	10.24	10.24	10.9424	
1070	1	10.32	10.32	11.4976	
1071	1	10.17	10.17	11.2411	
1072	1	10.19	10.19	10.9339	
1073	1	10.29	10.29	11.1859	
1074	1	10.27	10.27	11.0771	
1075	1	10.27	10.27	10.8971	
1076	1	10.23	10.23	10.8771	
1077	1	10.42	10.42	12.6836	
1078	1	10.28	10.28	10.8016	
1079	1	10.25	10.25	10.8075	
1080	1	10.32	10.32	10.7376	
1081	1	10.33	10.33	10.9811	
1082	1	10.36	10.36	10.8304	
1083	1	10.28	10.28	10.9616	
1084	1	10.37	10.37	10.8731	
1085	1	10.4	10.4	11	
1086	1	10.38	10.38	10.9156	
1087	1	10.41	10.41	11.5819	
1088	1	10.43	10.43	11.0651	
1089	1	10.43	10.43	10.9651	
1090	1	10.41	10.41	11.0219	
1091	1	10.43	10.43	10.9851	
1092	1	10.55	10.55	11.1475	
1093	1	10.45	10.45	11.2475	
1094	1	10.61	10.61	11.3379	
1095	1	10.59	10.59	11.0419	
1096	1	10.54	10.54	11.0284	
1097	1	10.55	10.55	11.0075	
1098	1	10.68	10.68	12.6176	
1099	1	10.56	10.56	11.1664	
1100	1	10.6	10.6	11.08	
1101	1	10.64	10.64	11.1104	
1102	1	10.54	10.54	11.2284	
1103	1	10.56	10.56	11.1664	
1104	1	10.58	10.58	11.1436	
1105	1	10.54	10.54	11.3684	
1106	1	10.63	10.63	11.0731	
1107	1	10.6	10.6	11.02	
1108	1	10.72	10.72	11.3816	
1109	1	10.6	10.6	11.08	
1110	1	10.64	10.64	11.3704	
1111	1	10.61	10.61	11.1779	
1112	1	10.67	10.67	11.1811	
1113	1	10.67	10.67	11.4211	
1114	1	10.78	10.78	11.9116	
1115	1	10.7	10.7	11.25	
1116	1	10.69	10.69	11.2739	
1117	1	10.67	10.67	11.3811	
1118	1	10.76	10.76	11.7424	
1119	1	10.74	10.74	11.2524	
1120	1	10.76	10.76	11.6624	
1121	1	10.77	10.77	11.7771	
1122	1	10.82	10.82	11.6676	
1123	1	10.84	10.84	11.8144	
1124	1	10.88	10.88	12.6256	
1125	1	10.66	10.66	11.6044	
1126	1	10.69	10.69	11.7939	
1127	1	10.73	10.73	11.4371	
1128	1	10.77	10.77	11.4371	
1129	1	10.78	10.78	11.5916	
1130	1	10.81	10.81	11.6339	
1131	1	10.83	10.83	11.8611	
1132	1	10.89	10.89	11.6579	
1133	1	10.84	10.84	11.7144	
1134	1	10.89	10.89	11.7179	
1135	1	10.86	10.86	11.8604	
1136	1	10.82	10.82	12.0876	
1137	1	10.87	10.87	11.7531	
1138	1	10.94	10.94	11.9764	
1139	1	10.94	10.94	11.9964	
1140	1	10.96	10.96	11.9984	
1141	1	10.98	10.98	11.7396	
1142	1	11.07	11.07	11.9851	
1143	1	10.91	10.91	11.5019	
1144	1	10.96	10.96	11.3984	
1145	1	10.92	10.92	11.5536	
1146	1	10.95	10.95	11.5075	
1147	1	11.02	11.02	11.5196	
1148	1	11.01	11.01	11.5499	
1149	1	10.97	10.97	11.3891	
1150	1	11.03	11.03	11.5091	
1151	1	11.04	11.04	11.2984	
1152	1	11.04	11.04	11.3784	
1153	1	10.93	10.93	11.6051	
1154	1	11.05	11.05	11.8275	
1155	1	10.95	10.95	11.6875	
1156	1	11.02	11.02	11.3196	
1157	1	11.09	11.09	12.0019	
1158	1	11.03	11.03	11.5291	
1159	1	11.06	11.06	11.4364	
1160	1	11.08	11.08	11.3536	
1161	1	11.08	11.08	11.4136	
1162	1	11.12	11.12	11.3256	
1163	1	11.13	11.13	11.5731	
1164	1	11.12	11.12	11.6856	
1165	1	11.23	11.23	12.0571	
1166	1	11.22	11.22	11.9516	
1167	1	11.13	11.13	11.8731	
1168	1	11.18	11.18	11.9876	
1169	1	11.28	11.28	12.2616	
1170	1	11.28	11.28	12.7816	
1171	1	11.16	11.16	12.3344	
1172	1	11.27	11.27	11.9971	
1173	1	11.19	11.19	12.2739	
1174	1	11.27	11.27	11.9771	
1175	1	11.26	11.26	12.0324	
1176	1	11.39	11.39	12.9979	
1177	1	11.39	11.39	12.6179	
1178	1	11.35	11.35	12.1875	
1179	1	11.31	11.31	12.1939	
1180	1	11.33	11.33	12.3211	
1181	1	11.38	11.38	12.3356	
1182	1	11.48	11.48	13.1296	
1183	1	11.38	11.38	12.2756	
1184	1	11.4	11.4	12.28	
1185	1	11.46	11.46	13.1884	
1186	1	11.43	11.43	12.3651	
1187	1	11.4	11.4	12.34	
1188	1	11.45	11.45	12.5075	
1189	1	11.5	11.5	12.71	
1190	1	11.41	11.41	12.6819	
1191	1	11.52	11.52	12.9096	
1192	1	11.46	11.46	12.7484	
1193	1	11.53	11.53	12.6691	
1194	1	11.56	11.56	12.9464	
1195	1	11.49	11.49	12.6699	
1196	1	11.46	11.46	12.8084	
1197	1	11.63	11.63	13.8931	
1198	1	11.5	11.5	12.91	
1199	1	11.59	11.59	13.0019	
1200	1	11.51	11.51	12.7499	
1201	1	11.53	11.53	12.8891	
1202	1	11.52	11.52	12.7696	
1203	1	11.54	11.54	12.8284	
1204	1	11.62	11.62	13.0556	
1205	1	11.59	11.59	12.5819	
1206	1	11.55	11.55	12.5675	
1207	1	11.54	11.54	12.6084	
1208	1	11.55	11.55	12.7475	
1209	1	11.57	11.57	12.7251	
1210	1	11.56	11.56	12.7864	
1211	1	11.55	11.55	12.8675	
1212	1	11.58	11.58	12.6836	
1213	1	11.59	11.59	12.7019	
1214	1	11.62	11.62	12.7356	
1215	1	11.6	11.6	12.72	
1216	1	11.72	11.72	13.1216	
1217	1	11.8	11.8	13.66	
1218	1	11.76	11.76	13.1424	
1219	1	11.75	11.75	12.7475	
1220	1	11.74	11.74	12.5524	
1221	1	11.62	11.62	12.7956	
1222	1	11.67	11.67	12.4811	
1223	1	11.68	11.68	12.5376	
1224	1	11.74	11.74	12.4524	
1225	1	11.75	11.75	12.2475	
1226	1	11.76	11.76	12.3824	
1227	1	11.74	11.74	12.2324	
1228	1	11.85	11.85	12.8475	
1229	1	11.78	11.78	12.1916	
1230	1	11.78	11.78	12.2316	
1231	1	11.92	11.92	12.9736	
1232	1	11.82	11.82	12.3076	
1233	1	11.8	11.8	12.38	
1234	1	11.86	11.86	12.4204	
1235	1	11.78	11.78	12.3316	
1236	1	11.83	11.83	12.3411	
1237	1	11.82	11.82	12.3876	
1238	1	11.83	11.83	12.3411	
1239	1	11.92	11.92	12.4136	
1240	1	11.88	11.88	12.7456	
1241	1	11.96	11.96	12.4384	
1242	1	11.83	11.83	12.3211	
1243	1	11.9	11.9	12.19	
1244	1	11.94	11.94	12.1964	
1245	1	11.85	11.85	12.4875	
1246	1	11.86	11.86	12.5204	
1247	1	11.96	11.96	12.2584	
1248	1	12.05	12.05	13.2275	
1249	1	11.93	11.93	12.4251	
1250	1	11.95	11.95	12.5075	
1251	1	12.01	12.01	12.4699	
1252	1	11.99	11.99	12.7699	
1253	1	12.11	12.11	12.7379	
1254	1	12.05	12.05	12.3075	
1255	1	12.06	12.06	12.2364	
1256	1	12.11	12.11	12.2979	
1257	1	12.07	12.07	12.2451	
1258	1	12.15	12.15	12.4275	
1259	1	12.04	12.04	12.2984	
1260	1	12.08	12.08	12.4336	
1261	1	12.09	12.09	12.2219	
1262	1	12.16	12.16	12.2744	
1263	1	12.24	12.24	13.5224	
1264	1	12.19	12.19	12.4339	
1265	1	12.23	12.23	12.1771	
1266	1	12.18	12.18	12.1676	
1267	1	12.23	12.23	12.1971	
1268	1	12.25	12.25	12.6475	
1269	1	12.26	12.26	13.2524	
1270	1	12.22	12.22	12.0716	
1271	1	12.31	12.31	12.4739	
1272	1	12.31	12.31	12.2139	
1273	1	12.26	12.26	12.2924	
1274	1	12.16	12.16	12.3344	
1275	1	12.26	12.26	12.0124	
1276	1	12.33	12.33	12.1811	
1277	1	12.25	12.25	12.2875	
1278	1	12.35	12.35	12.2275	
1279	1	12.31	12.31	12.2139	
1280	1	12.32	12.32	12.4376	
1281	1	12.3	12.3	12.31	
1282	1	12.36	12.36	12.4304	
1283	1	12.32	12.32	12.3376	
1284	1	12.46	12.46	12.8084	
1285	1	12.39	12.39	12.3179	
1286	1	12.42	12.42	12.1036	
1287	1	12.5	12.5	12.37	
1288	1	12.4	12.4	12.62	
1289	1	12.45	12.45	12.3475	
1290	1	12.42	12.42	12.4636	
1291	1	12.5	12.5	12.53	
1292	1	12.53	12.53	12.7891	
1293	1	12.52	12.52	12.6896	
1294	1	12.46	12.46	12.8084	
1295	1	12.54	12.54	12.8284	
1296	1	12.67	12.67	14.0811	
1297	1	12.44	12.44	12.9864	
1298	1	12.64	12.64	13.3104	
1299	1	12.56	12.56	12.9664	
1300	1	12.53	12.53	12.9691	
1301	1	12.5	12.5	13.11	
1302	1	12.59	12.59	12.9819	
1303	1	12.63	12.63	13.3331	
1304	1	12.54	12.54	13.1684	
1305	1	12.63	12.63	13.0931	
1306	1	12.59	12.59	13.0019	
1307	1	12.55	12.55	13.1875	
1308	1	12.55	12.55	13.1875	
1309	1	12.66	12.66	13.3044	
1310	1	12.61	12.61	13.3379	
1311	1	12.6	12.6	13.46	
1312	1	12.71	12.71	13.5459	
1313	1	12.66	12.66	13.4844	
1314	1	12.67	12.67	13.4411	
1315	1	12.78	12.78	13.6916	
1316	1	12.77	12.77	13.6571	
1317	1	12.78	12.78	13.6916	
1318	1	12.66	12.66	13.9044	
1319	1	12.71	12.71	13.6059	
1320	1	12.78	12.78	13.5716	
1321	1	12.74	12.74	13.9124	
1322	1	12.81	12.81	13.5739	
1323	1	12.8	12.8	13.56	
1324	1	12.79	12.79	13.8059	
1325	1	12.82	12.82	13.5876	
1326	1	12.8	12.8	13.64	
1327	1	12.87	12.87	13.7531	
1328	1	12.84	12.84	13.6744	
1329	1	12.91	12.91	13.6819	
1330	1	13	13	14.78	
1331	1	12.94	12.94	14.3164	
1332	1	12.94	12.94	14.3164	
1333	1	12.92	12.92	14.2536	
1334	1	12.96	12.96	14.1384	
1335	1	12.86	12.86	14.0004	
1336	1	12.96	12.96	14.0984	
1337	1	12.87	12.87	14.1731	
1338	1	12.92	12.92	13.8536	
1339	1	12.86	12.86	14.2804	
1340	1	12.87	12.87	14.2331	
1341	1	12.92	12.92	14.0736	
1342	1	12.97	12.97	14.5091	
1343	1	12.88	12.88	14.2256	
1344	1	12.98	12.98	13.9196	
1345	1	12.96	12.96	13.9184	
1346	1	12.98	12.98	13.9396	
1347	1	12.95	12.95	14.1875	
1348	1	12.94	12.94	14.3564	
1349	1	13.04	13.04	14.3784	
1350	1	12.98	12.98	14.2996	
1351	1	12.95	12.95	14.3075	
1352	1	13.05	13.05	14.1675	
1353	1	13.01	13.01	14.3299	
1354	1	13.01	13.01	14.4699	
1355	1	13.01	13.01	14.3699	
1356	1	13.06	13.06	14.3764	
1357	1	13.1	13.1	14.77	
1358	1	13.19	13.19	14.9139	
1359	1	13.08	13.08	14.4136	
1360	1	13.22	13.22	15.0116	
1361	1	13.08	13.08	14.4736	
1362	1	13.18	13.18	14.5476	
1363	1	13.18	13.18	14.8476	
1364	1	13.13	13.13	14.6131	
1365	1	13.13	13.13	14.3131	
1366	1	13.08	13.08	14.4536	
1367	1	13.36	13.36	16.1104	
1368	1	13.1	13.1	14.49	
1369	1	13.16	13.16	14.4144	
1370	1	13.23	13.23	14.6571	
1371	1	13.18	13.18	14.4876	
1372	1	13.32	13.32	14.9976	
1373	1	13.2	13.2	14.96	
1374	1	13.21	13.21	14.9259	
1375	1	13.27	13.27	14.8371	
1376	1	13.31	13.31	15.5139	
1377	1	13.3	13.3	15.11	
1378	1	13.31	13.31	14.7939	
1379	1	13.33	13.33	15.5011	
1380	1	13.27	13.27	14.9771	
1381	1	13.27	13.27	15.1571	
1382	1	13.34	13.34	15.4444	
1383	1	13.39	13.39	15.9979	
1384	1	13.32	13.32	15.4776	
1385	1	13.37	13.37	15.1731	
1386	1	13.28	13.28	15.2216	
1387	1	13.29	13.29	15.2259	
1388	1	13.37	13.37	14.9331	
1389	1	13.37	13.37	14.8731	
1390	1	13.33	13.33	15.1211	
1391	1	13.4	13.4	15.1	
1392	1	13.51	13.51	15.5099	
1393	1	13.47	13.47	15.4091	
1394	1	13.45	13.45	15.8075	
1395	1	13.4	13.4	15.94	
1396	1	13.51	13.51	15.8099	
1397	1	13.58	13.58	17.1836	
1398	1	13.48	13.48	15.8096	
1399	1	13.46	13.46	16.0084	
1400	1	13.57	13.57	15.5851	
1401	1	13.65	13.65	15.9475	
1402	1	13.49	13.49	15.8499	
1403	1	13.61	13.61	15.7779	
1404	1	13.69	13.69	16.7339	
1405	1	13.54	13.54	15.8884	
1406	1	13.56	13.56	15.8664	
1407	1	13.61	13.61	15.6379	
1408	1	13.64	13.64	15.6504	
1409	1	13.67	13.67	15.8411	
1410	1	13.69	13.69	15.7939	
1411	1	13.58	13.58	15.9436	
1412	1	13.71	13.71	15.6259	
1413	1	13.72	13.72	15.3216	
1414	1	13.63	13.63	15.6331	
1415	1	13.69	13.69	15.3339	
1416	1	13.64	13.64	15.7104	
1417	1	13.69	13.69	15.4339	
1418	1	13.71	13.71	15.4659	
1419	1	13.69	13.69	15.6139	
1420	1	13.86	13.86	16.3604	
1421	1	13.72	13.72	15.9216	
1422	1	13.77	13.77	15.6971	
1423	1	13.78	13.78	15.9716	
1424	1	13.88	13.88	16.6256	
1425	1	13.85	13.85	15.8875	
1426	1	13.8	13.8	15.8	
1427	1	13.86	13.86	16.1004	
1428	1	13.84	13.84	16.3144	
1429	1	13.9	13.9	16.43	
1430	1	13.96	13.96	16.6384	
1431	1	13.92	13.92	16.6336	
1432	1	13.94	13.94	16.8364	
1433	1	13.92	13.92	16.3936	
1434	1	13.95	13.95	16.4075	
1435	1	13.95	13.95	16.4275	
1436	1	13.99	13.99	16.5699	
1437	1	13.91	13.91	16.6819	
1438	1	14	14	16.52	
1439	1	13.85	13.85	17.1675	
1440	1	13.99	13.99	16.5699	
1441	1	14.01	14.01	16.4899	
1442	1	13.96	13.96	16.5384	
1443	1	14.05	14.05	17.3475	
1444	1	14.15	14.15	17.3675	
1445	1	14	14	16.4	
1446	1	14.01	14.01	16.7099	
1447	1	13.95	13.95	17.3675	
1448	1	14.12	14.12	17.2056	
1449	1	14.13	14.13	17.2331	
1450	1	14.03	14.03	16.9291	
1451	1	14.1	14.1	16.95	
1452	1	14.02	14.02	17.4196	
1453	1	14.08	14.08	17.2536	
1454	1	14.07	14.07	17.2251	
1455	1	14.09	14.09	17.1219	
1456	1	14.26	14.26	18.5524	
1457	1	14.03	14.03	17.5491	
1458	1	14.09	14.09	17.3819	
1459	1	14.06	14.06	17.4564	
1460	1	14.28	14.28	17.5616	
1461	1	14.08	14.08	17.4936	
1462	1	14.2	14.2	17.06	
1463	1	14.22	14.22	17.4916	
1464	1	14.19	14.19	17.4539	
1465	1	14.18	14.18	17.1676	
1466	1	14.3	14.3	17.55	
1467	1	14.27	14.27	17.5771	
1468	1	14.3	14.3	17.35	
1469	1	14.2	14.2	17.38	
1470	1	14.37	14.37	17.8131	
1471	1	14.25	14.25	17.0875	
1472	1	14.24	14.24	17.2424	
1473	1	14.24	14.24	17.4024	
1474	1	14.32	14.32	17.6776	
1475	1	14.23	14.23	17.3171	
1476	1	14.3	14.3	17.15	
1477	1	14.23	14.23	17.3771	
1478	1	14.31	14.31	17.0139	
1479	1	14.31	14.31	17.5139	
1480	1	14.41	14.41	17.3219	
1481	1	14.29	14.29	17.2659	
1482	1	14.41	14.41	17.1019	
1483	1	14.38	14.38	17.1956	
1484	1	14.4	14.4	17.62	
1485	1	14.36	14.36	17.1704	
1486	1	14.4	14.4	17.28	
1487	1	14.43	14.43	17.7251	
1488	1	14.45	14.45	17.8275	
1489	1	14.42	14.42	17.7236	
1490	1	14.38	14.38	17.8956	
1491	1	14.57	14.57	19.6451	
1492	1	14.53	14.53	17.5091	
1493	1	14.49	14.49	17.9499	
1494	1	14.47	14.47	18.2691	
1495	1	14.46	14.46	18.0084	
1496	1	14.5	14.5	18.23	
1497	1	14.51	14.51	18.0699	
1498	1	14.5	14.5	18.09	
1499	1	14.5	14.5	18.19	
1500	1	14.6	14.6	18.12	
1501	1	14.54	14.54	18.1884	
1502	1	14.63	14.63	18.1731	
1503	1	14.57	14.57	18.0451	
1504	1	14.59	14.59	19.0219	
1505	1	14.57	14.57	18.2851	
1506	1	14.61	14.61	18.1179	
1507	1	14.71	14.71	18.5459	
1508	1	14.59	14.59	18.3019	
1509	1	14.61	14.61	18.4379	
1510	1	14.62	14.62	18.4556	
1511	1	14.56	14.56	18.7864	
1512	1	14.6	14.6	18.5	
1513	1	14.73	14.73	18.3371	
1514	1	14.65	14.65	18.5675	
1515	1	14.63	14.63	18.5731	
1516	1	14.79	14.79	18.5859	
1517	1	14.62	14.62	18.9956	
1518	1	14.71	14.71	18.4059	
1519	1	14.74	14.74	18.2524	
1520	1	14.89	14.89	19.6579	
1521	1	14.82	14.82	18.7676	
1522	1	14.87	14.87	18.6531	
1523	1	14.82	14.82	18.0476	
1524	1	14.72	14.72	18.3216	
1525	1	14.85	14.85	18.1075	
1526	1	14.86	14.86	18.6804	
1527	1	14.74	14.74	18.2524	
1528	1	14.91	14.91	18.7219	
1529	1	14.84	14.84	18.7744	
1530	1	14.83	14.83	18.4611	
1531	1	14.82	14.82	18.3876	
1532	1	14.78	14.78	18.6516	
1533	1	14.86	14.86	18.5604	
1534	1	14.88	14.88	18.1056	
1535	1	14.94	14.94	18.2764	
1536	1	14.83	14.83	18.7011	
1537	1	15.1	15.1	20.13	
1538	1	14.97	14.97	19.2491	
1539	1	14.85	14.85	18.9075	
1540	1	14.87	14.87	18.8931	
1541	1	15.04	15.04	19.2984	
1542	1	14.94	14.94	18.8964	
1543	1	14.99	14.99	18.4499	
1544	1	14.95	14.95	18.7875	
1545	1	15.08	15.08	18.8736	
1546	1	15	15	18.64	
1547	1	14.97	14.97	18.6291	
1548	1	15.07	15.07	18.3051	
1549	1	15.06	15.06	19.5564	
1550	1	15.04	15.04	18.5584	
1551	1	15	15	18.38	
1552	1	15.02	15.02	18.3396	
1553	1	15.01	15.01	18.3499	
1554	1	15.04	15.04	18.5784	
1555	1	15.08	15.08	18.4336	
1556	1	15.08	15.08	18.4536	
1557	1	15.14	15.14	18.5004	
1558	1	15.11	15.11	18.6579	
1559	1	15.11	15.11	18.4579	
1560	1	15.06	15.06	18.8164	
1561	1	15.13	15.13	18.8131	
1562	1	15.11	15.11	18.6379	
1563	1	15.31	15.31	19.2139	
1564	1	15.19	15.19	18.8339	
1565	1	15.32	15.32	18.9176	
1566	1	15.33	15.33	19.1611	
1567	1	15.17	15.17	18.3811	
1568	1	15.17	15.17	18.5011	
1569	1	15.32	15.32	18.6976	
1570	1	15.24	15.24	18.5824	
1571	1	15.28	15.28	18.2616	
1572	1	15.34	15.34	18.1444	
1573	1	15.3	15.3	18.13	
1574	1	15.31	15.31	18.1539	
1575	1	15.38	15.38	18.8756	
1576	1	15.3	15.3	18.11	
1577	1	15.35	15.35	18.8075	
1578	1	15.32	15.32	18.0776	
1579	1	15.27	15.27	18.3171	
1580	1	15.37	15.37	17.9131	
1581	1	15.39	15.39	18.0179	
1582	1	15.38	15.38	18.0356	
1583	1	15.35	15.35	18.2275	
1584	1	15.34	15.34	18.3044	
1585	1	15.37	15.37	18.6131	
1586	1	15.31	15.31	18.9939	
1587	1	15.44	15.44	18.6464	
1588	1	15.47	15.47	18.4691	
1589	1	15.5	15.5	18.39	
1590	1	15.51	15.51	19.3499	
1591	1	15.46	15.46	18.6084	
1592	1	15.45	15.45	18.7275	
1593	1	15.47	15.47	19.1291	
1594	1	15.51	15.51	18.9699	
1595	1	15.51	15.51	19.0099	
1596	1	15.53	15.53	18.8691	
1597	1	15.6	15.6	18.8	
1598	1	15.55	15.55	18.9275	
1599	1	15.61	15.61	19.0179	
1600	1	15.57	15.57	18.9251	
1601	1	15.66	15.66	19.4644	
1602	1	15.68	15.68	19.5576	
1603	1	15.61	15.61	18.9779	
1604	1	15.62	15.62	19.1556	
1605	1	15.76	15.76	19.6224	
1606	1	15.62	15.62	19.0156	
1607	1	15.72	15.72	19.0816	
1608	1	15.71	15.71	19.8059	
1609	1	15.67	15.67	19.0411	
1610	1	15.62	15.62	18.8956	
1611	1	15.6	15.6	19.3	
1612	1	15.68	15.68	18.8776	
1613	1	15.74	15.74	18.8124	
1614	1	15.69	15.69	18.8739	
1615	1	15.78	15.78	19.1516	
1616	1	15.72	15.72	18.9216	
1617	1	15.76	15.76	18.7824	
1618	1	15.76	15.76	18.7824	
1619	1	15.77	15.77	19.9171	
1620	1	15.71	15.71	18.8059	
1621	1	15.8	15.8	19.6	
1622	1	15.8	15.8	18.82	
1623	1	15.76	15.76	18.8024	
1624	1	15.85	15.85	19.1075	
1625	1	15.79	15.79	18.8059	
1626	1	15.83	15.83	18.8211	
1627	1	15.81	15.81	18.9339	
1628	1	15.9	15.9	19.31	
1629	1	15.82	15.82	19.1876	
1630	1	15.79	15.79	19.1059	
1631	1	15.8	15.8	19.26	
1632	1	15.92	15.92	19.5336	
1633	1	15.98	15.98	19.6596	
1634	1	15.8	15.8	19.14	
1635	1	15.91	15.91	18.9619	
1636	1	15.82	15.82	19.0476	
1637	1	15.9	15.9	19.07	
1638	1	15.96	15.96	18.7584	
1639	1	15.89	15.89	18.5979	
1640	1	15.86	15.86	18.7004	
1641	1	15.99	15.99	18.6699	
1642	1	15.9	15.9	18.61	
1643	1	15.98	15.98	18.7796	
1644	1	15.94	15.94	18.7964	
1645	1	15.96	15.96	18.8784	
1646	1	15.95	15.95	18.8275	
1647	1	15.95	15.95	18.6275	
1648	1	16.02	16.02	18.3596	
1649	1	16.05	16.05	18.5075	
1650	1	16.07	16.07	18.6451	
1651	1	16.16	16.16	19.3744	
1652	1	16.06	16.06	18.7164	
1653	1	16.15	16.15	19.0275	
1654	1	16.05	16.05	18.6475	
1655	1	16.1	16.1	18.47	
1656	1	16.05	16.05	18.5275	
1657	1	16.07	16.07	18.4651	
1658	1	16.15	16.15	19.1475	
1659	1	16.19	16.19	18.6139	
1660	1	16.16	16.16	18.7744	
1661	1	16.22	16.22	18.9916	
1662	1	16.17	16.17	19.0611	
1663	1	16.13	16.13	18.9331	
1664	1	16.08	16.08	18.9936	
1665	1	16.27	16.27	19.2171	
1666	1	16.23	16.23	18.7171	
1667	1	16.19	16.19	18.9939	
1668	1	16.21	16.21	18.6259	
1669	1	16.21	16.21	18.5059	
1670	1	16.27	16.27	18.8371	
1671	1	16.18	16.18	18.7076	
1672	1	16.34	16.34	18.6644	
1673	1	16.2	16.2	18.34	
1674	1	16.42	16.42	19.1436	
1675	1	16.36	16.36	18.4304	
1676	1	16.23	16.23	18.6771	
1677	1	16.33	16.33	18.4011	
1678	1	16.49	16.49	19.2299	
1679	1	16.37	16.37	18.4931	
1680	1	16.57	16.57	20.1651	
1681	1	16.41	16.41	18.5019	
1682	1	16.45	16.45	18.4675	
1683	1	16.44	16.44	18.5664	
1684	1	16.51	16.51	19.2699	
1685	1	16.41	16.41	18.7219	
1686	1	16.55	16.55	18.5675	
1687	1	16.58	16.58	18.6236	
1688	1	16.59	16.59	18.7219	
1689	1	16.58	16.58	18.6436	
1690	1	16.44	16.44	19.2464	
1691	1	16.57	16.57	18.5851	
1692	1	16.57	16.57	18.8651	
1693	1	16.54	16.54	19.1284	
1694	1	16.64	16.64	18.8504	
1695	1	16.59	16.59	18.8019	
1696	1	16.64	16.64	19.1304	
1697	1	16.58	16.58	19.3436	
1698	1	16.57	16.57	19.6051	
1699	1	16.62	16.62	19.3956	
1700	1	16.58	16.58	19.6236	
1701	1	16.74	16.74	19.6124	
1702	1	16.73	16.73	19.3571	
1703	1	16.68	16.68	19.2976	
1704	1	16.74	16.74	19.1924	
1705	1	16.8	16.8	19.26	
1706	1	16.7	16.7	19.31	
1707	1	16.83	16.83	19.3411	
1708	1	16.87	16.87	19.3931	
1709	1	16.76	16.76	19.0624	
1710	1	16.92	16.92	19.8136	
1711	1	16.9	16.9	19.21	
1712	1	16.82	16.82	18.7876	
1713	1	16.83	16.83	18.7811	
1714	1	16.88	16.88	19.1056	
1715	1	16.94	16.94	18.9564	
1716	1	16.81	16.81	19.3939	
1717	1	16.93	16.93	18.9251	
1718	1	16.81	16.81	19.5139	
1719	1	17.05	17.05	19.8675	
1720	1	17.01	17.01	19.0899	
1721	1	16.92	16.92	18.9936	
1722	1	16.87	16.87	19.4931	
1723	1	17	17	18.92	
1724	1	17.12	17.12	19.8256	
1725	1	17.01	17.01	19.0299	
1726	1	17	17	19.06	
1727	1	16.96	16.96	19.5784	
1728	1	16.98	16.98	19.4796	
1729	1	17.17	17.17	19.9011	
1730	1	17.05	17.05	20.0075	
1731	1	17.02	17.02	20.3196	
1732	1	17.09	17.09	19.7219	
1733	1	17.15	17.15	19.7475	
1734	1	17.18	17.18	20.1476	
1735	1	17.18	17.18	19.6676	
1736	1	17.21	17.21	21.7459	
1737	1	17	17	20.36	
1738	1	17.02	17.02	20.1996	
1739	1	17.23	17.23	20.4171	
1740	1	17.18	17.18	19.6076	
1741	1	17.17	17.17	21.1011	
1742	1	17.2	17.2	19.48	
1743	1	17.15	17.15	19.4675	
1744	1	17.17	17.17	19.5611	
1745	1	17.24	17.24	19.2224	
1746	1	17.28	17.28	19.2016	
1747	1	17.25	17.25	19.4475	
1748	1	17.28	17.28	19.3416	
1749	1	17.39	17.39	19.9779	
1750	1	17.22	17.22	19.5316	
1751	1	17.25	17.25	19.6475	
1752	1	17.23	17.23	20.0371	
1753	1	17.35	17.35	19.8475	
1754	1	17.25	17.25	20.2675	
1755	1	17.17	17.17	20.6611	
1756	1	17.24	17.24	19.9224	
1757	1	17.25	17.25	20.1675	
1758	1	17.3	17.3	19.79	
1759	1	17.41	17.41	20.0019	
1760	1	17.37	17.37	19.7931	
1761	1	17.36	17.36	20.2904	
1762	1	17.4	17.4	19.86	
1763	1	17.38	17.38	19.7956	
1764	1	17.29	17.29	20.3259	
1765	1	17.3	17.3	20.09	
1766	1	17.35	17.35	20.2075	
1767	1	17.47	17.47	20.2691	
1768	1	17.4	17.4	19.86	
1769	1	17.39	17.39	19.9779	
1770	1	17.53	17.53	21.0291	
1771	1	17.46	17.46	20.4084	
1772	1	17.46	17.46	20.0484	
1773	1	17.33	17.33	20.5411	
1774	1	17.5	17.5	20.33	
1775	1	17.44	17.44	20.4264	
1776	1	17.38	17.38	20.6556	
1777	1	17.42	17.42	20.3836	
1778	1	17.41	17.41	20.4019	
1779	1	17.54	17.54	20.0884	
1780	1	17.64	17.64	20.7304	
1781	1	17.44	17.44	20.1464	
1782	1	17.48	17.48	20.0296	
1783	1	17.62	17.62	20.7356	
1784	1	17.52	17.52	20.3496	
1785	1	17.57	17.57	20.1251	
1786	1	17.68	17.68	21.1976	
1787	1	17.61	17.61	20.0179	
1788	1	17.7	17.7	20.71	
1789	1	17.59	17.59	20.4419	
1790	1	17.64	17.64	20.3904	
1791	1	17.63	17.63	20.3331	
1792	1	17.67	17.67	21.0611	
1793	1	17.62	17.62	20.5156	
1794	1	17.72	17.72	20.8216	
1795	1	17.82	17.82	21.2276	
1796	1	17.79	17.79	20.7459	
1797	1	17.74	17.74	20.0524	
1798	1	17.65	17.65	20.6275	
1799	1	17.71	17.71	20.0859	
1800	1	17.78	17.78	20.0516	
1801	1	17.74	17.74	20.6724	
1802	1	17.74	17.74	20.4124	
1803	1	17.64	17.64	21.2704	
1804	1	17.78	17.78	20.1716	
1805	1	17.71	17.71	20.6259	
1806	1	17.94	17.94	20.7964	
1807	1	17.91	17.91	20.6619	
1808	1	17.74	17.74	20.9724	
1809	1	17.97	17.97	21.0291	
1810	1	17.96	17.96	20.9184	
1811	1	17.75	17.75	20.9475	
1812	1	17.83	17.83	20.6611	
1813	1	18.01	18.01	21.0699	
1814	1	17.88	17.88	20.4456	
1815	1	17.92	17.92	20.4136	
1816	1	17.93	17.93	20.5051	
1817	1	17.85	17.85	20.8075	
1818	1	17.93	17.93	20.5251	
1819	1	17.93	17.93	20.5251	
1820	1	17.91	17.91	21.4819	
1821	1	17.96	17.96	20.9384	
1822	1	17.95	17.95	21.0275	
1823	1	17.95	17.95	20.7475	
1824	1	18.02	18.02	21.2796	
1825	1	17.99	17.99	20.8299	
1826	1	17.94	17.94	20.9564	
1827	1	18.04	18.04	21.3984	
1828	1	18.04	18.04	21.3184	
1829	1	18.02	18.02	21.2396	
1830	1	18.05	18.05	21.9275	
1831	1	18.08	18.08	21.4136	
1832	1	17.98	17.98	21.4596	
1833	1	18.04	18.04	21.4384	
1834	1	18.07	18.07	21.6051	
1835	1	18.15	18.15	21.4075	
1836	1	18.02	18.02	21.8796	
1837	1	18.1	18.1	22.35	
1838	1	18.22	18.22	22.1316	
1839	1	18.12	18.12	22.3056	
1840	1	18.08	18.08	21.7936	
1841	1	18.27	18.27	22.1371	
1842	1	18.18	18.18	21.6676	
1843	1	18.17	18.17	22.1811	
1844	1	18.21	18.21	21.6459	
1845	1	18.18	18.18	22.0476	
1846	1	18.32	18.32	22.3576	
1847	1	18.11	18.11	22.3779	
1848	1	18.22	18.22	21.8716	
1849	1	18.26	18.26	21.9524	
1850	1	18.15	18.15	22.1475	
1851	1	18.18	18.18	22.3676	
1852	1	18.28	18.28	21.8816	
1853	1	18.21	18.21	22.1859	
1854	1	18.23	18.23	21.9171	
1855	1	18.37	18.37	22.2131	
1856	1	18.38	18.38	22.3356	
1857	1	18.22	18.22	22.2316	
1858	1	18.31	18.31	21.7939	
1859	1	18.2	18.2	22.4	
1860	1	18.31	18.31	21.6539	
1861	1	18.25	18.25	21.9875	
1862	1	18.29	18.29	22.0059	
1863	1	18.31	18.31	22.0339	
1864	1	18.25	18.25	22.3475	
1865	1	18.37	18.37	22.0331	
1866	1	18.26	18.26	22.6524	
1867	1	18.39	18.39	22.2979	
1868	1	18.38	18.38	21.9356	
1869	1	18.45	18.45	22.3475	
1870	1	18.39	18.39	22.4379	
1871	1	18.31	18.31	22.4739	
1872	1	18.34	18.34	22.7244	
1873	1	18.43	18.43	21.9651	
1874	1	18.55	18.55	23.2475	
1875	1	18.4	18.4	21.96	
1876	1	18.4	18.4	22.32	
1877	1	18.52	18.52	22.5296	
1878	1	18.43	18.43	22.3051	
1879	1	18.36	18.36	22.7704	
1880	1	18.45	18.45	22.1875	
1881	1	18.51	18.51	22.0099	
1882	1	18.48	18.48	22.5296	
1883	1	18.57	18.57	22.1451	
1884	1	18.4	18.4	22.52	
1885	1	18.52	18.52	21.9296	
1886	1	18.53	18.53	21.8891	
1887	1	18.5	18.5	22.01	
1888	1	18.5	18.5	22.53	
1889	1	18.54	18.54	22.0284	
1890	1	18.57	18.57	22.7851	
1891	1	18.5	18.5	22.47	
1892	1	18.41	18.41	23.1819	
1893	1	18.66	18.66	23.4644	
1894	1	18.52	18.52	22.3896	
1895	1	18.55	18.55	22.1675	
1896	1	18.78	18.78	24.7316	
1897	1	18.64	18.64	22.5704	
1898	1	18.61	18.61	22.4579	
1899	1	18.64	18.64	22.6704	
1900	1	18.53	18.53	22.5891	
1901	1	18.54	18.54	22.6084	
1902	1	18.66	18.66	22.7644	
1903	1	18.55	18.55	22.5475	
1904	1	18.62	18.62	23.4756	
1905	1	18.64	18.64	22.8904	
1906	1	18.59	18.59	22.9819	
1907	1	18.6	18.6	23.52	
1908	1	18.7	18.7	22.59	
1909	1	18.62	18.62	22.6956	
1910	1	18.7	18.7	22.69	
1911	1	18.68	18.68	22.9376	
1912	1	18.75	18.75	22.5875	
1913	1	18.67	18.67	22.5811	
1914	1	18.62	18.62	22.6956	
1915	1	18.63	18.63	22.7531	
1916	1	18.69	18.69	22.6739	
1917	1	18.69	18.69	23.8339	
1918	1	18.69	18.69	23.1739	
1919	1	18.65	18.65	23.5875	
1920	1	18.76	18.76	22.8024	
1921	1	18.76	18.76	23.3624	
1922	1	18.69	18.69	23.0539	
1923	1	18.76	18.76	22.7224	
1924	1	18.78	18.78	22.7116	
1925	1	18.74	18.74	22.8324	
1926	1	18.74	18.74	23.0324	
1927	1	18.77	18.77	23.1171	
1928	1	18.89	18.89	23.2179	
1929	1	18.87	18.87	22.6531	
1930	1	18.8	18.8	23.52	
1931	1	18.8	18.8	22.94	
1932	1	18.84	18.84	22.8344	
1933	1	18.8	18.8	22.94	
1934	1	18.94	18.94	23.3364	
1935	1	18.91	18.91	22.6219	
1936	1	18.86	18.86	22.5604	
1937	1	18.85	18.85	22.9075	
1938	1	18.81	18.81	23.0939	
1939	1	18.85	18.85	22.8875	
1940	1	18.98	18.98	22.5196	
1941	1	18.89	18.89	23.2579	
1942	1	18.91	18.91	23.2619	
1943	1	19.09	19.09	23.0219	
1944	1	19.1	19.1	23.29	
1945	1	19.04	19.04	22.6984	
1946	1	19.03	19.03	22.9691	
1947	1	18.98	18.98	22.9596	
1948	1	19.09	19.09	22.8819	
1949	1	19.09	19.09	22.8419	
1950	1	19.1	19.1	22.63	
1951	1	19.14	19.14	22.6804	
1952	1	18.91	18.91	23.6819	
1953	1	19.07	19.07	22.5851	
1954	1	19.18	19.18	22.9076	
1955	1	19.19	19.19	22.9139	
1956	1	19.15	19.15	22.7275	
1957	1	19.16	19.16	23.0344	
1958	1	19.22	19.22	23.0116	
1959	1	19.23	19.23	23.0771	
1960	1	19.13	19.13	22.6131	
1961	1	19.19	19.19	23.1139	
1962	1	19.13	19.13	22.6931	
1963	1	19.22	19.22	22.9716	
1964	1	19.09	19.09	22.8819	
1965	1	19.2	19.2	22.88	
1966	1	19.34	19.34	23.8644	
1967	1	19.22	19.22	22.7116	
1968	1	19.23	19.23	22.5171	
1969	1	19.12	19.12	22.7856	
1970	1	19.25	19.25	22.3875	
1971	1	19.27	19.27	22.5771	
1972	1	19.23	19.23	22.7571	
1973	1	19.17	19.17	22.9411	
1974	1	19.31	19.31	22.5539	
1975	1	19.16	19.16	22.8744	
1976	1	19.3	19.3	23.33	
1977	1	19.31	19.31	22.5939	
1978	1	19.21	19.21	22.5659	
1979	1	19.48	19.48	24.1496	
1980	1	19.25	19.25	22.5075	
1981	1	19.26	19.26	22.5324	
1982	1	19.36	19.36	22.5104	
1983	1	19.32	19.32	22.3776	
1984	1	19.39	19.39	22.8979	
1985	1	19.41	19.41	22.7619	
1986	1	19.29	19.29	22.7259	
1987	1	19.33	19.33	22.4611	
1988	1	19.38	19.38	22.5556	
1989	1	19.44	19.44	23.0064	
1990	1	19.42	19.42	22.5236	
1991	1	19.4	19.4	22.48	
1992	1	19.3	19.3	23.05	
1993	1	19.42	19.42	22.5436	
1994	1	19.35	19.35	23.1275	
1995	1	19.42	19.42	22.6636	
1996	1	19.4	19.4	22.72	
1997	1	19.46	19.46	23.8884	
1998	1	19.39	19.39	23.1579	
1999	1	19.43	19.43	23.1451	
2000	1	19.58	19.58	24.9436	
