# mu = 0.001, s = 0.01, trials requested = 1, runtime = 0:00:38
# "Time"	"Actual trials"	"Mean mutation"	"Average mean mutation"	"Average mutation variance"
0	1	0	0	0	
1	1	0	0	0	
2	1	0.02	0.02	0.0196	
3	1	0.02	0.02	0.0196	
4	1	0.03	0.03	0.0291	
5	1	0.03	0.03	0.0291	
6	1	0.03	0.03	0.0291	
7	1	0.03	0.03	0.0291	
8	1	0.03	0.03	0.0291	
9	1	0.03	0.03	0.0291	
10	1	0.04	0.04	0.0384	
11	1	0.06	0.06	0.0564	
12	1	0.07	0.07	0.0651	
13	1	0.09	0.09	0.0819	
14	1	0.1	0.1	0.09	
15	1	0.1	0.1	0.09	
16	1	0.11	0.11	0.0979	
17	1	0.14	0.14	0.1204	
18	1	0.14	0.14	0.1204	
19	1	0.15	0.15	0.1275	
20	1	0.18	0.18	0.1476	
21	1	0.17	0.17	0.1411	
22	1	0.18	0.18	0.1476	
23	1	0.2	0.2	0.16	
24	1	0.19	0.19	0.1539	
25	1	0.2	0.2	0.16	
26	1	0.19	0.19	0.1539	
27	1	0.19	0.19	0.1539	
28	1	0.19	0.19	0.1539	
29	1	0.21	0.21	0.1659	
30	1	0.21	0.21	0.1659	
31	1	0.25	0.25	0.2075	
32	1	0.28	0.28	0.2416	
33	1	0.27	0.27	0.2371	
34	1	0.27	0.27	0.2371	
35	1	0.28	0.28	0.2416	
36	1	0.3	0.3	0.25	
37	1	0.34	0.34	0.2644	
38	1	0.34	0.34	0.2644	
39	1	0.36	0.36	0.2904	
40	1	0.35	0.35	0.2875	
41	1	0.37	0.37	0.2931	
42	1	0.4	0.4	0.3	
43	1	0.41	0.41	0.3219	
44	1	0.41	0.41	0.3219	
45	1	0.42	0.42	0.3436	
46	1	0.45	0.45	0.3875	
47	1	0.44	0.44	0.3864	
48	1	0.49	0.49	0.4699	
49	1	0.49	0.49	0.4699	
50	1	0.51	0.51	0.4899	
51	1	0.53	0.53	0.5091	
52	1	0.56	0.56	0.5264	
53	1	0.58	0.58	0.5236	
54	1	0.55	0.55	0.5075	
55	1	0.58	0.58	0.5236	
56	1	0.59	0.59	0.5419	
57	1	0.59	0.59	0.5419	
58	1	0.61	0.61	0.5779	
59	1	0.61	0.61	0.5779	
60	1	0.63	0.63	0.5731	
61	1	0.63	0.63	0.5731	
62	1	0.62	0.62	0.5756	
63	1	0.63	0.63	0.5731	
64	1	0.65	0.65	0.5675	
65	1	0.7	0.7	0.63	
66	1	0.68	0.68	0.5776	
67	1	0.7	0.7	0.57	
68	1	0.7	0.7	0.57	
69	1	0.73	0.73	0.6171	
70	1	0.72	0.72	0.6216	
71	1	0.76	0.76	0.6624	
72	1	0.77	0.77	0.6771	
73	1	0.79	0.79	0.7259	
74	1	0.81	0.81	0.7139	
75	1	0.83	0.83	0.7611	
76	1	0.82	0.82	0.7276	
77	1	0.83	0.83	0.7211	
78	1	0.83	0.83	0.7411	
79	1	0.84	0.84	0.7344	
80	1	0.91	0.91	0.7819	
81	1	0.91	0.91	0.7819	
82	1	0.93	0.93	0.8451	
83	1	0.91	0.91	0.8219	
84	1	0.93	0.93	0.8251	
85	1	0.93	0.93	0.8251	
86	1	0.94	0.94	0.8164	
87	1	0.94	0.94	0.8164	
88	1	0.97	0.97	0.8491	
89	1	0.96	0.96	0.8784	
90	1	0.97	0.97	0.8691	
91	1	0.98	0.98	0.8796	
92	1	1.05	1.05	0.9675	
93	1	1.04	1.04	0.9384	
94	1	1.04	1.04	0.9384	
95	1	1.13	1.13	1.0531	
96	1	1.08	1.08	1.0336	
97	1	1.12	1.12	1.0256	
98	1	1.11	1.11	1.0179	
99	1	1.13	1.13	1.0131	
100	1	1.18	1.18	1.0476	
101	1	1.21	1.21	1.0459	
102	1	1.21	1.21	1.0459	
103	1	1.24	1.24	1.0624	
104	1	1.2	1.2	1.04	
105	1	1.22	1.22	1.0116	
106	1	1.21	1.21	1.0259	
107	1	1.24	1.24	1.0424	
108	1	1.26	1.26	1.0924	
109	1	1.26	1.26	1.0724	
110	1	1.26	1.26	1.0724	
111	1	1.25	1.25	1.0675	
112	1	1.26	1.26	1.1124	
113	1	1.3	1.3	1.23	
114	1	1.31	1.31	1.2339	
115	1	1.31	1.31	1.2939	
116	1	1.31	1.31	1.2739	
117	1	1.34	1.34	1.3044	
118	1	1.34	1.34	1.3044	
119	1	1.37	1.37	1.2931	
120	1	1.39	1.39	1.2979	
121	1	1.42	1.42	1.3836	
122	1	1.41	1.41	1.3819	
123	1	1.43	1.43	1.3651	
124	1	1.42	1.42	1.3836	
125	1	1.46	1.46	1.3884	
126	1	1.5	1.5	1.35	
127	1	1.48	1.48	1.4096	
128	1	1.53	1.53	1.3891	
129	1	1.51	1.51	1.3699	
130	1	1.52	1.52	1.3896	
131	1	1.56	1.56	1.4864	
132	1	1.56	1.56	1.5664	
133	1	1.56	1.56	1.4464	
134	1	1.59	1.59	1.5819	
135	1	1.56	1.56	1.5264	
136	1	1.6	1.6	1.52	
137	1	1.6	1.6	1.52	
138	1	1.59	1.59	1.5419	
139	1	1.62	1.62	1.5556	
140	1	1.62	1.62	1.5956	
141	1	1.63	1.63	1.5931	
142	1	1.66	1.66	1.6044	
143	1	1.69	1.69	1.6939	
144	1	1.69	1.69	1.6939	
145	1	1.71	1.71	1.6659	
146	1	1.66	1.66	1.6444	
147	1	1.69	1.69	1.5939	
148	1	1.75	1.75	1.6675	
149	1	1.74	1.74	1.6724	
150	1	1.78	1.78	1.6916	
151	1	1.8	1.8	1.7	
152	1	1.79	1.79	1.7459	
153	1	1.79	1.79	1.7059	
154	1	1.84	1.84	1.7744	
155	1	1.83	1.83	1.7411	
156	1	1.89	1.89	1.8779	
157	1	1.86	1.86	1.7204	
158	1	1.86	1.86	1.7804	
159	1	1.88	1.88	1.7856	
160	1	1.92	1.92	1.8536	
161	1	1.92	1.92	1.9536	
162	1	1.94	1.94	1.9564	
163	1	1.93	1.93	1.9851	
164	1	1.94	1.94	1.9764	
165	1	1.95	1.95	2.0075	
166	1	1.98	1.98	1.9596	
167	1	2	2	2	
168	1	2.02	2.02	2.0396	
169	1	2.01	2.01	2.1299	
170	1	2.02	2.02	2.1196	
171	1	2.04	2.04	2.1584	
172	1	2.06	2.06	2.1364	
173	1	2.06	2.06	2.1364	
174	1	2.09	2.09	2.2819	
175	1	2.04	2.04	2.1584	
176	1	2.06	2.06	2.1964	
177	1	2.07	2.07	2.1651	
178	1	2.12	2.12	2.2056	
179	1	2.1	2.1	2.19	
180	1	2.11	2.11	2.1579	
181	1	2.15	2.15	2.1875	
182	1	2.16	2.16	2.3344	
183	1	2.15	2.15	2.3275	
184	1	2.17	2.17	2.2811	
185	1	2.19	2.19	2.3739	
186	1	2.16	2.16	2.3744	
187	1	2.19	2.19	2.3739	
188	1	2.23	2.23	2.3571	
189	1	2.2	2.2	2.38	
190	1	2.23	2.23	2.3371	
191	1	2.22	2.22	2.3516	
192	1	2.29	2.29	2.2659	
193	1	2.27	2.27	2.3371	
194	1	2.3	2.3	2.31	
195	1	2.31	2.31	2.3139	
196	1	2.3	2.3	2.39	
197	1	2.37	2.37	2.3531	
198	1	2.41	2.41	2.5619	
199	1	2.41	2.41	2.3819	
200	1	2.41	2.41	2.4419	
201	1	2.33	2.33	2.4211	
202	1	2.43	2.43	2.4051	
203	1	2.46	2.46	2.5484	
204	1	2.43	2.43	2.4851	
205	1	2.45	2.45	2.4475	
206	1	2.5	2.5	2.53	
207	1	2.47	2.47	2.4891	
208	1	2.48	2.48	2.4896	
209	1	2.51	2.51	2.5299	
210	1	2.5	2.5	2.49	
211	1	2.47	2.47	2.5091	
212	1	2.53	2.53	2.4691	
213	1	2.51	2.51	2.5299	
214	1	2.56	2.56	2.5264	
215	1	2.58	2.58	2.6636	
216	1	2.57	2.57	2.5851	
217	1	2.59	2.59	2.6619	
218	1	2.61	2.61	2.6979	
219	1	2.63	2.63	2.7131	
220	1	2.65	2.65	2.7675	
221	1	2.61	2.61	2.7579	
222	1	2.68	2.68	2.7976	
223	1	2.65	2.65	2.7075	
224	1	2.67	2.67	2.8211	
225	1	2.71	2.71	2.7259	
226	1	2.74	2.74	2.8124	
227	1	2.73	2.73	2.8371	
228	1	2.77	2.77	2.8571	
229	1	2.74	2.74	2.8724	
230	1	2.74	2.74	2.9524	
231	1	2.77	2.77	2.8571	
232	1	2.78	2.78	2.8716	
233	1	2.76	2.76	2.9024	
234	1	2.78	2.78	2.8916	
235	1	2.8	2.8	2.96	
236	1	2.78	2.78	2.9516	
237	1	2.77	2.77	2.9971	
238	1	2.79	2.79	3.0059	
239	1	2.83	2.83	2.9811	
240	1	2.8	2.8	3	
241	1	2.89	2.89	3.0779	
242	1	2.89	2.89	3.0979	
243	1	2.88	2.88	3.1656	
244	1	2.91	2.91	3.1419	
245	1	2.96	2.96	3.0784	
246	1	2.97	2.97	3.3291	
247	1	2.96	2.96	3.0984	
248	1	2.98	2.98	3.1196	
249	1	3.02	3.02	3.3196	
250	1	2.98	2.98	3.1196	
251	1	3.01	3.01	3.1899	
252	1	3.01	3.01	3.1899	
253	1	3.02	3.02	3.2996	
254	1	3.04	3.04	3.2384	
255	1	3.11	3.11	3.2979	
256	1	3.15	3.15	3.5275	
257	1	3.06	3.06	3.3564	
258	1	3.1	3.1	3.39	
259	1	3.1	3.1	3.35	
260	1	3.09	3.09	3.3619	
261	1	3.11	3.11	3.3979	
262	1	3.18	3.18	3.4676	
263	1	3.12	3.12	3.4456	
264	1	3.13	3.13	3.3931	
265	1	3.2	3.2	3.46	
266	1	3.15	3.15	3.5275	
267	1	3.23	3.23	3.4771	
268	1	3.28	3.28	3.7216	
269	1	3.23	3.23	3.7371	
270	1	3.22	3.22	3.5516	
271	1	3.25	3.25	3.6275	
272	1	3.25	3.25	3.7275	
273	1	3.23	3.23	3.5571	
274	1	3.21	3.21	3.6659	
275	1	3.26	3.26	3.5924	
276	1	3.31	3.31	3.5339	
277	1	3.24	3.24	3.5424	
278	1	3.29	3.29	3.6059	
279	1	3.32	3.32	3.5976	
280	1	3.33	3.33	3.6211	
281	1	3.32	3.32	3.6776	
282	1	3.34	3.34	3.6844	
283	1	3.32	3.32	3.7776	
284	1	3.37	3.37	3.6331	
285	1	3.39	3.39	3.6579	
286	1	3.37	3.37	3.6731	
287	1	3.4	3.4	3.74	
288	1	3.37	3.37	3.7731	
289	1	3.34	3.34	3.7444	
290	1	3.36	3.36	3.6704	
291	1	3.39	3.39	3.6579	
292	1	3.39	3.39	3.7179	
293	1	3.44	3.44	3.6664	
294	1	3.39	3.39	3.7379	
295	1	3.46	3.46	3.7684	
296	1	3.42	3.42	3.6236	
297	1	3.46	3.46	3.6284	
298	1	3.53	3.53	3.7491	
299	1	3.5	3.5	3.67	
300	1	3.53	3.53	3.8491	
301	1	3.5	3.5	3.63	
302	1	3.5	3.5	3.61	
303	1	3.53	3.53	3.7491	
304	1	3.48	3.48	3.6296	
305	1	3.57	3.57	3.6451	
306	1	3.53	3.53	3.5491	
307	1	3.53	3.53	3.5491	
308	1	3.57	3.57	3.7651	
309	1	3.56	3.56	3.6264	
310	1	3.55	3.55	3.6475	
311	1	3.56	3.56	3.7464	
312	1	3.6	3.6	3.86	
313	1	3.58	3.58	3.7036	
314	1	3.57	3.57	3.7451	
315	1	3.6	3.6	3.7	
316	1	3.59	3.59	3.6619	
317	1	3.6	3.6	3.66	
318	1	3.59	3.59	3.6819	
319	1	3.58	3.58	3.7036	
320	1	3.63	3.63	3.6531	
321	1	3.7	3.7	3.81	
322	1	3.65	3.65	3.8275	
323	1	3.65	3.65	3.8875	
324	1	3.66	3.66	3.9044	
325	1	3.71	3.71	3.9459	
326	1	3.66	3.66	3.9044	
327	1	3.71	3.71	3.8259	
328	1	3.79	3.79	4.0259	
329	1	3.71	3.71	3.8259	
330	1	3.77	3.77	3.8371	
331	1	3.79	3.79	3.8059	
332	1	3.78	3.78	3.7916	
333	1	3.8	3.8	3.74	
334	1	3.76	3.76	3.8824	
335	1	3.82	3.82	3.7276	
336	1	3.83	3.83	3.7411	
337	1	3.82	3.82	3.7076	
338	1	3.84	3.84	3.6744	
339	1	3.87	3.87	3.7331	
340	1	3.85	3.85	3.6875	
341	1	3.82	3.82	3.7676	
342	1	3.82	3.82	3.7676	
343	1	3.83	3.83	3.7411	
344	1	3.87	3.87	3.7531	
345	1	3.89	3.89	3.8179	
346	1	3.82	3.82	3.8876	
347	1	3.87	3.87	3.7931	
348	1	3.86	3.86	3.8604	
349	1	3.88	3.88	3.8656	
350	1	3.94	3.94	4.0564	
351	1	3.87	3.87	3.8731	
352	1	3.9	3.9	3.99	
353	1	3.91	3.91	4.0019	
354	1	3.98	3.98	4.1796	
355	1	3.93	3.93	4.0051	
356	1	3.92	3.92	4.1936	
357	1	3.99	3.99	4.1499	
358	1	4.05	4.05	4.4475	
359	1	4.01	4.01	4.1299	
360	1	3.99	3.99	4.0899	
361	1	4.04	4.04	4.2384	
362	1	3.98	3.98	4.1196	
363	1	4.01	4.01	4.1099	
364	1	4.04	4.04	4.0784	
365	1	4.04	4.04	3.9984	
366	1	4.12	4.12	4.2256	
367	1	4.12	4.12	4.2256	
368	1	4.07	4.07	4.1651	
369	1	4.06	4.06	4.3964	
370	1	4.16	4.16	4.3144	
371	1	4.11	4.11	4.2579	
372	1	4.14	4.14	4.2204	
373	1	4.2	4.2	4.44	
374	1	4.18	4.18	4.3276	
375	1	4.15	4.15	4.2275	
376	1	4.16	4.16	4.2144	
377	1	4.2	4.2	4.2	
378	1	4.21	4.21	4.2859	
379	1	4.18	4.18	4.3876	
380	1	4.24	4.24	4.2624	
381	1	4.25	4.25	4.3075	
382	1	4.2	4.2	4.34	
383	1	4.22	4.22	4.3316	
384	1	4.27	4.27	4.2771	
385	1	4.3	4.3	4.23	
386	1	4.34	4.34	4.2844	
387	1	4.32	4.32	4.2176	
388	1	4.31	4.31	4.3739	
389	1	4.36	4.36	4.3504	
390	1	4.31	4.31	4.3339	
391	1	4.41	4.41	4.3019	
392	1	4.38	4.38	4.2956	
393	1	4.38	4.38	4.2956	
394	1	4.35	4.35	4.3675	
395	1	4.36	4.36	4.3904	
396	1	4.43	4.43	4.3251	
397	1	4.42	4.42	4.4236	
398	1	4.43	4.43	4.3251	
399	1	4.45	4.45	4.6275	
400	1	4.43	4.43	4.4251	
401	1	4.4	4.4	4.44	
402	1	4.44	4.44	4.3264	
403	1	4.48	4.48	4.3896	
404	1	4.45	4.45	4.4075	
405	1	4.47	4.47	4.3891	
406	1	4.52	4.52	4.3896	
407	1	4.51	4.51	4.3499	
408	1	4.55	4.55	4.4475	
409	1	4.53	4.53	4.3691	
410	1	4.54	4.54	4.3684	
411	1	4.54	4.54	4.3684	
412	1	4.55	4.55	4.3675	
413	1	4.63	4.63	4.4531	
414	1	4.58	4.58	4.5236	
415	1	4.64	4.64	4.4304	
416	1	4.62	4.62	4.4356	
417	1	4.6	4.6	4.38	
418	1	4.61	4.61	4.3979	
419	1	4.63	4.63	4.3131	
420	1	4.63	4.63	4.2731	
421	1	4.65	4.65	4.2075	
422	1	4.72	4.72	4.3616	
423	1	4.7	4.7	4.31	
424	1	4.66	4.66	4.2044	
425	1	4.7	4.7	4.25	
426	1	4.72	4.72	4.2816	
427	1	4.71	4.71	4.2459	
428	1	4.73	4.73	4.3171	
429	1	4.72	4.72	4.3616	
430	1	4.76	4.76	4.4424	
431	1	4.79	4.79	4.4859	
432	1	4.82	4.82	4.5476	
433	1	4.82	4.82	4.4876	
434	1	4.81	4.81	4.3339	
435	1	4.84	4.84	4.4544	
436	1	4.78	4.78	4.5316	
437	1	4.83	4.83	4.3811	
438	1	4.85	4.85	4.3875	
439	1	4.82	4.82	4.4276	
440	1	4.87	4.87	4.4931	
441	1	4.9	4.9	4.49	
442	1	4.93	4.93	4.5251	
443	1	4.88	4.88	4.4656	
444	1	4.89	4.89	4.5179	
445	1	4.97	4.97	4.8091	
446	1	4.93	4.93	4.6251	
447	1	4.88	4.88	4.6656	
448	1	4.91	4.91	4.5619	
449	1	4.97	4.97	4.8291	
450	1	4.96	4.96	4.8184	
451	1	5.01	5.01	4.8899	
452	1	4.97	4.97	4.8091	
453	1	5	5	4.78	
454	1	5.07	5.07	5.0651	
455	1	5.01	5.01	4.7899	
456	1	5	5	4.96	
457	1	5	5	4.82	
458	1	5.02	5.02	4.7596	
459	1	4.99	4.99	4.7899	
460	1	5.06	5.06	4.9964	
461	1	5.01	5.01	4.7299	
462	1	5.01	5.01	4.7299	
463	1	5.12	5.12	4.9456	
464	1	5.08	5.08	4.7536	
465	1	5.1	5.1	4.85	
466	1	5.16	5.16	5.1544	
467	1	5.08	5.08	4.8536	
468	1	5.11	5.11	4.7779	
469	1	5.15	5.15	4.9875	
470	1	5.1	5.1	4.85	
471	1	5.14	5.14	4.9204	
472	1	5.18	5.18	5.0076	
473	1	5.14	5.14	4.9804	
474	1	5.14	5.14	4.9604	
475	1	5.14	5.14	5.0804	
476	1	5.25	5.25	4.9875	
477	1	5.26	5.26	4.9924	
478	1	5.23	5.23	4.9771	
479	1	5.32	5.32	4.9976	
480	1	5.27	5.27	5.0771	
481	1	5.3	5.3	4.93	
482	1	5.34	5.34	4.9844	
483	1	5.36	5.36	5.2304	
484	1	5.36	5.36	5.2104	
485	1	5.34	5.34	5.4244	
486	1	5.32	5.32	5.4376	
487	1	5.37	5.37	5.2531	
488	1	5.42	5.42	5.6036	
489	1	5.4	5.4	5.26	
490	1	5.43	5.43	5.2851	
491	1	5.41	5.41	5.1819	
492	1	5.39	5.39	5.4179	
493	1	5.43	5.43	5.4051	
494	1	5.43	5.43	5.3651	
495	1	5.47	5.47	5.3691	
496	1	5.42	5.42	5.4036	
497	1	5.5	5.5	5.75	
498	1	5.5	5.5	5.41	
499	1	5.48	5.48	5.3496	
500	1	5.53	5.53	5.3891	
501	1	5.51	5.51	5.3499	
502	1	5.5	5.5	5.37	
503	1	5.48	5.48	5.3096	
504	1	5.49	5.49	5.2899	
505	1	5.48	5.48	5.4096	
506	1	5.48	5.48	5.4296	
507	1	5.56	5.56	5.3464	
508	1	5.62	5.62	5.2956	
509	1	5.62	5.62	5.3156	
510	1	5.59	5.59	5.4019	
511	1	5.64	5.64	5.2904	
512	1	5.62	5.62	5.3556	
513	1	5.67	5.67	5.3411	
514	1	5.63	5.63	5.3331	
515	1	5.69	5.69	5.3139	
516	1	5.65	5.65	5.3875	
517	1	5.71	5.71	5.5059	
518	1	5.71	5.71	5.3859	
519	1	5.69	5.69	5.3739	
520	1	5.68	5.68	5.3776	
521	1	5.71	5.71	5.4659	
522	1	5.68	5.68	5.4576	
523	1	5.75	5.75	5.5075	
524	1	5.74	5.74	5.4524	
525	1	5.78	5.78	5.5116	
526	1	5.81	5.81	5.5139	
527	1	5.84	5.84	5.5744	
528	1	5.84	5.84	5.5744	
529	1	5.95	5.95	6.3275	
530	1	5.86	5.86	5.5804	
531	1	5.85	5.85	5.7275	
532	1	5.85	5.85	5.7275	
533	1	5.89	5.89	5.5379	
534	1	5.94	5.94	5.7764	
535	1	5.84	5.84	5.8744	
536	1	5.97	5.97	5.6491	
537	1	5.94	5.94	5.7964	
538	1	5.99	5.99	5.6899	
539	1	5.98	5.98	5.7996	
540	1	6.02	6.02	5.6796	
541	1	6.04	6.04	5.6984	
542	1	6.05	6.05	5.7075	
543	1	5.99	5.99	5.7099	
544	1	6	6	5.84	
545	1	6.07	6.07	5.7051	
546	1	6.05	6.05	5.7475	
547	1	6.03	6.03	5.8291	
548	1	6.21	6.21	6.3459	
549	1	6.11	6.11	5.8179	
550	1	6.14	6.14	5.8804	
551	1	6.09	6.09	5.8819	
552	1	6.08	6.08	5.9136	
553	1	6.07	6.07	6.1451	
554	1	6.14	6.14	5.8804	
555	1	6.05	6.05	6.2275	
556	1	6.15	6.15	5.9275	
557	1	6.24	6.24	6.3224	
558	1	6.15	6.15	6.0075	
559	1	6.23	6.23	5.8771	
560	1	6.26	6.26	6.3724	
561	1	6.19	6.19	5.8939	
562	1	6.15	6.15	6.1475	
563	1	6.29	6.29	5.9659	
564	1	6.24	6.24	5.8224	
565	1	6.27	6.27	5.7971	
566	1	6.25	6.25	5.8675	
567	1	6.23	6.23	5.8371	
568	1	6.22	6.22	6.0716	
569	1	6.27	6.27	5.8971	
570	1	6.28	6.28	5.8416	
571	1	6.31	6.31	5.9339	
572	1	6.28	6.28	6.0016	
573	1	6.29	6.29	6.0859	
574	1	6.37	6.37	6.0731	
575	1	6.32	6.32	6.1576	
576	1	6.31	6.31	5.9739	
577	1	6.35	6.35	6.0275	
578	1	6.35	6.35	6.2475	
579	1	6.39	6.39	6.2779	
580	1	6.38	6.38	6.2356	
581	1	6.37	6.37	6.2131	
582	1	6.42	6.42	6.1836	
583	1	6.4	6.4	6.16	
584	1	6.44	6.44	6.2864	
585	1	6.44	6.44	6.1864	
586	1	6.42	6.42	6.1236	
587	1	6.45	6.45	6.0875	
588	1	6.61	6.61	6.7179	
589	1	6.49	6.49	6.1499	
590	1	6.5	6.5	6.15	
591	1	6.52	6.52	6.1496	
592	1	6.53	6.53	6.2491	
593	1	6.59	6.59	6.3019	
594	1	6.6	6.6	6.2	
595	1	6.54	6.54	6.2284	
596	1	6.57	6.57	6.1051	
597	1	6.59	6.59	6.1219	
598	1	6.6	6.6	6.2	
599	1	6.57	6.57	6.1451	
600	1	6.62	6.62	6.0956	
601	1	6.69	6.69	6.4539	
602	1	6.63	6.63	6.1531	
603	1	6.58	6.58	6.1836	
604	1	6.66	6.66	6.2644	
605	1	6.57	6.57	6.2251	
606	1	6.69	6.69	6.6339	
607	1	6.62	6.62	6.1556	
608	1	6.68	6.68	6.3576	
609	1	6.66	6.66	6.0244	
610	1	6.68	6.68	6.1176	
611	1	6.7	6.7	6.01	
612	1	6.65	6.65	5.9875	
613	1	6.74	6.74	6.1124	
614	1	6.71	6.71	5.8659	
615	1	6.7	6.7	6.03	
616	1	6.77	6.77	6.1571	
617	1	6.77	6.77	6.0371	
618	1	6.75	6.75	6.0275	
619	1	6.79	6.79	6.0859	
620	1	6.88	6.88	6.3656	
621	1	6.87	6.87	6.1131	
622	1	6.82	6.82	6.1676	
623	1	6.89	6.89	6.3979	
624	1	6.87	6.87	6.2331	
625	1	6.92	6.92	6.3536	
626	1	6.91	6.91	6.4419	
627	1	6.94	6.94	6.7164	
628	1	6.91	6.91	6.4419	
629	1	6.98	6.98	6.7996	
630	1	6.86	6.86	6.8204	
631	1	6.95	6.95	6.7275	
632	1	6.99	6.99	6.6499	
633	1	6.96	6.96	6.6984	
634	1	7	7	6.52	
635	1	6.98	6.98	6.4996	
636	1	7.02	7.02	6.5196	
637	1	7.02	7.02	6.5396	
638	1	7.06	7.06	6.7164	
639	1	6.99	6.99	6.5099	
640	1	7.02	7.02	6.4796	
641	1	7.1	7.1	6.77	
642	1	7.03	7.03	6.5291	
643	1	7.16	7.16	6.9744	
644	1	7.05	7.05	6.5075	
645	1	7.08	7.08	6.6536	
646	1	7.09	7.09	6.6219	
647	1	7.11	7.11	6.5979	
648	1	7.16	7.16	6.7544	
649	1	7.14	7.14	7.0004	
650	1	7.12	7.12	6.7456	
651	1	7.15	7.15	6.6875	
652	1	7.13	7.13	6.8131	
653	1	7.21	7.21	6.8859	
654	1	7.17	7.17	6.6211	
655	1	7.17	7.17	6.6411	
656	1	7.2	7.2	6.64	
657	1	7.33	7.33	6.9211	
658	1	7.28	7.28	6.5216	
659	1	7.29	7.29	6.4259	
660	1	7.32	7.32	6.8176	
661	1	7.29	7.29	6.6059	
662	1	7.25	7.25	6.7275	
663	1	7.31	7.31	6.5339	
664	1	7.32	7.32	6.5576	
665	1	7.4	7.4	6.92	
666	1	7.3	7.3	6.51	
667	1	7.35	7.35	6.5475	
668	1	7.32	7.32	6.4776	
669	1	7.35	7.35	6.4875	
670	1	7.33	7.33	6.5411	
671	1	7.33	7.33	6.4611	
672	1	7.38	7.38	6.5556	
673	1	7.43	7.43	6.8851	
674	1	7.37	7.37	6.5531	
675	1	7.34	7.34	6.5044	
676	1	7.37	7.37	6.5131	
677	1	7.42	7.42	6.7236	
678	1	7.36	7.36	6.5304	
679	1	7.41	7.41	6.6819	
680	1	7.37	7.37	6.6931	
681	1	7.38	7.38	6.6756	
682	1	7.35	7.35	6.8275	
683	1	7.41	7.41	6.5619	
684	1	7.4	7.4	6.58	
685	1	7.44	7.44	6.5664	
686	1	7.45	7.45	6.6675	
687	1	7.45	7.45	7.0275	
688	1	7.46	7.46	6.6484	
689	1	7.41	7.41	6.7019	
690	1	7.46	7.46	6.7484	
691	1	7.46	7.46	6.6884	
692	1	7.62	7.62	7.4556	
693	1	7.53	7.53	6.7491	
694	1	7.56	7.56	7.1664	
695	1	7.48	7.48	6.8296	
696	1	7.51	7.51	6.7299	
697	1	7.49	7.49	6.7499	
698	1	7.55	7.55	6.6875	
699	1	7.57	7.57	6.6851	
700	1	7.56	7.56	6.6864	
701	1	7.59	7.59	6.8019	
702	1	7.58	7.58	6.9036	
703	1	7.7	7.7	7.45	
704	1	7.56	7.56	6.9464	
705	1	7.55	7.55	7.0075	
706	1	7.66	7.66	7.2844	
707	1	7.58	7.58	7.0636	
708	1	7.57	7.57	6.9051	
709	1	7.65	7.65	7.1675	
710	1	7.64	7.64	6.9904	
711	1	7.68	7.68	7.2776	
712	1	7.63	7.63	7.0131	
713	1	7.64	7.64	6.8904	
714	1	7.68	7.68	7.3376	
715	1	7.6	7.6	7.08	
716	1	7.61	7.61	7.0779	
717	1	7.67	7.67	7.1811	
718	1	7.68	7.68	6.9976	
719	1	7.72	7.72	7.0016	
720	1	7.69	7.69	6.9939	
721	1	7.75	7.75	7.0875	
722	1	7.77	7.77	7.3571	
723	1	7.76	7.76	7.1024	
724	1	7.74	7.74	6.9724	
725	1	7.75	7.75	6.9475	
726	1	7.73	7.73	6.9771	
727	1	7.77	7.77	6.9971	
728	1	7.82	7.82	7.1476	
729	1	7.83	7.83	7.2611	
730	1	7.8	7.8	6.98	
731	1	7.86	7.86	7.3204	
732	1	7.77	7.77	7.0971	
733	1	7.79	7.79	6.9859	
734	1	7.84	7.84	6.9544	
735	1	7.79	7.79	7.3259	
736	1	7.81	7.81	7.2339	
737	1	7.88	7.88	7.3056	
738	1	7.94	7.94	7.8764	
739	1	7.88	7.88	7.3056	
740	1	7.88	7.88	7.3856	
741	1	7.87	7.87	7.4931	
742	1	7.89	7.89	7.4579	
743	1	7.93	7.93	7.3051	
744	1	7.95	7.95	7.3075	
745	1	7.97	7.97	7.6291	
746	1	7.92	7.92	7.3336	
747	1	7.88	7.88	7.5256	
748	1	7.96	7.96	7.2784	
749	1	7.95	7.95	7.4275	
750	1	7.93	7.93	7.4851	
751	1	7.94	7.94	7.4364	
752	1	8.05	8.05	7.8275	
753	1	7.99	7.99	7.3499	
754	1	8.04	8.04	7.3984	
755	1	8.05	8.05	7.2475	
756	1	8.02	8.02	7.2796	
757	1	8	8	7.4	
758	1	8.03	8.03	7.3691	
759	1	8.09	8.09	7.3019	
760	1	8.06	8.06	7.2564	
761	1	8.09	8.09	7.4819	
762	1	8.05	8.05	7.3075	
763	1	8.12	8.12	7.2656	
764	1	8.09	8.09	7.3619	
765	1	8.14	8.14	7.4004	
766	1	8.18	8.18	7.4276	
767	1	8.21	8.21	7.5659	
768	1	8.23	8.23	7.7171	
769	1	8.18	8.18	7.4676	
770	1	8.19	8.19	7.5139	
771	1	8.14	8.14	7.7604	
772	1	8.17	8.17	7.6011	
773	1	8.18	8.18	7.7876	
774	1	8.31	8.31	7.8139	
775	1	8.26	8.26	7.6524	
776	1	8.24	8.24	7.3824	
777	1	8.35	8.35	7.9075	
778	1	8.37	8.37	8.0731	
779	1	8.3	8.3	7.77	
780	1	8.29	8.29	7.7659	
781	1	8.34	8.34	7.8844	
782	1	8.29	8.29	7.7659	
783	1	8.46	8.46	8.5884	
784	1	8.47	8.47	8.3691	
785	1	8.36	8.36	7.7504	
786	1	8.35	8.35	7.8675	
787	1	8.35	8.35	7.8475	
788	1	8.4	8.4	7.9	
789	1	8.43	8.43	8.0851	
790	1	8.43	8.43	8.0451	
791	1	8.45	8.45	8.4075	
792	1	8.45	8.45	8.3675	
793	1	8.43	8.43	8.4251	
794	1	8.41	8.41	8.6419	
795	1	8.52	8.52	8.6496	
796	1	8.55	8.55	8.7075	
797	1	8.48	8.48	8.4296	
798	1	8.58	8.58	8.9236	
799	1	8.47	8.47	8.5491	
800	1	8.48	8.48	8.5496	
801	1	8.49	8.49	8.7299	
802	1	8.55	8.55	8.3675	
803	1	8.66	8.66	9.0244	
804	1	8.57	8.57	8.3451	
805	1	8.55	8.55	8.5075	
806	1	8.52	8.52	8.6496	
807	1	8.52	8.52	8.6896	
808	1	8.66	8.66	8.9444	
809	1	8.57	8.57	8.5851	
810	1	8.73	8.73	9.3371	
811	1	8.65	8.65	8.7275	
812	1	8.55	8.55	8.6875	
813	1	8.59	8.59	8.5619	
814	1	8.59	8.59	8.6019	
815	1	8.64	8.64	8.7904	
816	1	8.57	8.57	8.6251	
817	1	8.77	8.77	9.2371	
818	1	8.67	8.67	8.5411	
819	1	8.61	8.61	8.6979	
820	1	8.63	8.63	8.6331	
821	1	8.67	8.67	8.8011	
822	1	8.75	8.75	8.6475	
823	1	8.75	8.75	8.7475	
824	1	8.65	8.65	9.0475	
825	1	8.75	8.75	8.6875	
826	1	8.79	8.79	8.7259	
827	1	8.81	8.81	8.7539	
828	1	8.76	8.76	8.9224	
829	1	8.87	8.87	9.5731	
830	1	8.77	8.77	8.9371	
831	1	8.9	8.9	9.29	
832	1	8.8	8.8	8.86	
833	1	8.76	8.76	9.0824	
834	1	8.93	8.93	9.3451	
835	1	8.89	8.89	9.1179	
836	1	8.96	8.96	9.2184	
837	1	8.88	8.88	8.9856	
838	1	8.9	8.9	9.07	
839	1	8.91	8.91	9.0619	
840	1	8.93	8.93	9.0451	
841	1	8.95	8.95	9.1475	
842	1	8.89	8.89	9.1179	
843	1	8.9	8.9	9.09	
844	1	8.9	8.9	9.15	
845	1	8.98	8.98	9.2796	
846	1	8.97	8.97	9.1891	
847	1	8.98	8.98	8.9996	
848	1	8.99	8.99	9.1299	
849	1	8.94	8.94	9.1564	
850	1	8.96	8.96	9.0584	
851	1	8.98	8.98	8.9996	
852	1	8.96	8.96	9.0584	
853	1	9.04	9.04	9.0584	
854	1	9.01	9.01	8.9899	
855	1	8.99	8.99	9.1299	
856	1	9.01	9.01	9.2099	
857	1	9.05	9.05	9.0875	
858	1	9.03	9.03	9.3891	
859	1	9.15	9.15	9.4275	
860	1	9.1	9.1	9.07	
861	1	9.13	9.13	9.1731	
862	1	9.11	9.11	9.2179	
863	1	9.16	9.16	9.1344	
864	1	9.23	9.23	9.3171	
865	1	9.25	9.25	9.2675	
866	1	9.19	9.19	9.3139	
867	1	9.27	9.27	9.3171	
868	1	9.24	9.24	9.1224	
869	1	9.23	9.23	9.2171	
870	1	9.27	9.27	9.0771	
871	1	9.25	9.25	9.1675	
872	1	9.36	9.36	9.3304	
873	1	9.35	9.35	9.4875	
874	1	9.35	9.35	9.3675	
875	1	9.32	9.32	9.2376	
876	1	9.4	9.4	9.78	
877	1	9.41	9.41	9.9019	
878	1	9.41	9.41	9.7019	
879	1	9.32	9.32	9.6776	
880	1	9.4	9.4	9.6	
881	1	9.38	9.38	9.6156	
882	1	9.36	9.36	9.7104	
883	1	9.46	9.46	9.7484	
884	1	9.51	9.51	9.9899	
885	1	9.37	9.37	9.8131	
886	1	9.41	9.41	9.6019	
887	1	9.49	9.49	10.1899	
888	1	9.46	9.46	9.9284	
889	1	9.45	9.45	9.6475	
890	1	9.45	9.45	9.6675	
891	1	9.5	9.5	9.71	
892	1	9.5	9.5	9.85	
893	1	9.49	9.49	9.5899	
894	1	9.51	9.51	10.4699	
895	1	9.53	9.53	9.6691	
896	1	9.51	9.51	9.6899	
897	1	9.52	9.52	9.6696	
898	1	9.56	9.56	9.7664	
899	1	9.53	9.53	9.7291	
900	1	9.59	9.59	9.8019	
901	1	9.61	9.61	9.5779	
902	1	9.62	9.62	9.6356	
903	1	9.68	9.68	10.0776	
904	1	9.59	9.59	9.6019	
905	1	9.54	9.54	9.8684	
906	1	9.67	9.67	10.1011	
907	1	9.6	9.6	9.52	
908	1	9.71	9.71	9.8859	
909	1	9.71	9.71	9.8259	
910	1	9.66	9.66	9.4644	
911	1	9.75	9.75	10.0875	
912	1	9.62	9.62	9.4356	
913	1	9.68	9.68	9.4376	
914	1	9.69	9.69	9.9539	
915	1	9.7	9.7	9.57	
916	1	9.7	9.7	9.57	
917	1	9.71	9.71	9.4459	
918	1	9.71	9.71	9.5259	
919	1	9.75	9.75	9.4675	
920	1	9.77	9.77	9.7771	
921	1	9.76	9.76	9.6824	
922	1	9.75	9.75	9.5075	
923	1	9.79	9.79	9.4459	
924	1	9.85	9.85	9.8475	
925	1	9.76	9.76	9.4224	
926	1	9.84	9.84	9.9144	
927	1	9.84	9.84	9.6144	
928	1	9.79	9.79	9.3459	
929	1	9.85	9.85	9.5875	
930	1	9.84	9.84	9.4144	
931	1	9.83	9.83	9.6611	
932	1	9.89	9.89	9.6179	
933	1	9.81	9.81	9.6539	
934	1	9.96	9.96	9.8384	
935	1	9.84	9.84	9.4944	
936	1	9.92	9.92	9.6536	
937	1	9.92	9.92	9.4536	
938	1	9.91	9.91	9.5419	
939	1	9.95	9.95	9.4875	
940	1	9.88	9.88	9.7656	
941	1	9.97	9.97	9.8891	
942	1	9.88	9.88	9.8456	
943	1	9.96	9.96	9.7984	
944	1	9.89	9.89	9.7179	
945	1	9.93	9.93	9.6251	
946	1	10.02	10.02	9.7996	
947	1	10.1	10.1	10.55	
948	1	10.02	10.02	9.7396	
949	1	9.97	9.97	9.9891	
950	1	10.04	10.04	9.8984	
951	1	9.98	9.98	10.0396	
952	1	10.01	10.01	9.9299	
953	1	10.05	10.05	9.9275	
954	1	10.09	10.09	9.8419	
955	1	10.06	10.06	9.9564	
956	1	10.03	10.03	10.0291	
957	1	10.22	10.22	10.7916	
958	1	10.13	10.13	9.8731	
959	1	10.16	10.16	10.3744	
960	1	10.08	10.08	9.9336	
961	1	10.09	10.09	9.8819	
962	1	10.1	10.1	9.93	
963	1	10.16	10.16	10.2144	
964	1	10.09	10.09	9.9219	
965	1	10.15	10.15	10.5675	
966	1	10.19	10.19	10.0139	
967	1	10.13	10.13	10.0331	
968	1	10.19	10.19	10.2739	
969	1	10.17	10.17	9.7611	
970	1	10.25	10.25	9.9875	
971	1	10.2	10.2	9.88	
972	1	10.18	10.18	9.9276	
973	1	10.2	10.2	10.08	
974	1	10.25	10.25	10.2475	
975	1	10.17	10.17	10.3611	
976	1	10.19	10.19	10.0339	
977	1	10.21	10.21	9.9859	
978	1	10.28	10.28	10.0416	
979	1	10.23	10.23	10.0171	
980	1	10.23	10.23	10.1171	
981	1	10.14	10.14	10.3804	
982	1	10.26	10.26	9.9924	
983	1	10.32	10.32	10.3976	
984	1	10.23	10.23	9.9771	
985	1	10.28	10.28	10.3616	
986	1	10.24	10.24	9.9624	
987	1	10.3	10.3	9.93	
988	1	10.2	10.2	10.14	
989	1	10.29	10.29	10.0459	
990	1	10.23	10.23	9.9971	
991	1	10.24	10.24	9.9224	
992	1	10.36	10.36	10.2504	
993	1	10.33	10.33	9.9411	
994	1	10.32	10.32	9.8376	
995	1	10.28	10.28	9.8416	
996	1	10.25	10.25	9.9475	
997	1	10.41	10.41	10.5019	
998	1	10.39	10.39	9.9579	
999	1	10.43	10.43	10.2451	
1000	1	10.45	10.45	9.8875	
1001	1	10.47	10.47	10.1091	
1002	1	10.4	10.4	9.72	
1003	1	10.46	10.46	9.7484	
1004	1	10.45	10.45	9.6475	
1005	1	10.42	10.42	9.7436	
1006	1	10.41	10.41	9.8019	
1007	1	10.48	10.48	9.9496	
1008	1	10.43	10.43	9.9651	
1009	1	10.46	10.46	9.9284	
1010	1	10.5	10.5	10.13	
1011	1	10.43	10.43	10.2251	
1012	1	10.45	10.45	10.2075	
1013	1	10.6	10.6	10.52	
1014	1	10.49	10.49	10.0899	
1015	1	10.48	10.48	10.1896	
1016	1	10.68	10.68	10.9576	
1017	1	10.5	10.5	10.09	
1018	1	10.6	10.6	10.28	
1019	1	10.58	10.58	10.1436	
1020	1	10.62	10.62	10.3356	
1021	1	10.55	10.55	10.1275	
1022	1	10.54	10.54	10.1684	
1023	1	10.7	10.7	10.83	
1024	1	10.6	10.6	10.14	
1025	1	10.56	10.56	10.4664	
1026	1	10.72	10.72	10.6416	
1027	1	10.68	10.68	10.7776	
1028	1	10.64	10.64	10.1504	
1029	1	10.69	10.69	10.3939	
1030	1	10.7	10.7	10.39	
1031	1	10.71	10.71	10.6059	
1032	1	10.66	10.66	10.0444	
1033	1	10.71	10.71	10.2859	
1034	1	10.71	10.71	10.4259	
1035	1	10.62	10.62	10.5156	
1036	1	10.77	10.77	10.4571	
1037	1	10.7	10.7	10.55	
1038	1	10.69	10.69	10.7139	
1039	1	10.73	10.73	10.4971	
1040	1	10.81	10.81	10.4939	
1041	1	10.75	10.75	10.5275	
1042	1	10.88	10.88	11.1256	
1043	1	10.73	10.73	10.7971	
1044	1	10.79	10.79	10.5859	
1045	1	10.83	10.83	10.6411	
1046	1	10.78	10.78	11.0116	
1047	1	10.85	10.85	10.6275	
1048	1	10.8	10.8	10.7	
1049	1	10.85	10.85	10.5875	
1050	1	10.87	10.87	10.6531	
1051	1	10.86	10.86	10.7004	
1052	1	10.94	10.94	11.0164	
1053	1	10.86	10.86	10.7604	
1054	1	10.9	10.9	10.69	
1055	1	10.91	10.91	10.6019	
1056	1	10.87	10.87	10.7531	
1057	1	10.87	10.87	10.8331	
1058	1	10.97	10.97	10.8491	
1059	1	11.03	11.03	11.1291	
1060	1	10.89	10.89	10.7779	
1061	1	10.98	10.98	10.7396	
1062	1	10.91	10.91	10.7819	
1063	1	10.91	10.91	10.7819	
1064	1	10.96	10.96	10.9584	
1065	1	10.96	10.96	10.7584	
1066	1	10.95	10.95	10.8475	
1067	1	10.98	10.98	10.7796	
1068	1	11.07	11.07	11.2251	
1069	1	11.06	11.06	11.2764	
1070	1	10.94	10.94	11.4364	
1071	1	11.05	11.05	10.9475	
1072	1	11.1	11.1	11.09	
1073	1	11.05	11.05	10.8475	
1074	1	11.02	11.02	11.1996	
1075	1	11.03	11.03	11.2091	
1076	1	11.11	11.11	10.9379	
1077	1	11.14	11.14	10.8004	
1078	1	11.1	11.1	10.97	
1079	1	11.12	11.12	10.9256	
1080	1	11.15	11.15	11.2075	
1081	1	11.11	11.11	10.9779	
1082	1	11.16	11.16	10.8944	
1083	1	11.14	11.14	11.0004	
1084	1	11.21	11.21	11.4659	
1085	1	11.14	11.14	10.9204	
1086	1	11.17	11.17	10.8611	
1087	1	11.37	11.37	11.9531	
1088	1	11.15	11.15	11.0675	
1089	1	11.3	11.3	11.07	
1090	1	11.2	11.2	11.02	
1091	1	11.31	11.31	11.2939	
1092	1	11.24	11.24	10.8624	
1093	1	11.19	11.19	11.0339	
1094	1	11.24	11.24	10.7624	
1095	1	11.34	11.34	11.0844	
1096	1	11.24	11.24	11.0224	
1097	1	11.31	11.31	10.6139	
1098	1	11.24	11.24	10.9024	
1099	1	11.33	11.33	10.9211	
1100	1	11.32	11.32	10.8376	
1101	1	11.28	11.28	11.2216	
1102	1	11.37	11.37	10.9731	
1103	1	11.37	11.37	10.9331	
1104	1	11.44	11.44	11.2064	
1105	1	11.47	11.47	11.2291	
1106	1	11.38	11.38	11.3756	
1107	1	11.4	11.4	11.24	
1108	1	11.52	11.52	11.4496	
1109	1	11.5	11.5	11.25	
1110	1	11.44	11.44	11.0464	
1111	1	11.43	11.43	11.2851	
1112	1	11.48	11.48	10.9496	
1113	1	11.51	11.51	10.9099	
1114	1	11.5	11.5	11.15	
1115	1	11.56	11.56	11.1264	
1116	1	11.5	11.5	11.23	
1117	1	11.53	11.53	11.1091	
1118	1	11.57	11.57	11.1851	
1119	1	11.52	11.52	11.2896	
1120	1	11.72	11.72	12.4416	
1121	1	11.67	11.67	11.7211	
1122	1	11.64	11.64	11.6304	
1123	1	11.69	11.69	11.4739	
1124	1	11.68	11.68	11.3576	
1125	1	11.67	11.67	11.4011	
1126	1	11.68	11.68	11.4976	
1127	1	11.71	11.71	11.2859	
1128	1	11.75	11.75	11.3875	
1129	1	11.7	11.7	11.35	
1130	1	11.77	11.77	11.7371	
1131	1	11.74	11.74	11.9324	
1132	1	11.78	11.78	11.7716	
1133	1	11.7	11.7	11.81	
1134	1	11.76	11.76	11.8824	
1135	1	11.72	11.72	12.2016	
1136	1	11.85	11.85	12.0475	
1137	1	11.89	11.89	12.3179	
1138	1	11.88	11.88	12.3256	
1139	1	11.78	11.78	12.0916	
1140	1	11.84	11.84	12.0544	
1141	1	11.95	11.95	12.3075	
1142	1	11.84	11.84	11.9544	
1143	1	11.85	11.85	11.9475	
1144	1	11.88	11.88	11.9256	
1145	1	11.97	11.97	11.9491	
1146	1	11.92	11.92	11.8936	
1147	1	11.95	11.95	12.2075	
1148	1	11.93	11.93	11.8851	
1149	1	12.06	12.06	13.0164	
1150	1	12.03	12.03	12.3891	
1151	1	11.98	11.98	11.9396	
1152	1	11.99	11.99	11.9499	
1153	1	11.95	11.95	12.0275	
1154	1	12.08	12.08	13.0136	
1155	1	11.94	11.94	12.0764	
1156	1	12.02	12.02	11.8196	
1157	1	11.98	11.98	12.0796	
1158	1	12.08	12.08	12.2136	
1159	1	12.09	12.09	11.8819	
1160	1	12.13	12.13	12.0531	
1161	1	12.08	12.08	11.9136	
1162	1	12.1	12.1	12.01	
1163	1	12.12	12.12	12.0656	
1164	1	12.15	12.15	12.1675	
1165	1	12.08	12.08	12.4536	
1166	1	12.18	12.18	12.9076	
1167	1	12.13	12.13	12.3331	
1168	1	12.19	12.19	12.1739	
1169	1	12.35	12.35	12.7675	
1170	1	12.22	12.22	12.3316	
1171	1	12.3	12.3	12.33	
1172	1	12.22	12.22	12.3516	
1173	1	12.22	12.22	12.3716	
1174	1	12.33	12.33	12.6011	
1175	1	12.35	12.35	13.0675	
1176	1	12.33	12.33	12.7211	
1177	1	12.24	12.24	12.3624	
1178	1	12.29	12.29	12.1459	
1179	1	12.26	12.26	12.2724	
1180	1	12.3	12.3	12.61	
1181	1	12.23	12.23	12.6571	
1182	1	12.29	12.29	12.2659	
1183	1	12.31	12.31	12.0939	
1184	1	12.3	12.3	12.29	
1185	1	12.41	12.41	12.5419	
1186	1	12.33	12.33	12.1211	
1187	1	12.33	12.33	12.1411	
1188	1	12.34	12.34	12.3044	
1189	1	12.32	12.32	12.1776	
1190	1	12.45	12.45	12.4475	
1191	1	12.46	12.46	12.1684	
1192	1	12.43	12.43	11.9851	
1193	1	12.45	12.45	12.1675	
1194	1	12.47	12.47	12.3491	
1195	1	12.46	12.46	12.1884	
1196	1	12.47	12.47	12.0491	
1197	1	12.49	12.49	12.4299	
1198	1	12.51	12.51	12.5099	
1199	1	12.55	12.55	12.4875	
1200	1	12.5	12.5	12.11	
1201	1	12.5	12.5	12.19	
1202	1	12.55	12.55	12.4275	
1203	1	12.67	12.67	13.0011	
1204	1	12.49	12.49	12.1499	
1205	1	12.62	12.62	12.6956	
1206	1	12.49	12.49	12.1499	
1207	1	12.56	12.56	12.0864	
1208	1	12.63	12.63	12.3331	
1209	1	12.53	12.53	12.1291	
1210	1	12.52	12.52	12.1496	
1211	1	12.57	12.57	12.2851	
1212	1	12.59	12.59	12.0419	
1213	1	12.59	12.59	11.9419	
1214	1	12.58	12.58	12.8036	
1215	1	12.57	12.57	12.1451	
1216	1	12.7	12.7	12.29	
1217	1	12.61	12.61	12.0179	
1218	1	12.59	12.59	12.1819	
1219	1	12.62	12.62	12.0556	
1220	1	12.63	12.63	12.0331	
1221	1	12.58	12.58	12.2236	
1222	1	12.72	12.72	12.4016	
1223	1	12.67	12.67	12.1011	
1224	1	12.68	12.68	12.4776	
1225	1	12.7	12.7	11.99	
1226	1	12.68	12.68	12.1576	
1227	1	12.77	12.77	12.6371	
1228	1	12.83	12.83	13.2211	
1229	1	12.78	12.78	12.7716	
1230	1	12.81	12.81	12.4939	
1231	1	12.73	12.73	12.1171	
1232	1	12.76	12.76	12.1824	
1233	1	12.77	12.77	12.0171	
1234	1	12.77	12.77	12.2171	
1235	1	12.73	12.73	12.4771	
1236	1	12.8	12.8	12.26	
1237	1	12.8	12.8	12.14	
1238	1	12.82	12.82	12.0676	
1239	1	12.8	12.8	12.16	
1240	1	12.85	12.85	12.3675	
1241	1	12.82	12.82	12.6076	
1242	1	12.9	12.9	12.61	
1243	1	12.8	12.8	12.46	
1244	1	12.81	12.81	12.6739	
1245	1	12.91	12.91	12.7819	
1246	1	12.87	12.87	12.9131	
1247	1	12.91	12.91	12.4019	
1248	1	12.83	12.83	12.4611	
1249	1	12.91	12.91	12.6419	
1250	1	12.85	12.85	12.7475	
1251	1	12.92	12.92	12.7336	
1252	1	12.94	12.94	12.4164	
1253	1	12.96	12.96	13.2784	
1254	1	12.9	12.9	12.49	
1255	1	12.89	12.89	12.5579	
1256	1	12.87	12.87	12.6331	
1257	1	12.87	12.87	12.6931	
1258	1	13.07	13.07	12.9251	
1259	1	12.96	12.96	12.2384	
1260	1	13.09	13.09	12.8219	
1261	1	12.92	12.92	12.4936	
1262	1	12.97	12.97	12.5291	
1263	1	13.02	13.02	12.3596	
1264	1	13.02	13.02	12.3596	
1265	1	13.1	13.1	12.77	
1266	1	13.04	13.04	12.3984	
1267	1	13.05	13.05	12.2475	
1268	1	13.08	13.08	12.1936	
1269	1	13.04	13.04	12.3184	
1270	1	13.12	13.12	12.3856	
1271	1	13.13	13.13	12.1531	
1272	1	13.12	13.12	12.0656	
1273	1	13.09	13.09	12.4419	
1274	1	13.15	13.15	11.9475	
1275	1	13.19	13.19	12.2539	
1276	1	13.27	13.27	13.0371	
1277	1	13.23	13.23	12.1771	
1278	1	13.27	13.27	12.0971	
1279	1	13.27	13.27	12.4971	
1280	1	13.26	13.26	12.3524	
1281	1	13.25	13.25	12.6275	
1282	1	13.32	13.32	12.4176	
1283	1	13.28	13.28	12.1616	
1284	1	13.26	13.26	12.2324	
1285	1	13.27	13.27	12.1971	
1286	1	13.28	13.28	12.1616	
1287	1	13.32	13.32	12.2376	
1288	1	13.36	13.36	12.6104	
1289	1	13.26	13.26	12.4924	
1290	1	13.4	13.4	12.62	
1291	1	13.48	13.48	12.7696	
1292	1	13.35	13.35	12.3475	
1293	1	13.37	13.37	12.3931	
1294	1	13.4	13.4	12.58	
1295	1	13.34	13.34	12.7244	
1296	1	13.41	13.41	12.4419	
1297	1	13.51	13.51	13.0299	
1298	1	13.42	13.42	12.4836	
1299	1	13.62	13.62	13.2556	
1300	1	13.48	13.48	12.4896	
1301	1	13.41	13.41	12.7619	
1302	1	13.46	13.46	12.5484	
1303	1	13.43	13.43	12.7851	
1304	1	13.41	13.41	12.9619	
1305	1	13.52	13.52	12.5296	
1306	1	13.6	13.6	13.06	
1307	1	13.5	13.5	12.61	
1308	1	13.56	13.56	13.1064	
1309	1	13.48	13.48	12.8896	
1310	1	13.49	13.49	13.2099	
1311	1	13.56	13.56	12.8864	
1312	1	13.45	13.45	13.3675	
1313	1	13.6	13.6	12.64	
1314	1	13.57	13.57	12.8651	
1315	1	13.6	13.6	12.78	
1316	1	13.71	13.71	13.2059	
1317	1	13.73	13.73	13.2571	
1318	1	13.67	13.67	12.8011	
1319	1	13.74	13.74	13.2724	
1320	1	13.68	13.68	12.8976	
1321	1	13.57	13.57	13.2451	
1322	1	13.75	13.75	13.3875	
1323	1	13.75	13.75	13.0475	
1324	1	13.63	13.63	12.9731	
1325	1	13.68	13.68	12.7776	
1326	1	13.65	13.65	12.9675	
1327	1	13.75	13.75	12.6875	
1328	1	13.86	13.86	13.3404	
1329	1	13.76	13.76	12.9224	
1330	1	13.81	13.81	12.7539	
1331	1	13.78	13.78	12.7116	
1332	1	13.87	13.87	13.7531	
1333	1	13.86	13.86	13.0204	
1334	1	13.88	13.88	13.8056	
1335	1	13.81	13.81	13.1539	
1336	1	13.82	13.82	13.4676	
1337	1	13.84	13.84	13.0944	
1338	1	13.95	13.95	12.9675	
1339	1	13.84	13.84	13.4744	
1340	1	14.01	14.01	13.6699	
1341	1	13.93	13.93	13.2451	
1342	1	13.86	13.86	13.1404	
1343	1	13.93	13.93	13.0051	
1344	1	13.94	13.94	13.0164	
1345	1	13.93	13.93	13.0251	
1346	1	14.04	14.04	13.4384	
1347	1	13.96	13.96	13.6984	
1348	1	14.02	14.02	13.2796	
1349	1	14.08	14.08	13.2736	
1350	1	14.08	14.08	13.4336	
1351	1	14.13	14.13	13.6331	
1352	1	14.18	14.18	13.7676	
1353	1	14.13	14.13	13.2531	
1354	1	14.08	14.08	13.1736	
1355	1	14.11	14.11	13.0179	
1356	1	14.12	14.12	12.9656	
1357	1	14.04	14.04	13.1984	
1358	1	14.09	14.09	12.9419	
1359	1	14.16	14.16	12.7744	
1360	1	14.18	14.18	13.2076	
1361	1	14.16	14.16	12.7144	
1362	1	14.17	14.17	12.7611	
1363	1	14.15	14.15	12.7275	
1364	1	14.12	14.12	12.8656	
1365	1	14.14	14.14	12.9204	
1366	1	14.23	14.23	13.2771	
1367	1	14.26	14.26	12.9124	
1368	1	14.33	14.33	13.4211	
1369	1	14.28	14.28	13.3216	
1370	1	14.29	14.29	13.4659	
1371	1	14.25	14.25	13.0075	
1372	1	14.27	14.27	13.0971	
1373	1	14.24	14.24	12.8424	
1374	1	14.34	14.34	12.7644	
1375	1	14.28	14.28	12.6416	
1376	1	14.26	14.26	12.6924	
1377	1	14.29	14.29	12.8059	
1378	1	14.32	14.32	12.7176	
1379	1	14.31	14.31	12.7339	
1380	1	14.36	14.36	12.9104	
1381	1	14.37	14.37	12.7931	
1382	1	14.37	14.37	12.6931	
1383	1	14.35	14.35	12.5675	
1384	1	14.46	14.46	12.9684	
1385	1	14.38	14.38	12.5756	
1386	1	14.39	14.39	12.4579	
1387	1	14.38	14.38	12.4556	
1388	1	14.42	14.42	12.6636	
1389	1	14.38	14.38	12.8156	
1390	1	14.38	14.38	12.8556	
1391	1	14.47	14.47	12.5291	
1392	1	14.5	14.5	12.67	
1393	1	14.42	14.42	12.7836	
1394	1	14.55	14.55	13.3275	
1395	1	14.49	14.49	12.8499	
1396	1	14.53	14.53	13.1291	
1397	1	14.52	14.52	13.0496	
1398	1	14.56	14.56	13.2064	
1399	1	14.52	14.52	12.9496	
1400	1	14.57	14.57	13.1651	
1401	1	14.54	14.54	12.9284	
1402	1	14.55	14.55	13.0675	
1403	1	14.67	14.67	13.8811	
1404	1	14.54	14.54	12.9284	
1405	1	14.55	14.55	12.9675	
1406	1	14.57	14.57	13.3051	
1407	1	14.51	14.51	13.0099	
1408	1	14.52	14.52	13.0096	
1409	1	14.49	14.49	13.0899	
1410	1	14.51	14.51	13.0499	
1411	1	14.63	14.63	13.3931	
1412	1	14.6	14.6	13.14	
1413	1	14.6	14.6	13.14	
1414	1	14.66	14.66	13.3044	
1415	1	14.75	14.75	14.2875	
1416	1	14.56	14.56	12.9064	
1417	1	14.64	14.64	13.2504	
1418	1	14.58	14.58	12.9036	
1419	1	14.58	14.58	12.8236	
1420	1	14.65	14.65	13.0875	
1421	1	14.57	14.57	12.8651	
1422	1	14.6	14.6	12.8	
1423	1	14.67	14.67	12.9011	
1424	1	14.68	14.68	13.5376	
1425	1	14.62	14.62	13.1356	
1426	1	14.73	14.73	13.2971	
1427	1	14.71	14.71	13.5459	
1428	1	14.76	14.76	13.2424	
1429	1	14.78	14.78	13.1316	
1430	1	14.74	14.74	13.0724	
1431	1	14.64	14.64	13.3304	
1432	1	14.78	14.78	13.0316	
1433	1	14.74	14.74	13.2924	
1434	1	14.82	14.82	13.0676	
1435	1	14.73	14.73	13.1171	
1436	1	14.78	14.78	13.1316	
1437	1	14.82	14.82	13.2076	
1438	1	14.85	14.85	13.3075	
1439	1	14.75	14.75	13.5875	
1440	1	14.82	14.82	13.3276	
1441	1	14.88	14.88	13.4456	
1442	1	14.93	14.93	14.1051	
1443	1	14.82	14.82	13.4476	
1444	1	14.88	14.88	13.4856	
1445	1	14.89	14.89	13.4779	
1446	1	14.89	14.89	14.1179	
1447	1	14.87	14.87	13.7731	
1448	1	14.88	14.88	13.5656	
1449	1	14.95	14.95	13.7675	
1450	1	14.91	14.91	13.5819	
1451	1	14.93	14.93	13.4651	
1452	1	14.91	14.91	13.3019	
1453	1	15	15	13.2	
1454	1	15.04	15.04	13.5184	
1455	1	15.03	15.03	13.3291	
1456	1	14.94	14.94	13.1764	
1457	1	15	15	13.24	
1458	1	15.07	15.07	13.7651	
1459	1	14.98	14.98	13.4996	
1460	1	15	15	13.4	
1461	1	15.01	15.01	13.3699	
1462	1	15.06	15.06	14.1364	
1463	1	15.09	15.09	13.5419	
1464	1	15.03	15.03	13.3491	
1465	1	15.08	15.08	13.3336	
1466	1	15.11	15.11	13.3579	
1467	1	15.13	15.13	13.3131	
1468	1	15.13	15.13	13.5131	
1469	1	15.11	15.11	13.6179	
1470	1	15.13	15.13	13.8131	
1471	1	15.21	15.21	13.9859	
1472	1	15.2	15.2	13.86	
1473	1	15.17	15.17	13.9611	
1474	1	15.12	15.12	13.6656	
1475	1	15.11	15.11	13.6979	
1476	1	15.31	15.31	14.5539	
1477	1	15.14	15.14	13.7004	
1478	1	15.2	15.2	13.92	
1479	1	15.08	15.08	14.2936	
1480	1	15.23	15.23	13.9171	
1481	1	15.21	15.21	13.9059	
1482	1	15.2	15.2	13.74	
1483	1	15.23	15.23	13.7171	
1484	1	15.28	15.28	13.9016	
1485	1	15.24	15.24	13.8024	
1486	1	15.32	15.32	13.9576	
1487	1	15.32	15.32	14.5576	
1488	1	15.18	15.18	14.7476	
1489	1	15.37	15.37	14.1931	
1490	1	15.44	15.44	14.6264	
1491	1	15.33	15.33	14.0211	
1492	1	15.36	15.36	14.0304	
1493	1	15.33	15.33	14.0211	
1494	1	15.42	15.42	14.2836	
1495	1	15.39	15.39	14.8579	
1496	1	15.33	15.33	14.2411	
1497	1	15.44	15.44	14.4864	
1498	1	15.33	15.33	14.3211	
1499	1	15.28	15.28	14.9616	
1500	1	15.37	15.37	14.1531	
1501	1	15.5	15.5	14.53	
1502	1	15.46	15.46	14.2884	
1503	1	15.42	15.42	14.4836	
1504	1	15.45	15.45	14.3075	
1505	1	15.49	15.49	14.2299	
1506	1	15.48	15.48	14.3496	
1507	1	15.43	15.43	14.2851	
1508	1	15.55	15.55	14.6475	
1509	1	15.53	15.53	14.8091	
1510	1	15.46	15.46	14.4484	
1511	1	15.44	15.44	14.3064	
1512	1	15.55	15.55	14.7475	
1513	1	15.48	15.48	14.5896	
1514	1	15.54	15.54	14.6484	
1515	1	15.53	15.53	15.0891	
1516	1	15.57	15.57	15.0051	
1517	1	15.51	15.51	14.5699	
1518	1	15.64	15.64	14.8104	
1519	1	15.52	15.52	14.6496	
1520	1	15.64	15.64	14.3504	
1521	1	15.68	15.68	14.1976	
1522	1	15.6	15.6	14.4	
1523	1	15.6	15.6	14.28	
1524	1	15.64	15.64	14.3104	
1525	1	15.57	15.57	14.4451	
1526	1	15.59	15.59	14.8219	
1527	1	15.68	15.68	14.5576	
1528	1	15.76	15.76	15.1424	
1529	1	15.77	15.77	15.1171	
1530	1	15.68	15.68	14.6576	
1531	1	15.73	15.73	14.7171	
1532	1	15.73	15.73	14.9571	
1533	1	15.8	15.8	15.06	
1534	1	15.76	15.76	15.1424	
1535	1	15.78	15.78	15.0516	
1536	1	15.83	15.83	15.8211	
1537	1	15.84	15.84	15.7544	
1538	1	15.82	15.82	15.5076	
1539	1	15.88	15.88	16.3656	
1540	1	15.76	15.76	15.6024	
1541	1	15.75	15.75	15.6875	
1542	1	15.81	15.81	15.4139	
1543	1	15.83	15.83	15.4611	
1544	1	15.81	15.81	15.5339	
1545	1	15.97	15.97	16.2491	
1546	1	15.84	15.84	15.6544	
1547	1	15.95	15.95	15.9675	
1548	1	15.84	15.84	15.6144	
1549	1	15.91	15.91	15.4019	
1550	1	16.01	16.01	15.9699	
1551	1	16	16	15.72	
1552	1	15.98	15.98	16.1596	
1553	1	15.98	15.98	16.1396	
1554	1	15.97	15.97	15.7291	
1555	1	15.91	15.91	15.7619	
1556	1	15.95	15.95	15.6075	
1557	1	15.96	15.96	16.5784	
1558	1	16.12	16.12	16.4856	
1559	1	15.96	15.96	15.6184	
1560	1	15.98	15.98	15.5796	
1561	1	16.06	16.06	15.8164	
1562	1	16.08	16.08	15.6936	
1563	1	16.03	16.03	15.7091	
1564	1	16.06	16.06	15.5964	
1565	1	16.02	16.02	15.6796	
1566	1	16.13	16.13	15.7931	
1567	1	16.03	16.03	15.5291	
1568	1	16.24	16.24	16.4824	
1569	1	16.09	16.09	15.3619	
1570	1	16.05	16.05	15.4875	
1571	1	16.03	16.03	16.0691	
1572	1	16.15	16.15	15.8875	
1573	1	16.21	16.21	15.8659	
1574	1	16.08	16.08	15.7936	
1575	1	16.1	16.1	15.69	
1576	1	16.17	16.17	15.4211	
1577	1	16.15	16.15	15.5875	
1578	1	16.23	16.23	15.8971	
1579	1	16.14	16.14	15.6004	
1580	1	16.22	16.22	15.3716	
1581	1	16.17	16.17	15.7011	
1582	1	16.34	16.34	16.3044	
1583	1	16.21	16.21	15.5259	
1584	1	16.27	16.27	15.4971	
1585	1	16.38	16.38	16.2556	
1586	1	16.17	16.17	15.6411	
1587	1	16.3	16.3	16.05	
1588	1	16.29	16.29	15.3659	
1589	1	16.29	16.29	15.3459	
1590	1	16.34	16.34	15.1844	
1591	1	16.36	16.36	15.6304	
1592	1	16.28	16.28	15.1816	
1593	1	16.47	16.47	16.0891	
1594	1	16.35	16.35	15.0875	
1595	1	16.27	16.27	15.2971	
1596	1	16.32	16.32	15.3776	
1597	1	16.35	16.35	15.2875	
1598	1	16.36	16.36	15.4104	
1599	1	16.38	16.38	15.3556	
1600	1	16.33	16.33	15.8611	
1601	1	16.51	16.51	15.7699	
1602	1	16.48	16.48	15.3096	
1603	1	16.5	16.5	15.81	
1604	1	16.48	16.48	15.6896	
1605	1	16.48	16.48	15.4096	
1606	1	16.47	16.47	15.1491	
1607	1	16.57	16.57	15.5251	
1608	1	16.62	16.62	15.9156	
1609	1	16.54	16.54	15.8684	
1610	1	16.51	16.51	14.9899	
1611	1	16.46	16.46	15.2684	
1612	1	16.46	16.46	15.2684	
1613	1	16.54	16.54	15.1484	
1614	1	16.48	16.48	15.2896	
1615	1	16.45	16.45	15.5475	
1616	1	16.52	16.52	15.2296	
1617	1	16.59	16.59	15.2419	
1618	1	16.53	16.53	15.2291	
1619	1	16.7	16.7	16.27	
1620	1	16.6	16.6	16.08	
1621	1	16.49	16.49	15.8299	
1622	1	16.65	16.65	15.4475	
1623	1	16.56	16.56	15.5464	
1624	1	16.7	16.7	15.75	
1625	1	16.58	16.58	15.4836	
1626	1	16.69	16.69	16.4339	
1627	1	16.78	16.78	16.4916	
1628	1	16.61	16.61	15.7579	
1629	1	16.7	16.7	15.71	
1630	1	16.64	16.64	15.6704	
1631	1	16.64	16.64	16.0704	
1632	1	16.75	16.75	15.7275	
1633	1	16.71	16.71	15.5859	
1634	1	16.73	16.73	15.7171	
1635	1	16.69	16.69	15.4339	
1636	1	16.89	16.89	16.4379	
1637	1	16.89	16.89	16.2979	
1638	1	16.73	16.73	15.7371	
1639	1	16.76	16.76	15.5224	
1640	1	16.75	16.75	15.6675	
1641	1	16.84	16.84	16.1744	
1642	1	16.84	16.84	16.4344	
1643	1	16.85	16.85	16.4075	
1644	1	16.87	16.87	15.8931	
1645	1	16.96	16.96	16.4184	
1646	1	16.88	16.88	15.9456	
1647	1	16.89	16.89	15.9379	
1648	1	16.94	16.94	16.0164	
1649	1	16.95	16.95	15.9475	
1650	1	16.98	16.98	16.9796	
1651	1	16.92	16.92	15.9136	
1652	1	16.96	16.96	16.6184	
1653	1	16.95	16.95	15.9875	
1654	1	16.95	16.95	16.2675	
1655	1	16.97	16.97	16.2691	
1656	1	16.99	16.99	16.3499	
1657	1	17.05	17.05	16.9475	
1658	1	16.99	16.99	16.3099	
1659	1	16.97	16.97	16.5291	
1660	1	17.03	17.03	16.4691	
1661	1	16.95	16.95	16.5075	
1662	1	17.06	17.06	16.4764	
1663	1	16.95	16.95	16.4675	
1664	1	17.1	17.1	16.41	
1665	1	17.16	17.16	16.9144	
1666	1	17.11	17.11	16.5179	
1667	1	17.07	17.07	16.4251	
1668	1	17	17	16.98	
1669	1	17.01	17.01	16.6899	
1670	1	17.1	17.1	16.65	
1671	1	17.03	17.03	16.6491	
1672	1	17.11	17.11	16.7379	
1673	1	17.11	17.11	17.2379	
1674	1	17.03	17.03	17.3291	
1675	1	17.06	17.06	16.6364	
1676	1	17.12	17.12	16.8656	
1677	1	17.12	17.12	16.8056	
1678	1	17.11	17.11	16.8179	
1679	1	17.07	17.07	16.9851	
1680	1	17.19	17.19	17.9339	
1681	1	17.2	17.2	17.32	
1682	1	17.22	17.22	16.9916	
1683	1	17.24	17.24	16.9824	
1684	1	17.21	17.21	16.8059	
1685	1	17.2	17.2	17.02	
1686	1	17.31	17.31	17.3139	
1687	1	17.26	17.26	16.6524	
1688	1	17.28	17.28	16.6016	
1689	1	17.29	17.29	16.6059	
1690	1	17.24	17.24	16.9824	
1691	1	17.35	17.35	17.2875	
1692	1	17.39	17.39	16.7779	
1693	1	17.4	17.4	16.88	
1694	1	17.27	17.27	16.7771	
1695	1	17.26	17.26	16.9724	
1696	1	17.47	17.47	17.3491	
1697	1	17.38	17.38	16.7956	
1698	1	17.4	17.4	16.74	
1699	1	17.37	17.37	17.2131	
1700	1	17.45	17.45	16.9475	
1701	1	17.3	17.3	16.83	
1702	1	17.35	17.35	17.4675	
1703	1	17.45	17.45	17.1875	
1704	1	17.3	17.3	17.53	
1705	1	17.53	17.53	17.5891	
1706	1	17.44	17.44	17.3064	
1707	1	17.5	17.5	17.39	
1708	1	17.63	17.63	18.9331	
1709	1	17.38	17.38	18.0756	
1710	1	17.41	17.41	17.8819	
1711	1	17.51	17.51	17.9699	
1712	1	17.48	17.48	17.8296	
1713	1	17.63	17.63	17.7531	
1714	1	17.63	17.63	18.0131	
1715	1	17.67	17.67	17.8411	
1716	1	17.58	17.58	18.0436	
1717	1	17.51	17.51	17.8699	
1718	1	17.68	17.68	18.2376	
1719	1	17.52	17.52	17.7896	
1720	1	17.52	17.52	17.8696	
1721	1	17.58	17.58	17.5836	
1722	1	17.66	17.66	17.6844	
1723	1	17.66	17.66	17.4444	
1724	1	17.6	17.6	17.4	
1725	1	17.64	17.64	17.7104	
1726	1	17.67	17.67	18.3011	
1727	1	17.67	17.67	17.5811	
1728	1	17.62	17.62	17.6156	
1729	1	17.69	17.69	17.5539	
1730	1	17.73	17.73	17.5371	
1731	1	17.64	17.64	17.5504	
1732	1	17.82	17.82	18.2876	
1733	1	17.77	17.77	17.8371	
1734	1	17.79	17.79	17.9059	
1735	1	17.7	17.7	17.95	
1736	1	17.82	17.82	18.3676	
1737	1	17.75	17.75	18.1075	
1738	1	17.9	17.9	18.69	
1739	1	17.87	17.87	18.5331	
1740	1	17.73	17.73	18.4171	
1741	1	17.72	17.72	18.6216	
1742	1	17.86	17.86	18.1604	
1743	1	17.79	17.79	18.6459	
1744	1	17.9	17.9	18.25	
1745	1	18.04	18.04	19.7384	
1746	1	17.86	17.86	18.4804	
1747	1	17.9	17.9	18.93	
1748	1	17.94	17.94	19.3164	
1749	1	17.84	17.84	18.9144	
1750	1	17.95	17.95	19.0275	
1751	1	18.04	18.04	19.0984	
1752	1	18.01	18.01	18.9299	
1753	1	17.86	17.86	18.8604	
1754	1	17.92	17.92	18.7336	
1755	1	18	18	18.68	
1756	1	17.99	17.99	18.8899	
1757	1	18.01	18.01	18.6299	
1758	1	18.09	18.09	19.9219	
1759	1	18.2	18.2	19.7	
1760	1	17.95	17.95	18.8675	
1761	1	17.95	17.95	19.1075	
1762	1	18	18	19.08	
1763	1	18.12	18.12	19.1256	
1764	1	18.03	18.03	18.6691	
1765	1	18.09	18.09	18.6219	
1766	1	18.23	18.23	19.3171	
1767	1	18.08	18.08	19.1136	
1768	1	18.12	18.12	19.0456	
1769	1	18.15	18.15	18.9275	
1770	1	18.32	18.32	19.8976	
1771	1	18.2	18.2	19.28	
1772	1	18.26	18.26	20.1124	
1773	1	18.34	18.34	20.1244	
1774	1	18.33	18.33	20.5011	
1775	1	18.38	18.38	19.7956	
1776	1	18.31	18.31	19.2939	
1777	1	18.4	18.4	19.74	
1778	1	18.29	18.29	20.4459	
1779	1	18.25	18.25	19.5675	
1780	1	18.41	18.41	20.2219	
1781	1	18.28	18.28	19.7016	
1782	1	18.42	18.42	20.2436	
1783	1	18.32	18.32	19.5776	
1784	1	18.34	18.34	19.6444	
1785	1	18.41	18.41	20.1819	
1786	1	18.43	18.43	19.6251	
1787	1	18.36	18.36	19.8104	
1788	1	18.41	18.41	20.0019	
1789	1	18.35	18.35	19.9275	
1790	1	18.34	18.34	19.9044	
1791	1	18.47	18.47	19.7091	
1792	1	18.48	18.48	19.8096	
1793	1	18.43	18.43	19.7651	
1794	1	18.44	18.44	19.7264	
1795	1	18.41	18.41	20.3419	
1796	1	18.5	18.5	19.59	
1797	1	18.61	18.61	20.3579	
1798	1	18.57	18.57	19.9651	
1799	1	18.52	18.52	19.4496	
1800	1	18.46	18.46	19.6684	
1801	1	18.57	18.57	20.1451	
1802	1	18.52	18.52	19.6896	
1803	1	18.53	18.53	19.6291	
1804	1	18.59	18.59	20.3619	
1805	1	18.53	18.53	19.5691	
1806	1	18.54	18.54	19.5684	
1807	1	18.59	18.59	20.2219	
1808	1	18.5	18.5	19.79	
1809	1	18.73	18.73	20.6971	
1810	1	18.6	18.6	19.8	
1811	1	18.73	18.73	20.6571	
1812	1	18.69	18.69	19.9739	
1813	1	18.69	18.69	20.3339	
1814	1	18.66	18.66	20.3244	
1815	1	18.68	18.68	19.8976	
1816	1	18.57	18.57	20.2051	
1817	1	18.67	18.67	20.6811	
1818	1	18.66	18.66	20.1244	
1819	1	18.69	18.69	20.8339	
1820	1	18.73	18.73	19.8971	
1821	1	18.6	18.6	20.24	
1822	1	18.67	18.67	20.2811	
1823	1	18.73	18.73	19.7771	
1824	1	18.71	18.71	19.7659	
1825	1	18.68	18.68	19.7776	
1826	1	18.78	18.78	19.6316	
1827	1	18.77	18.77	19.8171	
1828	1	18.71	18.71	19.5459	
1829	1	18.75	18.75	19.6275	
1830	1	18.73	18.73	19.6971	
1831	1	18.68	18.68	20.1976	
1832	1	18.79	18.79	19.7459	
1833	1	18.9	18.9	20.81	
1834	1	18.71	18.71	19.9459	
1835	1	18.79	18.79	19.7259	
1836	1	18.91	18.91	20.2419	
1837	1	18.69	18.69	20.1939	
1838	1	18.81	18.81	19.8539	
1839	1	18.79	18.79	19.6459	
1840	1	18.83	18.83	19.6611	
1841	1	18.78	18.78	19.7116	
1842	1	18.8	18.8	19.84	
1843	1	18.77	18.77	19.7971	
1844	1	18.87	18.87	19.8331	
1845	1	18.93	18.93	20.2251	
1846	1	18.89	18.89	20.5179	
1847	1	18.93	18.93	20.0251	
1848	1	18.81	18.81	19.9739	
1849	1	18.83	18.83	20.0211	
1850	1	18.82	18.82	20.0476	
1851	1	19.01	19.01	20.3299	
1852	1	18.97	18.97	20.0491	
1853	1	18.87	18.87	19.8331	
1854	1	18.96	18.96	20.0984	
1855	1	18.89	18.89	19.9779	
1856	1	18.91	18.91	20.7019	
1857	1	18.89	18.89	20.4179	
1858	1	19.06	19.06	20.4164	
1859	1	19.04	19.04	20.7984	
1860	1	18.94	18.94	20.1964	
1861	1	19.12	19.12	20.8256	
1862	1	18.99	18.99	20.0299	
1863	1	19.19	19.19	21.5939	
1864	1	19.05	19.05	20.1475	
1865	1	18.97	18.97	20.3691	
1866	1	19.13	19.13	20.9931	
1867	1	19.11	19.11	20.4379	
1868	1	19.05	19.05	20.4475	
1869	1	19.09	19.09	20.2219	
1870	1	19.19	19.19	21.0339	
1871	1	19.08	19.08	20.4736	
1872	1	19.16	19.16	20.7744	
1873	1	19.13	19.13	20.9131	
1874	1	19.22	19.22	20.8516	
1875	1	19.16	19.16	20.9344	
1876	1	19.15	19.15	20.3675	
1877	1	19.06	19.06	20.6964	
1878	1	19.18	19.18	21.0676	
1879	1	19.19	19.19	20.4939	
1880	1	19.12	19.12	20.8456	
1881	1	19.24	19.24	20.8624	
1882	1	19.24	19.24	20.9624	
1883	1	19.22	19.22	21.9716	
1884	1	19.22	19.22	20.8116	
1885	1	19.21	19.21	21.1459	
1886	1	19.17	19.17	20.9411	
1887	1	19.21	19.21	20.8459	
1888	1	19.19	19.19	21.0939	
1889	1	19.11	19.11	22.1179	
1890	1	19.28	19.28	21.0416	
1891	1	19.35	19.35	21.6275	
1892	1	19.36	19.36	21.9504	
1893	1	19.28	19.28	21.1016	
1894	1	19.21	19.21	21.3659	
1895	1	19.22	19.22	21.2916	
1896	1	19.3	19.3	21.41	
1897	1	19.24	19.24	21.2024	
1898	1	19.29	19.29	21.2259	
1899	1	19.3	19.3	21.29	
1900	1	19.23	19.23	21.4171	
1901	1	19.34	19.34	21.0844	
1902	1	19.36	19.36	21.4504	
1903	1	19.29	19.29	21.7259	
1904	1	19.33	19.33	21.2211	
1905	1	19.24	19.24	21.7424	
1906	1	19.35	19.35	21.0675	
1907	1	19.32	19.32	21.1776	
1908	1	19.31	19.31	21.2539	
1909	1	19.41	19.41	22.1819	
1910	1	19.45	19.45	21.8675	
1911	1	19.42	19.42	21.0836	
1912	1	19.52	19.52	21.8896	
1913	1	19.5	19.5	21.63	
1914	1	19.46	19.46	21.8484	
1915	1	19.43	19.43	20.9451	
1916	1	19.35	19.35	21.1475	
1917	1	19.6	19.6	22.5	
1918	1	19.34	19.34	21.6044	
1919	1	19.39	19.39	21.1979	
1920	1	19.43	19.43	21.3251	
1921	1	19.43	19.43	20.9251	
1922	1	19.48	19.48	21.4096	
1923	1	19.54	19.54	20.9884	
1924	1	19.45	19.45	20.9075	
1925	1	19.5	19.5	20.79	
1926	1	19.59	19.59	21.2219	
1927	1	19.57	19.57	21.2051	
1928	1	19.53	19.53	21.0091	
1929	1	19.58	19.58	20.8036	
1930	1	19.57	19.57	21.1051	
1931	1	19.55	19.55	20.8875	
1932	1	19.51	19.51	21.0899	
1933	1	19.73	19.73	21.9771	
1934	1	19.7	19.7	21.27	
1935	1	19.6	19.6	20.86	
1936	1	19.64	19.64	20.8304	
1937	1	19.68	19.68	21.0176	
1938	1	19.62	19.62	21.7556	
1939	1	19.56	19.56	21.5864	
1940	1	19.54	19.54	21.6284	
1941	1	19.71	19.71	21.3059	
1942	1	19.73	19.73	21.3771	
1943	1	19.61	19.61	21.6779	
1944	1	19.81	19.81	22.0139	
1945	1	19.73	19.73	22.0171	
1946	1	19.64	19.64	21.2504	
1947	1	19.74	19.74	21.3924	
1948	1	19.78	19.78	21.4116	
1949	1	19.72	19.72	21.5216	
1950	1	19.76	19.76	21.2824	
1951	1	19.82	19.82	22.2676	
1952	1	19.82	19.82	21.5276	
1953	1	19.8	19.8	21.38	
1954	1	19.75	19.75	21.9275	
1955	1	19.84	19.84	22.0344	
1956	1	19.89	19.89	21.6779	
1957	1	19.78	19.78	21.9716	
1958	1	19.85	19.85	21.8275	
1959	1	19.98	19.98	22.7996	
1960	1	20.03	20.03	23.1891	
1961	1	20.06	20.06	23.4364	
1962	1	20.02	20.02	23.2996	
1963	1	19.84	19.84	23.1544	
1964	1	19.86	19.86	22.6604	
1965	1	20.05	20.05	22.7075	
1966	1	20	20	22.52	
1967	1	19.86	19.86	22.9604	
1968	1	20.04	20.04	23.0384	
1969	1	20.11	20.11	22.7779	
1970	1	20.06	20.06	22.2364	
1971	1	20.12	20.12	22.4256	
1972	1	20.12	20.12	22.5056	
1973	1	20	20	22.16	
1974	1	20.13	20.13	22.4931	
1975	1	20.01	20.01	22.1499	
1976	1	20.05	20.05	22.0275	
1977	1	20.04	20.04	22.2384	
1978	1	20.02	20.02	22.1196	
1979	1	20.11	20.11	22.0779	
1980	1	20.02	20.02	22.1796	
1981	1	20.08	20.08	22.1736	
1982	1	20.1	20.1	22.47	
1983	1	20.13	20.13	22.8131	
1984	1	20.08	20.08	22.2536	
1985	1	20.13	20.13	22.0531	
1986	1	20.23	20.23	23.4171	
1987	1	20.24	20.24	23.1224	
1988	1	20.2	20.2	22.58	
1989	1	20.2	20.2	22.98	
1990	1	20.17	20.17	22.8211	
1991	1	20.11	20.11	22.5979	
1992	1	20.22	20.22	22.5116	
1993	1	20.19	20.19	22.4739	
1994	1	20.19	20.19	22.4739	
1995	1	20.18	20.18	23.4276	
1996	1	20.24	20.24	22.5624	
1997	1	20.17	20.17	22.7211	
1998	1	20.14	20.14	22.8204	
1999	1	20.18	20.18	22.6876	
2000	1	20.23	20.23	22.8571	
