# mu = 0.1, s = 0, trials requested = 1, runtime = 0:00:01
# "Time"	"Actual trials"	"Mean mutation"	"Average mean mutation"	"Average mutation variance"
0	1	0	0	0	
1	1	0.03	0.03	0.0291	
2	1	0.02	0.02	0.0196	
3	1	0.04	0.04	0.0384	
4	1	0.05	0.05	0.0475	
5	1	0.06	0.06	0.0564	
6	1	0.06	0.06	0.0564	
7	1	0.06	0.06	0.0564	
8	1	0.06	0.06	0.0564	
9	1	0.06	0.06	0.0564	
10	1	0.06	0.06	0.0564	
11	1	0.07	0.07	0.0651	
12	1	0.07	0.07	0.0651	
13	1	0.08	0.08	0.0736	
14	1	0.08	0.08	0.0736	
15	1	0.08	0.08	0.0736	
16	1	0.1	0.1	0.09	
17	1	0.12	0.12	0.1056	
18	1	0.14	0.14	0.1204	
19	1	0.14	0.14	0.1204	
20	1	0.17	0.17	0.1411	
21	1	0.19	0.19	0.1739	
22	1	0.21	0.21	0.1859	
23	1	0.23	0.23	0.2171	
24	1	0.25	0.25	0.2475	
25	1	0.28	0.28	0.2616	
26	1	0.28	0.28	0.2616	
27	1	0.29	0.29	0.2659	
28	1	0.29	0.29	0.2659	
29	1	0.31	0.31	0.2939	
30	1	0.33	0.33	0.3211	
31	1	0.34	0.34	0.3244	
32	1	0.34	0.34	0.3244	
33	1	0.35	0.35	0.3275	
34	1	0.38	0.38	0.3356	
35	1	0.4	0.4	0.34	
36	1	0.43	0.43	0.3451	
37	1	0.43	0.43	0.3451	
38	1	0.43	0.43	0.3451	
39	1	0.45	0.45	0.3675	
40	1	0.47	0.47	0.4091	
41	1	0.49	0.49	0.4299	
42	1	0.49	0.49	0.4699	
43	1	0.49	0.49	0.4699	
44	1	0.54	0.54	0.5284	
45	1	0.52	0.52	0.4696	
46	1	0.53	0.53	0.4691	
47	1	0.54	0.54	0.4684	
48	1	0.57	0.57	0.4651	
49	1	0.62	0.62	0.6156	
50	1	0.61	0.61	0.5779	
51	1	0.62	0.62	0.5956	
52	1	0.62	0.62	0.5956	
53	1	0.65	0.65	0.6075	
54	1	0.66	0.66	0.6044	
55	1	0.68	0.68	0.5976	
56	1	0.71	0.71	0.6259	
57	1	0.71	0.71	0.6259	
58	1	0.72	0.72	0.6416	
59	1	0.7	0.7	0.63	
60	1	0.71	0.71	0.6259	
61	1	0.7	0.7	0.63	
62	1	0.73	0.73	0.6571	
63	1	0.74	0.74	0.6924	
64	1	0.75	0.75	0.6875	
65	1	0.78	0.78	0.6916	
66	1	0.77	0.77	0.6771	
67	1	0.77	0.77	0.7171	
68	1	0.77	0.77	0.7171	
69	1	0.78	0.78	0.7116	
70	1	0.82	0.82	0.7476	
71	1	0.82	0.82	0.7476	
72	1	0.85	0.85	0.7675	
73	1	0.85	0.85	0.7675	
74	1	0.86	0.86	0.7604	
75	1	0.86	0.86	0.7804	
76	1	0.87	0.87	0.7931	
77	1	0.9	0.9	0.79	
78	1	0.91	0.91	0.8219	
79	1	0.91	0.91	0.8219	
80	1	0.92	0.92	0.8136	
81	1	0.92	0.92	0.8136	
82	1	0.94	0.94	0.8164	
83	1	0.93	0.93	0.8451	
84	1	0.95	0.95	0.8675	
85	1	0.97	0.97	0.8691	
86	1	0.97	0.97	0.8691	
87	1	0.96	0.96	0.8784	
88	1	0.97	0.97	0.8691	
89	1	0.98	0.98	0.8796	
90	1	1	1	0.94	
91	1	1	1	0.94	
92	1	1.01	1.01	0.9299	
93	1	1.02	1.02	0.9596	
94	1	1.02	1.02	0.9596	
95	1	1.02	1.02	0.9596	
96	1	1.04	1.04	0.9584	
97	1	1.1	1.1	0.99	
98	1	1.1	1.1	1.01	
99	1	1.09	1.09	1.0219	
100	1	1.11	1.11	1.0179	
101	1	1.11	1.11	1.0179	
102	1	1.13	1.13	1.0331	
103	1	1.16	1.16	1.0744	
104	1	1.16	1.16	1.0744	
105	1	1.15	1.15	1.0675	
106	1	1.17	1.17	1.0811	
107	1	1.16	1.16	1.0744	
108	1	1.19	1.19	1.1539	
109	1	1.2	1.2	1.18	
110	1	1.19	1.19	1.1939	
111	1	1.24	1.24	1.2424	
112	1	1.21	1.21	1.1659	
113	1	1.22	1.22	1.1716	
114	1	1.23	1.23	1.2571	
115	1	1.24	1.24	1.2624	
116	1	1.26	1.26	1.2724	
117	1	1.28	1.28	1.3416	
118	1	1.26	1.26	1.3524	
119	1	1.31	1.31	1.3939	
120	1	1.3	1.3	1.41	
121	1	1.38	1.38	1.5356	
122	1	1.35	1.35	1.5075	
123	1	1.39	1.39	1.5579	
124	1	1.38	1.38	1.5156	
125	1	1.39	1.39	1.5179	
126	1	1.38	1.38	1.5156	
127	1	1.38	1.38	1.5156	
128	1	1.39	1.39	1.5379	
129	1	1.4	1.4	1.52	
130	1	1.41	1.41	1.5219	
131	1	1.42	1.42	1.5236	
132	1	1.41	1.41	1.5419	
133	1	1.46	1.46	1.5484	
134	1	1.49	1.49	1.6099	
135	1	1.47	1.47	1.5491	
136	1	1.49	1.49	1.5699	
137	1	1.52	1.52	1.6296	
138	1	1.55	1.55	1.6075	
139	1	1.56	1.56	1.5864	
140	1	1.59	1.59	1.5819	
141	1	1.61	1.61	1.6179	
142	1	1.63	1.63	1.6331	
143	1	1.6	1.6	1.64	
144	1	1.62	1.62	1.6156	
145	1	1.62	1.62	1.5956	
146	1	1.64	1.64	1.5704	
147	1	1.64	1.64	1.5704	
148	1	1.66	1.66	1.5644	
149	1	1.65	1.65	1.5675	
150	1	1.69	1.69	1.6539	
151	1	1.69	1.69	1.6539	
152	1	1.71	1.71	1.6859	
153	1	1.7	1.7	1.69	
154	1	1.75	1.75	1.7075	
155	1	1.71	1.71	1.6859	
156	1	1.74	1.74	1.7324	
157	1	1.73	1.73	1.7371	
158	1	1.74	1.74	1.7524	
159	1	1.77	1.77	1.7371	
160	1	1.75	1.75	1.7275	
161	1	1.78	1.78	1.7316	
162	1	1.77	1.77	1.7571	
163	1	1.79	1.79	1.7859	
164	1	1.77	1.77	1.8171	
165	1	1.77	1.77	1.8171	
166	1	1.8	1.8	1.78	
167	1	1.79	1.79	1.8259	
168	1	1.82	1.82	1.8676	
169	1	1.82	1.82	1.9476	
170	1	1.86	1.86	1.9204	
171	1	1.87	1.87	1.9531	
172	1	1.84	1.84	1.9144	
173	1	1.85	1.85	1.9875	
174	1	1.86	1.86	1.9604	
175	1	1.9	1.9	1.95	
176	1	1.93	1.93	2.0051	
177	1	1.93	1.93	2.0051	
178	1	1.94	1.94	2.0164	
179	1	1.93	1.93	2.0451	
180	1	1.95	1.95	2.0075	
181	1	1.98	1.98	2.0996	
182	1	1.94	1.94	2.0164	
183	1	1.97	1.97	1.9891	
184	1	2.01	2.01	2.0699	
185	1	2	2	2.04	
186	1	2.02	2.02	2.0596	
187	1	2.02	2.02	2.1596	
188	1	2.03	2.03	2.1491	
189	1	2.04	2.04	2.1384	
190	1	2.04	2.04	2.1784	
191	1	2.06	2.06	2.1964	
192	1	2.1	2.1	2.27	
193	1	2.08	2.08	2.1736	
194	1	2.07	2.07	2.2051	
195	1	2.08	2.08	2.1736	
196	1	2.1	2.1	2.13	
197	1	2.11	2.11	2.2979	
198	1	2.11	2.11	2.3379	
199	1	2.11	2.11	2.3379	
200	1	2.12	2.12	2.3056	
201	1	2.12	2.12	2.3056	
202	1	2.14	2.14	2.3004	
203	1	2.14	2.14	2.4004	
204	1	2.17	2.17	2.3211	
205	1	2.18	2.18	2.3276	
206	1	2.15	2.15	2.3475	
207	1	2.16	2.16	2.3944	
208	1	2.17	2.17	2.4011	
209	1	2.21	2.21	2.4059	
210	1	2.2	2.2	2.4	
211	1	2.18	2.18	2.4476	
212	1	2.2	2.2	2.38	
213	1	2.21	2.21	2.3659	
214	1	2.27	2.27	2.4571	
215	1	2.28	2.28	2.4616	
216	1	2.26	2.26	2.5124	
217	1	2.33	2.33	2.5611	
218	1	2.29	2.29	2.5059	
219	1	2.35	2.35	2.7075	
220	1	2.32	2.32	2.5176	
221	1	2.31	2.31	2.4939	
222	1	2.29	2.29	2.5059	
223	1	2.31	2.31	2.5339	
224	1	2.33	2.33	2.5411	
225	1	2.36	2.36	2.5504	
226	1	2.4	2.4	2.76	
227	1	2.35	2.35	2.6875	
228	1	2.38	2.38	2.6156	
229	1	2.42	2.42	2.6236	
230	1	2.46	2.46	2.6484	
231	1	2.43	2.43	2.6051	
232	1	2.46	2.46	2.6484	
233	1	2.46	2.46	2.6484	
234	1	2.47	2.47	2.6091	
235	1	2.51	2.51	2.6099	
236	1	2.48	2.48	2.6696	
237	1	2.52	2.52	2.6696	
238	1	2.56	2.56	2.6264	
239	1	2.55	2.55	2.6275	
240	1	2.58	2.58	2.5836	
241	1	2.58	2.58	2.5836	
242	1	2.61	2.61	2.6179	
243	1	2.58	2.58	2.6436	
244	1	2.61	2.61	2.6379	
245	1	2.63	2.63	2.6931	
246	1	2.61	2.61	2.6179	
247	1	2.62	2.62	2.6556	
248	1	2.66	2.66	2.7044	
249	1	2.67	2.67	2.7211	
250	1	2.66	2.66	2.7644	
251	1	2.68	2.68	2.7576	
252	1	2.7	2.7	2.73	
253	1	2.67	2.67	2.8011	
254	1	2.71	2.71	2.7459	
255	1	2.68	2.68	2.7576	
256	1	2.7	2.7	2.75	
257	1	2.78	2.78	2.8316	
258	1	2.78	2.78	2.8316	
259	1	2.74	2.74	2.8724	
260	1	2.75	2.75	2.8275	
261	1	2.78	2.78	2.7916	
262	1	2.8	2.8	2.8	
263	1	2.81	2.81	2.8339	
264	1	2.83	2.83	2.9211	
265	1	2.85	2.85	3.0475	
266	1	2.8	2.8	2.9	
267	1	2.83	2.83	3.0011	
268	1	2.82	2.82	3.0276	
269	1	2.85	2.85	3.0075	
270	1	2.84	2.84	3.0144	
271	1	2.88	2.88	3.0256	
272	1	2.94	2.94	3.1764	
273	1	2.89	2.89	3.1979	
274	1	2.95	2.95	3.1075	
275	1	2.94	2.94	3.1564	
276	1	2.98	2.98	3.2196	
277	1	2.99	2.99	3.1699	
278	1	3	3	3.12	
279	1	2.99	2.99	3.1499	
280	1	3.02	3.02	3.1196	
281	1	3.02	3.02	3.1196	
282	1	3.04	3.04	3.1184	
283	1	3.04	3.04	3.1184	
284	1	3.08	3.08	3.2336	
285	1	3.06	3.06	3.1964	
286	1	3.07	3.07	3.1651	
287	1	3.07	3.07	3.1651	
288	1	3.1	3.1	3.23	
289	1	3.1	3.1	3.23	
290	1	3.13	3.13	3.2531	
291	1	3.15	3.15	3.2475	
292	1	3.18	3.18	3.3476	
293	1	3.19	3.19	3.3939	
294	1	3.15	3.15	3.3275	
295	1	3.16	3.16	3.2944	
296	1	3.17	3.17	3.2811	
297	1	3.18	3.18	3.3676	
298	1	3.19	3.19	3.3339	
299	1	3.17	3.17	3.3811	
300	1	3.18	3.18	3.3476	
301	1	3.18	3.18	3.3476	
302	1	3.23	3.23	3.4771	
303	1	3.23	3.23	3.3171	
304	1	3.21	3.21	3.4059	
305	1	3.28	3.28	3.5216	
306	1	3.29	3.29	3.4459	
307	1	3.29	3.29	3.3859	
308	1	3.31	3.31	3.4339	
309	1	3.35	3.35	3.6075	
310	1	3.31	3.31	3.5139	
311	1	3.36	3.36	3.6304	
312	1	3.34	3.34	3.4844	
313	1	3.39	3.39	3.6379	
314	1	3.36	3.36	3.6104	
315	1	3.46	3.46	4.0284	
316	1	3.4	3.4	3.84	
317	1	3.45	3.45	3.9075	
318	1	3.47	3.47	4.0691	
319	1	3.36	3.36	3.8704	
320	1	3.37	3.37	3.8331	
321	1	3.37	3.37	3.8531	
322	1	3.4	3.4	3.8	
323	1	3.4	3.4	3.8	
324	1	3.43	3.43	3.8651	
325	1	3.39	3.39	3.8779	
326	1	3.41	3.41	3.8219	
327	1	3.43	3.43	3.8651	
328	1	3.45	3.45	3.8875	
329	1	3.51	3.51	3.9299	
330	1	3.55	3.55	3.8275	
331	1	3.57	3.57	3.9251	
332	1	3.6	3.6	4.02	
333	1	3.58	3.58	3.9836	
334	1	3.62	3.62	4.0956	
335	1	3.63	3.63	4.0531	
336	1	3.64	3.64	3.9304	
337	1	3.6	3.6	3.98	
338	1	3.66	3.66	4.0444	
339	1	3.61	3.61	4.0579	
340	1	3.69	3.69	4.1739	
341	1	3.65	3.65	4.0675	
342	1	3.64	3.64	4.1904	
343	1	3.67	3.67	4.1811	
344	1	3.64	3.64	4.1904	
345	1	3.68	3.68	4.1376	
346	1	3.73	3.73	4.4171	
347	1	3.73	3.73	4.4171	
348	1	3.81	3.81	4.4339	
349	1	3.79	3.79	4.4259	
350	1	3.79	3.79	4.4059	
351	1	3.86	3.86	4.5404	
352	1	3.85	3.85	4.2875	
353	1	3.82	3.82	4.3076	
354	1	3.83	3.83	4.3011	
355	1	3.84	3.84	4.2744	
356	1	3.91	3.91	4.4419	
357	1	3.88	3.88	4.3656	
358	1	3.88	3.88	4.3656	
359	1	3.86	3.86	4.4404	
360	1	3.9	3.9	4.37	
361	1	3.82	3.82	4.2276	
362	1	3.88	3.88	4.1856	
363	1	3.92	3.92	4.1136	
364	1	3.93	3.93	4.2451	
365	1	3.92	3.92	4.3336	
366	1	3.95	3.95	4.3275	
367	1	3.92	3.92	4.4336	
368	1	3.98	3.98	4.4396	
369	1	3.98	3.98	4.4396	
370	1	4	4	4.4	
371	1	3.99	3.99	4.4299	
372	1	4.03	4.03	4.4291	
373	1	4.04	4.04	4.4984	
374	1	4.05	4.05	4.5075	
375	1	4.04	4.04	4.5184	
376	1	4.09	4.09	4.6419	
377	1	4.1	4.1	4.67	
378	1	4.02	4.02	4.7596	
379	1	4.05	4.05	4.6875	
380	1	4.05	4.05	4.6875	
381	1	4.07	4.07	4.6451	
382	1	4.06	4.06	4.6564	
383	1	4.05	4.05	4.6875	
384	1	4.12	4.12	4.6256	
385	1	4.09	4.09	4.6419	
386	1	4.1	4.1	4.61	
387	1	4.13	4.13	4.6331	
388	1	4.07	4.07	4.7651	
389	1	4.19	4.19	5.0139	
390	1	4.16	4.16	4.4944	
391	1	4.13	4.13	4.5331	
392	1	4.13	4.13	4.5931	
393	1	4.18	4.18	4.5276	
394	1	4.16	4.16	4.4944	
395	1	4.17	4.17	4.5011	
396	1	4.16	4.16	4.5144	
397	1	4.19	4.19	4.4339	
398	1	4.21	4.21	4.4859	
399	1	4.2	4.2	4.54	
400	1	4.27	4.27	4.6171	
401	1	4.24	4.24	4.4224	
402	1	4.25	4.25	4.5275	
403	1	4.28	4.28	4.6216	
404	1	4.33	4.33	4.8811	
405	1	4.31	4.31	4.8939	
406	1	4.38	4.38	4.9756	
407	1	4.35	4.35	4.8275	
408	1	4.39	4.39	4.9379	
409	1	4.38	4.38	4.8956	
410	1	4.38	4.38	4.8956	
411	1	4.39	4.39	4.8779	
412	1	4.39	4.39	4.8779	
413	1	4.43	4.43	4.8251	
414	1	4.4	4.4	4.92	
415	1	4.45	4.45	4.8475	
416	1	4.45	4.45	4.8075	
417	1	4.46	4.46	4.8484	
418	1	4.46	4.46	4.8484	
419	1	4.52	4.52	5.0296	
420	1	4.5	4.5	4.85	
421	1	4.52	4.52	4.8696	
422	1	4.5	4.5	4.95	
423	1	4.53	4.53	4.8891	
424	1	4.54	4.54	4.8484	
425	1	4.52	4.52	4.9096	
426	1	4.54	4.54	4.8284	
427	1	4.52	4.52	4.8896	
428	1	4.55	4.55	4.8075	
429	1	4.56	4.56	4.8264	
430	1	4.57	4.57	4.8251	
431	1	4.57	4.57	4.8251	
432	1	4.59	4.59	4.7619	
433	1	4.63	4.63	4.9731	
434	1	4.64	4.64	5.0304	
435	1	4.69	4.69	5.2339	
436	1	4.65	4.65	5.0675	
437	1	4.71	4.71	5.1659	
438	1	4.71	4.71	5.0459	
439	1	4.79	4.79	5.3859	
440	1	4.72	4.72	5.0016	
441	1	4.71	4.71	5.0259	
442	1	4.7	4.7	5.17	
443	1	4.77	4.77	5.1171	
444	1	4.77	4.77	5.1171	
445	1	4.77	4.77	5.1371	
446	1	4.79	4.79	5.3059	
447	1	4.8	4.8	5.28	
448	1	4.8	4.8	5.28	
449	1	4.81	4.81	5.2739	
450	1	4.78	4.78	5.3516	
451	1	4.8	4.8	5.32	
452	1	4.81	4.81	5.3139	
453	1	4.84	4.84	5.3144	
454	1	4.85	4.85	5.2275	
455	1	4.81	4.81	5.3539	
456	1	4.9	4.9	5.39	
457	1	4.87	4.87	5.4531	
458	1	4.86	4.86	5.5204	
459	1	4.94	4.94	5.4964	
460	1	4.95	4.95	5.6275	
461	1	4.95	4.95	5.6275	
462	1	4.98	4.98	5.8396	
463	1	4.97	4.97	5.8091	
464	1	4.96	4.96	6.0384	
465	1	5.01	5.01	5.8899	
466	1	4.98	4.98	6.0796	
467	1	5.03	5.03	5.9291	
468	1	5.08	5.08	6.0736	
469	1	5.02	5.02	5.9596	
470	1	5.03	5.03	5.9291	
471	1	5.04	5.04	5.9384	
472	1	5.04	5.04	5.9384	
473	1	5.04	5.04	5.9384	
474	1	5.04	5.04	5.9784	
475	1	5.08	5.08	5.8936	
476	1	5.11	5.11	5.8979	
477	1	5.14	5.14	6.1204	
478	1	5.16	5.16	6.0344	
479	1	5.14	5.14	5.9204	
480	1	5.12	5.12	5.8856	
481	1	5.16	5.16	5.8544	
482	1	5.2	5.2	6	
483	1	5.15	5.15	5.9075	
484	1	5.16	5.16	5.8544	
485	1	5.22	5.22	6.0116	
486	1	5.22	5.22	5.9316	
487	1	5.24	5.24	6.0624	
488	1	5.25	5.25	6.0675	
489	1	5.29	5.29	6.2059	
490	1	5.31	5.31	6.2739	
491	1	5.3	5.3	6.29	
492	1	5.35	5.35	6.3075	
493	1	5.32	5.32	6.2976	
494	1	5.31	5.31	6.3539	
495	1	5.35	5.35	6.2475	
496	1	5.35	5.35	6.2275	
497	1	5.34	5.34	6.4244	
498	1	5.38	5.38	6.3956	
499	1	5.41	5.41	6.4619	
500	1	5.48	5.48	6.9496	
501	1	5.49	5.49	7.1099	
502	1	5.41	5.41	6.3819	
503	1	5.48	5.48	6.9496	
504	1	5.41	5.41	6.4019	
505	1	5.4	5.4	6.42	
506	1	5.44	5.44	6.5064	
507	1	5.42	5.42	6.5236	
508	1	5.43	5.43	6.4851	
509	1	5.43	5.43	6.4851	
510	1	5.47	5.47	6.4691	
511	1	5.45	5.45	6.5675	
512	1	5.39	5.39	6.6579	
513	1	5.47	5.47	6.8691	
514	1	5.42	5.42	6.7036	
515	1	5.47	5.47	6.8891	
516	1	5.42	5.42	7.1436	
517	1	5.48	5.48	6.9696	
518	1	5.45	5.45	6.9675	
519	1	5.48	5.48	7.0096	
520	1	5.48	5.48	7.0096	
521	1	5.53	5.53	7.1691	
522	1	5.53	5.53	7.1291	
523	1	5.55	5.55	7.1275	
524	1	5.56	5.56	7.1864	
525	1	5.52	5.52	7.4096	
526	1	5.53	5.53	7.3291	
527	1	5.59	5.59	7.1219	
528	1	5.61	5.61	7.1179	
529	1	5.63	5.63	7.1331	
530	1	5.62	5.62	7.1756	
531	1	5.68	5.68	7.3376	
532	1	5.67	5.67	7.2011	
533	1	5.7	5.7	7.29	
534	1	5.69	5.69	7.2339	
535	1	5.73	5.73	7.4971	
536	1	5.71	5.71	7.3259	
537	1	5.76	5.76	7.6224	
538	1	5.81	5.81	8.2539	
539	1	5.69	5.69	7.8139	
540	1	5.78	5.78	7.6316	
541	1	5.81	5.81	7.6939	
542	1	5.83	5.83	7.5411	
543	1	5.84	5.84	7.4944	
544	1	5.85	5.85	7.4275	
545	1	5.85	5.85	7.4275	
546	1	5.92	5.92	7.5936	
547	1	5.9	5.9	7.55	
548	1	5.92	5.92	7.5936	
549	1	5.87	5.87	7.6731	
550	1	5.9	5.9	7.53	
551	1	5.95	5.95	7.5075	
552	1	5.9	5.9	7.55	
553	1	5.86	5.86	7.4404	
554	1	5.89	5.89	7.4179	
555	1	5.87	5.87	7.4931	
556	1	5.93	5.93	7.5051	
557	1	5.96	5.96	7.3984	
558	1	5.96	5.96	7.3184	
559	1	5.96	5.96	7.2784	
560	1	6	6	7.24	
561	1	6.07	6.07	7.8051	
562	1	5.97	5.97	7.2091	
563	1	6	6	7.14	
564	1	6.08	6.08	7.7736	
565	1	6.04	6.04	7.3984	
566	1	6.05	6.05	7.4675	
567	1	6.05	6.05	7.5075	
568	1	6.01	6.01	7.5899	
569	1	6.07	6.07	7.5251	
570	1	6.08	6.08	7.5736	
571	1	6.08	6.08	7.5736	
572	1	6.06	6.06	7.5764	
573	1	6.06	6.06	7.7564	
574	1	6.07	6.07	7.8451	
575	1	6.08	6.08	7.8936	
576	1	6.08	6.08	7.8936	
577	1	6.04	6.04	7.9384	
578	1	6.08	6.08	7.8536	
579	1	6.1	6.1	7.83	
580	1	6.06	6.06	7.9164	
581	1	6.08	6.08	7.8336	
582	1	6.2	6.2	8.52	
583	1	6.12	6.12	7.7656	
584	1	6.11	6.11	7.7979	
585	1	6.18	6.18	7.8076	
586	1	6.17	6.17	7.7211	
587	1	6.22	6.22	8.0316	
588	1	6.18	6.18	7.8876	
589	1	6.14	6.14	8.0604	
590	1	6.17	6.17	7.9011	
591	1	6.15	6.15	7.9875	
592	1	6.25	6.25	8.1075	
593	1	6.16	6.16	8.0544	
594	1	6.17	6.17	8.0611	
595	1	6.3	6.3	8.51	
596	1	6.19	6.19	8.0139	
597	1	6.26	6.26	8.0524	
598	1	6.25	6.25	8.0075	
599	1	6.24	6.24	8.1024	
600	1	6.27	6.27	8.0971	
601	1	6.28	6.28	8.1416	
602	1	6.34	6.34	8.2644	
603	1	6.36	6.36	8.4504	
604	1	6.34	6.34	8.1844	
605	1	6.44	6.44	8.5664	
606	1	6.39	6.39	7.9579	
607	1	6.42	6.42	8.0636	
608	1	6.43	6.43	8.0451	
609	1	6.46	6.46	8.0284	
610	1	6.42	6.42	8.2236	
611	1	6.53	6.53	8.5091	
612	1	6.46	6.46	8.2284	
613	1	6.46	6.46	8.2284	
614	1	6.46	6.46	8.2284	
615	1	6.5	6.5	8.03	
616	1	6.49	6.49	8.1499	
617	1	6.52	6.52	8.0696	
618	1	6.57	6.57	8.0051	
619	1	6.53	6.53	8.0491	
620	1	6.57	6.57	7.9451	
621	1	6.61	6.61	8.1379	
622	1	6.64	6.64	8.1304	
623	1	6.63	6.63	8.1131	
624	1	6.62	6.62	8.1156	
625	1	6.64	6.64	8.0504	
626	1	6.64	6.64	7.9904	
627	1	6.66	6.66	8.0244	
628	1	6.65	6.65	8.0275	
629	1	6.65	6.65	8.0475	
630	1	6.63	6.63	7.7531	
631	1	6.64	6.64	7.7704	
632	1	6.64	6.64	7.7904	
633	1	6.69	6.69	8.0739	
634	1	6.69	6.69	8.2139	
635	1	6.59	6.59	8.1419	
636	1	6.66	6.66	8.0044	
637	1	6.65	6.65	7.9875	
638	1	6.64	6.64	8.0104	
639	1	6.66	6.66	7.9844	
640	1	6.66	6.66	8.0244	
641	1	6.7	6.7	7.97	
642	1	6.7	6.7	7.97	
643	1	6.67	6.67	8.1411	
644	1	6.72	6.72	7.9416	
645	1	6.74	6.74	7.9924	
646	1	6.77	6.77	7.9771	
647	1	6.78	6.78	8.0916	
648	1	6.78	6.78	8.0716	
649	1	6.78	6.78	8.0716	
650	1	6.82	6.82	7.9276	
651	1	6.78	6.78	8.2916	
652	1	6.82	6.82	8.0076	
653	1	6.81	6.81	8.0539	
654	1	6.84	6.84	7.9144	
655	1	6.89	6.89	7.9779	
656	1	6.86	6.86	7.8804	
657	1	6.85	6.85	7.8875	
658	1	6.85	6.85	7.8875	
659	1	6.88	6.88	7.9256	
660	1	6.88	6.88	7.9256	
661	1	6.85	6.85	8.0675	
662	1	6.91	6.91	7.9619	
663	1	6.87	6.87	8.0331	
664	1	6.96	6.96	7.9984	
665	1	6.92	6.92	8.0736	
666	1	6.97	6.97	8.0291	
667	1	6.95	6.95	7.9475	
668	1	7	7	7.98	
669	1	6.97	6.97	8.0091	
670	1	6.98	6.98	8.0196	
671	1	7.02	7.02	7.9796	
672	1	7.06	7.06	8.0564	
673	1	7	7	8.18	
674	1	7.04	7.04	8.0184	
675	1	7.04	7.04	8.0184	
676	1	7.02	7.02	8.0596	
677	1	7.03	7.03	8.0291	
678	1	7.03	7.03	8.0291	
679	1	7.04	7.04	8.0984	
680	1	7.07	7.07	8.0651	
681	1	7.07	7.07	8.0651	
682	1	7.09	7.09	8.0419	
683	1	7.12	7.12	8.0656	
684	1	7.1	7.1	8.05	
685	1	7.14	7.14	7.9804	
686	1	7.22	7.22	8.1916	
687	1	7.24	7.24	8.1024	
688	1	7.26	7.26	7.9524	
689	1	7.26	7.26	7.9724	
690	1	7.28	7.28	7.9816	
691	1	7.3	7.3	7.97	
692	1	7.29	7.29	8.0059	
693	1	7.28	7.28	8.0816	
694	1	7.35	7.35	7.9475	
695	1	7.36	7.36	7.9904	
696	1	7.34	7.34	7.9244	
697	1	7.32	7.32	8.0176	
698	1	7.35	7.35	7.9875	
699	1	7.35	7.35	7.8475	
700	1	7.36	7.36	7.8904	
701	1	7.32	7.32	7.8376	
702	1	7.33	7.33	7.8211	
703	1	7.33	7.33	7.7611	
704	1	7.38	7.38	7.6556	
705	1	7.41	7.41	7.7819	
706	1	7.39	7.39	7.7179	
707	1	7.37	7.37	7.7331	
708	1	7.38	7.38	7.7156	
709	1	7.36	7.36	7.7704	
710	1	7.37	7.37	7.8331	
711	1	7.36	7.36	7.9304	
712	1	7.4	7.4	7.76	
713	1	7.45	7.45	7.8275	
714	1	7.43	7.43	7.6651	
715	1	7.42	7.42	7.6836	
716	1	7.43	7.43	7.6651	
717	1	7.41	7.41	7.7219	
718	1	7.48	7.48	7.9296	
719	1	7.49	7.49	7.9299	
720	1	7.45	7.45	7.7675	
721	1	7.48	7.48	7.8696	
722	1	7.46	7.46	7.7884	
723	1	7.49	7.49	7.7899	
724	1	7.45	7.45	7.9075	
725	1	7.59	7.59	7.9219	
726	1	7.56	7.56	7.9264	
727	1	7.54	7.54	8.0284	
728	1	7.56	7.56	7.9264	
729	1	7.56	7.56	7.9064	
730	1	7.63	7.63	7.9331	
731	1	7.59	7.59	8.0619	
732	1	7.67	7.67	8.0211	
733	1	7.64	7.64	7.9104	
734	1	7.63	7.63	7.9931	
735	1	7.6	7.6	7.82	
736	1	7.56	7.56	7.8664	
737	1	7.6	7.6	7.76	
738	1	7.63	7.63	7.8731	
739	1	7.68	7.68	7.8176	
740	1	7.71	7.71	7.8859	
741	1	7.68	7.68	7.7776	
742	1	7.71	7.71	7.8259	
743	1	7.72	7.72	7.8016	
744	1	7.75	7.75	7.9275	
745	1	7.73	7.73	7.9571	
746	1	7.65	7.65	7.9675	
747	1	7.78	7.78	7.8716	
748	1	7.84	7.84	8.2544	
749	1	7.81	7.81	7.8139	
750	1	7.83	7.83	7.8611	
751	1	7.78	7.78	7.8916	
752	1	7.81	7.81	7.8139	
753	1	7.86	7.86	7.8604	
754	1	7.89	7.89	8.0779	
755	1	7.83	7.83	8.0611	
756	1	7.85	7.85	7.9675	
757	1	7.85	7.85	7.9675	
758	1	7.9	7.9	7.93	
759	1	7.91	7.91	7.9219	
760	1	7.86	7.86	8.1604	
761	1	7.89	7.89	8.0779	
762	1	7.89	7.89	8.1579	
763	1	7.95	7.95	8.0475	
764	1	7.95	7.95	8.0475	
765	1	7.86	7.86	8.4804	
766	1	7.9	7.9	8.09	
767	1	7.91	7.91	8.0419	
768	1	7.91	7.91	8.0419	
769	1	7.95	7.95	7.9675	
770	1	7.99	7.99	8.1299	
771	1	7.98	7.98	7.9996	
772	1	7.92	7.92	8.1136	
773	1	7.91	7.91	8.0819	
774	1	8.01	8.01	8.6499	
775	1	7.92	7.92	8.2936	
776	1	7.99	7.99	8.0899	
777	1	7.98	7.98	8.2996	
778	1	8.01	8.01	8.2699	
779	1	8.02	8.02	8.2196	
780	1	8.05	8.05	8.1875	
781	1	8.07	8.07	8.1451	
782	1	8.05	8.05	8.0475	
783	1	8.1	8.1	8.05	
784	1	8.07	8.07	8.0251	
785	1	8.09	8.09	8.0419	
786	1	8.1	8.1	8.03	
787	1	8.11	8.11	8.0779	
788	1	8.12	8.12	8.0456	
789	1	8.24	8.24	8.4424	
790	1	8.19	8.19	8.0539	
791	1	8.19	8.19	7.9739	
792	1	8.27	8.27	8.4571	
793	1	8.22	8.22	8.0316	
794	1	8.2	8.2	8.06	
795	1	8.28	8.28	8.4016	
796	1	8.16	8.16	8.6144	
797	1	8.21	8.21	8.2659	
798	1	8.2	8.2	8.34	
799	1	8.26	8.26	8.2124	
800	1	8.3	8.3	8.15	
801	1	8.3	8.3	8.11	
802	1	8.31	8.31	8.1939	
803	1	8.31	8.31	8.3739	
804	1	8.31	8.31	8.3739	
805	1	8.37	8.37	8.2331	
806	1	8.39	8.39	8.3579	
807	1	8.36	8.36	8.3504	
808	1	8.37	8.37	8.3331	
809	1	8.35	8.35	8.3875	
810	1	8.32	8.32	8.6176	
811	1	8.41	8.41	8.3419	
812	1	8.37	8.37	8.3131	
813	1	8.4	8.4	8.36	
814	1	8.35	8.35	8.5475	
815	1	8.38	8.38	8.3756	
816	1	8.38	8.38	8.3756	
817	1	8.4	8.4	8.42	
818	1	8.46	8.46	8.4884	
819	1	8.44	8.44	8.3064	
820	1	8.43	8.43	8.3051	
821	1	8.41	8.41	8.3619	
822	1	8.49	8.49	8.4099	
823	1	8.46	8.46	8.2884	
824	1	8.46	8.46	8.3884	
825	1	8.44	8.44	8.5264	
826	1	8.54	8.54	9.1084	
827	1	8.6	8.6	9.04	
828	1	8.47	8.47	8.3491	
829	1	8.48	8.48	8.2896	
830	1	8.49	8.49	8.2099	
831	1	8.56	8.56	8.1464	
832	1	8.51	8.51	8.2499	
833	1	8.52	8.52	8.1896	
834	1	8.55	8.55	8.1275	
835	1	8.6	8.6	8.18	
836	1	8.56	8.56	8.3064	
837	1	8.57	8.57	8.3251	
838	1	8.64	8.64	8.2304	
839	1	8.68	8.68	8.3176	
840	1	8.71	8.71	8.4859	
841	1	8.73	8.73	8.5171	
842	1	8.7	8.7	8.35	
843	1	8.71	8.71	8.2459	
844	1	8.74	8.74	8.1924	
845	1	8.77	8.77	8.2971	
846	1	8.72	8.72	8.2216	
847	1	8.74	8.74	8.1124	
848	1	8.78	8.78	8.0916	
849	1	8.78	8.78	8.0916	
850	1	8.8	8.8	8.18	
851	1	8.75	8.75	8.1675	
852	1	8.76	8.76	8.1224	
853	1	8.79	8.79	8.0459	
854	1	8.77	8.77	8.0771	
855	1	8.82	8.82	8.1076	
856	1	8.81	8.81	8.0739	
857	1	8.81	8.81	8.0739	
858	1	8.79	8.79	8.1859	
859	1	8.84	8.84	8.1544	
860	1	8.85	8.85	8.1675	
861	1	8.84	8.84	8.1544	
862	1	8.82	8.82	8.4676	
863	1	8.85	8.85	8.6675	
864	1	8.87	8.87	8.6331	
865	1	8.88	8.88	8.5856	
866	1	8.88	8.88	8.5856	
867	1	8.87	8.87	8.7331	
868	1	8.88	8.88	8.6656	
869	1	8.91	8.91	8.6219	
870	1	8.97	8.97	8.6291	
871	1	8.96	8.96	8.5584	
872	1	8.91	8.91	8.5019	
873	1	8.9	8.9	8.55	
874	1	8.91	8.91	8.5019	
875	1	8.9	8.9	8.67	
876	1	8.91	8.91	8.6219	
877	1	8.95	8.95	8.5875	
878	1	9.02	9.02	8.6396	
879	1	9.02	9.02	8.6396	
880	1	8.99	8.99	8.6099	
881	1	9.03	9.03	8.6091	
882	1	9.05	9.05	8.6875	
883	1	9.03	9.03	8.6491	
884	1	9.06	9.06	8.5964	
885	1	9.05	9.05	8.6275	
886	1	9.05	9.05	8.6475	
887	1	9.07	9.07	8.5651	
888	1	9.04	9.04	8.7184	
889	1	9.08	9.08	8.5536	
890	1	9.08	9.08	8.5536	
891	1	9.14	9.14	8.5404	
892	1	9.15	9.15	8.5875	
893	1	9.16	9.16	8.5544	
894	1	9.12	9.12	8.5856	
895	1	9.09	9.09	8.5019	
896	1	9.09	9.09	8.7019	
897	1	9.11	9.11	8.5779	
898	1	9.15	9.15	8.5075	
899	1	9.24	9.24	9.2824	
900	1	9.21	9.21	8.6659	
901	1	9.18	9.18	8.3076	
902	1	9.18	9.18	8.3076	
903	1	9.19	9.19	8.2539	
904	1	9.23	9.23	8.4371	
905	1	9.19	9.19	8.3739	
906	1	9.22	9.22	8.3716	
907	1	9.18	9.18	8.4676	
908	1	9.26	9.26	8.4524	
909	1	9.27	9.27	8.5171	
910	1	9.27	9.27	8.4371	
911	1	9.27	9.27	8.3771	
912	1	9.26	9.26	8.3724	
913	1	9.29	9.29	8.3259	
914	1	9.29	9.29	8.3859	
915	1	9.33	9.33	8.5211	
916	1	9.29	9.29	8.4659	
917	1	9.36	9.36	8.6304	
918	1	9.37	9.37	8.5131	
919	1	9.34	9.34	8.4044	
920	1	9.27	9.27	9.0771	
921	1	9.36	9.36	8.3904	
922	1	9.38	9.38	8.4156	
923	1	9.3	9.3	9.05	
924	1	9.41	9.41	8.3219	
925	1	9.39	9.39	8.3379	
926	1	9.38	9.38	8.3756	
927	1	9.36	9.36	8.5104	
928	1	9.4	9.4	8.5	
929	1	9.45	9.45	8.5075	
930	1	9.47	9.47	8.5091	
931	1	9.45	9.45	8.4475	
932	1	9.44	9.44	8.4464	
933	1	9.47	9.47	8.3891	
934	1	9.46	9.46	8.5684	
935	1	9.51	9.51	8.4699	
936	1	9.5	9.5	8.53	
937	1	9.55	9.55	8.4875	
938	1	9.55	9.55	8.4875	
939	1	9.53	9.53	8.5091	
940	1	9.53	9.53	8.6291	
941	1	9.57	9.57	8.5051	
942	1	9.65	9.65	9.2075	
943	1	9.56	9.56	8.5864	
944	1	9.62	9.62	8.6356	
945	1	9.6	9.6	8.5	
946	1	9.59	9.59	8.5019	
947	1	9.6	9.6	8.5	
948	1	9.64	9.64	8.5504	
949	1	9.63	9.63	8.5131	
950	1	9.6	9.6	8.62	
951	1	9.67	9.67	8.7411	
952	1	9.67	9.67	8.6811	
953	1	9.61	9.61	8.7979	
954	1	9.7	9.7	8.73	
955	1	9.67	9.67	8.6611	
956	1	9.7	9.7	8.71	
957	1	9.64	9.64	8.7904	
958	1	9.69	9.69	8.5739	
959	1	9.71	9.71	8.6259	
960	1	9.72	9.72	8.6816	
961	1	9.69	9.69	8.5739	
962	1	9.68	9.68	8.8776	
963	1	9.69	9.69	8.8139	
964	1	9.76	9.76	8.9224	
965	1	9.73	9.73	8.7571	
966	1	9.72	9.72	8.7616	
967	1	9.71	9.71	8.8459	
968	1	9.77	9.77	8.8971	
969	1	9.75	9.75	8.7475	
970	1	9.76	9.76	8.7224	
971	1	9.8	9.8	8.82	
972	1	9.76	9.76	8.7024	
973	1	9.79	9.79	8.6459	
974	1	9.77	9.77	8.7371	
975	1	9.85	9.85	8.7275	
976	1	9.81	9.81	8.7139	
977	1	9.83	9.83	8.6811	
978	1	9.83	9.83	8.7211	
979	1	9.82	9.82	9.1476	
980	1	9.89	9.89	8.6779	
981	1	9.9	9.9	8.69	
982	1	9.92	9.92	8.7736	
983	1	9.92	9.92	8.7736	
984	1	9.95	9.95	8.8275	
985	1	9.91	9.91	8.7619	
986	1	9.88	9.88	8.9656	
987	1	9.89	9.89	8.8779	
988	1	9.98	9.98	8.8196	
989	1	10.01	10.01	8.8499	
990	1	10.03	10.03	8.9091	
991	1	10.04	10.04	9.0784	
992	1	10.03	10.03	8.9891	
993	1	10.01	10.01	8.8499	
994	1	9.97	9.97	9.0091	
995	1	10.03	10.03	8.8091	
996	1	10	10	8.84	
997	1	9.99	9.99	8.8899	
998	1	10.06	10.06	8.8964	
999	1	10.09	10.09	8.9819	
1000	1	10.07	10.07	8.8651	
1001	1	10.03	10.03	9.0691	
1002	1	10.11	10.11	9.1179	
1003	1	10.08	10.08	9.1136	
1004	1	10.1	10.1	9.13	
1005	1	10.13	10.13	9.0731	
1006	1	10.13	10.13	9.0731	
1007	1	10.14	10.14	9.0804	
1008	1	10.14	10.14	8.9804	
1009	1	10.12	10.12	9.0256	
1010	1	10.12	10.12	9.1856	
1011	1	10.13	10.13	9.1931	
1012	1	10.17	10.17	9.3611	
1013	1	10.11	10.11	9.2579	
1014	1	10.21	10.21	8.9059	
1015	1	10.26	10.26	8.8524	
1016	1	10.25	10.25	8.8075	
1017	1	10.24	10.24	8.7824	
1018	1	10.21	10.21	8.8259	
1019	1	10.27	10.27	8.8371	
1020	1	10.28	10.28	8.9016	
1021	1	10.22	10.22	8.8116	
1022	1	10.28	10.28	8.9016	
1023	1	10.28	10.28	8.8616	
1024	1	10.24	10.24	8.8824	
1025	1	10.29	10.29	8.9059	
1026	1	10.28	10.28	8.9416	
1027	1	10.27	10.27	8.9571	
1028	1	10.36	10.36	9.1304	
1029	1	10.35	10.35	9.0675	
1030	1	10.38	10.38	9.2356	
1031	1	10.33	10.33	9.1211	
1032	1	10.35	10.35	9.1075	
1033	1	10.33	10.33	9.1611	
1034	1	10.44	10.44	9.7064	
1035	1	10.35	10.35	9.1275	
1036	1	10.4	10.4	9.2	
1037	1	10.35	10.35	9.3675	
1038	1	10.39	10.39	9.1779	
1039	1	10.48	10.48	9.2696	
1040	1	10.47	10.47	9.2491	
1041	1	10.52	10.52	9.6896	
1042	1	10.48	10.48	9.4896	
1043	1	10.5	10.5	9.45	
1044	1	10.5	10.5	9.45	
1045	1	10.5	10.5	9.63	
1046	1	10.61	10.61	10.2779	
1047	1	10.53	10.53	9.5691	
1048	1	10.5	10.5	9.79	
1049	1	10.56	10.56	9.6264	
1050	1	10.57	10.57	9.6451	
1051	1	10.49	10.49	10.2699	
1052	1	10.6	10.6	9.68	
1053	1	10.55	10.55	9.8475	
1054	1	10.62	10.62	9.6956	
1055	1	10.66	10.66	9.8844	
1056	1	10.61	10.61	9.6779	
1057	1	10.65	10.65	9.7475	
1058	1	10.63	10.63	9.7331	
1059	1	10.64	10.64	9.7304	
1060	1	10.65	10.65	9.7875	
1061	1	10.72	10.72	10.3216	
1062	1	10.61	10.61	9.9579	
1063	1	10.67	10.67	9.7611	
1064	1	10.66	10.66	9.7244	
1065	1	10.55	10.55	10.1675	
1066	1	10.49	10.49	10.7099	
1067	1	10.59	10.59	10.2019	
1068	1	10.6	10.6	10.26	
1069	1	10.63	10.63	10.2531	
1070	1	10.63	10.63	9.8131	
1071	1	10.63	10.63	9.9731	
1072	1	10.67	10.67	9.8211	
1073	1	10.66	10.66	9.9444	
1074	1	10.68	10.68	9.8776	
1075	1	10.69	10.69	9.8339	
1076	1	10.75	10.75	9.8675	
1077	1	10.68	10.68	9.8976	
1078	1	10.77	10.77	9.8371	
1079	1	10.79	10.79	9.8259	
1080	1	10.78	10.78	9.7916	
1081	1	10.79	10.79	9.8859	
1082	1	10.76	10.76	9.9024	
1083	1	10.8	10.8	9.88	
1084	1	10.85	10.85	10.0475	
1085	1	10.89	10.89	9.9579	
1086	1	10.86	10.86	10.0204	
1087	1	10.81	10.81	10.2739	
1088	1	10.86	10.86	10.1404	
1089	1	10.89	10.89	10.1779	
1090	1	10.9	10.9	10.05	
1091	1	10.95	10.95	10.3075	
1092	1	10.94	10.94	10.1364	
1093	1	10.99	10.99	9.9899	
1094	1	11.01	11.01	10.0699	
1095	1	10.91	10.91	10.6819	
1096	1	10.98	10.98	10.3396	
1097	1	11.02	11.02	10.2596	
1098	1	11.04	11.04	10.2984	
1099	1	10.96	10.96	10.4584	
1100	1	11	11	10.38	
1101	1	11.02	11.02	10.4596	
1102	1	11	11	10.34	
1103	1	11.02	11.02	10.2996	
1104	1	11.01	11.01	10.3099	
1105	1	11.04	11.04	10.3584	
1106	1	11.06	11.06	10.4164	
1107	1	11.06	11.06	10.4764	
1108	1	11.05	11.05	10.5875	
1109	1	11.14	11.14	10.6404	
1110	1	11.11	11.11	10.7779	
1111	1	11.07	11.07	11.4251	
1112	1	11.17	11.17	10.8011	
1113	1	11.13	11.13	10.9731	
1114	1	11.15	11.15	10.9675	
1115	1	11.19	11.19	10.9539	
1116	1	11.2	11.2	11	
1117	1	11.21	11.21	11.0059	
1118	1	11.19	11.19	11.0539	
1119	1	11.16	11.16	11.2744	
1120	1	11.27	11.27	11.4171	
1121	1	11.26	11.26	11.2124	
1122	1	11.27	11.27	11.2371	
1123	1	11.24	11.24	11.1624	
1124	1	11.27	11.27	11.2171	
1125	1	11.27	11.27	11.2171	
1126	1	11.28	11.28	11.2816	
1127	1	11.29	11.29	11.2459	
1128	1	11.3	11.3	11.23	
1129	1	11.32	11.32	11.3176	
1130	1	11.36	11.36	11.3504	
1131	1	11.34	11.34	11.3644	
1132	1	11.42	11.42	11.2836	
1133	1	11.42	11.42	11.2836	
1134	1	11.52	11.52	12.2096	
1135	1	11.49	11.49	11.5899	
1136	1	11.51	11.51	11.6299	
1137	1	11.49	11.49	11.5099	
1138	1	11.41	11.41	11.5819	
1139	1	11.37	11.37	11.8531	
1140	1	11.4	11.4	11.72	
1141	1	11.51	11.51	11.5699	
1142	1	11.49	11.49	11.5099	
1143	1	11.5	11.5	11.51	
1144	1	11.48	11.48	11.6896	
1145	1	11.49	11.49	11.9699	
1146	1	11.51	11.51	12.0099	
1147	1	11.51	11.51	12.0099	
1148	1	11.55	11.55	11.8675	
1149	1	11.61	11.61	12.0379	
1150	1	11.59	11.59	11.8619	
1151	1	11.57	11.57	11.9651	
1152	1	11.6	11.6	11.96	
1153	1	11.66	11.66	12.3044	
1154	1	11.71	11.71	12.8859	
1155	1	11.63	11.63	12.1931	
1156	1	11.64	11.64	12.2504	
1157	1	11.71	11.71	12.4259	
1158	1	11.64	11.64	12.1504	
1159	1	11.64	11.64	12.1504	
1160	1	11.65	11.65	12.1075	
1161	1	11.63	11.63	12.2531	
1162	1	11.7	11.7	11.81	
1163	1	11.7	11.7	11.81	
1164	1	11.75	11.75	11.9475	
1165	1	11.82	11.82	12.7676	
1166	1	11.73	11.73	12.0371	
1167	1	11.71	11.71	12.1059	
1168	1	11.76	11.76	12.0224	
1169	1	11.82	11.82	12.2476	
1170	1	11.76	11.76	11.9824	
1171	1	11.76	11.76	11.9824	
1172	1	11.8	11.8	11.98	
1173	1	11.78	11.78	11.8716	
1174	1	11.75	11.75	12.1275	
1175	1	11.85	11.85	11.7475	
1176	1	11.85	11.85	11.7475	
1177	1	11.85	11.85	11.7475	
1178	1	11.81	11.81	11.8939	
1179	1	11.91	11.91	11.8019	
1180	1	11.83	11.83	11.7811	
1181	1	11.89	11.89	11.7379	
1182	1	11.89	11.89	11.7579	
1183	1	11.92	11.92	11.7936	
1184	1	11.92	11.92	11.7936	
1185	1	11.92	11.92	11.7336	
1186	1	11.91	11.91	11.7419	
1187	1	11.94	11.94	11.7964	
1188	1	11.97	11.97	11.8691	
1189	1	11.98	11.98	11.9196	
1190	1	11.95	11.95	11.8075	
1191	1	11.95	11.95	11.8075	
1192	1	12	12	11.88	
1193	1	12	12	11.82	
1194	1	11.94	11.94	12.4964	
1195	1	12.04	12.04	12.0984	
1196	1	12	12	12.18	
1197	1	12	12	12.26	
1198	1	12.12	12.12	12.6456	
1199	1	12.1	12.1	12.67	
1200	1	12.14	12.14	12.6804	
1201	1	12.18	12.18	12.8276	
1202	1	12.1	12.1	12.85	
1203	1	12.18	12.18	12.8276	
1204	1	12.12	12.12	12.9456	
1205	1	12.2	12.2	12.86	
1206	1	12.12	12.12	13.0456	
1207	1	12.21	12.21	12.7459	
1208	1	12.15	12.15	12.9675	
1209	1	12.16	12.16	12.8744	
1210	1	12.19	12.19	12.6539	
1211	1	12.26	12.26	12.8324	
1212	1	12.15	12.15	12.9875	
1213	1	12.22	12.22	12.6116	
1214	1	12.24	12.24	12.6824	
1215	1	12.18	12.18	12.3076	
1216	1	12.13	12.13	12.4731	
1217	1	12.18	12.18	12.3076	
1218	1	12.21	12.21	12.3059	
1219	1	12.18	12.18	12.3476	
1220	1	12.28	12.28	12.7016	
1221	1	12.25	12.25	12.4475	
1222	1	12.2	12.2	12.42	
1223	1	12.22	12.22	12.4516	
1224	1	12.2	12.2	12.54	
1225	1	12.25	12.25	12.2875	
1226	1	12.23	12.23	12.3971	
1227	1	12.19	12.19	12.5739	
1228	1	12.24	12.24	12.5224	
1229	1	12.25	12.25	12.5075	
1230	1	12.26	12.26	12.5124	
1231	1	12.29	12.29	12.6059	
1232	1	12.32	12.32	12.7376	
1233	1	12.39	12.39	13.2979	
1234	1	12.34	12.34	12.7844	
1235	1	12.39	12.39	13.1179	
1236	1	12.39	12.39	12.9579	
1237	1	12.33	12.33	12.8811	
1238	1	12.34	12.34	12.9644	
1239	1	12.45	12.45	12.8075	
1240	1	12.55	12.55	13.7075	
1241	1	12.46	12.46	12.9884	
1242	1	12.43	12.43	13.1051	
1243	1	12.5	12.5	13.11	
1244	1	12.37	12.37	13.8931	
1245	1	12.44	12.44	13.0664	
1246	1	12.43	12.43	13.1251	
1247	1	12.46	12.46	13.1084	
1248	1	12.46	12.46	13.4284	
1249	1	12.45	12.45	13.4675	
1250	1	12.48	12.48	13.2696	
1251	1	12.56	12.56	13.1864	
1252	1	12.47	12.47	13.3691	
1253	1	12.55	12.55	13.3075	
1254	1	12.5	12.5	13.17	
1255	1	12.44	12.44	13.7064	
1256	1	12.54	12.54	13.2084	
1257	1	12.55	12.55	13.3675	
1258	1	12.54	12.54	13.4284	
1259	1	12.56	12.56	13.5464	
1260	1	12.62	12.62	13.5156	
1261	1	12.63	12.63	13.7731	
1262	1	12.63	12.63	13.7731	
1263	1	12.64	12.64	13.8104	
1264	1	12.71	12.71	14.1859	
1265	1	12.62	12.62	13.9756	
1266	1	12.71	12.71	13.9459	
1267	1	12.7	12.7	13.89	
1268	1	12.71	12.71	13.9259	
1269	1	12.74	12.74	13.6924	
1270	1	12.77	12.77	13.7971	
1271	1	12.68	12.68	13.8376	
1272	1	12.71	12.71	13.7459	
1273	1	12.77	12.77	13.6571	
1274	1	12.81	12.81	13.6739	
1275	1	12.77	12.77	13.6171	
1276	1	12.74	12.74	13.8124	
1277	1	12.83	12.83	13.7611	
1278	1	12.79	12.79	13.5859	
1279	1	12.86	12.86	14.0004	
1280	1	12.77	12.77	13.8771	
1281	1	12.74	12.74	14.3124	
1282	1	12.79	12.79	13.9059	
1283	1	12.83	12.83	13.7411	
1284	1	12.95	12.95	14.8275	
1285	1	12.87	12.87	13.7331	
1286	1	12.9	12.9	13.71	
1287	1	12.83	12.83	13.9011	
1288	1	12.95	12.95	13.9675	
1289	1	12.85	12.85	13.7475	
1290	1	12.96	12.96	13.8384	
1291	1	12.99	12.99	13.9299	
1292	1	12.94	12.94	13.5364	
1293	1	12.99	12.99	13.9299	
1294	1	13.05	13.05	14.3075	
1295	1	12.99	12.99	13.7099	
1296	1	13.04	13.04	14.1584	
1297	1	12.9	12.9	13.87	
1298	1	12.96	12.96	14.2384	
1299	1	12.94	12.94	14.0764	
1300	1	12.86	12.86	14.2404	
1301	1	12.94	12.94	13.9364	
1302	1	12.97	12.97	14.0491	
1303	1	12.9	12.9	14.25	
1304	1	12.92	12.92	14.0336	
1305	1	13.01	13.01	13.9099	
1306	1	13.01	13.01	13.9099	
1307	1	12.99	12.99	13.8299	
1308	1	13.01	13.01	13.9099	
1309	1	13.03	13.03	14.0691	
1310	1	12.96	12.96	13.9184	
1311	1	12.94	12.94	14.0764	
1312	1	13.07	13.07	14.3651	
1313	1	13.08	13.08	14.0336	
1314	1	13.04	13.04	13.9384	
1315	1	13.07	13.07	14.1451	
1316	1	13.04	13.04	13.9784	
1317	1	13	13	14.16	
1318	1	13.07	13.07	13.8051	
1319	1	13.15	13.15	14.3075	
1320	1	13.14	13.14	13.9804	
1321	1	13.15	13.15	14.0275	
1322	1	13.07	13.07	14.2451	
1323	1	13.11	13.11	13.9779	
1324	1	13.13	13.13	13.9331	
1325	1	13.11	13.11	14.1179	
1326	1	13.16	13.16	13.9544	
1327	1	13.11	13.11	14.2179	
1328	1	13.11	13.11	14.2179	
1329	1	13.19	13.19	14.0339	
1330	1	13.14	13.14	14.0004	
1331	1	13.2	13.2	14.1	
1332	1	13.2	13.2	14.08	
1333	1	13.24	13.24	14.3024	
1334	1	13.2	13.2	14	
1335	1	13.13	13.13	14.2331	
1336	1	13.18	13.18	14.1076	
1337	1	13.21	13.21	14.0659	
1338	1	13.29	13.29	14.5059	
1339	1	13.19	13.19	14.1539	
1340	1	13.25	13.25	14.1475	
1341	1	13.28	13.28	14.3216	
1342	1	13.29	13.29	14.4259	
1343	1	13.27	13.27	14.3171	
1344	1	13.36	13.36	14.7904	
1345	1	13.36	13.36	14.7104	
1346	1	13.35	13.35	14.0675	
1347	1	13.35	13.35	14.0675	
1348	1	13.34	13.34	14.2844	
1349	1	13.45	13.45	14.7475	
1350	1	13.38	13.38	14.4556	
1351	1	13.45	13.45	14.6275	
1352	1	13.39	13.39	14.6179	
1353	1	13.43	13.43	14.6251	
1354	1	13.41	13.41	14.7619	
1355	1	13.45	13.45	14.6875	
1356	1	13.42	13.42	14.9236	
1357	1	13.47	13.47	14.7491	
1358	1	13.51	13.51	14.7699	
1359	1	13.5	13.5	14.87	
1360	1	13.53	13.53	14.9691	
1361	1	13.53	13.53	14.9491	
1362	1	13.58	13.58	14.8036	
1363	1	13.54	13.54	14.8084	
1364	1	13.55	13.55	14.8675	
1365	1	13.64	13.64	14.7104	
1366	1	13.76	13.76	14.9824	
1367	1	13.65	13.65	14.6275	
1368	1	13.78	13.78	14.8316	
1369	1	13.73	13.73	14.4571	
1370	1	13.63	13.63	15.3531	
1371	1	13.77	13.77	14.3971	
1372	1	13.72	13.72	14.4016	
1373	1	13.64	13.64	14.8704	
1374	1	13.74	13.74	14.7124	
1375	1	13.78	13.78	14.8716	
1376	1	13.71	13.71	14.8859	
1377	1	13.83	13.83	15.7011	
1378	1	13.77	13.77	14.9571	
1379	1	13.78	13.78	15.0316	
1380	1	13.7	13.7	15.09	
1381	1	13.71	13.71	15.1259	
1382	1	13.8	13.8	15	
1383	1	13.88	13.88	15.1056	
1384	1	13.92	13.92	14.9136	
1385	1	13.89	13.89	14.7579	
1386	1	13.89	13.89	14.7579	
1387	1	13.84	13.84	15.0344	
1388	1	13.91	13.91	14.8419	
1389	1	13.87	13.87	14.8931	
1390	1	13.92	13.92	14.7536	
1391	1	13.86	13.86	14.9804	
1392	1	13.97	13.97	15.1091	
1393	1	13.86	13.86	15.2204	
1394	1	13.92	13.92	14.8736	
1395	1	13.89	13.89	15.2179	
1396	1	13.95	13.95	14.9875	
1397	1	13.96	13.96	15.0184	
1398	1	13.93	13.93	15.0851	
1399	1	13.92	13.92	15.3336	
1400	1	14.03	14.03	15.2691	
1401	1	14.05	14.05	15.3275	
1402	1	14.01	14.01	15.0899	
1403	1	14.06	14.06	15.3364	
1404	1	13.97	13.97	15.3891	
1405	1	14.06	14.06	15.1564	
1406	1	14.1	14.1	15.31	
1407	1	13.96	13.96	15.1584	
1408	1	13.99	13.99	15.1499	
1409	1	14.06	14.06	15.4764	
1410	1	14.01	14.01	15.3299	
1411	1	14.05	14.05	15.4075	
1412	1	14.07	14.07	15.5051	
1413	1	14.09	14.09	15.5419	
1414	1	14.12	14.12	15.8656	
1415	1	14.07	14.07	15.3451	
1416	1	14.05	14.05	15.3475	
1417	1	14.07	14.07	15.4251	
1418	1	14.16	14.16	15.8144	
1419	1	14.09	14.09	15.4219	
1420	1	14.1	14.1	15.41	
1421	1	14.08	14.08	15.4536	
1422	1	14.1	14.1	15.37	
1423	1	14.07	14.07	15.5051	
1424	1	14.11	14.11	15.4779	
1425	1	14.09	14.09	15.7819	
1426	1	14.19	14.19	15.4539	
1427	1	14.22	14.22	15.6516	
1428	1	14.18	14.18	15.4276	
1429	1	14.23	14.23	15.7571	
1430	1	14.19	14.19	15.5539	
1431	1	14.32	14.32	16.3576	
1432	1	14.28	14.28	15.8416	
1433	1	14.31	14.31	16.1539	
1434	1	14.27	14.27	15.9171	
1435	1	14.28	14.28	16.6816	
1436	1	14.3	14.3	16.93	
1437	1	14.3	14.3	16.13	
1438	1	14.29	14.29	16.1659	
1439	1	14.3	14.3	16.15	
1440	1	14.26	14.26	16.5324	
1441	1	14.34	14.34	16.1644	
1442	1	14.38	14.38	16.4556	
1443	1	14.35	14.35	16.2075	
1444	1	14.38	14.38	16.1556	
1445	1	14.39	14.39	16.1579	
1446	1	14.41	14.41	16.1619	
1447	1	14.41	14.41	16.1419	
1448	1	14.42	14.42	16.1836	
1449	1	14.42	14.42	16.5836	
1450	1	14.43	14.43	16.7251	
1451	1	14.44	14.44	16.8064	
1452	1	14.47	14.47	16.6891	
1453	1	14.46	14.46	16.7884	
1454	1	14.48	14.48	16.6096	
1455	1	14.57	14.57	16.3851	
1456	1	14.58	14.58	16.4436	
1457	1	14.57	14.57	16.3051	
1458	1	14.49	14.49	17.3899	
1459	1	14.56	14.56	16.5464	
1460	1	14.58	14.58	16.4436	
1461	1	14.58	14.58	16.4436	
1462	1	14.6	14.6	16.34	
1463	1	14.67	14.67	16.7011	
1464	1	14.68	14.68	16.6976	
1465	1	14.7	14.7	16.83	
1466	1	14.69	14.69	16.7539	
1467	1	14.62	14.62	16.7756	
1468	1	14.63	14.63	16.7731	
1469	1	14.72	14.72	16.7616	
1470	1	14.69	14.69	16.5939	
1471	1	14.68	14.68	16.5776	
1472	1	14.73	14.73	16.4371	
1473	1	14.7	14.7	16.45	
1474	1	14.75	14.75	16.4275	
1475	1	14.74	14.74	16.3724	
1476	1	14.79	14.79	16.4059	
1477	1	14.77	14.77	16.3171	
1478	1	14.76	14.76	16.4624	
1479	1	14.83	14.83	16.3211	
1480	1	14.77	14.77	16.4171	
1481	1	14.86	14.86	16.4204	
1482	1	14.79	14.79	16.3259	
1483	1	14.81	14.81	16.3539	
1484	1	14.85	14.85	16.2675	
1485	1	14.92	14.92	16.7936	
1486	1	14.83	14.83	16.5011	
1487	1	14.89	14.89	16.4179	
1488	1	14.89	14.89	16.4179	
1489	1	14.92	14.92	16.5136	
1490	1	14.87	14.87	16.4931	
1491	1	14.94	14.94	16.5164	
1492	1	14.87	14.87	16.4531	
1493	1	14.84	14.84	16.4144	
1494	1	14.93	14.93	16.1051	
1495	1	14.85	14.85	16.5675	
1496	1	14.95	14.95	16.1875	
1497	1	14.91	14.91	16.0819	
1498	1	14.99	14.99	16.4099	
1499	1	14.86	14.86	16.3604	
1500	1	14.9	14.9	16.07	
1501	1	14.92	14.92	16.0136	
1502	1	14.96	14.96	15.9384	
1503	1	14.95	14.95	15.9275	
1504	1	14.91	14.91	16.2019	
1505	1	14.92	14.92	16.2336	
1506	1	14.94	14.94	16.3364	
1507	1	14.93	14.93	16.2251	
1508	1	14.9	14.9	16.25	
1509	1	14.96	14.96	16.1984	
1510	1	14.95	14.95	16.1475	
1511	1	14.89	14.89	16.5179	
1512	1	14.99	14.99	16.4299	
1513	1	14.9	14.9	16.51	
1514	1	14.94	14.94	16.1764	
1515	1	14.94	14.94	16.1764	
1516	1	14.98	14.98	16.2596	
1517	1	14.97	14.97	16.2691	
1518	1	15.05	15.05	16.3675	
1519	1	14.99	14.99	16.2499	
1520	1	14.98	14.98	16.2996	
1521	1	15.06	15.06	16.1364	
1522	1	15.06	15.06	15.9164	
1523	1	15.01	15.01	16.4099	
1524	1	15.08	15.08	16.0536	
1525	1	15.17	15.17	15.8611	
1526	1	15.14	15.14	15.5804	
1527	1	15.15	15.15	15.5475	
1528	1	15.11	15.11	15.9579	
1529	1	15.23	15.23	15.6371	
1530	1	15.22	15.22	15.5916	
1531	1	15.26	15.26	15.6924	
1532	1	15.22	15.22	15.7716	
1533	1	15.24	15.24	15.6424	
1534	1	15.33	15.33	16.0411	
1535	1	15.25	15.25	15.6075	
1536	1	15.29	15.29	16.5059	
1537	1	15.3	15.3	16.43	
1538	1	15.28	15.28	16.6216	
1539	1	15.28	15.28	16.6216	
1540	1	15.36	15.36	16.2504	
1541	1	15.36	15.36	16.3104	
1542	1	15.44	15.44	16.6264	
1543	1	15.36	15.36	16.0904	
1544	1	15.42	15.42	16.1636	
1545	1	15.39	15.39	16.0379	
1546	1	15.44	15.44	16.3464	
1547	1	15.35	15.35	16.1475	
1548	1	15.44	15.44	16.1864	
1549	1	15.4	15.4	16.06	
1550	1	15.35	15.35	16.5475	
1551	1	15.45	15.45	16.1475	
1552	1	15.41	15.41	16.4619	
1553	1	15.45	15.45	16.1075	
1554	1	15.47	15.47	16.2691	
1555	1	15.51	15.51	16.0699	
1556	1	15.42	15.42	15.3636	
1557	1	15.48	15.48	15.2496	
1558	1	15.51	15.51	15.3299	
1559	1	15.45	15.45	15.4875	
1560	1	15.56	15.56	16.3064	
1561	1	15.58	15.58	16.2036	
1562	1	15.59	15.59	16.3819	
1563	1	15.69	15.69	16.6539	
1564	1	15.66	15.66	16.2244	
1565	1	15.7	15.7	16.21	
1566	1	15.77	15.77	16.7771	
1567	1	15.63	15.63	16.4331	
1568	1	15.74	15.74	16.1924	
1569	1	15.71	15.71	16.1659	
1570	1	15.67	15.67	16.5611	
1571	1	15.75	15.75	16.1075	
1572	1	15.86	15.86	16.8604	
1573	1	15.84	15.84	16.5744	
1574	1	15.82	15.82	16.4076	
1575	1	15.8	15.8	16.08	
1576	1	15.77	15.77	16.1971	
1577	1	15.88	15.88	16.0456	
1578	1	15.95	15.95	16.8875	
1579	1	15.91	15.91	16.3019	
1580	1	15.84	15.84	16.2144	
1581	1	15.92	15.92	16.2736	
1582	1	15.85	15.85	16.4675	
1583	1	15.96	15.96	16.5984	
1584	1	15.92	15.92	16.3936	
1585	1	15.98	15.98	16.8796	
1586	1	15.92	15.92	16.5136	
1587	1	16	16	17.16	
1588	1	15.93	15.93	16.5851	
1589	1	15.98	15.98	16.8396	
1590	1	15.9	15.9	16.91	
1591	1	15.97	15.97	16.6691	
1592	1	16.02	16.02	17.0196	
1593	1	16.05	16.05	17.4275	
1594	1	15.94	15.94	16.8764	
1595	1	16	16	16.88	
1596	1	15.96	15.96	16.9584	
1597	1	15.97	15.97	16.9091	
1598	1	16.06	16.06	17.3164	
1599	1	15.97	15.97	17.0491	
1600	1	16.11	16.11	18.0379	
1601	1	16.03	16.03	17.1091	
1602	1	15.98	15.98	17.7796	
1603	1	16.02	16.02	17.3196	
1604	1	16.13	16.13	17.4131	
1605	1	16.07	16.07	17.0451	
1606	1	16.05	16.05	17.1275	
1607	1	16.03	16.03	17.2891	
1608	1	16.05	16.05	17.1275	
1609	1	16.07	16.07	17.0251	
1610	1	16.05	16.05	17.1475	
1611	1	15.96	15.96	16.5184	
1612	1	15.97	15.97	16.4691	
1613	1	15.97	15.97	16.5491	
1614	1	15.93	15.93	17.1251	
1615	1	16.04	16.04	16.4984	
1616	1	16.1	16.1	17.09	
1617	1	16	16	16.5	
1618	1	16.1	16.1	16.59	
1619	1	16.1	16.1	16.39	
1620	1	16.2	16.2	16.8	
1621	1	16.11	16.11	16.9179	
1622	1	16.13	16.13	16.7131	
1623	1	16.19	16.19	16.5539	
1624	1	16.22	16.22	16.5916	
1625	1	16.22	16.22	16.5916	
1626	1	16.19	16.19	16.5739	
1627	1	16.17	16.17	16.6611	
1628	1	16.25	16.25	16.6075	
1629	1	16.21	16.21	16.6859	
1630	1	16.19	16.19	16.8539	
1631	1	16.16	16.16	17.2544	
1632	1	16.32	16.32	16.9776	
1633	1	16.21	16.21	16.7059	
1634	1	16.34	16.34	17.1044	
1635	1	16.19	16.19	17.0339	
1636	1	16.3	16.3	16.67	
1637	1	16.26	16.26	16.6124	
1638	1	16.25	16.25	16.9875	
1639	1	16.24	16.24	17.2224	
1640	1	16.32	16.32	16.4976	
1641	1	16.33	16.33	16.4611	
1642	1	16.45	16.45	17.1275	
1643	1	16.39	16.39	16.5779	
1644	1	16.39	16.39	16.6179	
1645	1	16.52	16.52	17.1896	
1646	1	16.43	16.43	16.4651	
1647	1	16.44	16.44	16.4464	
1648	1	16.46	16.46	16.3884	
1649	1	16.44	16.44	16.4464	
1650	1	16.46	16.46	16.3684	
1651	1	16.46	16.46	16.7284	
1652	1	16.57	16.57	16.9251	
1653	1	16.53	16.53	16.6491	
1654	1	16.53	16.53	16.6091	
1655	1	16.53	16.53	16.6091	
1656	1	16.56	16.56	16.6064	
1657	1	16.62	16.62	16.7756	
1658	1	16.61	16.61	16.6779	
1659	1	16.61	16.61	16.5579	
1660	1	16.65	16.65	16.4075	
1661	1	16.65	16.65	16.4075	
1662	1	16.65	16.65	16.5075	
1663	1	16.63	16.63	16.1931	
1664	1	16.62	16.62	16.2356	
1665	1	16.67	16.67	16.0811	
1666	1	16.65	16.65	16.1875	
1667	1	16.72	16.72	16.1816	
1668	1	16.65	16.65	16.4475	
1669	1	16.66	16.66	16.5044	
1670	1	16.84	16.84	17.1144	
1671	1	16.69	16.69	16.2939	
1672	1	16.75	16.75	16.0475	
1673	1	16.73	16.73	16.0771	
1674	1	16.76	16.76	16.1024	
1675	1	16.73	16.73	16.3771	
1676	1	16.78	16.78	16.3516	
1677	1	16.72	16.72	16.8016	
1678	1	16.81	16.81	16.3539	
1679	1	16.82	16.82	16.3476	
1680	1	16.83	16.83	16.3811	
1681	1	16.8	16.8	16.34	
1682	1	16.74	16.74	16.9324	
1683	1	16.89	16.89	16.5179	
1684	1	16.94	16.94	17.0564	
1685	1	16.94	16.94	17.0564	
1686	1	16.96	16.96	17.1984	
1687	1	16.83	16.83	16.9011	
1688	1	16.82	16.82	16.9276	
1689	1	16.86	16.86	17.0004	
1690	1	16.93	16.93	16.6851	
1691	1	16.91	16.91	16.7219	
1692	1	16.99	16.99	16.7499	
1693	1	16.98	16.98	16.7996	
1694	1	16.94	16.94	17.1964	
1695	1	17.13	17.13	17.6531	
1696	1	17.08	17.08	16.7736	
1697	1	16.99	16.99	16.8699	
1698	1	17.02	17.02	16.8996	
1699	1	17.11	17.11	16.6779	
1700	1	17.15	17.15	16.9875	
1701	1	17.16	17.16	17.0944	
1702	1	17.09	17.09	16.7619	
1703	1	17.11	17.11	16.7779	
1704	1	17.15	17.15	16.9275	
1705	1	17.09	17.09	16.8219	
1706	1	17.14	17.14	16.8404	
1707	1	17.07	17.07	17.3451	
1708	1	17.21	17.21	17.3059	
1709	1	17.24	17.24	17.6024	
1710	1	17.13	17.13	17.3131	
1711	1	17.23	17.23	17.2771	
1712	1	17.2	17.2	17.08	
1713	1	17.18	17.18	17.0476	
1714	1	17.18	17.18	17.0876	
1715	1	17.19	17.19	17.0739	
1716	1	17.17	17.17	17.2211	
1717	1	17.18	17.18	17.1676	
1718	1	17.2	17.2	17.22	
1719	1	17.26	17.26	17.3124	
1720	1	17.27	17.27	17.3971	
1721	1	17.29	17.29	17.5059	
1722	1	17.32	17.32	17.6576	
1723	1	17.22	17.22	17.5116	
1724	1	17.23	17.23	17.4371	
1725	1	17.32	17.32	17.4776	
1726	1	17.24	17.24	17.6824	
1727	1	17.31	17.31	17.5939	
1728	1	17.38	17.38	17.4956	
1729	1	17.34	17.34	17.2244	
1730	1	17.29	17.29	17.4459	
1731	1	17.35	17.35	17.2275	
1732	1	17.38	17.38	17.3556	
1733	1	17.35	17.35	17.2875	
1734	1	17.42	17.42	17.2836	
1735	1	17.34	17.34	17.3444	
1736	1	17.37	17.37	17.1731	
1737	1	17.31	17.31	17.8139	
1738	1	17.41	17.41	17.1819	
1739	1	17.45	17.45	17.2075	
1740	1	17.39	17.39	17.6179	
1741	1	17.54	17.54	17.6284	
1742	1	17.45	17.45	17.0875	
1743	1	17.5	17.5	17.15	
1744	1	17.55	17.55	17.6475	
1745	1	17.47	17.47	17.2491	
1746	1	17.32	17.32	17.9176	
1747	1	17.46	17.46	17.4284	
1748	1	17.56	17.56	17.5464	
1749	1	17.47	17.47	17.0491	
1750	1	17.51	17.51	17.1499	
1751	1	17.54	17.54	17.1884	
1752	1	17.46	17.46	17.0084	
1753	1	17.43	17.43	17.6651	
1754	1	17.6	17.6	17.58	
1755	1	17.53	17.53	16.9691	
1756	1	17.55	17.55	16.9875	
1757	1	17.45	17.45	17.2475	
1758	1	17.46	17.46	17.1884	
1759	1	17.43	17.43	17.4851	
1760	1	17.51	17.51	17.0699	
1761	1	17.55	17.55	17.3075	
1762	1	17.45	17.45	17.6075	
1763	1	17.59	17.59	17.7419	
1764	1	17.46	17.46	17.8884	
1765	1	17.54	17.54	17.3084	
1766	1	17.71	17.71	17.9059	
1767	1	17.67	17.67	17.8411	
1768	1	17.71	17.71	17.9859	
1769	1	17.72	17.72	18.0016	
1770	1	17.72	17.72	17.8616	
1771	1	17.74	17.74	17.8724	
1772	1	17.77	17.77	18.0371	
1773	1	17.75	17.75	17.9075	
1774	1	17.75	17.75	17.8875	
1775	1	17.81	17.81	18.3939	
1776	1	17.77	17.77	17.7571	
1777	1	17.73	17.73	17.8371	
1778	1	17.7	17.7	18.25	
1779	1	17.78	17.78	17.6516	
1780	1	17.74	17.74	17.8724	
1781	1	17.75	17.75	18.0475	
1782	1	17.78	17.78	17.8916	
1783	1	17.77	17.77	18.0571	
1784	1	17.76	17.76	18.3624	
1785	1	17.9	17.9	17.95	
1786	1	17.91	17.91	17.9819	
1787	1	17.86	17.86	17.9804	
1788	1	17.8	17.8	17.24	
1789	1	17.87	17.87	17.3331	
1790	1	17.9	17.9	17.43	
1791	1	17.86	17.86	16.9604	
1792	1	17.87	17.87	16.9531	
1793	1	17.92	17.92	17.3136	
1794	1	17.84	17.84	17.5344	
1795	1	17.93	17.93	17.5451	
1796	1	17.88	17.88	17.4456	
1797	1	17.88	17.88	17.7856	
1798	1	17.87	17.87	17.8731	
1799	1	17.94	17.94	17.6364	
1800	1	17.94	17.94	17.7964	
1801	1	17.93	17.93	17.8251	
1802	1	17.95	17.95	17.9475	
1803	1	18.02	18.02	18.2396	
1804	1	18.02	18.02	18.2396	
1805	1	17.97	17.97	18.0891	
1806	1	18.04	18.04	18.2984	
1807	1	18	18	17.92	
1808	1	18.05	18.05	18.0675	
1809	1	17.96	17.96	18.1584	
1810	1	18.04	18.04	17.9984	
1811	1	18.07	18.07	18.2451	
1812	1	18.11	18.11	18.7179	
1813	1	17.98	17.98	18.3396	
1814	1	18.03	18.03	18.0891	
1815	1	18.05	18.05	18.2275	
1816	1	18.19	18.19	18.4939	
1817	1	18.17	18.17	18.2411	
1818	1	18.24	18.24	18.6024	
1819	1	18.23	18.23	18.3571	
1820	1	18.24	18.24	18.3424	
1821	1	18.22	18.22	18.3116	
1822	1	18.27	18.27	18.5371	
1823	1	18.25	18.25	18.3075	
1824	1	18.21	18.21	18.4059	
1825	1	18.25	18.25	18.3875	
1826	1	18.23	18.23	18.6371	
1827	1	18.28	18.28	18.5816	
1828	1	18.33	18.33	18.4811	
1829	1	18.29	18.29	18.5859	
1830	1	18.36	18.36	18.5104	
1831	1	18.3	18.3	18.67	
1832	1	18.33	18.33	18.5811	
1833	1	18.31	18.31	18.7539	
1834	1	18.37	18.37	18.4731	
1835	1	18.41	18.41	18.6219	
1836	1	18.33	18.33	18.6811	
1837	1	18.31	18.31	19.0139	
1838	1	18.33	18.33	18.9211	
1839	1	18.44	18.44	18.5064	
1840	1	18.42	18.42	18.4436	
1841	1	18.5	18.5	18.79	
1842	1	18.54	18.54	19.0684	
1843	1	18.51	18.51	18.7099	
1844	1	18.49	18.49	20.0499	
1845	1	18.35	18.35	19.6875	
1846	1	18.5	18.5	19.75	
1847	1	18.45	18.45	19.5875	
1848	1	18.48	18.48	19.6496	
1849	1	18.48	18.48	19.6696	
1850	1	18.45	18.45	19.8475	
1851	1	18.47	18.47	19.9291	
1852	1	18.51	18.51	19.7299	
1853	1	18.56	18.56	19.6464	
1854	1	18.54	18.54	19.5884	
1855	1	18.5	18.5	19.87	
1856	1	18.55	18.55	19.5675	
1857	1	18.55	18.55	19.5675	
1858	1	18.5	18.5	20.05	
1859	1	18.68	18.68	20.4776	
1860	1	18.57	18.57	19.9651	
1861	1	18.65	18.65	19.3875	
1862	1	18.71	18.71	19.4259	
1863	1	18.67	18.67	19.3811	
1864	1	18.63	18.63	19.6731	
1865	1	18.75	18.75	19.7475	
1866	1	18.69	18.69	19.4939	
1867	1	18.67	18.67	19.5611	
1868	1	18.68	18.68	19.5176	
1869	1	18.71	18.71	19.5059	
1870	1	18.75	18.75	19.7075	
1871	1	18.72	18.72	19.4416	
1872	1	18.73	18.73	19.4171	
1873	1	18.8	18.8	19.5	
1874	1	18.86	18.86	20.2404	
1875	1	18.8	18.8	19.62	
1876	1	18.85	18.85	19.8675	
1877	1	18.81	18.81	19.7739	
1878	1	18.79	18.79	19.8459	
1879	1	18.81	18.81	19.8139	
1880	1	18.89	18.89	19.5779	
1881	1	18.92	18.92	19.7936	
1882	1	18.85	18.85	19.7075	
1883	1	18.87	18.87	19.6331	
1884	1	18.88	18.88	19.6256	
1885	1	18.91	18.91	19.5619	
1886	1	18.89	18.89	19.6379	
1887	1	18.89	18.89	19.9779	
1888	1	18.92	18.92	19.8336	
1889	1	18.95	18.95	19.7275	
1890	1	19.01	19.01	19.8499	
1891	1	18.89	18.89	19.7979	
1892	1	18.97	18.97	19.8491	
1893	1	18.94	18.94	19.6964	
1894	1	18.94	18.94	19.7564	
1895	1	19.05	19.05	20.8475	
1896	1	19.04	19.04	20.4384	
1897	1	19	19	19.96	
1898	1	19.07	19.07	20.5651	
1899	1	19.11	19.11	20.8379	
1900	1	19.06	19.06	20.0164	
1901	1	19.1	19.1	19.89	
1902	1	19.04	19.04	19.7384	
1903	1	19.12	19.12	19.8056	
1904	1	19.07	19.07	19.7651	
1905	1	19.07	19.07	19.9251	
1906	1	19.15	19.15	20.0675	
1907	1	19.09	19.09	19.9619	
1908	1	19.06	19.06	20.6164	
1909	1	19.12	19.12	20.2056	
1910	1	19.16	19.16	20.1144	
1911	1	19.25	19.25	21.3675	
1912	1	19.23	19.23	20.1971	
1913	1	19.19	19.19	20.5139	
1914	1	19.27	19.27	20.4771	
1915	1	19.35	19.35	20.9475	
1916	1	19.36	19.36	20.9504	
1917	1	19.3	19.3	20.43	
1918	1	19.26	19.26	20.7924	
1919	1	19.37	19.37	20.6531	
1920	1	19.4	19.4	20.78	
1921	1	19.3	19.3	20.93	
1922	1	19.37	19.37	20.4731	
1923	1	19.37	19.37	20.4731	
1924	1	19.46	19.46	20.6484	
1925	1	19.42	19.42	20.4236	
1926	1	19.36	19.36	20.7104	
1927	1	19.38	19.38	20.4956	
1928	1	19.47	19.47	20.5091	
1929	1	19.41	19.41	20.4419	
1930	1	19.56	19.56	20.9864	
1931	1	19.5	19.5	20.57	
1932	1	19.46	19.46	20.3884	
1933	1	19.5	19.5	20.45	
1934	1	19.54	19.54	20.8484	
1935	1	19.51	19.51	20.7499	
1936	1	19.49	19.49	20.7699	
1937	1	19.44	19.44	21.1064	
1938	1	19.54	19.54	20.5284	
1939	1	19.6	19.6	20.72	
1940	1	19.57	19.57	20.9451	
1941	1	19.57	19.57	20.9451	
1942	1	19.66	19.66	21.1044	
1943	1	19.57	19.57	21.0651	
1944	1	19.62	19.62	21.0356	
1945	1	19.61	19.61	21.1779	
1946	1	19.59	19.59	20.9419	
1947	1	19.55	19.55	21.2275	
1948	1	19.63	19.63	20.9731	
1949	1	19.57	19.57	21.1051	
1950	1	19.6	19.6	20.98	
1951	1	19.58	19.58	21.8436	
1952	1	19.65	19.65	21.1075	
1953	1	19.68	19.68	21.0376	
1954	1	19.7	19.7	21.01	
1955	1	19.74	19.74	21.1724	
1956	1	19.66	19.66	21.1244	
1957	1	19.75	19.75	21.1275	
1958	1	19.59	19.59	21.1619	
1959	1	19.55	19.55	21.4675	
1960	1	19.62	19.62	21.3356	
1961	1	19.55	19.55	21.7675	
1962	1	19.6	19.6	21.48	
1963	1	19.61	19.61	21.4179	
1964	1	19.7	19.7	21.59	
1965	1	19.68	19.68	21.3376	
1966	1	19.92	19.92	21.8336	
1967	1	19.83	19.83	21.3611	
1968	1	19.84	19.84	21.4544	
1969	1	19.91	19.91	21.6819	
1970	1	19.85	19.85	21.4075	
1971	1	19.82	19.82	21.6076	
1972	1	19.82	19.82	21.0076	
1973	1	19.83	19.83	21.0211	
1974	1	19.78	19.78	20.9516	
1975	1	19.77	19.77	21.6371	
1976	1	19.85	19.85	21.2275	
1977	1	19.98	19.98	22.2996	
1978	1	19.9	19.9	21.43	
1979	1	19.93	19.93	21.4451	
1980	1	19.93	19.93	21.2651	
1981	1	19.95	19.95	21.4075	
1982	1	19.89	19.89	21.8379	
1983	1	20.05	20.05	21.8475	
1984	1	20.01	20.01	21.4499	
1985	1	19.98	19.98	21.3596	
1986	1	19.98	19.98	21.3596	
1987	1	19.98	19.98	21.3596	
1988	1	20.08	20.08	22.3536	
1989	1	19.96	19.96	21.3984	
1990	1	20.03	20.03	21.5091	
1991	1	19.97	19.97	21.5891	
1992	1	19.89	19.89	22.5179	
1993	1	20	20	21.98	
1994	1	20	20	22	
1995	1	20.19	20.19	22.0539	
1996	1	20.18	20.18	21.9476	
1997	1	20.09	20.09	21.8619	
1998	1	20.11	20.11	21.8779	
1999	1	20.15	20.15	21.6875	
2000	1	20.17	20.17	21.6011	
