# mu = 0.1, s = 0.1, trials requested = 1, runtime = 0:00:02
# "Time"	"Actual trials"	"Mean mutation"	"Average mean mutation"	"Average mutation variance"
0	1	0	0	0	
1	1	0	0	0	
2	1	0.01	0.01	0.0099	
3	1	0.02	0.02	0.0196	
4	1	0.04	0.04	0.0384	
5	1	0.06	0.06	0.0564	
6	1	0.07	0.07	0.0651	
7	1	0.08	0.08	0.0736	
8	1	0.08	0.08	0.0736	
9	1	0.07	0.07	0.0651	
10	1	0.07	0.07	0.0651	
11	1	0.08	0.08	0.0736	
12	1	0.09	0.09	0.0819	
13	1	0.1	0.1	0.09	
14	1	0.1	0.1	0.09	
15	1	0.13	0.13	0.1331	
16	1	0.17	0.17	0.1611	
17	1	0.2	0.2	0.18	
18	1	0.19	0.19	0.1739	
19	1	0.19	0.19	0.1739	
20	1	0.22	0.22	0.2116	
21	1	0.24	0.24	0.2224	
22	1	0.26	0.26	0.2324	
23	1	0.27	0.27	0.2571	
24	1	0.25	0.25	0.2275	
25	1	0.28	0.28	0.2616	
26	1	0.31	0.31	0.2739	
27	1	0.3	0.3	0.27	
28	1	0.32	0.32	0.2776	
29	1	0.31	0.31	0.2539	
30	1	0.28	0.28	0.2416	
31	1	0.28	0.28	0.2416	
32	1	0.29	0.29	0.2459	
33	1	0.28	0.28	0.2616	
34	1	0.25	0.25	0.2475	
35	1	0.26	0.26	0.2524	
36	1	0.27	0.27	0.2771	
37	1	0.26	0.26	0.2324	
38	1	0.27	0.27	0.2371	
39	1	0.3	0.3	0.31	
40	1	0.32	0.32	0.3376	
41	1	0.35	0.35	0.3675	
42	1	0.34	0.34	0.4044	
43	1	0.34	0.34	0.4044	
44	1	0.37	0.37	0.4331	
45	1	0.4	0.4	0.54	
46	1	0.45	0.45	0.6475	
47	1	0.45	0.45	0.6475	
48	1	0.47	0.47	0.6691	
49	1	0.48	0.48	0.7296	
50	1	0.54	0.54	0.8084	
51	1	0.61	0.61	0.8779	
52	1	0.62	0.62	0.8956	
53	1	0.6	0.6	0.86	
54	1	0.6	0.6	0.86	
55	1	0.6	0.6	0.84	
56	1	0.64	0.64	0.8504	
57	1	0.63	0.63	0.7931	
58	1	0.65	0.65	0.8275	
59	1	0.62	0.62	0.7756	
60	1	0.68	0.68	0.8576	
61	1	0.66	0.66	0.8444	
62	1	0.6	0.6	0.78	
63	1	0.63	0.63	0.8331	
64	1	0.58	0.58	0.6636	
65	1	0.58	0.58	0.6636	
66	1	0.6	0.6	0.72	
67	1	0.63	0.63	0.7531	
68	1	0.6	0.6	0.74	
69	1	0.6	0.6	0.72	
70	1	0.64	0.64	0.7304	
71	1	0.62	0.62	0.7156	
72	1	0.56	0.56	0.6064	
73	1	0.59	0.59	0.6619	
74	1	0.65	0.65	0.8475	
75	1	0.68	0.68	0.9176	
76	1	0.7	0.7	0.91	
77	1	0.73	0.73	1.0171	
78	1	0.68	0.68	0.8776	
79	1	0.68	0.68	0.8576	
80	1	0.69	0.69	0.8939	
81	1	0.7	0.7	0.91	
82	1	0.73	0.73	0.9371	
83	1	0.69	0.69	0.8139	
84	1	0.67	0.67	0.8011	
85	1	0.67	0.67	0.8211	
86	1	0.66	0.66	0.8044	
87	1	0.68	0.68	0.8176	
88	1	0.68	0.68	0.8176	
89	1	0.71	0.71	0.8059	
90	1	0.73	0.73	0.8371	
91	1	0.74	0.74	0.8324	
92	1	0.77	0.77	0.9771	
93	1	0.75	0.75	0.8675	
94	1	0.73	0.73	0.8771	
95	1	0.85	0.85	1.2675	
96	1	0.81	0.81	1.0539	
97	1	0.88	0.88	1.2456	
98	1	0.9	0.9	1.23	
99	1	0.88	0.88	1.2056	
100	1	0.86	0.86	1.3404	
101	1	0.89	0.89	1.4579	
102	1	0.88	0.88	1.4456	
103	1	0.89	0.89	1.4579	
104	1	0.88	0.88	1.4656	
105	1	0.85	0.85	1.2875	
106	1	0.82	0.82	1.2676	
107	1	0.86	0.86	1.2804	
108	1	0.9	0.9	1.45	
109	1	0.91	0.91	1.4619	
110	1	0.99	0.99	1.7899	
111	1	1.01	1.01	1.7899	
112	1	1.04	1.04	1.8584	
113	1	1.12	1.12	2.3256	
114	1	1.06	1.06	2.2164	
115	1	1.04	1.04	1.9784	
116	1	1.04	1.04	1.9784	
117	1	1.07	1.07	2.1251	
118	1	1.07	1.07	2.1251	
119	1	1.06	1.06	2.1164	
120	1	1.18	1.18	2.6076	
121	1	1.18	1.18	2.5276	
122	1	1.23	1.23	2.5171	
123	1	1.23	1.23	2.5171	
124	1	1.23	1.23	2.6771	
125	1	1.2	1.2	2.52	
126	1	1.24	1.24	2.6224	
127	1	1.25	1.25	2.3875	
128	1	1.24	1.24	2.4824	
129	1	1.24	1.24	2.4824	
130	1	1.3	1.3	2.69	
131	1	1.3	1.3	2.51	
132	1	1.31	1.31	2.5939	
133	1	1.29	1.29	2.3459	
134	1	1.3	1.3	2.43	
135	1	1.41	1.41	2.8819	
136	1	1.45	1.45	2.9475	
137	1	1.48	1.48	2.9096	
138	1	1.55	1.55	2.9875	
139	1	1.51	1.51	3.0099	
140	1	1.56	1.56	3.0664	
141	1	1.59	1.59	2.9619	
142	1	1.51	1.51	2.9499	
143	1	1.49	1.49	2.8699	
144	1	1.55	1.55	3.0875	
145	1	1.6	1.6	3.36	
146	1	1.64	1.64	3.3904	
147	1	1.65	1.65	3.3675	
148	1	1.66	1.66	3.4044	
149	1	1.68	1.68	3.4976	
150	1	1.69	1.69	3.4539	
151	1	1.74	1.74	3.7724	
152	1	1.76	1.76	3.8424	
153	1	1.77	1.77	3.8771	
154	1	1.74	1.74	3.9324	
155	1	1.79	1.79	3.9659	
156	1	1.78	1.78	4.0716	
157	1	1.82	1.82	4.0676	
158	1	1.83	1.83	4.1411	
159	1	1.82	1.82	3.9276	
160	1	1.87	1.87	4.1131	
161	1	1.9	1.9	4.15	
162	1	1.82	1.82	4.0276	
163	1	1.83	1.83	3.9011	
164	1	1.8	1.8	3.94	
165	1	1.94	1.94	4.6164	
166	1	1.99	1.99	4.7699	
167	1	2.03	2.03	4.7291	
168	1	2.07	2.07	4.8851	
169	1	2.11	2.11	4.8579	
170	1	2.07	2.07	5.0651	
171	1	2.02	2.02	5.0396	
172	1	2.05	2.05	5.1075	
173	1	2.16	2.16	5.5544	
174	1	2.22	2.22	5.8716	
175	1	2.22	2.22	6.0116	
176	1	2.22	2.22	6.1316	
177	1	2.23	2.23	6.1771	
178	1	2.21	2.21	6.1859	
179	1	2.21	2.21	6.1859	
180	1	2.23	2.23	6.1971	
181	1	2.21	2.21	6.2059	
182	1	2.12	2.12	5.8656	
183	1	2.15	2.15	5.7275	
184	1	2.19	2.19	6.0739	
185	1	2.25	2.25	6.1675	
186	1	2.32	2.32	6.2976	
187	1	2.28	2.28	6.4216	
188	1	2.3	2.3	6.25	
189	1	2.42	2.42	6.8836	
190	1	2.38	2.38	6.5756	
191	1	2.5	2.5	7.11	
192	1	2.63	2.63	7.5931	
193	1	2.45	2.45	7.1675	
194	1	2.6	2.6	8.02	
195	1	2.67	2.67	7.9011	
196	1	2.75	2.75	8.2475	
197	1	2.78	2.78	8.4116	
198	1	2.86	2.86	8.8004	
199	1	2.76	2.76	8.5824	
200	1	2.78	2.78	8.5516	
201	1	2.86	2.86	8.7004	
202	1	2.79	2.79	8.7059	
203	1	2.86	2.86	8.9204	
204	1	2.8	2.8	8.54	
205	1	2.9	2.9	8.67	
206	1	2.91	2.91	8.8419	
207	1	2.83	2.83	8.6411	
208	1	2.85	2.85	8.8675	
209	1	2.86	2.86	9.0404	
210	1	2.94	2.94	9.1164	
211	1	3.03	3.03	9.3091	
212	1	3.04	3.04	9.4384	
213	1	2.97	2.97	9.2091	
214	1	2.98	2.98	9.2396	
215	1	2.98	2.98	9.5196	
216	1	2.92	2.92	9.4336	
217	1	2.91	2.91	9.2019	
218	1	2.95	2.95	9.0875	
219	1	2.88	2.88	9.0656	
220	1	2.82	2.82	8.7476	
221	1	2.82	2.82	8.5276	
222	1	2.74	2.74	8.1924	
223	1	2.86	2.86	8.2004	
224	1	2.85	2.85	7.9875	
225	1	3.06	3.06	8.2364	
226	1	3.03	3.03	8.4891	
227	1	3.12	3.12	8.8456	
228	1	3.23	3.23	9.1771	
229	1	3.1	3.1	8.85	
230	1	3.1	3.1	8.91	
231	1	3.11	3.11	8.6579	
232	1	3.24	3.24	9.1224	
233	1	3.37	3.37	9.3931	
234	1	3.36	3.36	9.3504	
235	1	3.37	3.37	9.5531	
236	1	3.27	3.27	9.2971	
237	1	3.3	3.3	9.85	
238	1	3.31	3.31	9.7339	
239	1	3.3	3.3	9.67	
240	1	3.34	3.34	9.4844	
241	1	3.47	3.47	10.1891	
242	1	3.38	3.38	10.0556	
243	1	3.47	3.47	10.2691	
244	1	3.37	3.37	10.2731	
245	1	3.54	3.54	10.7284	
246	1	3.5	3.5	10.43	
247	1	3.46	3.46	10.0684	
248	1	3.59	3.59	10.0619	
249	1	3.62	3.62	10.7956	
250	1	3.6	3.6	10.7	
251	1	3.54	3.54	10.1884	
252	1	3.65	3.65	10.3075	
253	1	3.67	3.67	10.0211	
254	1	3.76	3.76	10.3824	
255	1	3.77	3.77	10.4771	
256	1	3.75	3.75	10.2675	
257	1	3.66	3.66	9.7444	
258	1	3.68	3.68	9.8176	
259	1	3.76	3.76	9.3624	
260	1	3.79	3.79	9.4659	
261	1	3.87	3.87	9.3931	
262	1	3.81	3.81	9.2139	
263	1	3.79	3.79	9.1259	
264	1	4	4	9.32	
265	1	4.04	4.04	9.6784	
266	1	4.12	4.12	9.7856	
267	1	4.16	4.16	9.7544	
268	1	4.19	4.19	9.8139	
269	1	4.07	4.07	9.8251	
270	1	4.02	4.02	9.8396	
271	1	4.13	4.13	11.0331	
272	1	4.22	4.22	10.9116	
273	1	4.32	4.32	10.8176	
274	1	4.33	4.33	10.8211	
275	1	4.42	4.42	11.2636	
276	1	4.49	4.49	11.5699	
277	1	4.45	4.45	11.2275	
278	1	4.52	4.52	11.2696	
279	1	4.45	4.45	11.2275	
280	1	4.47	4.47	11.0691	
281	1	4.48	4.48	11.1896	
282	1	4.49	4.49	11.4099	
283	1	4.46	4.46	11.5884	
284	1	4.42	4.42	11.6236	
285	1	4.39	4.39	11.3979	
286	1	4.45	4.45	11.3275	
287	1	4.5	4.5	11.29	
288	1	4.45	4.45	11.2675	
289	1	4.38	4.38	11.2356	
290	1	4.35	4.35	11.5275	
291	1	4.33	4.33	11.4011	
292	1	4.34	4.34	11.3644	
293	1	4.27	4.27	10.6771	
294	1	4.3	4.3	10.69	
295	1	4.36	4.36	11.1304	
296	1	4.44	4.44	11.2264	
297	1	4.46	4.46	10.9684	
298	1	4.4	4.4	10.88	
299	1	4.36	4.36	10.9304	
300	1	4.41	4.41	11.0819	
301	1	4.41	4.41	11.1419	
302	1	4.41	4.41	11.3419	
303	1	4.49	4.49	11.4899	
304	1	4.62	4.62	12.1556	
305	1	4.64	4.64	11.8304	
306	1	4.67	4.67	11.8811	
307	1	4.66	4.66	12.1444	
308	1	4.79	4.79	13.2659	
309	1	4.75	4.75	12.7075	
310	1	4.79	4.79	12.5659	
311	1	4.78	4.78	13.1716	
312	1	4.89	4.89	13.7579	
313	1	4.93	4.93	13.5851	
314	1	5.09	5.09	15.4619	
315	1	5.17	5.17	16.3411	
316	1	5.3	5.3	16.19	
317	1	5.22	5.22	15.8916	
318	1	5.22	5.22	15.0316	
319	1	5.23	5.23	14.6571	
320	1	5.22	5.22	14.6316	
321	1	5.26	5.26	14.6124	
322	1	5.21	5.21	14.8859	
323	1	5.37	5.37	16.3731	
324	1	5.39	5.39	16.3979	
325	1	5.44	5.44	16.7664	
326	1	5.41	5.41	16.4819	
327	1	5.39	5.39	15.7579	
328	1	5.48	5.48	16.6296	
329	1	5.41	5.41	16.0619	
330	1	5.49	5.49	16.7299	
331	1	5.49	5.49	16.7299	
332	1	5.6	5.6	17.7	
333	1	5.73	5.73	18.5771	
334	1	5.79	5.79	19.4059	
335	1	5.98	5.98	20.7396	
336	1	5.99	5.99	20.8299	
337	1	5.99	5.99	20.9499	
338	1	6.01	6.01	21.1099	
339	1	6.04	6.04	21.4984	
340	1	6.09	6.09	22.0819	
341	1	6.12	6.12	22.8656	
342	1	5.95	5.95	22.0275	
343	1	5.98	5.98	21.7196	
344	1	6.08	6.08	22.3136	
345	1	6.18	6.18	22.7076	
346	1	6.19	6.19	22.7139	
347	1	6.11	6.11	21.9379	
348	1	6.19	6.19	23.0739	
349	1	6.19	6.19	23.0739	
350	1	6.15	6.15	22.9675	
351	1	6.14	6.14	22.6004	
352	1	6.24	6.24	22.7824	
353	1	6.25	6.25	22.7475	
354	1	6.33	6.33	23.4611	
355	1	6.27	6.27	23.1171	
356	1	6.22	6.22	22.8916	
357	1	6.23	6.23	22.7771	
358	1	6.21	6.21	22.0859	
359	1	6.27	6.27	22.3371	
360	1	6.54	6.54	23.7484	
361	1	6.47	6.47	22.9691	
362	1	6.44	6.44	22.6464	
363	1	6.54	6.54	23.3484	
364	1	6.55	6.55	23.6475	
365	1	6.53	6.53	23.3291	
366	1	6.57	6.57	23.6651	
367	1	6.31	6.31	21.4539	
368	1	6.39	6.39	21.3979	
369	1	6.42	6.42	21.8636	
370	1	6.33	6.33	21.2611	
371	1	6.37	6.37	21.5331	
372	1	6.41	6.41	21.4419	
373	1	6.49	6.49	21.8299	
374	1	6.46	6.46	21.6084	
375	1	6.56	6.56	22.1664	
376	1	6.6	6.6	22.84	
377	1	6.76	6.76	23.7424	
378	1	6.92	6.92	25.0736	
379	1	6.94	6.94	25.3564	
380	1	6.96	6.96	25.6784	
381	1	6.99	6.99	26.5299	
382	1	7.25	7.25	27.4275	
383	1	7.42	7.42	28.2236	
384	1	7.45	7.45	28.8875	
385	1	7.5	7.5	29.37	
386	1	7.51	7.51	29.1899	
387	1	7.56	7.56	28.4264	
388	1	7.59	7.59	28.9619	
389	1	7.64	7.64	29.4304	
390	1	7.76	7.76	29.3024	
391	1	7.81	7.81	30.2139	
392	1	7.86	7.86	30.1004	
393	1	8.01	8.01	30.2499	
394	1	8.08	8.08	30.7536	
395	1	8.11	8.11	30.8979	
396	1	8.09	8.09	30.7419	
397	1	8	8	30.64	
398	1	8	8	30.82	
399	1	8.27	8.27	31.1771	
400	1	8.2	8.2	30.8	
401	1	7.99	7.99	30.0699	
402	1	7.98	7.98	29.6596	
403	1	7.99	7.99	29.6499	
404	1	8.34	8.34	31.0444	
405	1	8.31	8.31	31.5339	
406	1	8.48	8.48	30.6696	
407	1	8.38	8.38	31.0956	
408	1	8.7	8.7	30.99	
409	1	8.77	8.77	31.5371	
410	1	8.72	8.72	31.6616	
411	1	8.85	8.85	33.2075	
412	1	8.84	8.84	33.2144	
413	1	8.74	8.74	32.6124	
414	1	8.75	8.75	32.6675	
415	1	8.74	8.74	32.7324	
416	1	8.91	8.91	33.9619	
417	1	9.06	9.06	34.5764	
418	1	9.11	9.11	35.2779	
419	1	9.25	9.25	36.0075	
420	1	9.24	9.24	36.3024	
421	1	9.26	9.26	35.9724	
422	1	9.49	9.49	36.8099	
423	1	9.56	9.56	37.2664	
424	1	9.56	9.56	37.4064	
425	1	9.57	9.57	38.3051	
426	1	9.51	9.51	37.4699	
427	1	9.52	9.52	37.5896	
428	1	9.52	9.52	36.9896	
429	1	9.55	9.55	36.3075	
430	1	9.62	9.62	36.1756	
431	1	9.61	9.61	36.2379	
432	1	9.62	9.62	35.7556	
433	1	9.67	9.67	35.8811	
434	1	9.82	9.82	35.8076	
435	1	9.91	9.91	35.8819	
436	1	9.94	9.94	36.2764	
437	1	9.96	9.96	36.5784	
438	1	9.98	9.98	36.7796	
439	1	9.93	9.93	36.5251	
440	1	10.01	10.01	36.4899	
441	1	10.1	10.1	37.19	
442	1	10.09	10.09	37.9619	
443	1	10.07	10.07	39.0651	
444	1	10.08	10.08	39.2136	
445	1	10.1	10.1	38.75	
446	1	10.11	10.11	38.7179	
447	1	10.17	10.17	37.4611	
448	1	10.23	10.23	37.0371	
449	1	10.22	10.22	37.2116	
450	1	10.26	10.26	37.9124	
451	1	10.26	10.26	38.6524	
452	1	10.29	10.29	39.7859	
453	1	10.27	10.27	39.6171	
454	1	10.21	10.21	39.7659	
455	1	10.33	10.33	40.2811	
456	1	10.35	10.35	41.1475	
457	1	10.41	10.41	40.9819	
458	1	10.31	10.31	40.7339	
459	1	10.35	10.35	41.1875	
460	1	10.39	10.39	41.6979	
461	1	10.35	10.35	41.5275	
462	1	10.33	10.33	40.9811	
463	1	10.3	10.3	40.69	
464	1	10.33	10.33	40.9811	
465	1	10.37	10.37	41.6731	
466	1	10.36	10.36	41.4904	
467	1	10.47	10.47	41.1691	
468	1	10.47	10.47	40.9891	
469	1	10.38	10.38	40.7356	
470	1	10.37	10.37	40.4131	
471	1	10.38	10.38	40.1756	
472	1	10.33	10.33	39.7611	
473	1	10.33	10.33	39.3811	
474	1	10.26	10.26	38.4124	
475	1	10.29	10.29	38.3859	
476	1	10.34	10.34	38.8644	
477	1	10.3	10.3	39.35	
478	1	10.42	10.42	40.0436	
479	1	10.39	10.39	39.6579	
480	1	10.31	10.31	38.9539	
481	1	10.42	10.42	40.0236	
482	1	10.43	10.43	39.8051	
483	1	10.46	10.46	40.2684	
484	1	10.43	10.43	40.0251	
485	1	10.5	10.5	40.33	
486	1	10.44	10.44	39.6864	
487	1	10.37	10.37	39.8931	
488	1	10.24	10.24	38.8224	
489	1	10.19	10.19	38.5739	
490	1	10.1	10.1	37.87	
491	1	10.12	10.12	38.0856	
492	1	10.24	10.24	38.6624	
493	1	10.25	10.25	38.5475	
494	1	10.17	10.17	39.0211	
495	1	10.17	10.17	37.0411	
496	1	10.19	10.19	37.3939	
497	1	10.16	10.16	37.5544	
498	1	10.15	10.15	37.1275	
499	1	10.15	10.15	36.9075	
500	1	10.05	10.05	35.7475	
501	1	10.02	10.02	35.2396	
502	1	10.04	10.04	35.6184	
503	1	10.24	10.24	36.4824	
504	1	10.34	10.34	37.4444	
505	1	10.28	10.28	37.4416	
506	1	10.27	10.27	37.2571	
507	1	10.31	10.31	37.3139	
508	1	10.42	10.42	38.6036	
509	1	10.44	10.44	38.8664	
510	1	10.46	10.46	38.3084	
511	1	10.47	10.47	38.4691	
512	1	10.5	10.5	38.49	
513	1	10.48	10.48	38.1696	
514	1	10.71	10.71	39.0659	
515	1	10.7	10.7	38.97	
516	1	10.71	10.71	39.0059	
517	1	10.66	10.66	38.2844	
518	1	10.62	10.62	37.6956	
519	1	10.72	10.72	38.8216	
520	1	10.81	10.81	39.1939	
521	1	10.9	10.9	39.45	
522	1	10.9	10.9	39.47	
523	1	11.07	11.07	39.8251	
524	1	11.14	11.14	40.0004	
525	1	11.12	11.12	39.1056	
526	1	11.02	11.02	38.9996	
527	1	10.93	10.93	39.1451	
528	1	11	11	39.48	
529	1	11.09	11.09	40.7019	
530	1	11.2	11.2	41.9	
531	1	11.21	11.21	42.4859	
532	1	11.26	11.26	42.4124	
533	1	11.38	11.38	43.6956	
534	1	11.34	11.34	43.9444	
535	1	11.29	11.29	44.3059	
536	1	11.18	11.18	44.6276	
537	1	11.11	11.11	44.4379	
538	1	11.11	11.11	43.9779	
539	1	11.13	11.13	43.9331	
540	1	11.15	11.15	43.1675	
541	1	10.98	10.98	41.8796	
542	1	11	11	42.16	
543	1	11.09	11.09	42.7019	
544	1	11.22	11.22	43.3516	
545	1	11.32	11.32	43.8176	
546	1	11.36	11.36	44.2904	
547	1	11.32	11.32	43.7176	
548	1	11.14	11.14	42.5604	
549	1	11.05	11.05	42.0875	
550	1	11.15	11.15	42.8875	
551	1	11.22	11.22	42.0316	
552	1	11.32	11.32	42.6776	
553	1	11.37	11.37	43.0731	
554	1	11.3	11.3	42.51	
555	1	11.28	11.28	40.9816	
556	1	11.24	11.24	41.3424	
557	1	11.45	11.45	41.8075	
558	1	11.45	11.45	42.1275	
559	1	11.53	11.53	43.3491	
560	1	11.51	11.51	43.0099	
561	1	11.6	11.6	44.96	
562	1	11.68	11.68	45.1776	
563	1	11.75	11.75	44.3875	
564	1	11.89	11.89	44.9779	
565	1	11.89	11.89	45.8779	
566	1	11.78	11.78	45.4116	
567	1	11.93	11.93	47.0051	
568	1	11.89	11.89	46.4379	
569	1	12.01	12.01	46.8299	
570	1	12.03	12.03	46.8291	
571	1	12.03	12.03	46.8691	
572	1	12.13	12.13	47.2331	
573	1	12.11	12.11	46.9579	
574	1	12.15	12.15	46.3675	
575	1	12.17	12.17	48.3411	
576	1	12.26	12.26	48.3724	
577	1	12.26	12.26	48.5524	
578	1	12.35	12.35	49.7675	
579	1	12.3	12.3	48.47	
580	1	12.4	12.4	49.78	
581	1	12.68	12.68	52.4576	
582	1	12.82	12.82	53.5676	
583	1	12.79	12.79	53.3659	
584	1	12.84	12.84	53.9944	
585	1	12.87	12.87	54.1131	
586	1	12.78	12.78	53.4716	
587	1	12.74	12.74	53.1524	
588	1	12.76	12.76	53.4824	
589	1	12.84	12.84	53.3544	
590	1	12.88	12.88	53.8656	
591	1	12.91	12.91	53.8019	
592	1	12.87	12.87	54.3531	
593	1	12.98	12.98	53.9596	
594	1	13	13	54.2	
595	1	13.02	13.02	54.9196	
596	1	13.05	13.05	56.5475	
597	1	13.08	13.08	56.8136	
598	1	13.1	13.1	56.87	
599	1	13.13	13.13	57.3131	
600	1	13.23	13.23	57.7971	
601	1	13.18	13.18	57.4276	
602	1	13.19	13.19	57.3139	
603	1	13.14	13.14	56.9204	
604	1	13.2	13.2	58.82	
605	1	13.2	13.2	57.72	
606	1	13.16	13.16	57.5144	
607	1	13.22	13.22	56.9516	
608	1	13.29	13.29	58.8859	
609	1	13.33	13.33	58.5811	
610	1	13.35	13.35	58.9275	
611	1	13.38	13.38	58.3356	
612	1	13.53	13.53	59.7091	
613	1	13.52	13.52	59.2896	
614	1	13.67	13.67	60.2411	
615	1	13.74	13.74	60.9724	
616	1	13.78	13.78	61.6116	
617	1	13.77	13.77	61.4371	
618	1	13.81	13.81	61.3739	
619	1	13.82	13.82	61.2076	
620	1	13.86	13.86	61.2404	
621	1	13.93	13.93	61.8251	
622	1	13.98	13.98	62.2796	
623	1	13.95	13.95	61.7075	
624	1	13.96	13.96	61.8384	
625	1	14.01	14.01	62.2299	
626	1	14.04	14.04	61.7984	
627	1	14	14	60.88	
628	1	14.01	14.01	61.0299	
629	1	14.08	14.08	62.1136	
630	1	14.16	14.16	62.9344	
631	1	14.21	14.21	63.1059	
632	1	14.18	14.18	63.0276	
633	1	14.18	14.18	63.0276	
634	1	14.16	14.16	63.3944	
635	1	14.16	14.16	63.0344	
636	1	14.15	14.15	62.5075	
637	1	14.16	14.16	62.5344	
638	1	14.25	14.25	63.2875	
639	1	14.17	14.17	63.1611	
640	1	14.19	14.19	63.4939	
641	1	14.16	14.16	63.3544	
642	1	14.16	14.16	63.3544	
643	1	14.19	14.19	63.5539	
644	1	14.18	14.18	63.4076	
645	1	14.22	14.22	64.3716	
646	1	14.21	14.21	64.2259	
647	1	14.24	14.24	64.5624	
648	1	14.25	14.25	64.8475	
649	1	14.22	14.22	65.3916	
650	1	14.21	14.21	65.2259	
651	1	14.14	14.14	63.5204	
652	1	14.13	14.13	63.2331	
653	1	14.12	14.12	63.3056	
654	1	14.19	14.19	64.2339	
655	1	14.02	14.02	61.9596	
656	1	13.96	13.96	62.1584	
657	1	14	14	62.6	
658	1	14.05	14.05	63.1075	
659	1	14.01	14.01	63.4499	
660	1	14	14	63.28	
661	1	14.04	14.04	63.5384	
662	1	14.12	14.12	64.3256	
663	1	14.13	14.13	64.4331	
664	1	14.18	14.18	64.7676	
665	1	14.22	14.22	64.5316	
666	1	14.26	14.26	64.9324	
667	1	14.34	14.34	65.6844	
668	1	14.5	14.5	67.09	
669	1	14.44	14.44	66.0864	
670	1	14.38	14.38	67.6756	
671	1	14.35	14.35	67.7075	
672	1	14.39	14.39	68.4379	
673	1	14.45	14.45	67.8475	
674	1	14.38	14.38	68.0556	
675	1	14.46	14.46	68.9084	
676	1	14.46	14.46	68.6484	
677	1	14.51	14.51	69.0499	
678	1	14.51	14.51	68.7499	
679	1	14.51	14.51	68.6899	
680	1	14.53	14.53	69.0291	
681	1	14.55	14.55	69.3075	
682	1	14.51	14.51	69.1899	
683	1	14.58	14.58	69.7636	
684	1	14.7	14.7	69.57	
685	1	14.69	14.69	68.4139	
686	1	14.73	14.73	67.9971	
687	1	14.67	14.67	67.6411	
688	1	14.74	14.74	68.2524	
689	1	14.75	14.75	68.1475	
690	1	14.81	14.81	68.8939	
691	1	14.77	14.77	68.8171	
692	1	14.84	14.84	69.3344	
693	1	14.85	14.85	69.5275	
694	1	14.85	14.85	69.4475	
695	1	14.72	14.72	69.2216	
696	1	14.72	14.72	69.3016	
697	1	14.6	14.6	67.88	
698	1	14.79	14.79	69.8659	
699	1	14.9	14.9	71.01	
700	1	14.73	14.73	70.7371	
701	1	14.68	14.68	70.5576	
702	1	14.7	14.7	70.87	
703	1	14.68	14.68	70.5976	
704	1	14.69	14.69	70.7339	
705	1	14.7	14.7	70.95	
706	1	14.84	14.84	71.0344	
707	1	14.87	14.87	71.5531	
708	1	14.89	14.89	71.8979	
709	1	15.04	15.04	71.9784	
710	1	15.05	15.05	72.1875	
711	1	15	15	71.38	
712	1	15.01	15.01	71.0699	
713	1	14.93	14.93	70.4051	
714	1	14.83	14.83	70.4811	
715	1	14.95	14.95	71.8475	
716	1	15.1	15.1	73.61	
717	1	15.12	15.12	73.6456	
718	1	15.11	15.11	73.3979	
719	1	15.25	15.25	73.6275	
720	1	15.49	15.49	76.0899	
721	1	15.48	15.48	76.2496	
722	1	15.51	15.51	76.6899	
723	1	15.59	15.59	77.6219	
724	1	15.58	15.58	77.3836	
725	1	15.75	15.75	79.3675	
726	1	15.71	15.71	80.0859	
727	1	15.7	15.7	79.53	
728	1	15.71	15.71	79.6259	
729	1	15.73	15.73	79.8971	
730	1	15.83	15.83	80.1211	
731	1	15.85	15.85	80.0075	
732	1	15.84	15.84	79.9344	
733	1	15.81	15.81	79.4539	
734	1	15.81	15.81	79.1339	
735	1	15.9	15.9	80.45	
736	1	16.01	16.01	80.7699	
737	1	15.98	15.98	81.6796	
738	1	15.96	15.96	81.3184	
739	1	16	16	82.12	
740	1	16.03	16.03	82.6691	
741	1	16.03	16.03	83.1091	
742	1	16.05	16.05	82.7475	
743	1	16.1	16.1	83.51	
744	1	16.12	16.12	83.8056	
745	1	16.14	16.14	84.1004	
746	1	16.18	16.18	83.5876	
747	1	16.19	16.19	83.7739	
748	1	16.23	16.23	84.0371	
749	1	16.32	16.32	84.4776	
750	1	16.37	16.37	85.3331	
751	1	16.37	16.37	85.3731	
752	1	16.31	16.31	84.1939	
753	1	16.33	16.33	84.4411	
754	1	16.29	16.29	83.9459	
755	1	16.29	16.29	84.0659	
756	1	16.31	16.31	84.2539	
757	1	16.25	16.25	84.8875	
758	1	16.29	16.29	85.3459	
759	1	16.28	16.28	85.3216	
760	1	16.35	16.35	84.6275	
761	1	16.42	16.42	86.7036	
762	1	16.58	16.58	86.8036	
763	1	16.74	16.74	86.3724	
764	1	16.9	16.9	86.11	
765	1	16.92	16.92	86.3936	
766	1	17.01	17.01	86.6699	
767	1	17.11	17.11	87.9779	
768	1	17.08	17.08	86.0536	
769	1	17.07	17.07	85.9051	
770	1	17.08	17.08	85.8336	
771	1	17	17	86.26	
772	1	17.05	17.05	87.0075	
773	1	17.07	17.07	86.9851	
774	1	17.03	17.03	86.4691	
775	1	17.05	17.05	86.7875	
776	1	17.09	17.09	87.4619	
777	1	17.12	17.12	87.8456	
778	1	17.17	17.17	88.6811	
779	1	17.19	17.19	89.0139	
780	1	17.18	17.18	88.7876	
781	1	17.24	17.24	89.5224	
782	1	17.35	17.35	88.4675	
783	1	17.38	17.38	88.8756	
784	1	17.42	17.42	88.8636	
785	1	17.42	17.42	89.1836	
786	1	17.28	17.28	89.5016	
787	1	17.25	17.25	88.5075	
788	1	17.39	17.39	88.2379	
789	1	17.44	17.44	88.7864	
790	1	17.46	17.46	89.0884	
791	1	17.41	17.41	88.4619	
792	1	17.44	17.44	88.7864	
793	1	17.51	17.51	89.7899	
794	1	17.5	17.5	89.69	
795	1	17.49	17.49	89.9699	
796	1	17.45	17.45	89.5075	
797	1	17.56	17.56	90.5664	
798	1	17.61	17.61	91.2379	
799	1	17.63	17.63	91.4331	
800	1	17.64	17.64	91.5704	
801	1	17.68	17.68	92.1976	
802	1	17.67	17.67	91.8811	
803	1	17.67	17.67	91.8811	
804	1	17.77	17.77	93.3371	
805	1	17.78	17.78	92.7916	
806	1	17.82	17.82	93.7876	
807	1	17.83	17.83	94.0011	
808	1	17.95	17.95	92.5675	
809	1	18	18	93.18	
810	1	18	18	93.58	
811	1	18.05	18.05	94.2475	
812	1	18.06	18.06	94.3964	
813	1	18.07	18.07	94.5651	
814	1	18.06	18.06	94.0364	
815	1	18.05	18.05	93.9475	
816	1	18.11	18.11	94.8579	
817	1	18.06	18.06	94.4364	
818	1	18.05	18.05	94.2675	
819	1	18.12	18.12	94.7456	
820	1	18.21	18.21	96.2659	
821	1	18.23	18.23	96.6571	
822	1	18.24	18.24	96.3824	
823	1	18.23	18.23	96.2571	
824	1	18.27	18.27	96.7971	
825	1	18.31	18.31	97.2139	
826	1	18.34	18.34	97.6844	
827	1	18.39	18.39	98.4179	
828	1	18.36	18.36	99.5504	
829	1	18.37	18.37	99.6931	
830	1	18.36	18.36	99.5504	
831	1	18.37	18.37	99.6331	
832	1	18.33	18.33	99.5411	
833	1	18.36	18.36	99.7704	
834	1	18.4	18.4	100.46	
835	1	18.38	18.38	99.5956	
836	1	18.37	18.37	99.2331	
837	1	18.35	18.35	98.5675	
838	1	18.44	18.44	100.126	
839	1	18.45	18.45	100.208	
840	1	18.47	18.47	100.529	
841	1	18.49	18.49	100.95	
842	1	18.53	18.53	101.649	
843	1	18.56	18.56	102.166	
844	1	18.58	18.58	102.784	
845	1	18.57	18.57	102.425	
846	1	18.65	18.65	103.288	
847	1	18.71	18.71	104.386	
848	1	18.78	18.78	103.692	
849	1	18.79	18.79	103.426	
850	1	18.78	18.78	103.852	
851	1	18.82	18.82	104.388	
852	1	18.9	18.9	105.77	
853	1	18.92	18.92	105.874	
854	1	18.86	18.86	105.16	
855	1	18.86	18.86	104.9	
856	1	18.87	18.87	105.273	
857	1	18.93	18.93	103.525	
858	1	19	19	104.66	
859	1	18.96	18.96	103.998	
860	1	18.98	18.98	104.68	
861	1	19.05	19.05	105.907	
862	1	19.05	19.05	105.767	
863	1	19.08	19.08	106.194	
864	1	19.05	19.05	105.907	
865	1	19.09	19.09	106.542	
866	1	19.09	19.09	106.482	
867	1	19.13	19.13	107.013	
868	1	19.16	19.16	107.614	
869	1	19.15	19.15	107.328	
870	1	19.02	19.02	107.14	
871	1	19.01	19.01	106.75	
872	1	18.96	18.96	106.318	
873	1	18.98	18.98	106.78	
874	1	19.01	19.01	107.33	
875	1	19.01	19.01	107.15	
876	1	18.95	18.95	105.868	
877	1	18.98	18.98	106.58	
878	1	19.03	19.03	106.089	
879	1	19.06	19.06	106.356	
880	1	19.12	19.12	107.286	
881	1	19.15	19.15	107.608	
882	1	19.12	19.12	108.166	
883	1	19.1	19.1	109.49	
884	1	19.13	19.13	109.813	
885	1	19.14	19.14	109.98	
886	1	19.19	19.19	110.614	
887	1	19.18	19.18	110.408	
888	1	19.2	19.2	108.94	
889	1	19.16	19.16	108.214	
890	1	19.19	19.19	109.114	
891	1	19.27	19.27	110.757	
892	1	19.29	19.29	111.126	
893	1	19.3	19.3	111.19	
894	1	19.28	19.28	110.282	
895	1	19.26	19.26	109.652	
896	1	19.27	19.27	109.677	
897	1	19.29	19.29	109.866	
898	1	19.33	19.33	110.601	
899	1	19.35	19.35	110.887	
900	1	19.33	19.33	110.261	
901	1	19.29	19.29	109.206	
902	1	19.22	19.22	107.852	
903	1	19.18	19.18	109.128	
904	1	19.22	19.22	109.412	
905	1	19.26	19.26	108.292	
906	1	19.35	19.35	109.667	
907	1	19.34	19.34	109.424	
908	1	19.39	19.39	110.158	
909	1	19.44	19.44	111.866	
910	1	19.43	19.43	111.605	
911	1	19.43	19.43	112.885	
912	1	19.41	19.41	112.462	
913	1	19.37	19.37	110.473	
914	1	19.34	19.34	109.944	
915	1	19.34	19.34	109.764	
916	1	19.34	19.34	109.724	
917	1	19.36	19.36	110.17	
918	1	19.36	19.36	110.21	
919	1	19.34	19.34	109.944	
920	1	19.33	19.33	109.781	
921	1	19.37	19.37	110.053	
922	1	19.37	19.37	110.053	
923	1	19.39	19.39	110.338	
924	1	19.37	19.37	110.353	
925	1	19.4	19.4	110.68	
926	1	19.42	19.42	113.264	
927	1	19.44	19.44	113.446	
928	1	19.55	19.55	115.467	
929	1	19.61	19.61	114.298	
930	1	19.6	19.6	114.02	
931	1	19.66	19.66	115.084	
932	1	19.68	19.68	114.978	
933	1	19.69	19.69	115.134	
934	1	19.71	19.71	115.546	
935	1	19.7	19.7	115.49	
936	1	19.75	19.75	116.348	
937	1	19.72	19.72	118.122	
938	1	19.78	19.78	116.892	
939	1	19.68	19.68	117.718	
940	1	19.76	19.76	119.142	
941	1	19.72	19.72	118.422	
942	1	19.75	19.75	119.007	
943	1	19.82	19.82	119.948	
944	1	19.73	19.73	118.437	
945	1	19.77	19.77	119.097	
946	1	19.71	19.71	118.286	
947	1	19.8	19.8	119.76	
948	1	19.77	19.77	117.197	
949	1	19.77	19.77	117.077	
950	1	19.77	19.77	117.017	
951	1	19.85	19.85	118.027	
952	1	19.9	19.9	118.87	
953	1	19.89	19.89	118.778	
954	1	19.94	19.94	119.876	
955	1	19.84	19.84	118.494	
956	1	19.86	19.86	118.94	
957	1	19.82	19.82	117.528	
958	1	19.73	19.73	116.017	
959	1	19.81	19.81	119.094	
960	1	19.81	19.81	119.134	
961	1	19.81	19.81	118.994	
962	1	19.8	19.8	118.8	
963	1	19.94	19.94	119.256	
964	1	19.97	19.97	119.729	
965	1	19.96	19.96	119.558	
966	1	19.9	19.9	119.03	
967	1	19.86	19.86	118.3	
968	1	19.93	19.93	119.385	
969	1	19.98	19.98	120.34	
970	1	19.94	19.94	121.136	
971	1	20.01	20.01	121.87	
972	1	20	20	122.18	
973	1	19.88	19.88	119.986	
974	1	19.9	19.9	120.31	
975	1	19.93	19.93	121.105	
976	1	20.03	20.03	122.869	
977	1	20.02	20.02	122.12	
978	1	20.05	20.05	122.427	
979	1	20.11	20.11	123.338	
980	1	20.1	20.1	123.31	
981	1	20.15	20.15	124.348	
982	1	20.04	20.04	121.818	
983	1	20.17	20.17	122.521	
984	1	20.24	20.24	123.442	
985	1	20.16	20.16	121.754	
986	1	20.17	20.17	121.841	
987	1	20.22	20.22	122.932	
988	1	20.28	20.28	123.402	
989	1	20.28	20.28	123.742	
990	1	20.42	20.42	125.584	
991	1	20.5	20.5	126.93	
992	1	20.41	20.41	127.662	
993	1	20.41	20.41	127.962	
994	1	20.37	20.37	127.353	
995	1	20.47	20.47	128.149	
996	1	20.41	20.41	126.942	
997	1	20.4	20.4	126.76	
998	1	20.41	20.41	127.122	
999	1	20.34	20.34	126.164	
1000	1	20.4	20.4	127.36	
1001	1	20.33	20.33	125.441	
1002	1	20.28	20.28	124.502	
1003	1	20.36	20.36	124.01	
1004	1	20.31	20.31	123.034	
1005	1	20.25	20.25	122.148	
1006	1	20.22	20.22	121.572	
1007	1	20.23	20.23	122.017	
1008	1	20.27	20.27	123.497	
1009	1	20.13	20.13	121.793	
1010	1	20.16	20.16	122.214	
1011	1	20.3	20.3	124.69	
1012	1	20.41	20.41	127.662	
1013	1	20.26	20.26	125.792	
1014	1	20.31	20.31	126.754	
1015	1	20.29	20.29	125.966	
1016	1	20.24	20.24	125.202	
1017	1	20.36	20.36	127.15	
1018	1	20.54	20.54	128.748	
1019	1	20.53	20.53	128.109	
1020	1	20.56	20.56	128.006	
1021	1	20.49	20.49	125.09	
1022	1	20.64	20.64	128.13	
1023	1	20.66	20.66	129.204	
1024	1	20.87	20.87	131.973	
1025	1	20.86	20.86	131.7	
1026	1	20.84	20.84	131.294	
1027	1	20.81	20.81	130.654	
1028	1	20.85	20.85	131.007	
1029	1	20.83	20.83	129.921	
1030	1	20.78	20.78	128.712	
1031	1	20.96	20.96	132.458	
1032	1	21.04	21.04	131.818	
1033	1	20.89	20.89	128.918	
1034	1	20.96	20.96	130.138	
1035	1	20.96	20.96	130.258	
1036	1	21.01	21.01	131.45	
1037	1	20.97	20.97	130.869	
1038	1	20.9	20.9	130.65	
1039	1	20.97	20.97	131.689	
1040	1	21.03	21.03	132.629	
1041	1	21.03	21.03	132.709	
1042	1	21.1	21.1	133.61	
1043	1	21.16	21.16	135.454	
1044	1	21.09	21.09	133.882	
1045	1	21.13	21.13	134.493	
1046	1	21.09	21.09	133.542	
1047	1	21.12	21.12	134.206	
1048	1	20.99	20.99	131.29	
1049	1	21.07	21.07	131.945	
1050	1	21.13	21.13	133.093	
1051	1	21.11	21.11	133.178	
1052	1	20.99	20.99	130.83	
1053	1	20.99	20.99	131.09	
1054	1	21.06	21.06	132.256	
1055	1	20.96	20.96	130.018	
1056	1	20.94	20.94	129.476	
1057	1	20.98	20.98	130.46	
1058	1	20.97	20.97	130.209	
1059	1	20.98	20.98	130.4	
1060	1	20.87	20.87	128.373	
1061	1	20.82	20.82	127.348	
1062	1	20.82	20.82	127.408	
1063	1	20.85	20.85	127.887	
1064	1	20.84	20.84	128.214	
1065	1	20.85	20.85	128.467	
1066	1	20.85	20.85	128.687	
1067	1	20.9	20.9	129.71	
1068	1	20.9	20.9	129.65	
1069	1	20.96	20.96	130.478	
1070	1	20.95	20.95	130.048	
1071	1	20.96	20.96	130.238	
1072	1	20.96	20.96	130.238	
1073	1	21	21	131	
1074	1	20.94	20.94	129.756	
1075	1	20.99	20.99	130.29	
1076	1	20.95	20.95	129.688	
1077	1	21.02	21.02	130.6	
1078	1	21.11	21.11	129.778	
1079	1	21.06	21.06	128.576	
1080	1	21.02	21.02	130.2	
1081	1	21.12	21.12	131.786	
1082	1	21.12	21.12	132.346	
1083	1	21.17	21.17	132.861	
1084	1	21.17	21.17	132.901	
1085	1	21.16	21.16	132.794	
1086	1	21.16	21.16	132.694	
1087	1	21.24	21.24	134.102	
1088	1	21.34	21.34	133.564	
1089	1	21.34	21.34	133.544	
1090	1	21.36	21.36	133.97	
1091	1	21.38	21.38	134.356	
1092	1	21.38	21.38	134.356	
1093	1	21.41	21.41	135.022	
1094	1	21.49	21.49	135.11	
1095	1	21.54	21.54	135.668	
1096	1	21.49	21.49	134.75	
1097	1	21.51	21.51	135.33	
1098	1	21.55	21.55	135.987	
1099	1	21.63	21.63	135.773	
1100	1	21.62	21.62	135.616	
1101	1	21.56	21.56	134.566	
1102	1	21.6	21.6	132.9	
1103	1	21.65	21.65	133.688	
1104	1	21.54	21.54	132.028	
1105	1	21.55	21.55	134.188	
1106	1	21.6	21.6	135.34	
1107	1	21.71	21.71	137.446	
1108	1	21.77	21.77	138.437	
1109	1	21.84	21.84	139.774	
1110	1	21.85	21.85	139.987	
1111	1	21.87	21.87	140.193	
1112	1	21.83	21.83	139.641	
1113	1	21.85	21.85	139.587	
1114	1	21.93	21.93	138.545	
1115	1	21.93	21.93	138.705	
1116	1	21.93	21.93	138.645	
1117	1	21.94	21.94	138.856	
1118	1	22.03	22.03	140.669	
1119	1	22.06	22.06	141.296	
1120	1	22.07	22.07	141.545	
1121	1	22.15	22.15	143.188	
1122	1	22.15	22.15	143.088	
1123	1	22.13	22.13	142.413	
1124	1	22.23	22.23	144.437	
1125	1	22.26	22.26	145.052	
1126	1	22.31	22.31	145.494	
1127	1	22.33	22.33	145.641	
1128	1	22.29	22.29	144.906	
1129	1	22.39	22.39	146.238	
1130	1	22.39	22.39	146.778	
1131	1	22.35	22.35	145.587	
1132	1	22.22	22.22	143.152	
1133	1	22.22	22.22	143.132	
1134	1	22.33	22.33	145.141	
1135	1	22.43	22.43	147.025	
1136	1	22.51	22.51	149.29	
1137	1	22.51	22.51	149.03	
1138	1	22.56	22.56	149.986	
1139	1	22.63	22.63	150.593	
1140	1	22.72	22.72	151.982	
1141	1	22.72	22.72	152.202	
1142	1	22.82	22.82	153.848	
1143	1	22.86	22.86	154.64	
1144	1	22.95	22.95	155.668	
1145	1	22.96	22.96	156.058	
1146	1	22.96	22.96	156.078	
1147	1	22.95	22.95	156.048	
1148	1	23.01	23.01	157.35	
1149	1	22.96	22.96	157.618	
1150	1	22.92	22.92	156.734	
1151	1	22.82	22.82	154.708	
1152	1	22.92	22.92	156.774	
1153	1	23	23	157.56	
1154	1	22.99	22.99	157.43	
1155	1	23.05	23.05	156.367	
1156	1	22.91	22.91	154.162	
1157	1	22.95	22.95	155.148	
1158	1	23.09	23.09	157.962	
1159	1	23.1	23.1	158.71	
1160	1	23.08	23.08	158.534	
1161	1	23.09	23.09	158.102	
1162	1	23.1	23.1	158.21	
1163	1	23.02	23.02	156.6	
1164	1	23.01	23.01	156.51	
1165	1	23.02	23.02	156.86	
1166	1	22.99	22.99	156.21	
1167	1	23.14	23.14	159.18	
1168	1	23.15	23.15	159.288	
1169	1	23.16	23.16	159.394	
1170	1	23.32	23.32	162.258	
1171	1	23.32	23.32	162.418	
1172	1	23.3	23.3	164.73	
1173	1	23.37	23.37	163.373	
1174	1	23.37	23.37	163.553	
1175	1	23.4	23.4	164.02	
1176	1	23.44	23.44	164.606	
1177	1	23.47	23.47	164.789	
1178	1	23.48	23.48	165.13	
1179	1	23.52	23.52	165.35	
1180	1	23.51	23.51	165.27	
1181	1	23.54	23.54	165.488	
1182	1	23.59	23.59	166.362	
1183	1	23.5	23.5	165.49	
1184	1	23.53	23.53	166.169	
1185	1	23.51	23.51	165.59	
1186	1	23.5	23.5	165.51	
1187	1	23.49	23.49	165.25	
1188	1	23.54	23.54	166.348	
1189	1	23.63	23.63	167.733	
1190	1	23.63	23.63	167.333	
1191	1	23.64	23.64	167.43	
1192	1	23.76	23.76	169.822	
1193	1	23.88	23.88	171.546	
1194	1	23.89	23.89	171.558	
1195	1	23.87	23.87	171.113	
1196	1	23.85	23.85	170.607	
1197	1	23.77	23.77	169.037	
1198	1	23.82	23.82	169.328	
1199	1	23.83	23.83	169.801	
1200	1	23.83	23.83	169.761	
1201	1	23.83	23.83	169.701	
1202	1	23.84	23.84	169.774	
1203	1	23.77	23.77	167.877	
1204	1	23.79	23.79	168.226	
1205	1	23.8	23.8	168.18	
1206	1	23.91	23.91	169.562	
1207	1	24.08	24.08	172.054	
1208	1	24.18	24.18	173.228	
1209	1	24.23	24.23	175.877	
1210	1	24.2	24.2	175.1	
1211	1	24.18	24.18	174.688	
1212	1	24.33	24.33	176.921	
1213	1	24.35	24.35	177.387	
1214	1	24.34	24.34	177.204	
1215	1	24.38	24.38	177.876	
1216	1	24.42	24.42	178.864	
1217	1	24.4	24.4	178.32	
1218	1	24.27	24.27	176.397	
1219	1	24.33	24.33	177.741	
1220	1	24.36	24.36	178.41	
1221	1	24.41	24.41	177.642	
1222	1	24.39	24.39	177.258	
1223	1	24.49	24.49	179.55	
1224	1	24.5	24.5	180.53	
1225	1	24.51	24.51	180.43	
1226	1	24.59	24.59	182.342	
1227	1	24.64	24.64	182.93	
1228	1	24.68	24.68	182.798	
1229	1	24.74	24.74	184.132	
1230	1	24.83	24.83	186.121	
1231	1	24.77	24.77	185.057	
1232	1	24.82	24.82	186.148	
1233	1	24.81	24.81	185.674	
1234	1	24.8	24.8	185.44	
1235	1	24.92	24.92	188.074	
1236	1	24.86	24.86	186.94	
1237	1	24.93	24.93	188.445	
1238	1	25	25	190	
1239	1	25.07	25.07	191.505	
1240	1	25.11	25.11	192.458	
1241	1	25.29	25.29	195.546	
1242	1	25.32	25.32	196.238	
1243	1	25.35	25.35	196.247	
1244	1	25.57	25.57	200.905	
1245	1	25.58	25.58	201.004	
1246	1	25.7	25.7	203.65	
1247	1	25.74	25.74	204.512	
1248	1	25.68	25.68	203.438	
1249	1	25.77	25.77	205.557	
1250	1	25.85	25.85	206.387	
1251	1	26.03	26.03	210.009	
1252	1	25.98	25.98	209.02	
1253	1	26.01	26.01	207.71	
1254	1	26.24	26.24	211.582	
1255	1	26.25	26.25	211.128	
1256	1	26.35	26.35	213.347	
1257	1	26.43	26.43	215.145	
1258	1	26.52	26.52	216.95	
1259	1	26.62	26.62	217.976	
1260	1	26.67	26.67	218.421	
1261	1	26.71	26.71	219.146	
1262	1	26.86	26.86	220.04	
1263	1	26.9	26.9	220.61	
1264	1	26.78	26.78	219.432	
1265	1	26.72	26.72	219.502	
1266	1	26.89	26.89	221.578	
1267	1	26.83	26.83	220.381	
1268	1	26.93	26.93	222.405	
1269	1	26.93	26.93	222.405	
1270	1	27	27	223.8	
1271	1	27.07	27.07	225.185	
1272	1	27.06	27.06	224.936	
1273	1	27.1	27.1	225.93	
1274	1	27.23	27.23	227.237	
1275	1	27.37	27.37	228.853	
1276	1	27.35	27.35	228.527	
1277	1	27.42	27.42	228.824	
1278	1	27.42	27.42	229.064	
1279	1	27.46	27.46	229.908	
1280	1	27.49	27.49	229.85	
1281	1	27.44	27.44	229.046	
1282	1	27.43	27.43	229.245	
1283	1	27.38	27.38	228.156	
1284	1	27.38	27.38	228.296	
1285	1	27.41	27.41	228.562	
1286	1	27.41	27.41	228.542	
1287	1	27.4	27.4	228.26	
1288	1	27.46	27.46	229.568	
1289	1	27.53	27.53	230.809	
1290	1	27.56	27.56	231.646	
1291	1	27.63	27.63	232.793	
1292	1	27.71	27.71	234.426	
1293	1	27.78	27.78	235.712	
1294	1	27.78	27.78	235.672	
1295	1	27.67	27.67	235.081	
1296	1	27.8	27.8	236.58	
1297	1	27.81	27.81	236.894	
1298	1	27.78	27.78	236.032	
1299	1	27.81	27.81	236.394	
1300	1	27.82	27.82	236.548	
1301	1	27.83	27.83	236.701	
1302	1	27.86	27.86	237.52	
1303	1	27.88	27.88	237.986	
1304	1	27.91	27.91	238.782	
1305	1	27.92	27.92	238.974	
1306	1	27.9	27.9	238.43	
1307	1	27.89	27.89	238.098	
1308	1	27.9	27.9	238.31	
1309	1	27.9	27.9	241.79	
1310	1	27.98	27.98	243.44	
1311	1	27.96	27.96	243.278	
1312	1	28.06	28.06	245.356	
1313	1	28	28	243.98	
1314	1	28.05	28.05	245.287	
1315	1	28.08	28.08	245.914	
1316	1	28.23	28.23	247.417	
1317	1	28.24	28.24	247.562	
1318	1	28.24	28.24	247.562	
1319	1	28.27	28.27	247.557	
1320	1	28.26	28.26	247.272	
1321	1	28.24	28.24	246.722	
1322	1	28.27	28.27	247.417	
1323	1	28.33	28.33	248.961	
1324	1	28.35	28.35	249.327	
1325	1	28.36	28.36	249.55	
1326	1	28.31	28.31	248.534	
1327	1	28.36	28.36	249.85	
1328	1	28.32	28.32	248.838	
1329	1	28.33	28.33	249.121	
1330	1	28.37	28.37	249.853	
1331	1	28.43	28.43	251.345	
1332	1	28.38	28.38	250.316	
1333	1	28.37	28.37	250.093	
1334	1	28.41	28.41	251.022	
1335	1	28.44	28.44	251.666	
1336	1	28.38	28.38	250.136	
1337	1	28.46	28.46	252.068	
1338	1	28.46	28.46	252.028	
1339	1	28.44	28.44	251.486	
1340	1	28.46	28.46	251.988	
1341	1	28.46	28.46	251.968	
1342	1	28.48	28.48	252.47	
1343	1	28.45	28.45	251.868	
1344	1	28.42	28.42	251.124	
1345	1	28.42	28.42	251.184	
1346	1	28.41	28.41	250.942	
1347	1	28.41	28.41	250.882	
1348	1	28.41	28.41	250.802	
1349	1	28.47	28.47	252.049	
1350	1	28.52	28.52	253.03	
1351	1	28.53	28.53	253.289	
1352	1	28.54	28.54	253.348	
1353	1	28.54	28.54	253.288	
1354	1	28.51	28.51	252.55	
1355	1	28.59	28.59	254.182	
1356	1	28.57	28.57	253.885	
1357	1	28.61	28.61	254.658	
1358	1	28.65	28.65	255.528	
1359	1	28.64	28.64	255.39	
1360	1	28.67	28.67	256.061	
1361	1	28.7	28.7	256.63	
1362	1	28.68	28.68	256.318	
1363	1	28.67	28.67	256.121	
1364	1	28.69	28.69	256.614	
1365	1	28.78	28.78	258.652	
1366	1	28.82	28.82	259.628	
1367	1	28.78	28.78	258.712	
1368	1	28.87	28.87	260.553	
1369	1	28.85	28.85	260.327	
1370	1	28.79	28.79	259.206	
1371	1	28.82	28.82	259.928	
1372	1	28.79	28.79	259.186	
1373	1	28.81	28.81	259.634	
1374	1	28.91	28.91	262.002	
1375	1	29	29	264.18	
1376	1	29.11	29.11	266.518	
1377	1	29.06	29.06	265.316	
1378	1	29.1	29.1	265.39	
1379	1	29.13	29.13	266.213	
1380	1	29.17	29.17	267.021	
1381	1	29.21	29.21	268.026	
1382	1	29.14	29.14	266.28	
1383	1	29.14	29.14	266.28	
1384	1	29.14	29.14	266.62	
1385	1	29.18	29.18	267.588	
1386	1	29.19	29.19	267.734	
1387	1	29.23	29.23	268.517	
1388	1	29.24	29.24	268.782	
1389	1	29.29	29.29	269.886	
1390	1	29.35	29.35	271.387	
1391	1	29.36	29.36	271.71	
1392	1	29.37	29.37	272.093	
1393	1	29.35	29.35	271.407	
1394	1	29.33	29.33	271.081	
1395	1	29.35	29.35	270.067	
1396	1	29.34	29.34	269.804	
1397	1	29.36	29.36	270.15	
1398	1	29.42	29.42	271.544	
1399	1	29.43	29.43	271.845	
1400	1	29.44	29.44	271.986	
1401	1	29.43	29.43	271.705	
1402	1	29.34	29.34	269.544	
1403	1	29.38	29.38	270.536	
1404	1	29.42	29.42	271.584	
1405	1	29.46	29.46	272.568	
1406	1	29.45	29.45	272.188	
1407	1	29.42	29.42	271.484	
1408	1	29.42	29.42	271.784	
1409	1	29.48	29.48	273.23	
1410	1	29.45	29.45	272.527	
1411	1	29.41	29.41	271.762	
1412	1	29.39	29.39	271.358	
1413	1	29.29	29.29	268.906	
1414	1	29.37	29.37	270.773	
1415	1	29.45	29.45	272.767	
1416	1	29.4	29.4	271.44	
1417	1	29.38	29.38	270.996	
1418	1	29.46	29.46	272.928	
1419	1	29.49	29.49	273.75	
1420	1	29.5	29.5	273.99	
1421	1	29.53	29.53	276.189	
1422	1	29.51	29.51	275.89	
1423	1	29.5	29.5	275.71	
1424	1	29.44	29.44	274.166	
1425	1	29.52	29.52	276.15	
1426	1	29.61	29.61	274.178	
1427	1	29.67	29.67	275.581	
1428	1	29.65	29.65	275.428	
1429	1	29.65	29.65	279.707	
1430	1	29.65	29.65	279.328	
1431	1	29.65	29.65	279.428	
1432	1	29.6	29.6	278.14	
1433	1	29.55	29.55	277.147	
1434	1	29.66	29.66	279.204	
1435	1	29.72	29.72	280.502	
1436	1	29.82	29.82	280.988	
1437	1	29.87	29.87	282.333	
1438	1	29.87	29.87	282.733	
1439	1	29.89	29.89	283.638	
1440	1	29.91	29.91	284.142	
1441	1	29.96	29.96	285.638	
1442	1	30.04	30.04	287.718	
1443	1	30.06	30.06	288.336	
1444	1	30.05	30.05	288.587	
1445	1	30	30	287.98	
1446	1	29.94	29.94	286.836	
1447	1	30.03	30.03	288.809	
1448	1	30.17	30.17	291.821	
1449	1	30.31	30.31	294.074	
1450	1	30.24	30.24	292.722	
1451	1	30.27	30.27	293.637	
1452	1	30.33	30.33	295.401	
1453	1	30.3	30.3	295.21	
1454	1	30.36	30.36	296.15	
1455	1	30.5	30.5	298.99	
1456	1	30.44	30.44	297.646	
1457	1	30.38	30.38	296.096	
1458	1	30.34	30.34	295.184	
1459	1	30.48	30.48	298.15	
1460	1	30.54	30.54	299.828	
1461	1	30.52	30.52	299.05	
1462	1	30.56	30.56	301.426	
1463	1	30.6	30.6	302.54	
1464	1	30.7	30.7	301.33	
1465	1	30.61	30.61	299.018	
1466	1	30.64	30.64	299.91	
1467	1	30.71	30.71	301.526	
1468	1	30.77	30.77	302.917	
1469	1	30.75	30.75	302.447	
1470	1	30.86	30.86	305	
1471	1	30.9	30.9	306.03	
1472	1	30.97	30.97	307.149	
1473	1	30.98	30.98	307.38	
1474	1	30.97	30.97	307.169	
1475	1	31.03	31.03	307.789	
1476	1	31.11	31.11	309.738	
1477	1	31.19	31.19	311.734	
1478	1	31.12	31.12	310.426	
1479	1	31.22	31.22	313.332	
1480	1	31.2	31.2	312.78	
1481	1	31.2	31.2	312.74	
1482	1	31.24	31.24	313.762	
1483	1	31.32	31.32	315.458	
1484	1	31.31	31.31	315.374	
1485	1	31.31	31.31	315.434	
1486	1	31.29	31.29	314.846	
1487	1	31.27	31.27	314.397	
1488	1	31.17	31.17	312.621	
1489	1	31.25	31.25	314.967	
1490	1	31.16	31.16	312.434	
1491	1	31.13	31.13	311.513	
1492	1	31.14	31.14	311.92	
1493	1	31.06	31.06	310.576	
1494	1	31.09	31.09	311.442	
1495	1	31.15	31.15	312.428	
1496	1	31.22	31.22	314.352	
1497	1	31.28	31.28	316.182	
1498	1	31.41	31.41	320.022	
1499	1	31.41	31.41	319.982	
1500	1	31.38	31.38	319.976	
1501	1	31.41	31.41	321.002	
1502	1	31.4	31.4	320.66	
1503	1	31.39	31.39	320.278	
1504	1	31.41	31.41	320.942	
1505	1	31.57	31.57	323.805	
1506	1	31.57	31.57	323.805	
1507	1	31.61	31.61	324.718	
1508	1	31.53	31.53	322.809	
1509	1	31.57	31.57	323.225	
1510	1	31.54	31.54	322.408	
1511	1	31.6	31.6	324.16	
1512	1	31.69	31.69	325.934	
1513	1	31.73	31.73	326.517	
1514	1	31.6	31.6	324.1	
1515	1	31.7	31.7	325.75	
1516	1	31.72	31.72	326.542	
1517	1	31.83	31.83	328.181	
1518	1	31.83	31.83	328.361	
1519	1	31.9	31.9	330.43	
1520	1	31.87	31.87	329.693	
1521	1	31.91	31.91	330.902	
1522	1	31.9	31.9	331.31	
1523	1	31.93	31.93	331.445	
1524	1	32	32	332.38	
1525	1	31.99	31.99	332.19	
1526	1	32.1	32.1	334.33	
1527	1	32.05	32.05	332.968	
1528	1	32.09	32.09	334.422	
1529	1	32.08	32.08	333.994	
1530	1	32.09	32.09	334.182	
1531	1	32.15	32.15	335.947	
1532	1	32.05	32.05	333.108	
1533	1	32.08	32.08	333.854	
1534	1	32.13	32.13	335.193	
1535	1	32.14	32.14	335.22	
1536	1	32.16	32.16	335.634	
1537	1	32.23	32.23	337.557	
1538	1	32.22	32.22	336.992	
1539	1	32.23	32.23	337.057	
1540	1	32.22	32.22	336.792	
1541	1	32.2	32.2	336.28	
1542	1	32.23	32.23	336.917	
1543	1	32.23	32.23	336.717	
1544	1	32.19	32.19	335.514	
1545	1	32.13	32.13	333.833	
1546	1	32.1	32.1	332.95	
1547	1	32.14	32.14	334.12	
1548	1	32.21	32.21	336.246	
1549	1	32.33	32.33	339.401	
1550	1	32.36	32.36	339.79	
1551	1	32.48	32.48	343.41	
1552	1	32.63	32.63	347.293	
1553	1	32.64	32.64	347.65	
1554	1	32.64	32.64	347.91	
1555	1	32.71	32.71	349.786	
1556	1	32.66	32.66	348.184	
1557	1	32.58	32.58	351.284	
1558	1	32.61	32.61	352.018	
1559	1	32.6	32.6	352.12	
1560	1	32.58	32.58	351.504	
1561	1	32.59	32.59	351.662	
1562	1	32.65	32.65	353.508	
1563	1	32.72	32.72	355.322	
1564	1	32.72	32.72	355.042	
1565	1	32.8	32.8	357.42	
1566	1	32.78	32.78	357.232	
1567	1	32.83	32.83	358.461	
1568	1	32.82	32.82	359.048	
1569	1	32.83	32.83	359.721	
1570	1	32.85	32.85	360.327	
1571	1	32.87	32.87	361.033	
1572	1	32.86	32.86	361.14	
1573	1	32.87	32.87	361.533	
1574	1	32.97	32.97	364.269	
1575	1	33.09	33.09	367.582	
1576	1	33.12	33.12	368.786	
1577	1	33.23	33.23	371.857	
1578	1	33.26	33.26	372.612	
1579	1	33.26	33.26	372.712	
1580	1	33.23	33.23	371.977	
1581	1	33.4	33.4	376.32	
1582	1	33.38	33.38	376.136	
1583	1	33.42	33.42	377.124	
1584	1	33.44	33.44	377.806	
1585	1	33.48	33.48	378.67	
1586	1	33.37	33.37	375.033	
1587	1	33.37	33.37	374.773	
1588	1	33.38	33.38	374.956	
1589	1	33.43	33.43	376.245	
1590	1	33.5	33.5	377.87	
1591	1	33.61	33.61	381.378	
1592	1	33.56	33.56	379.926	
1593	1	33.56	33.56	379.966	
1594	1	33.59	33.59	381.082	
1595	1	33.63	33.63	382.233	
1596	1	33.74	33.74	385.412	
1597	1	33.87	33.87	389.513	
1598	1	33.94	33.94	390.916	
1599	1	33.88	33.88	389.746	
1600	1	33.93	33.93	391.245	
1601	1	33.87	33.87	389.853	
1602	1	33.88	33.88	390.166	
1603	1	33.96	33.96	392.238	
1604	1	33.98	33.98	392.8	
1605	1	34.01	34.01	393.67	
1606	1	34.08	34.08	395.814	
1607	1	34.25	34.25	400.487	
1608	1	34.27	34.27	400.897	
1609	1	34.22	34.22	399.532	
1610	1	34.24	34.24	400.382	
1611	1	34.45	34.45	406.147	
1612	1	34.53	34.53	408.129	
1613	1	34.57	34.57	408.785	
1614	1	34.57	34.57	408.945	
1615	1	34.57	34.57	408.965	
1616	1	34.73	34.73	413.057	
1617	1	34.65	34.65	411.168	
1618	1	34.61	34.61	409.978	
1619	1	34.64	34.64	410.87	
1620	1	34.73	34.73	413.217	
1621	1	34.74	34.74	413.772	
1622	1	34.73	34.73	413.337	
1623	1	34.74	34.74	414.232	
1624	1	34.72	34.72	413.222	
1625	1	34.71	34.71	412.826	
1626	1	34.8	34.8	415.46	
1627	1	34.93	34.93	419.745	
1628	1	34.91	34.91	419.062	
1629	1	34.97	34.97	421.329	
1630	1	35.02	35.02	423.04	
1631	1	35.11	35.11	425.358	
1632	1	35.37	35.37	433.053	
1633	1	35.42	35.42	434.644	
1634	1	35.44	35.44	434.866	
1635	1	35.56	35.56	438.046	
1636	1	35.53	35.53	437.029	
1637	1	35.5	35.5	436.13	
1638	1	35.52	35.52	436.59	
1639	1	35.43	35.43	434.305	
1640	1	35.33	35.33	434.521	
1641	1	35.37	35.37	435.213	
1642	1	35.41	35.41	435.882	
1643	1	35.43	35.43	436.405	
1644	1	35.54	35.54	439.928	
1645	1	35.68	35.68	443.958	
1646	1	35.71	35.71	444.946	
1647	1	35.65	35.65	442.968	
1648	1	35.62	35.62	443.896	
1649	1	35.68	35.68	445.478	
1650	1	35.6	35.6	443.1	
1651	1	35.71	35.71	446.746	
1652	1	35.85	35.85	451.067	
1653	1	35.83	35.83	450.401	
1654	1	35.79	35.79	449.146	
1655	1	35.78	35.78	448.792	
1656	1	35.79	35.79	449.206	
1657	1	35.68	35.68	443.638	
1658	1	35.75	35.75	445.967	
1659	1	35.76	35.76	446.502	
1660	1	35.77	35.77	439.717	
1661	1	35.8	35.8	440.42	
1662	1	35.77	35.77	439.437	
1663	1	35.77	35.77	439.417	
1664	1	35.66	35.66	436.064	
1665	1	35.68	35.68	436.618	
1666	1	35.76	35.76	438.102	
1667	1	35.86	35.86	441.38	
1668	1	35.8	35.8	439.58	
1669	1	35.89	35.89	442.338	
1670	1	35.98	35.98	445.28	
1671	1	36.07	36.07	446.065	
1672	1	36.11	36.11	447.358	
1673	1	36.17	36.17	449.221	
1674	1	36.14	36.14	448.28	
1675	1	36.09	36.09	446.582	
1676	1	36.09	36.09	446.342	
1677	1	36.1	36.1	448.33	
1678	1	36.16	36.16	450.474	
1679	1	36.43	36.43	458.405	
1680	1	36.44	36.44	458.666	
1681	1	36.59	36.59	461.842	
1682	1	36.64	36.64	463.53	
1683	1	36.92	36.92	468.994	
1684	1	36.92	36.92	469.014	
1685	1	36.83	36.83	466.281	
1686	1	36.81	36.81	465.554	
1687	1	36.86	36.86	467.32	
1688	1	36.85	36.85	466.967	
1689	1	36.78	36.78	464.592	
1690	1	36.78	36.78	464.392	
1691	1	36.92	36.92	468.814	
1692	1	37.17	37.17	476.001	
1693	1	37.27	37.27	478.517	
1694	1	37.36	37.36	480.73	
1695	1	37.55	37.55	485.648	
1696	1	37.53	37.53	485.369	
1697	1	37.56	37.56	486.206	
1698	1	37.62	37.62	488.196	
1699	1	37.55	37.55	486.188	
1700	1	37.68	37.68	490.298	
1701	1	37.69	37.69	490.754	
1702	1	37.68	37.68	490.578	
1703	1	37.67	37.67	490.281	
1704	1	37.64	37.64	489.17	
1705	1	37.57	37.57	487.065	
1706	1	37.57	37.57	486.225	
1707	1	37.63	37.63	488.593	
1708	1	37.71	37.71	491.186	
1709	1	37.83	37.83	494.681	
1710	1	37.74	37.74	491.852	
1711	1	37.88	37.88	495.626	
1712	1	37.92	37.92	497.034	
1713	1	37.95	37.95	497.987	
1714	1	38.01	38.01	499.81	
1715	1	37.98	37.98	499.16	
1716	1	37.96	37.96	498.538	
1717	1	37.97	37.97	498.669	
1718	1	38.17	38.17	504.181	
1719	1	38.18	38.18	504.528	
1720	1	38.24	38.24	506.382	
1721	1	38.27	38.27	507.257	
1722	1	38.29	38.29	507.886	
1723	1	38.34	38.34	509.404	
1724	1	38.36	38.36	510.03	
1725	1	38.43	38.43	512.205	
1726	1	38.47	38.47	513.749	
1727	1	38.5	38.5	514.35	
1728	1	38.55	38.55	516.028	
1729	1	38.65	38.65	518.987	
1730	1	38.56	38.56	516.446	
1731	1	38.65	38.65	518.868	
1732	1	38.65	38.65	519.068	
1733	1	38.63	38.63	518.693	
1734	1	38.67	38.67	520.641	
1735	1	38.68	38.68	521.078	
1736	1	38.63	38.63	519.453	
1737	1	38.65	38.65	519.707	
1738	1	38.7	38.7	519.11	
1739	1	38.69	38.69	517.594	
1740	1	38.6	38.6	514.72	
1741	1	38.66	38.66	516.704	
1742	1	38.71	38.71	518.466	
1743	1	38.67	38.67	517.021	
1744	1	38.59	38.59	520.842	
1745	1	38.61	38.61	515.018	
1746	1	38.69	38.69	518.014	
1747	1	38.65	38.65	516.707	
1748	1	38.68	38.68	518.098	
1749	1	38.57	38.57	521.745	
1750	1	38.53	38.53	520.789	
1751	1	38.47	38.47	518.669	
1752	1	38.57	38.57	522.145	
1753	1	38.55	38.55	521.688	
1754	1	38.58	38.58	522.764	
1755	1	38.54	38.54	521.668	
1756	1	38.46	38.46	518.568	
1757	1	38.55	38.55	522.268	
1758	1	38.64	38.64	525.67	
1759	1	38.58	38.58	523.904	
1760	1	38.63	38.63	525.053	
1761	1	38.68	38.68	527.038	
1762	1	38.65	38.65	526.068	
1763	1	38.75	38.75	529.108	
1764	1	38.95	38.95	535.287	
1765	1	38.93	38.93	534.665	
1766	1	39.11	39.11	540.058	
1767	1	39.16	39.16	541.314	
1768	1	39.17	39.17	540.901	
1769	1	39.28	39.28	544.302	
1770	1	39.39	39.39	547.778	
1771	1	39.44	39.44	549.586	
1772	1	39.38	39.38	547.676	
1773	1	39.37	39.37	547.653	
1774	1	39.49	39.49	551.49	
1775	1	39.56	39.56	553.586	
1776	1	39.65	39.65	556.428	
1777	1	39.67	39.67	557.001	
1778	1	39.66	39.66	556.424	
1779	1	39.65	39.65	556.028	
1780	1	39.54	39.54	552.588	
1781	1	39.47	39.47	550.369	
1782	1	39.54	39.54	552.608	
1783	1	39.48	39.48	550.69	
1784	1	39.43	39.43	549.045	
1785	1	39.46	39.46	550.168	
1786	1	39.53	39.53	552.629	
1787	1	39.59	39.59	554.362	
1788	1	39.59	39.59	554.342	
1789	1	39.57	39.57	553.865	
1790	1	39.5	39.5	552.03	
1791	1	39.49	39.49	552.03	
1792	1	39.59	39.59	555.262	
1793	1	39.63	39.63	556.353	
1794	1	39.69	39.69	558.394	
1795	1	39.68	39.68	558.078	
1796	1	39.78	39.78	561.112	
1797	1	39.82	39.82	562.548	
1798	1	39.76	39.76	560.442	
1799	1	39.84	39.84	562.854	
1800	1	39.76	39.76	560.542	
1801	1	39.83	39.83	562.461	
1802	1	39.78	39.78	561.052	
1803	1	39.64	39.64	557.01	
1804	1	39.55	39.55	554.388	
1805	1	39.64	39.64	557.13	
1806	1	39.62	39.62	556.516	
1807	1	39.69	39.69	558.594	
1808	1	39.67	39.67	557.701	
1809	1	39.63	39.63	556.353	
1810	1	39.66	39.66	557.424	
1811	1	39.64	39.64	556.65	
1812	1	39.75	39.75	560.468	
1813	1	39.78	39.78	561.432	
1814	1	39.91	39.91	565.442	
1815	1	39.93	39.93	565.605	
1816	1	40.04	40.04	568.938	
1817	1	40.1	40.1	570.85	
1818	1	40.06	40.06	569.416	
1819	1	40.15	40.15	572.188	
1820	1	40.12	40.12	571.046	
1821	1	40.14	40.14	571.76	
1822	1	40.2	40.2	574.04	
1823	1	40.3	40.3	577.53	
1824	1	40.35	40.35	579.408	
1825	1	40.3	40.3	578.17	
1826	1	40.3	40.3	578.17	
1827	1	40.38	40.38	580.696	
1828	1	40.43	40.43	582.345	
1829	1	40.3	40.3	578.39	
1830	1	40.29	40.29	578.186	
1831	1	40.3	40.3	578.21	
1832	1	40.3	40.3	577.91	
1833	1	40.29	40.29	577.526	
1834	1	40.37	40.37	580.313	
1835	1	40.4	40.4	581.18	
1836	1	40.43	40.43	582.365	
1837	1	40.42	40.42	582.124	
1838	1	40.47	40.47	583.829	
1839	1	40.48	40.48	584.21	
1840	1	40.37	40.37	580.733	
1841	1	40.31	40.31	578.654	
1842	1	40.22	40.22	575.652	
1843	1	40.26	40.26	576.712	
1844	1	40.4	40.4	581.62	
1845	1	40.3	40.3	578.49	
1846	1	40.24	40.24	576.642	
1847	1	40.44	40.44	583.046	
1848	1	40.4	40.4	581.64	
1849	1	40.33	40.33	579.401	
1850	1	40.4	40.4	582	
1851	1	40.54	40.54	586.688	
1852	1	40.53	40.53	586.229	
1853	1	40.46	40.46	583.728	
1854	1	40.57	40.57	587.205	
1855	1	40.54	40.54	586.168	
1856	1	40.51	40.51	585.11	
1857	1	40.53	40.53	585.629	
1858	1	40.47	40.47	583.729	
1859	1	40.39	40.39	580.958	
1860	1	40.32	40.32	578.598	
1861	1	40.35	40.35	579.647	
1862	1	40.46	40.46	583.188	
1863	1	40.71	40.71	591.946	
1864	1	40.89	40.89	598.218	
1865	1	40.95	40.95	600.507	
1866	1	40.95	40.95	600.287	
1867	1	41.03	41.03	603.129	
1868	1	41.01	41.01	603.21	
1869	1	41.16	41.16	608.374	
1870	1	41.19	41.19	609.154	
1871	1	41.28	41.28	612.062	
1872	1	41.37	41.37	615.493	
1873	1	41.46	41.46	618.508	
1874	1	41.5	41.5	620.09	
1875	1	41.49	41.49	619.39	
1876	1	41.63	41.63	623.953	
1877	1	41.78	41.78	629.132	
1878	1	41.76	41.76	628.282	
1879	1	41.67	41.67	625.421	
1880	1	41.63	41.63	624.173	
1881	1	41.6	41.6	623.42	
1882	1	41.75	41.75	628.787	
1883	1	41.75	41.75	628.508	
1884	1	41.8	41.8	630.02	
1885	1	41.71	41.71	626.886	
1886	1	41.76	41.76	628.642	
1887	1	41.74	41.74	628.312	
1888	1	41.67	41.67	626.081	
1889	1	41.74	41.74	628.512	
1890	1	41.77	41.77	629.377	
1891	1	41.7	41.7	626.95	
1892	1	41.79	41.79	630.186	
1893	1	41.83	41.83	631.541	
1894	1	41.84	41.84	631.714	
1895	1	41.91	41.91	634.562	
1896	1	41.94	41.94	635.716	
1897	1	41.97	41.97	636.809	
1898	1	42.02	42.02	638.58	
1899	1	41.94	41.94	635.556	
1900	1	41.85	41.85	632.447	
1901	1	41.85	41.85	632.507	
1902	1	41.9	41.9	634.15	
1903	1	41.82	41.82	631.708	
1904	1	41.91	41.91	634.582	
1905	1	41.83	41.83	632.021	
1906	1	41.94	41.94	635.856	
1907	1	42.01	42.01	637.95	
1908	1	42.04	42.04	639.098	
1909	1	42.1	42.1	641.17	
1910	1	42.18	42.18	643.748	
1911	1	42.29	42.29	647.466	
1912	1	42.42	42.42	652.164	
1913	1	42.34	42.34	649.504	
1914	1	42.25	42.25	646.448	
1915	1	42.35	42.35	650.048	
1916	1	42.56	42.56	657.246	
1917	1	42.76	42.76	664.082	
1918	1	42.59	42.59	658.162	
1919	1	42.73	42.73	663.177	
1920	1	42.75	42.75	663.948	
1921	1	42.87	42.87	668.033	
1922	1	42.93	42.93	669.825	
1923	1	42.87	42.87	667.573	
1924	1	43.28	43.28	681.722	
1925	1	43.25	43.25	680.887	
1926	1	43.31	43.31	683.494	
1927	1	43	43	672.78	
1928	1	43.11	43.11	676.598	
1929	1	43.03	43.03	673.929	
1930	1	43.28	43.28	682.382	
1931	1	43.28	43.28	682.222	
1932	1	43.3	43.3	682.85	
1933	1	43.43	43.43	687.165	
1934	1	43.51	43.51	689.97	
1935	1	43.49	43.49	689.35	
1936	1	43.58	43.58	692.324	
1937	1	43.6	43.6	693.02	
1938	1	43.57	43.57	691.925	
1939	1	43.56	43.56	691.666	
1940	1	43.57	43.57	692.005	
1941	1	43.54	43.54	690.768	
1942	1	43.72	43.72	697.342	
1943	1	43.74	43.74	698.132	
1944	1	43.76	43.76	698.882	
1945	1	43.83	43.83	700.981	
1946	1	43.85	43.85	701.567	
1947	1	43.83	43.83	700.821	
1948	1	43.83	43.83	700.921	
1949	1	43.72	43.72	696.902	
1950	1	43.72	43.72	696.782	
1951	1	43.72	43.72	696.702	
1952	1	43.83	43.83	700.581	
1953	1	43.87	43.87	702.233	
1954	1	43.93	43.93	704.525	
1955	1	43.96	43.96	705.698	
1956	1	43.85	43.85	701.727	
1957	1	43.88	43.88	702.766	
1958	1	43.87	43.87	702.473	
1959	1	43.93	43.93	697.845	
1960	1	43.98	43.98	699.62	
1961	1	44.04	44.04	701.778	
1962	1	43.95	43.95	698.447	
1963	1	43.95	43.95	698.547	
1964	1	44.01	44.01	700.91	
1965	1	44.06	44.06	703.056	
1966	1	44.12	44.12	705.466	
1967	1	44.14	44.14	705.9	
1968	1	44.21	44.21	708.606	
1969	1	44.29	44.29	711.606	
1970	1	44.32	44.32	712.838	
1971	1	44.31	44.31	712.494	
1972	1	44.29	44.29	712.066	
1973	1	44.25	44.25	710.367	
1974	1	44.28	44.28	711.662	
1975	1	44.31	44.31	712.714	
1976	1	44.32	44.32	712.798	
1977	1	44.46	44.46	718.428	
1978	1	44.47	44.47	718.649	
1979	1	44.52	44.52	720.51	
1980	1	44.59	44.59	723.142	
1981	1	44.55	44.55	721.568	
1982	1	44.55	44.55	721.368	
1983	1	44.55	44.55	721.188	
1984	1	44.47	44.47	718.049	
1985	1	44.54	44.54	720.848	
1986	1	44.61	44.61	723.618	
1987	1	44.56	44.56	721.546	
1988	1	44.61	44.61	723.478	
1989	1	44.6	44.6	723.02	
1990	1	44.68	44.68	726.178	
1991	1	44.68	44.68	726.338	
1992	1	44.64	44.64	724.73	
1993	1	44.66	44.66	725.424	
1994	1	44.61	44.61	723.278	
1995	1	44.72	44.72	727.722	
1996	1	44.75	44.75	728.827	
1997	1	44.68	44.68	725.978	
1998	1	44.72	44.72	727.322	
1999	1	44.66	44.66	725.424	
2000	1	44.69	44.69	726.514	
