# mu = 0.1, s = 1, trials requested = 1, runtime = 0:00:01
# "Time"	"Actual trials"	"Mean mutation"	"Average mean mutation"	"Average mutation variance"
0	1	0	0	0	
1	1	0.03	0.03	0.0291	
2	1	0.02	0.02	0.0196	
3	1	0.04	0.04	0.0384	
4	1	0.05	0.05	0.0475	
5	1	0.06	0.06	0.0564	
6	1	0.07	0.07	0.0651	
7	1	0.06	0.06	0.0564	
8	1	0.07	0.07	0.0651	
9	1	0.06	0.06	0.0564	
10	1	0.06	0.06	0.0564	
11	1	0.07	0.07	0.0651	
12	1	0.07	0.07	0.0651	
13	1	0.08	0.08	0.0736	
14	1	0.08	0.08	0.0736	
15	1	0.08	0.08	0.0736	
16	1	0.1	0.1	0.09	
17	1	0.12	0.12	0.1056	
18	1	0.14	0.14	0.1204	
19	1	0.14	0.14	0.1204	
20	1	0.17	0.17	0.1411	
21	1	0.19	0.19	0.1739	
22	1	0.21	0.21	0.2059	
23	1	0.23	0.23	0.2371	
24	1	0.26	0.26	0.2924	
25	1	0.28	0.28	0.3016	
26	1	0.29	0.29	0.3259	
27	1	0.31	0.31	0.3339	
28	1	0.32	0.32	0.3376	
29	1	0.33	0.33	0.3611	
30	1	0.36	0.36	0.4104	
31	1	0.36	0.36	0.4104	
32	1	0.36	0.36	0.4104	
33	1	0.37	0.37	0.4131	
34	1	0.4	0.4	0.42	
35	1	0.42	0.42	0.4836	
36	1	0.48	0.48	0.6296	
37	1	0.47	0.47	0.5891	
38	1	0.46	0.46	0.5884	
39	1	0.48	0.48	0.6296	
40	1	0.5	0.5	0.67	
41	1	0.52	0.52	0.7096	
42	1	0.53	0.53	0.7291	
43	1	0.52	0.52	0.7296	
44	1	0.56	0.56	0.7464	
45	1	0.55	0.55	0.7275	
46	1	0.57	0.57	0.7251	
47	1	0.57	0.57	0.7251	
48	1	0.6	0.6	0.76	
49	1	0.65	0.65	0.9675	
50	1	0.67	0.67	1.0811	
51	1	0.68	0.68	1.1976	
52	1	0.69	0.69	1.3739	
53	1	0.68	0.68	1.3776	
54	1	0.77	0.77	1.9971	
55	1	0.78	0.78	2.1316	
56	1	0.82	0.82	2.5876	
57	1	0.82	0.82	2.5876	
58	1	0.82	0.82	2.5876	
59	1	0.82	0.82	2.5876	
60	1	0.82	0.82	2.5876	
61	1	0.84	0.84	2.9344	
62	1	0.75	0.75	2.2875	
63	1	0.9	0.9	4.21	
64	1	0.9	0.9	4.21	
65	1	0.92	0.92	4.7136	
66	1	0.92	0.92	4.7136	
67	1	0.94	0.94	5.2564	
68	1	0.94	0.94	5.2564	
69	1	0.94	0.94	5.2564	
70	1	0.98	0.98	6.4596	
71	1	0.98	0.98	6.4596	
72	1	0.98	0.98	6.4596	
73	1	0.98	0.98	6.4596	
74	1	1	1	7.12	
75	1	1	1	7.12	
76	1	1	1	7.12	
77	1	1.02	1.02	7.8196	
78	1	1.04	1.04	8.5584	
79	1	1.04	1.04	8.5584	
80	1	1.04	1.04	8.5584	
81	1	1.04	1.04	8.5584	
82	1	1.06	1.06	9.3364	
83	1	1.08	1.08	10.1536	
84	1	1.12	1.12	11.9056	
85	1	1.12	1.12	11.9056	
86	1	1.12	1.12	11.9056	
87	1	1.12	1.12	11.9056	
88	1	1.12	1.12	11.9056	
89	1	1.13	1.13	12.3731	
90	1	1.16	1.16	13.8144	
91	1	1.16	1.16	13.8144	
92	1	1.16	1.16	13.8144	
93	1	1.18	1.18	14.8276	
94	1	1.18	1.18	14.8276	
95	1	1.18	1.18	14.8276	
96	1	1.18	1.18	14.8276	
97	1	1.2	1.2	15.88	
98	1	1.22	1.22	16.9716	
99	1	1.22	1.22	16.9716	
100	1	1.23	1.23	17.5371	
101	1	1.24	1.24	18.1024	
102	1	1.26	1.26	19.2724	
103	1	1.3	1.3	21.73	
104	1	1.3	1.3	21.73	
105	1	1.3	1.3	21.73	
106	1	1.32	1.32	23.0176	
107	1	1.32	1.32	23.0176	
108	1	1.34	1.34	24.3444	
109	1	1.36	1.36	25.7104	
110	1	1.38	1.38	27.1156	
111	1	1.4	1.4	28.56	
112	1	1.4	1.4	28.56	
113	1	1.4	1.4	28.56	
114	1	1.41	1.41	29.3019	
115	1	1.43	1.43	30.8051	
116	1	1.47	1.47	33.9291	
117	1	1.5	1.5	36.37	
118	1	1.5	1.5	36.37	
119	1	1.54	1.54	39.7684	
120	1	1.58	1.58	43.3236	
121	1	1.64	1.64	48.9504	
122	1	1.64	1.64	48.9504	
123	1	1.66	1.66	50.9044	
124	1	1.66	1.66	50.9044	
125	1	1.66	1.66	50.9044	
126	1	1.66	1.66	50.9044	
127	1	1.66	1.66	50.9044	
128	1	1.68	1.68	52.8976	
129	1	1.7	1.7	54.93	
130	1	1.71	1.71	55.9659	
131	1	1.73	1.73	58.0571	
132	1	1.74	1.74	59.1124	
133	1	1.8	1.8	65.68	
134	1	1.8	1.8	65.68	
135	1	1.8	1.8	65.68	
136	1	1.82	1.82	67.9476	
137	1	1.86	1.86	72.6004	
138	1	1.9	1.9	77.41	
139	1	1.93	1.93	81.1251	
140	1	1.92	1.92	79.8736	
141	1	1.95	1.95	83.6475	
142	1	1.96	1.96	84.9184	
143	1	1.96	1.96	84.9184	
144	1	1.96	1.96	84.9184	
145	1	1.96	1.96	84.9184	
146	1	1.96	1.96	84.9184	
147	1	1.98	1.98	87.4996	
148	1	2	2	90.12	
149	1	2	2	90.12	
150	1	2.01	2.01	91.4499	
151	1	2	2	90.12	
152	1	2.04	2.04	95.4784	
153	1	2.04	2.04	95.4784	
154	1	2.09	2.09	102.402	
155	1	2.1	2.1	103.81	
156	1	2.12	2.12	106.666	
157	1	2.12	2.12	106.666	
158	1	2.14	2.14	109.56	
159	1	2.14	2.14	109.56	
160	1	2.14	2.14	109.56	
161	1	2.16	2.16	112.494	
162	1	2.18	2.18	115.468	
163	1	2.18	2.18	115.468	
164	1	2.18	2.18	115.468	
165	1	2.18	2.18	115.468	
166	1	2.2	2.2	118.48	
167	1	2.22	2.22	121.532	
168	1	2.26	2.26	127.752	
169	1	2.28	2.28	130.922	
170	1	2.28	2.28	130.922	
171	1	2.28	2.28	130.922	
172	1	2.28	2.28	130.922	
173	1	2.32	2.32	137.378	
174	1	2.32	2.32	137.378	
175	1	2.36	2.36	143.99	
176	1	2.37	2.37	145.673	
177	1	2.39	2.39	149.058	
178	1	2.42	2.42	154.204	
179	1	2.42	2.42	154.204	
180	1	2.42	2.42	154.204	
181	1	2.42	2.42	154.204	
182	1	2.42	2.42	154.204	
183	1	2.42	2.42	154.204	
184	1	2.47	2.47	162.989	
185	1	2.46	2.46	161.208	
186	1	2.48	2.48	164.77	
187	1	2.54	2.54	175.688	
188	1	2.55	2.55	177.548	
189	1	2.54	2.54	175.688	
190	1	2.54	2.54	175.688	
191	1	2.58	2.58	183.164	
192	1	2.58	2.58	183.164	
193	1	2.58	2.58	183.164	
194	1	2.58	2.58	183.164	
195	1	2.59	2.59	185.062	
196	1	2.6	2.6	186.96	
197	1	2.62	2.62	190.796	
198	1	2.64	2.64	194.67	
199	1	2.64	2.64	194.67	
200	1	2.64	2.64	194.67	
201	1	2.64	2.64	194.67	
202	1	2.66	2.66	198.584	
203	1	2.7	2.7	206.53	
204	1	2.7	2.7	206.53	
205	1	2.7	2.7	206.53	
206	1	2.73	2.73	212.597	
207	1	2.74	2.74	214.632	
208	1	2.76	2.76	218.742	
209	1	2.8	2.8	227.08	
210	1	2.8	2.8	227.08	
211	1	2.8	2.8	227.08	
212	1	2.82	2.82	231.308	
213	1	2.82	2.82	231.308	
214	1	2.86	2.86	239.88	
215	1	2.88	2.88	244.226	
216	1	2.88	2.88	244.226	
217	1	2.9	2.9	248.61	
218	1	2.9	2.9	248.61	
219	1	2.92	2.92	253.034	
220	1	2.92	2.92	253.034	
221	1	2.92	2.92	253.034	
222	1	2.92	2.92	253.034	
223	1	2.94	2.94	257.496	
224	1	2.96	2.96	261.998	
225	1	3	3	271.12	
226	1	3	3	271.12	
227	1	3.02	3.02	275.74	
228	1	3.04	3.04	280.398	
229	1	3.09	3.09	292.222	
230	1	3.1	3.1	294.61	
231	1	3.1	3.1	294.61	
232	1	3.14	3.14	304.28	
233	1	3.16	3.16	309.174	
234	1	3.16	3.16	309.174	
235	1	3.16	3.16	309.174	
236	1	3.18	3.18	314.108	
237	1	3.18	3.18	314.108	
238	1	3.2	3.2	319.08	
239	1	3.22	3.22	324.092	
240	1	3.24	3.24	329.142	
241	1	3.24	3.24	329.142	
242	1	3.24	3.24	329.142	
243	1	3.24	3.24	329.142	
244	1	3.24	3.24	329.142	
245	1	3.24	3.24	329.142	
246	1	3.26	3.26	334.232	
247	1	3.28	3.28	339.362	
248	1	3.3	3.3	344.53	
249	1	3.3	3.3	344.53	
250	1	3.32	3.32	349.738	
251	1	3.34	3.34	354.984	
252	1	3.36	3.36	360.27	
253	1	3.36	3.36	360.27	
254	1	3.36	3.36	360.27	
255	1	3.36	3.36	360.27	
256	1	3.4	3.4	370.96	
257	1	3.41	3.41	373.662	
258	1	3.42	3.42	376.364	
259	1	3.44	3.44	381.806	
260	1	3.44	3.44	381.806	
261	1	3.48	3.48	392.81	
262	1	3.5	3.5	398.37	
263	1	3.52	3.52	403.97	
264	1	3.54	3.54	409.608	
265	1	3.54	3.54	409.608	
266	1	3.56	3.56	415.286	
267	1	3.58	3.58	421.004	
268	1	3.58	3.58	421.004	
269	1	3.58	3.58	421.004	
270	1	3.58	3.58	421.004	
271	1	3.66	3.66	444.264	
272	1	3.7	3.7	456.13	
273	1	3.7	3.7	456.13	
274	1	3.74	3.74	468.152	
275	1	3.77	3.77	477.277	
276	1	3.83	3.83	495.781	
277	1	3.86	3.86	505.16	
278	1	3.88	3.88	511.466	
279	1	3.88	3.88	511.466	
280	1	3.88	3.88	511.466	
281	1	3.89	3.89	514.638	
282	1	3.91	3.91	521.002	
283	1	3.94	3.94	530.616	
284	1	3.94	3.94	530.616	
285	1	3.95	3.95	533.848	
286	1	3.98	3.98	543.58	
287	1	3.98	3.98	543.58	
288	1	3.98	3.98	543.58	
289	1	3.99	3.99	546.85	
290	1	4.02	4.02	556.7	
291	1	4.04	4.04	563.318	
292	1	4.08	4.08	576.674	
293	1	4.08	4.08	576.674	
294	1	4.09	4.09	580.042	
295	1	4.1	4.1	583.41	
296	1	4.1	4.1	583.41	
297	1	4.1	4.1	583.41	
298	1	4.12	4.12	590.186	
299	1	4.12	4.12	590.186	
300	1	4.12	4.12	590.186	
301	1	4.12	4.12	590.186	
302	1	4.12	4.12	590.186	
303	1	4.14	4.14	597	
304	1	4.14	4.14	597	
305	1	4.16	4.16	603.854	
306	1	4.18	4.18	610.748	
307	1	4.2	4.2	617.68	
308	1	4.22	4.22	624.652	
309	1	4.24	4.24	631.662	
310	1	4.24	4.24	631.662	
311	1	4.24	4.24	631.662	
312	1	4.26	4.26	638.712	
313	1	4.28	4.28	645.802	
314	1	4.3	4.3	652.93	
315	1	4.3	4.3	652.93	
316	1	4.3	4.3	652.93	
317	1	4.32	4.32	660.098	
318	1	4.36	4.36	674.55	
319	1	4.38	4.38	681.836	
320	1	4.38	4.38	681.836	
321	1	4.4	4.4	689.16	
322	1	4.4	4.4	689.16	
323	1	4.4	4.4	689.16	
324	1	4.4	4.4	689.16	
325	1	4.42	4.42	696.524	
326	1	4.44	4.44	703.926	
327	1	4.44	4.44	703.926	
328	1	4.46	4.46	711.368	
329	1	4.5	4.5	726.37	
330	1	4.52	4.52	733.93	
331	1	4.54	4.54	741.528	
332	1	4.54	4.54	741.528	
333	1	4.54	4.54	741.528	
334	1	4.54	4.54	741.528	
335	1	4.56	4.56	749.166	
336	1	4.58	4.58	756.844	
337	1	4.58	4.58	756.844	
338	1	4.6	4.6	764.56	
339	1	4.6	4.6	764.56	
340	1	4.64	4.64	780.11	
341	1	4.64	4.64	780.11	
342	1	4.64	4.64	780.11	
343	1	4.64	4.64	780.11	
344	1	4.64	4.64	780.11	
345	1	4.66	4.66	787.944	
346	1	4.68	4.68	795.818	
347	1	4.69	4.69	799.774	
348	1	4.8	4.8	843.88	
349	1	4.8	4.8	843.88	
350	1	4.8	4.8	843.88	
351	1	4.8	4.8	843.88	
352	1	4.82	4.82	852.028	
353	1	4.82	4.82	852.028	
354	1	4.84	4.84	860.214	
355	1	4.84	4.84	860.214	
356	1	4.88	4.88	876.706	
357	1	4.88	4.88	876.706	
358	1	4.88	4.88	876.706	
359	1	4.88	4.88	876.706	
360	1	4.92	4.92	893.354	
361	1	4.92	4.92	893.354	
362	1	4.95	4.95	905.947	
363	1	4.96	4.96	910.158	
364	1	4.98	4.98	918.62	
365	1	5	5	927.12	
366	1	5.02	5.02	935.66	
367	1	5.04	5.04	944.238	
368	1	5.06	5.06	952.856	
369	1	5.06	5.06	952.856	
370	1	5.06	5.06	952.856	
371	1	5.08	5.08	961.514	
372	1	5.08	5.08	961.514	
373	1	5.1	5.1	970.21	
374	1	5.1	5.1	970.21	
375	1	5.12	5.12	978.946	
376	1	5.14	5.14	987.72	
377	1	5.14	5.14	987.72	
378	1	5.16	5.16	996.534	
379	1	5.16	5.16	996.534	
380	1	5.18	5.18	1005.39	
381	1	5.18	5.18	1005.39	
382	1	5.18	5.18	1005.39	
383	1	5.18	5.18	1005.39	
384	1	5.2	5.2	1014.28	
385	1	5.22	5.22	1023.21	
386	1	5.22	5.22	1023.21	
387	1	5.22	5.22	1023.21	
388	1	5.22	5.22	1023.21	
389	1	5.24	5.24	1032.18	
390	1	5.26	5.26	1041.19	
391	1	5.26	5.26	1041.19	
392	1	5.26	5.26	1041.19	
393	1	5.26	5.26	1041.19	
394	1	5.26	5.26	1041.19	
395	1	5.26	5.26	1041.19	
396	1	5.28	5.28	1050.24	
397	1	5.3	5.3	1059.33	
398	1	5.3	5.3	1059.33	
399	1	5.32	5.32	1068.46	
400	1	5.36	5.36	1086.83	
401	1	5.38	5.38	1096.08	
402	1	5.38	5.38	1096.08	
403	1	5.4	5.4	1105.36	
404	1	5.43	5.43	1119.37	
405	1	5.48	5.48	1142.89	
406	1	5.5	5.5	1152.37	
407	1	5.53	5.53	1166.67	
408	1	5.54	5.54	1171.45	
409	1	5.54	5.54	1171.45	
410	1	5.54	5.54	1171.45	
411	1	5.56	5.56	1181.05	
412	1	5.56	5.56	1181.05	
413	1	5.56	5.56	1181.05	
414	1	5.56	5.56	1181.05	
415	1	5.58	5.58	1190.68	
416	1	5.58	5.58	1190.68	
417	1	5.6	5.6	1200.36	
418	1	5.6	5.6	1200.36	
419	1	5.6	5.6	1200.36	
420	1	5.62	5.62	1210.08	
421	1	5.62	5.62	1210.08	
422	1	5.64	5.64	1219.83	
423	1	5.64	5.64	1219.83	
424	1	5.66	5.66	1229.62	
425	1	5.68	5.68	1239.46	
426	1	5.68	5.68	1239.46	
427	1	5.7	5.7	1249.33	
428	1	5.72	5.72	1259.24	
429	1	5.72	5.72	1259.24	
430	1	5.72	5.72	1259.24	
431	1	5.74	5.74	1269.19	
432	1	5.74	5.74	1269.19	
433	1	5.82	5.82	1309.39	
434	1	5.84	5.84	1319.53	
435	1	5.84	5.84	1319.53	
436	1	5.86	5.86	1329.72	
437	1	5.86	5.86	1329.72	
438	1	5.9	5.9	1350.21	
439	1	5.92	5.92	1360.51	
440	1	5.92	5.92	1360.51	
441	1	5.92	5.92	1360.51	
442	1	5.92	5.92	1360.51	
443	1	5.95	5.95	1376.05	
444	1	5.96	5.96	1381.24	
445	1	5.96	5.96	1381.24	
446	1	5.98	5.98	1391.66	
447	1	5.98	5.98	1391.66	
448	1	5.98	5.98	1391.66	
449	1	5.98	5.98	1391.66	
450	1	5.98	5.98	1391.66	
451	1	6.01	6.01	1407.37	
452	1	6	6	1402.12	
453	1	6.02	6.02	1412.62	
454	1	6.04	6.04	1423.16	
455	1	6.04	6.04	1423.16	
456	1	6.06	6.06	1433.74	
457	1	6.1	6.1	1455.01	
458	1	6.1	6.1	1455.01	
459	1	6.11	6.11	1460.36	
460	1	6.15	6.15	1481.83	
461	1	6.16	6.16	1487.21	
462	1	6.16	6.16	1487.21	
463	1	6.19	6.19	1503.45	
464	1	6.22	6.22	1519.77	
465	1	6.23	6.23	1525.24	
466	1	6.26	6.26	1541.67	
467	1	6.26	6.26	1541.67	
468	1	6.28	6.28	1552.68	
469	1	6.28	6.28	1552.68	
470	1	6.28	6.28	1552.68	
471	1	6.3	6.3	1563.73	
472	1	6.3	6.3	1563.73	
473	1	6.3	6.3	1563.73	
474	1	6.32	6.32	1574.82	
475	1	6.32	6.32	1574.82	
476	1	6.34	6.34	1585.94	
477	1	6.36	6.36	1597.11	
478	1	6.36	6.36	1597.11	
479	1	6.36	6.36	1597.11	
480	1	6.36	6.36	1597.11	
481	1	6.38	6.38	1608.32	
482	1	6.4	6.4	1619.56	
483	1	6.42	6.42	1630.84	
484	1	6.42	6.42	1630.84	
485	1	6.44	6.44	1642.17	
486	1	6.46	6.46	1653.53	
487	1	6.5	6.5	1676.37	
488	1	6.5	6.5	1676.37	
489	1	6.52	6.52	1687.85	
490	1	6.55	6.55	1705.15	
491	1	6.6	6.6	1734.16	
492	1	6.6	6.6	1734.16	
493	1	6.64	6.64	1757.55	
494	1	6.64	6.64	1757.55	
495	1	6.64	6.64	1757.55	
496	1	6.64	6.64	1757.55	
497	1	6.66	6.66	1769.3	
498	1	6.66	6.66	1769.3	
499	1	6.7	6.7	1792.93	
500	1	6.74	6.74	1816.71	
501	1	6.74	6.74	1816.71	
502	1	6.74	6.74	1816.71	
503	1	6.74	6.74	1816.71	
504	1	6.76	6.76	1828.66	
505	1	6.76	6.76	1828.66	
506	1	6.78	6.78	1840.65	
507	1	6.78	6.78	1840.65	
508	1	6.78	6.78	1840.65	
509	1	6.78	6.78	1840.65	
510	1	6.78	6.78	1840.65	
511	1	6.8	6.8	1852.68	
512	1	6.8	6.8	1852.68	
513	1	6.83	6.83	1870.8	
514	1	6.84	6.84	1876.85	
515	1	6.86	6.86	1889	
516	1	6.88	6.88	1901.19	
517	1	6.88	6.88	1901.19	
518	1	6.88	6.88	1901.19	
519	1	6.9	6.9	1913.41	
520	1	6.9	6.9	1913.41	
521	1	6.93	6.93	1931.83	
522	1	6.95	6.95	1944.15	
523	1	6.96	6.96	1950.32	
524	1	6.98	6.98	1962.7	
525	1	6.98	6.98	1962.7	
526	1	6.98	6.98	1962.7	
527	1	7	7	1975.12	
528	1	7	7	1975.12	
529	1	7.04	7.04	2000.08	
530	1	7.04	7.04	2000.08	
531	1	7.04	7.04	2000.08	
532	1	7.04	7.04	2000.08	
533	1	7.04	7.04	2000.08	
534	1	7.04	7.04	2000.08	
535	1	7.04	7.04	2000.08	
536	1	7.05	7.05	2006.35	
537	1	7.09	7.09	2031.5	
538	1	7.1	7.1	2037.81	
539	1	7.12	7.12	2050.47	
540	1	7.16	7.16	2075.89	
541	1	7.16	7.16	2075.89	
542	1	7.16	7.16	2075.89	
543	1	7.16	7.16	2075.89	
544	1	7.16	7.16	2075.89	
545	1	7.18	7.18	2088.67	
546	1	7.2	7.2	2101.48	
547	1	7.22	7.22	2114.33	
548	1	7.22	7.22	2114.33	
549	1	7.24	7.24	2127.22	
550	1	7.26	7.26	2140.15	
551	1	7.28	7.28	2153.12	
552	1	7.28	7.28	2153.12	
553	1	7.28	7.28	2153.12	
554	1	7.28	7.28	2153.12	
555	1	7.29	7.29	2159.63	
556	1	7.28	7.28	2153.12	
557	1	7.3	7.3	2166.13	
558	1	7.32	7.32	2179.18	
559	1	7.34	7.34	2192.26	
560	1	7.36	7.36	2205.39	
561	1	7.36	7.36	2205.39	
562	1	7.36	7.36	2205.39	
563	1	7.38	7.38	2218.56	
564	1	7.38	7.38	2218.56	
565	1	7.38	7.38	2218.56	
566	1	7.39	7.39	2225.16	
567	1	7.44	7.44	2258.29	
568	1	7.44	7.44	2258.29	
569	1	7.46	7.46	2271.61	
570	1	7.49	7.49	2291.67	
571	1	7.48	7.48	2284.97	
572	1	7.48	7.48	2284.97	
573	1	7.5	7.5	2298.37	
574	1	7.52	7.52	2311.81	
575	1	7.52	7.52	2311.81	
576	1	7.52	7.52	2311.81	
577	1	7.56	7.56	2338.81	
578	1	7.56	7.56	2338.81	
579	1	7.6	7.6	2365.96	
580	1	7.61	7.61	2372.78	
581	1	7.62	7.62	2379.6	
582	1	7.62	7.62	2379.6	
583	1	7.62	7.62	2379.6	
584	1	7.62	7.62	2379.6	
585	1	7.64	7.64	2393.27	
586	1	7.64	7.64	2393.27	
587	1	7.65	7.65	2400.13	
588	1	7.66	7.66	2406.98	
589	1	7.66	7.66	2406.98	
590	1	7.66	7.66	2406.98	
591	1	7.68	7.68	2420.74	
592	1	7.7	7.7	2434.53	
593	1	7.7	7.7	2434.53	
594	1	7.72	7.72	2448.36	
595	1	7.74	7.74	2462.23	
596	1	7.74	7.74	2462.23	
597	1	7.76	7.76	2476.14	
598	1	7.78	7.78	2490.09	
599	1	7.78	7.78	2490.09	
600	1	7.8	7.8	2504.08	
601	1	7.82	7.82	2518.11	
602	1	7.86	7.86	2546.28	
603	1	7.86	7.86	2546.28	
604	1	7.88	7.88	2560.43	
605	1	7.88	7.88	2560.43	
606	1	7.9	7.9	2574.61	
607	1	7.9	7.9	2574.61	
608	1	7.94	7.94	2603.1	
609	1	7.94	7.94	2603.1	
610	1	7.94	7.94	2603.1	
611	1	7.95	7.95	2610.25	
612	1	7.94	7.94	2603.1	
613	1	7.94	7.94	2603.1	
614	1	7.96	7.96	2617.4	
615	1	7.98	7.98	2631.74	
616	1	8	8	2646.12	
617	1	8.03	8.03	2667.77	
618	1	8.04	8.04	2675	
619	1	8.06	8.06	2689.5	
620	1	8.06	8.06	2689.5	
621	1	8.08	8.08	2704.03	
622	1	8.08	8.08	2704.03	
623	1	8.08	8.08	2704.03	
624	1	8.08	8.08	2704.03	
625	1	8.08	8.08	2704.03	
626	1	8.1	8.1	2718.61	
627	1	8.12	8.12	2733.23	
628	1	8.12	8.12	2733.23	
629	1	8.15	8.15	2755.23	
630	1	8.18	8.18	2777.31	
631	1	8.18	8.18	2777.31	
632	1	8.2	8.2	2792.08	
633	1	8.21	8.21	2799.49	
634	1	8.22	8.22	2806.89	
635	1	8.22	8.22	2806.89	
636	1	8.24	8.24	2821.74	
637	1	8.26	8.26	2836.63	
638	1	8.26	8.26	2836.63	
639	1	8.28	8.28	2851.56	
640	1	8.3	8.3	2866.53	
641	1	8.32	8.32	2881.54	
642	1	8.32	8.32	2881.54	
643	1	8.35	8.35	2904.13	
644	1	8.38	8.38	2926.8	
645	1	8.42	8.42	2957.16	
646	1	8.42	8.42	2957.16	
647	1	8.46	8.46	2987.69	
648	1	8.48	8.48	3003.01	
649	1	8.48	8.48	3003.01	
650	1	8.5	8.5	3018.37	
651	1	8.5	8.5	3018.37	
652	1	8.52	8.52	3033.77	
653	1	8.53	8.53	3041.49	
654	1	8.54	8.54	3049.21	
655	1	8.54	8.54	3049.21	
656	1	8.54	8.54	3049.21	
657	1	8.54	8.54	3049.21	
658	1	8.54	8.54	3049.21	
659	1	8.57	8.57	3072.45	
660	1	8.58	8.58	3080.2	
661	1	8.6	8.6	3095.76	
662	1	8.62	8.62	3111.36	
663	1	8.62	8.62	3111.36	
664	1	8.68	8.68	3158.38	
665	1	8.68	8.68	3158.38	
666	1	8.68	8.68	3158.38	
667	1	8.72	8.72	3189.92	
668	1	8.73	8.73	3197.84	
669	1	8.74	8.74	3205.75	
670	1	8.78	8.78	3237.53	
671	1	8.79	8.79	3245.51	
672	1	8.79	8.79	3245.51	
673	1	8.8	8.8	3253.48	
674	1	8.8	8.8	3253.48	
675	1	8.8	8.8	3253.48	
676	1	8.8	8.8	3253.48	
677	1	8.8	8.8	3253.48	
678	1	8.8	8.8	3253.48	
679	1	8.84	8.84	3285.49	
680	1	8.84	8.84	3285.49	
681	1	8.88	8.88	3317.67	
682	1	8.92	8.92	3349.99	
683	1	8.94	8.94	3366.22	
684	1	8.96	8.96	3382.48	
685	1	8.98	8.98	3398.78	
686	1	8.98	8.98	3398.78	
687	1	9	9	3415.12	
688	1	9.05	9.05	3456.15	
689	1	9.04	9.04	3447.92	
690	1	9.06	9.06	3464.38	
691	1	9.1	9.1	3497.41	
692	1	9.1	9.1	3497.41	
693	1	9.12	9.12	3513.99	
694	1	9.14	9.14	3530.6	
695	1	9.14	9.14	3530.6	
696	1	9.14	9.14	3530.6	
697	1	9.18	9.18	3563.95	
698	1	9.18	9.18	3563.95	
699	1	9.2	9.2	3580.68	
700	1	9.2	9.2	3580.68	
701	1	9.2	9.2	3580.68	
702	1	9.2	9.2	3580.68	
703	1	9.24	9.24	3614.26	
704	1	9.24	9.24	3614.26	
705	1	9.26	9.26	3631.11	
706	1	9.28	9.28	3648	
707	1	9.28	9.28	3648	
708	1	9.28	9.28	3648	
709	1	9.28	9.28	3648	
710	1	9.28	9.28	3648	
711	1	9.28	9.28	3648	
712	1	9.3	9.3	3664.93	
713	1	9.32	9.32	3681.9	
714	1	9.34	9.34	3698.9	
715	1	9.34	9.34	3698.9	
716	1	9.34	9.34	3698.9	
717	1	9.34	9.34	3698.9	
718	1	9.36	9.36	3715.95	
719	1	9.38	9.38	3733.04	
720	1	9.38	9.38	3733.04	
721	1	9.4	9.4	3750.16	
722	1	9.4	9.4	3750.16	
723	1	9.4	9.4	3750.16	
724	1	9.4	9.4	3750.16	
725	1	9.41	9.41	3758.74	
726	1	9.42	9.42	3767.32	
727	1	9.42	9.42	3767.32	
728	1	9.42	9.42	3767.32	
729	1	9.44	9.44	3784.53	
730	1	9.47	9.47	3810.41	
731	1	9.48	9.48	3819.05	
732	1	9.48	9.48	3819.05	
733	1	9.48	9.48	3819.05	
734	1	9.5	9.5	3836.37	
735	1	9.5	9.5	3836.37	
736	1	9.5	9.5	3836.37	
737	1	9.52	9.52	3853.73	
738	1	9.59	9.59	3914.8	
739	1	9.62	9.62	3941.12	
740	1	9.64	9.64	3958.71	
741	1	9.64	9.64	3958.71	
742	1	9.66	9.66	3976.34	
743	1	9.66	9.66	3976.34	
744	1	9.66	9.66	3976.34	
745	1	9.66	9.66	3976.34	
746	1	9.68	9.68	3994.02	
747	1	9.71	9.71	4020.61	
748	1	9.7	9.7	4011.73	
749	1	9.75	9.75	4056.19	
750	1	9.76	9.76	4065.1	
751	1	9.76	9.76	4065.1	
752	1	9.8	9.8	4100.88	
753	1	9.8	9.8	4100.88	
754	1	9.81	9.81	4109.85	
755	1	9.82	9.82	4118.83	
756	1	9.84	9.84	4136.81	
757	1	9.84	9.84	4136.81	
758	1	9.86	9.86	4154.84	
759	1	9.88	9.88	4172.91	
760	1	9.88	9.88	4172.91	
761	1	9.9	9.9	4191.01	
762	1	9.92	9.92	4209.15	
763	1	9.92	9.92	4209.15	
764	1	9.92	9.92	4209.15	
765	1	9.92	9.92	4209.15	
766	1	9.92	9.92	4209.15	
767	1	9.92	9.92	4209.15	
768	1	9.92	9.92	4209.15	
769	1	9.94	9.94	4227.34	
770	1	9.94	9.94	4227.34	
771	1	9.96	9.96	4245.56	
772	1	9.96	9.96	4245.56	
773	1	9.98	9.98	4263.82	
774	1	10.01	10.01	4291.29	
775	1	10.06	10.06	4337.26	
776	1	10.09	10.09	4364.96	
777	1	10.12	10.12	4392.75	
778	1	10.12	10.12	4392.75	
779	1	10.12	10.12	4392.75	
780	1	10.12	10.12	4392.75	
781	1	10.12	10.12	4392.75	
782	1	10.12	10.12	4392.75	
783	1	10.14	10.14	4411.32	
784	1	10.14	10.14	4411.32	
785	1	10.17	10.17	4439.26	
786	1	10.23	10.23	4495.4	
787	1	10.26	10.26	4523.59	
788	1	10.28	10.28	4542.44	
789	1	10.32	10.32	4580.26	
790	1	10.32	10.32	4580.26	
791	1	10.34	10.34	4599.22	
792	1	10.36	10.36	4618.23	
793	1	10.36	10.36	4618.23	
794	1	10.38	10.38	4637.28	
795	1	10.4	10.4	4656.36	
796	1	10.4	10.4	4656.36	
797	1	10.4	10.4	4656.36	
798	1	10.4	10.4	4656.36	
799	1	10.4	10.4	4656.36	
800	1	10.41	10.41	4665.92	
801	1	10.44	10.44	4694.65	
802	1	10.46	10.46	4713.85	
803	1	10.5	10.5	4752.37	
804	1	10.5	10.5	4752.37	
805	1	10.5	10.5	4752.37	
806	1	10.54	10.54	4791.05	
807	1	10.54	10.54	4791.05	
808	1	10.54	10.54	4791.05	
809	1	10.54	10.54	4791.05	
810	1	10.54	10.54	4791.05	
811	1	10.58	10.58	4829.88	
812	1	10.58	10.58	4829.88	
813	1	10.6	10.6	4849.36	
814	1	10.61	10.61	4859.12	
815	1	10.64	10.64	4888.43	
816	1	10.64	10.64	4888.43	
817	1	10.66	10.66	4908.02	
818	1	10.66	10.66	4908.02	
819	1	10.66	10.66	4908.02	
820	1	10.66	10.66	4908.02	
821	1	10.66	10.66	4908.02	
822	1	10.68	10.68	4927.66	
823	1	10.68	10.68	4927.66	
824	1	10.7	10.7	4947.33	
825	1	10.7	10.7	4947.33	
826	1	10.71	10.71	4957.19	
827	1	10.7	10.7	4947.33	
828	1	10.71	10.71	4957.19	
829	1	10.7	10.7	4947.33	
830	1	10.72	10.72	4967.04	
831	1	10.74	10.74	4986.79	
832	1	10.74	10.74	4986.79	
833	1	10.74	10.74	4986.79	
834	1	10.75	10.75	4996.69	
835	1	10.78	10.78	5026.41	
836	1	10.79	10.79	5036.35	
837	1	10.8	10.8	5046.28	
838	1	10.82	10.82	5066.19	
839	1	10.82	10.82	5066.19	
840	1	10.83	10.83	5076.16	
841	1	10.84	10.84	5086.13	
842	1	10.84	10.84	5086.13	
843	1	10.84	10.84	5086.13	
844	1	10.88	10.88	5126.15	
845	1	10.9	10.9	5146.21	
846	1	10.9	10.9	5146.21	
847	1	10.93	10.93	5176.39	
848	1	10.96	10.96	5206.64	
849	1	10.96	10.96	5206.64	
850	1	10.96	10.96	5206.64	
851	1	10.98	10.98	5226.86	
852	1	10.98	10.98	5226.86	
853	1	11	11	5247.12	
854	1	11	11	5247.12	
855	1	11.02	11.02	5267.42	
856	1	11.03	11.03	5277.59	
857	1	11.04	11.04	5287.76	
858	1	11.04	11.04	5287.76	
859	1	11.04	11.04	5287.76	
860	1	11.06	11.06	5308.14	
861	1	11.06	11.06	5308.14	
862	1	11.08	11.08	5328.55	
863	1	11.12	11.12	5369.51	
864	1	11.14	11.14	5390.04	
865	1	11.14	11.14	5390.04	
866	1	11.14	11.14	5390.04	
867	1	11.16	11.16	5410.61	
868	1	11.16	11.16	5410.61	
869	1	11.18	11.18	5431.23	
870	1	11.18	11.18	5431.23	
871	1	11.18	11.18	5431.23	
872	1	11.18	11.18	5431.23	
873	1	11.18	11.18	5431.23	
874	1	11.18	11.18	5431.23	
875	1	11.2	11.2	5451.88	
876	1	11.22	11.22	5472.57	
877	1	11.26	11.26	5514.07	
878	1	11.28	11.28	5534.88	
879	1	11.3	11.3	5555.73	
880	1	11.31	11.31	5566.17	
881	1	11.32	11.32	5576.62	
882	1	11.34	11.34	5597.54	
883	1	11.34	11.34	5597.54	
884	1	11.38	11.38	5639.52	
885	1	11.38	11.38	5639.52	
886	1	11.39	11.39	5650.04	
887	1	11.38	11.38	5639.52	
888	1	11.38	11.38	5639.52	
889	1	11.4	11.4	5660.56	
890	1	11.4	11.4	5660.56	
891	1	11.42	11.42	5681.64	
892	1	11.42	11.42	5681.64	
893	1	11.44	11.44	5702.77	
894	1	11.44	11.44	5702.77	
895	1	11.44	11.44	5702.77	
896	1	11.46	11.46	5723.93	
897	1	11.46	11.46	5723.93	
898	1	11.48	11.48	5745.13	
899	1	11.48	11.48	5745.13	
900	1	11.5	11.5	5766.37	
901	1	11.52	11.52	5787.65	
902	1	11.52	11.52	5787.65	
903	1	11.54	11.54	5808.97	
904	1	11.54	11.54	5808.97	
905	1	11.54	11.54	5808.97	
906	1	11.56	11.56	5830.33	
907	1	11.56	11.56	5830.33	
908	1	11.6	11.6	5873.16	
909	1	11.62	11.62	5894.64	
910	1	11.64	11.64	5916.15	
911	1	11.66	11.66	5937.7	
912	1	11.66	11.66	5937.7	
913	1	11.68	11.68	5959.3	
914	1	11.7	11.7	5980.93	
915	1	11.7	11.7	5980.93	
916	1	11.74	11.74	6024.31	
917	1	11.74	11.74	6024.31	
918	1	11.74	11.74	6024.31	
919	1	11.78	11.78	6067.85	
920	1	11.78	11.78	6067.85	
921	1	11.78	11.78	6067.85	
922	1	11.81	11.81	6100.61	
923	1	11.8	11.8	6089.68	
924	1	11.82	11.82	6111.55	
925	1	11.84	11.84	6133.45	
926	1	11.84	11.84	6133.45	
927	1	11.84	11.84	6133.45	
928	1	11.84	11.84	6133.45	
929	1	11.86	11.86	6155.4	
930	1	11.88	11.88	6177.39	
931	1	11.88	11.88	6177.39	
932	1	11.89	11.89	6188.4	
933	1	11.92	11.92	6221.47	
934	1	11.92	11.92	6221.47	
935	1	11.96	11.96	6265.72	
936	1	11.98	11.98	6287.9	
937	1	11.99	11.99	6299.01	
938	1	12.02	12.02	6332.38	
939	1	12.02	12.02	6332.38	
940	1	12.04	12.04	6354.68	
941	1	12.04	12.04	6354.68	
942	1	12.04	12.04	6354.68	
943	1	12.06	12.06	6377.02	
944	1	12.06	12.06	6377.02	
945	1	12.06	12.06	6377.02	
946	1	12.06	12.06	6377.02	
947	1	12.06	12.06	6377.02	
948	1	12.1	12.1	6421.81	
949	1	12.1	12.1	6421.81	
950	1	12.12	12.12	6444.27	
951	1	12.13	12.13	6455.51	
952	1	12.14	12.14	6466.76	
953	1	12.16	12.16	6489.29	
954	1	12.18	12.18	6511.87	
955	1	12.2	12.2	6534.48	
956	1	12.2	12.2	6534.48	
957	1	12.21	12.21	6545.81	
958	1	12.22	12.22	6557.13	
959	1	12.22	12.22	6557.13	
960	1	12.22	12.22	6557.13	
961	1	12.22	12.22	6557.13	
962	1	12.26	12.26	6602.55	
963	1	12.26	12.26	6602.55	
964	1	12.26	12.26	6602.55	
965	1	12.28	12.28	6625.32	
966	1	12.28	12.28	6625.32	
967	1	12.3	12.3	6648.13	
968	1	12.32	12.32	6670.98	
969	1	12.32	12.32	6670.98	
970	1	12.32	12.32	6670.98	
971	1	12.34	12.34	6693.86	
972	1	12.36	12.36	6716.79	
973	1	12.38	12.38	6739.76	
974	1	12.38	12.38	6739.76	
975	1	12.41	12.41	6774.28	
976	1	12.4	12.4	6762.76	
977	1	12.4	12.4	6762.76	
978	1	12.44	12.44	6808.89	
979	1	12.46	12.46	6832.01	
980	1	12.46	12.46	6832.01	
981	1	12.46	12.46	6832.01	
982	1	12.48	12.48	6855.17	
983	1	12.48	12.48	6855.17	
984	1	12.5	12.5	6878.37	
985	1	12.5	12.5	6878.37	
986	1	12.5	12.5	6878.37	
987	1	12.51	12.51	6889.99	
988	1	12.55	12.55	6936.55	
989	1	12.56	12.56	6948.21	
990	1	12.6	12.6	6994.96	
991	1	12.6	12.6	6994.96	
992	1	12.6	12.6	6994.96	
993	1	12.62	12.62	7018.4	
994	1	12.62	12.62	7018.4	
995	1	12.64	12.64	7041.87	
996	1	12.64	12.64	7041.87	
997	1	12.64	12.64	7041.87	
998	1	12.64	12.64	7041.87	
999	1	12.66	12.66	7065.38	
1000	1	12.66	12.66	7065.38	
1001	1	12.68	12.68	7088.94	
1002	1	12.69	12.69	7100.73	
1003	1	12.7	12.7	7112.53	
1004	1	12.74	12.74	7159.83	
1005	1	12.76	12.76	7183.54	
1006	1	12.76	12.76	7183.54	
1007	1	12.76	12.76	7183.54	
1008	1	12.76	12.76	7183.54	
1009	1	12.76	12.76	7183.54	
1010	1	12.82	12.82	7254.91	
1011	1	12.82	12.82	7254.91	
1012	1	12.82	12.82	7254.91	
1013	1	12.84	12.84	7278.77	
1014	1	12.86	12.86	7302.68	
1015	1	12.86	12.86	7302.68	
1016	1	12.86	12.86	7302.68	
1017	1	12.86	12.86	7302.68	
1018	1	12.86	12.86	7302.68	
1019	1	12.86	12.86	7302.68	
1020	1	12.86	12.86	7302.68	
1021	1	12.86	12.86	7302.68	
1022	1	12.86	12.86	7302.68	
1023	1	12.88	12.88	7326.63	
1024	1	12.88	12.88	7326.63	
1025	1	12.88	12.88	7326.63	
1026	1	12.88	12.88	7326.63	
1027	1	12.91	12.91	7362.62	
1028	1	12.92	12.92	7374.63	
1029	1	12.92	12.92	7374.63	
1030	1	12.93	12.93	7386.67	
1031	1	12.94	12.94	7398.7	
1032	1	12.94	12.94	7398.7	
1033	1	12.94	12.94	7398.7	
1034	1	12.96	12.96	7422.8	
1035	1	12.98	12.98	7446.94	
1036	1	13	13	7471.12	
1037	1	13.02	13.02	7495.34	
1038	1	13.02	13.02	7495.34	
1039	1	13.03	13.03	7507.47	
1040	1	13.02	13.02	7495.34	
1041	1	13.04	13.04	7519.6	
1042	1	13.06	13.06	7543.9	
1043	1	13.06	13.06	7543.9	
1044	1	13.06	13.06	7543.9	
1045	1	13.06	13.06	7543.9	
1046	1	13.06	13.06	7543.9	
1047	1	13.06	13.06	7543.9	
1048	1	13.1	13.1	7592.61	
1049	1	13.12	13.12	7617.03	
1050	1	13.12	13.12	7617.03	
1051	1	13.14	13.14	7641.48	
1052	1	13.16	13.16	7665.97	
1053	1	13.18	13.18	7690.51	
1054	1	13.2	13.2	7715.08	
1055	1	13.2	13.2	7715.08	
1056	1	13.22	13.22	7739.69	
1057	1	13.24	13.24	7764.34	
1058	1	13.24	13.24	7764.34	
1059	1	13.24	13.24	7764.34	
1060	1	13.26	13.26	7789.03	
1061	1	13.26	13.26	7789.03	
1062	1	13.28	13.28	7813.76	
1063	1	13.28	13.28	7813.76	
1064	1	13.3	13.3	7838.53	
1065	1	13.32	13.32	7863.34	
1066	1	13.32	13.32	7863.34	
1067	1	13.32	13.32	7863.34	
1068	1	13.34	13.34	7888.18	
1069	1	13.34	13.34	7888.18	
1070	1	13.36	13.36	7913.07	
1071	1	13.38	13.38	7938	
1072	1	13.38	13.38	7938	
1073	1	13.4	13.4	7962.96	
1074	1	13.42	13.42	7987.96	
1075	1	13.42	13.42	7987.96	
1076	1	13.42	13.42	7987.96	
1077	1	13.42	13.42	7987.96	
1078	1	13.47	13.47	8050.65	
1079	1	13.48	13.48	8063.21	
1080	1	13.48	13.48	8063.21	
1081	1	13.48	13.48	8063.21	
1082	1	13.48	13.48	8063.21	
1083	1	13.5	13.5	8088.37	
1084	1	13.53	13.53	8126.19	
1085	1	13.54	13.54	8138.81	
1086	1	13.57	13.57	8176.75	
1087	1	13.58	13.58	8189.4	
1088	1	13.62	13.62	8240.16	
1089	1	13.63	13.63	8252.87	
1090	1	13.66	13.66	8291.06	
1091	1	13.7	13.7	8342.13	
1092	1	13.7	13.7	8342.13	
1093	1	13.7	13.7	8342.13	
1094	1	13.7	13.7	8342.13	
1095	1	13.7	13.7	8342.13	
1096	1	13.74	13.74	8393.35	
1097	1	13.74	13.74	8393.35	
1098	1	13.76	13.76	8419.02	
1099	1	13.78	13.78	8444.73	
1100	1	13.78	13.78	8444.73	
1101	1	13.78	13.78	8444.73	
1102	1	13.8	13.8	8470.48	
1103	1	13.8	13.8	8470.48	
1104	1	13.8	13.8	8470.48	
1105	1	13.8	13.8	8470.48	
1106	1	13.82	13.82	8496.27	
1107	1	13.84	13.84	8522.09	
1108	1	13.91	13.91	8612.8	
1109	1	13.94	13.94	8651.82	
1110	1	13.99	13.99	8717.05	
1111	1	14.02	14.02	8756.3	
1112	1	14.02	14.02	8756.3	
1113	1	14.02	14.02	8756.3	
1114	1	14.04	14.04	8782.52	
1115	1	14.06	14.06	8808.78	
1116	1	14.08	14.08	8835.07	
1117	1	14.12	14.12	8887.79	
1118	1	14.12	14.12	8887.79	
1119	1	14.12	14.12	8887.79	
1120	1	14.12	14.12	8887.79	
1121	1	14.14	14.14	8914.2	
1122	1	14.14	14.14	8914.2	
1123	1	14.14	14.14	8914.2	
1124	1	14.16	14.16	8940.65	
1125	1	14.16	14.16	8940.65	
1126	1	14.2	14.2	8993.68	
1127	1	14.24	14.24	9046.86	
1128	1	14.24	14.24	9046.86	
1129	1	14.26	14.26	9073.51	
1130	1	14.32	14.32	9153.7	
1131	1	14.32	14.32	9153.7	
1132	1	14.34	14.34	9180.5	
1133	1	14.34	14.34	9180.5	
1134	1	14.38	14.38	9234.24	
1135	1	14.4	14.4	9261.16	
1136	1	14.42	14.42	9288.12	
1137	1	14.42	14.42	9288.12	
1138	1	14.42	14.42	9288.12	
1139	1	14.42	14.42	9288.12	
1140	1	14.42	14.42	9288.12	
1141	1	14.46	14.46	9342.17	
1142	1	14.47	14.47	9355.71	
1143	1	14.46	14.46	9342.17	
1144	1	14.48	14.48	9369.25	
1145	1	14.48	14.48	9369.25	
1146	1	14.5	14.5	9396.37	
1147	1	14.5	14.5	9396.37	
1148	1	14.52	14.52	9423.53	
1149	1	14.52	14.52	9423.53	
1150	1	14.52	14.52	9423.53	
1151	1	14.54	14.54	9450.73	
1152	1	14.54	14.54	9450.73	
1153	1	14.58	14.58	9505.24	
1154	1	14.6	14.6	9532.56	
1155	1	14.6	14.6	9532.56	
1156	1	14.62	14.62	9559.92	
1157	1	14.66	14.66	9614.74	
1158	1	14.66	14.66	9614.74	
1159	1	14.66	14.66	9614.74	
1160	1	14.66	14.66	9614.74	
1161	1	14.66	14.66	9614.74	
1162	1	14.7	14.7	9669.73	
1163	1	14.7	14.7	9669.73	
1164	1	14.74	14.74	9724.87	
1165	1	14.76	14.76	9752.5	
1166	1	14.76	14.76	9752.5	
1167	1	14.76	14.76	9752.5	
1168	1	14.78	14.78	9780.17	
1169	1	14.82	14.82	9835.63	
1170	1	14.82	14.82	9835.63	
1171	1	14.83	14.83	9849.52	
1172	1	14.86	14.86	9891.24	
1173	1	14.88	14.88	9919.11	
1174	1	14.88	14.88	9919.11	
1175	1	14.92	14.92	9974.95	
1176	1	14.92	14.92	9974.95	
1177	1	14.92	14.92	9974.95	
1178	1	14.92	14.92	9974.95	
1179	1	14.96	14.96	10031	
1180	1	14.96	14.96	10031	
1181	1	14.98	14.98	10059	
1182	1	15	15	10087.1	
1183	1	15	15	10087.1	
1184	1	15.02	15.02	10115.3	
1185	1	15.04	15.04	10143.4	
1186	1	15.04	15.04	10143.4	
1187	1	15.07	15.07	10185.8	
1188	1	15.08	15.08	10199.9	
1189	1	15.08	15.08	10199.9	
1190	1	15.1	15.1	10228.2	
1191	1	15.1	15.1	10228.2	
1192	1	15.12	15.12	10256.5	
1193	1	15.16	15.16	10313.3	
1194	1	15.2	15.2	10370.3	
1195	1	15.22	15.22	10398.8	
1196	1	15.22	15.22	10398.8	
1197	1	15.22	15.22	10398.8	
1198	1	15.25	15.25	10441.7	
1199	1	15.28	15.28	10484.6	
1200	1	15.31	15.31	10527.7	
1201	1	15.3	15.3	10513.3	
1202	1	15.3	15.3	10513.3	
1203	1	15.31	15.31	10527.7	
1204	1	15.32	15.32	10542.1	
1205	1	15.34	15.34	10570.8	
1206	1	15.35	15.35	10585.2	
1207	1	15.34	15.34	10570.8	
1208	1	15.34	15.34	10570.8	
1209	1	15.35	15.35	10585.2	
1210	1	15.36	15.36	10599.6	
1211	1	15.36	15.36	10599.6	
1212	1	15.36	15.36	10599.6	
1213	1	15.36	15.36	10599.6	
1214	1	15.36	15.36	10599.6	
1215	1	15.37	15.37	10614.1	
1216	1	15.38	15.38	10628.5	
1217	1	15.38	15.38	10628.5	
1218	1	15.44	15.44	10715.2	
1219	1	15.44	15.44	10715.2	
1220	1	15.46	15.46	10744.2	
1221	1	15.46	15.46	10744.2	
1222	1	15.46	15.46	10744.2	
1223	1	15.46	15.46	10744.2	
1224	1	15.47	15.47	10758.8	
1225	1	15.48	15.48	10773.3	
1226	1	15.5	15.5	10802.4	
1227	1	15.5	15.5	10802.4	
1228	1	15.52	15.52	10831.5	
1229	1	15.52	15.52	10831.5	
1230	1	15.52	15.52	10831.5	
1231	1	15.55	15.55	10875.2	
1232	1	15.58	15.58	10919.1	
1233	1	15.61	15.61	10963	
1234	1	15.63	15.63	10992.4	
1235	1	15.66	15.66	11036.4	
1236	1	15.68	15.68	11065.9	
1237	1	15.68	15.68	11065.9	
1238	1	15.71	15.71	11110.1	
1239	1	15.74	15.74	11154.4	
1240	1	15.76	15.76	11184	
1241	1	15.76	15.76	11184	
1242	1	15.76	15.76	11184	
1243	1	15.77	15.77	11198.8	
1244	1	15.78	15.78	11213.6	
1245	1	15.78	15.78	11213.6	
1246	1	15.78	15.78	11213.6	
1247	1	15.82	15.82	11273	
1248	1	15.86	15.86	11332.5	
1249	1	15.88	15.88	11362.3	
1250	1	15.9	15.9	11392.2	
1251	1	15.9	15.9	11392.2	
1252	1	15.9	15.9	11392.2	
1253	1	15.92	15.92	11422.1	
1254	1	15.94	15.94	11452.1	
1255	1	15.94	15.94	11452.1	
1256	1	15.94	15.94	11452.1	
1257	1	15.96	15.96	11482	
1258	1	15.96	15.96	11482	
1259	1	16	16	11542.1	
1260	1	16.02	16.02	11572.2	
1261	1	16.06	16.06	11632.5	
1262	1	16.06	16.06	11632.5	
1263	1	16.06	16.06	11632.5	
1264	1	16.06	16.06	11632.5	
1265	1	16.06	16.06	11632.5	
1266	1	16.07	16.07	11647.6	
1267	1	16.08	16.08	11662.8	
1268	1	16.08	16.08	11662.8	
1269	1	16.12	16.12	11723.3	
1270	1	16.14	16.14	11753.6	
1271	1	16.15	16.15	11768.8	
1272	1	16.18	16.18	11814.4	
1273	1	16.18	16.18	11814.4	
1274	1	16.2	16.2	11844.9	
1275	1	16.23	16.23	11890.6	
1276	1	16.24	16.24	11905.9	
1277	1	16.24	16.24	11905.9	
1278	1	16.24	16.24	11905.9	
1279	1	16.28	16.28	11967.1	
1280	1	16.28	16.28	11967.1	
1281	1	16.3	16.3	11997.7	
1282	1	16.3	16.3	11997.7	
1283	1	16.32	16.32	12028.4	
1284	1	16.34	16.34	12059.1	
1285	1	16.38	16.38	12120.7	
1286	1	16.4	16.4	12151.6	
1287	1	16.4	16.4	12151.6	
1288	1	16.4	16.4	12151.6	
1289	1	16.4	16.4	12151.6	
1290	1	16.42	16.42	12182.4	
1291	1	16.46	16.46	12244.3	
1292	1	16.48	16.48	12275.3	
1293	1	16.5	16.5	12306.4	
1294	1	16.56	16.56	12399.7	
1295	1	16.56	16.56	12399.7	
1296	1	16.56	16.56	12399.7	
1297	1	16.56	16.56	12399.7	
1298	1	16.58	16.58	12430.9	
1299	1	16.58	16.58	12430.9	
1300	1	16.6	16.6	12462.2	
1301	1	16.6	16.6	12462.2	
1302	1	16.62	16.62	12493.4	
1303	1	16.62	16.62	12493.4	
1304	1	16.64	16.64	12524.8	
1305	1	16.66	16.66	12556.1	
1306	1	16.66	16.66	12556.1	
1307	1	16.66	16.66	12556.1	
1308	1	16.66	16.66	12556.1	
1309	1	16.66	16.66	12556.1	
1310	1	16.66	16.66	12556.1	
1311	1	16.66	16.66	12556.1	
1312	1	16.68	16.68	12587.5	
1313	1	16.72	16.72	12650.4	
1314	1	16.72	16.72	12650.4	
1315	1	16.73	16.73	12666.2	
1316	1	16.72	16.72	12650.4	
1317	1	16.75	16.75	12697.7	
1318	1	16.76	16.76	12713.5	
1319	1	16.78	16.78	12745.1	
1320	1	16.8	16.8	12776.7	
1321	1	16.82	16.82	12808.3	
1322	1	16.84	16.84	12840.1	
1323	1	16.84	16.84	12840.1	
1324	1	16.84	16.84	12840.1	
1325	1	16.86	16.86	12871.8	
1326	1	16.87	16.87	12887.7	
1327	1	16.86	16.86	12871.8	
1328	1	16.86	16.86	12871.8	
1329	1	16.86	16.86	12871.8	
1330	1	16.86	16.86	12871.8	
1331	1	16.86	16.86	12871.8	
1332	1	16.86	16.86	12871.8	
1333	1	16.86	16.86	12871.8	
1334	1	16.86	16.86	12871.8	
1335	1	16.86	16.86	12871.8	
1336	1	16.89	16.89	12919.5	
1337	1	16.92	16.92	12967.3	
1338	1	16.92	16.92	12967.3	
1339	1	16.92	16.92	12967.3	
1340	1	16.94	16.94	12999.2	
1341	1	16.96	16.96	13031.1	
1342	1	16.98	16.98	13063.1	
1343	1	16.98	16.98	13063.1	
1344	1	17.02	17.02	13127.2	
1345	1	17.04	17.04	13159.3	
1346	1	17.08	17.08	13223.6	
1347	1	17.08	17.08	13223.6	
1348	1	17.12	17.12	13288.1	
1349	1	17.15	17.15	13336.5	
1350	1	17.14	17.14	13320.4	
1351	1	17.16	17.16	13352.7	
1352	1	17.2	17.2	13417.5	
1353	1	17.22	17.22	13449.9	
1354	1	17.26	17.26	13515	
1355	1	17.26	17.26	13515	
1356	1	17.28	17.28	13547.5	
1357	1	17.31	17.31	13596.5	
1358	1	17.32	17.32	13612.8	
1359	1	17.32	17.32	13612.8	
1360	1	17.34	17.34	13645.5	
1361	1	17.36	17.36	13678.2	
1362	1	17.38	17.38	13711	
1363	1	17.4	17.4	13743.8	
1364	1	17.44	17.44	13809.5	
1365	1	17.46	17.46	13842.4	
1366	1	17.48	17.48	13875.4	
1367	1	17.5	17.5	13908.4	
1368	1	17.51	17.51	13924.9	
1369	1	17.5	17.5	13908.4	
1370	1	17.5	17.5	13908.4	
1371	1	17.52	17.52	13941.4	
1372	1	17.54	17.54	13974.5	
1373	1	17.54	17.54	13974.5	
1374	1	17.58	17.58	14040.8	
1375	1	17.61	17.61	14090.6	
1376	1	17.64	17.64	14140.5	
1377	1	17.64	17.64	14140.5	
1378	1	17.64	17.64	14140.5	
1379	1	17.64	17.64	14140.5	
1380	1	17.66	17.66	14173.8	
1381	1	17.68	17.68	14207.1	
1382	1	17.7	17.7	14240.5	
1383	1	17.7	17.7	14240.5	
1384	1	17.7	17.7	14240.5	
1385	1	17.7	17.7	14240.5	
1386	1	17.7	17.7	14240.5	
1387	1	17.72	17.72	14274	
1388	1	17.72	17.72	14274	
1389	1	17.74	17.74	14307.4	
1390	1	17.74	17.74	14307.4	
1391	1	17.74	17.74	14307.4	
1392	1	17.74	17.74	14307.4	
1393	1	17.74	17.74	14307.4	
1394	1	17.74	17.74	14307.4	
1395	1	17.76	17.76	14340.9	
1396	1	17.76	17.76	14340.9	
1397	1	17.76	17.76	14340.9	
1398	1	17.8	17.8	14408.1	
1399	1	17.82	17.82	14441.7	
1400	1	17.84	17.84	14475.4	
1401	1	17.86	17.86	14509.1	
1402	1	17.87	17.87	14526	
1403	1	17.86	17.86	14509.1	
1404	1	17.88	17.88	14542.8	
1405	1	17.9	17.9	14576.6	
1406	1	17.93	17.93	14627.4	
1407	1	17.92	17.92	14610.4	
1408	1	17.92	17.92	14610.4	
1409	1	17.96	17.96	14678.2	
1410	1	17.96	17.96	14678.2	
1411	1	17.96	17.96	14678.2	
1412	1	17.96	17.96	14678.2	
1413	1	17.98	17.98	14712.1	
1414	1	17.98	17.98	14712.1	
1415	1	17.98	17.98	14712.1	
1416	1	17.98	17.98	14712.1	
1417	1	18	18	14746.1	
1418	1	18.02	18.02	14780.1	
1419	1	18.04	18.04	14814.2	
1420	1	18.04	18.04	14814.2	
1421	1	18.05	18.05	14831.2	
1422	1	18.04	18.04	14814.2	
1423	1	18.06	18.06	14848.3	
1424	1	18.08	18.08	14882.4	
1425	1	18.1	18.1	14916.6	
1426	1	18.14	18.14	14985.1	
1427	1	18.14	18.14	14985.1	
1428	1	18.14	18.14	14985.1	
1429	1	18.14	18.14	14985.1	
1430	1	18.2	18.2	15088.1	
1431	1	18.24	18.24	15156.9	
1432	1	18.24	18.24	15156.9	
1433	1	18.24	18.24	15156.9	
1434	1	18.24	18.24	15156.9	
1435	1	18.24	18.24	15156.9	
1436	1	18.26	18.26	15191.4	
1437	1	18.26	18.26	15191.4	
1438	1	18.3	18.3	15260.5	
1439	1	18.32	18.32	15295.1	
1440	1	18.32	18.32	15295.1	
1441	1	18.32	18.32	15295.1	
1442	1	18.32	18.32	15295.1	
1443	1	18.32	18.32	15295.1	
1444	1	18.33	18.33	15312.5	
1445	1	18.37	18.37	15381.8	
1446	1	18.4	18.4	15434	
1447	1	18.44	18.44	15503.6	
1448	1	18.49	18.49	15590.9	
1449	1	18.52	18.52	15643.4	
1450	1	18.55	18.55	15695.9	
1451	1	18.58	18.58	15748.6	
1452	1	18.6	18.6	15783.8	
1453	1	18.6	18.6	15783.8	
1454	1	18.6	18.6	15783.8	
1455	1	18.62	18.62	15819	
1456	1	18.64	18.64	15854.2	
1457	1	18.66	18.66	15889.5	
1458	1	18.7	18.7	15960.1	
1459	1	18.7	18.7	15960.1	
1460	1	18.72	18.72	15995.5	
1461	1	18.72	18.72	15995.5	
1462	1	18.72	18.72	15995.5	
1463	1	18.73	18.73	16013.2	
1464	1	18.78	18.78	16101.9	
1465	1	18.78	18.78	16101.9	
1466	1	18.78	18.78	16101.9	
1467	1	18.78	18.78	16101.9	
1468	1	18.8	18.8	16137.5	
1469	1	18.82	18.82	16173.1	
1470	1	18.82	18.82	16173.1	
1471	1	18.82	18.82	16173.1	
1472	1	18.85	18.85	16226.5	
1473	1	18.89	18.89	16297.9	
1474	1	18.89	18.89	16297.9	
1475	1	18.91	18.91	16333.7	
1476	1	18.92	18.92	16351.6	
1477	1	18.92	18.92	16351.6	
1478	1	18.97	18.97	16441.2	
1479	1	19	19	16495.1	
1480	1	19	19	16495.1	
1481	1	19.02	19.02	16531.1	
1482	1	19.02	19.02	16531.1	
1483	1	19.06	19.06	16603.2	
1484	1	19.06	19.06	16603.2	
1485	1	19.08	19.08	16639.3	
1486	1	19.08	19.08	16639.3	
1487	1	19.08	19.08	16639.3	
1488	1	19.08	19.08	16639.3	
1489	1	19.1	19.1	16675.4	
1490	1	19.1	19.1	16675.4	
1491	1	19.1	19.1	16675.4	
1492	1	19.12	19.12	16711.6	
1493	1	19.13	19.13	16729.7	
1494	1	19.14	19.14	16747.8	
1495	1	19.14	19.14	16747.8	
1496	1	19.14	19.14	16747.8	
1497	1	19.16	19.16	16784.1	
1498	1	19.16	19.16	16784.1	
1499	1	19.16	19.16	16784.1	
1500	1	19.18	19.18	16820.3	
1501	1	19.2	19.2	16856.7	
1502	1	19.2	19.2	16856.7	
1503	1	19.2	19.2	16856.7	
1504	1	19.2	19.2	16856.7	
1505	1	19.2	19.2	16856.7	
1506	1	19.2	19.2	16856.7	
1507	1	19.2	19.2	16856.7	
1508	1	19.2	19.2	16856.7	
1509	1	19.22	19.22	16893.1	
1510	1	19.22	19.22	16893.1	
1511	1	19.22	19.22	16893.1	
1512	1	19.22	19.22	16893.1	
1513	1	19.22	19.22	16893.1	
1514	1	19.24	19.24	16929.5	
1515	1	19.24	19.24	16929.5	
1516	1	19.28	19.28	17002.4	
1517	1	19.28	19.28	17002.4	
1518	1	19.28	19.28	17002.4	
1519	1	19.28	19.28	17002.4	
1520	1	19.28	19.28	17002.4	
1521	1	19.3	19.3	17038.9	
1522	1	19.34	19.34	17112.1	
1523	1	19.36	19.36	17148.8	
1524	1	19.36	19.36	17148.8	
1525	1	19.36	19.36	17148.8	
1526	1	19.4	19.4	17222.2	
1527	1	19.4	19.4	17222.2	
1528	1	19.42	19.42	17258.9	
1529	1	19.45	19.45	17314.1	
1530	1	19.44	19.44	17295.7	
1531	1	19.48	19.48	17369.4	
1532	1	19.53	19.53	17461.8	
1533	1	19.54	19.54	17480.3	
1534	1	19.56	19.56	17517.4	
1535	1	19.56	19.56	17517.4	
1536	1	19.56	19.56	17517.4	
1537	1	19.56	19.56	17517.4	
1538	1	19.56	19.56	17517.4	
1539	1	19.56	19.56	17517.4	
1540	1	19.57	19.57	17535.9	
1541	1	19.58	19.58	17554.4	
1542	1	19.6	19.6	17591.6	
1543	1	19.62	19.62	17628.7	
1544	1	19.62	19.62	17628.7	
1545	1	19.62	19.62	17628.7	
1546	1	19.62	19.62	17628.7	
1547	1	19.62	19.62	17628.7	
1548	1	19.66	19.66	17703.1	
1549	1	19.68	19.68	17740.4	
1550	1	19.68	19.68	17740.4	
1551	1	19.7	19.7	17777.7	
1552	1	19.76	19.76	17889.9	
1553	1	19.76	19.76	17889.9	
1554	1	19.78	19.78	17927.4	
1555	1	19.8	19.8	17964.9	
1556	1	19.82	19.82	18002.4	
1557	1	19.82	19.82	18002.4	
1558	1	19.82	19.82	18002.4	
1559	1	19.84	19.84	18040	
1560	1	19.86	19.86	18077.6	
1561	1	19.86	19.86	18077.6	
1562	1	19.88	19.88	18115.3	
1563	1	19.88	19.88	18115.3	
1564	1	19.88	19.88	18115.3	
1565	1	19.94	19.94	18228.5	
1566	1	19.98	19.98	18304.2	
1567	1	20	20	18342.1	
1568	1	20	20	18342.1	
1569	1	20	20	18342.1	
1570	1	20.02	20.02	18380.1	
1571	1	20.09	20.09	18513.2	
1572	1	20.1	20.1	18532.2	
1573	1	20.1	20.1	18532.2	
1574	1	20.12	20.12	18570.3	
1575	1	20.14	20.14	18608.5	
1576	1	20.18	20.18	18685	
1577	1	20.18	20.18	18685	
1578	1	20.21	20.21	18742.4	
1579	1	20.2	20.2	18723.3	
1580	1	20.2	20.2	18723.3	
1581	1	20.25	20.25	18819.2	
1582	1	20.26	20.26	18838.4	
1583	1	20.26	20.26	18838.4	
1584	1	20.28	20.28	18876.8	
1585	1	20.29	20.29	18896.1	
1586	1	20.28	20.28	18876.8	
1587	1	20.28	20.28	18876.8	
1588	1	20.3	20.3	18915.3	
1589	1	20.3	20.3	18915.3	
1590	1	20.3	20.3	18915.3	
1591	1	20.3	20.3	18915.3	
1592	1	20.3	20.3	18915.3	
1593	1	20.32	20.32	18953.9	
1594	1	20.33	20.33	18973.1	
1595	1	20.32	20.32	18953.9	
1596	1	20.32	20.32	18953.9	
1597	1	20.32	20.32	18953.9	
1598	1	20.34	20.34	18992.4	
1599	1	20.34	20.34	18992.4	
1600	1	20.34	20.34	18992.4	
1601	1	20.38	20.38	19069.7	
1602	1	20.4	20.4	19108.4	
1603	1	20.42	20.42	19147.1	
1604	1	20.42	20.42	19147.1	
1605	1	20.42	20.42	19147.1	
1606	1	20.42	20.42	19147.1	
1607	1	20.42	20.42	19147.1	
1608	1	20.42	20.42	19147.1	
1609	1	20.44	20.44	19185.8	
1610	1	20.44	20.44	19185.8	
1611	1	20.44	20.44	19185.8	
1612	1	20.44	20.44	19185.8	
1613	1	20.44	20.44	19185.8	
1614	1	20.46	20.46	19224.6	
1615	1	20.48	20.48	19263.5	
1616	1	20.48	20.48	19263.5	
1617	1	20.48	20.48	19263.5	
1618	1	20.5	20.5	19302.4	
1619	1	20.54	20.54	19380.2	
1620	1	20.56	20.56	19419.2	
1621	1	20.6	20.6	19497.4	
1622	1	20.6	20.6	19497.4	
1623	1	20.62	20.62	19536.5	
1624	1	20.64	20.64	19575.6	
1625	1	20.65	20.65	19595.2	
1626	1	20.64	20.64	19575.6	
1627	1	20.64	20.64	19575.6	
1628	1	20.64	20.64	19575.6	
1629	1	20.66	20.66	19614.8	
1630	1	20.66	20.66	19614.8	
1631	1	20.66	20.66	19614.8	
1632	1	20.68	20.68	19654.1	
1633	1	20.68	20.68	19654.1	
1634	1	20.7	20.7	19693.3	
1635	1	20.7	20.7	19693.3	
1636	1	20.72	20.72	19732.6	
1637	1	20.72	20.72	19732.6	
1638	1	20.74	20.74	19772	
1639	1	20.74	20.74	19772	
1640	1	20.79	20.79	19870.5	
1641	1	20.78	20.78	19850.8	
1642	1	20.8	20.8	19890.3	
1643	1	20.82	20.82	19929.8	
1644	1	20.85	20.85	19989.1	
1645	1	20.88	20.88	20048.5	
1646	1	20.89	20.89	20068.4	
1647	1	20.92	20.92	20127.9	
1648	1	20.92	20.92	20127.9	
1649	1	20.92	20.92	20127.9	
1650	1	20.94	20.94	20167.7	
1651	1	20.94	20.94	20167.7	
1652	1	20.96	20.96	20207.4	
1653	1	20.98	20.98	20247.3	
1654	1	21	21	20287.1	
1655	1	21	21	20287.1	
1656	1	21	21	20287.1	
1657	1	21.04	21.04	20367	
1658	1	21.04	21.04	20367	
1659	1	21.13	21.13	20547.2	
1660	1	21.13	21.13	20547.2	
1661	1	21.14	21.14	20567.2	
1662	1	21.16	21.16	20607.4	
1663	1	21.18	21.18	20647.6	
1664	1	21.2	21.2	20687.9	
1665	1	21.2	21.2	20687.9	
1666	1	21.2	21.2	20687.9	
1667	1	21.22	21.22	20728.2	
1668	1	21.24	21.24	20768.5	
1669	1	21.26	21.26	20808.9	
1670	1	21.26	21.26	20808.9	
1671	1	21.26	21.26	20808.9	
1672	1	21.26	21.26	20808.9	
1673	1	21.26	21.26	20808.9	
1674	1	21.26	21.26	20808.9	
1675	1	21.28	21.28	20849.3	
1676	1	21.3	21.3	20889.7	
1677	1	21.3	21.3	20889.7	
1678	1	21.32	21.32	20930.2	
1679	1	21.34	21.34	20970.7	
1680	1	21.34	21.34	20970.7	
1681	1	21.34	21.34	20970.7	
1682	1	21.36	21.36	21011.3	
1683	1	21.38	21.38	21051.9	
1684	1	21.42	21.42	21133.2	
1685	1	21.42	21.42	21133.2	
1686	1	21.42	21.42	21133.2	
1687	1	21.42	21.42	21133.2	
1688	1	21.42	21.42	21133.2	
1689	1	21.42	21.42	21133.2	
1690	1	21.44	21.44	21174	
1691	1	21.47	21.47	21235.1	
1692	1	21.52	21.52	21337.2	
1693	1	21.52	21.52	21337.2	
1694	1	21.52	21.52	21337.2	
1695	1	21.52	21.52	21337.2	
1696	1	21.52	21.52	21337.2	
1697	1	21.52	21.52	21337.2	
1698	1	21.52	21.52	21337.2	
1699	1	21.52	21.52	21337.2	
1700	1	21.53	21.53	21357.7	
1701	1	21.54	21.54	21378.2	
1702	1	21.54	21.54	21378.2	
1703	1	21.56	21.56	21419.1	
1704	1	21.56	21.56	21419.1	
1705	1	21.56	21.56	21419.1	
1706	1	21.56	21.56	21419.1	
1707	1	21.56	21.56	21419.1	
1708	1	21.56	21.56	21419.1	
1709	1	21.56	21.56	21419.1	
1710	1	21.56	21.56	21419.1	
1711	1	21.56	21.56	21419.1	
1712	1	21.56	21.56	21419.1	
1713	1	21.56	21.56	21419.1	
1714	1	21.56	21.56	21419.1	
1715	1	21.56	21.56	21419.1	
1716	1	21.58	21.58	21460.1	
1717	1	21.58	21.58	21460.1	
1718	1	21.6	21.6	21501.2	
1719	1	21.61	21.61	21521.7	
1720	1	21.62	21.62	21542.2	
1721	1	21.62	21.62	21542.2	
1722	1	21.62	21.62	21542.2	
1723	1	21.62	21.62	21542.2	
1724	1	21.63	21.63	21562.8	
1725	1	21.62	21.62	21542.2	
1726	1	21.64	21.64	21583.4	
1727	1	21.68	21.68	21665.7	
1728	1	21.68	21.68	21665.7	
1729	1	21.68	21.68	21665.7	
1730	1	21.68	21.68	21665.7	
1731	1	21.7	21.7	21706.9	
1732	1	21.7	21.7	21706.9	
1733	1	21.7	21.7	21706.9	
1734	1	21.72	21.72	21748.2	
1735	1	21.72	21.72	21748.2	
1736	1	21.74	21.74	21789.5	
1737	1	21.75	21.75	21810.2	
1738	1	21.76	21.76	21830.9	
1739	1	21.78	21.78	21872.3	
1740	1	21.78	21.78	21872.3	
1741	1	21.78	21.78	21872.3	
1742	1	21.78	21.78	21872.3	
1743	1	21.78	21.78	21872.3	
1744	1	21.79	21.79	21893	
1745	1	21.8	21.8	21913.7	
1746	1	21.8	21.8	21913.7	
1747	1	21.8	21.8	21913.7	
1748	1	21.82	21.82	21955.1	
1749	1	21.82	21.82	21955.1	
1750	1	21.84	21.84	21996.7	
1751	1	21.84	21.84	21996.7	
1752	1	21.84	21.84	21996.7	
1753	1	21.84	21.84	21996.7	
1754	1	21.84	21.84	21996.7	
1755	1	21.84	21.84	21996.7	
1756	1	21.84	21.84	21996.7	
1757	1	21.85	21.85	22017.4	
1758	1	21.87	21.87	22059	
1759	1	21.86	21.86	22038.2	
1760	1	21.88	21.88	22079.8	
1761	1	21.9	21.9	22121.4	
1762	1	21.9	21.9	22121.4	
1763	1	21.9	21.9	22121.4	
1764	1	21.92	21.92	22163.1	
1765	1	21.94	21.94	22204.8	
1766	1	21.94	21.94	22204.8	
1767	1	21.94	21.94	22204.8	
1768	1	21.94	21.94	22204.8	
1769	1	21.94	21.94	22204.8	
1770	1	21.94	21.94	22204.8	
1771	1	21.94	21.94	22204.8	
1772	1	21.94	21.94	22204.8	
1773	1	21.94	21.94	22204.8	
1774	1	21.94	21.94	22204.8	
1775	1	21.94	21.94	22204.8	
1776	1	21.94	21.94	22204.8	
1777	1	21.94	21.94	22204.8	
1778	1	21.94	21.94	22204.8	
1779	1	21.96	21.96	22246.5	
1780	1	21.96	21.96	22246.5	
1781	1	21.98	21.98	22288.3	
1782	1	21.98	21.98	22288.3	
1783	1	21.98	21.98	22288.3	
1784	1	21.98	21.98	22288.3	
1785	1	21.98	21.98	22288.3	
1786	1	21.98	21.98	22288.3	
1787	1	22.02	22.02	22372	
1788	1	22.02	22.02	22372	
1789	1	22.02	22.02	22372	
1790	1	22.02	22.02	22372	
1791	1	22.04	22.04	22413.9	
1792	1	22.04	22.04	22413.9	
1793	1	22.05	22.05	22434.8	
1794	1	22.06	22.06	22455.8	
1795	1	22.08	22.08	22497.8	
1796	1	22.11	22.11	22560.8	
1797	1	22.1	22.1	22539.8	
1798	1	22.1	22.1	22539.8	
1799	1	22.12	22.12	22581.9	
1800	1	22.12	22.12	22581.9	
1801	1	22.12	22.12	22581.9	
1802	1	22.14	22.14	22624	
1803	1	22.17	22.17	22687.2	
1804	1	22.18	22.18	22708.3	
1805	1	22.18	22.18	22708.3	
1806	1	22.18	22.18	22708.3	
1807	1	22.2	22.2	22750.5	
1808	1	22.2	22.2	22750.5	
1809	1	22.2	22.2	22750.5	
1810	1	22.21	22.21	22771.6	
1811	1	22.22	22.22	22792.7	
1812	1	22.22	22.22	22792.7	
1813	1	22.22	22.22	22792.7	
1814	1	22.23	22.23	22813.9	
1815	1	22.27	22.27	22898.5	
1816	1	22.26	22.26	22877.4	
1817	1	22.29	22.29	22940.9	
1818	1	22.31	22.31	22983.4	
1819	1	22.32	22.32	23004.6	
1820	1	22.36	22.36	23089.6	
1821	1	22.36	22.36	23089.6	
1822	1	22.36	22.36	23089.6	
1823	1	22.36	22.36	23089.6	
1824	1	22.36	22.36	23089.6	
1825	1	22.36	22.36	23089.6	
1826	1	22.36	22.36	23089.6	
1827	1	22.36	22.36	23089.6	
1828	1	22.36	22.36	23089.6	
1829	1	22.37	22.37	23110.9	
1830	1	22.36	22.36	23089.6	
1831	1	22.36	22.36	23089.6	
1832	1	22.4	22.4	23174.8	
1833	1	22.4	22.4	23174.8	
1834	1	22.4	22.4	23174.8	
1835	1	22.4	22.4	23174.8	
1836	1	22.4	22.4	23174.8	
1837	1	22.4	22.4	23174.8	
1838	1	22.4	22.4	23174.8	
1839	1	22.4	22.4	23174.8	
1840	1	22.4	22.4	23174.8	
1841	1	22.43	22.43	23238.7	
1842	1	22.44	22.44	23260.1	
1843	1	22.44	22.44	23260.1	
1844	1	22.47	22.47	23324.2	
1845	1	22.48	22.48	23345.6	
1846	1	22.52	22.52	23431.2	
1847	1	22.52	22.52	23431.2	
1848	1	22.52	22.52	23431.2	
1849	1	22.54	22.54	23474.1	
1850	1	22.54	22.54	23474.1	
1851	1	22.58	22.58	23560	
1852	1	22.58	22.58	23560	
1853	1	22.63	22.63	23667.5	
1854	1	22.62	22.62	23646	
1855	1	22.62	22.62	23646	
1856	1	22.62	22.62	23646	
1857	1	22.62	22.62	23646	
1858	1	22.64	22.64	23689.1	
1859	1	22.68	22.68	23775.3	
1860	1	22.68	22.68	23775.3	
1861	1	22.68	22.68	23775.3	
1862	1	22.68	22.68	23775.3	
1863	1	22.68	22.68	23775.3	
1864	1	22.68	22.68	23775.3	
1865	1	22.68	22.68	23775.3	
1866	1	22.68	22.68	23775.3	
1867	1	22.68	22.68	23775.3	
1868	1	22.68	22.68	23775.3	
1869	1	22.68	22.68	23775.3	
1870	1	22.7	22.7	23818.5	
1871	1	22.74	22.74	23905	
1872	1	22.75	22.75	23926.7	
1873	1	22.77	22.77	23970	
1874	1	22.79	22.79	24013.4	
1875	1	22.78	22.78	23991.7	
1876	1	22.78	22.78	23991.7	
1877	1	22.78	22.78	23991.7	
1878	1	22.78	22.78	23991.7	
1879	1	22.78	22.78	23991.7	
1880	1	22.78	22.78	23991.7	
1881	1	22.78	22.78	23991.7	
1882	1	22.78	22.78	23991.7	
1883	1	22.78	22.78	23991.7	
1884	1	22.78	22.78	23991.7	
1885	1	22.79	22.79	24013.4	
1886	1	22.82	22.82	24078.5	
1887	1	22.82	22.82	24078.5	
1888	1	22.82	22.82	24078.5	
1889	1	22.82	22.82	24078.5	
1890	1	22.82	22.82	24078.5	
1891	1	22.82	22.82	24078.5	
1892	1	22.82	22.82	24078.5	
1893	1	22.82	22.82	24078.5	
1894	1	22.82	22.82	24078.5	
1895	1	22.82	22.82	24078.5	
1896	1	22.84	22.84	24122	
1897	1	22.86	22.86	24165.5	
1898	1	22.87	22.87	24187.3	
1899	1	22.88	22.88	24209	
1900	1	22.88	22.88	24209	
1901	1	22.94	22.94	24339.9	
1902	1	22.94	22.94	24339.9	
1903	1	22.94	22.94	24339.9	
1904	1	22.94	22.94	24339.9	
1905	1	22.94	22.94	24339.9	
1906	1	22.96	22.96	24383.6	
1907	1	22.96	22.96	24383.6	
1908	1	22.98	22.98	24427.3	
1909	1	23.02	23.02	24514.9	
1910	1	23.02	23.02	24514.9	
1911	1	23.04	23.04	24558.8	
1912	1	23.04	23.04	24558.8	
1913	1	23.08	23.08	24646.6	
1914	1	23.1	23.1	24690.6	
1915	1	23.1	23.1	24690.6	
1916	1	23.1	23.1	24690.6	
1917	1	23.13	23.13	24756.7	
1918	1	23.14	23.14	24778.7	
1919	1	23.16	23.16	24822.8	
1920	1	23.18	23.18	24866.9	
1921	1	23.2	23.2	24911.1	
1922	1	23.2	23.2	24911.1	
1923	1	23.2	23.2	24911.1	
1924	1	23.2	23.2	24911.1	
1925	1	23.2	23.2	24911.1	
1926	1	23.2	23.2	24911.1	
1927	1	23.2	23.2	24911.1	
1928	1	23.21	23.21	24933.2	
1929	1	23.2	23.2	24911.1	
1930	1	23.2	23.2	24911.1	
1931	1	23.2	23.2	24911.1	
1932	1	23.2	23.2	24911.1	
1933	1	23.2	23.2	24911.1	
1934	1	23.21	23.21	24933.2	
1935	1	23.2	23.2	24911.1	
1936	1	23.2	23.2	24911.1	
1937	1	23.24	23.24	24999.5	
1938	1	23.24	23.24	24999.5	
1939	1	23.24	23.24	24999.5	
1940	1	23.24	23.24	24999.5	
1941	1	23.24	23.24	24999.5	
1942	1	23.24	23.24	24999.5	
1943	1	23.24	23.24	24999.5	
1944	1	23.24	23.24	24999.5	
1945	1	23.24	23.24	24999.5	
1946	1	23.26	23.26	25043.8	
1947	1	23.26	23.26	25043.8	
1948	1	23.26	23.26	25043.8	
1949	1	23.28	23.28	25088.2	
1950	1	23.28	23.28	25088.2	
1951	1	23.28	23.28	25088.2	
1952	1	23.28	23.28	25088.2	
1953	1	23.28	23.28	25088.2	
1954	1	23.3	23.3	25132.5	
1955	1	23.3	23.3	25132.5	
1956	1	23.3	23.3	25132.5	
1957	1	23.3	23.3	25132.5	
1958	1	23.3	23.3	25132.5	
1959	1	23.32	23.32	25176.9	
1960	1	23.34	23.34	25221.4	
1961	1	23.34	23.34	25221.4	
1962	1	23.36	23.36	25265.9	
1963	1	23.36	23.36	25265.9	
1964	1	23.36	23.36	25265.9	
1965	1	23.36	23.36	25265.9	
1966	1	23.4	23.4	25355	
1967	1	23.4	23.4	25355	
1968	1	23.42	23.42	25399.6	
1969	1	23.42	23.42	25399.6	
1970	1	23.44	23.44	25444.2	
1971	1	23.45	23.45	25466.5	
1972	1	23.46	23.46	25488.9	
1973	1	23.46	23.46	25488.9	
1974	1	23.46	23.46	25488.9	
1975	1	23.52	23.52	25623.2	
1976	1	23.53	23.53	25645.6	
1977	1	23.53	23.53	25645.6	
1978	1	23.54	23.54	25668	
1979	1	23.56	23.56	25712.9	
1980	1	23.58	23.58	25757.8	
1981	1	23.6	23.6	25802.8	
1982	1	23.62	23.62	25847.8	
1983	1	23.63	23.63	25870.3	
1984	1	23.62	23.62	25847.8	
1985	1	23.62	23.62	25847.8	
1986	1	23.62	23.62	25847.8	
1987	1	23.62	23.62	25847.8	
1988	1	23.62	23.62	25847.8	
1989	1	23.62	23.62	25847.8	
1990	1	23.62	23.62	25847.8	
1991	1	23.63	23.63	25870.3	
1992	1	23.62	23.62	25847.8	
1993	1	23.62	23.62	25847.8	
1994	1	23.62	23.62	25847.8	
1995	1	23.62	23.62	25847.8	
1996	1	23.62	23.62	25847.8	
1997	1	23.62	23.62	25847.8	
1998	1	23.64	23.64	25892.8	
1999	1	23.67	23.67	25960.4	
2000	1	23.66	23.66	25937.9	
