# mu = 0.1, s = 0.001, trials requested = 1, runtime = 0:00:01
# "Time"	"Actual trials"	"Mean mutation"	"Average mean mutation"	"Average mutation variance"
0	1	0	0	0	
1	1	0.03	0.03	0.0291	
2	1	0.02	0.02	0.0196	
3	1	0.04	0.04	0.0384	
4	1	0.05	0.05	0.0475	
5	1	0.06	0.06	0.0564	
6	1	0.06	0.06	0.0564	
7	1	0.06	0.06	0.0564	
8	1	0.06	0.06	0.0564	
9	1	0.06	0.06	0.0564	
10	1	0.06	0.06	0.0564	
11	1	0.07	0.07	0.0651	
12	1	0.07	0.07	0.0651	
13	1	0.08	0.08	0.0736	
14	1	0.08	0.08	0.0736	
15	1	0.08	0.08	0.0736	
16	1	0.1	0.1	0.09	
17	1	0.12	0.12	0.1056	
18	1	0.14	0.14	0.1204	
19	1	0.14	0.14	0.1204	
20	1	0.17	0.17	0.1411	
21	1	0.19	0.19	0.1739	
22	1	0.21	0.21	0.1859	
23	1	0.23	0.23	0.2171	
24	1	0.25	0.25	0.2475	
25	1	0.28	0.28	0.2616	
26	1	0.28	0.28	0.2616	
27	1	0.29	0.29	0.2659	
28	1	0.29	0.29	0.2659	
29	1	0.31	0.31	0.2939	
30	1	0.33	0.33	0.3211	
31	1	0.34	0.34	0.3244	
32	1	0.34	0.34	0.3244	
33	1	0.35	0.35	0.3275	
34	1	0.38	0.38	0.3356	
35	1	0.4	0.4	0.34	
36	1	0.43	0.43	0.3451	
37	1	0.43	0.43	0.3451	
38	1	0.43	0.43	0.3451	
39	1	0.45	0.45	0.3675	
40	1	0.47	0.47	0.4091	
41	1	0.49	0.49	0.4299	
42	1	0.49	0.49	0.4699	
43	1	0.49	0.49	0.4699	
44	1	0.54	0.54	0.5284	
45	1	0.52	0.52	0.4696	
46	1	0.53	0.53	0.4691	
47	1	0.54	0.54	0.4684	
48	1	0.57	0.57	0.4651	
49	1	0.62	0.62	0.6356	
50	1	0.61	0.61	0.5979	
51	1	0.62	0.62	0.6156	
52	1	0.62	0.62	0.6156	
53	1	0.65	0.65	0.6275	
54	1	0.66	0.66	0.6244	
55	1	0.68	0.68	0.6176	
56	1	0.71	0.71	0.6459	
57	1	0.71	0.71	0.6459	
58	1	0.72	0.72	0.6616	
59	1	0.7	0.7	0.65	
60	1	0.71	0.71	0.6459	
61	1	0.7	0.7	0.65	
62	1	0.72	0.72	0.6616	
63	1	0.74	0.74	0.7124	
64	1	0.75	0.75	0.7075	
65	1	0.78	0.78	0.7116	
66	1	0.77	0.77	0.6971	
67	1	0.77	0.77	0.7171	
68	1	0.77	0.77	0.7171	
69	1	0.78	0.78	0.7116	
70	1	0.8	0.8	0.74	
71	1	0.81	0.81	0.7539	
72	1	0.84	0.84	0.7744	
73	1	0.84	0.84	0.7744	
74	1	0.86	0.86	0.7604	
75	1	0.86	0.86	0.7804	
76	1	0.87	0.87	0.7931	
77	1	0.9	0.9	0.79	
78	1	0.91	0.91	0.8219	
79	1	0.91	0.91	0.8219	
80	1	0.92	0.92	0.8136	
81	1	0.92	0.92	0.8136	
82	1	0.94	0.94	0.8164	
83	1	0.93	0.93	0.8451	
84	1	0.95	0.95	0.8675	
85	1	0.97	0.97	0.8691	
86	1	0.97	0.97	0.8691	
87	1	0.96	0.96	0.8784	
88	1	0.97	0.97	0.8691	
89	1	0.98	0.98	0.8796	
90	1	1	1	0.94	
91	1	1	1	0.94	
92	1	1.01	1.01	0.9299	
93	1	1.02	1.02	0.9596	
94	1	1.02	1.02	0.9596	
95	1	1.02	1.02	0.9596	
96	1	1.04	1.04	0.9584	
97	1	1.1	1.1	0.99	
98	1	1.1	1.1	0.99	
99	1	1.09	1.09	1.0019	
100	1	1.11	1.11	1.0179	
101	1	1.11	1.11	1.0179	
102	1	1.13	1.13	1.0331	
103	1	1.16	1.16	1.0744	
104	1	1.17	1.17	1.1011	
105	1	1.15	1.15	1.0675	
106	1	1.18	1.18	1.1076	
107	1	1.16	1.16	1.0744	
108	1	1.19	1.19	1.1539	
109	1	1.2	1.2	1.18	
110	1	1.19	1.19	1.1939	
111	1	1.24	1.24	1.2424	
112	1	1.21	1.21	1.1659	
113	1	1.22	1.22	1.1716	
114	1	1.22	1.22	1.2116	
115	1	1.24	1.24	1.2224	
116	1	1.26	1.26	1.2324	
117	1	1.28	1.28	1.2816	
118	1	1.26	1.26	1.2924	
119	1	1.3	1.3	1.31	
120	1	1.3	1.3	1.35	
121	1	1.38	1.38	1.4756	
122	1	1.35	1.35	1.4475	
123	1	1.39	1.39	1.4779	
124	1	1.38	1.38	1.4356	
125	1	1.39	1.39	1.4379	
126	1	1.38	1.38	1.4356	
127	1	1.38	1.38	1.4356	
128	1	1.39	1.39	1.4579	
129	1	1.4	1.4	1.44	
130	1	1.41	1.41	1.4419	
131	1	1.42	1.42	1.4436	
132	1	1.41	1.41	1.4619	
133	1	1.46	1.46	1.4684	
134	1	1.49	1.49	1.5299	
135	1	1.47	1.47	1.4691	
136	1	1.49	1.49	1.4899	
137	1	1.52	1.52	1.5496	
138	1	1.55	1.55	1.5275	
139	1	1.56	1.56	1.5064	
140	1	1.59	1.59	1.5019	
141	1	1.61	1.61	1.5379	
142	1	1.63	1.63	1.5531	
143	1	1.6	1.6	1.56	
144	1	1.62	1.62	1.5356	
145	1	1.62	1.62	1.5156	
146	1	1.64	1.64	1.4904	
147	1	1.64	1.64	1.4904	
148	1	1.67	1.67	1.5011	
149	1	1.65	1.65	1.4875	
150	1	1.67	1.67	1.5011	
151	1	1.68	1.68	1.5376	
152	1	1.69	1.69	1.5339	
153	1	1.71	1.71	1.5859	
154	1	1.71	1.71	1.5459	
155	1	1.71	1.71	1.5459	
156	1	1.75	1.75	1.6075	
157	1	1.73	1.73	1.5971	
158	1	1.74	1.74	1.6524	
159	1	1.75	1.75	1.6275	
160	1	1.75	1.75	1.6275	
161	1	1.77	1.77	1.6171	
162	1	1.77	1.77	1.6771	
163	1	1.78	1.78	1.6716	
164	1	1.77	1.77	1.6971	
165	1	1.77	1.77	1.6971	
166	1	1.8	1.8	1.66	
167	1	1.79	1.79	1.7259	
168	1	1.82	1.82	1.7076	
169	1	1.82	1.82	1.7476	
170	1	1.85	1.85	1.7075	
171	1	1.88	1.88	1.7456	
172	1	1.87	1.87	1.7531	
173	1	1.88	1.88	1.8056	
174	1	1.88	1.88	1.8056	
175	1	1.9	1.9	1.73	
176	1	1.95	1.95	1.9075	
177	1	1.94	1.94	1.8564	
178	1	1.96	1.96	1.8584	
179	1	1.93	1.93	1.8851	
180	1	1.95	1.95	1.8475	
181	1	1.97	1.97	1.8891	
182	1	1.96	1.96	1.8584	
183	1	1.96	1.96	1.8184	
184	1	2	2	1.88	
185	1	1.98	1.98	1.8796	
186	1	1.99	1.99	1.8699	
187	1	2.02	2.02	1.9996	
188	1	2.06	2.06	2.0764	
189	1	2.06	2.06	2.0764	
190	1	2.06	2.06	2.0564	
191	1	2.07	2.07	2.0451	
192	1	2.07	2.07	2.0451	
193	1	2.08	2.08	2.0336	
194	1	2.07	2.07	2.0851	
195	1	2.08	2.08	2.0536	
196	1	2.1	2.1	2.01	
197	1	2.13	2.13	2.0131	
198	1	2.11	2.11	2.0579	
199	1	2.11	2.11	2.0579	
200	1	2.12	2.12	2.0256	
201	1	2.12	2.12	2.0256	
202	1	2.14	2.14	2.0604	
203	1	2.14	2.14	2.1604	
204	1	2.16	2.16	2.0944	
205	1	2.16	2.16	2.0944	
206	1	2.15	2.15	2.1075	
207	1	2.17	2.17	2.1011	
208	1	2.17	2.17	2.1411	
209	1	2.21	2.21	2.1459	
210	1	2.2	2.2	2.14	
211	1	2.18	2.18	2.1876	
212	1	2.24	2.24	2.1824	
213	1	2.21	2.21	2.1059	
214	1	2.27	2.27	2.1171	
215	1	2.28	2.28	2.1616	
216	1	2.26	2.26	2.1524	
217	1	2.33	2.33	2.2411	
218	1	2.34	2.34	2.2244	
219	1	2.31	2.31	2.0939	
220	1	2.31	2.31	2.0939	
221	1	2.31	2.31	2.0939	
222	1	2.32	2.32	2.1176	
223	1	2.32	2.32	2.1176	
224	1	2.31	2.31	2.1339	
225	1	2.36	2.36	2.1304	
226	1	2.36	2.36	2.1304	
227	1	2.35	2.35	2.2275	
228	1	2.37	2.37	2.1731	
229	1	2.43	2.43	2.2451	
230	1	2.43	2.43	2.2251	
231	1	2.43	2.43	2.2851	
232	1	2.46	2.46	2.2884	
233	1	2.45	2.45	2.3675	
234	1	2.5	2.5	2.37	
235	1	2.51	2.51	2.3899	
236	1	2.47	2.47	2.3691	
237	1	2.5	2.5	2.31	
238	1	2.56	2.56	2.2464	
239	1	2.56	2.56	2.2264	
240	1	2.59	2.59	2.2819	
241	1	2.6	2.6	2.32	
242	1	2.6	2.6	2.3	
243	1	2.6	2.6	2.28	
244	1	2.58	2.58	2.3036	
245	1	2.6	2.6	2.34	
246	1	2.61	2.61	2.3179	
247	1	2.64	2.64	2.3304	
248	1	2.63	2.63	2.3331	
249	1	2.65	2.65	2.3875	
250	1	2.68	2.68	2.3976	
251	1	2.68	2.68	2.3976	
252	1	2.71	2.71	2.4059	
253	1	2.7	2.7	2.39	
254	1	2.69	2.69	2.3939	
255	1	2.68	2.68	2.4176	
256	1	2.7	2.7	2.49	
257	1	2.75	2.75	2.5875	
258	1	2.73	2.73	2.4971	
259	1	2.7	2.7	2.55	
260	1	2.72	2.72	2.4816	
261	1	2.73	2.73	2.5371	
262	1	2.77	2.77	2.5571	
263	1	2.76	2.76	2.7024	
264	1	2.79	2.79	2.6859	
265	1	2.83	2.83	2.7411	
266	1	2.82	2.82	2.7076	
267	1	2.83	2.83	2.7411	
268	1	2.82	2.82	2.7676	
269	1	2.86	2.86	2.7604	
270	1	2.85	2.85	2.7475	
271	1	2.9	2.9	2.79	
272	1	2.92	2.92	2.7736	
273	1	2.89	2.89	2.8779	
274	1	2.92	2.92	2.7936	
275	1	2.96	2.96	2.7984	
276	1	3	3	2.9	
277	1	3	3	2.84	
278	1	3.01	3.01	2.7899	
279	1	3.02	3.02	2.8196	
280	1	3.04	3.04	2.8584	
281	1	3.05	3.05	2.9075	
282	1	3.07	3.07	2.9451	
283	1	3.04	3.04	2.9384	
284	1	3.07	3.07	2.9251	
285	1	3.07	3.07	2.9251	
286	1	3.12	3.12	2.9656	
287	1	3.07	3.07	2.9251	
288	1	3.09	3.09	2.9219	
289	1	3.12	3.12	2.8856	
290	1	3.15	3.15	2.8675	
291	1	3.14	3.14	2.7804	
292	1	3.16	3.16	2.8744	
293	1	3.17	3.17	2.8811	
294	1	3.21	3.21	3.1059	
295	1	3.15	3.15	3.0075	
296	1	3.15	3.15	3.0075	
297	1	3.16	3.16	3.0944	
298	1	3.19	3.19	3.0739	
299	1	3.21	3.21	3.1059	
300	1	3.19	3.19	3.0739	
301	1	3.2	3.2	3.08	
302	1	3.18	3.18	3.0876	
303	1	3.22	3.22	3.0516	
304	1	3.22	3.22	3.0516	
305	1	3.27	3.27	3.0971	
306	1	3.31	3.31	3.3539	
307	1	3.35	3.35	3.5675	
308	1	3.37	3.37	3.5131	
309	1	3.32	3.32	3.2776	
310	1	3.35	3.35	3.3075	
311	1	3.33	3.33	3.3211	
312	1	3.35	3.35	3.2675	
313	1	3.3	3.3	3.23	
314	1	3.31	3.31	3.2539	
315	1	3.34	3.34	3.2444	
316	1	3.32	3.32	3.2976	
317	1	3.39	3.39	3.3979	
318	1	3.38	3.38	3.3756	
319	1	3.37	3.37	3.3931	
320	1	3.4	3.4	3.34	
321	1	3.38	3.38	3.4156	
322	1	3.43	3.43	3.3851	
323	1	3.42	3.42	3.3636	
324	1	3.4	3.4	3.38	
325	1	3.42	3.42	3.3836	
326	1	3.44	3.44	3.3864	
327	1	3.43	3.43	3.4651	
328	1	3.47	3.47	3.4491	
329	1	3.53	3.53	3.5691	
330	1	3.56	3.56	3.6064	
331	1	3.57	3.57	3.5851	
332	1	3.58	3.58	3.6236	
333	1	3.62	3.62	3.7356	
334	1	3.63	3.63	3.8131	
335	1	3.6	3.6	3.62	
336	1	3.63	3.63	3.5931	
337	1	3.62	3.62	3.5956	
338	1	3.63	3.63	3.6331	
339	1	3.62	3.62	3.6556	
340	1	3.66	3.66	3.6244	
341	1	3.67	3.67	3.6411	
342	1	3.69	3.69	3.7139	
343	1	3.64	3.64	3.7504	
344	1	3.64	3.64	3.7504	
345	1	3.67	3.67	3.8411	
346	1	3.7	3.7	3.77	
347	1	3.67	3.67	3.7211	
348	1	3.71	3.71	3.7859	
349	1	3.74	3.74	3.7124	
350	1	3.72	3.72	3.8616	
351	1	3.78	3.78	3.8916	
352	1	3.77	3.77	3.7971	
353	1	3.79	3.79	3.8059	
354	1	3.79	3.79	3.7859	
355	1	3.78	3.78	3.7916	
356	1	3.82	3.82	3.7676	
357	1	3.82	3.82	3.7476	
358	1	3.82	3.82	3.7076	
359	1	3.81	3.81	3.7339	
360	1	3.86	3.86	3.7404	
361	1	3.85	3.85	3.7275	
362	1	3.88	3.88	3.7456	
363	1	3.9	3.9	3.79	
364	1	3.89	3.89	3.9179	
365	1	3.93	3.93	3.8851	
366	1	3.94	3.94	3.8564	
367	1	3.92	3.92	3.9136	
368	1	3.98	3.98	3.8196	
369	1	3.98	3.98	3.8196	
370	1	4.02	4.02	3.8796	
371	1	4.03	4.03	3.8691	
372	1	4.02	4.02	3.8396	
373	1	4.05	4.05	3.8875	
374	1	4.07	4.07	3.9651	
375	1	4.02	4.02	3.9596	
376	1	4.1	4.1	3.93	
377	1	4.06	4.06	3.9364	
378	1	4.11	4.11	4.2179	
379	1	4.05	4.05	3.8675	
380	1	4.07	4.07	3.8651	
381	1	4.04	4.04	3.9584	
382	1	4.06	4.06	3.8764	
383	1	4.05	4.05	3.9475	
384	1	4.1	4.1	3.87	
385	1	4.13	4.13	4.0331	
386	1	4.09	4.09	4.0419	
387	1	4.11	4.11	3.9979	
388	1	4.11	4.11	3.9979	
389	1	4.13	4.13	4.0731	
390	1	4.17	4.17	4.0811	
391	1	4.16	4.16	4.0744	
392	1	4.22	4.22	4.3516	
393	1	4.16	4.16	4.1344	
394	1	4.17	4.17	4.1211	
395	1	4.18	4.18	4.1276	
396	1	4.18	4.18	4.1676	
397	1	4.21	4.21	4.2059	
398	1	4.19	4.19	4.1939	
399	1	4.22	4.22	4.1916	
400	1	4.22	4.22	4.2316	
401	1	4.28	4.28	4.2016	
402	1	4.33	4.33	4.5611	
403	1	4.26	4.26	4.2524	
404	1	4.31	4.31	4.2939	
405	1	4.28	4.28	4.4416	
406	1	4.32	4.32	4.2976	
407	1	4.33	4.33	4.4211	
408	1	4.33	4.33	4.4411	
409	1	4.35	4.35	4.4475	
410	1	4.34	4.34	4.4644	
411	1	4.4	4.4	4.64	
412	1	4.38	4.38	4.5356	
413	1	4.36	4.36	4.6104	
414	1	4.39	4.39	4.5179	
415	1	4.41	4.41	4.5619	
416	1	4.45	4.45	4.6075	
417	1	4.45	4.45	4.6275	
418	1	4.48	4.48	4.7496	
419	1	4.45	4.45	4.6275	
420	1	4.44	4.44	4.6864	
421	1	4.51	4.51	4.6699	
422	1	4.47	4.47	4.7491	
423	1	4.52	4.52	4.6496	
424	1	4.52	4.52	4.5896	
425	1	4.49	4.49	4.8099	
426	1	4.51	4.51	4.6899	
427	1	4.5	4.5	4.75	
428	1	4.54	4.54	4.7084	
429	1	4.51	4.51	4.7699	
430	1	4.56	4.56	4.7664	
431	1	4.55	4.55	4.7075	
432	1	4.57	4.57	4.7251	
433	1	4.61	4.61	4.8379	
434	1	4.64	4.64	4.8504	
435	1	4.63	4.63	4.8331	
436	1	4.7	4.7	5.01	
437	1	4.69	4.69	4.8939	
438	1	4.7	4.7	4.91	
439	1	4.78	4.78	5.3116	
440	1	4.69	4.69	4.9939	
441	1	4.7	4.7	4.95	
442	1	4.75	4.75	5.0475	
443	1	4.76	4.76	5.0624	
444	1	4.78	4.78	5.0316	
445	1	4.75	4.75	5.0875	
446	1	4.82	4.82	5.0676	
447	1	4.83	4.83	5.0411	
448	1	4.82	4.82	5.0276	
449	1	4.84	4.84	5.0744	
450	1	4.74	4.74	5.2724	
451	1	4.8	4.8	5.38	
452	1	4.8	4.8	5.38	
453	1	4.77	4.77	5.3971	
454	1	4.88	4.88	5.1456	
455	1	4.87	4.87	5.1731	
456	1	4.85	4.85	5.3475	
457	1	4.89	4.89	5.3379	
458	1	4.92	4.92	5.1936	
459	1	4.97	4.97	5.2891	
460	1	4.96	4.96	5.2584	
461	1	4.96	4.96	5.2584	
462	1	5.02	5.02	5.3196	
463	1	5.02	5.02	5.2396	
464	1	5.01	5.01	5.2499	
465	1	5.06	5.06	5.2964	
466	1	5.09	5.09	5.3619	
467	1	5.06	5.06	5.2164	
468	1	5.06	5.06	5.2164	
469	1	5.07	5.07	5.2051	
470	1	5.09	5.09	5.2419	
471	1	5.09	5.09	5.3019	
472	1	5.06	5.06	5.3364	
473	1	5.12	5.12	5.4456	
474	1	5.1	5.1	5.27	
475	1	5.12	5.12	5.3056	
476	1	5.12	5.12	5.2656	
477	1	5.1	5.1	5.21	
478	1	5.09	5.09	5.1219	
479	1	5.09	5.09	5.1219	
480	1	5.11	5.11	5.1579	
481	1	5.12	5.12	5.1456	
482	1	5.13	5.13	5.1331	
483	1	5.1	5.1	5.41	
484	1	5.13	5.13	5.1931	
485	1	5.18	5.18	5.2276	
486	1	5.2	5.2	5.26	
487	1	5.21	5.21	5.3659	
488	1	5.25	5.25	5.5075	
489	1	5.31	5.31	5.5939	
490	1	5.31	5.31	5.6139	
491	1	5.33	5.33	5.6211	
492	1	5.32	5.32	5.6376	
493	1	5.33	5.33	5.7211	
494	1	5.35	5.35	5.6675	
495	1	5.36	5.36	5.6704	
496	1	5.32	5.32	5.5776	
497	1	5.37	5.37	5.5331	
498	1	5.35	5.35	5.4675	
499	1	5.33	5.33	5.6411	
500	1	5.41	5.41	5.4819	
501	1	5.39	5.39	5.4179	
502	1	5.39	5.39	5.4179	
503	1	5.41	5.41	5.4819	
504	1	5.39	5.39	5.3379	
505	1	5.43	5.43	5.4651	
506	1	5.42	5.42	5.2636	
507	1	5.41	5.41	5.2619	
508	1	5.42	5.42	5.2236	
509	1	5.44	5.44	5.2464	
510	1	5.39	5.39	5.2379	
511	1	5.42	5.42	5.1636	
512	1	5.49	5.49	5.3899	
513	1	5.43	5.43	5.2851	
514	1	5.47	5.47	5.1491	
515	1	5.54	5.54	5.3284	
516	1	5.48	5.48	5.3296	
517	1	5.53	5.53	5.3291	
518	1	5.52	5.52	5.2896	
519	1	5.5	5.5	5.25	
520	1	5.51	5.51	5.2699	
521	1	5.58	5.58	5.4436	
522	1	5.53	5.53	5.4491	
523	1	5.58	5.58	5.2636	
524	1	5.61	5.61	5.3179	
525	1	5.61	5.61	5.3179	
526	1	5.56	5.56	5.5264	
527	1	5.61	5.61	5.1979	
528	1	5.65	5.65	5.2675	
529	1	5.65	5.65	5.2075	
530	1	5.68	5.68	5.1776	
531	1	5.7	5.7	5.23	
532	1	5.66	5.66	5.4444	
533	1	5.72	5.72	5.2816	
534	1	5.76	5.76	5.4224	
535	1	5.69	5.69	5.3139	
536	1	5.72	5.72	5.2416	
537	1	5.72	5.72	5.3016	
538	1	5.75	5.75	5.3075	
539	1	5.75	5.75	5.3275	
540	1	5.81	5.81	5.3339	
541	1	5.89	5.89	5.8379	
542	1	5.82	5.82	5.3676	
543	1	5.81	5.81	5.3939	
544	1	5.87	5.87	5.3731	
545	1	5.86	5.86	5.3204	
546	1	5.87	5.87	5.2931	
547	1	5.84	5.84	5.3544	
548	1	5.92	5.92	5.5336	
549	1	5.87	5.87	5.3531	
550	1	5.85	5.85	5.5475	
551	1	5.86	5.86	5.5404	
552	1	5.89	5.89	5.3979	
553	1	5.78	5.78	5.8116	
554	1	5.79	5.79	5.7259	
555	1	5.85	5.85	5.5875	
556	1	5.85	5.85	5.5875	
557	1	5.88	5.88	5.4856	
558	1	5.92	5.92	5.4336	
559	1	5.97	5.97	5.5891	
560	1	5.95	5.95	5.4075	
561	1	5.94	5.94	5.4964	
562	1	5.95	5.95	5.4675	
563	1	5.96	5.96	5.4584	
564	1	5.97	5.97	5.4491	
565	1	5.98	5.98	5.4596	
566	1	6	6	5.5	
567	1	6	6	5.42	
568	1	5.98	5.98	5.4996	
569	1	6.01	6.01	5.4499	
570	1	6	6	5.56	
571	1	6.04	6.04	5.3984	
572	1	6.03	6.03	5.4091	
573	1	6.02	6.02	5.4796	
574	1	6.11	6.11	5.5779	
575	1	6.06	6.06	5.3364	
576	1	6.07	6.07	5.3451	
577	1	6.08	6.08	5.3936	
578	1	6.1	6.1	5.43	
579	1	6.14	6.14	5.5004	
580	1	6.12	6.12	5.3856	
581	1	6.12	6.12	5.3656	
582	1	6.15	6.15	5.4475	
583	1	6.15	6.15	5.3875	
584	1	6.15	6.15	5.3475	
585	1	6.18	6.18	5.4276	
586	1	6.19	6.19	5.4539	
587	1	6.17	6.17	5.4211	
588	1	6.21	6.21	5.4059	
589	1	6.18	6.18	5.3876	
590	1	6.22	6.22	5.4516	
591	1	6.23	6.23	5.4571	
592	1	6.23	6.23	5.4371	
593	1	6.28	6.28	5.8616	
594	1	6.25	6.25	5.5275	
595	1	6.23	6.23	5.4371	
596	1	6.19	6.19	5.6139	
597	1	6.23	6.23	5.5371	
598	1	6.24	6.24	5.5424	
599	1	6.29	6.29	5.6459	
600	1	6.25	6.25	5.5675	
601	1	6.32	6.32	5.5576	
602	1	6.31	6.31	5.4339	
603	1	6.34	6.34	5.5044	
604	1	6.31	6.31	5.4539	
605	1	6.33	6.33	5.4811	
606	1	6.36	6.36	5.6504	
607	1	6.4	6.4	5.72	
608	1	6.38	6.38	5.7356	
609	1	6.4	6.4	5.76	
610	1	6.41	6.41	5.8019	
611	1	6.47	6.47	5.8491	
612	1	6.47	6.47	5.8491	
613	1	6.41	6.41	5.9819	
614	1	6.45	6.45	5.8475	
615	1	6.52	6.52	6.0896	
616	1	6.5	6.5	5.87	
617	1	6.55	6.55	6.1275	
618	1	6.52	6.52	5.9896	
619	1	6.49	6.49	6.1499	
620	1	6.56	6.56	5.9664	
621	1	6.5	6.5	6.01	
622	1	6.51	6.51	5.9499	
623	1	6.57	6.57	6.0051	
624	1	6.54	6.54	5.8884	
625	1	6.5	6.5	6.01	
626	1	6.6	6.6	5.96	
627	1	6.55	6.55	5.8075	
628	1	6.58	6.58	5.8036	
629	1	6.55	6.55	5.8675	
630	1	6.63	6.63	5.7731	
631	1	6.58	6.58	5.7836	
632	1	6.61	6.61	5.6979	
633	1	6.65	6.65	5.8075	
634	1	6.58	6.58	5.8836	
635	1	6.59	6.59	5.8419	
636	1	6.63	6.63	5.8331	
637	1	6.64	6.64	5.8304	
638	1	6.65	6.65	5.8675	
639	1	6.67	6.67	5.9211	
640	1	6.61	6.61	6.0379	
641	1	6.67	6.67	5.8411	
642	1	6.67	6.67	5.8411	
643	1	6.67	6.67	5.8611	
644	1	6.72	6.72	5.8616	
645	1	6.72	6.72	5.9216	
646	1	6.72	6.72	5.9216	
647	1	6.75	6.75	6.0075	
648	1	6.76	6.76	6.0624	
649	1	6.75	6.75	6.0875	
650	1	6.83	6.83	6.1411	
651	1	6.88	6.88	6.2256	
652	1	6.81	6.81	6.4539	
653	1	6.88	6.88	6.2656	
654	1	6.87	6.87	6.2531	
655	1	6.93	6.93	6.5851	
656	1	6.89	6.89	6.3379	
657	1	6.92	6.92	6.4936	
658	1	6.89	6.89	6.3379	
659	1	6.92	6.92	6.3936	
660	1	6.87	6.87	6.4331	
661	1	6.94	6.94	6.4964	
662	1	6.91	6.91	6.4419	
663	1	6.94	6.94	6.4764	
664	1	6.96	6.96	6.4784	
665	1	7	7	6.56	
666	1	7.01	7.01	6.6299	
667	1	6.98	6.98	6.4196	
668	1	7.03	7.03	6.5691	
669	1	6.96	6.96	6.7784	
670	1	7.06	7.06	6.6764	
671	1	7.03	7.03	6.5691	
672	1	7.03	7.03	6.5691	
673	1	7.09	7.09	6.5619	
674	1	7.06	7.06	6.4764	
675	1	6.98	6.98	6.4196	
676	1	7.03	7.03	6.3691	
677	1	7.01	7.01	6.3299	
678	1	6.97	6.97	6.4891	
679	1	7.02	7.02	6.4196	
680	1	7.02	7.02	6.4196	
681	1	7.01	7.01	6.4699	
682	1	7.07	7.07	6.3851	
683	1	7.04	7.04	6.4784	
684	1	7.08	7.08	6.2936	
685	1	7.1	7.1	6.25	
686	1	7.05	7.05	6.5675	
687	1	7.07	7.07	6.5251	
688	1	7.15	7.15	6.3875	
689	1	7.19	7.19	6.5139	
690	1	7.2	7.2	6.54	
691	1	7.21	7.21	6.4859	
692	1	7.2	7.2	6.5	
693	1	7.24	7.24	6.5024	
694	1	7.22	7.22	6.4716	
695	1	7.22	7.22	6.4716	
696	1	7.19	7.19	6.6339	
697	1	7.28	7.28	6.5216	
698	1	7.33	7.33	6.3411	
699	1	7.33	7.33	6.4011	
700	1	7.33	7.33	6.4011	
701	1	7.35	7.35	6.3875	
702	1	7.36	7.36	6.4104	
703	1	7.31	7.31	6.7139	
704	1	7.4	7.4	6.6	
705	1	7.4	7.4	6.64	
706	1	7.43	7.43	6.7851	
707	1	7.46	7.46	6.9084	
708	1	7.43	7.43	6.7851	
709	1	7.39	7.39	6.8979	
710	1	7.44	7.44	6.7664	
711	1	7.41	7.41	6.8019	
712	1	7.46	7.46	6.6684	
713	1	7.42	7.42	6.8836	
714	1	7.48	7.48	6.8096	
715	1	7.48	7.48	6.8096	
716	1	7.43	7.43	7.0051	
717	1	7.48	7.48	6.8096	
718	1	7.45	7.45	6.9875	
719	1	7.5	7.5	6.91	
720	1	7.51	7.51	6.9499	
721	1	7.42	7.42	6.9636	
722	1	7.45	7.45	6.9675	
723	1	7.49	7.49	7.1699	
724	1	7.42	7.42	7.0636	
725	1	7.42	7.42	7.0636	
726	1	7.47	7.47	6.8691	
727	1	7.47	7.47	6.8691	
728	1	7.48	7.48	6.8896	
729	1	7.5	7.5	6.93	
730	1	7.54	7.54	6.9684	
731	1	7.54	7.54	6.9684	
732	1	7.53	7.53	6.9691	
733	1	7.53	7.53	6.9691	
734	1	7.52	7.52	7.0096	
735	1	7.53	7.53	6.9491	
736	1	7.6	7.6	7.08	
737	1	7.55	7.55	6.8675	
738	1	7.58	7.58	7.0236	
739	1	7.59	7.59	7.1219	
740	1	7.63	7.63	6.9531	
741	1	7.62	7.62	6.9756	
742	1	7.65	7.65	7.0275	
743	1	7.72	7.72	7.1416	
744	1	7.75	7.75	7.2475	
745	1	7.75	7.75	7.2475	
746	1	7.66	7.66	7.1844	
747	1	7.7	7.7	7.15	
748	1	7.72	7.72	7.2616	
749	1	7.72	7.72	7.1816	
750	1	7.82	7.82	7.1676	
751	1	7.78	7.78	6.9916	
752	1	7.76	7.76	7.1024	
753	1	7.8	7.8	7.06	
754	1	7.78	7.78	7.1316	
755	1	7.82	7.82	6.9676	
756	1	7.82	7.82	7.0876	
757	1	7.85	7.85	7.0075	
758	1	7.84	7.84	7.0144	
759	1	7.88	7.88	6.9656	
760	1	7.85	7.85	7.0475	
761	1	7.94	7.94	7.1564	
762	1	7.9	7.9	6.91	
763	1	7.89	7.89	6.9179	
764	1	7.94	7.94	7.0764	
765	1	7.87	7.87	6.9931	
766	1	7.91	7.91	6.9219	
767	1	7.94	7.94	7.0764	
768	1	7.91	7.91	6.9219	
769	1	7.91	7.91	6.9019	
770	1	7.88	7.88	7.0056	
771	1	7.92	7.92	6.8736	
772	1	7.92	7.92	6.8736	
773	1	8	8	7.16	
774	1	7.97	7.97	6.9691	
775	1	7.95	7.95	7.0075	
776	1	8.04	8.04	7.0584	
777	1	8.03	8.03	6.9491	
778	1	7.96	7.96	7.2984	
779	1	8.01	8.01	6.9499	
780	1	8.05	8.05	7.0275	
781	1	7.99	7.99	7.1099	
782	1	8.05	8.05	6.9275	
783	1	8.01	8.01	7.2099	
784	1	8.03	8.03	7.0491	
785	1	8.09	8.09	7.1419	
786	1	8.05	8.05	7.5075	
787	1	8.16	8.16	7.2544	
788	1	8.14	8.14	7.1204	
789	1	8.15	8.15	7.1875	
790	1	8.15	8.15	7.1475	
791	1	8.17	8.17	7.1811	
792	1	8.18	8.18	7.1876	
793	1	8.17	8.17	7.2011	
794	1	8.16	8.16	7.2744	
795	1	8.19	8.19	7.1939	
796	1	8.18	8.18	7.2076	
797	1	8.23	8.23	7.0771	
798	1	8.22	8.22	7.0716	
799	1	8.24	8.24	7.0624	
800	1	8.26	8.26	7.0524	
801	1	8.28	8.28	7.1216	
802	1	8.29	8.29	7.2259	
803	1	8.32	8.32	7.4976	
804	1	8.3	8.3	7.55	
805	1	8.37	8.37	7.6331	
806	1	8.31	8.31	7.6939	
807	1	8.32	8.32	7.6176	
808	1	8.39	8.39	7.6379	
809	1	8.35	8.35	7.5075	
810	1	8.32	8.32	7.6176	
811	1	8.38	8.38	7.5956	
812	1	8.37	8.37	7.6331	
813	1	8.36	8.36	7.7104	
814	1	8.32	8.32	7.7376	
815	1	8.34	8.34	7.6444	
816	1	8.35	8.35	7.6075	
817	1	8.4	8.4	7.58	
818	1	8.35	8.35	7.5675	
819	1	8.4	8.4	7.56	
820	1	8.4	8.4	7.56	
821	1	8.37	8.37	7.5531	
822	1	8.45	8.45	7.6075	
823	1	8.5	8.5	8.11	
824	1	8.46	8.46	7.4284	
825	1	8.39	8.39	7.5579	
826	1	8.47	8.47	7.2491	
827	1	8.51	8.51	7.3099	
828	1	8.53	8.53	7.3491	
829	1	8.51	8.51	7.2499	
830	1	8.49	8.49	7.1699	
831	1	8.53	8.53	7.1091	
832	1	8.5	8.5	7.23	
833	1	8.52	8.52	7.1296	
834	1	8.51	8.51	7.1699	
835	1	8.56	8.56	7.0664	
836	1	8.55	8.55	7.0675	
837	1	8.56	8.56	7.0264	
838	1	8.61	8.61	7.0779	
839	1	8.62	8.62	7.1556	
840	1	8.63	8.63	7.1731	
841	1	8.66	8.66	7.2244	
842	1	8.62	8.62	7.1956	
843	1	8.69	8.69	7.3939	
844	1	8.66	8.66	7.3844	
845	1	8.66	8.66	7.4444	
846	1	8.65	8.65	7.5075	
847	1	8.67	8.67	7.4411	
848	1	8.75	8.75	7.5075	
849	1	8.7	8.7	7.43	
850	1	8.71	8.71	7.4059	
851	1	8.74	8.74	7.3924	
852	1	8.74	8.74	7.3924	
853	1	8.73	8.73	7.3971	
854	1	8.75	8.75	7.4075	
855	1	8.77	8.77	7.4171	
856	1	8.75	8.75	7.3675	
857	1	8.73	8.73	7.4371	
858	1	8.82	8.82	7.6876	
859	1	8.77	8.77	7.4171	
860	1	8.79	8.79	7.6059	
861	1	8.79	8.79	7.6059	
862	1	8.8	8.8	7.7	
863	1	8.84	8.84	7.6744	
864	1	8.86	8.86	7.6804	
865	1	8.84	8.84	7.6744	
866	1	8.85	8.85	7.6675	
867	1	8.91	8.91	8.0019	
868	1	8.82	8.82	7.8876	
869	1	8.86	8.86	7.8204	
870	1	8.87	8.87	7.9131	
871	1	8.81	8.81	8.2539	
872	1	8.93	8.93	8.2851	
873	1	8.89	8.89	7.9579	
874	1	8.81	8.81	8.2539	
875	1	8.87	8.87	7.9131	
876	1	8.86	8.86	7.9604	
877	1	8.91	8.91	8.0019	
878	1	8.91	8.91	8.0419	
879	1	8.95	8.95	8.1275	
880	1	8.94	8.94	8.1164	
881	1	8.99	8.99	8.1899	
882	1	8.99	8.99	8.1899	
883	1	8.97	8.97	8.1491	
884	1	9.03	9.03	8.3091	
885	1	8.98	8.98	8.2796	
886	1	9.03	9.03	8.2891	
887	1	9.02	9.02	8.2796	
888	1	9.05	9.05	8.3675	
889	1	9	9	8.48	
890	1	9.04	9.04	8.3184	
891	1	9.08	9.08	8.4136	
892	1	9.06	9.06	8.4364	
893	1	9.06	9.06	8.4364	
894	1	9.07	9.07	8.4851	
895	1	9.18	9.18	8.7076	
896	1	9.16	9.16	8.6544	
897	1	9.17	9.17	8.6411	
898	1	9.22	9.22	8.7916	
899	1	9.19	9.19	8.7139	
900	1	9.17	9.17	8.8011	
901	1	9.19	9.19	8.3539	
902	1	9.18	9.18	8.3476	
903	1	9.2	9.2	8.4	
904	1	9.2	9.2	8.42	
905	1	9.21	9.21	8.4259	
906	1	9.17	9.17	8.6611	
907	1	9.22	9.22	8.4916	
908	1	9.27	9.27	8.6171	
909	1	9.24	9.24	8.4624	
910	1	9.25	9.25	8.4675	
911	1	9.24	9.24	9.0424	
912	1	9.26	9.26	8.8324	
913	1	9.31	9.31	8.7739	
914	1	9.32	9.32	8.7576	
915	1	9.33	9.33	8.7411	
916	1	9.39	9.39	8.7979	
917	1	9.37	9.37	8.6931	
918	1	9.37	9.37	8.5131	
919	1	9.4	9.4	8.68	
920	1	9.35	9.35	8.8675	
921	1	9.45	9.45	8.9875	
922	1	9.47	9.47	9.2091	
923	1	9.38	9.38	9.0756	
924	1	9.44	9.44	8.9064	
925	1	9.44	9.44	8.9664	
926	1	9.5	9.5	9.27	
927	1	9.44	9.44	8.9664	
928	1	9.46	9.46	9.0284	
929	1	9.41	9.41	9.4419	
930	1	9.44	9.44	9.2864	
931	1	9.47	9.47	9.1091	
932	1	9.5	9.5	9.11	
933	1	9.47	9.47	9.3691	
934	1	9.54	9.54	9.1884	
935	1	9.55	9.55	9.0075	
936	1	9.56	9.56	8.9664	
937	1	9.56	9.56	8.9464	
938	1	9.6	9.6	8.98	
939	1	9.6	9.6	9	
940	1	9.51	9.51	8.9299	
941	1	9.52	9.52	8.8696	
942	1	9.59	9.59	9.0019	
943	1	9.58	9.58	8.8036	
944	1	9.57	9.57	8.7851	
945	1	9.6	9.6	8.86	
946	1	9.53	9.53	9.0091	
947	1	9.57	9.57	8.8051	
948	1	9.57	9.57	8.8451	
949	1	9.6	9.6	8.78	
950	1	9.63	9.63	8.8731	
951	1	9.61	9.61	8.8179	
952	1	9.65	9.65	9.2075	
953	1	9.66	9.66	9.2644	
954	1	9.77	9.77	9.5771	
955	1	9.71	9.71	9.1859	
956	1	9.69	9.69	9.2539	
957	1	9.71	9.71	9.1859	
958	1	9.78	9.78	9.4316	
959	1	9.67	9.67	9.4811	
960	1	9.71	9.71	9.1859	
961	1	9.78	9.78	9.4316	
962	1	9.79	9.79	9.1859	
963	1	9.76	9.76	9.0824	
964	1	9.74	9.74	9.1124	
965	1	9.78	9.78	9.1316	
966	1	9.8	9.8	9.22	
967	1	9.82	9.82	9.2476	
968	1	9.73	9.73	9.5971	
969	1	9.78	9.78	9.1316	
970	1	9.76	9.76	9.2824	
971	1	9.78	9.78	9.2716	
972	1	9.82	9.82	9.1876	
973	1	9.83	9.83	9.2411	
974	1	9.87	9.87	9.2931	
975	1	9.84	9.84	9.1544	
976	1	9.86	9.86	9.0804	
977	1	9.85	9.85	9.1075	
978	1	9.88	9.88	9.1456	
979	1	9.9	9.9	9.47	
980	1	9.92	9.92	9.3936	
981	1	9.9	9.9	9.47	
982	1	9.89	9.89	9.5179	
983	1	9.93	9.93	9.2851	
984	1	9.89	9.89	9.1179	
985	1	9.91	9.91	9.1619	
986	1	9.9	9.9	9.17	
987	1	9.91	9.91	9.1619	
988	1	9.93	9.93	9.5251	
989	1	9.92	9.92	9.4936	
990	1	9.9	9.9	9.97	
991	1	9.89	9.89	10.0579	
992	1	10.02	10.02	10.4596	
993	1	9.9	9.9	10.01	
994	1	9.98	9.98	9.6996	
995	1	9.93	9.93	9.8251	
996	1	9.96	9.96	9.6784	
997	1	10.01	10.01	9.8299	
998	1	9.96	9.96	9.7584	
999	1	9.99	9.99	9.7699	
1000	1	9.97	9.97	9.8491	
1001	1	10.06	10.06	9.9964	
1002	1	10.01	10.01	9.9499	
1003	1	10.04	10.04	9.8584	
1004	1	10.06	10.06	9.9564	
1005	1	10.07	10.07	9.9451	
1006	1	10.06	10.06	9.9764	
1007	1	10.05	10.05	10.0275	
1008	1	10.09	10.09	9.9019	
1009	1	10.1	10.1	9.91	
1010	1	10.17	10.17	10.1011	
1011	1	10.15	10.15	9.9475	
1012	1	10.17	10.17	10.0211	
1013	1	10.2	10.2	10.08	
1014	1	10.26	10.26	9.7924	
1015	1	10.26	10.26	9.5924	
1016	1	10.24	10.24	9.4024	
1017	1	10.29	10.29	9.4459	
1018	1	10.23	10.23	9.5971	
1019	1	10.31	10.31	9.4139	
1020	1	10.23	10.23	9.6171	
1021	1	10.28	10.28	9.3416	
1022	1	10.23	10.23	9.6171	
1023	1	10.34	10.34	9.6044	
1024	1	10.28	10.28	9.5216	
1025	1	10.31	10.31	9.4739	
1026	1	10.35	10.35	9.5275	
1027	1	10.34	10.34	9.4444	
1028	1	10.31	10.31	9.6939	
1029	1	10.36	10.36	9.4104	
1030	1	10.35	10.35	9.4875	
1031	1	10.42	10.42	9.5036	
1032	1	10.43	10.43	9.3851	
1033	1	10.41	10.41	9.2819	
1034	1	10.4	10.4	9.32	
1035	1	10.43	10.43	9.4851	
1036	1	10.43	10.43	9.3851	
1037	1	10.4	10.4	9.52	
1038	1	10.41	10.41	9.6219	
1039	1	10.41	10.41	9.7019	
1040	1	10.54	10.54	10.0884	
1041	1	10.56	10.56	10.2064	
1042	1	10.59	10.59	10.1819	
1043	1	10.6	10.6	10.26	
1044	1	10.62	10.62	10.4356	
1045	1	10.46	10.46	9.6284	
1046	1	10.52	10.52	9.8096	
1047	1	10.43	10.43	9.8051	
1048	1	10.55	10.55	9.8475	
1049	1	10.45	10.45	9.8475	
1050	1	10.52	10.52	9.5696	
1051	1	10.46	10.46	9.8284	
1052	1	10.48	10.48	9.9096	
1053	1	10.54	10.54	9.5084	
1054	1	10.63	10.63	9.9531	
1055	1	10.56	10.56	9.4064	
1056	1	10.57	10.57	9.4051	
1057	1	10.61	10.61	9.4379	
1058	1	10.57	10.57	9.4051	
1059	1	10.64	10.64	9.6704	
1060	1	10.63	10.63	9.4731	
1061	1	10.61	10.61	9.3779	
1062	1	10.6	10.6	9.28	
1063	1	10.64	10.64	9.3904	
1064	1	10.59	10.59	9.3619	
1065	1	10.58	10.58	9.5236	
1066	1	10.59	10.59	9.4619	
1067	1	10.67	10.67	9.4811	
1068	1	10.72	10.72	10.0016	
1069	1	10.65	10.65	9.3675	
1070	1	10.71	10.71	9.3859	
1071	1	10.75	10.75	9.5275	
1072	1	10.7	10.7	9.19	
1073	1	10.71	10.71	9.3459	
1074	1	10.76	10.76	9.4424	
1075	1	10.73	10.73	9.3971	
1076	1	10.73	10.73	9.3971	
1077	1	10.73	10.73	9.3971	
1078	1	10.76	10.76	9.4624	
1079	1	10.77	10.77	9.5371	
1080	1	10.78	10.78	9.5116	
1081	1	10.76	10.76	9.7224	
1082	1	10.85	10.85	9.7875	
1083	1	10.78	10.78	9.7916	
1084	1	10.83	10.83	9.5811	
1085	1	10.79	10.79	9.8059	
1086	1	10.84	10.84	9.6144	
1087	1	10.89	10.89	9.7979	
1088	1	10.89	10.89	9.6979	
1089	1	10.9	10.9	9.71	
1090	1	10.9	10.9	9.79	
1091	1	10.98	10.98	10.0196	
1092	1	10.99	10.99	9.8099	
1093	1	11.03	11.03	9.9691	
1094	1	10.99	10.99	9.8099	
1095	1	11.01	11.01	9.8299	
1096	1	11.04	11.04	9.9184	
1097	1	11.04	11.04	9.9184	
1098	1	11.02	11.02	9.9196	
1099	1	11	11	9.88	
1100	1	11	11	9.88	
1101	1	11.05	11.05	10.0075	
1102	1	11.06	11.06	10.0364	
1103	1	11.04	11.04	9.8784	
1104	1	10.99	10.99	10.1299	
1105	1	11.04	11.04	9.8784	
1106	1	11.09	11.09	10.0019	
1107	1	11.05	11.05	9.9275	
1108	1	11.11	11.11	10.1179	
1109	1	11.17	11.17	10.4411	
1110	1	11.18	11.18	10.1676	
1111	1	11.18	11.18	10.2076	
1112	1	11.17	11.17	10.2011	
1113	1	11.2	11.2	10.24	
1114	1	11.23	11.23	10.3171	
1115	1	11.19	11.19	10.1539	
1116	1	11.17	11.17	10.3011	
1117	1	11.24	11.24	10.2624	
1118	1	11.23	11.23	10.2571	
1119	1	11.19	11.19	10.4339	
1120	1	11.18	11.18	10.7076	
1121	1	11.23	11.23	10.4171	
1122	1	11.26	11.26	10.4124	
1123	1	11.23	11.23	10.5171	
1124	1	11.29	11.29	10.3659	
1125	1	11.28	11.28	10.3616	
1126	1	11.3	11.3	10.49	
1127	1	11.31	11.31	10.8139	
1128	1	11.31	11.31	10.8139	
1129	1	11.36	11.36	10.6104	
1130	1	11.42	11.42	10.7036	
1131	1	11.4	11.4	10.62	
1132	1	11.43	11.43	10.6051	
1133	1	11.38	11.38	10.7956	
1134	1	11.45	11.45	10.4475	
1135	1	11.43	11.43	10.6251	
1136	1	11.48	11.48	10.4896	
1137	1	11.46	11.46	10.5884	
1138	1	11.39	11.39	10.7179	
1139	1	11.4	11.4	10.68	
1140	1	11.38	11.38	10.8156	
1141	1	11.47	11.47	10.6491	
1142	1	11.46	11.46	10.6084	
1143	1	11.47	11.47	10.6291	
1144	1	11.43	11.43	10.9051	
1145	1	11.49	11.49	10.6899	
1146	1	11.49	11.49	10.8899	
1147	1	11.47	11.47	10.9891	
1148	1	11.48	11.48	11.0896	
1149	1	11.56	11.56	11.0064	
1150	1	11.52	11.52	10.8296	
1151	1	11.57	11.57	10.8451	
1152	1	11.5	11.5	10.99	
1153	1	11.53	11.53	11.0691	
1154	1	11.59	11.59	11.0019	
1155	1	11.62	11.62	11.1156	
1156	1	11.55	11.55	11.2275	
1157	1	11.66	11.66	11.4044	
1158	1	11.63	11.63	11.2131	
1159	1	11.63	11.63	11.2131	
1160	1	11.61	11.61	11.3379	
1161	1	11.64	11.64	11.2704	
1162	1	11.69	11.69	11.4739	
1163	1	11.66	11.66	11.3644	
1164	1	11.71	11.71	11.6259	
1165	1	11.68	11.68	11.5776	
1166	1	11.74	11.74	11.6924	
1167	1	11.72	11.72	11.5616	
1168	1	11.68	11.68	11.4976	
1169	1	11.73	11.73	11.2171	
1170	1	11.72	11.72	11.2416	
1171	1	11.72	11.72	11.2416	
1172	1	11.79	11.79	11.3259	
1173	1	11.78	11.78	11.3916	
1174	1	11.74	11.74	11.5324	
1175	1	11.81	11.81	11.3939	
1176	1	11.84	11.84	11.4344	
1177	1	11.77	11.77	11.6171	
1178	1	11.79	11.79	11.4659	
1179	1	11.84	11.84	11.6344	
1180	1	11.84	11.84	11.6344	
1181	1	11.89	11.89	11.8179	
1182	1	11.89	11.89	11.7779	
1183	1	11.91	11.91	11.9019	
1184	1	11.88	11.88	11.7256	
1185	1	11.9	11.9	11.75	
1186	1	11.89	11.89	11.7379	
1187	1	11.87	11.87	11.9131	
1188	1	11.91	11.91	11.7619	
1189	1	11.93	11.93	11.7651	
1190	1	11.91	11.91	11.7619	
1191	1	11.93	11.93	11.7251	
1192	1	11.92	11.92	11.7736	
1193	1	11.92	11.92	11.9136	
1194	1	11.96	11.96	11.9184	
1195	1	11.99	11.99	11.7899	
1196	1	12.03	12.03	11.8691	
1197	1	12.03	12.03	11.8091	
1198	1	12.04	12.04	11.8384	
1199	1	12.12	12.12	12.7256	
1200	1	12.04	12.04	12.0384	
1201	1	12.02	12.02	12.1196	
1202	1	12.06	12.06	12.0364	
1203	1	12	12	12.28	
1204	1	12.13	12.13	12.1931	
1205	1	12.12	12.12	11.9256	
1206	1	12.07	12.07	11.7851	
1207	1	12.13	12.13	11.8931	
1208	1	12.12	12.12	11.7256	
1209	1	12.11	12.11	11.7179	
1210	1	12.11	12.11	11.7179	
1211	1	12.07	12.07	11.9651	
1212	1	12.12	12.12	11.7056	
1213	1	12.11	12.11	11.7179	
1214	1	12.14	12.14	11.7404	
1215	1	12.09	12.09	11.8419	
1216	1	12.15	12.15	11.4675	
1217	1	12.23	12.23	11.5771	
1218	1	12.17	12.17	11.9211	
1219	1	12.23	12.23	11.5371	
1220	1	12.23	12.23	11.5771	
1221	1	12.25	12.25	11.5275	
1222	1	12.27	12.27	11.5571	
1223	1	12.28	12.28	11.6016	
1224	1	12.27	12.27	11.5771	
1225	1	12.28	12.28	11.6016	
1226	1	12.18	12.18	11.8076	
1227	1	12.3	12.3	12.47	
1228	1	12.21	12.21	12.0059	
1229	1	12.27	12.27	12.0971	
1230	1	12.22	12.22	11.9716	
1231	1	12.28	12.28	12.1416	
1232	1	12.24	12.24	12.0824	
1233	1	12.29	12.29	11.9659	
1234	1	12.21	12.21	12.6459	
1235	1	12.27	12.27	11.9971	
1236	1	12.4	12.4	12.36	
1237	1	12.29	12.29	12.1059	
1238	1	12.38	12.38	11.8556	
1239	1	12.45	12.45	11.9275	
1240	1	12.41	12.41	12.6219	
1241	1	12.52	12.52	11.9696	
1242	1	12.53	12.53	12.0291	
1243	1	12.54	12.54	12.1084	
1244	1	12.5	12.5	11.99	
1245	1	12.48	12.48	11.8496	
1246	1	12.49	12.49	11.9099	
1247	1	12.47	12.47	11.8891	
1248	1	12.41	12.41	12.4219	
1249	1	12.46	12.46	12.0084	
1250	1	12.49	12.49	11.9299	
1251	1	12.56	12.56	12.0664	
1252	1	12.5	12.5	11.89	
1253	1	12.5	12.5	11.99	
1254	1	12.47	12.47	12.1891	
1255	1	12.55	12.55	12.2675	
1256	1	12.55	12.55	12.2675	
1257	1	12.65	12.65	12.4675	
1258	1	12.61	12.61	12.1979	
1259	1	12.65	12.65	12.2875	
1260	1	12.62	12.62	12.2556	
1261	1	12.67	12.67	12.3411	
1262	1	12.66	12.66	12.3244	
1263	1	12.67	12.67	12.2811	
1264	1	12.63	12.63	12.5531	
1265	1	12.74	12.74	12.7124	
1266	1	12.74	12.74	12.7124	
1267	1	12.71	12.71	12.5459	
1268	1	12.7	12.7	12.53	
1269	1	12.74	12.74	12.5924	
1270	1	12.78	12.78	12.6316	
1271	1	12.75	12.75	12.5275	
1272	1	12.72	12.72	12.8016	
1273	1	12.75	12.75	12.6075	
1274	1	12.82	12.82	12.5876	
1275	1	12.8	12.8	12.48	
1276	1	12.81	12.81	12.4739	
1277	1	12.79	12.79	12.5059	
1278	1	12.85	12.85	12.6475	
1279	1	12.87	12.87	12.6131	
1280	1	12.78	12.78	12.6716	
1281	1	12.84	12.84	12.4544	
1282	1	12.81	12.81	12.5939	
1283	1	12.89	12.89	12.5579	
1284	1	12.93	12.93	12.8651	
1285	1	12.86	12.86	12.5804	
1286	1	12.93	12.93	12.5451	
1287	1	12.87	12.87	12.5331	
1288	1	12.91	12.91	12.4219	
1289	1	12.91	12.91	12.4219	
1290	1	12.87	12.87	12.4531	
1291	1	12.89	12.89	12.4579	
1292	1	13.09	13.09	14.0019	
1293	1	13.03	13.03	13.2291	
1294	1	13.04	13.04	13.2984	
1295	1	13.09	13.09	13.4419	
1296	1	13.05	13.05	13.2875	
1297	1	12.99	12.99	12.5299	
1298	1	12.95	12.95	12.6075	
1299	1	13.01	13.01	12.4899	
1300	1	12.97	12.97	12.4691	
1301	1	12.97	12.97	12.4691	
1302	1	13.05	13.05	12.4875	
1303	1	13.03	13.03	12.4291	
1304	1	13.03	13.03	12.3491	
1305	1	13.06	13.06	12.4564	
1306	1	13.06	13.06	12.4564	
1307	1	13.09	13.09	12.6619	
1308	1	13.06	13.06	12.4564	
1309	1	13.05	13.05	12.4275	
1310	1	12.96	12.96	13.2584	
1311	1	13.05	13.05	12.4475	
1312	1	13.04	13.04	12.4984	
1313	1	13.14	13.14	12.6604	
1314	1	13.19	13.19	13.2139	
1315	1	13.19	13.19	13.2139	
1316	1	13.16	13.16	13.3944	
1317	1	13.19	13.19	13.2139	
1318	1	13.31	13.31	13.8739	
1319	1	13.23	13.23	13.0971	
1320	1	13.21	13.21	13.3659	
1321	1	13.31	13.31	13.2739	
1322	1	13.26	13.26	13.2524	
1323	1	13.35	13.35	13.3475	
1324	1	13.27	13.27	13.0771	
1325	1	13.33	13.33	12.9211	
1326	1	13.25	13.25	13.2875	
1327	1	13.32	13.32	12.7576	
1328	1	13.3	13.3	12.81	
1329	1	13.3	13.3	12.81	
1330	1	13.36	13.36	12.8904	
1331	1	13.38	13.38	13.0756	
1332	1	13.32	13.32	12.7376	
1333	1	13.3	13.3	12.87	
1334	1	13.37	13.37	12.7531	
1335	1	13.36	13.36	12.7104	
1336	1	13.37	13.37	12.8531	
1337	1	13.36	13.36	12.8704	
1338	1	13.4	13.4	12.84	
1339	1	13.42	13.42	12.9436	
1340	1	13.4	13.4	12.8	
1341	1	13.36	13.36	13.0904	
1342	1	13.37	13.37	13.1731	
1343	1	13.42	13.42	12.9836	
1344	1	13.44	13.44	13.0864	
1345	1	13.49	13.49	13.2499	
1346	1	13.36	13.36	12.2104	
1347	1	13.35	13.35	12.2075	
1348	1	13.36	13.36	12.4504	
1349	1	13.33	13.33	13.1411	
1350	1	13.39	13.39	12.4979	
1351	1	13.41	13.41	12.3819	
1352	1	13.41	13.41	12.4219	
1353	1	13.49	13.49	12.4099	
1354	1	13.57	13.57	13.0851	
1355	1	13.52	13.52	12.4296	
1356	1	13.49	13.49	12.3499	
1357	1	13.56	13.56	12.6064	
1358	1	13.58	13.58	12.8836	
1359	1	13.5	13.5	12.85	
1360	1	13.55	13.55	12.6475	
1361	1	13.55	13.55	12.7075	
1362	1	13.52	13.52	13.2696	
1363	1	13.66	13.66	12.9444	
1364	1	13.66	13.66	12.7044	
1365	1	13.6	13.6	12.72	
1366	1	13.69	13.69	12.5139	
1367	1	13.71	13.71	12.4459	
1368	1	13.76	13.76	12.5624	
1369	1	13.74	13.74	12.4724	
1370	1	13.71	13.71	12.7059	
1371	1	13.78	13.78	12.7116	
1372	1	13.76	13.76	12.6424	
1373	1	13.73	13.73	12.5771	
1374	1	13.77	13.77	12.8571	
1375	1	13.74	13.74	12.9324	
1376	1	13.8	13.8	12.8	
1377	1	13.82	13.82	12.8476	
1378	1	13.78	13.78	12.8316	
1379	1	13.75	13.75	13.0275	
1380	1	13.84	13.84	12.7944	
1381	1	13.85	13.85	12.8475	
1382	1	13.81	13.81	13.2339	
1383	1	13.93	13.93	13.3851	
1384	1	13.8	13.8	13.42	
1385	1	13.83	13.83	13.5211	
1386	1	13.79	13.79	13.4259	
1387	1	13.78	13.78	13.6116	
1388	1	13.82	13.82	13.5476	
1389	1	13.8	13.8	13.62	
1390	1	13.83	13.83	13.5411	
1391	1	13.82	13.82	13.5476	
1392	1	13.85	13.85	13.5875	
1393	1	13.85	13.85	13.5875	
1394	1	13.86	13.86	13.6204	
1395	1	13.83	13.83	13.6611	
1396	1	13.86	13.86	13.5804	
1397	1	13.81	13.81	13.8139	
1398	1	13.93	13.93	13.8251	
1399	1	13.83	13.83	13.9011	
1400	1	13.91	13.91	13.4419	
1401	1	13.88	13.88	13.5456	
1402	1	13.88	13.88	13.5456	
1403	1	13.96	13.96	13.3984	
1404	1	13.92	13.92	13.3536	
1405	1	13.93	13.93	13.4251	
1406	1	13.93	13.93	13.5451	
1407	1	14.07	14.07	13.4251	
1408	1	14.11	14.11	13.3579	
1409	1	14.11	14.11	13.2379	
1410	1	14.16	14.16	13.3744	
1411	1	14.08	14.08	13.3936	
1412	1	14.12	14.12	13.3256	
1413	1	14.14	14.14	13.2804	
1414	1	14.17	14.17	13.3011	
1415	1	14.16	14.16	13.3944	
1416	1	14.15	14.15	13.4075	
1417	1	14.16	14.16	13.4544	
1418	1	14.22	14.22	13.3916	
1419	1	14.16	14.16	13.4944	
1420	1	14.22	14.22	13.3516	
1421	1	14.19	14.19	13.3339	
1422	1	14.17	14.17	13.4611	
1423	1	14.24	14.24	13.4224	
1424	1	14.19	14.19	13.7739	
1425	1	14.26	14.26	13.5324	
1426	1	14.33	14.33	13.7411	
1427	1	14.26	14.26	13.4324	
1428	1	14.23	14.23	13.5971	
1429	1	14.29	14.29	13.4459	
1430	1	14.3	14.3	13.27	
1431	1	14.43	14.43	14.1451	
1432	1	14.34	14.34	13.1644	
1433	1	14.34	14.34	13.1644	
1434	1	14.4	14.4	13.34	
1435	1	14.26	14.26	12.7324	
1436	1	14.28	14.28	12.6616	
1437	1	14.26	14.26	13.0524	
1438	1	14.26	14.26	13.3924	
1439	1	14.37	14.37	12.8131	
1440	1	14.36	14.36	12.7104	
1441	1	14.41	14.41	12.9219	
1442	1	14.4	14.4	12.84	
1443	1	14.39	14.39	12.7779	
1444	1	14.36	14.36	12.6704	
1445	1	14.42	14.42	12.5036	
1446	1	14.38	14.38	12.7556	
1447	1	14.46	14.46	12.6084	
1448	1	14.42	14.42	12.8236	
1449	1	14.44	14.44	12.7864	
1450	1	14.5	14.5	12.55	
1451	1	14.51	14.51	12.3699	
1452	1	14.56	14.56	12.5464	
1453	1	14.49	14.49	12.5499	
1454	1	14.52	14.52	12.4296	
1455	1	14.55	14.55	12.4275	
1456	1	14.55	14.55	12.3475	
1457	1	14.52	14.52	12.8096	
1458	1	14.58	14.58	12.6236	
1459	1	14.63	14.63	12.7131	
1460	1	14.61	14.61	12.5379	
1461	1	14.55	14.55	12.8475	
1462	1	14.62	14.62	12.4756	
1463	1	14.62	14.62	12.4756	
1464	1	14.6	14.6	12.54	
1465	1	14.61	14.61	12.5179	
1466	1	14.62	14.62	12.5156	
1467	1	14.64	14.64	12.5704	
1468	1	14.66	14.66	12.5444	
1469	1	14.65	14.65	12.5275	
1470	1	14.62	14.62	12.5356	
1471	1	14.63	14.63	12.5131	
1472	1	14.66	14.66	12.4244	
1473	1	14.69	14.69	12.4139	
1474	1	14.71	14.71	12.4659	
1475	1	14.76	14.76	12.7624	
1476	1	14.81	14.81	13.4939	
1477	1	14.77	14.77	13.7171	
1478	1	14.81	14.81	13.4539	
1479	1	14.82	14.82	13.5676	
1480	1	14.87	14.87	13.3331	
1481	1	14.97	14.97	14.1691	
1482	1	14.89	14.89	13.3579	
1483	1	14.93	14.93	13.7451	
1484	1	14.9	14.9	13.67	
1485	1	14.91	14.91	13.6419	
1486	1	14.9	14.9	13.67	
1487	1	14.9	14.9	13.75	
1488	1	14.93	14.93	13.6651	
1489	1	14.96	14.96	13.6184	
1490	1	14.95	14.95	13.5875	
1491	1	14.97	14.97	13.6491	
1492	1	15.02	15.02	13.8596	
1493	1	14.88	14.88	12.8056	
1494	1	14.87	14.87	12.8931	
1495	1	14.91	14.91	12.6619	
1496	1	14.92	14.92	12.6536	
1497	1	15.03	15.03	13.7291	
1498	1	14.98	14.98	12.9796	
1499	1	14.87	14.87	12.8331	
1500	1	14.96	14.96	12.9984	
1501	1	14.94	14.94	12.7164	
1502	1	14.84	14.84	13.4944	
1503	1	14.96	14.96	12.7984	
1504	1	14.99	14.99	12.8299	
1505	1	15.03	15.03	12.9091	
1506	1	14.97	14.97	12.8491	
1507	1	15.02	15.02	12.7596	
1508	1	15.05	15.05	12.8475	
1509	1	15.03	15.03	12.7891	
1510	1	15.03	15.03	12.7891	
1511	1	15.04	15.04	12.8184	
1512	1	15.03	15.03	12.8691	
1513	1	15.09	15.09	12.9819	
1514	1	15.04	15.04	12.8384	
1515	1	15.06	15.06	12.8364	
1516	1	15.17	15.17	13.7611	
1517	1	15.05	15.05	12.9875	
1518	1	15.12	15.12	13.0456	
1519	1	15.15	15.15	13.2475	
1520	1	15.15	15.15	13.2475	
1521	1	15.09	15.09	13.2819	
1522	1	15.11	15.11	13.6779	
1523	1	15.2	15.2	13.58	
1524	1	15.16	15.16	13.4344	
1525	1	15.17	15.17	13.3211	
1526	1	15.2	15.2	13.3	
1527	1	15.25	15.25	13.6275	
1528	1	15.19	15.19	13.3339	
1529	1	15.19	15.19	13.5139	
1530	1	15.23	15.23	13.3371	
1531	1	15.26	15.26	13.1124	
1532	1	15.29	15.29	13.2059	
1533	1	15.26	15.26	13.3124	
1534	1	15.18	15.18	13.2676	
1535	1	15.24	15.24	13.3024	
1536	1	15.25	15.25	13.0275	
1537	1	15.37	15.37	14.1531	
1538	1	15.27	15.27	13.0171	
1539	1	15.23	15.23	13.1971	
1540	1	15.27	15.27	13.0171	
1541	1	15.3	15.3	13.09	
1542	1	15.32	15.32	13.1176	
1543	1	15.34	15.34	13.1844	
1544	1	15.22	15.22	13.9716	
1545	1	15.28	15.28	13.2216	
1546	1	15.26	15.26	13.3924	
1547	1	15.33	15.33	13.1411	
1548	1	15.35	15.35	13.0675	
1549	1	15.38	15.38	13.1756	
1550	1	15.4	15.4	13.32	
1551	1	15.37	15.37	13.0531	
1552	1	15.35	15.35	13.4275	
1553	1	15.43	15.43	13.2051	
1554	1	15.39	15.39	13.1379	
1555	1	15.47	15.47	13.0491	
1556	1	15.45	15.45	13.1675	
1557	1	15.44	15.44	13.1064	
1558	1	15.46	15.46	13.1684	
1559	1	15.49	15.49	13.2699	
1560	1	15.49	15.49	13.3499	
1561	1	15.5	15.5	13.33	
1562	1	15.59	15.59	13.7419	
1563	1	15.55	15.55	13.3475	
1564	1	15.49	15.49	13.5499	
1565	1	15.6	15.6	13.48	
1566	1	15.62	15.62	13.4956	
1567	1	15.56	15.56	13.6264	
1568	1	15.61	15.61	13.3379	
1569	1	15.61	15.61	13.4179	
1570	1	15.73	15.73	14.2571	
1571	1	15.73	15.73	13.6971	
1572	1	15.69	15.69	13.4539	
1573	1	15.71	15.71	13.5059	
1574	1	15.73	15.73	13.6371	
1575	1	15.78	15.78	13.9116	
1576	1	15.73	15.73	13.6971	
1577	1	15.71	15.71	13.9259	
1578	1	15.79	15.79	14.0059	
1579	1	15.78	15.78	13.9916	
1580	1	15.79	15.79	14.0059	
1581	1	15.85	15.85	14.2875	
1582	1	15.85	15.85	14.2875	
1583	1	15.79	15.79	14.1459	
1584	1	15.77	15.77	14.3571	
1585	1	15.81	15.81	14.1339	
1586	1	15.77	15.77	14.4371	
1587	1	15.84	15.84	14.1144	
1588	1	15.84	15.84	13.9144	
1589	1	15.77	15.77	14.3771	
1590	1	15.9	15.9	14.13	
1591	1	15.87	15.87	13.9331	
1592	1	15.84	15.84	14.0144	
1593	1	15.93	15.93	14.2451	
1594	1	15.93	15.93	14.2451	
1595	1	15.88	15.88	14.1456	
1596	1	15.95	15.95	14.3675	
1597	1	15.89	15.89	14.1179	
1598	1	15.89	15.89	14.0979	
1599	1	15.9	15.9	14.07	
1600	1	15.93	15.93	14.1051	
1601	1	15.97	15.97	14.2891	
1602	1	16.01	16.01	14.4899	
1603	1	16.02	16.02	14.4396	
1604	1	16.03	16.03	14.4091	
1605	1	16.04	16.04	14.3784	
1606	1	16.07	16.07	14.4051	
1607	1	16.06	16.06	14.3764	
1608	1	16.04	16.04	14.3784	
1609	1	16.03	16.03	14.5491	
1610	1	15.99	15.99	14.9499	
1611	1	16.02	16.02	14.2196	
1612	1	16.06	16.06	14.2164	
1613	1	16	16	14.4	
1614	1	15.99	15.99	14.6299	
1615	1	16.06	16.06	14.2764	
1616	1	16.05	16.05	14.3075	
1617	1	16.2	16.2	15.32	
1618	1	16.12	16.12	15.3656	
1619	1	16.2	16.2	15.12	
1620	1	16.14	16.14	14.6404	
1621	1	16.23	16.23	15.0171	
1622	1	16.1	16.1	15.19	
1623	1	16.21	16.21	14.7659	
1624	1	16.2	16.2	14.7	
1625	1	16.19	16.19	14.6939	
1626	1	16.25	16.25	14.9075	
1627	1	16.19	16.19	14.6939	
1628	1	16.2	16.2	14.8	
1629	1	16.26	16.26	14.7724	
1630	1	16.26	16.26	14.7724	
1631	1	16.22	16.22	14.7916	
1632	1	16.25	16.25	14.7875	
1633	1	16.25	16.25	14.7875	
1634	1	16.34	16.34	15.3444	
1635	1	16.17	16.17	15.6011	
1636	1	16.29	16.29	14.9059	
1637	1	16.26	16.26	14.8924	
1638	1	16.28	16.28	14.9416	
1639	1	16.34	16.34	15.0044	
1640	1	16.42	16.42	15.6436	
1641	1	16.34	16.34	15.0644	
1642	1	16.36	16.36	14.9904	
1643	1	16.41	16.41	14.9219	
1644	1	16.48	16.48	15.4496	
1645	1	16.45	16.45	15.0275	
1646	1	16.49	16.49	15.3099	
1647	1	16.39	16.39	15.1979	
1648	1	16.42	16.42	15.3036	
1649	1	16.45	16.45	15.4875	
1650	1	16.37	16.37	15.4931	
1651	1	16.42	16.42	15.5836	
1652	1	16.4	16.4	15.5	
1653	1	16.42	16.42	15.5636	
1654	1	16.46	16.46	15.6484	
1655	1	16.45	16.45	15.6075	
1656	1	16.4	16.4	15.7	
1657	1	16.42	16.42	15.7036	
1658	1	16.44	16.44	15.6064	
1659	1	16.58	16.58	16.1236	
1660	1	16.57	16.57	15.9051	
1661	1	16.52	16.52	16.0296	
1662	1	16.6	16.6	16.06	
1663	1	16.59	16.59	15.7019	
1664	1	16.63	16.63	15.9131	
1665	1	16.63	16.63	15.8931	
1666	1	16.65	16.65	15.8275	
1667	1	16.59	16.59	16.2619	
1668	1	16.7	16.7	16.05	
1669	1	16.69	16.69	15.9939	
1670	1	16.78	16.78	16.4516	
1671	1	16.7	16.7	15.77	
1672	1	16.66	16.66	15.8844	
1673	1	16.78	16.78	16.1916	
1674	1	16.76	16.76	15.9424	
1675	1	16.76	16.76	15.8424	
1676	1	16.76	16.76	15.8224	
1677	1	16.73	16.73	15.8371	
1678	1	16.76	16.76	15.7624	
1679	1	16.72	16.72	16.1216	
1680	1	16.75	16.75	15.9275	
1681	1	16.73	16.73	16.0371	
1682	1	16.77	16.77	15.9371	
1683	1	16.84	16.84	15.9344	
1684	1	16.81	16.81	15.8339	
1685	1	16.79	16.79	15.9459	
1686	1	16.86	16.86	15.8404	
1687	1	16.87	16.87	15.8931	
1688	1	16.91	16.91	15.6619	
1689	1	16.87	16.87	16.1531	
1690	1	16.94	16.94	15.6564	
1691	1	16.97	16.97	15.3291	
1692	1	16.97	16.97	15.6491	
1693	1	17.02	17.02	15.5396	
1694	1	17.13	17.13	16.0731	
1695	1	17.06	17.06	15.3964	
1696	1	17.11	17.11	15.3379	
1697	1	17.04	17.04	15.4184	
1698	1	17.09	17.09	15.2619	
1699	1	17.04	17.04	16.0784	
1700	1	17.16	17.16	15.3344	
1701	1	17.11	17.11	15.3979	
1702	1	17.14	17.14	15.3004	
1703	1	17.15	17.15	15.2275	
1704	1	17.18	17.18	15.3076	
1705	1	17.2	17.2	15.46	
1706	1	17.11	17.11	15.5179	
1707	1	17.17	17.17	15.1811	
1708	1	17.22	17.22	15.3116	
1709	1	17.25	17.25	15.4475	
1710	1	17.22	17.22	15.2916	
1711	1	17.24	17.24	15.3224	
1712	1	17.17	17.17	15.5611	
1713	1	17.26	17.26	15.4324	
1714	1	17.21	17.21	15.3459	
1715	1	17.27	17.27	15.4371	
1716	1	17.26	17.26	15.2524	
1717	1	17.23	17.23	15.2371	
1718	1	17.26	17.26	15.1524	
1719	1	17.26	17.26	15.1524	
1720	1	17.17	17.17	15.7011	
1721	1	17.18	17.18	15.6876	
1722	1	17.21	17.21	15.7859	
1723	1	17.23	17.23	15.8971	
1724	1	17.24	17.24	15.9824	
1725	1	17.22	17.22	15.8716	
1726	1	17.17	17.17	16.1411	
1727	1	17.28	17.28	16.0616	
1728	1	17.3	17.3	15.71	
1729	1	17.25	17.25	15.6875	
1730	1	17.34	17.34	15.0644	
1731	1	17.37	17.37	15.0331	
1732	1	17.35	17.35	15.0475	
1733	1	17.39	17.39	15.0579	
1734	1	17.4	17.4	15.54	
1735	1	17.42	17.42	15.8036	
1736	1	17.37	17.37	15.2731	
1737	1	17.46	17.46	16.3684	
1738	1	17.39	17.39	15.5179	
1739	1	17.37	17.37	15.9531	
1740	1	17.41	17.41	15.4819	
1741	1	17.47	17.47	15.3091	
1742	1	17.5	17.5	15.49	
1743	1	17.46	17.46	15.3684	
1744	1	17.51	17.51	15.5699	
1745	1	17.44	17.44	15.5664	
1746	1	17.4	17.4	15.5	
1747	1	17.39	17.39	15.5579	
1748	1	17.42	17.42	15.4636	
1749	1	17.49	17.49	15.3899	
1750	1	17.49	17.49	15.3099	
1751	1	17.49	17.49	15.3299	
1752	1	17.5	17.5	15.47	
1753	1	17.44	17.44	15.7464	
1754	1	17.49	17.49	15.4299	
1755	1	17.58	17.58	15.9036	
1756	1	17.55	17.55	15.6075	
1757	1	17.53	17.53	15.6091	
1758	1	17.51	17.51	15.5899	
1759	1	17.6	17.6	16.12	
1760	1	17.5	17.5	15.77	
1761	1	17.51	17.51	15.7899	
1762	1	17.5	17.5	15.87	
1763	1	17.54	17.54	15.6684	
1764	1	17.61	17.61	15.8979	
1765	1	17.57	17.57	15.8051	
1766	1	17.6	17.6	15.8	
1767	1	17.56	17.56	16.0064	
1768	1	17.54	17.54	16.6484	
1769	1	17.6	17.6	16.1	
1770	1	17.65	17.65	16.0475	
1771	1	17.66	17.66	16.0844	
1772	1	17.66	17.66	16.0844	
1773	1	17.62	17.62	16.0556	
1774	1	17.61	17.61	16.2779	
1775	1	17.64	17.64	16.1504	
1776	1	17.63	17.63	16.1731	
1777	1	17.78	17.78	17.1516	
1778	1	17.66	17.66	16.3244	
1779	1	17.65	17.65	16.4875	
1780	1	17.72	17.72	16.3216	
1781	1	17.71	17.71	16.3259	
1782	1	17.83	17.83	17.3611	
1783	1	17.73	17.73	16.2971	
1784	1	17.79	17.79	16.4259	
1785	1	17.8	17.8	16.36	
1786	1	17.81	17.81	16.2939	
1787	1	17.89	17.89	16.6379	
1788	1	17.78	17.78	16.4916	
1789	1	17.86	17.86	16.6804	
1790	1	17.78	17.78	16.6716	
1791	1	17.75	17.75	17.1275	
1792	1	17.76	17.76	17.0424	
1793	1	17.85	17.85	17.1275	
1794	1	17.91	17.91	17.8619	
1795	1	17.94	17.94	17.0164	
1796	1	17.98	17.98	17.1396	
1797	1	18.04	18.04	17.3784	
1798	1	17.96	17.96	17.0584	
1799	1	17.95	17.95	17.1675	
1800	1	17.96	17.96	17.2784	
1801	1	18.04	18.04	17.1184	
1802	1	17.99	17.99	17.1899	
1803	1	18.03	18.03	17.1491	
1804	1	18.02	18.02	17.1796	
1805	1	17.99	17.99	17.3899	
1806	1	18.03	18.03	17.0291	
1807	1	18.06	18.06	17.1564	
1808	1	18.06	18.06	17.1564	
1809	1	18.07	18.07	17.2051	
1810	1	18.05	18.05	17.1675	
1811	1	18.11	18.11	17.3979	
1812	1	18.05	18.05	17.2875	
1813	1	18.08	18.08	17.2536	
1814	1	18.13	18.13	17.5931	
1815	1	18.11	18.11	17.3579	
1816	1	18.23	18.23	17.9771	
1817	1	18.2	18.2	17.68	
1818	1	18.23	18.23	17.7971	
1819	1	18.24	18.24	17.8424	
1820	1	18.22	18.22	17.9116	
1821	1	18.2	18.2	18.04	
1822	1	18.27	18.27	17.9371	
1823	1	18.29	18.29	18.0459	
1824	1	18.33	18.33	18.2011	
1825	1	18.2	18.2	17.44	
1826	1	18.25	18.25	17.5275	
1827	1	18.25	18.25	17.6675	
1828	1	18.22	18.22	18.1116	
1829	1	18.34	18.34	18.0444	
1830	1	18.32	18.32	17.8176	
1831	1	18.28	18.28	17.8416	
1832	1	18.35	18.35	17.8475	
1833	1	18.27	18.27	18.0571	
1834	1	18.35	18.35	17.8475	
1835	1	18.39	18.39	18.1579	
1836	1	18.33	18.33	17.8411	
1837	1	18.37	18.37	18.0131	
1838	1	18.29	18.29	18.4259	
1839	1	18.32	18.32	18.2776	
1840	1	18.36	18.36	18.4504	
1841	1	18.36	18.36	18.7304	
1842	1	18.48	18.48	20.0296	
1843	1	18.37	18.37	18.9131	
1844	1	18.43	18.43	19.2651	
1845	1	18.46	18.46	19.3484	
1846	1	18.5	18.5	19.77	
1847	1	18.41	18.41	19.6019	
1848	1	18.45	18.45	19.3275	
1849	1	18.51	18.51	19.2899	
1850	1	18.55	18.55	19.5075	
1851	1	18.57	18.57	19.2651	
1852	1	18.55	18.55	19.1275	
1853	1	18.56	18.56	19.2464	
1854	1	18.6	18.6	19.36	
1855	1	18.6	18.6	19.36	
1856	1	18.55	18.55	19.2675	
1857	1	18.55	18.55	19.2675	
1858	1	18.55	18.55	19.3875	
1859	1	18.59	18.59	19.0619	
1860	1	18.56	18.56	19.6264	
1861	1	18.69	18.69	19.3539	
1862	1	18.55	18.55	19.8075	
1863	1	18.61	18.61	19.2779	
1864	1	18.58	18.58	19.5836	
1865	1	18.62	18.62	19.2156	
1866	1	18.71	18.71	19.4459	
1867	1	18.73	18.73	19.6971	
1868	1	18.62	18.62	19.2956	
1869	1	18.65	18.65	19.1675	
1870	1	18.73	18.73	19.6371	
1871	1	18.69	18.69	19.2139	
1872	1	18.78	18.78	19.8916	
1873	1	18.76	18.76	19.4824	
1874	1	18.67	18.67	19.7011	
1875	1	18.68	18.68	19.5776	
1876	1	18.79	18.79	19.4659	
1877	1	18.73	18.73	19.3171	
1878	1	18.82	18.82	19.6276	
1879	1	18.83	18.83	19.7011	
1880	1	18.83	18.83	19.6011	
1881	1	18.75	18.75	19.9475	
1882	1	18.85	18.85	19.7875	
1883	1	18.79	18.79	19.6459	
1884	1	18.77	18.77	20.1171	
1885	1	18.88	18.88	19.9456	
1886	1	18.8	18.8	20.24	
1887	1	18.93	18.93	20.2451	
1888	1	18.77	18.77	21.3371	
1889	1	18.88	18.88	20.0456	
1890	1	18.95	18.95	20.2675	
1891	1	18.93	18.93	20.3451	
1892	1	18.98	18.98	20.1196	
1893	1	18.94	18.94	20.5164	
1894	1	18.96	18.96	20.2984	
1895	1	18.97	18.97	20.2291	
1896	1	19.01	19.01	19.8499	
1897	1	19.11	19.11	20.0579	
1898	1	19.06	19.06	19.7164	
1899	1	19.09	19.09	19.8019	
1900	1	18.99	18.99	21.2099	
1901	1	19.12	19.12	19.6856	
1902	1	19.03	19.03	21.0091	
1903	1	19.19	19.19	19.6939	
1904	1	19.13	19.13	19.8331	
1905	1	19.27	19.27	20.3371	
1906	1	19.22	19.22	19.7116	
1907	1	19.15	19.15	19.8075	
1908	1	19.23	19.23	19.5171	
1909	1	19.24	19.24	19.7224	
1910	1	19.28	19.28	19.9416	
1911	1	19.18	19.18	19.9876	
1912	1	19.24	19.24	19.4624	
1913	1	19.24	19.24	19.4424	
1914	1	19.22	19.22	19.4516	
1915	1	19.25	19.25	19.5275	
1916	1	19.34	19.34	19.4644	
1917	1	19.3	19.3	19.39	
1918	1	19.31	19.31	19.4739	
1919	1	19.28	19.28	20.0216	
1920	1	19.35	19.35	19.5075	
1921	1	19.37	19.37	19.5731	
1922	1	19.33	19.33	19.8211	
1923	1	19.4	19.4	19.34	
1924	1	19.47	19.47	19.5891	
1925	1	19.39	19.39	19.3179	
1926	1	19.46	19.46	19.3284	
1927	1	19.42	19.42	19.1836	
1928	1	19.49	19.49	19.4699	
1929	1	19.44	19.44	19.2664	
1930	1	19.45	19.45	19.4275	
1931	1	19.41	19.41	19.3819	
1932	1	19.45	19.45	19.2475	
1933	1	19.52	19.52	19.4296	
1934	1	19.53	19.53	19.3891	
1935	1	19.46	19.46	19.2884	
1936	1	19.55	19.55	19.4675	
1937	1	19.6	19.6	19.36	
1938	1	19.56	19.56	19.1264	
1939	1	19.57	19.57	18.9851	
1940	1	19.49	19.49	19.3499	
1941	1	19.49	19.49	19.3499	
1942	1	19.53	19.53	18.9091	
1943	1	19.51	19.51	19.1299	
1944	1	19.51	19.51	19.3299	
1945	1	19.56	19.56	18.8664	
1946	1	19.65	19.65	18.7875	
1947	1	19.66	19.66	18.8444	
1948	1	19.68	19.68	19.0176	
1949	1	19.67	19.67	18.7211	
1950	1	19.67	19.67	18.6011	
1951	1	19.7	19.7	18.83	
1952	1	19.71	19.71	18.5859	
1953	1	19.75	19.75	18.8475	
1954	1	19.64	19.64	19.0904	
1955	1	19.69	19.69	18.6539	
1956	1	19.68	19.68	18.7176	
1957	1	19.78	19.78	18.8516	
1958	1	19.67	19.67	18.4611	
1959	1	19.65	19.65	18.5075	
1960	1	19.74	19.74	19.0924	
1961	1	19.67	19.67	18.7011	
1962	1	19.76	19.76	19.2824	
1963	1	19.82	19.82	19.2676	
1964	1	19.7	19.7	19.79	
1965	1	19.75	19.75	18.8875	
1966	1	19.78	19.78	18.8116	
1967	1	19.78	19.78	18.8116	
1968	1	19.78	19.78	18.9116	
1969	1	19.77	19.77	18.8971	
1970	1	19.77	19.77	18.8771	
1971	1	19.81	19.81	18.9739	
1972	1	19.87	19.87	19.1131	
1973	1	19.97	19.97	20.2691	
1974	1	19.86	19.86	19.3804	
1975	1	19.9	19.9	19.43	
1976	1	19.93	19.93	19.3251	
1977	1	20.01	20.01	19.6499	
1978	1	20.07	20.07	20.4651	
1979	1	19.96	19.96	19.5984	
1980	1	20.01	20.01	19.2899	
1981	1	19.94	19.94	19.8764	
1982	1	20.01	20.01	19.4299	
1983	1	20.03	20.03	19.3491	
1984	1	20.05	20.05	19.3075	
1985	1	19.99	19.99	19.6699	
1986	1	20.09	20.09	19.4619	
1987	1	19.99	19.99	19.6699	
1988	1	20.07	20.07	19.3451	
1989	1	20.1	20.1	19.55	
1990	1	20.08	20.08	19.2736	
1991	1	20.07	20.07	19.3051	
1992	1	19.99	19.99	19.1899	
1993	1	20.01	20.01	19.1099	
1994	1	20.08	20.08	19.3936	
1995	1	20.15	20.15	19.4675	
1996	1	20.13	20.13	19.4331	
1997	1	20.19	20.19	19.6539	
1998	1	20.15	20.15	19.5675	
1999	1	20.23	20.23	19.8171	
2000	1	20.17	20.17	19.6011	
