# mu = 0.001, s = -0.1, trials requested = 1, runtime = 0:00:51
# "Time"	"Actual trials"	"Mean mutation"	"Average mean mutation"	"Average mutation variance"
0	1	0	0	0	
1	1	0	0	0	
2	1	0.01	0.01	0.0099	
3	1	0.04	0.04	0.0384	
4	1	0.07	0.07	0.0651	
5	1	0.09	0.09	0.0819	
6	1	0.09	0.09	0.0819	
7	1	0.11	0.11	0.0979	
8	1	0.11	0.11	0.0979	
9	1	0.12	0.12	0.1056	
10	1	0.13	0.13	0.1131	
11	1	0.13	0.13	0.1131	
12	1	0.15	0.15	0.1275	
13	1	0.18	0.18	0.1476	
14	1	0.19	0.19	0.1539	
15	1	0.2	0.2	0.18	
16	1	0.2	0.2	0.18	
17	1	0.2	0.2	0.18	
18	1	0.2	0.2	0.18	
19	1	0.22	0.22	0.1916	
20	1	0.23	0.23	0.2371	
21	1	0.24	0.24	0.2424	
22	1	0.25	0.25	0.2675	
23	1	0.27	0.27	0.2771	
24	1	0.31	0.31	0.3139	
25	1	0.34	0.34	0.3444	
26	1	0.35	0.35	0.3475	
27	1	0.34	0.34	0.3444	
28	1	0.37	0.37	0.3531	
29	1	0.39	0.39	0.3779	
30	1	0.4	0.4	0.4	
31	1	0.4	0.4	0.4	
32	1	0.44	0.44	0.4264	
33	1	0.42	0.42	0.4236	
34	1	0.43	0.43	0.4251	
35	1	0.45	0.45	0.4275	
36	1	0.49	0.49	0.4899	
37	1	0.49	0.49	0.5099	
38	1	0.48	0.48	0.4896	
39	1	0.51	0.51	0.5499	
40	1	0.52	0.52	0.5896	
41	1	0.57	0.57	0.6251	
42	1	0.56	0.56	0.6264	
43	1	0.59	0.59	0.6219	
44	1	0.63	0.63	0.7331	
45	1	0.61	0.61	0.6579	
46	1	0.64	0.64	0.6904	
47	1	0.64	0.64	0.7104	
48	1	0.65	0.65	0.7475	
49	1	0.65	0.65	0.7475	
50	1	0.65	0.65	0.7475	
51	1	0.69	0.69	0.7739	
52	1	0.67	0.67	0.7411	
53	1	0.66	0.66	0.7844	
54	1	0.66	0.66	0.7844	
55	1	0.68	0.68	0.7776	
56	1	0.67	0.67	0.7811	
57	1	0.69	0.69	0.7939	
58	1	0.71	0.71	0.8259	
59	1	0.7	0.7	0.77	
60	1	0.69	0.69	0.7739	
61	1	0.71	0.71	0.8059	
62	1	0.74	0.74	0.8324	
63	1	0.73	0.73	0.8171	
64	1	0.73	0.73	0.8171	
65	1	0.74	0.74	0.8324	
66	1	0.74	0.74	0.8324	
67	1	0.74	0.74	0.8324	
68	1	0.81	0.81	0.9339	
69	1	0.8	0.8	0.82	
70	1	0.84	0.84	0.8144	
71	1	0.84	0.84	0.8744	
72	1	0.85	0.85	0.8675	
73	1	0.89	0.89	0.8779	
74	1	0.88	0.88	0.8656	
75	1	0.89	0.89	0.8579	
76	1	0.89	0.89	0.8979	
77	1	0.94	0.94	0.9164	
78	1	0.93	0.93	0.9451	
79	1	0.97	0.97	1.0291	
80	1	0.94	0.94	0.9964	
81	1	0.95	0.95	0.9875	
82	1	0.97	0.97	1.0091	
83	1	0.98	0.98	1.0396	
84	1	0.96	0.96	1.0384	
85	1	1	1	1.08	
86	1	1.04	1.04	1.0984	
87	1	1.04	1.04	1.0984	
88	1	1.1	1.1	1.17	
89	1	1.06	1.06	1.0964	
90	1	1.06	1.06	1.0964	
91	1	1.08	1.08	1.0736	
92	1	1.1	1.1	1.07	
93	1	1.13	1.13	1.1131	
94	1	1.13	1.13	1.0931	
95	1	1.15	1.15	1.1275	
96	1	1.16	1.16	1.0944	
97	1	1.17	1.17	1.1011	
98	1	1.19	1.19	1.0939	
99	1	1.22	1.22	1.1516	
100	1	1.23	1.23	1.1571	
101	1	1.25	1.25	1.1275	
102	1	1.27	1.27	1.1571	
103	1	1.26	1.26	1.1524	
104	1	1.29	1.29	1.1259	
105	1	1.27	1.27	1.1371	
106	1	1.29	1.29	1.1859	
107	1	1.32	1.32	1.2376	
108	1	1.31	1.31	1.2139	
109	1	1.29	1.29	1.2259	
110	1	1.3	1.3	1.23	
111	1	1.33	1.33	1.2011	
112	1	1.3	1.3	1.23	
113	1	1.31	1.31	1.2339	
114	1	1.35	1.35	1.2275	
115	1	1.36	1.36	1.1904	
116	1	1.35	1.35	1.1875	
117	1	1.37	1.37	1.1931	
118	1	1.35	1.35	1.2075	
119	1	1.39	1.39	1.2579	
120	1	1.37	1.37	1.2731	
121	1	1.4	1.4	1.36	
122	1	1.41	1.41	1.3819	
123	1	1.42	1.42	1.4236	
124	1	1.41	1.41	1.3819	
125	1	1.47	1.47	1.4691	
126	1	1.42	1.42	1.4636	
127	1	1.48	1.48	1.5096	
128	1	1.47	1.47	1.5091	
129	1	1.47	1.47	1.4691	
130	1	1.5	1.5	1.47	
131	1	1.47	1.47	1.4491	
132	1	1.52	1.52	1.5096	
133	1	1.49	1.49	1.4899	
134	1	1.49	1.49	1.4899	
135	1	1.49	1.49	1.4899	
136	1	1.54	1.54	1.5084	
137	1	1.58	1.58	1.6236	
138	1	1.57	1.57	1.5851	
139	1	1.58	1.58	1.6036	
140	1	1.62	1.62	1.7956	
141	1	1.59	1.59	1.6619	
142	1	1.62	1.62	1.8156	
143	1	1.66	1.66	1.7844	
144	1	1.66	1.66	1.7444	
145	1	1.64	1.64	1.7704	
146	1	1.64	1.64	1.7704	
147	1	1.68	1.68	1.7576	
148	1	1.65	1.65	1.7675	
149	1	1.68	1.68	1.7776	
150	1	1.68	1.68	1.7776	
151	1	1.7	1.7	1.81	
152	1	1.68	1.68	1.8376	
153	1	1.74	1.74	1.7724	
154	1	1.73	1.73	1.7571	
155	1	1.73	1.73	1.8171	
156	1	1.77	1.77	1.8371	
157	1	1.73	1.73	1.8171	
158	1	1.74	1.74	1.8124	
159	1	1.78	1.78	1.7716	
160	1	1.81	1.81	1.8139	
161	1	1.79	1.79	1.8059	
162	1	1.81	1.81	1.7939	
163	1	1.82	1.82	1.8076	
164	1	1.88	1.88	1.9456	
165	1	1.83	1.83	1.8211	
166	1	1.84	1.84	1.8344	
167	1	1.87	1.87	1.8331	
168	1	1.83	1.83	1.8811	
169	1	1.88	1.88	1.8256	
170	1	1.87	1.87	1.8331	
171	1	1.86	1.86	1.9004	
172	1	1.91	1.91	1.8219	
173	1	1.92	1.92	1.8736	
174	1	1.9	1.9	1.91	
175	1	1.93	1.93	1.9251	
176	1	1.9	1.9	1.95	
177	1	1.94	1.94	1.9964	
178	1	1.92	1.92	1.9936	
179	1	1.92	1.92	1.9936	
180	1	1.94	1.94	1.9364	
181	1	1.95	1.95	1.9275	
182	1	1.99	1.99	1.9499	
183	1	2.01	2.01	1.9699	
184	1	2.02	2.02	2.0796	
185	1	2	2	1.94	
186	1	1.98	1.98	1.9796	
187	1	2	2	1.96	
188	1	2.02	2.02	1.9596	
189	1	2.01	2.01	1.9699	
190	1	2.02	2.02	1.9396	
191	1	1.99	1.99	2.0299	
192	1	2.07	2.07	1.9851	
193	1	2.05	2.05	1.9875	
194	1	2.04	2.04	1.9984	
195	1	2.04	2.04	2.0184	
196	1	2.06	2.06	1.9964	
197	1	2.08	2.08	1.9736	
198	1	2.07	2.07	1.9851	
199	1	2.08	2.08	1.9336	
200	1	2.12	2.12	1.9656	
201	1	2.14	2.14	2.0404	
202	1	2.11	2.11	2.0379	
203	1	2.14	2.14	2.0004	
204	1	2.14	2.14	2.0404	
205	1	2.12	2.12	2.0456	
206	1	2.2	2.2	2.08	
207	1	2.16	2.16	2.0144	
208	1	2.19	2.19	2.0139	
209	1	2.21	2.21	2.1659	
210	1	2.2	2.2	2.14	
211	1	2.17	2.17	2.1211	
212	1	2.22	2.22	2.1916	
213	1	2.3	2.3	2.31	
214	1	2.26	2.26	2.2724	
215	1	2.28	2.28	2.2416	
216	1	2.33	2.33	2.3011	
217	1	2.31	2.31	2.2139	
218	1	2.33	2.33	2.2611	
219	1	2.38	2.38	2.2956	
220	1	2.36	2.36	2.2504	
221	1	2.38	2.38	2.3556	
222	1	2.41	2.41	2.3019	
223	1	2.42	2.42	2.2836	
224	1	2.45	2.45	2.2675	
225	1	2.46	2.46	2.2484	
226	1	2.44	2.44	2.3464	
227	1	2.52	2.52	2.3296	
228	1	2.51	2.51	2.3899	
229	1	2.57	2.57	2.4451	
230	1	2.56	2.56	2.3664	
231	1	2.56	2.56	2.3664	
232	1	2.53	2.53	2.3691	
233	1	2.58	2.58	2.3236	
234	1	2.57	2.57	2.3051	
235	1	2.58	2.58	2.3836	
236	1	2.6	2.6	2.32	
237	1	2.57	2.57	2.3851	
238	1	2.6	2.6	2.32	
239	1	2.61	2.61	2.4179	
240	1	2.64	2.64	2.3504	
241	1	2.64	2.64	2.4304	
242	1	2.63	2.63	2.4531	
243	1	2.67	2.67	2.3611	
244	1	2.72	2.72	2.4216	
245	1	2.67	2.67	2.3611	
246	1	2.7	2.7	2.43	
247	1	2.7	2.7	2.43	
248	1	2.68	2.68	2.4176	
249	1	2.69	2.69	2.4139	
250	1	2.69	2.69	2.4139	
251	1	2.7	2.7	2.41	
252	1	2.73	2.73	2.3771	
253	1	2.7	2.7	2.41	
254	1	2.74	2.74	2.3924	
255	1	2.73	2.73	2.4171	
256	1	2.75	2.75	2.4475	
257	1	2.72	2.72	2.4616	
258	1	2.76	2.76	2.4024	
259	1	2.77	2.77	2.4571	
260	1	2.77	2.77	2.5371	
261	1	2.79	2.79	2.4459	
262	1	2.8	2.8	2.48	
263	1	2.78	2.78	2.5116	
264	1	2.83	2.83	2.4411	
265	1	2.84	2.84	2.4744	
266	1	2.82	2.82	2.4476	
267	1	2.8	2.8	2.48	
268	1	2.79	2.79	2.5059	
269	1	2.87	2.87	2.5131	
270	1	2.9	2.9	2.55	
271	1	2.86	2.86	2.4604	
272	1	2.86	2.86	2.4404	
273	1	2.84	2.84	2.4744	
274	1	2.87	2.87	2.5131	
275	1	2.87	2.87	2.4131	
276	1	2.85	2.85	2.4875	
277	1	2.86	2.86	2.5204	
278	1	2.89	2.89	2.4579	
279	1	2.88	2.88	2.4656	
280	1	2.94	2.94	2.4764	
281	1	2.95	2.95	2.5075	
282	1	2.93	2.93	2.5451	
283	1	2.94	2.94	2.6764	
284	1	2.97	2.97	2.5891	
285	1	2.96	2.96	2.5584	
286	1	3.02	3.02	2.5996	
287	1	3.05	3.05	2.5875	
288	1	3	3	2.52	
289	1	3.01	3.01	2.6099	
290	1	3.04	3.04	2.6184	
291	1	3.1	3.1	2.73	
292	1	3.05	3.05	2.5675	
293	1	3.06	3.06	2.5964	
294	1	3.08	3.08	2.6936	
295	1	3.09	3.09	2.5819	
296	1	3.08	3.08	2.6936	
297	1	3.1	3.1	2.69	
298	1	3.15	3.15	2.7275	
299	1	3.09	3.09	2.6619	
300	1	3.14	3.14	2.5404	
301	1	3.17	3.17	2.6011	
302	1	3.19	3.19	2.5739	
303	1	3.27	3.27	2.5971	
304	1	3.25	3.25	2.5475	
305	1	3.25	3.25	2.5475	
306	1	3.27	3.27	2.7571	
307	1	3.28	3.28	2.6016	
308	1	3.29	3.29	2.6059	
309	1	3.29	3.29	2.7259	
310	1	3.34	3.34	2.6044	
311	1	3.36	3.36	2.5304	
312	1	3.4	3.4	2.6	
313	1	3.4	3.4	2.56	
314	1	3.47	3.47	2.6891	
315	1	3.37	3.37	2.6731	
316	1	3.43	3.43	2.5451	
317	1	3.43	3.43	2.6451	
318	1	3.47	3.47	2.5891	
319	1	3.49	3.49	2.6699	
320	1	3.45	3.45	2.6075	
321	1	3.5	3.5	2.55	
322	1	3.51	3.51	2.5299	
323	1	3.55	3.55	2.7275	
324	1	3.59	3.59	2.7419	
325	1	3.57	3.57	2.8851	
326	1	3.61	3.61	2.7579	
327	1	3.59	3.59	2.8019	
328	1	3.65	3.65	2.7675	
329	1	3.62	3.62	2.8156	
330	1	3.65	3.65	2.7675	
331	1	3.74	3.74	2.8924	
332	1	3.67	3.67	2.7211	
333	1	3.67	3.67	2.7811	
334	1	3.67	3.67	2.7811	
335	1	3.75	3.75	2.8675	
336	1	3.74	3.74	2.7924	
337	1	3.72	3.72	2.7216	
338	1	3.73	3.73	2.8171	
339	1	3.68	3.68	2.9376	
340	1	3.75	3.75	2.7275	
341	1	3.76	3.76	2.7424	
342	1	3.79	3.79	2.8459	
343	1	3.79	3.79	2.7259	
344	1	3.84	3.84	2.8744	
345	1	3.78	3.78	2.8516	
346	1	3.8	3.8	2.8	
347	1	3.81	3.81	2.7739	
348	1	3.83	3.83	2.7411	
349	1	3.8	3.8	2.94	
350	1	3.86	3.86	2.8604	
351	1	3.91	3.91	2.8019	
352	1	3.89	3.89	2.7979	
353	1	3.9	3.9	2.79	
354	1	3.93	3.93	2.8451	
355	1	3.91	3.91	2.8019	
356	1	3.99	3.99	2.9299	
357	1	3.99	3.99	2.9499	
358	1	3.96	3.96	2.7984	
359	1	3.95	3.95	2.8675	
360	1	3.99	3.99	2.9699	
361	1	4	4	3.02	
362	1	4.02	4.02	2.8996	
363	1	4.03	4.03	2.9291	
364	1	4.01	4.01	2.9699	
365	1	4.01	4.01	2.9699	
366	1	4.01	4.01	2.9699	
367	1	4.1	4.1	2.85	
368	1	4.07	4.07	2.8451	
369	1	4.08	4.08	2.8136	
370	1	4.14	4.14	2.8204	
371	1	4.14	4.14	2.9004	
372	1	4.16	4.16	2.9344	
373	1	4.09	4.09	3.1019	
374	1	4.14	4.14	2.9204	
375	1	4.12	4.12	3.0056	
376	1	4.21	4.21	2.9059	
377	1	4.24	4.24	3.0224	
378	1	4.2	4.2	2.88	
379	1	4.21	4.21	2.9059	
380	1	4.18	4.18	2.8876	
381	1	4.21	4.21	2.8459	
382	1	4.18	4.18	3.0076	
383	1	4.22	4.22	2.9516	
384	1	4.18	4.18	2.9876	
385	1	4.24	4.24	2.8624	
386	1	4.25	4.25	2.8875	
387	1	4.27	4.27	2.8571	
388	1	4.24	4.24	2.8824	
389	1	4.21	4.21	3.0059	
390	1	4.23	4.23	2.9171	
391	1	4.26	4.26	2.8524	
392	1	4.22	4.22	2.9916	
393	1	4.27	4.27	2.9171	
394	1	4.28	4.28	2.9416	
395	1	4.32	4.32	2.9176	
396	1	4.32	4.32	2.8376	
397	1	4.39	4.39	2.7979	
398	1	4.38	4.38	2.8756	
399	1	4.38	4.38	2.8356	
400	1	4.42	4.42	2.8236	
401	1	4.5	4.5	2.99	
402	1	4.41	4.41	2.8019	
403	1	4.42	4.42	2.8036	
404	1	4.43	4.43	2.8051	
405	1	4.46	4.46	2.8084	
406	1	4.45	4.45	2.8475	
407	1	4.49	4.49	2.8099	
408	1	4.48	4.48	2.8096	
409	1	4.49	4.49	2.8499	
410	1	4.47	4.47	2.8691	
411	1	4.46	4.46	2.8684	
412	1	4.51	4.51	2.8299	
413	1	4.49	4.49	2.8299	
414	1	4.5	4.5	2.79	
415	1	4.5	4.5	2.93	
416	1	4.55	4.55	2.7475	
417	1	4.53	4.53	2.7491	
418	1	4.55	4.55	2.7875	
419	1	4.54	4.54	2.8684	
420	1	4.58	4.58	2.9436	
421	1	4.59	4.59	2.8619	
422	1	4.58	4.58	2.8636	
423	1	4.56	4.56	2.9464	
424	1	4.59	4.59	2.8619	
425	1	4.61	4.61	2.8579	
426	1	4.61	4.61	2.8379	
427	1	4.59	4.59	2.9219	
428	1	4.61	4.61	2.8979	
429	1	4.65	4.65	2.9675	
430	1	4.63	4.63	2.8731	
431	1	4.62	4.62	2.8556	
432	1	4.66	4.66	2.9444	
433	1	4.64	4.64	3.0104	
434	1	4.69	4.69	3.0539	
435	1	4.66	4.66	3.0644	
436	1	4.63	4.63	3.0731	
437	1	4.67	4.67	2.9811	
438	1	4.7	4.7	2.99	
439	1	4.64	4.64	3.1104	
440	1	4.66	4.66	3.0444	
441	1	4.68	4.68	2.9776	
442	1	4.67	4.67	3.0411	
443	1	4.67	4.67	3.0411	
444	1	4.7	4.7	2.97	
445	1	4.64	4.64	3.1104	
446	1	4.65	4.65	3.0675	
447	1	4.67	4.67	3.0411	
448	1	4.73	4.73	2.9571	
449	1	4.7	4.7	2.95	
450	1	4.75	4.75	2.9675	
451	1	4.66	4.66	3.1244	
452	1	4.74	4.74	2.9324	
453	1	4.71	4.71	2.9659	
454	1	4.75	4.75	3.0075	
455	1	4.77	4.77	2.9771	
456	1	4.8	4.8	2.92	
457	1	4.83	4.83	2.9411	
458	1	4.84	4.84	3.0344	
459	1	4.77	4.77	3.0371	
460	1	4.82	4.82	2.9276	
461	1	4.81	4.81	2.9939	
462	1	4.81	4.81	2.9739	
463	1	4.86	4.86	3.0004	
464	1	4.93	4.93	3.2051	
465	1	4.88	4.88	3.0656	
466	1	4.87	4.87	3.0931	
467	1	4.86	4.86	3.1404	
468	1	4.88	4.88	3.1256	
469	1	4.91	4.91	3.0419	
470	1	4.91	4.91	3.0419	
471	1	4.93	4.93	3.0451	
472	1	4.9	4.9	3.21	
473	1	4.97	4.97	3.1491	
474	1	4.95	4.95	3.0275	
475	1	4.97	4.97	3.2691	
476	1	4.99	4.99	3.1099	
477	1	5.05	5.05	3.0675	
478	1	5	5	3.14	
479	1	5.04	5.04	3.1384	
480	1	5.04	5.04	3.1784	
481	1	5.15	5.15	3.4275	
482	1	5.12	5.12	3.2856	
483	1	5.08	5.08	3.2136	
484	1	5.07	5.07	3.2651	
485	1	5.08	5.08	3.2736	
486	1	5.13	5.13	3.2131	
487	1	5.13	5.13	3.2131	
488	1	5.14	5.14	3.2004	
489	1	5.17	5.17	3.2811	
490	1	5.17	5.17	3.4811	
491	1	5.18	5.18	3.3476	
492	1	5.2	5.2	3.28	
493	1	5.2	5.2	3.32	
494	1	5.19	5.19	3.4939	
495	1	5.28	5.28	3.3416	
496	1	5.26	5.26	3.3124	
497	1	5.22	5.22	3.5116	
498	1	5.22	5.22	3.4716	
499	1	5.31	5.31	3.3339	
500	1	5.25	5.25	3.4075	
501	1	5.34	5.34	3.3444	
502	1	5.31	5.31	3.3939	
503	1	5.36	5.36	3.3904	
504	1	5.29	5.29	3.4259	
505	1	5.36	5.36	3.3904	
506	1	5.32	5.32	3.3376	
507	1	5.32	5.32	3.3976	
508	1	5.37	5.37	3.3931	
509	1	5.38	5.38	3.2156	
510	1	5.37	5.37	3.2131	
511	1	5.38	5.38	3.1956	
512	1	5.35	5.35	3.2075	
513	1	5.35	5.35	3.4075	
514	1	5.41	5.41	3.1819	
515	1	5.4	5.4	3.26	
516	1	5.47	5.47	3.1891	
517	1	5.44	5.44	3.1264	
518	1	5.45	5.45	3.1475	
519	1	5.43	5.43	3.2851	
520	1	5.52	5.52	3.0296	
521	1	5.51	5.51	3.0299	
522	1	5.49	5.49	3.0699	
523	1	5.47	5.47	3.0691	
524	1	5.49	5.49	2.9699	
525	1	5.55	5.55	3.1675	
526	1	5.5	5.5	3.13	
527	1	5.56	5.56	3.0264	
528	1	5.65	5.65	3.1675	
529	1	5.63	5.63	3.1331	
530	1	5.63	5.63	3.1331	
531	1	5.64	5.64	3.0504	
532	1	5.7	5.7	3.15	
533	1	5.65	5.65	3.1675	
534	1	5.71	5.71	3.2059	
535	1	5.65	5.65	3.1275	
536	1	5.66	5.66	3.2844	
537	1	5.67	5.67	3.1411	
538	1	5.67	5.67	3.1211	
539	1	5.71	5.71	3.1459	
540	1	5.7	5.7	3.13	
541	1	5.76	5.76	3.1624	
542	1	5.77	5.77	3.0771	
543	1	5.7	5.7	3.15	
544	1	5.72	5.72	3.1216	
545	1	5.78	5.78	2.9916	
546	1	5.74	5.74	3.0124	
547	1	5.75	5.75	3.0675	
548	1	5.73	5.73	3.0371	
549	1	5.75	5.75	3.0075	
550	1	5.73	5.73	3.0371	
551	1	5.77	5.77	2.9771	
552	1	5.8	5.8	2.96	
553	1	5.76	5.76	2.9624	
554	1	5.75	5.75	2.9675	
555	1	5.76	5.76	2.9824	
556	1	5.8	5.8	3.02	
557	1	5.78	5.78	3.0516	
558	1	5.76	5.76	3.1624	
559	1	5.8	5.8	3.06	
560	1	5.77	5.77	3.0971	
561	1	5.87	5.87	3.1131	
562	1	5.84	5.84	2.9944	
563	1	5.79	5.79	3.2459	
564	1	5.83	5.83	3.0211	
565	1	5.79	5.79	3.3459	
566	1	5.86	5.86	3.1004	
567	1	5.86	5.86	3.0604	
568	1	5.86	5.86	3.0604	
569	1	5.85	5.85	3.1275	
570	1	5.9	5.9	3.11	
571	1	5.91	5.91	3.0619	
572	1	5.9	5.9	3.13	
573	1	5.87	5.87	3.1531	
574	1	5.92	5.92	3.1136	
575	1	5.88	5.88	3.3656	
576	1	5.94	5.94	3.0964	
577	1	5.98	5.98	3.0796	
578	1	5.97	5.97	3.0691	
579	1	5.96	5.96	3.1184	
580	1	6	6	3.14	
581	1	5.97	5.97	3.1891	
582	1	6	6	3.14	
583	1	6.02	6.02	3.1796	
584	1	6.01	6.01	3.1499	
585	1	6.02	6.02	3.1996	
586	1	6.04	6.04	3.1584	
587	1	6.04	6.04	3.1584	
588	1	6.01	6.01	3.2499	
589	1	6.05	6.05	3.1875	
590	1	6.03	6.03	3.2491	
591	1	6.1	6.1	3.25	
592	1	6.07	6.07	3.2251	
593	1	6.12	6.12	3.1656	
594	1	6.06	6.06	3.1764	
595	1	6.15	6.15	3.2475	
596	1	6.12	6.12	3.1456	
597	1	6.07	6.07	3.2851	
598	1	6.09	6.09	3.2419	
599	1	6.1	6.1	3.19	
600	1	6.13	6.13	3.2931	
601	1	6.16	6.16	3.1944	
602	1	6.17	6.17	3.3811	
603	1	6.16	6.16	3.1544	
604	1	6.19	6.19	3.3139	
605	1	6.21	6.21	3.3459	
606	1	6.14	6.14	3.4404	
607	1	6.23	6.23	3.2371	
608	1	6.23	6.23	3.2571	
609	1	6.22	6.22	3.2716	
610	1	6.19	6.19	3.2339	
611	1	6.27	6.27	3.2571	
612	1	6.26	6.26	3.2124	
613	1	6.26	6.26	3.1724	
614	1	6.29	6.29	3.2259	
615	1	6.27	6.27	3.2371	
616	1	6.24	6.24	3.2224	
617	1	6.24	6.24	3.2424	
618	1	6.25	6.25	3.3275	
619	1	6.31	6.31	3.3139	
620	1	6.35	6.35	3.3275	
621	1	6.27	6.27	3.4971	
622	1	6.36	6.36	3.3504	
623	1	6.37	6.37	3.3331	
624	1	6.37	6.37	3.3331	
625	1	6.38	6.38	3.4356	
626	1	6.38	6.38	3.3556	
627	1	6.43	6.43	3.4251	
628	1	6.37	6.37	3.3531	
629	1	6.36	6.36	3.3904	
630	1	6.4	6.4	3.4	
631	1	6.47	6.47	3.6091	
632	1	6.37	6.37	3.4731	
633	1	6.44	6.44	3.3064	
634	1	6.44	6.44	3.2664	
635	1	6.47	6.47	3.2691	
636	1	6.44	6.44	3.3264	
637	1	6.45	6.45	3.3275	
638	1	6.4	6.4	3.52	
639	1	6.44	6.44	3.3664	
640	1	6.48	6.48	3.2296	
641	1	6.5	6.5	3.25	
642	1	6.54	6.54	3.2084	
643	1	6.52	6.52	3.1296	
644	1	6.55	6.55	3.1875	
645	1	6.55	6.55	3.2475	
646	1	6.57	6.57	3.1251	
647	1	6.49	6.49	3.2099	
648	1	6.51	6.51	3.2299	
649	1	6.61	6.61	3.1979	
650	1	6.61	6.61	3.1379	
651	1	6.62	6.62	3.1156	
652	1	6.61	6.61	3.0979	
653	1	6.56	6.56	3.1864	
654	1	6.54	6.54	3.2884	
655	1	6.57	6.57	3.2251	
656	1	6.66	6.66	3.2844	
657	1	6.65	6.65	3.2075	
658	1	6.6	6.6	3.38	
659	1	6.62	6.62	3.3356	
660	1	6.72	6.72	3.2616	
661	1	6.67	6.67	3.2811	
662	1	6.7	6.7	3.25	
663	1	6.7	6.7	3.35	
664	1	6.8	6.8	3.46	
665	1	6.76	6.76	3.1824	
666	1	6.75	6.75	3.2075	
667	1	6.78	6.78	3.2516	
668	1	6.78	6.78	3.3316	
669	1	6.8	6.8	3.38	
670	1	6.81	6.81	3.3739	
671	1	6.92	6.92	3.3736	
672	1	6.88	6.88	3.4056	
673	1	6.9	6.9	3.29	
674	1	6.93	6.93	3.2851	
675	1	6.92	6.92	3.2536	
676	1	6.96	6.96	3.2584	
677	1	6.95	6.95	3.2475	
678	1	6.97	6.97	3.3291	
679	1	6.96	6.96	3.2384	
680	1	6.89	6.89	3.5579	
681	1	6.99	6.99	3.2499	
682	1	6.98	6.98	3.2396	
683	1	6.96	6.96	3.3384	
684	1	6.96	6.96	3.3384	
685	1	6.99	6.99	3.2699	
686	1	7.04	7.04	3.3584	
687	1	7.01	7.01	3.2299	
688	1	7.04	7.04	3.2584	
689	1	7.03	7.03	3.2291	
690	1	7.03	7.03	3.2691	
691	1	7.02	7.02	3.4196	
692	1	7.09	7.09	3.2619	
693	1	7.08	7.08	3.2336	
694	1	7.09	7.09	3.3019	
695	1	7.16	7.16	3.3544	
696	1	7.18	7.18	3.2876	
697	1	7.15	7.15	3.3475	
698	1	7.13	7.13	3.3531	
699	1	7.14	7.14	3.3804	
700	1	7.18	7.18	3.3676	
701	1	7.23	7.23	3.3971	
702	1	7.21	7.21	3.3659	
703	1	7.2	7.2	3.32	
704	1	7.17	7.17	3.3011	
705	1	7.19	7.19	3.2939	
706	1	7.21	7.21	3.3659	
707	1	7.14	7.14	3.3804	
708	1	7.16	7.16	3.3344	
709	1	7.18	7.18	3.2876	
710	1	7.19	7.19	3.2939	
711	1	7.15	7.15	3.4675	
712	1	7.14	7.14	3.5004	
713	1	7.18	7.18	3.3676	
714	1	7.2	7.2	3.48	
715	1	7.19	7.19	3.4939	
716	1	7.23	7.23	3.4171	
717	1	7.21	7.21	3.5059	
718	1	7.24	7.24	3.4224	
719	1	7.25	7.25	3.4875	
720	1	7.28	7.28	3.5216	
721	1	7.26	7.26	3.5524	
722	1	7.28	7.28	3.5216	
723	1	7.3	7.3	3.57	
724	1	7.28	7.28	3.4816	
725	1	7.3	7.3	3.45	
726	1	7.34	7.34	3.4644	
727	1	7.35	7.35	3.5275	
728	1	7.3	7.3	3.49	
729	1	7.33	7.33	3.4611	
730	1	7.36	7.36	3.5704	
731	1	7.35	7.35	3.7075	
732	1	7.31	7.31	3.7339	
733	1	7.39	7.39	3.5979	
734	1	7.38	7.38	3.6356	
735	1	7.39	7.39	3.6779	
736	1	7.4	7.4	3.68	
737	1	7.41	7.41	3.6419	
738	1	7.4	7.4	3.72	
739	1	7.41	7.41	3.7819	
740	1	7.44	7.44	3.8664	
741	1	7.48	7.48	3.7896	
742	1	7.5	7.5	3.83	
743	1	7.47	7.47	3.6891	
744	1	7.51	7.51	3.6699	
745	1	7.49	7.49	3.6699	
746	1	7.46	7.46	3.7884	
747	1	7.51	7.51	3.6899	
748	1	7.52	7.52	3.6296	
749	1	7.54	7.54	3.6284	
750	1	7.51	7.51	3.6699	
751	1	7.55	7.55	3.6275	
752	1	7.51	7.51	3.7899	
753	1	7.56	7.56	3.7864	
754	1	7.51	7.51	3.8099	
755	1	7.57	7.57	3.6851	
756	1	7.49	7.49	3.9299	
757	1	7.54	7.54	3.8484	
758	1	7.58	7.58	3.8036	
759	1	7.67	7.67	3.8211	
760	1	7.65	7.65	3.7675	
761	1	7.69	7.69	3.9139	
762	1	7.61	7.61	3.7379	
763	1	7.7	7.7	3.85	
764	1	7.7	7.7	3.79	
765	1	7.72	7.72	3.7816	
766	1	7.73	7.73	3.7771	
767	1	7.66	7.66	3.9044	
768	1	7.73	7.73	3.8171	
769	1	7.67	7.67	3.9211	
770	1	7.68	7.68	3.8976	
771	1	7.69	7.69	3.8739	
772	1	7.75	7.75	3.6875	
773	1	7.76	7.76	3.7024	
774	1	7.8	7.8	4	
775	1	7.78	7.78	3.7916	
776	1	7.85	7.85	3.8075	
777	1	7.81	7.81	3.7539	
778	1	7.87	7.87	3.6731	
779	1	7.82	7.82	3.7876	
780	1	7.91	7.91	3.6419	
781	1	7.83	7.83	3.7811	
782	1	7.88	7.88	3.6656	
783	1	7.88	7.88	3.7456	
784	1	7.9	7.9	3.59	
785	1	7.91	7.91	3.8219	
786	1	7.92	7.92	3.6136	
787	1	7.9	7.9	3.69	
788	1	7.99	7.99	3.5899	
789	1	7.99	7.99	3.4099	
790	1	8	8	3.4	
791	1	7.96	7.96	3.3984	
792	1	7.95	7.95	3.4475	
793	1	7.99	7.99	3.3699	
794	1	7.96	7.96	3.4184	
795	1	7.96	7.96	3.4184	
796	1	8	8	3.46	
797	1	7.96	7.96	3.4784	
798	1	8.04	8.04	3.3584	
799	1	7.96	7.96	3.4784	
800	1	8.07	8.07	3.2651	
801	1	8.05	8.05	3.2875	
802	1	8.07	8.07	3.3051	
803	1	8.03	8.03	3.3491	
804	1	8.05	8.05	3.3875	
805	1	8.07	8.07	3.4451	
806	1	8.15	8.15	3.4275	
807	1	8.08	8.08	3.4736	
808	1	8.12	8.12	3.3656	
809	1	8.13	8.13	3.3331	
810	1	8.13	8.13	3.3131	
811	1	8.16	8.16	3.2544	
812	1	8.19	8.19	3.2539	
813	1	8.18	8.18	3.3876	
814	1	8.21	8.21	3.3659	
815	1	8.21	8.21	3.5459	
816	1	8.23	8.23	3.4971	
817	1	8.22	8.22	3.5316	
818	1	8.26	8.26	3.4524	
819	1	8.26	8.26	3.5724	
820	1	8.26	8.26	3.5724	
821	1	8.32	8.32	3.5576	
822	1	8.31	8.31	3.7739	
823	1	8.37	8.37	3.7331	
824	1	8.33	8.33	3.6211	
825	1	8.33	8.33	3.6611	
826	1	8.35	8.35	3.6875	
827	1	8.36	8.36	3.6104	
828	1	8.37	8.37	3.5731	
829	1	8.36	8.36	3.6904	
830	1	8.37	8.37	3.6931	
831	1	8.47	8.47	3.5491	
832	1	8.46	8.46	3.5084	
833	1	8.44	8.44	3.5264	
834	1	8.51	8.51	3.6899	
835	1	8.42	8.42	3.7036	
836	1	8.48	8.48	3.5496	
837	1	8.48	8.48	3.6896	
838	1	8.47	8.47	3.7291	
839	1	8.54	8.54	3.7484	
840	1	8.52	8.52	3.6896	
841	1	8.49	8.49	3.6899	
842	1	8.46	8.46	3.7484	
843	1	8.52	8.52	3.6896	
844	1	8.53	8.53	3.8891	
845	1	8.46	8.46	3.8684	
846	1	8.51	8.51	3.7099	
847	1	8.54	8.54	3.6884	
848	1	8.5	8.5	3.71	
849	1	8.49	8.49	3.8299	
850	1	8.61	8.61	3.6779	
851	1	8.57	8.57	3.5851	
852	1	8.52	8.52	3.7496	
853	1	8.55	8.55	3.6875	
854	1	8.59	8.59	3.5819	
855	1	8.56	8.56	3.6864	
856	1	8.61	8.61	3.5579	
857	1	8.61	8.61	3.5779	
858	1	8.69	8.69	3.6539	
859	1	8.64	8.64	3.6104	
860	1	8.68	8.68	3.6776	
861	1	8.69	8.69	3.7939	
862	1	8.76	8.76	3.7824	
863	1	8.72	8.72	3.9416	
864	1	8.79	8.79	3.7259	
865	1	8.78	8.78	3.8916	
866	1	8.78	8.78	3.7716	
867	1	8.81	8.81	3.7939	
868	1	8.82	8.82	3.8876	
869	1	8.79	8.79	3.8459	
870	1	8.81	8.81	3.8539	
871	1	8.88	8.88	3.8456	
872	1	8.89	8.89	3.8579	
873	1	8.85	8.85	3.8075	
874	1	8.84	8.84	3.8344	
875	1	8.94	8.94	4.1364	
876	1	8.9	8.9	3.93	
877	1	8.82	8.82	4.0276	
878	1	8.93	8.93	3.9051	
879	1	8.91	8.91	4.0219	
880	1	8.94	8.94	3.9564	
881	1	9	9	3.9	
882	1	8.97	8.97	3.8291	
883	1	8.97	8.97	3.9091	
884	1	9	9	3.86	
885	1	9.03	9.03	4.0091	
886	1	8.98	8.98	3.8596	
887	1	9.01	9.01	3.8899	
888	1	8.94	8.94	4.0964	
889	1	8.97	8.97	3.8291	
890	1	8.97	8.97	3.8091	
891	1	8.94	8.94	4.0964	
892	1	9.01	9.01	4.0099	
893	1	9.02	9.02	3.7796	
894	1	9.05	9.05	3.7875	
895	1	9.02	9.02	3.6196	
896	1	9.04	9.04	3.5584	
897	1	9.07	9.07	3.5851	
898	1	9.08	9.08	3.7336	
899	1	9.05	9.05	3.8475	
900	1	9.17	9.17	3.9811	
901	1	9.06	9.06	3.8564	
902	1	9.09	9.09	3.7219	
903	1	9.16	9.16	3.7944	
904	1	9.14	9.14	3.9204	
905	1	9.17	9.17	3.8611	
906	1	9.18	9.18	3.8276	
907	1	9.17	9.17	3.8011	
908	1	9.15	9.15	3.9475	
909	1	9.24	9.24	4.0824	
910	1	9.17	9.17	3.9011	
911	1	9.2	9.2	4.18	
912	1	9.29	9.29	4.0059	
913	1	9.26	9.26	3.8524	
914	1	9.22	9.22	3.8916	
915	1	9.28	9.28	3.9816	
916	1	9.3	9.3	3.91	
917	1	9.3	9.3	3.95	
918	1	9.33	9.33	3.9211	
919	1	9.37	9.37	4.0731	
920	1	9.35	9.35	3.9675	
921	1	9.38	9.38	3.9156	
922	1	9.36	9.36	3.8504	
923	1	9.36	9.36	3.8904	
924	1	9.4	9.4	3.76	
925	1	9.37	9.37	3.8731	
926	1	9.4	9.4	3.78	
927	1	9.38	9.38	3.9356	
928	1	9.44	9.44	3.8264	
929	1	9.4	9.4	3.86	
930	1	9.43	9.43	4.0451	
931	1	9.49	9.49	4.0299	
932	1	9.42	9.42	4.0836	
933	1	9.44	9.44	3.9664	
934	1	9.48	9.48	3.9296	
935	1	9.46	9.46	4.0684	
936	1	9.48	9.48	3.9896	
937	1	9.47	9.47	4.1091	
938	1	9.49	9.49	4.0099	
939	1	9.57	9.57	4.2051	
940	1	9.56	9.56	4.1064	
941	1	9.48	9.48	4.0896	
942	1	9.53	9.53	3.9891	
943	1	9.53	9.53	3.9691	
944	1	9.52	9.52	3.9896	
945	1	9.52	9.52	4.0896	
946	1	9.52	9.52	3.9696	
947	1	9.48	9.48	4.2496	
948	1	9.56	9.56	4.0064	
949	1	9.56	9.56	3.9464	
950	1	9.51	9.51	4.0099	
951	1	9.56	9.56	3.9064	
952	1	9.59	9.59	3.9619	
953	1	9.61	9.61	4.0979	
954	1	9.6	9.6	3.88	
955	1	9.53	9.53	3.9491	
956	1	9.64	9.64	4.0304	
957	1	9.6	9.6	3.82	
958	1	9.57	9.57	4.1051	
959	1	9.61	9.61	3.8779	
960	1	9.66	9.66	3.7644	
961	1	9.64	9.64	3.8704	
962	1	9.74	9.74	3.9724	
963	1	9.67	9.67	3.8611	
964	1	9.62	9.62	4.1756	
965	1	9.68	9.68	3.8376	
966	1	9.72	9.72	3.8816	
967	1	9.72	9.72	3.9016	
968	1	9.78	9.78	3.7316	
969	1	9.74	9.74	3.8524	
970	1	9.74	9.74	3.8524	
971	1	9.75	9.75	3.7875	
972	1	9.82	9.82	3.8276	
973	1	9.79	9.79	3.7059	
974	1	9.79	9.79	3.6459	
975	1	9.79	9.79	3.7659	
976	1	9.81	9.81	3.7339	
977	1	9.81	9.81	3.7539	
978	1	9.78	9.78	3.8916	
979	1	9.84	9.84	3.7944	
980	1	9.88	9.88	3.7456	
981	1	9.83	9.83	3.8011	
982	1	9.84	9.84	3.8944	
983	1	9.85	9.85	3.8275	
984	1	9.87	9.87	3.7731	
985	1	9.86	9.86	3.8204	
986	1	9.85	9.85	3.8075	
987	1	9.91	9.91	3.7819	
988	1	9.89	9.89	3.7179	
989	1	9.91	9.91	3.6819	
990	1	9.89	9.89	3.8779	
991	1	9.95	9.95	3.7075	
992	1	9.99	9.99	3.7099	
993	1	9.93	9.93	3.8651	
994	1	9.97	9.97	3.7091	
995	1	9.98	9.98	3.6596	
996	1	10.01	10.01	3.6699	
997	1	9.99	9.99	3.7299	
998	1	10.05	10.05	3.7075	
999	1	10	10	3.76	
1000	1	10.02	10.02	3.7596	
1001	1	10.02	10.02	3.7396	
1002	1	10.07	10.07	3.7651	
1003	1	10.09	10.09	3.8019	
1004	1	10.04	10.04	3.8584	
1005	1	10.07	10.07	3.7251	
1006	1	10.14	10.14	3.6004	
1007	1	10.12	10.12	3.8256	
1008	1	10.21	10.21	3.7259	
1009	1	10.23	10.23	3.7771	
1010	1	10.18	10.18	3.6876	
1011	1	10.19	10.19	3.6739	
1012	1	10.18	10.18	3.6676	
1013	1	10.12	10.12	3.8856	
1014	1	10.15	10.15	3.7675	
1015	1	10.2	10.2	3.74	
1016	1	10.18	10.18	3.7876	
1017	1	10.19	10.19	3.8339	
1018	1	10.24	10.24	3.7824	
1019	1	10.26	10.26	3.8324	
1020	1	10.24	10.24	3.9424	
1021	1	10.26	10.26	3.8924	
1022	1	10.28	10.28	3.9216	
1023	1	10.28	10.28	3.7816	
1024	1	10.33	10.33	3.7611	
1025	1	10.32	10.32	3.8176	
1026	1	10.34	10.34	3.8044	
1027	1	10.32	10.32	3.7576	
1028	1	10.32	10.32	3.7576	
1029	1	10.34	10.34	3.9244	
1030	1	10.39	10.39	3.9179	
1031	1	10.35	10.35	4.0475	
1032	1	10.42	10.42	3.8636	
1033	1	10.4	10.4	3.88	
1034	1	10.41	10.41	3.9419	
1035	1	10.41	10.41	3.8219	
1036	1	10.44	10.44	3.7664	
1037	1	10.47	10.47	3.7891	
1038	1	10.48	10.48	4.0496	
1039	1	10.54	10.54	3.8484	
1040	1	10.51	10.51	3.7499	
1041	1	10.53	10.53	3.7691	
1042	1	10.44	10.44	3.9464	
1043	1	10.55	10.55	3.7875	
1044	1	10.48	10.48	3.9896	
1045	1	10.56	10.56	3.7464	
1046	1	10.58	10.58	3.7836	
1047	1	10.56	10.56	3.8664	
1048	1	10.63	10.63	3.9531	
1049	1	10.6	10.6	3.84	
1050	1	10.6	10.6	3.96	
1051	1	10.63	10.63	3.8131	
1052	1	10.64	10.64	3.8104	
1053	1	10.66	10.66	3.8044	
1054	1	10.68	10.68	3.7576	
1055	1	10.7	10.7	3.93	
1056	1	10.74	10.74	3.9924	
1057	1	10.73	10.73	4.0171	
1058	1	10.74	10.74	4.0524	
1059	1	10.75	10.75	4.1275	
1060	1	10.83	10.83	3.9811	
1061	1	10.76	10.76	4.1424	
1062	1	10.83	10.83	4.0811	
1063	1	10.81	10.81	4.1939	
1064	1	10.81	10.81	4.0339	
1065	1	10.77	10.77	4.2971	
1066	1	10.8	10.8	4.22	
1067	1	10.87	10.87	4.1331	
1068	1	10.85	10.85	4.0675	
1069	1	10.9	10.9	4.11	
1070	1	10.88	10.88	4.1056	
1071	1	10.89	10.89	4.1579	
1072	1	10.86	10.86	4.1604	
1073	1	10.94	10.94	4.2364	
1074	1	10.88	10.88	4.1256	
1075	1	10.87	10.87	4.1531	
1076	1	10.88	10.88	4.1656	
1077	1	10.94	10.94	4.2164	
1078	1	10.9	10.9	4.21	
1079	1	10.94	10.94	4.1964	
1080	1	10.93	10.93	4.1451	
1081	1	11	11	4.1	
1082	1	10.94	10.94	4.0964	
1083	1	10.94	10.94	4.3164	
1084	1	11	11	4.08	
1085	1	10.91	10.91	4.5619	
1086	1	11.04	11.04	4.0584	
1087	1	11.04	11.04	3.9584	
1088	1	10.98	10.98	4.2396	
1089	1	11.06	11.06	4.4364	
1090	1	11.09	11.09	4.0419	
1091	1	11.08	11.08	4.1536	
1092	1	11.09	11.09	4.0819	
1093	1	11.09	11.09	4.0819	
1094	1	11.07	11.07	4.0051	
1095	1	11.02	11.02	4.1996	
1096	1	11.07	11.07	4.0451	
1097	1	11.12	11.12	3.9656	
1098	1	11.12	11.12	4.1056	
1099	1	11.13	11.13	3.9531	
1100	1	11.1	11.1	4.05	
1101	1	11.14	11.14	4.0204	
1102	1	11.14	11.14	3.9804	
1103	1	11.19	11.19	3.9739	
1104	1	11.16	11.16	3.9144	
1105	1	11.19	11.19	3.9739	
1106	1	11.2	11.2	4	
1107	1	11.2	11.2	3.96	
1108	1	11.2	11.2	4.04	
1109	1	11.18	11.18	4.2076	
1110	1	11.22	11.22	3.8916	
1111	1	11.21	11.21	3.9259	
1112	1	11.27	11.27	3.8771	
1113	1	11.27	11.27	3.8771	
1114	1	11.29	11.29	3.9059	
1115	1	11.26	11.26	3.9324	
1116	1	11.21	11.21	4.2659	
1117	1	11.27	11.27	4.2771	
1118	1	11.33	11.33	4.1011	
1119	1	11.32	11.32	4.4576	
1120	1	11.39	11.39	4.1979	
1121	1	11.37	11.37	4.0731	
1122	1	11.38	11.38	4.0556	
1123	1	11.45	11.45	4.2675	
1124	1	11.35	11.35	4.2475	
1125	1	11.34	11.34	4.2644	
1126	1	11.42	11.42	4.0636	
1127	1	11.38	11.38	4.1556	
1128	1	11.44	11.44	4.1464	
1129	1	11.37	11.37	4.2731	
1130	1	11.47	11.47	4.1291	
1131	1	11.46	11.46	4.1084	
1132	1	11.44	11.44	4.1064	
1133	1	11.42	11.42	4.1236	
1134	1	11.48	11.48	4.0296	
1135	1	11.46	11.46	4.0884	
1136	1	11.51	11.51	4.0899	
1137	1	11.49	11.49	4.1099	
1138	1	11.49	11.49	4.2099	
1139	1	11.47	11.47	4.2091	
1140	1	11.5	11.5	4.03	
1141	1	11.5	11.5	4.03	
1142	1	11.5	11.5	4.05	
1143	1	11.52	11.52	4.0296	
1144	1	11.55	11.55	4.0875	
1145	1	11.58	11.58	3.9836	
1146	1	11.6	11.6	4	
1147	1	11.6	11.6	4.06	
1148	1	11.55	11.55	4.3075	
1149	1	11.66	11.66	4.2044	
1150	1	11.64	11.64	4.1904	
1151	1	11.59	11.59	4.3219	
1152	1	11.6	11.6	4.26	
1153	1	11.73	11.73	4.4571	
1154	1	11.67	11.67	4.2811	
1155	1	11.63	11.63	4.3131	
1156	1	11.66	11.66	4.1844	
1157	1	11.64	11.64	4.3104	
1158	1	11.66	11.66	4.3044	
1159	1	11.72	11.72	4.2816	
1160	1	11.7	11.7	4.39	
1161	1	11.67	11.67	4.3811	
1162	1	11.7	11.7	4.29	
1163	1	11.73	11.73	4.2371	
1164	1	11.76	11.76	4.2224	
1165	1	11.75	11.75	4.3075	
1166	1	11.71	11.71	4.5859	
1167	1	11.81	11.81	4.4939	
1168	1	11.81	11.81	4.4739	
1169	1	11.71	11.71	4.7459	
1170	1	11.81	11.81	4.4539	
1171	1	11.75	11.75	4.4275	
1172	1	11.76	11.76	4.4424	
1173	1	11.81	11.81	4.2539	
1174	1	11.82	11.82	4.1876	
1175	1	11.84	11.84	4.2144	
1176	1	11.86	11.86	4.2204	
1177	1	11.88	11.88	4.2656	
1178	1	11.85	11.85	4.3475	
1179	1	11.87	11.87	4.3131	
1180	1	11.88	11.88	4.3456	
1181	1	11.88	11.88	4.3856	
1182	1	11.89	11.89	4.4579	
1183	1	11.95	11.95	4.3475	
1184	1	11.88	11.88	4.4656	
1185	1	11.89	11.89	4.4179	
1186	1	12.02	12.02	4.5396	
1187	1	11.94	11.94	4.3564	
1188	1	11.93	11.93	4.4651	
1189	1	11.94	11.94	4.3764	
1190	1	11.96	11.96	4.3384	
1191	1	12.02	12.02	4.1796	
1192	1	12.02	12.02	4.1996	
1193	1	12	12	4.18	
1194	1	11.96	11.96	4.2584	
1195	1	12.02	12.02	4.1396	
1196	1	12.02	12.02	4.1396	
1197	1	12.06	12.06	4.2364	
1198	1	11.99	11.99	4.3299	
1199	1	12	12	4.28	
1200	1	12.01	12.01	4.3299	
1201	1	12.1	12.1	4.19	
1202	1	12.12	12.12	4.2456	
1203	1	12.04	12.04	4.2584	
1204	1	12.08	12.08	4.2336	
1205	1	12.09	12.09	4.1419	
1206	1	12.09	12.09	4.1419	
1207	1	12.09	12.09	4.1819	
1208	1	12.09	12.09	4.1819	
1209	1	12.06	12.06	4.3164	
1210	1	12.16	12.16	4.2344	
1211	1	12.19	12.19	4.1939	
1212	1	12.14	12.14	4.1004	
1213	1	12.19	12.19	4.0139	
1214	1	12.17	12.17	4.0611	
1215	1	12.15	12.15	4.0275	
1216	1	12.22	12.22	3.9516	
1217	1	12.23	12.23	4.0171	
1218	1	12.21	12.21	4.0659	
1219	1	12.22	12.22	4.0516	
1220	1	12.24	12.24	4.1024	
1221	1	12.31	12.31	3.9939	
1222	1	12.3	12.3	3.91	
1223	1	12.33	12.33	3.9811	
1224	1	12.32	12.32	4.0776	
1225	1	12.33	12.33	3.9811	
1226	1	12.35	12.35	3.9475	
1227	1	12.34	12.34	4.0244	
1228	1	12.36	12.36	3.9704	
1229	1	12.33	12.33	4.0811	
1230	1	12.4	12.4	3.92	
1231	1	12.37	12.37	4.0331	
1232	1	12.4	12.4	3.96	
1233	1	12.44	12.44	3.9264	
1234	1	12.44	12.44	4.0864	
1235	1	12.48	12.48	4.0496	
1236	1	12.5	12.5	4.09	
1237	1	12.48	12.48	4.1696	
1238	1	12.5	12.5	4.09	
1239	1	12.53	12.53	4.1091	
1240	1	12.49	12.49	4.1699	
1241	1	12.48	12.48	4.1696	
1242	1	12.53	12.53	3.9691	
1243	1	12.52	12.52	4.0096	
1244	1	12.52	12.52	4.0096	
1245	1	12.52	12.52	4.0096	
1246	1	12.52	12.52	4.0496	
1247	1	12.61	12.61	3.9179	
1248	1	12.57	12.57	3.9451	
1249	1	12.57	12.57	3.8851	
1250	1	12.6	12.6	3.82	
1251	1	12.59	12.59	3.8619	
1252	1	12.6	12.6	3.82	
1253	1	12.63	12.63	3.8331	
1254	1	12.62	12.62	3.7556	
1255	1	12.61	12.61	3.9579	
1256	1	12.6	12.6	4.06	
1257	1	12.7	12.7	3.93	
1258	1	12.74	12.74	3.9524	
1259	1	12.71	12.71	3.9459	
1260	1	12.69	12.69	4.0139	
1261	1	12.68	12.68	4.0576	
1262	1	12.72	12.72	4.0416	
1263	1	12.73	12.73	3.9771	
1264	1	12.77	12.77	4.0371	
1265	1	12.76	12.76	4.0824	
1266	1	12.79	12.79	3.9659	
1267	1	12.77	12.77	3.9971	
1268	1	12.78	12.78	4.1916	
1269	1	12.78	12.78	4.0916	
1270	1	12.76	12.76	4.1024	
1271	1	12.78	12.78	4.1116	
1272	1	12.83	12.83	4.0411	
1273	1	12.81	12.81	3.9739	
1274	1	12.78	12.78	4.0716	
1275	1	12.82	12.82	3.9276	
1276	1	12.83	12.83	3.9011	
1277	1	12.9	12.9	4.03	
1278	1	12.88	12.88	4.0656	
1279	1	12.9	12.9	4.03	
1280	1	12.9	12.9	4.09	
1281	1	12.96	12.96	3.8984	
1282	1	12.92	12.92	4.0736	
1283	1	13	13	4.02	
1284	1	13	13	4.18	
1285	1	13.06	13.06	4.0964	
1286	1	13.04	13.04	4.1984	
1287	1	13.05	13.05	4.2675	
1288	1	13.1	13.1	4.21	
1289	1	13.1	13.1	4.27	
1290	1	13.05	13.05	4.2875	
1291	1	13.08	13.08	4.3536	
1292	1	13.13	13.13	4.2131	
1293	1	13.07	13.07	4.3451	
1294	1	13.12	13.12	4.1656	
1295	1	13.1	13.1	4.31	
1296	1	13.16	13.16	4.2144	
1297	1	13.13	13.13	4.3531	
1298	1	13.14	13.14	4.4204	
1299	1	13.2	13.2	4.28	
1300	1	13.18	13.18	4.3276	
1301	1	13.15	13.15	4.2875	
1302	1	13.19	13.19	4.3739	
1303	1	13.19	13.19	4.2939	
1304	1	13.17	13.17	4.2811	
1305	1	13.2	13.2	4.2	
1306	1	13.18	13.18	4.3276	
1307	1	13.19	13.19	4.3339	
1308	1	13.24	13.24	4.4024	
1309	1	13.28	13.28	4.5016	
1310	1	13.28	13.28	4.6416	
1311	1	13.26	13.26	4.5724	
1312	1	13.29	13.29	4.5259	
1313	1	13.26	13.26	4.6724	
1314	1	13.34	13.34	4.5244	
1315	1	13.34	13.34	4.7644	
1316	1	13.39	13.39	4.5779	
1317	1	13.4	13.4	4.68	
1318	1	13.38	13.38	4.6756	
1319	1	13.45	13.45	4.6275	
1320	1	13.42	13.42	4.6236	
1321	1	13.42	13.42	4.6636	
1322	1	13.49	13.49	4.5499	
1323	1	13.5	13.5	4.53	
1324	1	13.52	13.52	4.5696	
1325	1	13.59	13.59	4.6019	
1326	1	13.49	13.49	4.4699	
1327	1	13.55	13.55	4.4075	
1328	1	13.53	13.53	4.4091	
1329	1	13.51	13.51	4.4299	
1330	1	13.56	13.56	4.4864	
1331	1	13.5	13.5	4.55	
1332	1	13.48	13.48	4.7296	
1333	1	13.6	13.6	4.52	
1334	1	13.61	13.61	4.4779	
1335	1	13.52	13.52	4.6096	
1336	1	13.57	13.57	4.4651	
1337	1	13.61	13.61	4.4179	
1338	1	13.55	13.55	4.5275	
1339	1	13.6	13.6	4.34	
1340	1	13.59	13.59	4.4819	
1341	1	13.65	13.65	4.3675	
1342	1	13.68	13.68	4.3776	
1343	1	13.62	13.62	4.4356	
1344	1	13.66	13.66	4.3844	
1345	1	13.68	13.68	4.4776	
1346	1	13.72	13.72	4.4616	
1347	1	13.69	13.69	4.6539	
1348	1	13.71	13.71	4.6859	
1349	1	13.66	13.66	4.9044	
1350	1	13.74	13.74	4.6724	
1351	1	13.73	13.73	4.8371	
1352	1	13.74	13.74	4.8724	
1353	1	13.78	13.78	4.5916	
1354	1	13.81	13.81	4.6139	
1355	1	13.79	13.79	4.7259	
1356	1	13.85	13.85	4.5875	
1357	1	13.81	13.81	4.6539	
1358	1	13.88	13.88	4.5456	
1359	1	13.88	13.88	4.4656	
1360	1	13.87	13.87	4.5131	
1361	1	13.93	13.93	4.5851	
1362	1	13.93	13.93	4.4851	
1363	1	13.91	13.91	4.4219	
1364	1	13.93	13.93	4.4251	
1365	1	13.9	13.9	4.51	
1366	1	14.02	14.02	4.6796	
1367	1	13.95	13.95	4.6675	
1368	1	14	14	4.56	
1369	1	13.98	13.98	4.6796	
1370	1	13.98	13.98	4.6596	
1371	1	14.08	14.08	4.6936	
1372	1	14.05	14.05	4.5675	
1373	1	13.94	13.94	4.9164	
1374	1	14	14	4.6	
1375	1	14.01	14.01	4.5499	
1376	1	14.02	14.02	4.4996	
1377	1	14.11	14.11	4.5579	
1378	1	14.1	14.1	4.69	
1379	1	14.08	14.08	4.6336	
1380	1	14.07	14.07	4.6451	
1381	1	14.11	14.11	4.5779	
1382	1	14.11	14.11	4.6579	
1383	1	14.1	14.1	4.73	
1384	1	14.13	14.13	4.5531	
1385	1	14.12	14.12	4.6856	
1386	1	14.13	14.13	4.6531	
1387	1	14.18	14.18	4.5676	
1388	1	14.19	14.19	4.6739	
1389	1	14.2	14.2	4.7	
1390	1	14.2	14.2	4.82	
1391	1	14.22	14.22	4.5916	
1392	1	14.24	14.24	4.5424	
1393	1	14.25	14.25	4.5875	
1394	1	14.25	14.25	4.6875	
1395	1	14.27	14.27	4.8171	
1396	1	14.33	14.33	4.7211	
1397	1	14.27	14.27	4.9171	
1398	1	14.31	14.31	4.8139	
1399	1	14.32	14.32	4.8776	
1400	1	14.36	14.36	4.7704	
1401	1	14.34	14.34	4.8444	
1402	1	14.41	14.41	4.8019	
1403	1	14.35	14.35	5.1475	
1404	1	14.35	14.35	5.0875	
1405	1	14.37	14.37	5.2331	
1406	1	14.4	14.4	5.14	
1407	1	14.45	14.45	5.2075	
1408	1	14.46	14.46	4.9684	
1409	1	14.37	14.37	5.3331	
1410	1	14.42	14.42	5.2836	
1411	1	14.45	14.45	5.0475	
1412	1	14.51	14.51	5.0099	
1413	1	14.48	14.48	5.1896	
1414	1	14.48	14.48	5.1896	
1415	1	14.52	14.52	5.1696	
1416	1	14.5	14.5	5.01	
1417	1	14.47	14.47	5.0691	
1418	1	14.44	14.44	5.3264	
1419	1	14.55	14.55	5.1275	
1420	1	14.54	14.54	5.0284	
1421	1	14.5	14.5	5.03	
1422	1	14.52	14.52	5.0496	
1423	1	14.49	14.49	5.2299	
1424	1	14.58	14.58	5.2236	
1425	1	14.53	14.53	5.0091	
1426	1	14.59	14.59	5.1019	
1427	1	14.5	14.5	4.93	
1428	1	14.55	14.55	4.8075	
1429	1	14.54	14.54	4.8084	
1430	1	14.55	14.55	4.8075	
1431	1	14.51	14.51	5.0699	
1432	1	14.61	14.61	4.8379	
1433	1	14.57	14.57	4.9051	
1434	1	14.62	14.62	4.7756	
1435	1	14.64	14.64	4.8104	
1436	1	14.63	14.63	4.8531	
1437	1	14.65	14.65	4.7275	
1438	1	14.58	14.58	5.1036	
1439	1	14.75	14.75	5.0075	
1440	1	14.69	14.69	4.8539	
1441	1	14.69	14.69	4.9339	
1442	1	14.69	14.69	4.7539	
1443	1	14.69	14.69	4.7739	
1444	1	14.71	14.71	4.7259	
1445	1	14.69	14.69	4.7739	
1446	1	14.71	14.71	4.8259	
1447	1	14.73	14.73	4.7371	
1448	1	14.7	14.7	4.93	
1449	1	14.76	14.76	4.7424	
1450	1	14.79	14.79	4.8459	
1451	1	14.75	14.75	4.8875	
1452	1	14.87	14.87	4.6931	
1453	1	14.88	14.88	4.6656	
1454	1	14.83	14.83	4.8211	
1455	1	14.84	14.84	4.7344	
1456	1	14.83	14.83	4.9011	
1457	1	14.86	14.86	4.7004	
1458	1	14.86	14.86	4.7604	
1459	1	14.81	14.81	4.9539	
1460	1	14.86	14.86	4.6804	
1461	1	14.87	14.87	4.6931	
1462	1	14.95	14.95	4.7875	
1463	1	14.95	14.95	4.7475	
1464	1	14.96	14.96	4.7384	
1465	1	14.88	14.88	4.8856	
1466	1	14.91	14.91	4.6619	
1467	1	14.96	14.96	4.5184	
1468	1	14.94	14.94	4.5564	
1469	1	14.96	14.96	4.7184	
1470	1	14.97	14.97	4.5491	
1471	1	14.98	14.98	4.7196	
1472	1	14.97	14.97	4.9091	
1473	1	15.01	15.01	4.7499	
1474	1	14.97	14.97	4.7691	
1475	1	14.96	14.96	4.7384	
1476	1	14.98	14.98	4.5796	
1477	1	14.99	14.99	4.5699	
1478	1	14.92	14.92	4.8736	
1479	1	15.02	15.02	4.4596	
1480	1	14.98	14.98	4.5596	
1481	1	15.02	15.02	4.4796	
1482	1	15.02	15.02	4.4996	
1483	1	15	15	4.64	
1484	1	15.01	15.01	4.7099	
1485	1	14.98	14.98	4.7796	
1486	1	15.02	15.02	4.7796	
1487	1	15.08	15.08	4.5736	
1488	1	15.07	15.07	4.5251	
1489	1	15.1	15.1	4.61	
1490	1	15.13	15.13	4.6131	
1491	1	15.04	15.04	4.7184	
1492	1	15.11	15.11	4.5379	
1493	1	15.07	15.07	4.6451	
1494	1	15.08	15.08	4.6336	
1495	1	15.08	15.08	4.6336	
1496	1	15.16	15.16	4.6544	
1497	1	15.05	15.05	4.8275	
1498	1	15.13	15.13	4.4531	
1499	1	15.17	15.17	4.4011	
1500	1	15.15	15.15	4.3875	
1501	1	15.16	15.16	4.3944	
1502	1	15.15	15.15	4.4675	
1503	1	15.18	15.18	4.4676	
1504	1	15.2	15.2	4.52	
1505	1	15.17	15.17	4.5611	
1506	1	15.2	15.2	4.52	
1507	1	15.2	15.2	4.52	
1508	1	15.25	15.25	4.4475	
1509	1	15.26	15.26	4.3924	
1510	1	15.26	15.26	4.4124	
1511	1	15.28	15.28	4.4816	
1512	1	15.33	15.33	4.4811	
1513	1	15.31	15.31	4.3139	
1514	1	15.32	15.32	4.2976	
1515	1	15.26	15.26	4.5524	
1516	1	15.28	15.28	4.4216	
1517	1	15.33	15.33	4.4411	
1518	1	15.36	15.36	4.2304	
1519	1	15.34	15.34	4.3644	
1520	1	15.4	15.4	4.32	
1521	1	15.4	15.4	4.32	
1522	1	15.34	15.34	4.2044	
1523	1	15.35	15.35	4.1675	
1524	1	15.36	15.36	4.0704	
1525	1	15.39	15.39	4.0179	
1526	1	15.42	15.42	4.2036	
1527	1	15.44	15.44	3.9264	
1528	1	15.43	15.43	3.9251	
1529	1	15.48	15.48	3.9696	
1530	1	15.41	15.41	4.0219	
1531	1	15.45	15.45	3.8275	
1532	1	15.47	15.47	4.0091	
1533	1	15.45	15.45	4.0275	
1534	1	15.44	15.44	4.1664	
1535	1	15.52	15.52	3.9296	
1536	1	15.51	15.51	3.8299	
1537	1	15.58	15.58	3.8436	
1538	1	15.61	15.61	3.9579	
1539	1	15.59	15.59	4.0019	
1540	1	15.59	15.59	4.0019	
1541	1	15.59	15.59	4.0819	
1542	1	15.64	15.64	3.9904	
1543	1	15.62	15.62	3.9556	
1544	1	15.66	15.66	4.0244	
1545	1	15.65	15.65	3.9675	
1546	1	15.65	15.65	4.1475	
1547	1	15.64	15.64	4.0904	
1548	1	15.7	15.7	3.97	
1549	1	15.69	15.69	3.9939	
1550	1	15.76	15.76	4.1024	
1551	1	15.69	15.69	3.9939	
1552	1	15.69	15.69	4.0139	
1553	1	15.68	15.68	4.0376	
1554	1	15.69	15.69	4.0739	
1555	1	15.73	15.73	4.2371	
1556	1	15.73	15.73	4.0571	
1557	1	15.82	15.82	3.8476	
1558	1	15.82	15.82	3.9676	
1559	1	15.79	15.79	3.9459	
1560	1	15.82	15.82	4.0476	
1561	1	15.87	15.87	3.9931	
1562	1	15.92	15.92	4.0536	
1563	1	15.85	15.85	3.9675	
1564	1	15.92	15.92	3.8536	
1565	1	15.87	15.87	4.0331	
1566	1	15.96	15.96	4.0384	
1567	1	15.89	15.89	4.1979	
1568	1	15.94	15.94	4.0164	
1569	1	15.92	15.92	4.1736	
1570	1	16.01	16.01	4.2699	
1571	1	15.95	15.95	4.3275	
1572	1	16.01	16.01	4.1899	
1573	1	16.04	16.04	4.1984	
1574	1	16	16	4.14	
1575	1	16	16	4.24	
1576	1	16.02	16.02	4.2796	
1577	1	16.03	16.03	4.3691	
1578	1	16.03	16.03	4.2891	
1579	1	16.05	16.05	4.3875	
1580	1	16.07	16.07	4.2051	
1581	1	16.1	16.1	4.19	
1582	1	16.05	16.05	4.2875	
1583	1	16.09	16.09	4.3619	
1584	1	16.11	16.11	4.2579	
1585	1	16.15	16.15	4.2075	
1586	1	16.13	16.13	4.2131	
1587	1	16.16	16.16	4.2144	
1588	1	16.1	16.1	4.35	
1589	1	16.15	16.15	4.4675	
1590	1	16.15	16.15	4.2875	
1591	1	16.18	16.18	4.3676	
1592	1	16.18	16.18	4.3676	
1593	1	16.21	16.21	4.3859	
1594	1	16.2	16.2	4.46	
1595	1	16.22	16.22	4.3716	
1596	1	16.27	16.27	4.5171	
1597	1	16.2	16.2	4.34	
1598	1	16.23	16.23	4.3571	
1599	1	16.22	16.22	4.5116	
1600	1	16.23	16.23	4.3371	
1601	1	16.27	16.27	4.4571	
1602	1	16.31	16.31	4.3339	
1603	1	16.27	16.27	4.3571	
1604	1	16.31	16.31	4.2939	
1605	1	16.28	16.28	4.5416	
1606	1	16.31	16.31	4.3339	
1607	1	16.3	16.3	4.59	
1608	1	16.32	16.32	4.3976	
1609	1	16.31	16.31	4.4539	
1610	1	16.39	16.39	4.3179	
1611	1	16.32	16.32	4.4776	
1612	1	16.33	16.33	4.4811	
1613	1	16.36	16.36	4.6704	
1614	1	16.45	16.45	4.5475	
1615	1	16.42	16.42	4.4236	
1616	1	16.49	16.49	4.6099	
1617	1	16.43	16.43	4.4251	
1618	1	16.4	16.4	4.46	
1619	1	16.39	16.39	4.4979	
1620	1	16.4	16.4	4.68	
1621	1	16.43	16.43	4.6251	
1622	1	16.41	16.41	4.7219	
1623	1	16.53	16.53	4.8291	
1624	1	16.49	16.49	4.5699	
1625	1	16.58	16.58	4.7836	
1626	1	16.55	16.55	4.7075	
1627	1	16.6	16.6	4.74	
1628	1	16.55	16.55	4.5875	
1629	1	16.58	16.58	4.5436	
1630	1	16.57	16.57	4.5251	
1631	1	16.62	16.62	4.5956	
1632	1	16.59	16.59	4.7019	
1633	1	16.59	16.59	4.6819	
1634	1	16.56	16.56	4.9664	
1635	1	16.61	16.61	4.8179	
1636	1	16.61	16.61	4.8179	
1637	1	16.62	16.62	4.7956	
1638	1	16.64	16.64	4.7104	
1639	1	16.68	16.68	4.6376	
1640	1	16.73	16.73	4.7371	
1641	1	16.74	16.74	4.7724	
1642	1	16.63	16.63	5.0531	
1643	1	16.73	16.73	4.7371	
1644	1	16.67	16.67	4.7411	
1645	1	16.71	16.71	4.7259	
1646	1	16.75	16.75	4.7875	
1647	1	16.78	16.78	4.7716	
1648	1	16.77	16.77	4.7571	
1649	1	16.8	16.8	4.8	
1650	1	16.72	16.72	4.9816	
1651	1	16.7	16.7	5.11	
1652	1	16.77	16.77	4.7571	
1653	1	16.72	16.72	4.9416	
1654	1	16.85	16.85	4.8275	
1655	1	16.79	16.79	4.7659	
1656	1	16.78	16.78	4.7116	
1657	1	16.76	16.76	4.9624	
1658	1	16.89	16.89	4.9379	
1659	1	16.88	16.88	4.9656	
1660	1	16.88	16.88	4.9456	
1661	1	16.84	16.84	4.9544	
1662	1	16.91	16.91	5.0619	
1663	1	16.84	16.84	5.0344	
1664	1	16.92	16.92	4.7536	
1665	1	16.94	16.94	4.7964	
1666	1	16.96	16.96	4.7984	
1667	1	16.9	16.9	4.71	
1668	1	16.95	16.95	4.6675	
1669	1	16.99	16.99	4.7899	
1670	1	16.93	16.93	4.7251	
1671	1	16.98	16.98	4.7596	
1672	1	16.88	16.88	4.9856	
1673	1	16.96	16.96	4.8984	
1674	1	16.98	16.98	4.7796	
1675	1	16.91	16.91	5.1219	
1676	1	17	17	4.8	
1677	1	16.99	16.99	4.8899	
1678	1	16.96	16.96	4.7384	
1679	1	16.88	16.88	5.3656	
1680	1	16.98	16.98	4.6996	
1681	1	16.96	16.96	4.7384	
1682	1	17.02	17.02	4.4796	
1683	1	16.97	16.97	4.7091	
1684	1	16.98	16.98	4.7796	
1685	1	17.04	17.04	4.5584	
1686	1	17.05	17.05	4.7075	
1687	1	17.07	17.07	4.6051	
1688	1	17.09	17.09	4.5619	
1689	1	17.11	17.11	4.6579	
1690	1	17.12	17.12	4.5856	
1691	1	17.1	17.1	4.63	
1692	1	17.16	17.16	4.6144	
1693	1	17.11	17.11	4.5779	
1694	1	17.17	17.17	4.5811	
1695	1	17.12	17.12	4.7256	
1696	1	17.11	17.11	4.7579	
1697	1	17.16	17.16	4.5944	
1698	1	17.15	17.15	4.6875	
1699	1	17.23	17.23	4.6971	
1700	1	17.23	17.23	4.5571	
1701	1	17.2	17.2	4.72	
1702	1	17.22	17.22	4.5716	
1703	1	17.22	17.22	4.6916	
1704	1	17.31	17.31	4.4939	
1705	1	17.24	17.24	4.6024	
1706	1	17.31	17.31	4.4739	
1707	1	17.29	17.29	4.5259	
1708	1	17.32	17.32	4.5976	
1709	1	17.26	17.26	4.7524	
1710	1	17.26	17.26	4.7524	
1711	1	17.31	17.31	4.5739	
1712	1	17.3	17.3	4.57	
1713	1	17.31	17.31	4.6339	
1714	1	17.3	17.3	4.61	
1715	1	17.32	17.32	4.6376	
1716	1	17.35	17.35	4.6675	
1717	1	17.38	17.38	4.7756	
1718	1	17.37	17.37	4.7931	
1719	1	17.37	17.37	4.9531	
1720	1	17.38	17.38	4.9756	
1721	1	17.42	17.42	4.9636	
1722	1	17.38	17.38	5.0556	
1723	1	17.47	17.47	4.9291	
1724	1	17.47	17.47	5.0091	
1725	1	17.44	17.44	4.9664	
1726	1	17.51	17.51	4.9099	
1727	1	17.52	17.52	5.0296	
1728	1	17.59	17.59	5.2219	
1729	1	17.45	17.45	5.2275	
1730	1	17.51	17.51	4.9899	
1731	1	17.48	17.48	5.1096	
1732	1	17.53	17.53	4.8691	
1733	1	17.63	17.63	4.9531	
1734	1	17.63	17.63	4.8731	
1735	1	17.59	17.59	4.7619	
1736	1	17.61	17.61	4.6979	
1737	1	17.6	17.6	4.78	
1738	1	17.68	17.68	4.7976	
1739	1	17.65	17.65	4.7675	
1740	1	17.65	17.65	4.6675	
1741	1	17.65	17.65	4.6675	
1742	1	17.69	17.69	4.5939	
1743	1	17.69	17.69	4.6739	
1744	1	17.71	17.71	4.6059	
1745	1	17.75	17.75	4.6275	
1746	1	17.8	17.8	4.66	
1747	1	17.83	17.83	4.7811	
1748	1	17.8	17.8	4.58	
1749	1	17.8	17.8	4.62	
1750	1	17.78	17.78	4.8516	
1751	1	17.8	17.8	4.58	
1752	1	17.82	17.82	4.5676	
1753	1	17.82	17.82	4.5676	
1754	1	17.81	17.81	4.5339	
1755	1	17.83	17.83	4.4811	
1756	1	17.79	17.79	4.6259	
1757	1	17.87	17.87	4.3731	
1758	1	17.94	17.94	4.7164	
1759	1	17.88	17.88	4.5056	
1760	1	17.84	17.84	4.4544	
1761	1	17.88	17.88	4.3856	
1762	1	17.85	17.85	4.4075	
1763	1	17.85	17.85	4.3875	
1764	1	17.9	17.9	4.37	
1765	1	17.88	17.88	4.3856	
1766	1	17.87	17.87	4.3931	
1767	1	17.88	17.88	4.4056	
1768	1	17.9	17.9	4.41	
1769	1	17.88	17.88	4.5256	
1770	1	17.89	17.89	4.5179	
1771	1	17.93	17.93	4.3851	
1772	1	17.94	17.94	4.4164	
1773	1	17.92	17.92	4.4536	
1774	1	17.97	17.97	4.4291	
1775	1	18.01	18.01	4.5299	
1776	1	17.97	17.97	4.5491	
1777	1	18.03	18.03	4.4291	
1778	1	17.99	17.99	4.5899	
1779	1	18.05	18.05	4.4275	
1780	1	18.02	18.02	4.5596	
1781	1	18.06	18.06	4.5364	
1782	1	18.12	18.12	4.4656	
1783	1	18.1	18.1	4.75	
1784	1	18.11	18.11	4.4379	
1785	1	18.1	18.1	4.43	
1786	1	18.1	18.1	4.47	
1787	1	18.06	18.06	4.6564	
1788	1	18.17	18.17	4.5611	
1789	1	18.15	18.15	4.3475	
1790	1	18.14	18.14	4.3404	
1791	1	18.14	18.14	4.3404	
1792	1	18.13	18.13	4.5931	
1793	1	18.16	18.16	4.6144	
1794	1	18.17	18.17	4.7211	
1795	1	18.23	18.23	4.5771	
1796	1	18.26	18.26	4.5324	
1797	1	18.23	18.23	4.5371	
1798	1	18.24	18.24	4.5224	
1799	1	18.3	18.3	4.45	
1800	1	18.29	18.29	4.5459	
1801	1	18.29	18.29	4.5259	
1802	1	18.33	18.33	4.6811	
1803	1	18.3	18.3	4.49	
1804	1	18.29	18.29	4.4259	
1805	1	18.29	18.29	4.4259	
1806	1	18.29	18.29	4.6459	
1807	1	18.33	18.33	4.4611	
1808	1	18.4	18.4	4.52	
1809	1	18.38	18.38	4.5156	
1810	1	18.35	18.35	4.4875	
1811	1	18.43	18.43	4.6251	
1812	1	18.39	18.39	4.4579	
1813	1	18.37	18.37	4.3931	
1814	1	18.38	18.38	4.4356	
1815	1	18.37	18.37	4.4131	
1816	1	18.4	18.4	4.38	
1817	1	18.37	18.37	4.4331	
1818	1	18.36	18.36	4.6104	
1819	1	18.42	18.42	4.4036	
1820	1	18.44	18.44	4.4464	
1821	1	18.42	18.42	4.4636	
1822	1	18.41	18.41	4.6819	
1823	1	18.47	18.47	4.3891	
1824	1	18.47	18.47	4.3691	
1825	1	18.48	18.48	4.3496	
1826	1	18.51	18.51	4.3699	
1827	1	18.5	18.5	4.47	
1828	1	18.59	18.59	4.4019	
1829	1	18.53	18.53	4.2891	
1830	1	18.52	18.52	4.3296	
1831	1	18.57	18.57	4.2851	
1832	1	18.5	18.5	4.55	
1833	1	18.5	18.5	4.55	
1834	1	18.59	18.59	4.2419	
1835	1	18.53	18.53	4.3691	
1836	1	18.57	18.57	4.3051	
1837	1	18.55	18.55	4.4475	
1838	1	18.6	18.6	4.24	
1839	1	18.6	18.6	4.18	
1840	1	18.62	18.62	4.3156	
1841	1	18.72	18.72	4.2816	
1842	1	18.66	18.66	4.0644	
1843	1	18.68	18.68	4.0776	
1844	1	18.67	18.67	4.0811	
1845	1	18.69	18.69	3.9939	
1846	1	18.67	18.67	4.0611	
1847	1	18.69	18.69	4.3139	
1848	1	18.73	18.73	4.2171	
1849	1	18.81	18.81	4.2339	
1850	1	18.75	18.75	4.1675	
1851	1	18.77	18.77	4.1171	
1852	1	18.77	18.77	4.1771	
1853	1	18.81	18.81	4.0139	
1854	1	18.82	18.82	3.8876	
1855	1	18.81	18.81	4.2139	
1856	1	18.81	18.81	3.9739	
1857	1	18.82	18.82	3.9676	
1858	1	18.85	18.85	4.0275	
1859	1	18.87	18.87	3.9931	
1860	1	18.9	18.9	4.19	
1861	1	18.87	18.87	3.9731	
1862	1	18.88	18.88	4.0856	
1863	1	18.93	18.93	4.0051	
1864	1	18.95	18.95	4.0675	
1865	1	18.88	18.88	4.3256	
1866	1	18.91	18.91	4.2019	
1867	1	18.96	18.96	4.4184	
1868	1	18.94	18.94	4.1364	
1869	1	18.97	18.97	4.1691	
1870	1	18.97	18.97	4.0691	
1871	1	18.98	18.98	4.0796	
1872	1	19	19	4.34	
1873	1	19.04	19.04	4.1384	
1874	1	19.02	19.02	4.1796	
1875	1	19	19	4.3	
1876	1	19.04	19.04	4.1784	
1877	1	19.05	19.05	4.0675	
1878	1	19	19	4.26	
1879	1	19.11	19.11	4.1779	
1880	1	19.09	19.09	4.1019	
1881	1	19.09	19.09	4.1019	
1882	1	19.06	19.06	4.1564	
1883	1	19.12	19.12	4.1456	
1884	1	19.11	19.11	4.1579	
1885	1	19.15	19.15	4.1475	
1886	1	19.08	19.08	4.3736	
1887	1	19.16	19.16	4.2144	
1888	1	19.12	19.12	4.2656	
1889	1	19.14	19.14	4.2204	
1890	1	19.16	19.16	4.2344	
1891	1	19.16	19.16	4.1744	
1892	1	19.18	19.18	4.1476	
1893	1	19.24	19.24	4.3824	
1894	1	19.21	19.21	4.1859	
1895	1	19.17	19.17	4.2411	
1896	1	19.2	19.2	4.1	
1897	1	19.2	19.2	4.1	
1898	1	19.19	19.19	4.1339	
1899	1	19.23	19.23	4.0971	
1900	1	19.21	19.21	4.1059	
1901	1	19.23	19.23	4.1771	
1902	1	19.22	19.22	4.1316	
1903	1	19.24	19.24	4.1024	
1904	1	19.2	19.2	4.18	
1905	1	19.25	19.25	4.2075	
1906	1	19.31	19.31	4.1939	
1907	1	19.27	19.27	4.1571	
1908	1	19.27	19.27	4.1571	
1909	1	19.23	19.23	4.2571	
1910	1	19.31	19.31	4.2539	
1911	1	19.32	19.32	4.2176	
1912	1	19.29	19.29	4.2259	
1913	1	19.3	19.3	4.43	
1914	1	19.34	19.34	4.3244	
1915	1	19.3	19.3	4.15	
1916	1	19.33	19.33	4.1211	
1917	1	19.34	19.34	4.0644	
1918	1	19.34	19.34	4.3044	
1919	1	19.32	19.32	4.4176	
1920	1	19.36	19.36	4.1104	
1921	1	19.29	19.29	4.3459	
1922	1	19.3	19.3	4.45	
1923	1	19.35	19.35	4.2675	
1924	1	19.34	19.34	4.5244	
1925	1	19.38	19.38	4.2156	
1926	1	19.33	19.33	4.3611	
1927	1	19.39	19.39	4.2179	
1928	1	19.36	19.36	4.3104	
1929	1	19.37	19.37	4.2531	
1930	1	19.34	19.34	4.6444	
1931	1	19.39	19.39	4.3579	
1932	1	19.42	19.42	4.5236	
1933	1	19.46	19.46	4.4084	
1934	1	19.46	19.46	4.2084	
1935	1	19.44	19.44	4.2264	
1936	1	19.42	19.42	4.2236	
1937	1	19.5	19.5	4.07	
1938	1	19.43	19.43	4.1851	
1939	1	19.48	19.48	4.0696	
1940	1	19.53	19.53	4.2091	
1941	1	19.54	19.54	4.1484	
1942	1	19.51	19.51	4.3099	
1943	1	19.59	19.59	4.2419	
1944	1	19.58	19.58	4.1236	
1945	1	19.61	19.61	4.3179	
1946	1	19.57	19.57	4.2051	
1947	1	19.55	19.55	4.2675	
1948	1	19.56	19.56	4.2264	
1949	1	19.6	19.6	4.26	
1950	1	19.63	19.63	4.1931	
1951	1	19.63	19.63	4.1731	
1952	1	19.56	19.56	4.2264	
1953	1	19.62	19.62	4.2756	
1954	1	19.58	19.58	4.1636	
1955	1	19.59	19.59	4.4019	
1956	1	19.66	19.66	4.2244	
1957	1	19.63	19.63	4.1931	
1958	1	19.63	19.63	4.3131	
1959	1	19.57	19.57	4.4651	
1960	1	19.66	19.66	4.2244	
1961	1	19.66	19.66	4.2844	
1962	1	19.68	19.68	4.2176	
1963	1	19.67	19.67	4.2411	
1964	1	19.63	19.63	4.3731	
1965	1	19.68	19.68	4.2376	
1966	1	19.71	19.71	4.4659	
1967	1	19.75	19.75	4.4075	
1968	1	19.69	19.69	4.4939	
1969	1	19.71	19.71	4.4859	
1970	1	19.76	19.76	4.5024	
1971	1	19.73	19.73	4.5771	
1972	1	19.81	19.81	4.5739	
1973	1	19.76	19.76	4.4224	
1974	1	19.72	19.72	4.5216	
1975	1	19.75	19.75	4.4475	
1976	1	19.78	19.78	4.3916	
1977	1	19.77	19.77	4.3771	
1978	1	19.8	19.8	4.38	
1979	1	19.78	19.78	4.4516	
1980	1	19.81	19.81	4.4939	
1981	1	19.78	19.78	4.5116	
1982	1	19.8	19.8	4.48	
1983	1	19.77	19.77	4.5171	
1984	1	19.84	19.84	4.4544	
1985	1	19.79	19.79	4.5459	
1986	1	19.83	19.83	4.6411	
1987	1	19.83	19.83	4.4611	
1988	1	19.85	19.85	4.5875	
1989	1	19.86	19.86	4.5204	
1990	1	19.93	19.93	4.3051	
1991	1	19.89	19.89	4.3579	
1992	1	19.89	19.89	4.3179	
1993	1	19.95	19.95	4.2675	
1994	1	19.94	19.94	4.2164	
1995	1	19.97	19.97	4.2691	
1996	1	19.99	19.99	4.2699	
1997	1	19.89	19.89	4.4579	
1998	1	19.99	19.99	4.2699	
1999	1	19.93	19.93	4.3051	
2000	1	19.95	19.95	4.1675	
