# mu = 0.1, s = -0.01, trials requested = 1, runtime = 0:00:01
# "Time"	"Actual trials"	"Mean mutation"	"Average mean mutation"	"Average mutation variance"
0	1	0	0	0	
1	1	0	0	0	
2	1	0.01	0.01	0.0099	
3	1	0.03	0.03	0.0291	
4	1	0.03	0.03	0.0291	
5	1	0.04	0.04	0.0384	
6	1	0.05	0.05	0.0475	
7	1	0.06	0.06	0.0564	
8	1	0.08	0.08	0.0736	
9	1	0.08	0.08	0.0736	
10	1	0.1	0.1	0.09	
11	1	0.11	0.11	0.0979	
12	1	0.12	0.12	0.1256	
13	1	0.11	0.11	0.1179	
14	1	0.11	0.11	0.1179	
15	1	0.14	0.14	0.1604	
16	1	0.16	0.16	0.1744	
17	1	0.17	0.17	0.1811	
18	1	0.18	0.18	0.1876	
19	1	0.18	0.18	0.1876	
20	1	0.2	0.2	0.2	
21	1	0.21	0.21	0.2059	
22	1	0.21	0.21	0.2059	
23	1	0.23	0.23	0.2171	
24	1	0.24	0.24	0.2424	
25	1	0.24	0.24	0.2424	
26	1	0.26	0.26	0.2524	
27	1	0.28	0.28	0.2616	
28	1	0.3	0.3	0.29	
29	1	0.31	0.31	0.2939	
30	1	0.31	0.31	0.3139	
31	1	0.31	0.31	0.3139	
32	1	0.34	0.34	0.3244	
33	1	0.35	0.35	0.3275	
34	1	0.35	0.35	0.3275	
35	1	0.35	0.35	0.3275	
36	1	0.36	0.36	0.3504	
37	1	0.37	0.37	0.3531	
38	1	0.39	0.39	0.3779	
39	1	0.39	0.39	0.3779	
40	1	0.39	0.39	0.3779	
41	1	0.41	0.41	0.4219	
42	1	0.44	0.44	0.4264	
43	1	0.43	0.43	0.4251	
44	1	0.45	0.45	0.4475	
45	1	0.45	0.45	0.4475	
46	1	0.49	0.49	0.4899	
47	1	0.51	0.51	0.5299	
48	1	0.54	0.54	0.5484	
49	1	0.55	0.55	0.5475	
50	1	0.55	0.55	0.5475	
51	1	0.52	0.52	0.5296	
52	1	0.54	0.54	0.5284	
53	1	0.55	0.55	0.5275	
54	1	0.56	0.56	0.5264	
55	1	0.59	0.59	0.5419	
56	1	0.61	0.61	0.5379	
57	1	0.63	0.63	0.5531	
58	1	0.63	0.63	0.5931	
59	1	0.63	0.63	0.5931	
60	1	0.65	0.65	0.5875	
61	1	0.65	0.65	0.5875	
62	1	0.66	0.66	0.6244	
63	1	0.67	0.67	0.6211	
64	1	0.68	0.68	0.6176	
65	1	0.69	0.69	0.6139	
66	1	0.72	0.72	0.6216	
67	1	0.72	0.72	0.6216	
68	1	0.71	0.71	0.6259	
69	1	0.71	0.71	0.6259	
70	1	0.74	0.74	0.6724	
71	1	0.77	0.77	0.6571	
72	1	0.78	0.78	0.6916	
73	1	0.79	0.79	0.7059	
74	1	0.8	0.8	0.7	
75	1	0.81	0.81	0.6939	
76	1	0.82	0.82	0.7076	
77	1	0.82	0.82	0.7076	
78	1	0.82	0.82	0.7276	
79	1	0.83	0.83	0.7211	
80	1	0.86	0.86	0.7604	
81	1	0.84	0.84	0.7144	
82	1	0.87	0.87	0.7731	
83	1	0.9	0.9	0.79	
84	1	0.91	0.91	0.8419	
85	1	0.93	0.93	0.8851	
86	1	0.94	0.94	0.8764	
87	1	0.91	0.91	0.8419	
88	1	0.92	0.92	0.8536	
89	1	0.92	0.92	0.8536	
90	1	0.92	0.92	0.8736	
91	1	0.94	0.94	0.8964	
92	1	0.97	0.97	0.9091	
93	1	1.02	1.02	0.9396	
94	1	1.03	1.03	0.9691	
95	1	1.04	1.04	0.9784	
96	1	1.06	1.06	1.0564	
97	1	1.06	1.06	1.0964	
98	1	1.1	1.1	1.11	
99	1	1.15	1.15	1.1075	
100	1	1.15	1.15	1.0875	
101	1	1.15	1.15	1.0875	
102	1	1.16	1.16	1.1344	
103	1	1.18	1.18	1.1476	
104	1	1.18	1.18	1.1276	
105	1	1.21	1.21	1.1059	
106	1	1.22	1.22	1.1116	
107	1	1.23	1.23	1.1171	
108	1	1.25	1.25	1.1075	
109	1	1.29	1.29	1.1659	
110	1	1.29	1.29	1.1859	
111	1	1.28	1.28	1.1816	
112	1	1.27	1.27	1.1771	
113	1	1.28	1.28	1.1816	
114	1	1.31	1.31	1.2339	
115	1	1.33	1.33	1.2411	
116	1	1.33	1.33	1.2411	
117	1	1.32	1.32	1.2776	
118	1	1.33	1.33	1.3411	
119	1	1.35	1.35	1.3275	
120	1	1.34	1.34	1.3444	
121	1	1.35	1.35	1.3275	
122	1	1.37	1.37	1.3131	
123	1	1.4	1.4	1.32	
124	1	1.38	1.38	1.2956	
125	1	1.39	1.39	1.3179	
126	1	1.38	1.38	1.3156	
127	1	1.4	1.4	1.36	
128	1	1.41	1.41	1.3419	
129	1	1.44	1.44	1.3664	
130	1	1.49	1.49	1.4299	
131	1	1.49	1.49	1.4299	
132	1	1.48	1.48	1.4496	
133	1	1.51	1.51	1.4899	
134	1	1.55	1.55	1.5075	
135	1	1.56	1.56	1.5064	
136	1	1.55	1.55	1.5075	
137	1	1.57	1.57	1.4851	
138	1	1.6	1.6	1.54	
139	1	1.6	1.6	1.58	
140	1	1.61	1.61	1.5779	
141	1	1.62	1.62	1.5756	
142	1	1.66	1.66	1.6244	
143	1	1.7	1.7	1.65	
144	1	1.67	1.67	1.6211	
145	1	1.65	1.65	1.6475	
146	1	1.65	1.65	1.6475	
147	1	1.66	1.66	1.6244	
148	1	1.68	1.68	1.5976	
149	1	1.7	1.7	1.59	
150	1	1.7	1.7	1.59	
151	1	1.69	1.69	1.5939	
152	1	1.71	1.71	1.5659	
153	1	1.72	1.72	1.5816	
154	1	1.74	1.74	1.5524	
155	1	1.74	1.74	1.5524	
156	1	1.76	1.76	1.6224	
157	1	1.75	1.75	1.6675	
158	1	1.76	1.76	1.6824	
159	1	1.78	1.78	1.6516	
160	1	1.79	1.79	1.6459	
161	1	1.82	1.82	1.6276	
162	1	1.82	1.82	1.6276	
163	1	1.87	1.87	1.6531	
164	1	1.85	1.85	1.6075	
165	1	1.83	1.83	1.6411	
166	1	1.87	1.87	1.6531	
167	1	1.88	1.88	1.6456	
168	1	1.89	1.89	1.6579	
169	1	1.89	1.89	1.7179	
170	1	1.89	1.89	1.7179	
171	1	1.89	1.89	1.7179	
172	1	1.89	1.89	1.7779	
173	1	1.86	1.86	1.8404	
174	1	1.86	1.86	1.8404	
175	1	1.9	1.9	1.85	
176	1	1.9	1.9	1.85	
177	1	1.94	1.94	1.9364	
178	1	1.96	1.96	1.8984	
179	1	1.94	1.94	1.9364	
180	1	1.97	1.97	1.9091	
181	1	1.98	1.98	1.9196	
182	1	2.01	2.01	1.9299	
183	1	2.02	2.02	1.9596	
184	1	2.02	2.02	1.9596	
185	1	2.01	2.01	1.9899	
186	1	2.04	2.04	1.9384	
187	1	2.05	2.05	1.9475	
188	1	2.05	2.05	1.9475	
189	1	2.05	2.05	1.9475	
190	1	2.04	2.04	1.9984	
191	1	2.08	2.08	2.0736	
192	1	2.09	2.09	2.0819	
193	1	2.07	2.07	2.0451	
194	1	2.07	2.07	2.0451	
195	1	2.05	2.05	2.0275	
196	1	2.1	2.1	2.07	
197	1	2.05	2.05	2.0275	
198	1	2.08	2.08	1.9736	
199	1	2.07	2.07	1.9851	
200	1	2.09	2.09	2.0219	
201	1	2.12	2.12	2.0456	
202	1	2.1	2.1	2.05	
203	1	2.11	2.11	2.0179	
204	1	2.23	2.23	2.3771	
205	1	2.2	2.2	2.24	
206	1	2.21	2.21	2.2459	
207	1	2.23	2.23	2.2971	
208	1	2.22	2.22	2.4116	
209	1	2.26	2.26	2.4524	
210	1	2.29	2.29	2.3859	
211	1	2.3	2.3	2.39	
212	1	2.31	2.31	2.4139	
213	1	2.31	2.31	2.4139	
214	1	2.31	2.31	2.4139	
215	1	2.32	2.32	2.4576	
216	1	2.3	2.3	2.37	
217	1	2.31	2.31	2.3539	
218	1	2.31	2.31	2.3539	
219	1	2.31	2.31	2.3539	
220	1	2.31	2.31	2.3539	
221	1	2.31	2.31	2.3539	
222	1	2.31	2.31	2.3939	
223	1	2.32	2.32	2.4576	
224	1	2.34	2.34	2.4244	
225	1	2.35	2.35	2.4075	
226	1	2.34	2.34	2.4244	
227	1	2.34	2.34	2.4244	
228	1	2.34	2.34	2.4244	
229	1	2.36	2.36	2.3904	
230	1	2.36	2.36	2.3904	
231	1	2.39	2.39	2.4579	
232	1	2.39	2.39	2.4379	
233	1	2.41	2.41	2.4419	
234	1	2.39	2.39	2.5179	
235	1	2.42	2.42	2.4636	
236	1	2.4	2.4	2.48	
237	1	2.43	2.43	2.4651	
238	1	2.46	2.46	2.4684	
239	1	2.45	2.45	2.4675	
240	1	2.46	2.46	2.4484	
241	1	2.45	2.45	2.4675	
242	1	2.53	2.53	2.5091	
243	1	2.5	2.5	2.55	
244	1	2.55	2.55	2.5475	
245	1	2.51	2.51	2.5899	
246	1	2.55	2.55	2.5875	
247	1	2.53	2.53	2.5091	
248	1	2.55	2.55	2.5875	
249	1	2.57	2.57	2.6051	
250	1	2.56	2.56	2.5864	
251	1	2.54	2.54	2.6484	
252	1	2.58	2.58	2.6036	
253	1	2.58	2.58	2.6036	
254	1	2.6	2.6	2.58	
255	1	2.65	2.65	2.5075	
256	1	2.63	2.63	2.4931	
257	1	2.61	2.61	2.5579	
258	1	2.64	2.64	2.5904	
259	1	2.65	2.65	2.5675	
260	1	2.67	2.67	2.5811	
261	1	2.64	2.64	2.6504	
262	1	2.68	2.68	2.5976	
263	1	2.71	2.71	2.7059	
264	1	2.7	2.7	2.63	
265	1	2.71	2.71	2.6459	
266	1	2.74	2.74	2.7524	
267	1	2.69	2.69	2.6739	
268	1	2.7	2.7	2.75	
269	1	2.73	2.73	2.7371	
270	1	2.75	2.75	2.7475	
271	1	2.77	2.77	2.7371	
272	1	2.74	2.74	2.6924	
273	1	2.78	2.78	2.7716	
274	1	2.78	2.78	2.7716	
275	1	2.78	2.78	2.7716	
276	1	2.77	2.77	2.7171	
277	1	2.76	2.76	2.7224	
278	1	2.76	2.76	2.7224	
279	1	2.74	2.74	2.7924	
280	1	2.78	2.78	2.7316	
281	1	2.79	2.79	2.7259	
282	1	2.8	2.8	2.72	
283	1	2.79	2.79	2.7859	
284	1	2.85	2.85	2.8475	
285	1	2.85	2.85	2.8875	
286	1	2.84	2.84	2.9744	
287	1	2.88	2.88	2.9856	
288	1	2.88	2.88	2.9856	
289	1	2.91	2.91	3.0419	
290	1	2.9	2.9	3.01	
291	1	2.9	2.9	3.03	
292	1	2.93	2.93	3.0651	
293	1	2.94	2.94	3.1164	
294	1	2.91	2.91	3.1419	
295	1	2.98	2.98	3.1996	
296	1	2.94	2.94	3.1164	
297	1	2.96	2.96	3.1184	
298	1	2.95	2.95	3.1675	
299	1	3	3	3.14	
300	1	2.97	2.97	3.1091	
301	1	3	3	3.18	
302	1	3.03	3.03	3.1691	
303	1	2.99	2.99	3.2499	
304	1	2.99	2.99	3.2499	
305	1	3.03	3.03	3.3291	
306	1	2.98	2.98	3.2796	
307	1	3.04	3.04	3.2384	
308	1	3.02	3.02	3.3196	
309	1	3.06	3.06	3.2764	
310	1	3.04	3.04	3.3584	
311	1	3.1	3.1	3.35	
312	1	3.11	3.11	3.3379	
313	1	3.12	3.12	3.3256	
314	1	3.13	3.13	3.3331	
315	1	3.14	3.14	3.5204	
316	1	3.15	3.15	3.5675	
317	1	3.16	3.16	3.5744	
318	1	3.18	3.18	3.5676	
319	1	3.2	3.2	3.64	
320	1	3.2	3.2	3.62	
321	1	3.18	3.18	3.6676	
322	1	3.17	3.17	3.7211	
323	1	3.22	3.22	3.6116	
324	1	3.19	3.19	3.7739	
325	1	3.21	3.21	3.6859	
326	1	3.26	3.26	3.7324	
327	1	3.25	3.25	3.6275	
328	1	3.23	3.23	3.6371	
329	1	3.28	3.28	3.6216	
330	1	3.26	3.26	3.7324	
331	1	3.28	3.28	3.7016	
332	1	3.33	3.33	3.8211	
333	1	3.31	3.31	3.6939	
334	1	3.33	3.33	3.7811	
335	1	3.3	3.3	3.95	
336	1	3.43	3.43	3.9651	
337	1	3.41	3.41	3.8419	
338	1	3.45	3.45	4.0475	
339	1	3.37	3.37	3.8731	
340	1	3.4	3.4	3.88	
341	1	3.39	3.39	3.9379	
342	1	3.4	3.4	3.94	
343	1	3.41	3.41	3.9219	
344	1	3.43	3.43	3.9451	
345	1	3.45	3.45	3.9675	
346	1	3.41	3.41	4.0219	
347	1	3.46	3.46	3.9484	
348	1	3.48	3.48	3.8696	
349	1	3.48	3.48	3.8696	
350	1	3.49	3.49	3.8499	
351	1	3.5	3.5	3.85	
352	1	3.49	3.49	3.8899	
353	1	3.53	3.53	3.7891	
354	1	3.53	3.53	3.7891	
355	1	3.51	3.51	3.8899	
356	1	3.56	3.56	3.7464	
357	1	3.56	3.56	3.7264	
358	1	3.6	3.6	3.76	
359	1	3.57	3.57	3.7651	
360	1	3.61	3.61	3.7379	
361	1	3.6	3.6	3.74	
362	1	3.62	3.62	3.7156	
363	1	3.64	3.64	3.6904	
364	1	3.63	3.63	3.6931	
365	1	3.7	3.7	3.85	
366	1	3.67	3.67	3.7611	
367	1	3.66	3.66	3.7844	
368	1	3.7	3.7	3.71	
369	1	3.7	3.7	3.71	
370	1	3.7	3.7	3.73	
371	1	3.79	3.79	4.0059	
372	1	3.72	3.72	3.8216	
373	1	3.82	3.82	3.8276	
374	1	3.86	3.86	3.8604	
375	1	3.85	3.85	3.8275	
376	1	3.84	3.84	3.8344	
377	1	3.87	3.87	3.9531	
378	1	3.88	3.88	3.9856	
379	1	3.87	3.87	3.9531	
380	1	3.9	3.9	4.05	
381	1	3.95	3.95	4.4075	
382	1	3.92	3.92	4.0536	
383	1	3.89	3.89	4.0179	
384	1	3.94	3.94	4.0364	
385	1	3.98	3.98	4.2596	
386	1	4.02	4.02	4.4796	
387	1	3.97	3.97	4.3491	
388	1	4	4	4.46	
389	1	4.03	4.03	4.4491	
390	1	4.07	4.07	4.6851	
391	1	4.02	4.02	4.4396	
392	1	3.99	3.99	4.5899	
393	1	4.01	4.01	4.5499	
394	1	4.04	4.04	4.3984	
395	1	4.02	4.02	4.4796	
396	1	4.1	4.1	4.63	
397	1	4.07	4.07	4.4851	
398	1	4.05	4.05	4.5875	
399	1	4.02	4.02	4.3796	
400	1	4.05	4.05	4.2875	
401	1	4.05	4.05	4.2875	
402	1	4.07	4.07	4.3451	
403	1	4.12	4.12	4.6856	
404	1	4.04	4.04	4.3784	
405	1	4.06	4.06	4.4964	
406	1	4.11	4.11	4.4579	
407	1	4.12	4.12	4.4656	
408	1	4.12	4.12	4.4656	
409	1	4.14	4.14	4.6004	
410	1	4.13	4.13	4.5931	
411	1	4.12	4.12	4.6056	
412	1	4.1	4.1	4.69	
413	1	4.15	4.15	4.6275	
414	1	4.13	4.13	4.6531	
415	1	4.14	4.14	4.6204	
416	1	4.2	4.2	4.58	
417	1	4.2	4.2	4.5	
418	1	4.24	4.24	4.4424	
419	1	4.27	4.27	4.4971	
420	1	4.27	4.27	4.4971	
421	1	4.28	4.28	4.5016	
422	1	4.31	4.31	4.6539	
423	1	4.29	4.29	4.5859	
424	1	4.32	4.32	4.6176	
425	1	4.32	4.32	4.6176	
426	1	4.3	4.3	4.63	
427	1	4.38	4.38	5.0556	
428	1	4.31	4.31	4.6739	
429	1	4.36	4.36	4.6704	
430	1	4.32	4.32	4.7976	
431	1	4.36	4.36	4.6904	
432	1	4.42	4.42	4.6436	
433	1	4.41	4.41	4.5619	
434	1	4.43	4.43	4.5851	
435	1	4.41	4.41	4.7219	
436	1	4.42	4.42	4.6836	
437	1	4.42	4.42	4.7236	
438	1	4.43	4.43	4.7651	
439	1	4.45	4.45	4.6675	
440	1	4.48	4.48	4.6096	
441	1	4.47	4.47	4.6091	
442	1	4.48	4.48	4.5896	
443	1	4.5	4.5	4.67	
444	1	4.57	4.57	5.0451	
445	1	4.57	4.57	4.8651	
446	1	4.44	4.44	4.6664	
447	1	4.52	4.52	4.5496	
448	1	4.5	4.5	4.55	
449	1	4.53	4.53	4.6691	
450	1	4.52	4.52	4.6496	
451	1	4.49	4.49	4.7099	
452	1	4.5	4.5	4.67	
453	1	4.53	4.53	4.6291	
454	1	4.52	4.52	4.6296	
455	1	4.53	4.53	4.6691	
456	1	4.52	4.52	4.7096	
457	1	4.52	4.52	4.7096	
458	1	4.52	4.52	4.7096	
459	1	4.54	4.54	4.6884	
460	1	4.6	4.6	4.66	
461	1	4.6	4.6	4.66	
462	1	4.62	4.62	4.6756	
463	1	4.61	4.61	4.6379	
464	1	4.67	4.67	5.0411	
465	1	4.62	4.62	4.5956	
466	1	4.63	4.63	4.6531	
467	1	4.64	4.64	4.6104	
468	1	4.64	4.64	4.7104	
469	1	4.7	4.7	4.63	
470	1	4.68	4.68	4.5376	
471	1	4.69	4.69	4.5339	
472	1	4.73	4.73	4.5771	
473	1	4.71	4.71	4.6259	
474	1	4.77	4.77	4.6571	
475	1	4.8	4.8	4.72	
476	1	4.75	4.75	4.6475	
477	1	4.78	4.78	4.6316	
478	1	4.81	4.81	4.6339	
479	1	4.81	4.81	4.6739	
480	1	4.81	4.81	4.6739	
481	1	4.82	4.82	4.6876	
482	1	4.82	4.82	4.6876	
483	1	4.87	4.87	4.7531	
484	1	4.84	4.84	4.7144	
485	1	4.83	4.83	4.7611	
486	1	4.88	4.88	4.6856	
487	1	4.84	4.84	4.8944	
488	1	4.93	4.93	4.7651	
489	1	4.93	4.93	4.7051	
490	1	4.92	4.92	4.6936	
491	1	4.9	4.9	4.73	
492	1	4.92	4.92	4.6736	
493	1	4.93	4.93	4.6251	
494	1	4.93	4.93	4.6851	
495	1	4.99	4.99	4.6899	
496	1	4.97	4.97	4.6291	
497	1	4.96	4.96	4.6384	
498	1	4.94	4.94	4.7164	
499	1	4.97	4.97	4.6291	
500	1	5.01	5.01	4.5899	
501	1	5.01	5.01	4.5899	
502	1	4.98	4.98	4.6796	
503	1	5.07	5.07	4.8251	
504	1	5.04	5.04	4.6384	
505	1	5.08	5.08	4.7136	
506	1	5.13	5.13	4.7931	
507	1	5.11	5.11	4.6379	
508	1	5.17	5.17	4.9811	
509	1	5.11	5.11	4.6379	
510	1	5.13	5.13	4.6531	
511	1	5.13	5.13	4.6531	
512	1	5.16	5.16	4.6144	
513	1	5.17	5.17	4.6611	
514	1	5.17	5.17	4.6611	
515	1	5.15	5.15	4.7875	
516	1	5.22	5.22	4.6916	
517	1	5.21	5.21	4.6659	
518	1	5.22	5.22	4.6916	
519	1	5.19	5.19	4.6739	
520	1	5.25	5.25	4.6275	
521	1	5.24	5.24	4.5824	
522	1	5.22	5.22	4.6316	
523	1	5.25	5.25	4.6475	
524	1	5.24	5.24	4.6624	
525	1	5.28	5.28	4.5816	
526	1	5.29	5.29	4.5859	
527	1	5.3	5.3	4.65	
528	1	5.31	5.31	4.7139	
529	1	5.32	5.32	4.6976	
530	1	5.37	5.37	4.8731	
531	1	5.34	5.34	4.8644	
532	1	5.4	5.4	4.8	
533	1	5.39	5.39	4.7979	
534	1	5.46	5.46	4.7284	
535	1	5.45	5.45	4.7275	
536	1	5.47	5.47	4.6891	
537	1	5.52	5.52	4.8096	
538	1	5.46	5.46	4.8684	
539	1	5.55	5.55	4.9675	
540	1	5.58	5.58	4.9036	
541	1	5.57	5.57	4.8251	
542	1	5.52	5.52	4.7296	
543	1	5.56	5.56	4.6864	
544	1	5.59	5.59	4.6819	
545	1	5.56	5.56	4.6864	
546	1	5.57	5.57	4.6651	
547	1	5.57	5.57	4.7051	
548	1	5.61	5.61	4.6779	
549	1	5.63	5.63	4.7131	
550	1	5.62	5.62	4.6956	
551	1	5.63	5.63	4.7931	
552	1	5.62	5.62	4.7956	
553	1	5.67	5.67	4.8611	
554	1	5.67	5.67	4.9611	
555	1	5.72	5.72	5.0416	
556	1	5.72	5.72	4.9216	
557	1	5.7	5.7	5.05	
558	1	5.72	5.72	4.9416	
559	1	5.74	5.74	4.9724	
560	1	5.79	5.79	5.0459	
561	1	5.73	5.73	5.0171	
562	1	5.77	5.77	4.9571	
563	1	5.76	5.76	4.9424	
564	1	5.76	5.76	4.9424	
565	1	5.78	5.78	4.9916	
566	1	5.78	5.78	4.9916	
567	1	5.81	5.81	4.9139	
568	1	5.81	5.81	4.9139	
569	1	5.81	5.81	4.9339	
570	1	5.86	5.86	4.9804	
571	1	5.86	5.86	4.9804	
572	1	5.85	5.85	4.9675	
573	1	5.85	5.85	4.9675	
574	1	5.86	5.86	4.9804	
575	1	5.83	5.83	5.0011	
576	1	5.88	5.88	5.0656	
577	1	5.85	5.85	5.0275	
578	1	5.88	5.88	5.0856	
579	1	5.88	5.88	5.0856	
580	1	5.89	5.89	5.0779	
581	1	5.89	5.89	5.0779	
582	1	5.85	5.85	5.0675	
583	1	5.82	5.82	5.0876	
584	1	5.85	5.85	5.1075	
585	1	5.86	5.86	5.0604	
586	1	5.9	5.9	5.13	
587	1	5.89	5.89	5.0979	
588	1	5.92	5.92	5.1736	
589	1	5.91	5.91	5.1619	
590	1	5.91	5.91	5.2219	
591	1	5.99	5.99	5.4299	
592	1	5.93	5.93	5.2051	
593	1	5.93	5.93	5.2851	
594	1	5.99	5.99	5.2499	
595	1	5.98	5.98	5.2596	
596	1	6	6	5.18	
597	1	6.04	6.04	5.2184	
598	1	6.03	6.03	5.1891	
599	1	6.07	6.07	5.3251	
600	1	6.05	6.05	5.2475	
601	1	6.07	6.07	5.2051	
602	1	6.09	6.09	5.2419	
603	1	6.14	6.14	5.4404	
604	1	6.11	6.11	5.3779	
605	1	6.11	6.11	5.3779	
606	1	6.14	6.14	5.3604	
607	1	6.19	6.19	5.3339	
608	1	6.18	6.18	5.2876	
609	1	6.23	6.23	5.5171	
610	1	6.19	6.19	5.2939	
611	1	6.18	6.18	5.2876	
612	1	6.22	6.22	5.4316	
613	1	6.2	6.2	5.36	
614	1	6.22	6.22	5.3916	
615	1	6.2	6.2	5.46	
616	1	6.22	6.22	5.4116	
617	1	6.22	6.22	5.4316	
618	1	6.25	6.25	5.4275	
619	1	6.28	6.28	5.5216	
620	1	6.31	6.31	5.5539	
621	1	6.3	6.3	5.49	
622	1	6.29	6.29	5.4659	
623	1	6.3	6.3	5.49	
624	1	6.27	6.27	5.4771	
625	1	6.29	6.29	5.4659	
626	1	6.27	6.27	5.5171	
627	1	6.29	6.29	5.4459	
628	1	6.29	6.29	5.5659	
629	1	6.26	6.26	5.6324	
630	1	6.31	6.31	5.5939	
631	1	6.31	6.31	5.5139	
632	1	6.36	6.36	5.7304	
633	1	6.33	6.33	5.6411	
634	1	6.37	6.37	5.5331	
635	1	6.37	6.37	5.4931	
636	1	6.38	6.38	5.5756	
637	1	6.41	6.41	5.5219	
638	1	6.39	6.39	5.6179	
639	1	6.42	6.42	5.5636	
640	1	6.45	6.45	5.6675	
641	1	6.46	6.46	5.7084	
642	1	6.46	6.46	5.8884	
643	1	6.4	6.4	5.7	
644	1	6.43	6.43	5.7051	
645	1	6.46	6.46	5.6884	
646	1	6.46	6.46	5.6484	
647	1	6.49	6.49	5.7099	
648	1	6.51	6.51	5.6899	
649	1	6.52	6.52	5.7496	
650	1	6.51	6.51	5.7099	
651	1	6.49	6.49	5.7299	
652	1	6.58	6.58	5.8436	
653	1	6.52	6.52	5.6696	
654	1	6.54	6.54	5.6484	
655	1	6.58	6.58	5.9236	
656	1	6.53	6.53	5.8691	
657	1	6.6	6.6	6.14	
658	1	6.57	6.57	5.8251	
659	1	6.54	6.54	5.8884	
660	1	6.53	6.53	5.9891	
661	1	6.59	6.59	5.8019	
662	1	6.59	6.59	5.8019	
663	1	6.64	6.64	6.0104	
664	1	6.66	6.66	6.1644	
665	1	6.6	6.6	5.96	
666	1	6.65	6.65	5.8675	
667	1	6.67	6.67	5.9211	
668	1	6.65	6.65	5.8675	
669	1	6.62	6.62	5.9356	
670	1	6.71	6.71	6.0059	
671	1	6.63	6.63	5.9531	
672	1	6.69	6.69	5.8539	
673	1	6.77	6.77	6.3171	
674	1	6.7	6.7	5.95	
675	1	6.73	6.73	6.0371	
676	1	6.76	6.76	5.9824	
677	1	6.75	6.75	6.0075	
678	1	6.76	6.76	6.1424	
679	1	6.84	6.84	6.2744	
680	1	6.79	6.79	6.1259	
681	1	6.86	6.86	6.3004	
682	1	6.88	6.88	6.2856	
683	1	6.86	6.86	6.2004	
684	1	6.89	6.89	6.3179	
685	1	6.87	6.87	6.2331	
686	1	6.89	6.89	6.2779	
687	1	6.9	6.9	6.23	
688	1	6.88	6.88	6.2656	
689	1	6.88	6.88	6.2656	
690	1	6.9	6.9	6.23	
691	1	6.9	6.9	6.35	
692	1	6.96	6.96	6.4784	
693	1	6.98	6.98	6.5196	
694	1	6.99	6.99	6.4499	
695	1	6.94	6.94	6.3364	
696	1	6.96	6.96	6.3584	
697	1	7	7	6.34	
698	1	7.05	7.05	6.5875	
699	1	7.06	7.06	6.6964	
700	1	7	7	6.38	
701	1	7.03	7.03	6.3491	
702	1	7.06	7.06	6.4164	
703	1	7.06	7.06	6.3564	
704	1	7.11	7.11	6.3979	
705	1	7.08	7.08	6.4736	
706	1	7.08	7.08	6.5136	
707	1	7.12	7.12	6.4256	
708	1	7.08	7.08	6.5736	
709	1	7.11	7.11	6.5179	
710	1	7.12	7.12	6.5256	
711	1	7.16	7.16	6.4544	
712	1	7.14	7.14	6.5004	
713	1	7.17	7.17	6.4611	
714	1	7.15	7.15	6.4475	
715	1	7.2	7.2	6.48	
716	1	7.21	7.21	6.4259	
717	1	7.23	7.23	6.4971	
718	1	7.22	7.22	6.3116	
719	1	7.21	7.21	6.3259	
720	1	7.22	7.22	6.2716	
721	1	7.23	7.23	6.2771	
722	1	7.3	7.3	6.47	
723	1	7.23	7.23	6.5571	
724	1	7.3	7.3	6.29	
725	1	7.25	7.25	6.3475	
726	1	7.3	7.3	6.41	
727	1	7.3	7.3	6.45	
728	1	7.36	7.36	6.7904	
729	1	7.28	7.28	6.5216	
730	1	7.37	7.37	6.7331	
731	1	7.36	7.36	6.5504	
732	1	7.36	7.36	6.5504	
733	1	7.36	7.36	6.6104	
734	1	7.39	7.39	6.6179	
735	1	7.41	7.41	6.7219	
736	1	7.38	7.38	6.5956	
737	1	7.38	7.38	6.5956	
738	1	7.44	7.44	6.8664	
739	1	7.38	7.38	6.6756	
740	1	7.43	7.43	6.6051	
741	1	7.43	7.43	6.5451	
742	1	7.45	7.45	6.5675	
743	1	7.44	7.44	6.5664	
744	1	7.44	7.44	6.6264	
745	1	7.45	7.45	6.5275	
746	1	7.42	7.42	6.7036	
747	1	7.48	7.48	6.4696	
748	1	7.5	7.5	6.59	
749	1	7.47	7.47	6.5891	
750	1	7.49	7.49	6.5699	
751	1	7.48	7.48	6.6096	
752	1	7.45	7.45	6.7875	
753	1	7.55	7.55	6.8275	
754	1	7.52	7.52	6.6496	
755	1	7.45	7.45	6.9675	
756	1	7.49	7.49	6.6899	
757	1	7.51	7.51	6.5699	
758	1	7.53	7.53	6.5691	
759	1	7.55	7.55	6.5475	
760	1	7.55	7.55	6.5475	
761	1	7.61	7.61	6.8779	
762	1	7.52	7.52	6.7696	
763	1	7.58	7.58	6.5836	
764	1	7.55	7.55	6.5875	
765	1	7.61	7.61	6.7579	
766	1	7.61	7.61	6.7579	
767	1	7.6	7.6	6.7	
768	1	7.64	7.64	6.8504	
769	1	7.64	7.64	6.7304	
770	1	7.62	7.62	6.5956	
771	1	7.69	7.69	6.4139	
772	1	7.74	7.74	6.5924	
773	1	7.7	7.7	6.59	
774	1	7.73	7.73	6.6771	
775	1	7.82	7.82	6.9476	
776	1	7.78	7.78	6.6716	
777	1	7.78	7.78	6.6716	
778	1	7.79	7.79	6.6059	
779	1	7.82	7.82	6.6076	
780	1	7.82	7.82	6.7276	
781	1	7.84	7.84	6.6544	
782	1	7.88	7.88	6.7056	
783	1	7.84	7.84	6.6544	
784	1	7.88	7.88	6.5256	
785	1	7.9	7.9	6.63	
786	1	7.94	7.94	6.6964	
787	1	7.91	7.91	6.6819	
788	1	7.9	7.9	6.67	
789	1	7.96	7.96	7.0184	
790	1	7.92	7.92	6.9536	
791	1	7.98	7.98	6.9196	
792	1	8.03	8.03	7.2691	
793	1	8	8	6.96	
794	1	7.96	7.96	7.0584	
795	1	8.01	8.01	6.8299	
796	1	8.04	8.04	6.9984	
797	1	8.08	8.08	7.0336	
798	1	8.1	8.1	6.97	
799	1	8.04	8.04	6.7384	
800	1	8.05	8.05	6.6875	
801	1	8.06	8.06	6.6964	
802	1	8.08	8.08	6.7736	
803	1	8.13	8.13	6.7131	
804	1	8.14	8.14	6.7604	
805	1	8.18	8.18	6.9276	
806	1	8.13	8.13	6.9931	
807	1	8.14	8.14	6.9404	
808	1	8.14	8.14	6.9604	
809	1	8.23	8.23	7.1571	
810	1	8.16	8.16	7.1544	
811	1	8.26	8.26	7.3124	
812	1	8.23	8.23	6.9371	
813	1	8.2	8.2	6.92	
814	1	8.21	8.21	6.8859	
815	1	8.22	8.22	7.0916	
816	1	8.29	8.29	7.1259	
817	1	8.34	8.34	7.1244	
818	1	8.3	8.3	7.07	
819	1	8.29	8.29	7.1059	
820	1	8.33	8.33	7.0811	
821	1	8.35	8.35	7.2475	
822	1	8.38	8.38	7.2156	
823	1	8.39	8.39	7.2779	
824	1	8.37	8.37	7.2931	
825	1	8.39	8.39	7.3179	
826	1	8.39	8.39	7.3779	
827	1	8.47	8.47	7.5691	
828	1	8.35	8.35	7.4475	
829	1	8.36	8.36	7.3904	
830	1	8.37	8.37	7.3331	
831	1	8.37	8.37	7.3331	
832	1	8.39	8.39	7.2779	
833	1	8.38	8.38	7.3356	
834	1	8.4	8.4	7.28	
835	1	8.37	8.37	7.5331	
836	1	8.43	8.43	7.3651	
837	1	8.4	8.4	7.36	
838	1	8.41	8.41	7.3219	
839	1	8.44	8.44	7.2464	
840	1	8.42	8.42	7.4036	
841	1	8.51	8.51	7.4299	
842	1	8.48	8.48	7.2296	
843	1	8.51	8.51	7.3699	
844	1	8.49	8.49	7.4699	
845	1	8.49	8.49	7.3099	
846	1	8.48	8.48	7.2896	
847	1	8.45	8.45	7.5275	
848	1	8.48	8.48	7.4096	
849	1	8.52	8.52	7.4296	
850	1	8.48	8.48	7.3696	
851	1	8.46	8.46	7.5084	
852	1	8.5	8.5	7.31	
853	1	8.55	8.55	7.2275	
854	1	8.6	8.6	7.42	
855	1	8.57	8.57	7.2451	
856	1	8.56	8.56	7.4464	
857	1	8.56	8.56	7.5264	
858	1	8.56	8.56	7.5264	
859	1	8.61	8.61	7.6179	
860	1	8.53	8.53	7.7091	
861	1	8.58	8.58	7.4636	
862	1	8.6	8.6	7.36	
863	1	8.62	8.62	7.2956	
864	1	8.68	8.68	7.2576	
865	1	8.67	8.67	7.2611	
866	1	8.68	8.68	7.2376	
867	1	8.71	8.71	7.2259	
868	1	8.72	8.72	7.2416	
869	1	8.78	8.78	7.3916	
870	1	8.82	8.82	7.7676	
871	1	8.75	8.75	7.5275	
872	1	8.76	8.76	7.5024	
873	1	8.79	8.79	7.4459	
874	1	8.81	8.81	7.4339	
875	1	8.8	8.8	7.48	
876	1	8.8	8.8	7.6	
877	1	8.88	8.88	7.4456	
878	1	8.92	8.92	7.6736	
879	1	8.86	8.86	7.4204	
880	1	8.88	8.88	7.3056	
881	1	8.88	8.88	7.4256	
882	1	8.94	8.94	7.3764	
883	1	8.95	8.95	7.3675	
884	1	8.94	8.94	7.3364	
885	1	8.94	8.94	7.3364	
886	1	9.01	9.01	7.6899	
887	1	8.97	8.97	7.4691	
888	1	8.94	8.94	7.4964	
889	1	8.98	8.98	7.5196	
890	1	8.96	8.96	7.5584	
891	1	8.98	8.98	7.5196	
892	1	8.95	8.95	7.6675	
893	1	9.07	9.07	8.0451	
894	1	9.04	9.04	7.5184	
895	1	9.03	9.03	7.4891	
896	1	8.99	8.99	7.5699	
897	1	9.02	9.02	7.4796	
898	1	9.08	9.08	7.6336	
899	1	9.05	9.05	7.6475	
900	1	9.07	9.07	7.6451	
901	1	9.14	9.14	7.7004	
902	1	9.08	9.08	7.5936	
903	1	9.11	9.11	7.5579	
904	1	9.06	9.06	7.7164	
905	1	9.12	9.12	7.5856	
906	1	9.12	9.12	7.6056	
907	1	9.11	9.11	7.7179	
908	1	9.13	9.13	7.6731	
909	1	9.12	9.12	7.8256	
910	1	9.12	9.12	7.8256	
911	1	9.12	9.12	7.8256	
912	1	9.17	9.17	7.7611	
913	1	9.24	9.24	8.1424	
914	1	9.16	9.16	7.9544	
915	1	9.19	9.19	7.9539	
916	1	9.19	9.19	7.9539	
917	1	9.19	9.19	7.9539	
918	1	9.21	9.21	7.9059	
919	1	9.23	9.23	7.9371	
920	1	9.21	9.21	8.0859	
921	1	9.25	9.25	8.0275	
922	1	9.28	9.28	8.1016	
923	1	9.26	9.26	8.0324	
924	1	9.29	9.29	8.1059	
925	1	9.23	9.23	8.2171	
926	1	9.28	9.28	8.0016	
927	1	9.31	9.31	8.0139	
928	1	9.34	9.34	8.2044	
929	1	9.28	9.28	8.1616	
930	1	9.33	9.33	8.0011	
931	1	9.32	9.32	8.0176	
932	1	9.34	9.34	7.9244	
933	1	9.41	9.41	8.2219	
934	1	9.41	9.41	7.9019	
935	1	9.37	9.37	7.9331	
936	1	9.38	9.38	7.8956	
937	1	9.39	9.39	7.8979	
938	1	9.45	9.45	7.7875	
939	1	9.48	9.48	8.0096	
940	1	9.48	9.48	8.0096	
941	1	9.45	9.45	8.1075	
942	1	9.45	9.45	8.1075	
943	1	9.43	9.43	8.2451	
944	1	9.45	9.45	8.1075	
945	1	9.45	9.45	8.1075	
946	1	9.5	9.5	8.11	
947	1	9.47	9.47	8.1091	
948	1	9.51	9.51	8.0299	
949	1	9.53	9.53	8.0891	
950	1	9.51	9.51	8.0299	
951	1	9.51	9.51	8.0299	
952	1	9.5	9.5	8.07	
953	1	9.57	9.57	8.2051	
954	1	9.55	9.55	8.0675	
955	1	9.52	9.52	8.0696	
956	1	9.53	9.53	8.0491	
957	1	9.54	9.54	8.0884	
958	1	9.56	9.56	8.1064	
959	1	9.58	9.58	8.0836	
960	1	9.58	9.58	8.0636	
961	1	9.56	9.56	8.2264	
962	1	9.58	9.58	8.1236	
963	1	9.59	9.59	8.2619	
964	1	9.62	9.62	8.2956	
965	1	9.68	9.68	8.4176	
966	1	9.71	9.71	8.7659	
967	1	9.72	9.72	8.7616	
968	1	9.71	9.71	8.7859	
969	1	9.73	9.73	8.5571	
970	1	9.75	9.75	8.6075	
971	1	9.69	9.69	8.3739	
972	1	9.74	9.74	8.4524	
973	1	9.74	9.74	8.6324	
974	1	9.73	9.73	8.9171	
975	1	9.78	9.78	8.6916	
976	1	9.82	9.82	8.8276	
977	1	9.84	9.84	8.8744	
978	1	9.88	9.88	8.9656	
979	1	9.85	9.85	8.8675	
980	1	10.01	10.01	10.0899	
981	1	9.94	9.94	9.3764	
982	1	9.95	9.95	9.3275	
983	1	9.92	9.92	9.5336	
984	1	9.96	9.96	9.3384	
985	1	9.87	9.87	8.9331	
986	1	9.85	9.85	8.8875	
987	1	9.88	9.88	8.8456	
988	1	9.87	9.87	8.8731	
989	1	9.89	9.89	8.8979	
990	1	9.89	9.89	8.8979	
991	1	9.88	9.88	8.9256	
992	1	9.92	9.92	8.9936	
993	1	9.91	9.91	8.9819	
994	1	9.88	9.88	9.1856	
995	1	9.96	9.96	9.0984	
996	1	9.95	9.95	9.0675	
997	1	9.93	9.93	9.0651	
998	1	9.92	9.92	9.0536	
999	1	9.96	9.96	8.9784	
1000	1	9.96	9.96	8.9784	
1001	1	9.96	9.96	9.0384	
1002	1	9.95	9.95	9.0075	
1003	1	9.96	9.96	8.8984	
1004	1	9.95	9.95	8.9875	
1005	1	10.04	10.04	8.4984	
1006	1	10.01	10.01	8.5899	
1007	1	10.02	10.02	8.6996	
1008	1	10.05	10.05	8.5675	
1009	1	10.09	10.09	8.5219	
1010	1	10.08	10.08	8.4936	
1011	1	10.09	10.09	8.6619	
1012	1	10.14	10.14	8.5404	
1013	1	10.15	10.15	8.6075	
1014	1	10.16	10.16	8.8344	
1015	1	10.21	10.21	8.8059	
1016	1	10.22	10.22	8.7116	
1017	1	10.2	10.2	8.72	
1018	1	10.24	10.24	8.7824	
1019	1	10.19	10.19	8.7539	
1020	1	10.22	10.22	8.6716	
1021	1	10.23	10.23	8.6771	
1022	1	10.21	10.21	8.7859	
1023	1	10.31	10.31	9.0739	
1024	1	10.28	10.28	8.9616	
1025	1	10.3	10.3	8.97	
1026	1	10.29	10.29	8.9859	
1027	1	10.3	10.3	8.97	
1028	1	10.34	10.34	9.0244	
1029	1	10.3	10.3	8.97	
1030	1	10.35	10.35	8.9275	
1031	1	10.33	10.33	8.9011	
1032	1	10.35	10.35	8.9075	
1033	1	10.32	10.32	8.9576	
1034	1	10.31	10.31	8.9339	
1035	1	10.28	10.28	9.3016	
1036	1	10.35	10.35	9.0275	
1037	1	10.39	10.39	9.1379	
1038	1	10.41	10.41	9.1219	
1039	1	10.41	10.41	9.1019	
1040	1	10.41	10.41	9.1619	
1041	1	10.42	10.42	9.0836	
1042	1	10.4	10.4	9.12	
1043	1	10.42	10.42	9.1036	
1044	1	10.46	10.46	9.0884	
1045	1	10.56	10.56	9.6464	
1046	1	10.52	10.52	9.2896	
1047	1	10.46	10.46	9.3484	
1048	1	10.57	10.57	9.2851	
1049	1	10.54	10.54	9.2884	
1050	1	10.57	10.57	9.2251	
1051	1	10.57	10.57	9.2251	
1052	1	10.55	10.55	9.4075	
1053	1	10.6	10.6	9.38	
1054	1	10.62	10.62	9.4356	
1055	1	10.63	10.63	9.4931	
1056	1	10.7	10.7	9.77	
1057	1	10.62	10.62	9.7956	
1058	1	10.72	10.72	9.5616	
1059	1	10.72	10.72	9.6016	
1060	1	10.75	10.75	9.6075	
1061	1	10.73	10.73	10.0171	
1062	1	10.75	10.75	9.9075	
1063	1	10.77	10.77	9.8771	
1064	1	10.78	10.78	9.8716	
1065	1	10.73	10.73	9.9171	
1066	1	10.78	10.78	9.9716	
1067	1	10.82	10.82	9.9476	
1068	1	10.81	10.81	9.9739	
1069	1	10.82	10.82	9.9476	
1070	1	10.81	10.81	9.9739	
1071	1	10.82	10.82	9.9276	
1072	1	10.8	10.8	10.04	
1073	1	10.8	10.8	10.12	
1074	1	10.87	10.87	9.7931	
1075	1	10.82	10.82	9.9676	
1076	1	10.83	10.83	9.9611	
1077	1	10.92	10.92	9.6136	
1078	1	10.9	10.9	9.65	
1079	1	10.92	10.92	9.5736	
1080	1	10.95	10.95	9.4875	
1081	1	11.01	11.01	9.8499	
1082	1	10.9	10.9	9.73	
1083	1	10.98	10.98	9.4796	
1084	1	10.95	10.95	9.5675	
1085	1	11	11	9.4	
1086	1	10.98	10.98	9.3796	
1087	1	11.05	11.05	9.4075	
1088	1	10.98	10.98	9.5996	
1089	1	11.06	11.06	9.4364	
1090	1	11.03	11.03	9.3491	
1091	1	11.1	11.1	9.55	
1092	1	11.07	11.07	9.4051	
1093	1	11.05	11.05	9.4475	
1094	1	11.03	11.03	9.5691	
1095	1	11.02	11.02	9.6596	
1096	1	11.02	11.02	9.7996	
1097	1	11.09	11.09	9.4419	
1098	1	11.08	11.08	9.4336	
1099	1	11.05	11.05	9.7075	
1100	1	11.05	11.05	9.7075	
1101	1	11.07	11.07	9.5451	
1102	1	11.08	11.08	9.4936	
1103	1	11.14	11.14	9.6004	
1104	1	11.13	11.13	9.5531	
1105	1	11.11	11.11	9.5179	
1106	1	11.13	11.13	9.5531	
1107	1	11.1	11.1	9.53	
1108	1	11.13	11.13	9.5131	
1109	1	11.14	11.14	9.6004	
1110	1	11.15	11.15	9.6275	
1111	1	11.16	11.16	9.5144	
1112	1	11.13	11.13	9.7131	
1113	1	11.16	11.16	9.4944	
1114	1	11.2	11.2	9.46	
1115	1	11.23	11.23	9.4571	
1116	1	11.29	11.29	9.4459	
1117	1	11.25	11.25	9.3875	
1118	1	11.29	11.29	9.5059	
1119	1	11.37	11.37	9.9731	
1120	1	11.39	11.39	9.9379	
1121	1	11.3	11.3	9.75	
1122	1	11.36	11.36	9.4304	
1123	1	11.43	11.43	9.7251	
1124	1	11.37	11.37	9.5331	
1125	1	11.42	11.42	9.6436	
1126	1	11.36	11.36	9.5904	
1127	1	11.41	11.41	9.6019	
1128	1	11.37	11.37	9.8531	
1129	1	11.43	11.43	9.6851	
1130	1	11.47	11.47	9.7291	
1131	1	11.44	11.44	9.6264	
1132	1	11.49	11.49	9.5899	
1133	1	11.47	11.47	9.7291	
1134	1	11.47	11.47	9.7491	
1135	1	11.52	11.52	9.7696	
1136	1	11.57	11.57	10.1251	
1137	1	11.52	11.52	9.7296	
1138	1	11.51	11.51	9.6899	
1139	1	11.56	11.56	9.7864	
1140	1	11.54	11.54	9.7084	
1141	1	11.53	11.53	9.7291	
1142	1	11.55	11.55	9.6475	
1143	1	11.56	11.56	9.6264	
1144	1	11.54	11.54	9.6484	
1145	1	11.53	11.53	9.7291	
1146	1	11.6	11.6	9.4	
1147	1	11.65	11.65	9.4275	
1148	1	11.65	11.65	9.4075	
1149	1	11.7	11.7	9.51	
1150	1	11.66	11.66	9.6444	
1151	1	11.66	11.66	9.6444	
1152	1	11.69	11.69	9.5139	
1153	1	11.67	11.67	9.7411	
1154	1	11.71	11.71	9.6259	
1155	1	11.77	11.77	9.5171	
1156	1	11.77	11.77	9.5971	
1157	1	11.77	11.77	9.5971	
1158	1	11.76	11.76	9.8824	
1159	1	11.81	11.81	9.5539	
1160	1	11.9	11.9	9.85	
1161	1	11.87	11.87	9.3531	
1162	1	11.81	11.81	9.6939	
1163	1	11.91	11.91	9.5219	
1164	1	11.87	11.87	9.4331	
1165	1	11.86	11.86	9.4804	
1166	1	11.87	11.87	9.4531	
1167	1	11.91	11.91	9.3019	
1168	1	11.89	11.89	9.3379	
1169	1	11.91	11.91	9.3619	
1170	1	11.91	11.91	9.3019	
1171	1	11.98	11.98	9.2396	
1172	1	12.04	12.04	9.7984	
1173	1	11.97	11.97	9.3891	
1174	1	12	12	9.42	
1175	1	12.04	12.04	9.6584	
1176	1	11.99	11.99	9.5099	
1177	1	11.98	11.98	9.5396	
1178	1	11.99	11.99	9.5099	
1179	1	12.04	12.04	9.5584	
1180	1	12.02	12.02	9.6196	
1181	1	12.03	12.03	9.5891	
1182	1	12.08	12.08	9.7336	
1183	1	12.1	12.1	9.93	
1184	1	12.06	12.06	9.7764	
1185	1	12.14	12.14	9.9404	
1186	1	12.12	12.12	9.7856	
1187	1	12.1	12.1	9.75	
1188	1	12.1	12.1	9.75	
1189	1	12.08	12.08	9.7936	
1190	1	12.14	12.14	9.9004	
1191	1	12.05	12.05	10.0075	
1192	1	12.19	12.19	10.3139	
1193	1	12.06	12.06	9.9564	
1194	1	12.08	12.08	10.0336	
1195	1	12.19	12.19	9.9539	
1196	1	12.15	12.15	9.7275	
1197	1	12.15	12.15	9.7875	
1198	1	12.18	12.18	9.8676	
1199	1	12.12	12.12	10.0656	
1200	1	12.1	12.1	10.27	
1201	1	12.14	12.14	10.0004	
1202	1	12.19	12.19	10.2939	
1203	1	12.14	12.14	10.0604	
1204	1	12.14	12.14	10.0604	
1205	1	12.24	12.24	10.5624	
1206	1	12.11	12.11	10.2779	
1207	1	12.2	12.2	9.98	
1208	1	12.15	12.15	9.9475	
1209	1	12.14	12.14	10.0004	
1210	1	12.16	12.16	9.9144	
1211	1	12.17	12.17	9.8811	
1212	1	12.23	12.23	10.0171	
1213	1	12.26	12.26	10.1724	
1214	1	12.19	12.19	9.9939	
1215	1	12.24	12.24	9.8024	
1216	1	12.25	12.25	9.8275	
1217	1	12.27	12.27	9.8171	
1218	1	12.31	12.31	9.8339	
1219	1	12.32	12.32	9.9376	
1220	1	12.33	12.33	9.9611	
1221	1	12.31	12.31	9.9339	
1222	1	12.4	12.4	10.32	
1223	1	12.34	12.34	10.0044	
1224	1	12.41	12.41	10.0619	
1225	1	12.37	12.37	9.8731	
1226	1	12.39	12.39	9.8979	
1227	1	12.4	12.4	9.86	
1228	1	12.46	12.46	10.0484	
1229	1	12.45	12.45	9.8875	
1230	1	12.4	12.4	10.02	
1231	1	12.38	12.38	10.3956	
1232	1	12.42	12.42	10.2036	
1233	1	12.49	12.49	10.2099	
1234	1	12.47	12.47	10.3091	
1235	1	12.45	12.45	10.3875	
1236	1	12.47	12.47	10.4491	
1237	1	12.48	12.48	10.5496	
1238	1	12.48	12.48	10.5496	
1239	1	12.49	12.49	10.5099	
1240	1	12.53	12.53	10.5491	
1241	1	12.49	12.49	10.5099	
1242	1	12.51	12.51	10.4899	
1243	1	12.48	12.48	10.6896	
1244	1	12.6	12.6	10.62	
1245	1	12.68	12.68	10.8376	
1246	1	12.65	12.65	10.5475	
1247	1	12.7	12.7	10.61	
1248	1	12.61	12.61	10.3379	
1249	1	12.61	12.61	10.3379	
1250	1	12.65	12.65	10.1275	
1251	1	12.69	12.69	10.1139	
1252	1	12.67	12.67	10.0411	
1253	1	12.76	12.76	10.7224	
1254	1	12.7	12.7	10.09	
1255	1	12.72	12.72	10.1416	
1256	1	12.67	12.67	10.1611	
1257	1	12.67	12.67	10.1611	
1258	1	12.69	12.69	10.1339	
1259	1	12.71	12.71	10.1059	
1260	1	12.73	12.73	10.0771	
1261	1	12.73	12.73	10.1371	
1262	1	12.77	12.77	10.0571	
1263	1	12.73	12.73	10.2771	
1264	1	12.76	12.76	10.1024	
1265	1	12.79	12.79	10.0059	
1266	1	12.79	12.79	10.0059	
1267	1	12.82	12.82	9.8676	
1268	1	12.83	12.83	9.8611	
1269	1	12.82	12.82	9.8876	
1270	1	12.86	12.86	10.0404	
1271	1	12.9	12.9	10.33	
1272	1	12.83	12.83	10.1411	
1273	1	12.89	12.89	10.0579	
1274	1	12.92	12.92	10.3136	
1275	1	12.93	12.93	10.4051	
1276	1	12.9	12.9	10.15	
1277	1	12.88	12.88	10.2656	
1278	1	12.91	12.91	10.1219	
1279	1	12.92	12.92	10.0936	
1280	1	12.99	12.99	10.4499	
1281	1	12.92	12.92	10.2336	
1282	1	12.97	12.97	10.3491	
1283	1	12.97	12.97	10.3691	
1284	1	12.98	12.98	10.4796	
1285	1	12.98	12.98	10.4796	
1286	1	13.01	13.01	10.5699	
1287	1	12.99	12.99	10.4899	
1288	1	13.05	13.05	10.9675	
1289	1	12.96	12.96	10.6984	
1290	1	13.01	13.01	10.6699	
1291	1	12.99	12.99	10.7099	
1292	1	13.02	13.02	10.6396	
1293	1	13.01	13.01	10.7099	
1294	1	13	13	10.88	
1295	1	13.1	13.1	10.87	
1296	1	13.04	13.04	10.6384	
1297	1	13.08	13.08	10.6536	
1298	1	13.05	13.05	10.6275	
1299	1	13.12	13.12	10.8456	
1300	1	13.04	13.04	10.9584	
1301	1	13.09	13.09	10.6619	
1302	1	13.13	13.13	10.7131	
1303	1	13.09	13.09	10.7219	
1304	1	13.12	13.12	10.6056	
1305	1	13.1	13.1	10.67	
1306	1	13.1	13.1	10.85	
1307	1	13.14	13.14	10.6804	
1308	1	13.13	13.13	10.6531	
1309	1	13.15	13.15	10.6275	
1310	1	13.23	13.23	11.0771	
1311	1	13.11	13.11	10.8779	
1312	1	13.13	13.13	10.7931	
1313	1	13.22	13.22	11.0316	
1314	1	13.15	13.15	10.8475	
1315	1	13.15	13.15	10.9275	
1316	1	13.2	13.2	11	
1317	1	13.29	13.29	11.2859	
1318	1	13.31	13.31	11.2739	
1319	1	13.26	13.26	10.9324	
1320	1	13.25	13.25	10.9475	
1321	1	13.22	13.22	11.1116	
1322	1	13.25	13.25	11.1875	
1323	1	13.21	13.21	11.4059	
1324	1	13.33	13.33	10.9211	
1325	1	13.27	13.27	11.3171	
1326	1	13.33	13.33	10.8011	
1327	1	13.3	13.3	11.13	
1328	1	13.36	13.36	10.8304	
1329	1	13.35	13.35	10.9875	
1330	1	13.37	13.37	10.9331	
1331	1	13.39	13.39	11.0579	
1332	1	13.33	13.33	11.4811	
1333	1	13.42	13.42	11.0836	
1334	1	13.45	13.45	11.1475	
1335	1	13.45	13.45	11.1475	
1336	1	13.49	13.49	11.2699	
1337	1	13.44	13.44	11.1664	
1338	1	13.45	13.45	11.3275	
1339	1	13.56	13.56	11.7664	
1340	1	13.55	13.55	11.5075	
1341	1	13.48	13.48	11.5896	
1342	1	13.51	13.51	11.4099	
1343	1	13.52	13.52	11.3896	
1344	1	13.54	13.54	11.5084	
1345	1	13.5	13.5	11.71	
1346	1	13.57	13.57	11.4651	
1347	1	13.54	13.54	11.5284	
1348	1	13.63	13.63	11.8731	
1349	1	13.55	13.55	11.4875	
1350	1	13.56	13.56	11.4664	
1351	1	13.56	13.56	11.4664	
1352	1	13.6	13.6	11.56	
1353	1	13.57	13.57	11.5051	
1354	1	13.6	13.6	11.56	
1355	1	13.57	13.57	11.5051	
1356	1	13.65	13.65	11.9675	
1357	1	13.57	13.57	11.5451	
1358	1	13.63	13.63	11.4731	
1359	1	13.63	13.63	11.3931	
1360	1	13.57	13.57	11.7051	
1361	1	13.62	13.62	11.3956	
1362	1	13.65	13.65	11.4475	
1363	1	13.69	13.69	11.9539	
1364	1	13.71	13.71	11.9659	
1365	1	13.7	13.7	12.17	
1366	1	13.72	13.72	11.7616	
1367	1	13.73	13.73	11.8571	
1368	1	13.7	13.7	11.37	
1369	1	13.72	13.72	11.5016	
1370	1	13.7	13.7	11.71	
1371	1	13.78	13.78	11.7516	
1372	1	13.73	13.73	11.8171	
1373	1	13.81	13.81	11.7939	
1374	1	13.72	13.72	12.0216	
1375	1	13.8	13.8	11.94	
1376	1	13.71	13.71	12.4059	
1377	1	13.77	13.77	12.3371	
1378	1	13.87	13.87	12.0531	
1379	1	13.84	13.84	12.4144	
1380	1	13.94	13.94	12.3964	
1381	1	13.93	13.93	12.3251	
1382	1	13.87	13.87	12.5531	
1383	1	13.94	13.94	12.9364	
1384	1	13.9	13.9	12.59	
1385	1	13.87	13.87	12.6931	
1386	1	13.93	13.93	12.6051	
1387	1	13.94	13.94	12.6164	
1388	1	13.9	13.9	12.65	
1389	1	13.95	13.95	12.4875	
1390	1	13.97	13.97	12.4891	
1391	1	13.98	13.98	12.5196	
1392	1	13.97	13.97	12.5291	
1393	1	13.94	13.94	12.6764	
1394	1	13.96	13.96	12.5584	
1395	1	13.97	13.97	12.6091	
1396	1	13.99	13.99	12.5299	
1397	1	14.03	14.03	12.6091	
1398	1	13.98	13.98	12.6396	
1399	1	14.05	14.05	12.5675	
1400	1	14.05	14.05	12.5675	
1401	1	14.04	14.04	12.5384	
1402	1	14.08	14.08	12.7736	
1403	1	14.01	14.01	12.6499	
1404	1	14.07	14.07	12.5051	
1405	1	14.01	14.01	12.6299	
1406	1	14.09	14.09	12.4219	
1407	1	14.09	14.09	12.4619	
1408	1	14.07	14.07	12.5051	
1409	1	14.14	14.14	12.4204	
1410	1	14.18	14.18	12.6876	
1411	1	14.2	14.2	12.88	
1412	1	14.14	14.14	12.5204	
1413	1	14.15	14.15	12.5075	
1414	1	14.18	14.18	12.6276	
1415	1	14.25	14.25	12.6675	
1416	1	14.23	14.23	12.4971	
1417	1	14.25	14.25	12.4475	
1418	1	14.29	14.29	12.5859	
1419	1	14.24	14.24	12.4624	
1420	1	14.28	14.28	12.3016	
1421	1	14.25	14.25	12.4475	
1422	1	14.32	14.32	12.2976	
1423	1	14.35	14.35	12.3675	
1424	1	14.34	14.34	12.2644	
1425	1	14.33	14.33	12.2611	
1426	1	14.4	14.4	12.66	
1427	1	14.32	14.32	12.3976	
1428	1	14.46	14.46	12.3684	
1429	1	14.44	14.44	12.1264	
1430	1	14.45	14.45	12.1475	
1431	1	14.43	14.43	12.1251	
1432	1	14.46	14.46	12.1684	
1433	1	14.48	14.48	12.1496	
1434	1	14.47	14.47	12.2091	
1435	1	14.52	14.52	12.3096	
1436	1	14.5	14.5	12.39	
1437	1	14.57	14.57	12.8851	
1438	1	14.52	14.52	12.4496	
1439	1	14.53	14.53	12.7291	
1440	1	14.54	14.54	12.7084	
1441	1	14.53	14.53	12.7291	
1442	1	14.56	14.56	12.6864	
1443	1	14.62	14.62	13.0356	
1444	1	14.65	14.65	13.0075	
1445	1	14.64	14.64	12.8304	
1446	1	14.62	14.62	12.7756	
1447	1	14.7	14.7	12.95	
1448	1	14.76	14.76	13.3424	
1449	1	14.69	14.69	12.8939	
1450	1	14.77	14.77	13.1371	
1451	1	14.77	14.77	13.1571	
1452	1	14.68	14.68	13.0376	
1453	1	14.64	14.64	13.4504	
1454	1	14.74	14.74	13.1124	
1455	1	14.69	14.69	13.0739	
1456	1	14.76	14.76	12.8624	
1457	1	14.72	14.72	13.0416	
1458	1	14.82	14.82	12.9476	
1459	1	14.79	14.79	12.9859	
1460	1	14.79	14.79	13.1059	
1461	1	14.83	14.83	12.8811	
1462	1	14.85	14.85	12.8275	
1463	1	14.9	14.9	13.09	
1464	1	14.82	14.82	12.9076	
1465	1	14.9	14.9	13.09	
1466	1	14.86	14.86	12.8004	
1467	1	14.9	14.9	12.89	
1468	1	14.96	14.96	13.2384	
1469	1	14.92	14.92	12.8336	
1470	1	14.92	14.92	12.7136	
1471	1	14.88	14.88	12.8256	
1472	1	14.94	14.94	12.6564	
1473	1	14.94	14.94	12.6564	
1474	1	14.91	14.91	13.0219	
1475	1	14.96	14.96	12.6984	
1476	1	14.95	14.95	12.7275	
1477	1	15	15	12.82	
1478	1	14.97	14.97	12.8491	
1479	1	14.97	14.97	12.8491	
1480	1	15.01	15.01	12.9099	
1481	1	15.01	15.01	12.9099	
1482	1	15	15	12.8	
1483	1	15.1	15.1	13.23	
1484	1	15.04	15.04	12.7584	
1485	1	15.06	15.06	12.8964	
1486	1	15.09	15.09	12.9419	
1487	1	15.12	15.12	12.9056	
1488	1	15.03	15.03	12.8291	
1489	1	15.06	15.06	12.7164	
1490	1	15.05	15.05	12.7675	
1491	1	15.02	15.02	13.1396	
1492	1	15.1	15.1	12.65	
1493	1	15.07	15.07	12.7651	
1494	1	15.1	15.1	12.67	
1495	1	15.12	15.12	12.7056	
1496	1	15.05	15.05	13.3075	
1497	1	15.1	15.1	12.85	
1498	1	15.19	15.19	13.2539	
1499	1	15.15	15.15	12.9875	
1500	1	15.17	15.17	12.9411	
1501	1	15.17	15.17	13.0211	
1502	1	15.22	15.22	13.1516	
1503	1	15.23	15.23	13.1171	
1504	1	15.23	15.23	13.0571	
1505	1	15.25	15.25	13.0075	
1506	1	15.23	15.23	13.0771	
1507	1	15.28	15.28	13.1416	
1508	1	15.34	15.34	13.3644	
1509	1	15.29	15.29	13.2459	
1510	1	15.32	15.32	13.2576	
1511	1	15.29	15.29	13.2459	
1512	1	15.24	15.24	13.5624	
1513	1	15.29	15.29	13.2859	
1514	1	15.33	15.33	13.3811	
1515	1	15.32	15.32	13.3576	
1516	1	15.29	15.29	13.5659	
1517	1	15.34	15.34	13.5444	
1518	1	15.39	15.39	13.5579	
1519	1	15.4	15.4	13.6	
1520	1	15.4	15.4	13.48	
1521	1	15.37	15.37	13.5931	
1522	1	15.36	15.36	13.6704	
1523	1	15.41	15.41	13.4019	
1524	1	15.39	15.39	13.5979	
1525	1	15.43	15.43	13.4851	
1526	1	15.47	15.47	13.5691	
1527	1	15.4	15.4	13.56	
1528	1	15.44	15.44	13.5064	
1529	1	15.46	15.46	13.5284	
1530	1	15.4	15.4	13.82	
1531	1	15.48	15.48	13.5296	
1532	1	15.43	15.43	13.7851	
1533	1	15.44	15.44	13.7264	
1534	1	15.48	15.48	13.7696	
1535	1	15.61	15.61	14.6179	
1536	1	15.47	15.47	14.2091	
1537	1	15.56	15.56	13.8464	
1538	1	15.59	15.59	14.0819	
1539	1	15.54	15.54	13.8884	
1540	1	15.55	15.55	13.8875	
1541	1	15.72	15.72	14.4816	
1542	1	15.64	15.64	14.0104	
1543	1	15.68	15.68	13.8376	
1544	1	15.76	15.76	14.0424	
1545	1	15.68	15.68	13.8376	
1546	1	15.76	15.76	13.9624	
1547	1	15.7	15.7	14.05	
1548	1	15.73	15.73	13.9171	
1549	1	15.75	15.75	13.9475	
1550	1	15.7	15.7	14.25	
1551	1	15.74	15.74	14.0124	
1552	1	15.81	15.81	14.1139	
1553	1	15.8	15.8	13.86	
1554	1	15.78	15.78	14.0916	
1555	1	15.82	15.82	13.8276	
1556	1	15.83	15.83	13.8011	
1557	1	15.86	15.86	13.8004	
1558	1	15.89	15.89	13.9579	
1559	1	15.74	15.74	14.1324	
1560	1	15.84	15.84	13.7344	
1561	1	15.83	15.83	13.7411	
1562	1	15.87	15.87	13.8331	
1563	1	15.83	15.83	13.6811	
1564	1	15.81	15.81	13.7939	
1565	1	15.86	15.86	13.6004	
1566	1	15.87	15.87	13.5931	
1567	1	15.87	15.87	13.5931	
1568	1	15.9	15.9	13.69	
1569	1	15.94	15.94	14.0364	
1570	1	15.86	15.86	13.7004	
1571	1	15.84	15.84	14.2944	
1572	1	15.88	15.88	14.3856	
1573	1	15.84	15.84	14.4544	
1574	1	15.89	15.89	14.4179	
1575	1	15.84	15.84	14.7344	
1576	1	15.87	15.87	14.5931	
1577	1	15.87	15.87	14.5931	
1578	1	15.94	15.94	14.9564	
1579	1	15.82	15.82	14.9276	
1580	1	15.89	15.89	14.5379	
1581	1	15.9	15.9	14.69	
1582	1	15.96	15.96	14.7984	
1583	1	15.92	15.92	14.6136	
1584	1	16.01	16.01	15.0899	
1585	1	15.96	15.96	14.7384	
1586	1	15.99	15.99	14.8899	
1587	1	15.91	15.91	14.8819	
1588	1	16	16	14.8	
1589	1	15.88	15.88	15.2656	
1590	1	15.96	15.96	14.6784	
1591	1	15.99	15.99	14.7499	
1592	1	15.95	15.95	14.9875	
1593	1	16	16	14.66	
1594	1	16.03	16.03	14.6291	
1595	1	16.06	16.06	14.6364	
1596	1	16.12	16.12	14.9456	
1597	1	16.05	16.05	14.5675	
1598	1	16.01	16.01	14.8899	
1599	1	16.07	16.07	14.7651	
1600	1	16.15	16.15	15.0475	
1601	1	16.16	16.16	15.1344	
1602	1	16.1	16.1	14.91	
1603	1	16.14	16.14	14.9804	
1604	1	16.16	16.16	15.1744	
1605	1	16.08	16.08	15.5136	
1606	1	16.13	16.13	15.1931	
1607	1	16.19	16.19	15.1139	
1608	1	16.14	16.14	15.1804	
1609	1	16.24	16.24	15.4624	
1610	1	16.19	16.19	14.8939	
1611	1	16.27	16.27	15.0171	
1612	1	16.36	16.36	15.3904	
1613	1	16.25	16.25	15.3475	
1614	1	16.29	16.29	15.0059	
1615	1	16.31	16.31	14.8539	
1616	1	16.32	16.32	14.9576	
1617	1	16.31	16.31	15.0339	
1618	1	16.34	16.34	14.8644	
1619	1	16.38	16.38	14.9756	
1620	1	16.37	16.37	14.9531	
1621	1	16.29	16.29	14.6859	
1622	1	16.39	16.39	14.9379	
1623	1	16.32	16.32	14.6376	
1624	1	16.32	16.32	14.6376	
1625	1	16.29	16.29	14.8059	
1626	1	16.37	16.37	14.7531	
1627	1	16.41	16.41	15.0019	
1628	1	16.32	16.32	14.9176	
1629	1	16.43	16.43	14.7851	
1630	1	16.38	16.38	14.5756	
1631	1	16.45	16.45	14.7675	
1632	1	16.45	16.45	14.7675	
1633	1	16.45	16.45	14.7475	
1634	1	16.46	16.46	14.8484	
1635	1	16.37	16.37	14.6531	
1636	1	16.48	16.48	15.0696	
1637	1	16.42	16.42	14.6036	
1638	1	16.49	16.49	15.0299	
1639	1	16.43	16.43	14.6451	
1640	1	16.47	16.47	14.7491	
1641	1	16.45	16.45	14.7675	
1642	1	16.51	16.51	14.7699	
1643	1	16.51	16.51	14.7699	
1644	1	16.55	16.55	14.7875	
1645	1	16.55	16.55	14.8675	
1646	1	16.59	16.59	14.9619	
1647	1	16.57	16.57	15.0251	
1648	1	16.66	16.66	15.0444	
1649	1	16.56	16.56	15.4464	
1650	1	16.62	16.62	14.7956	
1651	1	16.57	16.57	15.1051	
1652	1	16.59	16.59	14.9219	
1653	1	16.64	16.64	14.8304	
1654	1	16.67	16.67	14.8611	
1655	1	16.64	16.64	14.9304	
1656	1	16.72	16.72	15.1416	
1657	1	16.68	16.68	14.8776	
1658	1	16.61	16.61	15.1779	
1659	1	16.66	16.66	14.8644	
1660	1	16.67	16.67	14.8811	
1661	1	16.73	16.73	14.8971	
1662	1	16.76	16.76	14.8624	
1663	1	16.78	16.78	14.9516	
1664	1	16.72	16.72	14.8016	
1665	1	16.72	16.72	15.0216	
1666	1	16.77	16.77	14.9371	
1667	1	16.78	16.78	14.9516	
1668	1	16.75	16.75	15.4275	
1669	1	16.79	16.79	15.3859	
1670	1	16.79	16.79	15.3859	
1671	1	16.78	16.78	15.4316	
1672	1	16.81	16.81	15.2939	
1673	1	16.85	16.85	15.3875	
1674	1	16.86	16.86	15.3004	
1675	1	16.82	16.82	15.2276	
1676	1	16.9	16.9	15.57	
1677	1	16.87	16.87	15.2931	
1678	1	16.82	16.82	15.2276	
1679	1	16.84	16.84	15.1944	
1680	1	16.88	16.88	15.2856	
1681	1	16.92	16.92	15.5136	
1682	1	16.89	16.89	15.2379	
1683	1	16.84	16.84	15.1744	
1684	1	16.86	16.86	15.1204	
1685	1	16.92	16.92	15.2536	
1686	1	16.87	16.87	15.0931	
1687	1	16.88	16.88	15.1056	
1688	1	16.96	16.96	15.0384	
1689	1	16.97	16.97	15.0891	
1690	1	16.94	16.94	15.1164	
1691	1	16.92	16.92	15.2336	
1692	1	16.94	16.94	15.3964	
1693	1	16.99	16.99	15.2299	
1694	1	16.99	16.99	15.1899	
1695	1	17.06	17.06	15.3564	
1696	1	17.04	17.04	14.9784	
1697	1	17.06	17.06	14.9964	
1698	1	17.09	17.09	15.0819	
1699	1	17.04	17.04	15.0384	
1700	1	17.03	17.03	15.0891	
1701	1	17.1	17.1	15.15	
1702	1	17.09	17.09	15.0819	
1703	1	17.04	17.04	15.1384	
1704	1	17.13	17.13	15.3931	
1705	1	17.09	17.09	15.1619	
1706	1	17.17	17.17	15.3811	
1707	1	17.19	17.19	15.5939	
1708	1	17.1	17.1	15.35	
1709	1	17.1	17.1	15.37	
1710	1	17.09	17.09	15.4619	
1711	1	17.17	17.17	15.4411	
1712	1	17.15	17.15	15.4475	
1713	1	17.16	17.16	15.4944	
1714	1	17.15	17.15	15.5475	
1715	1	17.16	17.16	15.4944	
1716	1	17.15	17.15	15.5475	
1717	1	17.16	17.16	15.5744	
1718	1	17.18	17.18	15.5876	
1719	1	17.23	17.23	15.5171	
1720	1	17.18	17.18	15.6676	
1721	1	17.18	17.18	15.6676	
1722	1	17.22	17.22	15.7316	
1723	1	17.35	17.35	15.5675	
1724	1	17.29	17.29	15.3659	
1725	1	17.3	17.3	15.41	
1726	1	17.31	17.31	15.5539	
1727	1	17.34	17.34	15.4844	
1728	1	17.24	17.24	15.9824	
1729	1	17.28	17.28	15.8416	
1730	1	17.38	17.38	16.1756	
1731	1	17.29	17.29	15.7859	
1732	1	17.25	17.25	16.1275	
1733	1	17.31	17.31	15.7339	
1734	1	17.32	17.32	15.6976	
1735	1	17.33	17.33	15.7811	
1736	1	17.32	17.32	15.9376	
1737	1	17.39	17.39	15.9579	
1738	1	17.35	17.35	16.0275	
1739	1	17.42	17.42	16.1836	
1740	1	17.45	17.45	16.1875	
1741	1	17.39	17.39	15.9979	
1742	1	17.42	17.42	15.8036	
1743	1	17.4	17.4	15.94	
1744	1	17.51	17.51	15.9699	
1745	1	17.52	17.52	16.0896	
1746	1	17.45	17.45	15.6675	
1747	1	17.44	17.44	15.8864	
1748	1	17.54	17.54	16.1684	
1749	1	17.49	17.49	15.9499	
1750	1	17.44	17.44	16.3464	
1751	1	17.48	17.48	15.9896	
1752	1	17.51	17.51	15.9699	
1753	1	17.64	17.64	16.0704	
1754	1	17.64	17.64	15.9704	
1755	1	17.63	17.63	15.8931	
1756	1	17.59	17.59	15.9019	
1757	1	17.56	17.56	16.1464	
1758	1	17.6	17.6	16.26	
1759	1	17.55	17.55	16.2475	
1760	1	17.65	17.65	16.8075	
1761	1	17.61	17.61	16.6179	
1762	1	17.61	17.61	16.6179	
1763	1	17.61	17.61	16.5779	
1764	1	17.75	17.75	18.2075	
1765	1	17.63	17.63	16.8131	
1766	1	17.66	17.66	16.8044	
1767	1	17.72	17.72	17.2016	
1768	1	17.77	17.77	16.7771	
1769	1	17.78	17.78	16.7316	
1770	1	17.8	17.8	16.6	
1771	1	17.76	17.76	17.1224	
1772	1	17.85	17.85	16.6475	
1773	1	17.86	17.86	16.5604	
1774	1	17.97	17.97	17.1091	
1775	1	17.88	17.88	16.8256	
1776	1	17.96	17.96	16.9984	
1777	1	17.96	17.96	16.8184	
1778	1	17.95	17.95	16.6675	
1779	1	17.9	17.9	16.89	
1780	1	18.04	18.04	16.8984	
1781	1	17.96	17.96	16.2984	
1782	1	17.98	17.98	16.3996	
1783	1	18.07	18.07	16.4851	
1784	1	17.98	17.98	16.3996	
1785	1	17.92	17.92	16.2136	
1786	1	17.99	17.99	16.0099	
1787	1	18	18	16.18	
1788	1	17.99	17.99	16.2899	
1789	1	18.01	18.01	16.2699	
1790	1	17.96	17.96	16.7184	
1791	1	18.02	18.02	16.2596	
1792	1	18.03	18.03	16.2291	
1793	1	18.02	18.02	16.2596	
1794	1	18	18	16.42	
1795	1	18.06	18.06	16.1364	
1796	1	18.02	18.02	16.4796	
1797	1	18.06	18.06	16.1564	
1798	1	18.07	18.07	16.0451	
1799	1	18.11	18.11	16.0379	
1800	1	18.12	18.12	16.0856	
1801	1	18.12	18.12	16.0856	
1802	1	18.17	18.17	16.3811	
1803	1	18.04	18.04	16.8984	
1804	1	18.16	18.16	16.1544	
1805	1	18.09	18.09	16.4619	
1806	1	18.12	18.12	16.7256	
1807	1	18.17	18.17	16.3611	
1808	1	18.18	18.18	16.3476	
1809	1	18.22	18.22	16.4916	
1810	1	18.19	18.19	16.4939	
1811	1	18.22	18.22	16.3516	
1812	1	18.3	18.3	16.81	
1813	1	18.31	18.31	16.6139	
1814	1	18.19	18.19	17.1339	
1815	1	18.19	18.19	16.7339	
1816	1	18.23	18.23	16.5571	
1817	1	18.29	18.29	16.8859	
1818	1	18.3	18.3	16.93	
1819	1	18.23	18.23	16.7171	
1820	1	18.37	18.37	16.6731	
1821	1	18.37	18.37	16.4931	
1822	1	18.39	18.39	16.6779	
1823	1	18.3	18.3	16.47	
1824	1	18.32	18.32	16.3376	
1825	1	18.33	18.33	16.5011	
1826	1	18.38	18.38	16.5356	
1827	1	18.42	18.42	16.8436	
1828	1	18.37	18.37	16.6931	
1829	1	18.45	18.45	17.1275	
1830	1	18.4	18.4	17.08	
1831	1	18.52	18.52	17.8496	
1832	1	18.38	18.38	17.5756	
1833	1	18.4	18.4	17.36	
1834	1	18.43	18.43	17.2251	
1835	1	18.51	18.51	17.2099	
1836	1	18.58	18.58	17.8036	
1837	1	18.46	18.46	17.3684	
1838	1	18.51	18.51	17.2299	
1839	1	18.57	18.57	17.1451	
1840	1	18.58	18.58	17.2036	
1841	1	18.58	18.58	17.0036	
1842	1	18.55	18.55	16.9475	
1843	1	18.55	18.55	16.9075	
1844	1	18.58	18.58	16.8436	
1845	1	18.55	18.55	16.9675	
1846	1	18.69	18.69	18.4339	
1847	1	18.72	18.72	18.3216	
1848	1	18.68	18.68	17.1776	
1849	1	18.64	18.64	16.7904	
1850	1	18.68	18.68	16.9776	
1851	1	18.64	18.64	16.7704	
1852	1	18.62	18.62	16.8356	
1853	1	18.74	18.74	17.3924	
1854	1	18.62	18.62	16.9156	
1855	1	18.68	18.68	16.7176	
1856	1	18.63	18.63	17.2531	
1857	1	18.72	18.72	16.8616	
1858	1	18.7	18.7	16.81	
1859	1	18.68	18.68	16.7976	
1860	1	18.75	18.75	16.6475	
1861	1	18.76	18.76	16.6424	
1862	1	18.71	18.71	16.8659	
1863	1	18.73	18.73	16.7171	
1864	1	18.75	18.75	16.6475	
1865	1	18.72	18.72	16.7816	
1866	1	18.71	18.71	16.8659	
1867	1	18.82	18.82	16.7676	
1868	1	18.79	18.79	16.6659	
1869	1	18.86	18.86	17.1004	
1870	1	18.75	18.75	17.2875	
1871	1	18.85	18.85	16.9275	
1872	1	18.81	18.81	16.8339	
1873	1	18.89	18.89	17.1979	
1874	1	18.8	18.8	17.24	
1875	1	18.8	18.8	17.24	
1876	1	18.82	18.82	17.1076	
1877	1	18.87	18.87	16.8131	
1878	1	18.91	18.91	16.9019	
1879	1	18.91	18.91	16.9019	
1880	1	19	19	17.72	
1881	1	18.98	18.98	17.2796	
1882	1	18.98	18.98	17.2796	
1883	1	18.96	18.96	17.1184	
1884	1	18.93	18.93	17.0251	
1885	1	18.99	18.99	17.2899	
1886	1	18.93	18.93	17.1851	
1887	1	18.96	18.96	17.2184	
1888	1	18.94	18.94	17.2964	
1889	1	18.99	18.99	17.2899	
1890	1	18.99	18.99	17.3899	
1891	1	19	19	17.46	
1892	1	18.93	18.93	17.4051	
1893	1	19	19	17.4	
1894	1	18.9	18.9	18.23	
1895	1	19.01	19.01	17.4099	
1896	1	19.07	19.07	17.8851	
1897	1	19.01	19.01	17.4299	
1898	1	19.1	19.1	17.89	
1899	1	19.03	19.03	17.6291	
1900	1	19.15	19.15	17.6675	
1901	1	19.13	19.13	17.6531	
1902	1	19.13	19.13	17.7131	
1903	1	19.21	19.21	17.5259	
1904	1	19.13	19.13	17.7131	
1905	1	19.2	19.2	17.58	
1906	1	19.19	19.19	17.6539	
1907	1	19.24	19.24	17.4824	
1908	1	19.23	19.23	17.4971	
1909	1	19.21	19.21	17.5859	
1910	1	19.32	19.32	17.9976	
1911	1	19.18	19.18	18.0676	
1912	1	19.25	19.25	17.5475	
1913	1	19.3	19.3	17.67	
1914	1	19.27	19.27	17.4971	
1915	1	19.25	19.25	17.6475	
1916	1	19.35	19.35	17.8875	
1917	1	19.27	19.27	17.6571	
1918	1	19.25	19.25	17.8475	
1919	1	19.32	19.32	17.3976	
1920	1	19.37	19.37	17.3731	
1921	1	19.42	19.42	17.6836	
1922	1	19.4	19.4	17.42	
1923	1	19.32	19.32	17.6376	
1924	1	19.32	19.32	17.6376	
1925	1	19.42	19.42	17.4836	
1926	1	19.33	19.33	17.6411	
1927	1	19.39	19.39	17.3579	
1928	1	19.31	19.31	17.1939	
1929	1	19.28	19.28	17.3016	
1930	1	19.35	19.35	17.1075	
1931	1	19.31	19.31	17.1339	
1932	1	19.35	19.35	17.4875	
1933	1	19.37	19.37	17.6731	
1934	1	19.3	19.3	17.37	
1935	1	19.31	19.31	17.3539	
1936	1	19.29	19.29	17.7859	
1937	1	19.33	19.33	17.6811	
1938	1	19.3	19.3	17.91	
1939	1	19.35	19.35	17.6675	
1940	1	19.3	19.3	18.15	
1941	1	19.45	19.45	17.3475	
1942	1	19.41	19.41	17.4619	
1943	1	19.54	19.54	18.0684	
1944	1	19.41	19.41	17.7019	
1945	1	19.46	19.46	17.4084	
1946	1	19.48	19.48	17.4296	
1947	1	19.43	19.43	17.5251	
1948	1	19.5	19.5	17.27	
1949	1	19.55	19.55	17.3475	
1950	1	19.48	19.48	17.2096	
1951	1	19.52	19.52	17.0096	
1952	1	19.53	19.53	17.0291	
1953	1	19.5	19.5	17.11	
1954	1	19.55	19.55	17.3475	
1955	1	19.61	19.61	17.1779	
1956	1	19.58	19.58	17.3836	
1957	1	19.68	19.68	17.5976	
1958	1	19.58	19.58	18.1236	
1959	1	19.72	19.72	17.8816	
1960	1	19.68	19.68	17.6176	
1961	1	19.72	19.72	17.5216	
1962	1	19.72	19.72	17.5216	
1963	1	19.73	19.73	17.5171	
1964	1	19.71	19.71	17.5659	
1965	1	19.69	19.69	17.6539	
1966	1	19.65	19.65	18.1875	
1967	1	19.79	19.79	17.8259	
1968	1	19.78	19.78	17.5516	
1969	1	19.81	19.81	17.7739	
1970	1	19.8	19.8	17.68	
1971	1	19.77	19.77	17.4571	
1972	1	19.9	19.9	19.19	
1973	1	19.8	19.8	17.42	
1974	1	19.74	19.74	17.5124	
1975	1	19.77	19.77	17.3771	
1976	1	19.83	19.83	17.4611	
1977	1	19.73	19.73	17.6171	
1978	1	19.89	19.89	17.5179	
1979	1	19.85	19.85	17.3275	
1980	1	19.83	19.83	17.3611	
1981	1	19.81	19.81	17.6539	
1982	1	19.91	19.91	17.4819	
1983	1	19.88	19.88	17.3256	
1984	1	19.89	19.89	17.3579	
1985	1	19.93	19.93	17.6851	
1986	1	19.86	19.86	17.3204	
1987	1	19.85	19.85	17.3475	
1988	1	19.95	19.95	17.5675	
1989	1	19.85	19.85	17.5875	
1990	1	19.9	19.9	17.23	
1991	1	19.92	19.92	17.2536	
1992	1	19.9	19.9	17.33	
1993	1	19.88	19.88	17.7056	
1994	1	19.94	19.94	17.3564	
1995	1	19.99	19.99	17.5499	
1996	1	19.92	19.92	17.4736	
1997	1	20.03	20.03	17.9291	
1998	1	19.95	19.95	17.4475	
1999	1	19.96	19.96	17.4384	
2000	1	20.01	20.01	17.6899	
