# mu = 0.0001, s = 1, trials requested = 1, runtime = 0:00:26
# "Time"	"Actual trials"	"Mean mutation"	"Average mean mutation"	"Average mutation variance"
0	1	0	0	0	
1	1	0.99	0.99	0.0099	
2	1	0.99	0.99	0.0099	
3	1	1.99	1.99	0.0099	
4	1	2.99	2.99	0.0099	
5	1	6	6	0	
6	1	6	6	0	
7	1	6.01	6.01	0.0099	
8	1	6.01	6.01	0.0099	
9	1	6.99	6.99	0.0099	
10	1	6.99	6.99	0.0099	
11	1	7.01	7.01	0.0099	
12	1	8.01	8.01	0.0099	
13	1	8.01	8.01	0.0099	
14	1	8.01	8.01	0.0099	
15	1	9.99	9.99	0.0099	
16	1	10.01	10.01	0.0099	
17	1	10.01	10.01	0.0099	
18	1	11.01	11.01	0.0099	
19	1	11.01	11.01	0.0099	
20	1	11.01	11.01	0.0099	
21	1	11.01	11.01	0.0099	
22	1	12.99	12.99	0.0099	
23	1	13.99	13.99	0.0099	
24	1	15.01	15.01	0.0099	
25	1	15.99	15.99	0.0099	
26	1	18.99	18.99	0.0099	
27	1	18.99	18.99	0.0099	
28	1	19.99	19.99	0.0099	
29	1	20.01	20.01	0.0099	
30	1	20.01	20.01	0.0099	
31	1	20.01	20.01	0.0099	
32	1	21.99	21.99	0.0099	
33	1	23.54	23.54	0.2484	
34	1	24.01	24.01	0.0099	
35	1	24.01	24.01	0.0099	
36	1	24.01	24.01	0.0099	
37	1	25.99	25.99	0.0099	
38	1	26.99	26.99	0.0099	
39	1	27.01	27.01	0.0099	
40	1	27.01	27.01	0.0099	
41	1	28.01	28.01	0.0099	
42	1	28.01	28.01	0.0099	
43	1	28.01	28.01	0.0099	
44	1	28.01	28.01	0.0099	
45	1	28.99	28.99	0.0099	
46	1	28.99	28.99	0.0099	
47	1	28.99	28.99	0.0099	
48	1	29.01	29.01	0.0099	
49	1	29.99	29.99	0.0099	
50	1	29.99	29.99	0.0099	
51	1	29.99	29.99	0.0099	
52	1	30.99	30.99	0.0099	
53	1	31.99	31.99	0.0099	
54	1	31.99	31.99	0.0099	
55	1	32.01	32.01	0.0099	
56	1	32.01	32.01	0.0099	
57	1	32.01	32.01	0.0099	
58	1	32.01	32.01	0.0099	
59	1	32.01	32.01	0.0099	
60	1	32.01	32.01	0.0099	
61	1	32.01	32.01	0.0099	
62	1	32.01	32.01	0.0099	
63	1	32.01	32.01	0.0099	
64	1	32.01	32.01	0.0099	
65	1	32.01	32.01	0.0099	
66	1	32.99	32.99	0.0099	
67	1	33.01	33.01	0.0099	
68	1	34.99	34.99	0.0099	
69	1	34.99	34.99	0.0099	
70	1	34.99	34.99	0.0099	
71	1	36.99	36.99	0.0099	
72	1	37.99	37.99	0.0099	
73	1	37.99	37.99	0.0099	
74	1	38.01	38.01	0.0099	
75	1	38.01	38.01	0.0099	
76	1	39.01	39.01	0.0099	
77	1	39.01	39.01	0.0099	
78	1	39.99	39.99	0.0099	
79	1	40.01	40.01	0.0099	
80	1	40.01	40.01	0.0099	
81	1	40.01	40.01	0.0099	
82	1	40.01	40.01	0.0099	
83	1	41.01	41.01	0.0099	
84	1	41.01	41.01	0.0099	
85	1	42.99	42.99	0.0099	
86	1	42.99	42.99	0.0099	
87	1	43.99	43.99	0.0099	
88	1	44.99	44.99	0.0099	
89	1	44.99	44.99	0.0099	
90	1	45.01	45.01	0.0099	
91	1	45.01	45.01	0.0099	
92	1	45.01	45.01	0.0099	
93	1	46.99	46.99	0.0099	
94	1	47.01	47.01	0.0099	
95	1	47.01	47.01	0.0099	
96	1	47.01	47.01	0.0099	
97	1	47.01	47.01	0.0099	
98	1	47.01	47.01	0.0099	
99	1	47.02	47.02	0.0196	
100	1	48.01	48.01	0.0099	
101	1	48.99	48.99	0.0099	
102	1	48.99	48.99	0.0099	
103	1	49.01	49.01	0.0099	
104	1	49.01	49.01	0.0099	
105	1	49.01	49.01	0.0099	
106	1	49.01	49.01	0.0099	
107	1	49.01	49.01	0.0099	
108	1	49.01	49.01	0.0099	
109	1	49.01	49.01	0.0099	
110	1	49.01	49.01	0.0099	
111	1	49.01	49.01	0.0099	
112	1	49.01	49.01	0.0099	
113	1	49.01	49.01	0.0099	
114	1	49.01	49.01	0.0099	
115	1	49.01	49.01	0.0099	
116	1	49.01	49.01	0.0099	
117	1	49.99	49.99	0.0099	
118	1	50.01	50.01	0.0099	
119	1	50.99	50.99	0.0099	
120	1	51.99	51.99	0.0099	
121	1	51.99	51.99	0.0099	
122	1	51.99	51.99	0.0099	
123	1	52.99	52.99	0.0099	
124	1	52.99	52.99	0.0099	
125	1	52.99	52.99	0.0099	
126	1	52.99	52.99	0.0099	
127	1	53.01	53.01	0.0099	
128	1	53.01	53.01	0.0099	
129	1	53.01	53.01	0.0099	
130	1	53.99	53.99	0.0099	
131	1	53.99	53.99	0.0099	
132	1	55.99	55.99	0.0099	
133	1	56.9	56.9	0.09	
134	1	56.99	56.99	0.0099	
135	1	57.01	57.01	0.0099	
136	1	57.01	57.01	0.0099	
137	1	57.99	57.99	0.0099	
138	1	58.99	58.99	0.0099	
139	1	59.99	59.99	0.0099	
140	1	60.92	60.92	0.0736	
141	1	61.01	61.01	0.0099	
142	1	61.99	61.99	0.0099	
143	1	62.99	62.99	0.0099	
144	1	63.01	63.01	0.0099	
145	1	64.01	64.01	0.0099	
146	1	64.01	64.01	0.0099	
147	1	64.99	64.99	0.0099	
148	1	64.99	64.99	0.0099	
149	1	64.99	64.99	0.0099	
150	1	65.01	65.01	0.0099	
151	1	65.01	65.01	0.0099	
152	1	66.9	66.9	0.09	
153	1	66.99	66.99	0.0099	
154	1	67.01	67.01	0.0099	
155	1	67.01	67.01	0.0099	
156	1	69.99	69.99	0.0099	
157	1	70.01	70.01	0.0099	
158	1	70.01	70.01	0.0099	
159	1	70.99	70.99	0.0099	
160	1	70.99	70.99	0.0099	
161	1	70.99	70.99	0.0099	
162	1	70.99	70.99	0.0099	
163	1	71.99	71.99	0.0099	
164	1	71.99	71.99	0.0099	
165	1	72.99	72.99	0.0099	
166	1	73.99	73.99	0.0099	
167	1	73.99	73.99	0.0099	
168	1	73.99	73.99	0.0099	
169	1	73.99	73.99	0.0099	
170	1	74.01	74.01	0.0099	
171	1	75.01	75.01	0.0099	
172	1	75.99	75.99	0.0099	
173	1	77.01	77.01	0.0099	
174	1	77.01	77.01	0.0099	
175	1	77.01	77.01	0.0099	
176	1	77.01	77.01	0.0099	
177	1	77.01	77.01	0.0099	
178	1	77.99	77.99	0.0099	
179	1	77.99	77.99	0.0099	
180	1	77.99	77.99	0.0099	
181	1	78.99	78.99	0.0099	
182	1	79.01	79.01	0.0099	
183	1	80.99	80.99	0.0099	
184	1	81.99	81.99	0.0099	
185	1	82.91	82.91	0.0819	
186	1	82.99	82.99	0.0099	
187	1	83.01	83.01	0.0099	
188	1	83.01	83.01	0.0099	
189	1	83.01	83.01	0.0099	
190	1	83.99	83.99	0.0099	
191	1	83.99	83.99	0.0099	
192	1	85.99	85.99	0.0099	
193	1	85.99	85.99	0.0099	
194	1	85.99	85.99	0.0099	
195	1	86.01	86.01	0.0099	
196	1	87.01	87.01	0.0099	
197	1	89.01	89.01	0.0099	
198	1	89.01	89.01	0.0099	
199	1	89.99	89.99	0.0099	
200	1	89.99	89.99	0.0099	
201	1	91.01	91.01	0.0099	
202	1	91.01	91.01	0.0099	
203	1	91.01	91.01	0.0099	
204	1	91.99	91.99	0.0099	
205	1	92.01	92.01	0.0099	
206	1	92.01	92.01	0.0099	
207	1	92.01	92.01	0.0099	
208	1	92.01	92.01	0.0099	
209	1	92.01	92.01	0.0099	
210	1	92.01	92.01	0.0099	
211	1	92.99	92.99	0.0099	
212	1	93.99	93.99	0.0099	
213	1	93.99	93.99	0.0099	
214	1	95.99	95.99	0.0099	
215	1	95.99	95.99	0.0099	
216	1	96.99	96.99	0.0099	
217	1	96.99	96.99	0.0099	
218	1	96.99	96.99	0.0099	
219	1	96.99	96.99	0.0099	
220	1	97.01	97.01	0.0099	
221	1	97.01	97.01	0.0099	
222	1	97.01	97.01	0.0099	
223	1	98.01	98.01	0.0099	
224	1	99.83	99.83	0.1411	
225	1	101.01	101.01	0.0099	
226	1	101.99	101.99	0.0099	
227	1	102.01	102.01	0.0099	
228	1	102.01	102.01	0.0099	
229	1	102.01	102.01	0.0099	
230	1	102.99	102.99	0.0099	
231	1	102.99	102.99	0.0099	
232	1	103.01	103.01	0.0099	
233	1	103.99	103.99	0.0099	
234	1	103.99	103.99	0.0099	
235	1	104.01	104.01	0.0099	
236	1	104.01	104.01	0.0099	
237	1	104.01	104.01	0.0099	
238	1	105.01	105.01	0.0099	
239	1	105.01	105.01	0.0099	
240	1	105.01	105.01	0.0099	
241	1	105.01	105.01	0.0099	
242	1	105.99	105.99	0.0099	
243	1	105.99	105.99	0.0099	
244	1	105.99	105.99	0.0099	
245	1	105.99	105.99	0.0099	
246	1	107.99	107.99	0.0099	
247	1	107.99	107.99	0.0099	
248	1	108.01	108.01	0.0099	
249	1	108.01	108.01	0.0099	
250	1	108.01	108.01	0.0099	
251	1	108.99	108.99	0.0099	
252	1	108.99	108.99	0.0099	
253	1	110.99	110.99	0.0099	
254	1	111.01	111.01	0.0099	
255	1	111.01	111.01	0.0099	
256	1	111.01	111.01	0.0099	
257	1	111.01	111.01	0.0099	
258	1	111.01	111.01	0.0099	
259	1	111.01	111.01	0.0099	
260	1	111.99	111.99	0.0099	
261	1	112.01	112.01	0.0099	
262	1	112.01	112.01	0.0099	
263	1	112.01	112.01	0.0099	
264	1	113.99	113.99	0.0099	
265	1	113.99	113.99	0.0099	
266	1	113.99	113.99	0.0099	
267	1	114.01	114.01	0.0099	
268	1	114.01	114.01	0.0099	
269	1	114.01	114.01	0.0099	
270	1	115.01	115.01	0.0099	
271	1	116.99	116.99	0.0099	
272	1	116.99	116.99	0.0099	
273	1	116.99	116.99	0.0099	
274	1	118.99	118.99	0.0099	
275	1	120.99	120.99	0.0099	
276	1	121.99	121.99	0.0099	
277	1	121.99	121.99	0.0099	
278	1	121.99	121.99	0.0099	
279	1	122.99	122.99	0.0099	
280	1	123.01	123.01	0.0099	
281	1	123.01	123.01	0.0099	
282	1	123.44	123.44	0.2464	
283	1	123.99	123.99	0.0099	
284	1	124.32	124.32	0.2176	
285	1	124.99	124.99	0.0099	
286	1	126.99	126.99	0.0099	
287	1	126.99	126.99	0.0099	
288	1	126.99	126.99	0.0099	
289	1	127.01	127.01	0.0099	
290	1	127.99	127.99	0.0099	
291	1	128.99	128.99	0.0099	
292	1	129.99	129.99	0.0099	
293	1	130.99	130.99	0.0099	
294	1	131.99	131.99	0.0099	
295	1	133.82	133.82	0.1476	
296	1	135.31	135.31	0.3339	
297	1	137.99	137.99	0.0099	
298	1	137.99	137.99	0.0099	
299	1	138.01	138.01	0.0099	
300	1	138.01	138.01	0.0099	
301	1	139.01	139.01	0.0099	
302	1	139.01	139.01	0.0099	
303	1	139.01	139.01	0.0099	
304	1	139.99	139.99	0.0099	
305	1	139.99	139.99	0.0099	
306	1	139.99	139.99	0.0099	
307	1	140.99	140.99	0.0099	
308	1	141.01	141.01	0.0099	
309	1	141.01	141.01	0.0099	
310	1	142.01	142.01	0.0099	
311	1	142.99	142.99	0.0099	
312	1	142.99	142.99	0.0099	
313	1	143.01	143.01	0.0099	
314	1	144.99	144.99	0.0099	
315	1	145.01	145.01	0.0099	
316	1	145.99	145.99	0.0099	
317	1	145.99	145.99	0.0099	
318	1	146.01	146.01	0.0099	
319	1	146.01	146.01	0.0099	
320	1	146.01	146.01	0.0099	
321	1	147.01	147.01	0.0099	
322	1	147.01	147.01	0.0099	
323	1	147.01	147.01	0.0099	
324	1	149.01	149.01	0.0099	
325	1	149.99	149.99	0.0099	
326	1	150.01	150.01	0.0099	
327	1	150.01	150.01	0.0099	
328	1	150.01	150.01	0.0099	
329	1	151.99	151.99	0.0099	
330	1	152.99	152.99	0.0099	
331	1	153.01	153.01	0.0099	
332	1	153.01	153.01	0.0099	
333	1	153.01	153.01	0.0099	
334	1	153.01	153.01	0.0099	
335	1	154.3	154.3	0.21	
336	1	156.99	156.99	0.0099	
337	1	156.99	156.99	0.0099	
338	1	156.99	156.99	0.0099	
339	1	156.99	156.99	0.0099	
340	1	158.94	158.94	0.0564	
341	1	159.99	159.99	0.0099	
342	1	159.99	159.99	0.0099	
343	1	159.99	159.99	0.0099	
344	1	160.01	160.01	0.0099	
345	1	160.01	160.01	0.0099	
346	1	160.01	160.01	0.0099	
347	1	160.01	160.01	0.0099	
348	1	160.01	160.01	0.0099	
349	1	160.01	160.01	0.0099	
350	1	160.25	160.25	0.1875	
351	1	160.99	160.99	0.0099	
352	1	161.99	161.99	0.0099	
353	1	162.01	162.01	0.0099	
354	1	162.01	162.01	0.0099	
355	1	162.01	162.01	0.0099	
356	1	162.99	162.99	0.0099	
357	1	164.99	164.99	0.0099	
358	1	164.99	164.99	0.0099	
359	1	165.99	165.99	0.0099	
360	1	166.01	166.01	0.0099	
361	1	167.99	167.99	0.0099	
362	1	167.99	167.99	0.0099	
363	1	168.01	168.01	0.0099	
364	1	168.99	168.99	0.0099	
365	1	168.99	168.99	0.0099	
366	1	169.01	169.01	0.0099	
367	1	169.99	169.99	0.0099	
368	1	169.99	169.99	0.0099	
369	1	170.01	170.01	0.0099	
370	1	171.01	171.01	0.0099	
371	1	171.01	171.01	0.0099	
372	1	171.01	171.01	0.0099	
373	1	171.01	171.01	0.0099	
374	1	172.99	172.99	0.0099	
375	1	173.01	173.01	0.0099	
376	1	173.99	173.99	0.0099	
377	1	175.99	175.99	0.0099	
378	1	176.99	176.99	0.0099	
379	1	178.99	178.99	0.0099	
380	1	179.99	179.99	0.0099	
381	1	180.99	180.99	0.0099	
382	1	181.01	181.01	0.0099	
383	1	182.01	182.01	0.0099	
384	1	182.01	182.01	0.0099	
385	1	182.01	182.01	0.0099	
386	1	182.01	182.01	0.0099	
387	1	182.01	182.01	0.0099	
388	1	182.01	182.01	0.0099	
389	1	182.01	182.01	0.0099	
390	1	182.01	182.01	0.0099	
391	1	182.01	182.01	0.0099	
392	1	182.01	182.01	0.0099	
393	1	182.01	182.01	0.0099	
394	1	182.01	182.01	0.0099	
395	1	182.01	182.01	0.0099	
396	1	182.99	182.99	0.0099	
397	1	183.76	183.76	0.1824	
398	1	183.99	183.99	0.0099	
399	1	184.99	184.99	0.0099	
400	1	185.01	185.01	0.0099	
401	1	185.01	185.01	0.0099	
402	1	186.99	186.99	0.0099	
403	1	186.99	186.99	0.0099	
404	1	187.01	187.01	0.0099	
405	1	187.99	187.99	0.0099	
406	1	189.99	189.99	0.0099	
407	1	190.99	190.99	0.0099	
408	1	191.01	191.01	0.0099	
409	1	191.01	191.01	0.0099	
410	1	191.01	191.01	0.0099	
411	1	191.01	191.01	0.0099	
412	1	191.99	191.99	0.0099	
413	1	192.99	192.99	0.0099	
414	1	192.99	192.99	0.0099	
415	1	192.99	192.99	0.0099	
416	1	193.88	193.88	0.1056	
417	1	195.01	195.01	0.0099	
418	1	195.99	195.99	0.0099	
419	1	196.01	196.01	0.0099	
420	1	196.01	196.01	0.0099	
421	1	196.01	196.01	0.0099	
422	1	196.01	196.01	0.0099	
423	1	196.01	196.01	0.0099	
424	1	196.01	196.01	0.0099	
425	1	196.01	196.01	0.0099	
426	1	196.01	196.01	0.0099	
427	1	196.99	196.99	0.0099	
428	1	196.99	196.99	0.0099	
429	1	196.99	196.99	0.0099	
430	1	196.99	196.99	0.0099	
431	1	196.99	196.99	0.0099	
432	1	197.99	197.99	0.0099	
433	1	197.99	197.99	0.0099	
434	1	198.01	198.01	0.0099	
435	1	198.01	198.01	0.0099	
436	1	199.99	199.99	0.0099	
437	1	200.99	200.99	0.0099	
438	1	200.99	200.99	0.0099	
439	1	202.99	202.99	0.0099	
440	1	202.99	202.99	0.0099	
441	1	204.01	204.01	0.0099	
442	1	204.01	204.01	0.0099	
443	1	204.99	204.99	0.0099	
444	1	206.99	206.99	0.0099	
445	1	206.99	206.99	0.0099	
446	1	206.99	206.99	0.0099	
447	1	206.99	206.99	0.0099	
448	1	206.99	206.99	0.0099	
449	1	206.99	206.99	0.0099	
450	1	209.01	209.01	0.0099	
451	1	209.92	209.92	0.0736	
452	1	211.01	211.01	0.0099	
453	1	211.01	211.01	0.0099	
454	1	211.01	211.01	0.0099	
455	1	212.99	212.99	0.0099	
456	1	212.99	212.99	0.0099	
457	1	213.01	213.01	0.0099	
458	1	213.01	213.01	0.0099	
459	1	213.99	213.99	0.0099	
460	1	214.01	214.01	0.0099	
461	1	214.99	214.99	0.0099	
462	1	215.01	215.01	0.0099	
463	1	215.01	215.01	0.0099	
464	1	215.01	215.01	0.0099	
465	1	215.01	215.01	0.0099	
466	1	215.01	215.01	0.0099	
467	1	215.01	215.01	0.0099	
468	1	216.01	216.01	0.0099	
469	1	216.01	216.01	0.0099	
470	1	216.01	216.01	0.0099	
471	1	216.01	216.01	0.0099	
472	1	216.01	216.01	0.0099	
473	1	217.01	217.01	0.0099	
474	1	217.01	217.01	0.0099	
475	1	217.01	217.01	0.0099	
476	1	217.01	217.01	0.0099	
477	1	217.01	217.01	0.0099	
478	1	217.01	217.01	0.0099	
479	1	217.01	217.01	0.0099	
480	1	217.92	217.92	0.0736	
481	1	217.99	217.99	0.0099	
482	1	219.99	219.99	0.0099	
483	1	220.01	220.01	0.0099	
484	1	220.01	220.01	0.0099	
485	1	220.01	220.01	0.0099	
486	1	220.01	220.01	0.0099	
487	1	220.01	220.01	0.0099	
488	1	220.99	220.99	0.0099	
489	1	221.01	221.01	0.0099	
490	1	221.01	221.01	0.0099	
491	1	222.01	222.01	0.0099	
492	1	222.01	222.01	0.0099	
493	1	222.01	222.01	0.0099	
494	1	223.01	223.01	0.0099	
495	1	223.01	223.01	0.0099	
496	1	223.01	223.01	0.0099	
497	1	223.06	223.06	0.0564	
498	1	224.01	224.01	0.0099	
499	1	224.99	224.99	0.0099	
500	1	224.99	224.99	0.0099	
501	1	225.99	225.99	0.0099	
502	1	227.99	227.99	0.0099	
503	1	228.99	228.99	0.0099	
504	1	228.99	228.99	0.0099	
505	1	229.99	229.99	0.0099	
506	1	231.99	231.99	0.0099	
507	1	231.99	231.99	0.0099	
508	1	232.01	232.01	0.0099	
509	1	233	233	0	
510	1	233.01	233.01	0.0099	
511	1	233.01	233.01	0.0099	
512	1	233.01	233.01	0.0099	
513	1	234.01	234.01	0.0099	
514	1	234.99	234.99	0.0099	
515	1	235.01	235.01	0.0099	
516	1	235.99	235.99	0.0099	
517	1	236.01	236.01	0.0099	
518	1	236.01	236.01	0.0099	
519	1	236.01	236.01	0.0099	
520	1	237.01	237.01	0.0099	
521	1	237.99	237.99	0.0099	
522	1	238.99	238.99	0.0099	
523	1	239.99	239.99	0.0099	
524	1	241.99	241.99	0.0099	
525	1	243.01	243.01	0.0099	
526	1	243.01	243.01	0.0099	
527	1	243.01	243.01	0.0099	
528	1	243.99	243.99	0.0099	
529	1	244.99	244.99	0.0099	
530	1	244.99	244.99	0.0099	
531	1	244.99	244.99	0.0099	
532	1	244.99	244.99	0.0099	
533	1	246.01	246.01	0.0099	
534	1	246.01	246.01	0.0099	
535	1	246.01	246.01	0.0099	
536	1	246.99	246.99	0.0099	
537	1	246.99	246.99	0.0099	
538	1	248.99	248.99	0.0099	
539	1	249.01	249.01	0.0099	
540	1	249.99	249.99	0.0099	
541	1	250.99	250.99	0.0099	
542	1	251.01	251.01	0.0099	
543	1	251.99	251.99	0.0099	
544	1	251.99	251.99	0.0099	
545	1	252.99	252.99	0.0099	
546	1	252.99	252.99	0.0099	
547	1	252.99	252.99	0.0099	
548	1	252.99	252.99	0.0099	
549	1	252.99	252.99	0.0099	
550	1	253.01	253.01	0.0099	
551	1	253.01	253.01	0.0099	
552	1	254.99	254.99	0.0099	
553	1	255.99	255.99	0.0099	
554	1	256.01	256.01	0.0099	
555	1	257.01	257.01	0.0099	
556	1	258.99	258.99	0.0099	
557	1	261.99	261.99	0.0099	
558	1	262.99	262.99	0.0099	
559	1	263.99	263.99	0.0099	
560	1	263.99	263.99	0.0099	
561	1	264.99	264.99	0.0099	
562	1	265.01	265.01	0.0099	
563	1	265.01	265.01	0.0099	
564	1	265.99	265.99	0.0099	
565	1	265.99	265.99	0.0099	
566	1	266.01	266.01	0.0099	
567	1	266.99	266.99	0.0099	
568	1	267.99	267.99	0.0099	
569	1	268.99	268.99	0.0099	
570	1	269.01	269.01	0.0099	
571	1	270.99	270.99	0.0099	
572	1	271.01	271.01	0.0099	
573	1	271.95	271.95	0.0475	
574	1	272.99	272.99	0.0099	
575	1	272.99	272.99	0.0099	
576	1	272.99	272.99	0.0099	
577	1	272.99	272.99	0.0099	
578	1	273.99	273.99	0.0099	
579	1	273.99	273.99	0.0099	
580	1	275.99	275.99	0.0099	
581	1	276.99	276.99	0.0099	
582	1	277.99	277.99	0.0099	
583	1	279.99	279.99	0.0099	
584	1	279.99	279.99	0.0099	
585	1	282.01	282.01	0.0099	
586	1	283.97	283.97	0.0291	
587	1	284.99	284.99	0.0099	
588	1	284.99	284.99	0.0099	
589	1	284.99	284.99	0.0099	
590	1	285.01	285.01	0.0099	
591	1	285.01	285.01	0.0099	
592	1	285.01	285.01	0.0099	
593	1	285.01	285.01	0.0099	
594	1	285.99	285.99	0.0099	
595	1	285.99	285.99	0.0099	
596	1	286.99	286.99	0.0099	
597	1	287.99	287.99	0.0099	
598	1	288.99	288.99	0.0099	
599	1	289.71	289.71	0.2059	
600	1	291.99	291.99	0.0099	
601	1	293	293	0	
602	1	293	293	0	
603	1	293	293	0	
604	1	293.01	293.01	0.0099	
605	1	293.99	293.99	0.0099	
606	1	294.01	294.01	0.0099	
607	1	294.99	294.99	0.0099	
608	1	295.01	295.01	0.0099	
609	1	295.01	295.01	0.0099	
610	1	295.01	295.01	0.0099	
611	1	295.08	295.08	0.0736	
612	1	296.99	296.99	0.0099	
613	1	297.99	297.99	0.0099	
614	1	297.99	297.99	0.0099	
615	1	298.01	298.01	0.0099	
616	1	298.01	298.01	0.0099	
617	1	298.87	298.87	0.1131	
618	1	299.01	299.01	0.0099	
619	1	299.01	299.01	0.0099	
620	1	299.99	299.99	0.0099	
621	1	300.99	300.99	0.0099	
622	1	300.99	300.99	0.0099	
623	1	300.99	300.99	0.0099	
624	1	301.01	301.01	0.0099	
625	1	302.01	302.01	0.0099	
626	1	304.01	304.01	0.0099	
627	1	304.99	304.99	0.0099	
628	1	305.01	305.01	0.0099	
629	1	305.99	305.99	0.0099	
630	1	307.01	307.01	0.0099	
631	1	307.94	307.94	0.0564	
632	1	308.01	308.01	0.0099	
633	1	308.01	308.01	0.0099	
634	1	308.01	308.01	0.0099	
635	1	308.99	308.99	0.0099	
636	1	308.99	308.99	0.0099	
637	1	309.99	309.99	0.0099	
638	1	309.99	309.99	0.0099	
639	1	309.99	309.99	0.0099	
640	1	310.01	310.01	0.0099	
641	1	311.99	311.99	0.0099	
642	1	311.99	311.99	0.0099	
643	1	311.99	311.99	0.0099	
644	1	312.01	312.01	0.0099	
645	1	312.01	312.01	0.0099	
646	1	312.99	312.99	0.0099	
647	1	313.99	313.99	0.0099	
648	1	314.99	314.99	0.0099	
649	1	315.99	315.99	0.0099	
650	1	316.99	316.99	0.0099	
651	1	317.54	317.54	0.2484	
652	1	318.99	318.99	0.0099	
653	1	319.99	319.99	0.0099	
654	1	320.01	320.01	0.0099	
655	1	320.01	320.01	0.0099	
656	1	320.01	320.01	0.0099	
657	1	320.01	320.01	0.0099	
658	1	321.01	321.01	0.0099	
659	1	321.01	321.01	0.0099	
660	1	321.99	321.99	0.0099	
661	1	321.99	321.99	0.0099	
662	1	322.01	322.01	0.0099	
663	1	322.99	322.99	0.0099	
664	1	323.01	323.01	0.0099	
665	1	323.01	323.01	0.0099	
666	1	323.01	323.01	0.0099	
667	1	323.01	323.01	0.0099	
668	1	323.01	323.01	0.0099	
669	1	323.01	323.01	0.0099	
670	1	323.01	323.01	0.0099	
671	1	323.22	323.22	0.1716	
672	1	324.01	324.01	0.0099	
673	1	324.01	324.01	0.0099	
674	1	324.99	324.99	0.0099	
675	1	325.99	325.99	0.0099	
676	1	327.99	327.99	0.0099	
677	1	327.99	327.99	0.0099	
678	1	328.99	328.99	0.0099	
679	1	329.99	329.99	0.0099	
680	1	329.99	329.99	0.0099	
681	1	330.01	330.01	0.0099	
682	1	330.01	330.01	0.0099	
683	1	330.01	330.01	0.0099	
684	1	330.99	330.99	0.0099	
685	1	330.99	330.99	0.0099	
686	1	331.99	331.99	0.0099	
687	1	332.93	332.93	0.0651	
688	1	333.99	333.99	0.0099	
689	1	334.99	334.99	0.0099	
690	1	334.99	334.99	0.0099	
691	1	334.99	334.99	0.0099	
692	1	334.99	334.99	0.0099	
693	1	335.94	335.94	0.0564	
694	1	335.99	335.99	0.0099	
695	1	337.99	337.99	0.0099	
696	1	338.99	338.99	0.0099	
697	1	339.99	339.99	0.0099	
698	1	339.99	339.99	0.0099	
699	1	341.01	341.01	0.0099	
700	1	341.01	341.01	0.0099	
701	1	342.01	342.01	0.0099	
702	1	342.01	342.01	0.0099	
703	1	343.01	343.01	0.0099	
704	1	343.01	343.01	0.0099	
705	1	343.99	343.99	0.0099	
706	1	344.01	344.01	0.0099	
707	1	345.01	345.01	0.0099	
708	1	345.01	345.01	0.0099	
709	1	345.01	345.01	0.0099	
710	1	345.01	345.01	0.0099	
711	1	345.01	345.01	0.0099	
712	1	345.01	345.01	0.0099	
713	1	345.99	345.99	0.0099	
714	1	345.99	345.99	0.0099	
715	1	346.01	346.01	0.0099	
716	1	347.99	347.99	0.0099	
717	1	348.01	348.01	0.0099	
718	1	348.01	348.01	0.0099	
719	1	348.01	348.01	0.0099	
720	1	348.01	348.01	0.0099	
721	1	348.01	348.01	0.0099	
722	1	349.99	349.99	0.0099	
723	1	350.93	350.93	0.0651	
724	1	350.99	350.99	0.0099	
725	1	351.99	351.99	0.0099	
726	1	352.01	352.01	0.0099	
727	1	352.01	352.01	0.0099	
728	1	352.01	352.01	0.0099	
729	1	352.99	352.99	0.0099	
730	1	353.01	353.01	0.0099	
731	1	353.01	353.01	0.0099	
732	1	353.99	353.99	0.0099	
733	1	354.99	354.99	0.0099	
734	1	354.99	354.99	0.0099	
735	1	354.99	354.99	0.0099	
736	1	354.99	354.99	0.0099	
737	1	355.01	355.01	0.0099	
738	1	355.01	355.01	0.0099	
739	1	355.99	355.99	0.0099	
740	1	355.99	355.99	0.0099	
741	1	355.99	355.99	0.0099	
742	1	356.01	356.01	0.0099	
743	1	356.01	356.01	0.0099	
744	1	356.01	356.01	0.0099	
745	1	356.01	356.01	0.0099	
746	1	356.01	356.01	0.0099	
747	1	356.99	356.99	0.0099	
748	1	356.99	356.99	0.0099	
749	1	356.99	356.99	0.0099	
750	1	356.99	356.99	0.0099	
751	1	356.99	356.99	0.0099	
752	1	356.99	356.99	0.0099	
753	1	358.99	358.99	0.0099	
754	1	359.99	359.99	0.0099	
755	1	360.01	360.01	0.0099	
756	1	360.99	360.99	0.0099	
757	1	361.99	361.99	0.0099	
758	1	362.99	362.99	0.0099	
759	1	365.01	365.01	0.3299	
760	1	366.99	366.99	0.0099	
761	1	366.99	366.99	0.0099	
762	1	366.99	366.99	0.0099	
763	1	367.01	367.01	0.0099	
764	1	367.01	367.01	0.0099	
765	1	367.73	367.73	0.1971	
766	1	368.01	368.01	0.0099	
767	1	368.12	368.12	0.1056	
768	1	368.99	368.99	0.0099	
769	1	370.01	370.01	0.0099	
770	1	370.01	370.01	0.0099	
771	1	372.01	372.01	0.0099	
772	1	372.01	372.01	0.0099	
773	1	372.01	372.01	0.0099	
774	1	373.01	373.01	0.0099	
775	1	373.01	373.01	0.0099	
776	1	373.97	373.97	0.0291	
777	1	373.99	373.99	0.0099	
778	1	374.99	374.99	0.0099	
779	1	375.99	375.99	0.0099	
780	1	376.99	376.99	0.0099	
781	1	377.91	377.91	0.0819	
782	1	377.99	377.99	0.0099	
783	1	377.99	377.99	0.0099	
784	1	379.99	379.99	0.0099	
785	1	380.01	380.01	0.0099	
786	1	380.01	380.01	0.0099	
787	1	380.01	380.01	0.0099	
788	1	380.01	380.01	0.0099	
789	1	380.01	380.01	0.0099	
790	1	380.01	380.01	0.0099	
791	1	380.01	380.01	0.0099	
792	1	380.01	380.01	0.0099	
793	1	380.01	380.01	0.0099	
794	1	380.01	380.01	0.0099	
795	1	380.01	380.01	0.0099	
796	1	380.01	380.01	0.0099	
797	1	381	381	0	
798	1	381	381	0	
799	1	381	381	0	
800	1	381.99	381.99	0.0099	
801	1	382.01	382.01	0.0099	
802	1	382.99	382.99	0.0099	
803	1	383.01	383.01	0.0099	
804	1	383.01	383.01	0.0099	
805	1	383.01	383.01	0.0099	
806	1	383.01	383.01	0.0099	
807	1	383.01	383.01	0.0099	
808	1	383.99	383.99	0.0099	
809	1	384.77	384.77	0.1771	
810	1	384.99	384.99	0.0099	
811	1	386.08	386.08	0.0736	
812	1	387.99	387.99	0.0099	
813	1	387.99	387.99	0.0099	
814	1	388.12	388.12	0.1056	
815	1	389.99	389.99	0.0099	
816	1	390.01	390.01	0.0099	
817	1	390.01	390.01	0.0099	
818	1	390.01	390.01	0.0099	
819	1	390.01	390.01	0.0099	
820	1	390.01	390.01	0.0099	
821	1	390.01	390.01	0.0099	
822	1	390.01	390.01	0.0099	
823	1	390.01	390.01	0.0099	
824	1	390.01	390.01	0.0099	
825	1	390.01	390.01	0.0099	
826	1	391.01	391.01	0.0099	
827	1	391.01	391.01	0.0099	
828	1	391.01	391.01	0.0099	
829	1	391.01	391.01	0.0099	
830	1	391.01	391.01	0.0099	
831	1	392.99	392.99	0.0099	
832	1	393.99	393.99	0.0099	
833	1	395.03	395.03	0.0291	
834	1	396.01	396.01	0.0099	
835	1	396.01	396.01	0.0099	
836	1	396.01	396.01	0.0099	
837	1	396.01	396.01	0.0099	
838	1	396.99	396.99	0.0099	
839	1	397.99	397.99	0.0099	
840	1	398.99	398.99	0.0099	
841	1	398.99	398.99	0.0099	
842	1	398.99	398.99	0.0099	
843	1	398.99	398.99	0.0099	
844	1	399.01	399.01	0.0099	
845	1	399.01	399.01	0.0099	
846	1	400.01	400.01	0.0099	
847	1	400.01	400.01	0.0099	
848	1	400.01	400.01	0.0099	
849	1	400.01	400.01	0.0099	
850	1	401.01	401.01	0.0099	
851	1	401.01	401.01	0.0099	
852	1	401.01	401.01	0.0099	
853	1	401.01	401.01	0.0099	
854	1	401.01	401.01	0.0099	
855	1	401.01	401.01	0.0099	
856	1	401.01	401.01	0.0099	
857	1	402.01	402.01	0.0099	
858	1	403.99	403.99	0.0099	
859	1	403.99	403.99	0.0099	
860	1	405.99	405.99	0.0099	
861	1	405.99	405.99	0.0099	
862	1	405.99	405.99	0.0099	
863	1	405.99	405.99	0.0099	
864	1	405.99	405.99	0.0099	
865	1	405.99	405.99	0.0099	
866	1	406.98	406.98	0.0196	
867	1	406.99	406.99	0.0099	
868	1	407.99	407.99	0.0099	
869	1	408.01	408.01	0.0099	
870	1	408.99	408.99	0.0099	
871	1	409.99	409.99	0.0099	
872	1	410.99	410.99	0.0099	
873	1	410.99	410.99	0.0099	
874	1	413.01	413.01	0.0099	
875	1	413.01	413.01	0.0099	
876	1	413.01	413.01	0.0099	
877	1	413.99	413.99	0.0099	
878	1	414.92	414.92	0.0736	
879	1	415.01	415.01	0.0099	
880	1	415.99	415.99	0.0099	
881	1	416.01	416.01	0.0099	
882	1	416.01	416.01	0.0099	
883	1	416.01	416.01	0.0099	
884	1	416.01	416.01	0.0099	
885	1	417.01	417.01	0.0099	
886	1	417.01	417.01	0.0099	
887	1	417.01	417.01	0.0099	
888	1	417.01	417.01	0.0099	
889	1	417.01	417.01	0.0099	
890	1	419.01	419.01	0.0099	
891	1	422.99	422.99	0.0099	
892	1	423.99	423.99	0.0099	
893	1	423.99	423.99	0.0099	
894	1	423.99	423.99	0.0099	
895	1	424.01	424.01	0.0099	
896	1	424.01	424.01	0.0099	
897	1	424.01	424.01	0.0099	
898	1	424.99	424.99	0.0099	
899	1	424.99	424.99	0.0099	
900	1	425.98	425.98	0.0196	
901	1	426.01	426.01	0.0099	
902	1	426.99	426.99	0.0099	
903	1	427.78	427.78	0.1716	
904	1	428.01	428.01	0.0099	
905	1	428.99	428.99	0.0099	
906	1	429.01	429.01	0.0099	
907	1	429.01	429.01	0.0099	
908	1	430.99	430.99	0.0099	
909	1	431.01	431.01	0.0099	
910	1	431.99	431.99	0.0099	
911	1	432.01	432.01	0.0099	
912	1	432.01	432.01	0.0099	
913	1	432.01	432.01	0.0099	
914	1	433.99	433.99	0.0099	
915	1	433.99	433.99	0.0099	
916	1	433.99	433.99	0.0099	
917	1	433.99	433.99	0.0099	
918	1	434.03	434.03	0.0291	
919	1	434.99	434.99	0.0099	
920	1	436.99	436.99	0.0099	
921	1	436.99	436.99	0.0099	
922	1	437.99	437.99	0.0099	
923	1	438.01	438.01	0.0099	
924	1	439.04	439.04	0.0384	
925	1	440.01	440.01	0.0099	
926	1	440.01	440.01	0.0099	
927	1	440.01	440.01	0.0099	
928	1	440.01	440.01	0.0099	
929	1	440.01	440.01	0.0099	
930	1	440.01	440.01	0.0099	
931	1	440.99	440.99	0.0099	
932	1	440.99	440.99	0.0099	
933	1	441.99	441.99	0.0099	
934	1	442.01	442.01	0.0099	
935	1	442.99	442.99	0.0099	
936	1	443.01	443.01	0.0099	
937	1	444.01	444.01	0.0099	
938	1	444.01	444.01	0.0099	
939	1	444.01	444.01	0.0099	
940	1	444.01	444.01	0.0099	
941	1	446.01	446.01	0.0099	
942	1	446.01	446.01	0.0099	
943	1	446.99	446.99	0.0099	
944	1	447.99	447.99	0.0099	
945	1	447.99	447.99	0.0099	
946	1	447.99	447.99	0.0099	
947	1	447.99	447.99	0.0099	
948	1	447.99	447.99	0.0099	
949	1	448.99	448.99	0.0099	
950	1	449.99	449.99	0.0099	
951	1	449.99	449.99	0.0099	
952	1	449.99	449.99	0.0099	
953	1	450.99	450.99	0.0099	
954	1	451.99	451.99	0.0099	
955	1	451.99	451.99	0.0099	
956	1	451.99	451.99	0.0099	
957	1	451.99	451.99	0.0099	
958	1	452.01	452.01	0.0099	
959	1	452.99	452.99	0.0099	
960	1	453.01	453.01	0.0099	
961	1	453.01	453.01	0.0099	
962	1	453.01	453.01	0.0099	
963	1	453.01	453.01	0.0099	
964	1	453.01	453.01	0.0099	
965	1	453.85	453.85	0.1275	
966	1	454.99	454.99	0.0099	
967	1	455.01	455.01	0.0099	
968	1	457.01	457.01	0.0099	
969	1	457.99	457.99	0.0099	
970	1	460.99	460.99	0.0099	
971	1	461.01	461.01	0.0099	
972	1	461.01	461.01	0.0099	
973	1	461.01	461.01	0.0099	
974	1	461.01	461.01	0.0099	
975	1	461.99	461.99	0.0099	
976	1	462.99	462.99	0.0099	
977	1	462.99	462.99	0.0099	
978	1	462.99	462.99	0.0099	
979	1	465.01	465.01	0.0099	
980	1	465.01	465.01	0.0099	
981	1	465.01	465.01	0.0099	
982	1	465.99	465.99	0.0099	
983	1	465.99	465.99	0.0099	
984	1	465.99	465.99	0.0099	
985	1	466.99	466.99	0.0099	
986	1	467.99	467.99	0.0099	
987	1	467.99	467.99	0.0099	
988	1	468.01	468.01	0.0099	
989	1	468.01	468.01	0.0099	
990	1	469.01	469.01	0.0099	
991	1	470.99	470.99	0.0099	
992	1	471.99	471.99	0.0099	
993	1	471.99	471.99	0.0099	
994	1	473.99	473.99	0.0099	
995	1	474.99	474.99	0.0099	
996	1	475.01	475.01	0.0099	
997	1	475.99	475.99	0.0099	
998	1	476.01	476.01	0.0099	
999	1	476.99	476.99	0.0099	
1000	1	476.99	476.99	0.0099	
1001	1	478.98	478.98	0.0196	
1002	1	479.01	479.01	0.0099	
1003	1	479.01	479.01	0.0099	
1004	1	479.01	479.01	0.0099	
1005	1	479.01	479.01	0.0099	
1006	1	479.01	479.01	0.0099	
1007	1	480.01	480.01	0.0099	
1008	1	480.01	480.01	0.0099	
1009	1	480.01	480.01	0.0099	
1010	1	482.01	482.01	0.0099	
1011	1	482.01	482.01	0.0099	
1012	1	482.01	482.01	0.0099	
1013	1	482.99	482.99	0.0099	
1014	1	483.99	483.99	0.0099	
1015	1	483.99	483.99	0.0099	
1016	1	483.99	483.99	0.0099	
1017	1	484.01	484.01	0.0099	
1018	1	486.3	486.3	0.21	
1019	1	487.02	487.02	0.0196	
1020	1	487.99	487.99	0.0099	
1021	1	488.99	488.99	0.0099	
1022	1	490.01	490.01	0.0099	
1023	1	490.01	490.01	0.0099	
1024	1	491.06	491.06	0.0564	
1025	1	492.99	492.99	0.0099	
1026	1	492.99	492.99	0.0099	
1027	1	494.99	494.99	0.0099	
1028	1	495.99	495.99	0.0099	
1029	1	496.01	496.01	0.0099	
1030	1	496.99	496.99	0.0099	
1031	1	499.99	499.99	0.0099	
1032	1	501.99	501.99	0.0099	
1033	1	502.01	502.01	0.0099	
1034	1	502.01	502.01	0.0099	
1035	1	502.01	502.01	0.0099	
1036	1	502.01	502.01	0.0099	
1037	1	502.01	502.01	0.0099	
1038	1	502.01	502.01	0.0099	
1039	1	502.1	502.1	0.09	
1040	1	502.99	502.99	0.0099	
1041	1	503.01	503.01	0.0099	
1042	1	503.99	503.99	0.0099	
1043	1	503.99	503.99	0.0099	
1044	1	504.01	504.01	0.0099	
1045	1	504.01	504.01	0.0099	
1046	1	504.01	504.01	0.0099	
1047	1	504.99	504.99	0.0099	
1048	1	504.99	504.99	0.0099	
1049	1	505.99	505.99	0.0099	
1050	1	506.99	506.99	0.0099	
1051	1	507.99	507.99	0.0099	
1052	1	508.01	508.01	0.0099	
1053	1	508.01	508.01	0.0099	
1054	1	508.01	508.01	0.0099	
1055	1	509.99	509.99	0.0099	
1056	1	510.01	510.01	0.0099	
1057	1	510.01	510.01	0.0099	
1058	1	511.99	511.99	0.0099	
1059	1	511.99	511.99	0.0099	
1060	1	511.99	511.99	0.0099	
1061	1	513.99	513.99	0.0099	
1062	1	514.99	514.99	0.0099	
1063	1	516.99	516.99	0.0099	
1064	1	517.99	517.99	0.0099	
1065	1	517.99	517.99	0.0099	
1066	1	517.99	517.99	0.0099	
1067	1	518.96	518.96	0.0384	
1068	1	519.01	519.01	0.0099	
1069	1	519.01	519.01	0.0099	
1070	1	519.01	519.01	0.0099	
1071	1	520.99	520.99	0.0099	
1072	1	520.99	520.99	0.0099	
1073	1	520.99	520.99	0.0099	
1074	1	520.99	520.99	0.0099	
1075	1	520.99	520.99	0.0099	
1076	1	520.99	520.99	0.0099	
1077	1	521.99	521.99	0.0099	
1078	1	523.01	523.01	0.0099	
1079	1	523.01	523.01	0.0099	
1080	1	523.01	523.01	0.0099	
1081	1	523.01	523.01	0.0099	
1082	1	523.01	523.01	0.0099	
1083	1	523.01	523.01	0.0099	
1084	1	523.01	523.01	0.0099	
1085	1	523.01	523.01	0.0099	
1086	1	524.01	524.01	0.0099	
1087	1	525.99	525.99	0.0099	
1088	1	525.99	525.99	0.0099	
1089	1	525.99	525.99	0.0099	
1090	1	526.01	526.01	0.0099	
1091	1	526.99	526.99	0.0099	
1092	1	528.99	528.99	0.0099	
1093	1	530.99	530.99	0.0099	
1094	1	530.99	530.99	0.0099	
1095	1	530.99	530.99	0.0099	
1096	1	530.99	530.99	0.0099	
1097	1	531.01	531.01	0.0099	
1098	1	531.01	531.01	0.0099	
1099	1	531.01	531.01	0.0099	
1100	1	531.01	531.01	0.0099	
1101	1	531.01	531.01	0.0099	
1102	1	531.01	531.01	0.0099	
1103	1	531.01	531.01	0.0099	
1104	1	531.01	531.01	0.0099	
1105	1	531.99	531.99	0.0099	
1106	1	532.99	532.99	0.0099	
1107	1	533.61	533.61	0.2379	
1108	1	534.99	534.99	0.0099	
1109	1	534.99	534.99	0.0099	
1110	1	535.01	535.01	0.0099	
1111	1	535.01	535.01	0.0099	
1112	1	535.99	535.99	0.0099	
1113	1	535.99	535.99	0.0099	
1114	1	535.99	535.99	0.0099	
1115	1	535.99	535.99	0.0099	
1116	1	536.01	536.01	0.0099	
1117	1	537.01	537.01	0.0099	
1118	1	537.01	537.01	0.0099	
1119	1	537.01	537.01	0.0099	
1120	1	537.99	537.99	0.0099	
1121	1	540.01	540.01	0.0099	
1122	1	540.01	540.01	0.0099	
1123	1	542.99	542.99	0.0099	
1124	1	545.01	545.01	0.0099	
1125	1	545.01	545.01	0.0099	
1126	1	545.01	545.01	0.0099	
1127	1	545.01	545.01	0.0099	
1128	1	545.99	545.99	0.0099	
1129	1	546.01	546.01	0.0099	
1130	1	546.99	546.99	0.0099	
1131	1	546.99	546.99	0.0099	
1132	1	547.99	547.99	0.0099	
1133	1	547.99	547.99	0.0099	
1134	1	548.01	548.01	0.0099	
1135	1	548.99	548.99	0.0099	
1136	1	549.01	549.01	0.0099	
1137	1	549.99	549.99	0.0099	
1138	1	551.97	551.97	0.0291	
1139	1	552.01	552.01	0.0099	
1140	1	552.01	552.01	0.0099	
1141	1	552.01	552.01	0.0099	
1142	1	552.99	552.99	0.0099	
1143	1	552.99	552.99	0.0099	
1144	1	552.99	552.99	0.0099	
1145	1	554.01	554.01	0.0099	
1146	1	554.99	554.99	0.0099	
1147	1	555.99	555.99	0.0099	
1148	1	555.99	555.99	0.0099	
1149	1	557.01	557.01	0.0099	
1150	1	557.01	557.01	0.0099	
1151	1	557.01	557.01	0.0099	
1152	1	557.01	557.01	0.0099	
1153	1	557.99	557.99	0.0099	
1154	1	558.99	558.99	0.0099	
1155	1	559.99	559.99	0.0099	
1156	1	561.01	561.01	0.0099	
1157	1	561.01	561.01	0.0099	
1158	1	561.01	561.01	0.0099	
1159	1	562.99	562.99	0.0099	
1160	1	563.01	563.01	0.0099	
1161	1	563.01	563.01	0.0099	
1162	1	563.99	563.99	0.0099	
1163	1	565.99	565.99	0.0099	
1164	1	566.01	566.01	0.0099	
1165	1	566.01	566.01	0.0099	
1166	1	566.99	566.99	0.0099	
1167	1	568.27	568.27	0.1971	
1168	1	569.01	569.01	0.0099	
1169	1	569.99	569.99	0.0099	
1170	1	569.99	569.99	0.0099	
1171	1	570.99	570.99	0.0099	
1172	1	570.99	570.99	0.0099	
1173	1	570.99	570.99	0.0099	
1174	1	573.99	573.99	0.0099	
1175	1	574.01	574.01	0.0099	
1176	1	574.01	574.01	0.0099	
1177	1	574.01	574.01	0.0099	
1178	1	574.99	574.99	0.0099	
1179	1	575.01	575.01	0.0099	
1180	1	575.98	575.98	0.0196	
1181	1	575.99	575.99	0.0099	
1182	1	576.01	576.01	0.0099	
1183	1	576.01	576.01	0.0099	
1184	1	576.01	576.01	0.0099	
1185	1	576.01	576.01	0.0099	
1186	1	577.35	577.35	0.2275	
1187	1	579.99	579.99	0.0099	
1188	1	580.01	580.01	0.0099	
1189	1	580.99	580.99	0.0099	
1190	1	582.99	582.99	0.0099	
1191	1	584.99	584.99	0.0099	
1192	1	584.99	584.99	0.0099	
1193	1	585.01	585.01	0.0099	
1194	1	585.01	585.01	0.0099	
1195	1	585.99	585.99	0.0099	
1196	1	586.99	586.99	0.0099	
1197	1	586.99	586.99	0.0099	
1198	1	586.99	586.99	0.0099	
1199	1	587.01	587.01	0.0099	
1200	1	587.01	587.01	0.0099	
1201	1	587.01	587.01	0.0099	
1202	1	587.99	587.99	0.0099	
1203	1	589.99	589.99	0.0099	
1204	1	589.99	589.99	0.0099	
1205	1	590.99	590.99	0.0099	
1206	1	591.99	591.99	0.0099	
1207	1	591.99	591.99	0.0099	
1208	1	592.07	592.07	0.0651	
1209	1	593.01	593.01	0.0099	
1210	1	593.01	593.01	0.0099	
1211	1	593.01	593.01	0.0099	
1212	1	593.01	593.01	0.0099	
1213	1	593.01	593.01	0.0099	
1214	1	593.01	593.01	0.0099	
1215	1	593.01	593.01	0.0099	
1216	1	593.01	593.01	0.0099	
1217	1	593.01	593.01	0.0099	
1218	1	593.01	593.01	0.0099	
1219	1	593.01	593.01	0.0099	
1220	1	593.01	593.01	0.0099	
1221	1	593.2	593.2	0.16	
1222	1	595.01	595.01	0.0099	
1223	1	595.01	595.01	0.0099	
1224	1	595.01	595.01	0.0099	
1225	1	595.01	595.01	0.0099	
1226	1	595.01	595.01	0.0099	
1227	1	595.01	595.01	0.0099	
1228	1	595.01	595.01	0.0099	
1229	1	596.96	596.96	0.0384	
1230	1	597.99	597.99	0.0099	
1231	1	597.99	597.99	0.0099	
1232	1	598.99	598.99	0.0099	
1233	1	598.99	598.99	0.0099	
1234	1	598.99	598.99	0.0099	
1235	1	600.01	600.01	0.0099	
1236	1	600.99	600.99	0.0099	
1237	1	601.99	601.99	0.0099	
1238	1	602.99	602.99	0.0099	
1239	1	602.99	602.99	0.0099	
1240	1	602.99	602.99	0.0099	
1241	1	602.99	602.99	0.0099	
1242	1	603.63	603.63	0.2331	
1243	1	604.01	604.01	0.0099	
1244	1	604.01	604.01	0.0099	
1245	1	604.01	604.01	0.0099	
1246	1	604.01	604.01	0.0099	
1247	1	604.99	604.99	0.0099	
1248	1	605.01	605.01	0.0099	
1249	1	605.01	605.01	0.0099	
1250	1	606.01	606.01	0.0099	
1251	1	606.01	606.01	0.0099	
1252	1	606.01	606.01	0.0099	
1253	1	606.01	606.01	0.0099	
1254	1	606.01	606.01	0.0099	
1255	1	606.01	606.01	0.0099	
1256	1	607.01	607.01	0.0099	
1257	1	607.01	607.01	0.0099	
1258	1	607.01	607.01	0.0099	
1259	1	607.01	607.01	0.0099	
1260	1	609.74	609.74	0.1924	
1261	1	610.01	610.01	0.0099	
1262	1	611.01	611.01	0.0099	
1263	1	611.99	611.99	0.0099	
1264	1	611.99	611.99	0.0099	
1265	1	611.99	611.99	0.0099	
1266	1	612.01	612.01	0.0099	
1267	1	612.01	612.01	0.0099	
1268	1	612.99	612.99	0.0099	
1269	1	612.99	612.99	0.0099	
1270	1	613.01	613.01	0.0099	
1271	1	613.01	613.01	0.0099	
1272	1	613.01	613.01	0.0099	
1273	1	614.77	614.77	0.1771	
1274	1	615.52	615.52	0.2496	
1275	1	616.01	616.01	0.0099	
1276	1	616.01	616.01	0.0099	
1277	1	616.01	616.01	0.0099	
1278	1	616.99	616.99	0.0099	
1279	1	617.99	617.99	0.0099	
1280	1	617.99	617.99	0.0099	
1281	1	618.01	618.01	0.0099	
1282	1	618.99	618.99	0.0099	
1283	1	619.01	619.01	0.0099	
1284	1	619.01	619.01	0.0099	
1285	1	619.01	619.01	0.0099	
1286	1	619.99	619.99	0.0099	
1287	1	621.01	621.01	0.0099	
1288	1	621.01	621.01	0.0099	
1289	1	622	622	0	
1290	1	622.01	622.01	0.0099	
1291	1	622.01	622.01	0.0099	
1292	1	622.01	622.01	0.0099	
1293	1	622.01	622.01	0.0099	
1294	1	622.99	622.99	0.0099	
1295	1	623.99	623.99	0.0099	
1296	1	623.99	623.99	0.0099	
1297	1	624.99	624.99	0.0099	
1298	1	624.99	624.99	0.0099	
1299	1	624.99	624.99	0.0099	
1300	1	626.99	626.99	0.0099	
1301	1	626.99	626.99	0.0099	
1302	1	627.93	627.93	0.0651	
1303	1	628.99	628.99	0.0099	
1304	1	631.01	631.01	0.0099	
1305	1	631.01	631.01	0.0099	
1306	1	632.99	632.99	0.0099	
1307	1	633.99	633.99	0.0099	
1308	1	634.01	634.01	0.0099	
1309	1	634.99	634.99	0.0099	
1310	1	634.99	634.99	0.0099	
1311	1	634.99	634.99	0.0099	
1312	1	635.01	635.01	0.0099	
1313	1	635.99	635.99	0.0099	
1314	1	636.99	636.99	0.0099	
1315	1	638.99	638.99	0.0099	
1316	1	640.01	640.01	0.0099	
1317	1	640.01	640.01	0.0099	
1318	1	640.01	640.01	0.0099	
1319	1	640.02	640.02	0.0196	
1320	1	641.01	641.01	0.0099	
1321	1	641.99	641.99	0.0099	
1322	1	641.99	641.99	0.0099	
1323	1	642.01	642.01	0.0099	
1324	1	642.01	642.01	0.0099	
1325	1	642.01	642.01	0.0099	
1326	1	642.01	642.01	0.0099	
1327	1	642.01	642.01	0.0099	
1328	1	642.01	642.01	0.0099	
1329	1	642.99	642.99	0.0099	
1330	1	642.99	642.99	0.0099	
1331	1	642.99	642.99	0.0099	
1332	1	643.99	643.99	0.0099	
1333	1	643.99	643.99	0.0099	
1334	1	644.99	644.99	0.0099	
1335	1	644.99	644.99	0.0099	
1336	1	644.99	644.99	0.0099	
1337	1	644.99	644.99	0.0099	
1338	1	644.99	644.99	0.0099	
1339	1	645.99	645.99	0.0099	
1340	1	646.99	646.99	0.0099	
1341	1	648.98	648.98	0.0196	
1342	1	649.01	649.01	0.0099	
1343	1	649.01	649.01	0.0099	
1344	1	649.01	649.01	0.0099	
1345	1	649.99	649.99	0.0099	
1346	1	651.99	651.99	0.0099	
1347	1	652.99	652.99	0.0099	
1348	1	652.99	652.99	0.0099	
1349	1	653.99	653.99	0.0099	
1350	1	655.01	655.01	0.0099	
1351	1	655.01	655.01	0.0099	
1352	1	655.01	655.01	0.0099	
1353	1	655.01	655.01	0.0099	
1354	1	656.99	656.99	0.0099	
1355	1	657.99	657.99	0.0099	
1356	1	658.99	658.99	0.0099	
1357	1	658.99	658.99	0.0099	
1358	1	659.01	659.01	0.0099	
1359	1	659.01	659.01	0.0099	
1360	1	659.99	659.99	0.0099	
1361	1	660.01	660.01	0.0099	
1362	1	661.99	661.99	0.0099	
1363	1	661.99	661.99	0.0099	
1364	1	661.99	661.99	0.0099	
1365	1	662.01	662.01	0.0099	
1366	1	662.99	662.99	0.0099	
1367	1	662.99	662.99	0.0099	
1368	1	664	664	0	
1369	1	664.01	664.01	0.0099	
1370	1	664.01	664.01	0.0099	
1371	1	664.01	664.01	0.0099	
1372	1	664.99	664.99	0.0099	
1373	1	664.99	664.99	0.0099	
1374	1	664.99	664.99	0.0099	
1375	1	665.01	665.01	0.0099	
1376	1	665.96	665.96	0.0384	
1377	1	667.96	667.96	0.0384	
1378	1	667.99	667.99	0.0099	
1379	1	668.99	668.99	0.0099	
1380	1	669.01	669.01	0.0099	
1381	1	669.01	669.01	0.0099	
1382	1	669.99	669.99	0.0099	
1383	1	672.99	672.99	0.0099	
1384	1	673.5	673.5	0.25	
1385	1	673.99	673.99	0.0099	
1386	1	674.01	674.01	0.0099	
1387	1	674.01	674.01	0.0099	
1388	1	674.01	674.01	0.0099	
1389	1	674.01	674.01	0.0099	
1390	1	674.01	674.01	0.0099	
1391	1	674.01	674.01	0.0099	
1392	1	674.01	674.01	0.0099	
1393	1	674.01	674.01	0.0099	
1394	1	674.01	674.01	0.0099	
1395	1	674.99	674.99	0.0099	
1396	1	675.99	675.99	0.0099	
1397	1	676.99	676.99	0.0099	
1398	1	678.01	678.01	0.0099	
1399	1	679.99	679.99	0.0099	
1400	1	679.99	679.99	0.0099	
1401	1	680.99	680.99	0.0099	
1402	1	680.99	680.99	0.0099	
1403	1	681.01	681.01	0.0099	
1404	1	683.42	683.42	0.2436	
1405	1	685.99	685.99	0.0099	
1406	1	687.99	687.99	0.0099	
1407	1	687.99	687.99	0.0099	
1408	1	688.01	688.01	0.0099	
1409	1	688.01	688.01	0.0099	
1410	1	689.01	689.01	0.0099	
1411	1	689.01	689.01	0.0099	
1412	1	689.01	689.01	0.0099	
1413	1	689.99	689.99	0.0099	
1414	1	689.99	689.99	0.0099	
1415	1	691.99	691.99	0.0099	
1416	1	691.99	691.99	0.0099	
1417	1	691.99	691.99	0.0099	
1418	1	692.01	692.01	0.0099	
1419	1	692.96	692.96	0.0384	
1420	1	693.01	693.01	0.0099	
1421	1	693.01	693.01	0.0099	
1422	1	693.99	693.99	0.0099	
1423	1	696.01	696.01	0.0099	
1424	1	698.98	698.98	0.0196	
1425	1	698.99	698.99	0.0099	
1426	1	699.01	699.01	0.0099	
1427	1	699.01	699.01	0.0099	
1428	1	699.99	699.99	0.0099	
1429	1	700.99	700.99	0.0099	
1430	1	700.99	700.99	0.0099	
1431	1	701.99	701.99	0.0099	
1432	1	702.01	702.01	0.0099	
1433	1	702.01	702.01	0.0099	
1434	1	702.01	702.01	0.0099	
1435	1	703.99	703.99	0.0099	
1436	1	704.99	704.99	0.0099	
1437	1	705.99	705.99	0.0099	
1438	1	706.01	706.01	0.0099	
1439	1	706.01	706.01	0.0099	
1440	1	706.45	706.45	0.2475	
1441	1	707.01	707.01	0.0099	
1442	1	707.99	707.99	0.0099	
1443	1	707.99	707.99	0.0099	
1444	1	708.99	708.99	0.0099	
1445	1	708.99	708.99	0.0099	
1446	1	708.99	708.99	0.0099	
1447	1	709.99	709.99	0.0099	
1448	1	710.01	710.01	0.0099	
1449	1	711.99	711.99	0.0099	
1450	1	711.99	711.99	0.0099	
1451	1	712.99	712.99	0.0099	
1452	1	713.01	713.01	0.0099	
1453	1	714.01	714.01	0.0099	
1454	1	715.99	715.99	0.0099	
1455	1	715.99	715.99	0.0099	
1456	1	715.99	715.99	0.0099	
1457	1	715.99	715.99	0.0099	
1458	1	717.01	717.01	0.0099	
1459	1	717.01	717.01	0.0099	
1460	1	717.01	717.01	0.0099	
1461	1	717.01	717.01	0.0099	
1462	1	717.01	717.01	0.0099	
1463	1	717.96	717.96	0.0384	
1464	1	718.01	718.01	0.0099	
1465	1	718.01	718.01	0.0099	
1466	1	718.01	718.01	0.0099	
1467	1	718.01	718.01	0.0099	
1468	1	718.99	718.99	0.0099	
1469	1	718.99	718.99	0.0099	
1470	1	720.03	720.03	0.0291	
1471	1	720.99	720.99	0.0099	
1472	1	721.01	721.01	0.0099	
1473	1	722.99	722.99	0.0099	
1474	1	723.01	723.01	0.0099	
1475	1	723.03	723.03	0.0291	
1476	1	723.99	723.99	0.0099	
1477	1	724.99	724.99	0.0099	
1478	1	725.01	725.01	0.0099	
1479	1	725.01	725.01	0.0099	
1480	1	725.01	725.01	0.0099	
1481	1	725.01	725.01	0.0099	
1482	1	725.01	725.01	0.0099	
1483	1	725.01	725.01	0.0099	
1484	1	725.01	725.01	0.0099	
1485	1	725.01	725.01	0.0099	
1486	1	725.01	725.01	0.0099	
1487	1	725.01	725.01	0.0099	
1488	1	725.01	725.01	0.0099	
1489	1	725.99	725.99	0.0099	
1490	1	725.99	725.99	0.0099	
1491	1	725.99	725.99	0.0099	
1492	1	725.99	725.99	0.0099	
1493	1	727.99	727.99	0.0099	
1494	1	728.99	728.99	0.0099	
1495	1	729.01	729.01	0.0099	
1496	1	730.77	730.77	0.1771	
1497	1	731.01	731.01	0.0099	
1498	1	731.01	731.01	0.0099	
1499	1	731.55	731.55	0.2475	
1500	1	732.99	732.99	0.0099	
1501	1	733.01	733.01	0.0099	
1502	1	733.35	733.35	0.2275	
1503	1	735.01	735.01	0.0099	
1504	1	735.01	735.01	0.0099	
1505	1	735.01	735.01	0.0099	
1506	1	736.01	736.01	0.0099	
1507	1	736.01	736.01	0.0099	
1508	1	737.99	737.99	0.0099	
1509	1	737.99	737.99	0.0099	
1510	1	737.99	737.99	0.0099	
1511	1	738.01	738.01	0.0099	
1512	1	738.99	738.99	0.0099	
1513	1	739.99	739.99	0.0099	
1514	1	740.99	740.99	0.0099	
1515	1	741.01	741.01	0.0099	
1516	1	741.01	741.01	0.0099	
1517	1	742.99	742.99	0.0099	
1518	1	742.99	742.99	0.0099	
1519	1	742.99	742.99	0.0099	
1520	1	742.99	742.99	0.0099	
1521	1	745.92	745.92	0.0736	
1522	1	745.99	745.99	0.0099	
1523	1	746.99	746.99	0.0099	
1524	1	747.99	747.99	0.0099	
1525	1	748.01	748.01	0.0099	
1526	1	748.01	748.01	0.0099	
1527	1	749.1	749.1	0.09	
1528	1	750.99	750.99	0.0099	
1529	1	750.99	750.99	0.0099	
1530	1	751.01	751.01	0.0099	
1531	1	751.99	751.99	0.0099	
1532	1	751.99	751.99	0.0099	
1533	1	752.99	752.99	0.0099	
1534	1	753.01	753.01	0.0099	
1535	1	753.01	753.01	0.0099	
1536	1	753.01	753.01	0.0099	
1537	1	753.01	753.01	0.0099	
1538	1	753.01	753.01	0.0099	
1539	1	753.01	753.01	0.0099	
1540	1	753.01	753.01	0.0099	
1541	1	753.99	753.99	0.0099	
1542	1	754.99	754.99	0.0099	
1543	1	755.99	755.99	0.0099	
1544	1	756.99	756.99	0.0099	
1545	1	756.99	756.99	0.0099	
1546	1	757.99	757.99	0.0099	
1547	1	760.44	760.44	0.2464	
1548	1	761.01	761.01	0.0099	
1549	1	762.99	762.99	0.0099	
1550	1	762.99	762.99	0.0099	
1551	1	763.99	763.99	0.0099	
1552	1	763.99	763.99	0.0099	
1553	1	763.99	763.99	0.0099	
1554	1	765.99	765.99	0.0099	
1555	1	765.99	765.99	0.0099	
1556	1	767.99	767.99	0.0099	
1557	1	768.99	768.99	0.0099	
1558	1	769.99	769.99	0.0099	
1559	1	770.01	770.01	0.0099	
1560	1	770.01	770.01	0.0099	
1561	1	771.99	771.99	0.0099	
1562	1	772.01	772.01	0.0099	
1563	1	772.01	772.01	0.0099	
1564	1	772.01	772.01	0.0099	
1565	1	772.01	772.01	0.0099	
1566	1	773.01	773.01	0.0099	
1567	1	773.99	773.99	0.0099	
1568	1	774.01	774.01	0.0099	
1569	1	774.01	774.01	0.0099	
1570	1	774.93	774.93	0.0651	
1571	1	774.99	774.99	0.0099	
1572	1	775.01	775.01	0.0099	
1573	1	775.03	775.03	0.0291	
1574	1	775.01	775.01	0.0099	
1575	1	775.01	775.01	0.0099	
1576	1	775.01	775.01	0.0099	
1577	1	775.95	775.95	0.0475	
1578	1	776.99	776.99	0.0099	
1579	1	777.01	777.01	0.0099	
1580	1	777.99	777.99	0.0099	
1581	1	779.01	779.01	0.0099	
1582	1	779.01	779.01	0.0099	
1583	1	779.01	779.01	0.0099	
1584	1	779.01	779.01	0.0099	
1585	1	779.01	779.01	0.0099	
1586	1	780.99	780.99	0.0099	
1587	1	780.99	780.99	0.0099	
1588	1	780.99	780.99	0.0099	
1589	1	781.99	781.99	0.0099	
1590	1	781.99	781.99	0.0099	
1591	1	783.01	783.01	0.0099	
1592	1	783.01	783.01	0.0099	
1593	1	783.01	783.01	0.0099	
1594	1	784.01	784.01	0.0099	
1595	1	784.01	784.01	0.0099	
1596	1	784.01	784.01	0.0099	
1597	1	784.01	784.01	0.0099	
1598	1	784.01	784.01	0.0099	
1599	1	784.99	784.99	0.0099	
1600	1	785.99	785.99	0.0099	
1601	1	787.99	787.99	0.0099	
1602	1	787.99	787.99	0.0099	
1603	1	789.01	789.01	0.0099	
1604	1	789.01	789.01	0.0099	
1605	1	789.01	789.01	0.0099	
1606	1	789.01	789.01	0.0099	
1607	1	789.01	789.01	0.0099	
1608	1	789.01	789.01	0.0099	
1609	1	789.01	789.01	0.0099	
1610	1	789.01	789.01	0.0099	
1611	1	789.01	789.01	0.0099	
1612	1	789.01	789.01	0.0099	
1613	1	789.99	789.99	0.0099	
1614	1	790.99	790.99	0.0099	
1615	1	791.23	791.23	0.1771	
1616	1	791.99	791.99	0.0099	
1617	1	791.99	791.99	0.0099	
1618	1	792.99	792.99	0.0099	
1619	1	793.01	793.01	0.0099	
1620	1	793.01	793.01	0.0099	
1621	1	793.99	793.99	0.0099	
1622	1	794.01	794.01	0.0099	
1623	1	794.01	794.01	0.0099	
1624	1	794.01	794.01	0.0099	
1625	1	794.99	794.99	0.0099	
1626	1	794.99	794.99	0.0099	
1627	1	794.99	794.99	0.0099	
1628	1	794.99	794.99	0.0099	
1629	1	795.01	795.01	0.0099	
1630	1	795.99	795.99	0.0099	
1631	1	796.99	796.99	0.0099	
1632	1	797.52	797.52	0.2496	
1633	1	798.51	798.51	0.2499	
1634	1	798.99	798.99	0.0099	
1635	1	798.99	798.99	0.0099	
1636	1	798.99	798.99	0.0099	
1637	1	799.99	799.99	0.0099	
1638	1	800.05	800.05	0.0475	
1639	1	801.01	801.01	0.0099	
1640	1	801.01	801.01	0.0099	
1641	1	801.01	801.01	0.0099	
1642	1	801.99	801.99	0.0099	
1643	1	802.97	802.97	0.0291	
1644	1	803.99	803.99	0.0099	
1645	1	804.99	804.99	0.0099	
1646	1	805.01	805.01	0.0099	
1647	1	805.01	805.01	0.0099	
1648	1	805.01	805.01	0.0099	
1649	1	805.01	805.01	0.0099	
1650	1	805.01	805.01	0.0099	
1651	1	805.01	805.01	0.0099	
1652	1	805.01	805.01	0.0099	
1653	1	805.01	805.01	0.0099	
1654	1	806.44	806.44	0.2464	
1655	1	807.01	807.01	0.0099	
1656	1	807.01	807.01	0.0099	
1657	1	807.01	807.01	0.0099	
1658	1	807.01	807.01	0.0099	
1659	1	807.01	807.01	0.0099	
1660	1	807.01	807.01	0.0099	
1661	1	807.01	807.01	0.0099	
1662	1	807.99	807.99	0.0099	
1663	1	810.01	810.01	0.0099	
1664	1	810.01	810.01	0.0099	
1665	1	811.01	811.01	0.0099	
1666	1	811.01	811.01	0.0099	
1667	1	812.99	812.99	0.0099	
1668	1	813.99	813.99	0.0099	
1669	1	815	815	0	
1670	1	815	815	0	
1671	1	815.01	815.01	0.0099	
1672	1	816.01	816.01	0.0099	
1673	1	816.01	816.01	0.0099	
1674	1	816.01	816.01	0.0099	
1675	1	816.01	816.01	0.0099	
1676	1	816.01	816.01	0.0099	
1677	1	816.01	816.01	0.0099	
1678	1	816.99	816.99	0.0099	
1679	1	818.01	818.01	0.0099	
1680	1	818.92	818.92	0.0736	
1681	1	819.99	819.99	0.0099	
1682	1	819.99	819.99	0.0099	
1683	1	819.99	819.99	0.0099	
1684	1	820.99	820.99	0.0099	
1685	1	820.99	820.99	0.0099	
1686	1	822.42	822.42	0.2436	
1687	1	822.99	822.99	0.0099	
1688	1	823.01	823.01	0.0099	
1689	1	823.01	823.01	0.0099	
1690	1	823.01	823.01	0.0099	
1691	1	823.01	823.01	0.0099	
1692	1	823.99	823.99	0.0099	
1693	1	823.99	823.99	0.0099	
1694	1	824.01	824.01	0.0099	
1695	1	824.01	824.01	0.0099	
1696	1	824.01	824.01	0.0099	
1697	1	824.99	824.99	0.0099	
1698	1	825.99	825.99	0.0099	
1699	1	827.99	827.99	0.0099	
1700	1	827.99	827.99	0.0099	
1701	1	827.99	827.99	0.0099	
1702	1	828.99	828.99	0.0099	
1703	1	828.99	828.99	0.0099	
1704	1	829.01	829.01	0.0099	
1705	1	829.99	829.99	0.0099	
1706	1	829.99	829.99	0.0099	
1707	1	830.99	830.99	0.0099	
1708	1	830.99	830.99	0.0099	
1709	1	831.01	831.01	0.0099	
1710	1	831.99	831.99	0.0099	
1711	1	831.99	831.99	0.0099	
1712	1	832.99	832.99	0.0099	
1713	1	833.96	833.96	0.0384	
1714	1	835.01	835.01	0.0099	
1715	1	836.01	836.01	0.0099	
1716	1	836.01	836.01	0.0099	
1717	1	836.99	836.99	0.0099	
1718	1	837.99	837.99	0.0099	
1719	1	838.99	838.99	0.0099	
1720	1	838.99	838.99	0.0099	
1721	1	838.99	838.99	0.0099	
1722	1	838.99	838.99	0.0099	
1723	1	838.99	838.99	0.0099	
1724	1	838.99	838.99	0.0099	
1725	1	840.99	840.99	0.0099	
1726	1	841.01	841.01	0.0099	
1727	1	841.01	841.01	0.0099	
1728	1	841.01	841.01	0.0099	
1729	1	841.99	841.99	0.0099	
1730	1	842.99	842.99	0.0099	
1731	1	843.01	843.01	0.0099	
1732	1	843.01	843.01	0.0099	
1733	1	843.99	843.99	0.0099	
1734	1	843.99	843.99	0.0099	
1735	1	845.01	845.01	0.0099	
1736	1	846.01	846.01	0.0099	
1737	1	846.01	846.01	0.0099	
1738	1	846.01	846.01	0.0099	
1739	1	847.99	847.99	0.0099	
1740	1	848.01	848.01	0.0099	
1741	1	848.01	848.01	0.0099	
1742	1	848.01	848.01	0.0099	
1743	1	848.01	848.01	0.0099	
1744	1	848.01	848.01	0.0099	
1745	1	848.01	848.01	0.0099	
1746	1	848.01	848.01	0.0099	
1747	1	848.01	848.01	0.0099	
1748	1	848.01	848.01	0.0099	
1749	1	848.01	848.01	0.0099	
1750	1	848.01	848.01	0.0099	
1751	1	848.01	848.01	0.0099	
1752	1	848.01	848.01	0.0099	
1753	1	848.01	848.01	0.0099	
1754	1	848.01	848.01	0.0099	
1755	1	848.99	848.99	0.0099	
1756	1	848.99	848.99	0.0099	
1757	1	850.03	850.03	0.0291	
1758	1	851.99	851.99	0.0099	
1759	1	852.01	852.01	0.0099	
1760	1	853.99	853.99	0.0099	
1761	1	854.94	854.94	0.0564	
1762	1	854.99	854.99	0.0099	
1763	1	855.01	855.01	0.0099	
1764	1	855.01	855.01	0.0099	
1765	1	855.01	855.01	0.0099	
1766	1	855.01	855.01	0.0099	
1767	1	856.01	856.01	0.0099	
1768	1	857.01	857.01	0.0099	
1769	1	857.01	857.01	0.0099	
1770	1	859.86	859.86	0.1204	
1771	1	859.99	859.99	0.0099	
1772	1	859.99	859.99	0.0099	
1773	1	860.01	860.01	0.0099	
1774	1	860.01	860.01	0.0099	
1775	1	860.01	860.01	0.0099	
1776	1	861.05	861.05	0.0475	
1777	1	862.01	862.01	0.0099	
1778	1	862.94	862.94	0.0564	
1779	1	863.99	863.99	0.0099	
1780	1	865.01	865.01	0.0099	
1781	1	865.99	865.99	0.0099	
1782	1	866.99	866.99	0.0099	
1783	1	866.99	866.99	0.0099	
1784	1	867.99	867.99	0.0099	
1785	1	867.99	867.99	0.0099	
1786	1	868.01	868.01	0.0099	
1787	1	869.99	869.99	0.0099	
1788	1	870.99	870.99	0.0099	
1789	1	871.01	871.01	0.0099	
1790	1	871.01	871.01	0.0099	
1791	1	871.99	871.99	0.0099	
1792	1	872.99	872.99	0.0099	
1793	1	872.99	872.99	0.0099	
1794	1	872.99	872.99	0.0099	
1795	1	874.76	874.76	0.1824	
1796	1	875.01	875.01	0.0099	
1797	1	875.99	875.99	0.0099	
1798	1	875.99	875.99	0.0099	
1799	1	877.01	877.01	0.0099	
1800	1	878.99	878.99	0.0099	
1801	1	878.99	878.99	0.0099	
1802	1	878.99	878.99	0.0099	
1803	1	878.99	878.99	0.0099	
1804	1	880.01	880.01	0.0099	
1805	1	881.01	881.01	0.0099	
1806	1	881.01	881.01	0.0099	
1807	1	881.01	881.01	0.0099	
1808	1	882.01	882.01	0.0099	
1809	1	882.01	882.01	0.0099	
1810	1	882.01	882.01	0.0099	
1811	1	882.01	882.01	0.0099	
1812	1	882.01	882.01	0.0099	
1813	1	882.01	882.01	0.0099	
1814	1	882.01	882.01	0.0099	
1815	1	882.01	882.01	0.0099	
1816	1	882.01	882.01	0.0099	
1817	1	882.01	882.01	0.0099	
1818	1	882.01	882.01	0.0099	
1819	1	883.01	883.01	0.0099	
1820	1	883.97	883.97	0.0291	
1821	1	883.99	883.99	0.0099	
1822	1	884.01	884.01	0.0099	
1823	1	884.01	884.01	0.0099	
1824	1	884.01	884.01	0.0099	
1825	1	884.01	884.01	0.0099	
1826	1	884.01	884.01	0.0099	
1827	1	884.01	884.01	0.0099	
1828	1	884.01	884.01	0.0099	
1829	1	884.01	884.01	0.0099	
1830	1	884.01	884.01	0.0099	
1831	1	884.01	884.01	0.0099	
1832	1	885.01	885.01	0.0099	
1833	1	885.01	885.01	0.0099	
1834	1	885.01	885.01	0.0099	
1835	1	886.99	886.99	0.0099	
1836	1	887.99	887.99	0.0099	
1837	1	888.99	888.99	0.0099	
1838	1	890.99	890.99	0.0099	
1839	1	890.99	890.99	0.0099	
1840	1	890.99	890.99	0.0099	
1841	1	890.99	890.99	0.0099	
1842	1	891.99	891.99	0.0099	
1843	1	891.99	891.99	0.0099	
1844	1	891.99	891.99	0.0099	
1845	1	891.99	891.99	0.0099	
1846	1	892.99	892.99	0.0099	
1847	1	892.99	892.99	0.0099	
1848	1	892.99	892.99	0.0099	
1849	1	893.29	893.29	0.2059	
1850	1	895.99	895.99	0.0099	
1851	1	898.99	898.99	0.0099	
1852	1	898.99	898.99	0.0099	
1853	1	899.01	899.01	0.0099	
1854	1	899.98	899.98	0.0196	
1855	1	900.01	900.01	0.0099	
1856	1	900.99	900.99	0.0099	
1857	1	901.99	901.99	0.0099	
1858	1	902.99	902.99	0.0099	
1859	1	902.99	902.99	0.0099	
1860	1	903.01	903.01	0.0099	
1861	1	903.01	903.01	0.0099	
1862	1	903.01	903.01	0.0099	
1863	1	903.01	903.01	0.0099	
1864	1	903.99	903.99	0.0099	
1865	1	904.01	904.01	0.0099	
1866	1	904.01	904.01	0.0099	
1867	1	904.01	904.01	0.0099	
1868	1	904.01	904.01	0.0099	
1869	1	905.01	905.01	0.0099	
1870	1	907.01	907.01	0.0099	
1871	1	907.99	907.99	0.0099	
1872	1	908.01	908.01	0.0099	
1873	1	908.99	908.99	0.0099	
1874	1	909.01	909.01	0.0099	
1875	1	909.01	909.01	0.0099	
1876	1	911.99	911.99	0.0099	
1877	1	911.99	911.99	0.0099	
1878	1	911.99	911.99	0.0099	
1879	1	911.99	911.99	0.0099	
1880	1	913.99	913.99	0.0099	
1881	1	914.01	914.01	0.0099	
1882	1	914.01	914.01	0.0099	
1883	1	914.01	914.01	0.0099	
1884	1	914.65	914.65	0.2275	
1885	1	916.01	916.01	0.0099	
1886	1	916.01	916.01	0.0099	
1887	1	916.01	916.01	0.0099	
1888	1	916.99	916.99	0.0099	
1889	1	916.99	916.99	0.0099	
1890	1	918.01	918.01	0.0099	
1891	1	918.99	918.99	0.0099	
1892	1	919.99	919.99	0.0099	
1893	1	920.99	920.99	0.0099	
1894	1	920.99	920.99	0.0099	
1895	1	921.01	921.01	0.0099	
1896	1	921.99	921.99	0.0099	
1897	1	921.99	921.99	0.0099	
1898	1	921.99	921.99	0.0099	
1899	1	921.99	921.99	0.0099	
1900	1	922.92	922.92	0.0736	
1901	1	924.99	924.99	0.0099	
1902	1	926.01	926.01	0.0099	
1903	1	926.01	926.01	0.0099	
1904	1	926.01	926.01	0.0099	
1905	1	926.01	926.01	0.0099	
1906	1	926.01	926.01	0.0099	
1907	1	926.01	926.01	0.0099	
1908	1	926.01	926.01	0.0099	
1909	1	926.01	926.01	0.0099	
1910	1	926.01	926.01	0.0099	
1911	1	926.99	926.99	0.0099	
1912	1	927.01	927.01	0.0099	
1913	1	927.01	927.01	0.0099	
1914	1	927.99	927.99	0.0099	
1915	1	928.01	928.01	0.0099	
1916	1	928.99	928.99	0.0099	
1917	1	930.01	930.01	0.0099	
1918	1	931.99	931.99	0.0099	
1919	1	931.99	931.99	0.0099	
1920	1	932.99	932.99	0.0099	
1921	1	932.99	932.99	0.0099	
1922	1	933.99	933.99	0.0099	
1923	1	933.99	933.99	0.0099	
1924	1	934.01	934.01	0.0099	
1925	1	936.01	936.01	0.0099	
1926	1	937.99	937.99	0.0099	
1927	1	937.99	937.99	0.0099	
1928	1	937.99	937.99	0.0099	
1929	1	938.99	938.99	0.0099	
1930	1	940.01	940.01	0.0099	
1931	1	940.99	940.99	0.0099	
1932	1	941.99	941.99	0.0099	
1933	1	942.01	942.01	0.0099	
1934	1	943.99	943.99	0.0099	
1935	1	944.01	944.01	0.0099	
1936	1	944.01	944.01	0.0099	
1937	1	944.01	944.01	0.0099	
1938	1	944.01	944.01	0.0099	
1939	1	944.01	944.01	0.0099	
1940	1	944.01	944.01	0.0099	
1941	1	944.01	944.01	0.0099	
1942	1	945.99	945.99	0.0099	
1943	1	946.01	946.01	0.0099	
1944	1	946.99	946.99	0.0099	
1945	1	947.01	947.01	0.0099	
1946	1	947.01	947.01	0.0099	
1947	1	947.05	947.05	0.0475	
1948	1	949.99	949.99	0.0099	
1949	1	950.99	950.99	0.0099	
1950	1	951.01	951.01	0.0099	
1951	1	951.01	951.01	0.0099	
1952	1	953	953	0	
1953	1	953.06	953.06	0.0564	
1954	1	953.99	953.99	0.0099	
1955	1	954.99	954.99	0.0099	
1956	1	956.98	956.98	0.0196	
1957	1	956.99	956.99	0.0099	
1958	1	956.99	956.99	0.0099	
1959	1	956.99	956.99	0.0099	
1960	1	956.99	956.99	0.0099	
1961	1	956.99	956.99	0.0099	
1962	1	956.99	956.99	0.0099	
1963	1	957.01	957.01	0.0099	
1964	1	957.01	957.01	0.0099	
1965	1	957.99	957.99	0.0099	
1966	1	957.99	957.99	0.0099	
1967	1	958.01	958.01	0.0099	
1968	1	958.01	958.01	0.0099	
1969	1	960.99	960.99	0.0099	
1970	1	961.99	961.99	0.0099	
1971	1	962.99	962.99	0.0099	
1972	1	962.99	962.99	0.0099	
1973	1	964.28	964.28	0.2016	
1974	1	965.67	965.67	0.2211	
1975	1	967	967	0	
1976	1	967	967	0	
1977	1	967	967	0	
1978	1	967	967	0	
1979	1	967.96	967.96	0.0384	
1980	1	967.99	967.99	0.0099	
1981	1	967.99	967.99	0.0099	
1982	1	967.99	967.99	0.0099	
1983	1	967.99	967.99	0.0099	
1984	1	969.01	969.01	0.0099	
1985	1	969.01	969.01	0.0099	
1986	1	969.01	969.01	0.0099	
1987	1	969.01	969.01	0.0099	
1988	1	969.01	969.01	0.0099	
1989	1	969.99	969.99	0.0099	
1990	1	970.01	970.01	0.0099	
1991	1	970.99	970.99	0.0099	
1992	1	971.99	971.99	0.0099	
1993	1	972.01	972.01	0.0099	
1994	1	972.01	972.01	0.0099	
1995	1	972.01	972.01	0.0099	
1996	1	972.01	972.01	0.0099	
1997	1	973.01	973.01	0.0099	
1998	1	973.01	973.01	0.0099	
1999	1	973.01	973.01	0.0099	
2000	1	973.99	973.99	0.0099	
