# mu = 0.01, s = -0.01, trials requested = 1, runtime = 0:00:01
# "Time"	"Actual trials"	"Mean mutation"	"Average mean mutation"	"Average mutation variance"
0	1	0	0	0	
1	1	0	0	0	
2	1	0.01	0.01	0.0099	
3	1	0.02	0.02	0.0196	
4	1	0.06	0.06	0.0564	
5	1	0.05	0.05	0.0475	
6	1	0.03	0.03	0.0291	
7	1	0.02	0.02	0.0196	
8	1	0.04	0.04	0.0384	
9	1	0.13	0.13	0.1131	
10	1	0.19	0.19	0.1739	
11	1	0.18	0.18	0.1476	
12	1	0.13	0.13	0.1131	
13	1	0.12	0.12	0.1056	
14	1	0.07	0.07	0.0651	
15	1	0.08	0.08	0.0736	
16	1	0.17	0.17	0.1411	
17	1	0.16	0.16	0.1344	
18	1	0.17	0.17	0.1611	
19	1	0.18	0.18	0.1476	
20	1	0.17	0.17	0.1611	
21	1	0.25	0.25	0.2275	
22	1	0.24	0.24	0.2424	
23	1	0.24	0.24	0.2824	
24	1	0.26	0.26	0.2724	
25	1	0.39	0.39	0.4379	
26	1	0.47	0.47	0.5091	
27	1	0.51	0.51	0.5899	
28	1	0.63	0.63	0.5731	
29	1	0.59	0.59	0.6219	
30	1	0.68	0.68	0.5976	
31	1	0.56	0.56	0.5064	
32	1	0.61	0.61	0.5779	
33	1	0.53	0.53	0.5091	
34	1	0.33	0.33	0.3611	
35	1	0.3	0.3	0.33	
36	1	0.31	0.31	0.3139	
37	1	0.36	0.36	0.3504	
38	1	0.51	0.51	0.5699	
39	1	0.56	0.56	0.6264	
40	1	0.76	0.76	0.6824	
41	1	0.48	0.48	0.5296	
42	1	0.41	0.41	0.4219	
43	1	0.39	0.39	0.3579	
44	1	0.44	0.44	0.4464	
45	1	0.52	0.52	0.4496	
46	1	0.59	0.59	0.4219	
47	1	0.43	0.43	0.3451	
48	1	0.55	0.55	0.4675	
49	1	0.49	0.49	0.3299	
50	1	0.48	0.48	0.3496	
51	1	0.44	0.44	0.3464	
52	1	0.66	0.66	0.5244	
53	1	0.7	0.7	0.57	
54	1	0.73	0.73	0.5371	
55	1	0.88	0.88	0.6056	
56	1	0.71	0.71	0.6059	
57	1	0.6	0.6	0.44	
58	1	0.71	0.71	0.5059	
59	1	0.81	0.81	0.5339	
60	1	0.9	0.9	0.59	
61	1	0.88	0.88	0.6256	
62	1	0.94	0.94	0.5764	
63	1	0.81	0.81	0.4939	
64	1	0.66	0.66	0.4044	
65	1	0.53	0.53	0.3891	
66	1	0.59	0.59	0.4019	
67	1	0.47	0.47	0.3691	
68	1	0.38	0.38	0.2956	
69	1	0.43	0.43	0.3651	
70	1	0.38	0.38	0.2956	
71	1	0.39	0.39	0.2379	
72	1	0.4	0.4	0.24	
73	1	0.47	0.47	0.2491	
74	1	0.5	0.5	0.27	
75	1	0.54	0.54	0.2484	
76	1	0.44	0.44	0.2464	
77	1	0.44	0.44	0.2464	
78	1	0.39	0.39	0.2379	
79	1	0.49	0.49	0.2499	
80	1	0.44	0.44	0.2464	
81	1	0.48	0.48	0.2496	
82	1	0.55	0.55	0.2475	
83	1	0.44	0.44	0.2464	
84	1	0.49	0.49	0.2499	
85	1	0.46	0.46	0.2484	
86	1	0.55	0.55	0.2675	
87	1	0.51	0.51	0.3499	
88	1	0.49	0.49	0.3299	
89	1	0.7	0.7	0.39	
90	1	0.64	0.64	0.4104	
91	1	0.88	0.88	0.4656	
92	1	0.95	0.95	0.3075	
93	1	1.09	1.09	0.3019	
94	1	1.11	1.11	0.3379	
95	1	1.09	1.09	0.4419	
96	1	1.04	1.04	0.5384	
97	1	0.99	0.99	0.5699	
98	1	1.18	1.18	0.5076	
99	1	1.11	1.11	0.6179	
100	1	1.31	1.31	0.7139	
101	1	1.29	1.29	0.7659	
102	1	1.21	1.21	0.9859	
103	1	1.25	1.25	1.0675	
104	1	1.01	1.01	0.9699	
105	1	0.79	0.79	0.8859	
106	1	0.81	0.81	0.8939	
107	1	0.69	0.69	0.9939	
108	1	0.66	0.66	1.0244	
109	1	0.58	0.58	0.8836	
110	1	0.52	0.52	0.7296	
111	1	0.46	0.46	0.5884	
112	1	0.4	0.4	0.5	
113	1	0.4	0.4	0.44	
114	1	0.34	0.34	0.4244	
115	1	0.47	0.47	0.5091	
116	1	0.48	0.48	0.5696	
117	1	0.58	0.58	0.7636	
118	1	0.6	0.6	0.72	
119	1	0.6	0.6	0.7	
120	1	0.68	0.68	0.7976	
121	1	0.65	0.65	0.7875	
122	1	0.45	0.45	0.5675	
123	1	0.45	0.45	0.4675	
124	1	0.55	0.55	0.6075	
125	1	0.49	0.49	0.4699	
126	1	0.29	0.29	0.3859	
127	1	0.47	0.47	0.9091	
128	1	0.35	0.35	0.6475	
129	1	0.32	0.32	0.5176	
130	1	0.51	0.51	0.9099	
131	1	0.5	0.5	0.85	
132	1	0.73	0.73	1.3971	
133	1	0.71	0.71	1.4059	
134	1	0.64	0.64	1.1904	
135	1	0.74	0.74	1.3924	
136	1	0.7	0.7	1.17	
137	1	0.65	0.65	1.0075	
138	1	0.65	0.65	1.0675	
139	1	0.51	0.51	0.8699	
140	1	0.55	0.55	0.7875	
141	1	0.83	0.83	1.2811	
142	1	0.95	0.95	1.4875	
143	1	1.08	1.08	1.5336	
144	1	0.99	0.99	1.5099	
145	1	0.81	0.81	1.1739	
146	1	0.55	0.55	0.9075	
147	1	0.49	0.49	0.7299	
148	1	0.57	0.57	0.4051	
149	1	0.64	0.64	0.4104	
150	1	0.69	0.69	0.3139	
151	1	0.63	0.63	0.2531	
152	1	0.66	0.66	0.3044	
153	1	0.84	0.84	0.4144	
154	1	1.04	1.04	0.4184	
155	1	0.94	0.94	0.3364	
156	1	1.11	1.11	0.3779	
157	1	1.03	1.03	0.3691	
158	1	1.12	1.12	0.4256	
159	1	1.19	1.19	0.3739	
160	1	1.01	1.01	0.3099	
161	1	0.94	0.94	0.2764	
162	1	0.92	0.92	0.2736	
163	1	1	1	0.26	
164	1	0.93	0.93	0.2451	
165	1	1.11	1.11	0.2179	
166	1	1.16	1.16	0.1544	
167	1	1.19	1.19	0.2139	
168	1	1.19	1.19	0.2339	
169	1	1.3	1.3	0.23	
170	1	1.32	1.32	0.2176	
171	1	1.39	1.39	0.2379	
172	1	1.32	1.32	0.2176	
173	1	1.31	1.31	0.2139	
174	1	1.23	1.23	0.1771	
175	1	1.28	1.28	0.2016	
176	1	1.45	1.45	0.2475	
177	1	1.32	1.32	0.2376	
178	1	1.37	1.37	0.2531	
179	1	1.41	1.41	0.2619	
180	1	1.36	1.36	0.3104	
181	1	1.31	1.31	0.2539	
182	1	1.22	1.22	0.1716	
183	1	1.25	1.25	0.1875	
184	1	1.22	1.22	0.1716	
185	1	1.2	1.2	0.16	
186	1	1.14	1.14	0.1204	
187	1	1.14	1.14	0.1204	
188	1	1.15	1.15	0.1275	
189	1	1.18	1.18	0.1476	
190	1	1.18	1.18	0.1476	
191	1	1.13	1.13	0.1131	
192	1	1.14	1.14	0.1204	
193	1	1.15	1.15	0.1275	
194	1	1.11	1.11	0.0979	
195	1	1.07	1.07	0.0651	
196	1	1.11	1.11	0.0979	
197	1	1.06	1.06	0.0564	
198	1	1.1	1.1	0.09	
199	1	1.19	1.19	0.1539	
200	1	1.23	1.23	0.1971	
201	1	1.34	1.34	0.3044	
202	1	1.34	1.34	0.3644	
203	1	1.27	1.27	0.2971	
204	1	1.19	1.19	0.1739	
205	1	1.11	1.11	0.0979	
206	1	1.1	1.1	0.09	
207	1	1.07	1.07	0.0651	
208	1	1.09	1.09	0.0819	
209	1	1.07	1.07	0.0651	
210	1	1.1	1.1	0.09	
211	1	1.21	1.21	0.1859	
212	1	1.18	1.18	0.1676	
213	1	1.19	1.19	0.1939	
214	1	1.12	1.12	0.1256	
215	1	1.07	1.07	0.0851	
216	1	1.01	1.01	0.0099	
217	1	1.01	1.01	0.0099	
218	1	1.03	1.03	0.0291	
219	1	1.12	1.12	0.1056	
220	1	1.05	1.05	0.0475	
221	1	1.04	1.04	0.0384	
222	1	1.06	1.06	0.0564	
223	1	1.03	1.03	0.0291	
224	1	1.02	1.02	0.0196	
225	1	1.03	1.03	0.0291	
226	1	1.01	1.01	0.0099	
227	1	1.01	1.01	0.0099	
228	1	1.01	1.01	0.0099	
229	1	1.02	1.02	0.0196	
230	1	1.01	1.01	0.0099	
231	1	1.01	1.01	0.0099	
232	1	1.02	1.02	0.0196	
233	1	1.01	1.01	0.0099	
234	1	1.01	1.01	0.0099	
235	1	1.03	1.03	0.0291	
236	1	1.05	1.05	0.0475	
237	1	1.03	1.03	0.0291	
238	1	1.07	1.07	0.1051	
239	1	1.11	1.11	0.1379	
240	1	1.15	1.15	0.1275	
241	1	1.15	1.15	0.1275	
242	1	1.15	1.15	0.1275	
243	1	1.17	1.17	0.1411	
244	1	1.15	1.15	0.1275	
245	1	1.11	1.11	0.0979	
246	1	1.08	1.08	0.0736	
247	1	1.08	1.08	0.0736	
248	1	1.06	1.06	0.0564	
249	1	1.09	1.09	0.0819	
250	1	1.11	1.11	0.0979	
251	1	1.16	1.16	0.1344	
252	1	1.15	1.15	0.1275	
253	1	1.09	1.09	0.0819	
254	1	1.08	1.08	0.0736	
255	1	1.1	1.1	0.09	
256	1	1.05	1.05	0.0475	
257	1	1.18	1.18	0.2276	
258	1	1.24	1.24	0.3024	
259	1	1.1	1.1	0.11	
260	1	1.11	1.11	0.0979	
261	1	1.12	1.12	0.1056	
262	1	1.07	1.07	0.0651	
263	1	1.1	1.1	0.09	
264	1	1.2	1.2	0.16	
265	1	1.2	1.2	0.18	
266	1	1.21	1.21	0.1659	
267	1	1.18	1.18	0.1476	
268	1	1.17	1.17	0.1411	
269	1	1.18	1.18	0.1476	
270	1	1.19	1.19	0.1539	
271	1	1.17	1.17	0.1411	
272	1	1.1	1.1	0.09	
273	1	1.16	1.16	0.1344	
274	1	1.22	1.22	0.1716	
275	1	1.24	1.24	0.1824	
276	1	1.32	1.32	0.2176	
277	1	1.38	1.38	0.2356	
278	1	1.36	1.36	0.2304	
279	1	1.41	1.41	0.2419	
280	1	1.41	1.41	0.2419	
281	1	1.28	1.28	0.2016	
282	1	1.29	1.29	0.2059	
283	1	1.36	1.36	0.2304	
284	1	1.38	1.38	0.2356	
285	1	1.36	1.36	0.2704	
286	1	1.44	1.44	0.3064	
287	1	1.39	1.39	0.2379	
288	1	1.25	1.25	0.1875	
289	1	1.28	1.28	0.2016	
290	1	1.26	1.26	0.1924	
291	1	1.28	1.28	0.2016	
292	1	1.26	1.26	0.1924	
293	1	1.33	1.33	0.2211	
294	1	1.29	1.29	0.2059	
295	1	1.25	1.25	0.1875	
296	1	1.28	1.28	0.2016	
297	1	1.23	1.23	0.1971	
298	1	1.27	1.27	0.1971	
299	1	1.31	1.31	0.2139	
300	1	1.26	1.26	0.1924	
301	1	1.31	1.31	0.2139	
302	1	1.41	1.41	0.2419	
303	1	1.4	1.4	0.24	
304	1	1.37	1.37	0.2331	
305	1	1.36	1.36	0.2304	
306	1	1.38	1.38	0.2356	
307	1	1.27	1.27	0.1971	
308	1	1.29	1.29	0.2059	
309	1	1.33	1.33	0.2211	
310	1	1.35	1.35	0.2275	
311	1	1.34	1.34	0.2244	
312	1	1.34	1.34	0.2244	
313	1	1.39	1.39	0.2379	
314	1	1.25	1.25	0.1875	
315	1	1.2	1.2	0.16	
316	1	1.17	1.17	0.1411	
317	1	1.14	1.14	0.1204	
318	1	1.09	1.09	0.0819	
319	1	1.1	1.1	0.09	
320	1	1.09	1.09	0.0819	
321	1	1.1	1.1	0.09	
322	1	1.18	1.18	0.1476	
323	1	1.21	1.21	0.1659	
324	1	1.26	1.26	0.1924	
325	1	1.23	1.23	0.1771	
326	1	1.27	1.27	0.1971	
327	1	1.32	1.32	0.2576	
328	1	1.52	1.52	0.4096	
329	1	1.62	1.62	0.4156	
330	1	1.56	1.56	0.4264	
331	1	1.66	1.66	0.4244	
332	1	1.73	1.73	0.4371	
333	1	1.73	1.73	0.4571	
334	1	1.89	1.89	0.4779	
335	1	1.95	1.95	0.5075	
336	1	1.9	1.9	0.55	
337	1	1.75	1.75	0.5275	
338	1	1.83	1.83	0.6611	
339	1	1.91	1.91	0.6419	
340	1	1.96	1.96	0.4984	
341	1	1.98	1.98	0.5396	
342	1	1.93	1.93	0.5651	
343	1	1.98	1.98	0.6796	
344	1	2.19	2.19	0.6939	
345	1	2.14	2.14	0.6604	
346	1	2.09	2.09	0.6419	
347	1	2.12	2.12	0.6256	
348	1	2.1	2.1	0.79	
349	1	2.08	2.08	0.8136	
350	1	2.16	2.16	0.8144	
351	1	2.16	2.16	0.8144	
352	1	1.95	1.95	0.7475	
353	1	2.07	2.07	0.8451	
354	1	2.15	2.15	1.1675	
355	1	2.1	2.1	0.97	
356	1	2.2	2.2	1.2	
357	1	1.95	1.95	0.9075	
358	1	2.11	2.11	0.6579	
359	1	1.95	1.95	0.3875	
360	1	1.91	1.91	0.1819	
361	1	1.87	1.87	0.2331	
362	1	1.84	1.84	0.2744	
363	1	1.92	1.92	0.1736	
364	1	1.92	1.92	0.1336	
365	1	1.99	1.99	0.1299	
366	1	2.09	2.09	0.1219	
367	1	2.13	2.13	0.1731	
368	1	2.16	2.16	0.1944	
369	1	2.11	2.11	0.1379	
370	1	2.06	2.06	0.0764	
371	1	2.03	2.03	0.0491	
372	1	2.01	2.01	0.0899	
373	1	1.97	1.97	0.0891	
374	1	1.94	1.94	0.1364	
375	1	2	2	0.1	
376	1	2.01	2.01	0.0699	
377	1	1.92	1.92	0.0736	
378	1	1.95	1.95	0.0475	
379	1	1.95	1.95	0.0475	
380	1	2.01	2.01	0.0299	
381	1	2.06	2.06	0.0564	
382	1	2.1	2.1	0.09	
383	1	2.09	2.09	0.0819	
384	1	2.12	2.12	0.1056	
385	1	2.13	2.13	0.1131	
386	1	2.21	2.21	0.1659	
387	1	2.17	2.17	0.1411	
388	1	2.21	2.21	0.2059	
389	1	2.19	2.19	0.2339	
390	1	2.22	2.22	0.2716	
391	1	2.33	2.33	0.4211	
392	1	2.3	2.3	0.39	
393	1	2.21	2.21	0.2859	
394	1	2.24	2.24	0.3024	
395	1	2.35	2.35	0.4275	
396	1	2.27	2.27	0.3171	
397	1	2.24	2.24	0.2024	
398	1	2.21	2.21	0.1659	
399	1	2.25	2.25	0.1875	
400	1	2.27	2.27	0.1971	
401	1	2.28	2.28	0.2216	
402	1	2.28	2.28	0.2016	
403	1	2.27	2.27	0.1971	
404	1	2.26	2.26	0.1924	
405	1	2.2	2.2	0.16	
406	1	2.24	2.24	0.1824	
407	1	2.36	2.36	0.2304	
408	1	2.36	2.36	0.2304	
409	1	2.4	2.4	0.24	
410	1	2.42	2.42	0.2636	
411	1	2.4	2.4	0.28	
412	1	2.33	2.33	0.2211	
413	1	2.37	2.37	0.2331	
414	1	2.32	2.32	0.2176	
415	1	2.24	2.24	0.1824	
416	1	2.23	2.23	0.1771	
417	1	2.21	2.21	0.1859	
418	1	2.19	2.19	0.1739	
419	1	2.34	2.34	0.2844	
420	1	2.38	2.38	0.2956	
421	1	2.26	2.26	0.1924	
422	1	2.15	2.15	0.1275	
423	1	2.13	2.13	0.1331	
424	1	2.2	2.2	0.3	
425	1	2.16	2.16	0.2544	
426	1	2.13	2.13	0.1731	
427	1	2.23	2.23	0.3171	
428	1	2.13	2.13	0.1731	
429	1	2.09	2.09	0.1019	
430	1	2.17	2.17	0.2611	
431	1	2.14	2.14	0.1804	
432	1	2.11	2.11	0.0979	
433	1	2.18	2.18	0.1476	
434	1	2.2	2.2	0.16	
435	1	2.22	2.22	0.1716	
436	1	2.33	2.33	0.2211	
437	1	2.42	2.42	0.2436	
438	1	2.41	2.41	0.2419	
439	1	2.45	2.45	0.2475	
440	1	2.47	2.47	0.2491	
441	1	2.36	2.36	0.2504	
442	1	2.49	2.49	0.2699	
443	1	2.49	2.49	0.2899	
444	1	2.41	2.41	0.2619	
445	1	2.35	2.35	0.2875	
446	1	2.4	2.4	0.28	
447	1	2.42	2.42	0.2436	
448	1	2.47	2.47	0.2691	
449	1	2.4	2.4	0.3	
450	1	2.37	2.37	0.2531	
451	1	2.4	2.4	0.26	
452	1	2.48	2.48	0.3296	
453	1	2.34	2.34	0.2844	
454	1	2.21	2.21	0.2059	
455	1	2.28	2.28	0.2616	
456	1	2.26	2.26	0.2324	
457	1	2.35	2.35	0.2275	
458	1	2.32	2.32	0.2576	
459	1	2.23	2.23	0.1971	
460	1	2.33	2.33	0.2211	
461	1	2.32	2.32	0.2176	
462	1	2.33	2.33	0.2211	
463	1	2.34	2.34	0.2244	
464	1	2.29	2.29	0.2059	
465	1	2.32	2.32	0.2176	
466	1	2.4	2.4	0.26	
467	1	2.35	2.35	0.2475	
468	1	2.43	2.43	0.2851	
469	1	2.46	2.46	0.2884	
470	1	2.45	2.45	0.2875	
471	1	2.52	2.52	0.3296	
472	1	2.62	2.62	0.5156	
473	1	2.71	2.71	0.4459	
474	1	2.71	2.71	0.3859	
475	1	2.65	2.65	0.3675	
476	1	2.67	2.67	0.4611	
477	1	2.72	2.72	0.5216	
478	1	2.75	2.75	0.5675	
479	1	2.77	2.77	0.5371	
480	1	2.65	2.65	0.4675	
481	1	2.71	2.71	0.5459	
482	1	2.78	2.78	0.5716	
483	1	2.55	2.55	0.5275	
484	1	2.36	2.36	0.3704	
485	1	2.44	2.44	0.5264	
486	1	2.38	2.38	0.5156	
487	1	2.35	2.35	0.5075	
488	1	2.53	2.53	0.8091	
489	1	2.56	2.56	0.6864	
490	1	2.81	2.81	0.9539	
491	1	2.95	2.95	0.9475	
492	1	2.67	2.67	0.9611	
493	1	2.63	2.63	0.8331	
494	1	2.58	2.58	0.8836	
495	1	2.54	2.54	0.8084	
496	1	2.57	2.57	0.8251	
497	1	2.74	2.74	1.0124	
498	1	2.76	2.76	0.9424	
499	1	2.8	2.8	0.98	
500	1	2.78	2.78	0.9316	
501	1	2.76	2.76	0.8824	
502	1	2.9	2.9	0.91	
503	1	2.91	2.91	0.9419	
504	1	3.08	3.08	0.9336	
505	1	2.92	2.92	0.8936	
506	1	2.79	2.79	0.8659	
507	1	2.67	2.67	0.8411	
508	1	2.84	2.84	0.9144	
509	1	2.93	2.93	0.9651	
510	1	2.99	2.99	0.9699	
511	1	3.07	3.07	1.0051	
512	1	3.18	3.18	0.9476	
513	1	3.15	3.15	0.9075	
514	1	3.28	3.28	0.8616	
515	1	3.38	3.38	0.8356	
516	1	3.39	3.39	0.8379	
517	1	3.37	3.37	0.8931	
518	1	3.36	3.36	0.9904	
519	1	3.4	3.4	0.8	
520	1	3.37	3.37	0.7931	
521	1	3.62	3.62	0.6156	
522	1	3.58	3.58	0.7236	
523	1	3.38	3.38	0.8956	
524	1	3.47	3.47	0.8291	
525	1	3.37	3.37	0.9531	
526	1	3.19	3.19	0.9739	
527	1	3.28	3.28	1.0016	
528	1	3.3	3.3	1.01	
529	1	3.49	3.49	1.0099	
530	1	3.39	3.39	1.1379	
531	1	3.39	3.39	0.7179	
532	1	3.3	3.3	0.73	
533	1	3.23	3.23	0.7971	
534	1	3.05	3.05	0.6075	
535	1	3.14	3.14	0.5804	
536	1	3.32	3.32	0.5576	
537	1	3.34	3.34	0.4644	
538	1	3.47	3.47	0.5891	
539	1	3.53	3.53	0.5291	
540	1	3.48	3.48	0.4896	
541	1	3.51	3.51	0.3299	
542	1	3.58	3.58	0.3236	
543	1	3.6	3.6	0.26	
544	1	3.57	3.57	0.2451	
545	1	3.53	3.53	0.2491	
546	1	3.57	3.57	0.2651	
547	1	3.61	3.61	0.3579	
548	1	3.68	3.68	0.3376	
549	1	3.59	3.59	0.2819	
550	1	3.41	3.41	0.2819	
551	1	3.32	3.32	0.2576	
552	1	3.32	3.32	0.2376	
553	1	3.33	3.33	0.2611	
554	1	3.34	3.34	0.2644	
555	1	3.46	3.46	0.3884	
556	1	3.61	3.61	0.4579	
557	1	3.59	3.59	0.3819	
558	1	3.63	3.63	0.3331	
559	1	3.56	3.56	0.3464	
560	1	3.58	3.58	0.3036	
561	1	3.6	3.6	0.36	
562	1	3.72	3.72	0.3816	
563	1	3.67	3.67	0.3611	
564	1	3.93	3.93	0.4051	
565	1	4.01	4.01	0.4099	
566	1	4.06	4.06	0.4764	
567	1	3.96	3.96	0.3984	
568	1	4.19	4.19	0.4939	
569	1	4.21	4.21	0.4459	
570	1	4.32	4.32	0.3976	
571	1	4.36	4.36	0.3104	
572	1	4.55	4.55	0.2475	
573	1	4.51	4.51	0.2499	
574	1	4.54	4.54	0.2484	
575	1	4.52	4.52	0.2496	
576	1	4.53	4.53	0.2491	
577	1	4.45	4.45	0.2475	
578	1	4.56	4.56	0.2664	
579	1	4.54	4.54	0.2484	
580	1	4.52	4.52	0.2696	
581	1	4.52	4.52	0.2496	
582	1	4.58	4.58	0.2436	
583	1	4.5	4.5	0.25	
584	1	4.45	4.45	0.2475	
585	1	4.34	4.34	0.2244	
586	1	4.35	4.35	0.2275	
587	1	4.49	4.49	0.2499	
588	1	4.43	4.43	0.2451	
589	1	4.34	4.34	0.2244	
590	1	4.41	4.41	0.2619	
591	1	4.47	4.47	0.2691	
592	1	4.33	4.33	0.2611	
593	1	4.43	4.43	0.3251	
594	1	4.44	4.44	0.2864	
595	1	4.57	4.57	0.4051	
596	1	4.64	4.64	0.4904	
597	1	4.62	4.62	0.4756	
598	1	4.65	4.65	0.5875	
599	1	4.64	4.64	0.6504	
600	1	4.68	4.68	0.6376	
601	1	4.68	4.68	0.5976	
602	1	4.64	4.64	0.6104	
603	1	4.6	4.6	0.46	
604	1	4.47	4.47	0.3691	
605	1	4.65	4.65	0.5075	
606	1	4.59	4.59	0.4619	
607	1	4.65	4.65	0.5275	
608	1	4.59	4.59	0.4419	
609	1	4.5	4.5	0.41	
610	1	4.57	4.57	0.4651	
611	1	4.76	4.76	0.3424	
612	1	4.79	4.79	0.3459	
613	1	4.84	4.84	0.2944	
614	1	4.69	4.69	0.3139	
615	1	4.59	4.59	0.2619	
616	1	4.5	4.5	0.29	
617	1	4.42	4.42	0.3036	
618	1	4.45	4.45	0.2875	
619	1	4.41	4.41	0.2419	
620	1	4.36	4.36	0.2504	
621	1	4.37	4.37	0.2531	
622	1	4.42	4.42	0.2436	
623	1	4.38	4.38	0.2356	
624	1	4.26	4.26	0.1924	
625	1	4.15	4.15	0.1275	
626	1	4.18	4.18	0.1676	
627	1	4.19	4.19	0.2139	
628	1	4.18	4.18	0.2476	
629	1	4.13	4.13	0.1331	
630	1	4.06	4.06	0.0564	
631	1	4.08	4.08	0.0736	
632	1	4.07	4.07	0.0851	
633	1	4.04	4.04	0.0384	
634	1	4.05	4.05	0.0475	
635	1	4.05	4.05	0.0475	
636	1	4.04	4.04	0.0384	
637	1	4.03	4.03	0.0291	
638	1	4.01	4.01	0.0099	
639	1	4.01	4.01	0.0099	
640	1	4.01	4.01	0.0099	
641	1	4.01	4.01	0.0099	
642	1	4.01	4.01	0.0099	
643	1	4.01	4.01	0.0099	
644	1	4.01	4.01	0.0099	
645	1	4.01	4.01	0.0099	
646	1	4.01	4.01	0.0099	
647	1	4.01	4.01	0.0099	
648	1	4.01	4.01	0.0099	
649	1	4.01	4.01	0.0099	
650	1	4.01	4.01	0.0099	
651	1	4.01	4.01	0.0099	
652	1	4.01	4.01	0.0099	
653	1	4.01	4.01	0.0099	
654	1	4.01	4.01	0.0099	
655	1	4.01	4.01	0.0099	
656	1	4.01	4.01	0.0099	
657	1	4.01	4.01	0.0099	
658	1	4.01	4.01	0.0099	
659	1	4.01	4.01	0.0099	
660	1	4.01	4.01	0.0099	
661	1	4.01	4.01	0.0099	
662	1	4.02	4.02	0.0196	
663	1	4.03	4.03	0.0291	
664	1	4.05	4.05	0.0475	
665	1	4.02	4.02	0.0196	
666	1	4.02	4.02	0.0196	
667	1	4.03	4.03	0.0291	
668	1	4.08	4.08	0.0736	
669	1	4.05	4.05	0.0475	
670	1	4.06	4.06	0.0564	
671	1	4.07	4.07	0.0651	
672	1	4.06	4.06	0.0564	
673	1	4.08	4.08	0.0736	
674	1	4.09	4.09	0.0819	
675	1	4.13	4.13	0.1131	
676	1	4.16	4.16	0.1344	
677	1	4.06	4.06	0.0564	
678	1	4.12	4.12	0.1056	
679	1	4.08	4.08	0.0736	
680	1	4.06	4.06	0.0564	
681	1	4.11	4.11	0.1179	
682	1	4.1	4.1	0.11	
683	1	4.14	4.14	0.1604	
684	1	4.19	4.19	0.2339	
685	1	4.14	4.14	0.1604	
686	1	4.13	4.13	0.1331	
687	1	4.16	4.16	0.1744	
688	1	4.21	4.21	0.1859	
689	1	4.19	4.19	0.1539	
690	1	4.19	4.19	0.1539	
691	1	4.12	4.12	0.1056	
692	1	4.14	4.14	0.1204	
693	1	4.2	4.2	0.16	
694	1	4.21	4.21	0.1659	
695	1	4.23	4.23	0.1771	
696	1	4.26	4.26	0.1924	
697	1	4.32	4.32	0.2176	
698	1	4.44	4.44	0.2464	
699	1	4.48	4.48	0.2496	
700	1	4.43	4.43	0.2451	
701	1	4.44	4.44	0.2464	
702	1	4.33	4.33	0.2211	
703	1	4.34	4.34	0.2244	
704	1	4.25	4.25	0.1875	
705	1	4.27	4.27	0.1971	
706	1	4.25	4.25	0.2475	
707	1	4.16	4.16	0.1344	
708	1	4.12	4.12	0.1056	
709	1	4.25	4.25	0.1875	
710	1	4.2	4.2	0.16	
711	1	4.2	4.2	0.16	
712	1	4.2	4.2	0.16	
713	1	4.44	4.44	0.3064	
714	1	4.4	4.4	0.26	
715	1	4.35	4.35	0.2275	
716	1	4.37	4.37	0.2331	
717	1	4.39	4.39	0.2379	
718	1	4.39	4.39	0.2379	
719	1	4.41	4.41	0.2419	
720	1	4.39	4.39	0.2779	
721	1	4.37	4.37	0.3131	
722	1	4.38	4.38	0.3556	
723	1	4.21	4.21	0.2459	
724	1	4.23	4.23	0.2171	
725	1	4.34	4.34	0.2644	
726	1	4.25	4.25	0.1875	
727	1	4.19	4.19	0.1739	
728	1	4.21	4.21	0.2259	
729	1	4.26	4.26	0.2124	
730	1	4.19	4.19	0.1539	
731	1	4.28	4.28	0.2016	
732	1	4.29	4.29	0.2059	
733	1	4.25	4.25	0.2075	
734	1	4.32	4.32	0.2576	
735	1	4.3	4.3	0.25	
736	1	4.35	4.35	0.2875	
737	1	4.39	4.39	0.3379	
738	1	4.41	4.41	0.2819	
739	1	4.51	4.51	0.3499	
740	1	4.62	4.62	0.3156	
741	1	4.66	4.66	0.3644	
742	1	4.65	4.65	0.4075	
743	1	4.68	4.68	0.3376	
744	1	4.8	4.8	0.28	
745	1	4.83	4.83	0.2211	
746	1	4.88	4.88	0.1856	
747	1	4.79	4.79	0.2259	
748	1	4.79	4.79	0.1859	
749	1	4.72	4.72	0.2216	
750	1	4.78	4.78	0.1716	
751	1	4.9	4.9	0.13	
752	1	4.93	4.93	0.1251	
753	1	4.9	4.9	0.11	
754	1	4.99	4.99	0.1099	
755	1	5.04	5.04	0.0984	
756	1	5.02	5.02	0.1196	
757	1	4.93	4.93	0.1851	
758	1	4.9	4.9	0.19	
759	1	4.91	4.91	0.1819	
760	1	4.92	4.92	0.1536	
761	1	4.89	4.89	0.1179	
762	1	4.87	4.87	0.1131	
763	1	4.81	4.81	0.1539	
764	1	4.76	4.76	0.2024	
765	1	4.83	4.83	0.1811	
766	1	4.76	4.76	0.1824	
767	1	4.82	4.82	0.1876	
768	1	4.79	4.79	0.2659	
769	1	4.76	4.76	0.2424	
770	1	4.71	4.71	0.3059	
771	1	4.64	4.64	0.3304	
772	1	4.68	4.68	0.3776	
773	1	4.71	4.71	0.7059	
774	1	4.46	4.46	0.5084	
775	1	4.49	4.49	0.5099	
776	1	4.58	4.58	0.5236	
777	1	4.61	4.61	0.4379	
778	1	4.48	4.48	0.3496	
779	1	4.43	4.43	0.2651	
780	1	4.48	4.48	0.2696	
781	1	4.48	4.48	0.2496	
782	1	4.55	4.55	0.2475	
783	1	4.57	4.57	0.2651	
784	1	4.58	4.58	0.2436	
785	1	4.49	4.49	0.2499	
786	1	4.58	4.58	0.2436	
787	1	4.61	4.61	0.2379	
788	1	4.46	4.46	0.2484	
789	1	4.45	4.45	0.2675	
790	1	4.32	4.32	0.2176	
791	1	4.24	4.24	0.1824	
792	1	4.36	4.36	0.2304	
793	1	4.43	4.43	0.2451	
794	1	4.4	4.4	0.24	
795	1	4.44	4.44	0.2664	
796	1	4.33	4.33	0.2211	
797	1	4.35	4.35	0.2475	
798	1	4.3	4.3	0.23	
799	1	4.3	4.3	0.21	
800	1	4.29	4.29	0.2059	
801	1	4.38	4.38	0.2756	
802	1	4.36	4.36	0.2904	
803	1	4.39	4.39	0.2379	
804	1	4.33	4.33	0.2211	
805	1	4.35	4.35	0.2275	
806	1	4.22	4.22	0.1716	
807	1	4.23	4.23	0.1771	
808	1	4.18	4.18	0.1476	
809	1	4.12	4.12	0.1056	
810	1	4.09	4.09	0.0819	
811	1	4.18	4.18	0.1476	
812	1	4.22	4.22	0.1716	
813	1	4.27	4.27	0.2171	
814	1	4.15	4.15	0.1275	
815	1	4.17	4.17	0.1411	
816	1	4.15	4.15	0.1275	
817	1	4.12	4.12	0.1056	
818	1	4.27	4.27	0.1971	
819	1	4.24	4.24	0.2024	
820	1	4.18	4.18	0.2076	
821	1	4.23	4.23	0.3371	
822	1	4.21	4.21	0.3059	
823	1	4.27	4.27	0.3171	
824	1	4.28	4.28	0.3616	
825	1	4.39	4.39	0.5579	
826	1	4.35	4.35	0.5075	
827	1	4.21	4.21	0.3059	
828	1	4.15	4.15	0.1675	
829	1	4.15	4.15	0.1875	
830	1	4.12	4.12	0.1056	
831	1	4.12	4.12	0.1056	
832	1	4.13	4.13	0.1131	
833	1	4.13	4.13	0.1331	
834	1	4.19	4.19	0.1939	
835	1	4.26	4.26	0.2124	
836	1	4.3	4.3	0.23	
837	1	4.46	4.46	0.3084	
838	1	4.44	4.44	0.2464	
839	1	4.45	4.45	0.2475	
840	1	4.56	4.56	0.2664	
841	1	4.65	4.65	0.2275	
842	1	4.69	4.69	0.2139	
843	1	4.8	4.8	0.2	
844	1	4.94	4.94	0.1564	
845	1	4.97	4.97	0.1491	
846	1	5.01	5.01	0.1299	
847	1	5.04	5.04	0.1184	
848	1	4.97	4.97	0.1091	
849	1	5.05	5.05	0.1675	
850	1	5.03	5.03	0.1091	
851	1	5.02	5.02	0.1196	
852	1	5.05	5.05	0.0475	
853	1	5.03	5.03	0.0291	
854	1	5.06	5.06	0.0564	
855	1	5.11	5.11	0.0979	
856	1	5.09	5.09	0.0819	
857	1	5.08	5.08	0.0936	
858	1	5.09	5.09	0.0819	
859	1	5.1	5.1	0.09	
860	1	5.17	5.17	0.1411	
861	1	5.2	5.2	0.16	
862	1	5.23	5.23	0.1771	
863	1	5.18	5.18	0.1476	
864	1	5.21	5.21	0.1659	
865	1	5.19	5.19	0.1539	
866	1	5.19	5.19	0.1539	
867	1	5.24	5.24	0.1824	
868	1	5.19	5.19	0.1539	
869	1	5.18	5.18	0.1476	
870	1	5.11	5.11	0.0979	
871	1	5.14	5.14	0.1204	
872	1	5.14	5.14	0.1204	
873	1	5.09	5.09	0.0819	
874	1	5.08	5.08	0.0736	
875	1	5.04	5.04	0.0384	
876	1	5.06	5.06	0.0564	
877	1	5.01	5.01	0.0099	
878	1	5.02	5.02	0.0196	
879	1	5.07	5.07	0.0651	
880	1	5.07	5.07	0.0651	
881	1	5.08	5.08	0.0736	
882	1	5.08	5.08	0.0736	
883	1	5.08	5.08	0.0736	
884	1	5.04	5.04	0.0384	
885	1	5.08	5.08	0.0736	
886	1	5.11	5.11	0.0979	
887	1	5.12	5.12	0.1056	
888	1	5.14	5.14	0.1204	
889	1	5.1	5.1	0.15	
890	1	5.14	5.14	0.1604	
891	1	5.12	5.12	0.1856	
892	1	5.09	5.09	0.1619	
893	1	5.2	5.2	0.34	
894	1	5.14	5.14	0.2004	
895	1	5.24	5.24	0.3024	
896	1	5.23	5.23	0.3171	
897	1	5.11	5.11	0.1379	
898	1	5.13	5.13	0.1131	
899	1	5.19	5.19	0.1539	
900	1	5.24	5.24	0.1824	
901	1	5.18	5.18	0.1476	
902	1	5.22	5.22	0.1716	
903	1	5.24	5.24	0.1824	
904	1	5.17	5.17	0.1411	
905	1	5.13	5.13	0.1131	
906	1	5.12	5.12	0.1056	
907	1	5.06	5.06	0.0564	
908	1	5.04	5.04	0.0384	
909	1	5.1	5.1	0.09	
910	1	5.1	5.1	0.09	
911	1	5.09	5.09	0.0819	
912	1	5.11	5.11	0.0979	
913	1	5.17	5.17	0.1411	
914	1	5.19	5.19	0.1939	
915	1	5.21	5.21	0.2259	
916	1	5.14	5.14	0.1404	
917	1	5.19	5.19	0.1539	
918	1	5.24	5.24	0.1824	
919	1	5.25	5.25	0.1875	
920	1	5.12	5.12	0.1056	
921	1	5.02	5.02	0.0196	
922	1	5.03	5.03	0.0291	
923	1	5.06	5.06	0.0564	
924	1	5.02	5.02	0.0196	
925	1	5.02	5.02	0.0196	
926	1	5.04	5.04	0.0384	
927	1	5.01	5.01	0.0099	
928	1	5.01	5.01	0.0099	
929	1	5.01	5.01	0.0099	
930	1	5.01	5.01	0.0099	
931	1	5.01	5.01	0.0099	
932	1	5.01	5.01	0.0099	
933	1	5.01	5.01	0.0099	
934	1	5.01	5.01	0.0099	
935	1	5.08	5.08	0.0736	
936	1	5.08	5.08	0.0736	
937	1	5.1	5.1	0.09	
938	1	5.08	5.08	0.0736	
939	1	5.05	5.05	0.0475	
940	1	5.12	5.12	0.1056	
941	1	5.11	5.11	0.1179	
942	1	5.24	5.24	0.2424	
943	1	5.27	5.27	0.2571	
944	1	5.39	5.39	0.3779	
945	1	5.44	5.44	0.4064	
946	1	5.35	5.35	0.2675	
947	1	5.31	5.31	0.2939	
948	1	5.23	5.23	0.1771	
949	1	5.27	5.27	0.1971	
950	1	5.3	5.3	0.21	
951	1	5.23	5.23	0.1771	
952	1	5.31	5.31	0.2139	
953	1	5.13	5.13	0.1131	
954	1	5.11	5.11	0.0979	
955	1	5.1	5.1	0.09	
956	1	5.05	5.05	0.0475	
957	1	5.02	5.02	0.0196	
958	1	5.1	5.1	0.09	
959	1	5.05	5.05	0.0475	
960	1	5.07	5.07	0.0651	
961	1	5.11	5.11	0.0979	
962	1	5.15	5.15	0.1275	
963	1	5.09	5.09	0.0819	
964	1	5.06	5.06	0.0564	
965	1	5.05	5.05	0.0475	
966	1	5.13	5.13	0.1131	
967	1	5.16	5.16	0.1344	
968	1	5.11	5.11	0.0979	
969	1	5.23	5.23	0.1771	
970	1	5.25	5.25	0.1875	
971	1	5.24	5.24	0.1824	
972	1	5.26	5.26	0.1924	
973	1	5.17	5.17	0.1411	
974	1	5.15	5.15	0.1275	
975	1	5.15	5.15	0.1275	
976	1	5.17	5.17	0.1411	
977	1	5.26	5.26	0.1924	
978	1	5.34	5.34	0.2444	
979	1	5.38	5.38	0.2356	
980	1	5.28	5.28	0.2016	
981	1	5.28	5.28	0.2016	
982	1	5.33	5.33	0.2211	
983	1	5.34	5.34	0.2644	
984	1	5.34	5.34	0.2244	
985	1	5.39	5.39	0.2379	
986	1	5.37	5.37	0.2331	
987	1	5.32	5.32	0.2176	
988	1	5.3	5.3	0.21	
989	1	5.25	5.25	0.1875	
990	1	5.3	5.3	0.21	
991	1	5.37	5.37	0.2331	
992	1	5.44	5.44	0.3064	
993	1	5.48	5.48	0.3296	
994	1	5.55	5.55	0.3075	
995	1	5.41	5.41	0.2419	
996	1	5.33	5.33	0.2211	
997	1	5.29	5.29	0.2059	
998	1	5.45	5.45	0.2475	
999	1	5.41	5.41	0.2419	
1000	1	5.45	5.45	0.2475	
1001	1	5.46	5.46	0.2484	
1002	1	5.42	5.42	0.2436	
1003	1	5.46	5.46	0.2484	
1004	1	5.49	5.49	0.2499	
1005	1	5.53	5.53	0.2691	
1006	1	5.6	5.6	0.32	
1007	1	5.64	5.64	0.3504	
1008	1	5.66	5.66	0.3444	
1009	1	5.52	5.52	0.3296	
1010	1	5.53	5.53	0.3891	
1011	1	5.52	5.52	0.3896	
1012	1	5.47	5.47	0.3891	
1013	1	5.7	5.7	0.55	
1014	1	5.7	5.7	0.61	
1015	1	5.76	5.76	0.4624	
1016	1	5.87	5.87	0.5331	
1017	1	5.85	5.85	0.5275	
1018	1	6.06	6.06	0.5764	
1019	1	6.15	6.15	0.6275	
1020	1	6.25	6.25	0.5275	
1021	1	6.26	6.26	0.5524	
1022	1	6.37	6.37	0.7731	
1023	1	6.44	6.44	0.6864	
1024	1	6.18	6.18	0.5676	
1025	1	6.15	6.15	0.5675	
1026	1	6.14	6.14	0.5404	
1027	1	6.03	6.03	0.6091	
1028	1	6.08	6.08	0.6536	
1029	1	6.08	6.08	0.7136	
1030	1	6.17	6.17	0.7011	
1031	1	6.32	6.32	0.6976	
1032	1	6.38	6.38	0.5356	
1033	1	6.37	6.37	0.5331	
1034	1	6.3	6.3	0.55	
1035	1	6.35	6.35	0.5475	
1036	1	6.49	6.49	0.4299	
1037	1	6.53	6.53	0.3891	
1038	1	6.49	6.49	0.4299	
1039	1	6.52	6.52	0.3296	
1040	1	6.55	6.55	0.2875	
1041	1	6.68	6.68	0.2576	
1042	1	6.62	6.62	0.3556	
1043	1	6.52	6.52	0.3296	
1044	1	6.43	6.43	0.3051	
1045	1	6.38	6.38	0.2756	
1046	1	6.39	6.39	0.2579	
1047	1	6.38	6.38	0.2556	
1048	1	6.37	6.37	0.2731	
1049	1	6.33	6.33	0.2811	
1050	1	6.35	6.35	0.3075	
1051	1	6.48	6.48	0.3496	
1052	1	6.3	6.3	0.23	
1053	1	6.3	6.3	0.21	
1054	1	6.31	6.31	0.2139	
1055	1	6.25	6.25	0.1875	
1056	1	6.3	6.3	0.21	
1057	1	6.32	6.32	0.2176	
1058	1	6.28	6.28	0.2016	
1059	1	6.29	6.29	0.2059	
1060	1	6.28	6.28	0.2016	
1061	1	6.26	6.26	0.1924	
1062	1	6.3	6.3	0.23	
1063	1	6.28	6.28	0.2016	
1064	1	6.28	6.28	0.2016	
1065	1	6.22	6.22	0.1716	
1066	1	6.36	6.36	0.2304	
1067	1	6.41	6.41	0.2619	
1068	1	6.37	6.37	0.2331	
1069	1	6.2	6.2	0.16	
1070	1	6.23	6.23	0.1771	
1071	1	6.28	6.28	0.2016	
1072	1	6.36	6.36	0.2504	
1073	1	6.3	6.3	0.23	
1074	1	6.34	6.34	0.2444	
1075	1	6.4	6.4	0.32	
1076	1	6.3	6.3	0.27	
1077	1	6.25	6.25	0.2475	
1078	1	6.25	6.25	0.1875	
1079	1	6.3	6.3	0.27	
1080	1	6.58	6.58	0.3636	
1081	1	6.66	6.66	0.3844	
1082	1	6.67	6.67	0.5211	
1083	1	6.74	6.74	0.5524	
1084	1	6.58	6.58	0.4636	
1085	1	6.59	6.59	0.4419	
1086	1	6.48	6.48	0.3496	
1087	1	6.47	6.47	0.3291	
1088	1	6.37	6.37	0.2731	
1089	1	6.31	6.31	0.2739	
1090	1	6.27	6.27	0.2171	
1091	1	6.18	6.18	0.1476	
1092	1	6.11	6.11	0.0979	
1093	1	6.2	6.2	0.16	
1094	1	6.19	6.19	0.1539	
1095	1	6.19	6.19	0.1539	
1096	1	6.18	6.18	0.1476	
1097	1	6.13	6.13	0.1331	
1098	1	6.14	6.14	0.1204	
1099	1	6.07	6.07	0.0651	
1100	1	6.03	6.03	0.0291	
1101	1	6.11	6.11	0.1579	
1102	1	6.04	6.04	0.0584	
1103	1	6.06	6.06	0.0764	
1104	1	6.01	6.01	0.0099	
1105	1	6.02	6.02	0.0196	
1106	1	6.08	6.08	0.0736	
1107	1	6.1	6.1	0.09	
1108	1	6.13	6.13	0.1131	
1109	1	6.1	6.1	0.09	
1110	1	6.15	6.15	0.1275	
1111	1	6.11	6.11	0.0979	
1112	1	6.11	6.11	0.0979	
1113	1	6.19	6.19	0.1739	
1114	1	6.17	6.17	0.1411	
1115	1	6.24	6.24	0.1824	
1116	1	6.13	6.13	0.1131	
1117	1	6.08	6.08	0.0736	
1118	1	6.03	6.03	0.0291	
1119	1	6.03	6.03	0.0291	
1120	1	6.02	6.02	0.0196	
1121	1	6.04	6.04	0.0384	
1122	1	6.09	6.09	0.0819	
1123	1	6.11	6.11	0.1979	
1124	1	6.06	6.06	0.0964	
1125	1	6.04	6.04	0.0384	
1126	1	6.01	6.01	0.0099	
1127	1	6.03	6.03	0.0291	
1128	1	6.03	6.03	0.0291	
1129	1	6.05	6.05	0.0475	
1130	1	6.04	6.04	0.0384	
1131	1	6.04	6.04	0.0384	
1132	1	6.1	6.1	0.09	
1133	1	6.08	6.08	0.0736	
1134	1	6.06	6.06	0.0564	
1135	1	6.1	6.1	0.09	
1136	1	6.1	6.1	0.09	
1137	1	6.18	6.18	0.1476	
1138	1	6.2	6.2	0.16	
1139	1	6.22	6.22	0.1716	
1140	1	6.24	6.24	0.1824	
1141	1	6.24	6.24	0.2024	
1142	1	6.23	6.23	0.1771	
1143	1	6.32	6.32	0.2576	
1144	1	6.38	6.38	0.2956	
1145	1	6.41	6.41	0.3219	
1146	1	6.52	6.52	0.3696	
1147	1	6.54	6.54	0.5084	
1148	1	6.49	6.49	0.4099	
1149	1	6.4	6.4	0.34	
1150	1	6.43	6.43	0.3651	
1151	1	6.38	6.38	0.3356	
1152	1	6.51	6.51	0.3699	
1153	1	6.37	6.37	0.3131	
1154	1	6.36	6.36	0.3304	
1155	1	6.38	6.38	0.3556	
1156	1	6.42	6.42	0.4036	
1157	1	6.43	6.43	0.3851	
1158	1	6.47	6.47	0.4091	
1159	1	6.46	6.46	0.4484	
1160	1	6.35	6.35	0.4475	
1161	1	6.36	6.36	0.3704	
1162	1	6.53	6.53	0.4891	
1163	1	6.41	6.41	0.4019	
1164	1	6.4	6.4	0.44	
1165	1	6.46	6.46	0.4484	
1166	1	6.33	6.33	0.3211	
1167	1	6.34	6.34	0.3044	
1168	1	6.3	6.3	0.27	
1169	1	6.37	6.37	0.2931	
1170	1	6.33	6.33	0.2811	
1171	1	6.28	6.28	0.2216	
1172	1	6.4	6.4	0.36	
1173	1	6.35	6.35	0.3675	
1174	1	6.35	6.35	0.4875	
1175	1	6.25	6.25	0.3275	
1176	1	6.14	6.14	0.1804	
1177	1	6.1	6.1	0.11	
1178	1	6.09	6.09	0.0819	
1179	1	6.05	6.05	0.0475	
1180	1	6.07	6.07	0.0651	
1181	1	6.1	6.1	0.09	
1182	1	6.08	6.08	0.0736	
1183	1	6.1	6.1	0.09	
1184	1	6.07	6.07	0.0651	
1185	1	6.06	6.06	0.0564	
1186	1	6.03	6.03	0.0291	
1187	1	6.03	6.03	0.0291	
1188	1	6.07	6.07	0.0651	
1189	1	6.06	6.06	0.0564	
1190	1	6.09	6.09	0.0819	
1191	1	6.13	6.13	0.1131	
1192	1	6.18	6.18	0.1476	
1193	1	6.18	6.18	0.1476	
1194	1	6.15	6.15	0.1275	
1195	1	6.18	6.18	0.1476	
1196	1	6.27	6.27	0.1971	
1197	1	6.31	6.31	0.2139	
1198	1	6.33	6.33	0.2411	
1199	1	6.35	6.35	0.2275	
1200	1	6.27	6.27	0.1971	
1201	1	6.33	6.33	0.2211	
1202	1	6.36	6.36	0.2304	
1203	1	6.38	6.38	0.2356	
1204	1	6.35	6.35	0.2275	
1205	1	6.32	6.32	0.2176	
1206	1	6.31	6.31	0.2139	
1207	1	6.26	6.26	0.1924	
1208	1	6.21	6.21	0.1659	
1209	1	6.2	6.2	0.16	
1210	1	6.28	6.28	0.2016	
1211	1	6.28	6.28	0.2016	
1212	1	6.4	6.4	0.24	
1213	1	6.41	6.41	0.2419	
1214	1	6.39	6.39	0.2379	
1215	1	6.42	6.42	0.2436	
1216	1	6.52	6.52	0.2496	
1217	1	6.46	6.46	0.2484	
1218	1	6.46	6.46	0.2484	
1219	1	6.41	6.41	0.2819	
1220	1	6.46	6.46	0.2884	
1221	1	6.42	6.42	0.2636	
1222	1	6.46	6.46	0.2484	
1223	1	6.58	6.58	0.2636	
1224	1	6.57	6.57	0.2651	
1225	1	6.68	6.68	0.2776	
1226	1	6.65	6.65	0.2675	
1227	1	6.68	6.68	0.2976	
1228	1	6.63	6.63	0.3531	
1229	1	6.56	6.56	0.2864	
1230	1	6.54	6.54	0.2884	
1231	1	6.64	6.64	0.2304	
1232	1	6.64	6.64	0.2704	
1233	1	6.77	6.77	0.2571	
1234	1	6.75	6.75	0.2675	
1235	1	6.78	6.78	0.2516	
1236	1	6.92	6.92	0.1736	
1237	1	6.95	6.95	0.2675	
1238	1	6.94	6.94	0.2564	
1239	1	6.95	6.95	0.1675	
1240	1	6.95	6.95	0.1075	
1241	1	6.99	6.99	0.1099	
1242	1	7	7	0.06	
1243	1	7	7	0.12	
1244	1	6.96	6.96	0.1184	
1245	1	6.9	6.9	0.21	
1246	1	6.8	6.8	0.22	
1247	1	6.71	6.71	0.2059	
1248	1	6.74	6.74	0.1924	
1249	1	6.77	6.77	0.2371	
1250	1	6.7	6.7	0.21	
1251	1	6.53	6.53	0.2891	
1252	1	6.48	6.48	0.2896	
1253	1	6.5	6.5	0.35	
1254	1	6.42	6.42	0.2636	
1255	1	6.34	6.34	0.2244	
1256	1	6.49	6.49	0.2699	
1257	1	6.52	6.52	0.2696	
1258	1	6.53	6.53	0.2691	
1259	1	6.54	6.54	0.2684	
1260	1	6.64	6.64	0.2504	
1261	1	6.58	6.58	0.2436	
1262	1	6.56	6.56	0.2464	
1263	1	6.54	6.54	0.2484	
1264	1	6.6	6.6	0.26	
1265	1	6.62	6.62	0.2356	
1266	1	6.55	6.55	0.2475	
1267	1	6.44	6.44	0.2464	
1268	1	6.48	6.48	0.2496	
1269	1	6.52	6.52	0.2696	
1270	1	6.43	6.43	0.2451	
1271	1	6.45	6.45	0.2475	
1272	1	6.42	6.42	0.2436	
1273	1	6.38	6.38	0.2356	
1274	1	6.36	6.36	0.2304	
1275	1	6.47	6.47	0.2491	
1276	1	6.52	6.52	0.2696	
1277	1	6.58	6.58	0.3236	
1278	1	6.58	6.58	0.2836	
1279	1	6.68	6.68	0.2176	
1280	1	6.68	6.68	0.2376	
1281	1	6.81	6.81	0.2339	
1282	1	6.82	6.82	0.2476	
1283	1	6.83	6.83	0.2611	
1284	1	6.86	6.86	0.2004	
1285	1	7	7	0.16	
1286	1	7.03	7.03	0.1291	
1287	1	7.04	7.04	0.0984	
1288	1	7.03	7.03	0.0291	
1289	1	7.03	7.03	0.0291	
1290	1	7.05	7.05	0.0475	
1291	1	7.07	7.07	0.0651	
1292	1	7.1	7.1	0.09	
1293	1	7.11	7.11	0.1179	
1294	1	7.06	7.06	0.0764	
1295	1	7.08	7.08	0.0736	
1296	1	7.13	7.13	0.1131	
1297	1	7.11	7.11	0.0979	
1298	1	7.13	7.13	0.1131	
1299	1	7.14	7.14	0.1204	
1300	1	7.12	7.12	0.1056	
1301	1	7.26	7.26	0.1924	
1302	1	7.22	7.22	0.1716	
1303	1	7.15	7.15	0.1275	
1304	1	7.13	7.13	0.1131	
1305	1	7.15	7.15	0.1275	
1306	1	7.07	7.07	0.0651	
1307	1	7.08	7.08	0.0736	
1308	1	7.09	7.09	0.0819	
1309	1	7.18	7.18	0.1476	
1310	1	7.16	7.16	0.1344	
1311	1	7.12	7.12	0.1256	
1312	1	7.15	7.15	0.1475	
1313	1	7.16	7.16	0.1344	
1314	1	7.26	7.26	0.1924	
1315	1	7.35	7.35	0.2275	
1316	1	7.38	7.38	0.2356	
1317	1	7.45	7.45	0.2475	
1318	1	7.42	7.42	0.2436	
1319	1	7.39	7.39	0.3179	
1320	1	7.42	7.42	0.4436	
1321	1	7.5	7.5	0.45	
1322	1	7.58	7.58	0.5036	
1323	1	7.57	7.57	0.4851	
1324	1	7.49	7.49	0.3699	
1325	1	7.36	7.36	0.2904	
1326	1	7.45	7.45	0.3075	
1327	1	7.48	7.48	0.2896	
1328	1	7.43	7.43	0.2651	
1329	1	7.42	7.42	0.2436	
1330	1	7.44	7.44	0.2664	
1331	1	7.49	7.49	0.3099	
1332	1	7.53	7.53	0.3691	
1333	1	7.5	7.5	0.37	
1334	1	7.43	7.43	0.3251	
1335	1	7.42	7.42	0.3836	
1336	1	7.41	7.41	0.3219	
1337	1	7.34	7.34	0.2844	
1338	1	7.34	7.34	0.2844	
1339	1	7.39	7.39	0.2379	
1340	1	7.33	7.33	0.2211	
1341	1	7.39	7.39	0.2379	
1342	1	7.45	7.45	0.2475	
1343	1	7.41	7.41	0.2419	
1344	1	7.33	7.33	0.2211	
1345	1	7.31	7.31	0.2139	
1346	1	7.2	7.2	0.16	
1347	1	7.18	7.18	0.1476	
1348	1	7.09	7.09	0.0819	
1349	1	7.05	7.05	0.0475	
1350	1	7.01	7.01	0.0099	
1351	1	7.01	7.01	0.0099	
1352	1	7.06	7.06	0.0564	
1353	1	7.05	7.05	0.0475	
1354	1	7.03	7.03	0.0291	
1355	1	7.01	7.01	0.0099	
1356	1	7.01	7.01	0.0099	
1357	1	7.02	7.02	0.0196	
1358	1	7.01	7.01	0.0099	
1359	1	7.02	7.02	0.0196	
1360	1	7.01	7.01	0.0099	
1361	1	7.01	7.01	0.0099	
1362	1	7.01	7.01	0.0099	
1363	1	7.03	7.03	0.0291	
1364	1	7.09	7.09	0.0819	
1365	1	7.1	7.1	0.09	
1366	1	7.06	7.06	0.0564	
1367	1	7.05	7.05	0.0475	
1368	1	7.03	7.03	0.0291	
1369	1	7.02	7.02	0.0196	
1370	1	7.01	7.01	0.0099	
1371	1	7.01	7.01	0.0099	
1372	1	7.06	7.06	0.0564	
1373	1	7.13	7.13	0.1131	
1374	1	7.09	7.09	0.0819	
1375	1	7.09	7.09	0.0819	
1376	1	7.09	7.09	0.0819	
1377	1	7.15	7.15	0.1275	
1378	1	7.15	7.15	0.1275	
1379	1	7.19	7.19	0.1539	
1380	1	7.19	7.19	0.1539	
1381	1	7.13	7.13	0.1131	
1382	1	7.16	7.16	0.1344	
1383	1	7.29	7.29	0.2259	
1384	1	7.37	7.37	0.2331	
1385	1	7.27	7.27	0.1971	
1386	1	7.31	7.31	0.2139	
1387	1	7.29	7.29	0.2059	
1388	1	7.38	7.38	0.2556	
1389	1	7.39	7.39	0.2979	
1390	1	7.44	7.44	0.2864	
1391	1	7.4	7.4	0.32	
1392	1	7.24	7.24	0.2224	
1393	1	7.27	7.27	0.2171	
1394	1	7.28	7.28	0.2416	
1395	1	7.3	7.3	0.27	
1396	1	7.32	7.32	0.3176	
1397	1	7.5	7.5	0.39	
1398	1	7.41	7.41	0.3619	
1399	1	7.44	7.44	0.4064	
1400	1	7.41	7.41	0.3219	
1401	1	7.5	7.5	0.41	
1402	1	7.61	7.61	0.3179	
1403	1	7.61	7.61	0.3379	
1404	1	7.44	7.44	0.2664	
1405	1	7.53	7.53	0.2491	
1406	1	7.46	7.46	0.2484	
1407	1	7.53	7.53	0.2491	
1408	1	7.61	7.61	0.2779	
1409	1	7.63	7.63	0.2331	
1410	1	7.64	7.64	0.2304	
1411	1	7.65	7.65	0.3075	
1412	1	7.62	7.62	0.2756	
1413	1	7.59	7.59	0.2819	
1414	1	7.6	7.6	0.34	
1415	1	7.58	7.58	0.3036	
1416	1	7.53	7.53	0.2691	
1417	1	7.56	7.56	0.3064	
1418	1	7.54	7.54	0.2884	
1419	1	7.6	7.6	0.28	
1420	1	7.7	7.7	0.29	
1421	1	7.81	7.81	0.3339	
1422	1	7.85	7.85	0.3875	
1423	1	7.81	7.81	0.3939	
1424	1	7.72	7.72	0.3416	
1425	1	7.72	7.72	0.3616	
1426	1	7.8	7.8	0.38	
1427	1	7.86	7.86	0.2404	
1428	1	7.78	7.78	0.2916	
1429	1	7.86	7.86	0.2804	
1430	1	7.94	7.94	0.2364	
1431	1	7.86	7.86	0.1804	
1432	1	7.89	7.89	0.1379	
1433	1	7.89	7.89	0.1179	
1434	1	7.9	7.9	0.09	
1435	1	7.96	7.96	0.0584	
1436	1	7.95	7.95	0.0675	
1437	1	7.95	7.95	0.0675	
1438	1	8.01	8.01	0.0499	
1439	1	8.02	8.02	0.0396	
1440	1	7.99	7.99	0.0499	
1441	1	7.96	7.96	0.0584	
1442	1	7.97	7.97	0.0691	
1443	1	7.99	7.99	0.0099	
1444	1	8.02	8.02	0.0196	
1445	1	8	8	0	
1446	1	8	8	0	
1447	1	8	8	0	
1448	1	8	8	0	
1449	1	8.01	8.01	0.0099	
1450	1	8	8	0	
1451	1	8	8	0	
1452	1	8.01	8.01	0.0099	
1453	1	8	8	0	
1454	1	8	8	0	
1455	1	8	8	0	
1456	1	8	8	0	
1457	1	8	8	0	
1458	1	8.01	8.01	0.0099	
1459	1	8	8	0	
1460	1	8.01	8.01	0.0099	
1461	1	8	8	0	
1462	1	8	8	0	
1463	1	8.02	8.02	0.0196	
1464	1	8	8	0	
1465	1	8.01	8.01	0.0099	
1466	1	8.04	8.04	0.0384	
1467	1	8.04	8.04	0.0384	
1468	1	8.06	8.06	0.0564	
1469	1	8.03	8.03	0.0291	
1470	1	8.03	8.03	0.0291	
1471	1	8.06	8.06	0.0564	
1472	1	8.03	8.03	0.0291	
1473	1	8.01	8.01	0.0099	
1474	1	8.02	8.02	0.0196	
1475	1	8.03	8.03	0.0291	
1476	1	8.06	8.06	0.0564	
1477	1	8.06	8.06	0.0764	
1478	1	8.07	8.07	0.1051	
1479	1	8.11	8.11	0.1779	
1480	1	8.07	8.07	0.0851	
1481	1	8.07	8.07	0.0851	
1482	1	8.12	8.12	0.1456	
1483	1	8.18	8.18	0.2276	
1484	1	8.11	8.11	0.1179	
1485	1	8.06	8.06	0.0564	
1486	1	8.07	8.07	0.0651	
1487	1	8.06	8.06	0.0564	
1488	1	8.08	8.08	0.0736	
1489	1	8.11	8.11	0.0979	
1490	1	8.13	8.13	0.1131	
1491	1	8.08	8.08	0.0736	
1492	1	8.04	8.04	0.0384	
1493	1	8.03	8.03	0.0291	
1494	1	8.03	8.03	0.0291	
1495	1	8.03	8.03	0.0291	
1496	1	8.08	8.08	0.0736	
1497	1	8.08	8.08	0.0736	
1498	1	8.12	8.12	0.1056	
1499	1	8.08	8.08	0.0736	
1500	1	8.07	8.07	0.0651	
1501	1	8.08	8.08	0.0736	
1502	1	8.09	8.09	0.0819	
1503	1	8.13	8.13	0.1131	
1504	1	8.16	8.16	0.1344	
1505	1	8.13	8.13	0.1131	
1506	1	8.19	8.19	0.1739	
1507	1	8.19	8.19	0.1539	
1508	1	8.12	8.12	0.1256	
1509	1	8.14	8.14	0.1404	
1510	1	8.05	8.05	0.0475	
1511	1	8.02	8.02	0.0196	
1512	1	8.02	8.02	0.0196	
1513	1	8.01	8.01	0.0099	
1514	1	8.03	8.03	0.0291	
1515	1	8.14	8.14	0.1204	
1516	1	8.14	8.14	0.1204	
1517	1	8.21	8.21	0.1659	
1518	1	8.12	8.12	0.1056	
1519	1	8.11	8.11	0.0979	
1520	1	8.12	8.12	0.1056	
1521	1	8.18	8.18	0.1476	
1522	1	8.21	8.21	0.1659	
1523	1	8.21	8.21	0.1659	
1524	1	8.17	8.17	0.1411	
1525	1	8.15	8.15	0.1275	
1526	1	8.12	8.12	0.1056	
1527	1	8.32	8.32	0.2176	
1528	1	8.38	8.38	0.2556	
1529	1	8.45	8.45	0.3275	
1530	1	8.32	8.32	0.2176	
1531	1	8.34	8.34	0.2244	
1532	1	8.31	8.31	0.2139	
1533	1	8.33	8.33	0.2211	
1534	1	8.41	8.41	0.2419	
1535	1	8.38	8.38	0.2556	
1536	1	8.29	8.29	0.2059	
1537	1	8.27	8.27	0.1971	
1538	1	8.3	8.3	0.21	
1539	1	8.31	8.31	0.2139	
1540	1	8.32	8.32	0.2176	
1541	1	8.39	8.39	0.2379	
1542	1	8.52	8.52	0.2496	
1543	1	8.54	8.54	0.2484	
1544	1	8.47	8.47	0.2491	
1545	1	8.36	8.36	0.2304	
1546	1	8.25	8.25	0.1875	
1547	1	8.21	8.21	0.1859	
1548	1	8.24	8.24	0.2024	
1549	1	8.16	8.16	0.1344	
1550	1	8.17	8.17	0.1411	
1551	1	8.2	8.2	0.16	
1552	1	8.17	8.17	0.1411	
1553	1	8.22	8.22	0.1716	
1554	1	8.17	8.17	0.1411	
1555	1	8.18	8.18	0.1476	
1556	1	8.16	8.16	0.1344	
1557	1	8.15	8.15	0.1275	
1558	1	8.17	8.17	0.1611	
1559	1	8.22	8.22	0.1716	
1560	1	8.32	8.32	0.2376	
1561	1	8.36	8.36	0.2504	
1562	1	8.43	8.43	0.2651	
1563	1	8.49	8.49	0.2899	
1564	1	8.45	8.45	0.2675	
1565	1	8.5	8.5	0.25	
1566	1	8.45	8.45	0.2475	
1567	1	8.4	8.4	0.24	
1568	1	8.5	8.5	0.27	
1569	1	8.5	8.5	0.33	
1570	1	8.65	8.65	0.3275	
1571	1	8.65	8.65	0.2875	
1572	1	8.66	8.66	0.3244	
1573	1	8.79	8.79	0.3859	
1574	1	8.81	8.81	0.4139	
1575	1	8.8	8.8	0.36	
1576	1	8.95	8.95	0.3475	
1577	1	8.92	8.92	0.2336	
1578	1	8.84	8.84	0.3144	
1579	1	8.72	8.72	0.2816	
1580	1	8.66	8.66	0.3044	
1581	1	8.64	8.64	0.2904	
1582	1	8.43	8.43	0.2451	
1583	1	8.51	8.51	0.3499	
1584	1	8.52	8.52	0.3696	
1585	1	8.44	8.44	0.3664	
1586	1	8.53	8.53	0.3491	
1587	1	8.44	8.44	0.2664	
1588	1	8.52	8.52	0.2496	
1589	1	8.53	8.53	0.2491	
1590	1	8.43	8.43	0.2651	
1591	1	8.41	8.41	0.2619	
1592	1	8.37	8.37	0.2531	
1593	1	8.31	8.31	0.2739	
1594	1	8.24	8.24	0.2224	
1595	1	8.33	8.33	0.2811	
1596	1	8.35	8.35	0.3075	
1597	1	8.36	8.36	0.3504	
1598	1	8.31	8.31	0.2939	
1599	1	8.33	8.33	0.3011	
1600	1	8.26	8.26	0.1924	
1601	1	8.31	8.31	0.2139	
1602	1	8.17	8.17	0.1411	
1603	1	8.31	8.31	0.2339	
1604	1	8.26	8.26	0.1924	
1605	1	8.3	8.3	0.21	
1606	1	8.24	8.24	0.1824	
1607	1	8.23	8.23	0.1771	
1608	1	8.24	8.24	0.1824	
1609	1	8.21	8.21	0.1859	
1610	1	8.23	8.23	0.1771	
1611	1	8.21	8.21	0.1659	
1612	1	8.14	8.14	0.1204	
1613	1	8.22	8.22	0.1716	
1614	1	8.25	8.25	0.2675	
1615	1	8.39	8.39	0.3779	
1616	1	8.44	8.44	0.4264	
1617	1	8.37	8.37	0.3931	
1618	1	8.35	8.35	0.4275	
1619	1	8.28	8.28	0.3416	
1620	1	8.3	8.3	0.35	
1621	1	8.43	8.43	0.3851	
1622	1	8.52	8.52	0.5296	
1623	1	8.4	8.4	0.52	
1624	1	8.58	8.58	0.6236	
1625	1	8.56	8.56	0.5464	
1626	1	8.78	8.78	0.5716	
1627	1	8.75	8.75	0.6675	
1628	1	8.95	8.95	0.5875	
1629	1	8.95	8.95	0.6675	
1630	1	8.9	8.9	0.51	
1631	1	8.82	8.82	0.5676	
1632	1	8.82	8.82	0.6076	
1633	1	8.82	8.82	0.5276	
1634	1	8.86	8.86	0.4404	
1635	1	8.84	8.84	0.4144	
1636	1	8.77	8.77	0.4571	
1637	1	8.73	8.73	0.4771	
1638	1	8.58	8.58	0.3236	
1639	1	8.64	8.64	0.3104	
1640	1	8.64	8.64	0.3504	
1641	1	8.65	8.65	0.3875	
1642	1	8.47	8.47	0.3291	
1643	1	8.45	8.45	0.3075	
1644	1	8.42	8.42	0.2436	
1645	1	8.42	8.42	0.2436	
1646	1	8.4	8.4	0.24	
1647	1	8.39	8.39	0.2379	
1648	1	8.37	8.37	0.2331	
1649	1	8.45	8.45	0.2475	
1650	1	8.53	8.53	0.2491	
1651	1	8.46	8.46	0.2484	
1652	1	8.44	8.44	0.2464	
1653	1	8.45	8.45	0.2475	
1654	1	8.52	8.52	0.2496	
1655	1	8.49	8.49	0.2499	
1656	1	8.61	8.61	0.2779	
1657	1	8.65	8.65	0.3075	
1658	1	8.65	8.65	0.3075	
1659	1	8.7	8.7	0.31	
1660	1	8.73	8.73	0.2971	
1661	1	8.96	8.96	0.3184	
1662	1	9.05	9.05	0.3875	
1663	1	9.1	9.1	0.49	
1664	1	9.12	9.12	0.5056	
1665	1	9.04	9.04	0.4384	
1666	1	9.02	9.02	0.3796	
1667	1	9.03	9.03	0.3291	
1668	1	9.07	9.07	0.3251	
1669	1	9.21	9.21	0.3259	
1670	1	9.07	9.07	0.3251	
1671	1	9.09	9.09	0.3619	
1672	1	9.08	9.08	0.4136	
1673	1	9.15	9.15	0.4475	
1674	1	8.92	8.92	0.5136	
1675	1	8.61	8.61	0.4379	
1676	1	8.61	8.61	0.3979	
1677	1	8.65	8.65	0.3475	
1678	1	8.54	8.54	0.3684	
1679	1	8.57	8.57	0.4451	
1680	1	8.47	8.47	0.4091	
1681	1	8.45	8.45	0.4275	
1682	1	8.4	8.4	0.42	
1683	1	8.36	8.36	0.3904	
1684	1	8.22	8.22	0.2916	
1685	1	8.24	8.24	0.2824	
1686	1	8.2	8.2	0.16	
1687	1	8.15	8.15	0.1275	
1688	1	8.19	8.19	0.1539	
1689	1	8.15	8.15	0.1275	
1690	1	8.12	8.12	0.1056	
1691	1	8.13	8.13	0.1131	
1692	1	8.19	8.19	0.1539	
1693	1	8.22	8.22	0.1716	
1694	1	8.19	8.19	0.1539	
1695	1	8.17	8.17	0.1411	
1696	1	8.23	8.23	0.1771	
1697	1	8.21	8.21	0.1659	
1698	1	8.18	8.18	0.1476	
1699	1	8.16	8.16	0.1344	
1700	1	8.21	8.21	0.1659	
1701	1	8.1	8.1	0.09	
1702	1	8.08	8.08	0.0736	
1703	1	8.07	8.07	0.0651	
1704	1	8.1	8.1	0.09	
1705	1	8.12	8.12	0.1056	
1706	1	8.17	8.17	0.1411	
1707	1	8.16	8.16	0.1344	
1708	1	8.22	8.22	0.2116	
1709	1	8.17	8.17	0.1411	
1710	1	8.14	8.14	0.1204	
1711	1	8.13	8.13	0.1131	
1712	1	8.23	8.23	0.1971	
1713	1	8.26	8.26	0.2124	
1714	1	8.29	8.29	0.2059	
1715	1	8.33	8.33	0.2211	
1716	1	8.27	8.27	0.1971	
1717	1	8.29	8.29	0.2059	
1718	1	8.19	8.19	0.1739	
1719	1	8.32	8.32	0.2976	
1720	1	8.49	8.49	0.4699	
1721	1	8.44	8.44	0.3464	
1722	1	8.4	8.4	0.3	
1723	1	8.46	8.46	0.4484	
1724	1	8.42	8.42	0.3236	
1725	1	8.56	8.56	0.4064	
1726	1	8.54	8.54	0.3884	
1727	1	8.58	8.58	0.4036	
1728	1	8.61	8.61	0.4179	
1729	1	8.64	8.64	0.5104	
1730	1	8.69	8.69	0.6339	
1731	1	8.61	8.61	0.6179	
1732	1	8.76	8.76	0.7024	
1733	1	8.62	8.62	0.7356	
1734	1	8.62	8.62	0.7756	
1735	1	8.72	8.72	0.8616	
1736	1	8.73	8.73	0.9171	
1737	1	8.59	8.59	0.7819	
1738	1	8.75	8.75	0.9675	
1739	1	8.85	8.85	1.1275	
1740	1	8.72	8.72	1.1616	
1741	1	8.84	8.84	1.3944	
1742	1	8.92	8.92	1.5136	
1743	1	9.18	9.18	1.5076	
1744	1	9.11	9.11	1.4379	
1745	1	8.65	8.65	0.9275	
1746	1	8.49	8.49	0.6699	
1747	1	8.45	8.45	0.6475	
1748	1	8.35	8.35	0.5275	
1749	1	8.25	8.25	0.3475	
1750	1	8.39	8.39	0.5579	
1751	1	8.32	8.32	0.3976	
1752	1	8.2	8.2	0.3	
1753	1	8.15	8.15	0.2675	
1754	1	8.07	8.07	0.1251	
1755	1	8.02	8.02	0.0396	
1756	1	8.02	8.02	0.0396	
1757	1	8.02	8.02	0.0396	
1758	1	8.01	8.01	0.0099	
1759	1	8.01	8.01	0.0099	
1760	1	8.01	8.01	0.0099	
1761	1	8.02	8.02	0.0196	
1762	1	8.04	8.04	0.0384	
1763	1	8.04	8.04	0.0384	
1764	1	8.04	8.04	0.0384	
1765	1	8.05	8.05	0.0475	
1766	1	8.06	8.06	0.0564	
1767	1	8.1	8.1	0.09	
1768	1	8.11	8.11	0.0979	
1769	1	8.08	8.08	0.0736	
1770	1	8.09	8.09	0.0819	
1771	1	8.21	8.21	0.1859	
1772	1	8.22	8.22	0.1716	
1773	1	8.2	8.2	0.16	
1774	1	8.16	8.16	0.1344	
1775	1	8.16	8.16	0.1344	
1776	1	8.21	8.21	0.1659	
1777	1	8.2	8.2	0.16	
1778	1	8.28	8.28	0.2216	
1779	1	8.18	8.18	0.1676	
1780	1	8.17	8.17	0.1811	
1781	1	8.25	8.25	0.2675	
1782	1	8.15	8.15	0.1475	
1783	1	8.14	8.14	0.1404	
1784	1	8.2	8.2	0.16	
1785	1	8.18	8.18	0.1476	
1786	1	8.1	8.1	0.09	
1787	1	8.16	8.16	0.1344	
1788	1	8.18	8.18	0.1476	
1789	1	8.18	8.18	0.1476	
1790	1	8.21	8.21	0.1659	
1791	1	8.17	8.17	0.1411	
1792	1	8.16	8.16	0.1344	
1793	1	8.16	8.16	0.1344	
1794	1	8.16	8.16	0.1344	
1795	1	8.17	8.17	0.1411	
1796	1	8.23	8.23	0.1771	
1797	1	8.15	8.15	0.1275	
1798	1	8.22	8.22	0.1716	
1799	1	8.26	8.26	0.1924	
1800	1	8.26	8.26	0.1924	
1801	1	8.39	8.39	0.2579	
1802	1	8.37	8.37	0.2331	
1803	1	8.43	8.43	0.2451	
1804	1	8.41	8.41	0.2419	
1805	1	8.43	8.43	0.2451	
1806	1	8.38	8.38	0.2356	
1807	1	8.4	8.4	0.26	
1808	1	8.36	8.36	0.2304	
1809	1	8.48	8.48	0.2496	
1810	1	8.48	8.48	0.2696	
1811	1	8.5	8.5	0.27	
1812	1	8.59	8.59	0.2619	
1813	1	8.54	8.54	0.2684	
1814	1	8.58	8.58	0.2636	
1815	1	8.61	8.61	0.2579	
1816	1	8.6	8.6	0.24	
1817	1	8.58	8.58	0.2436	
1818	1	8.56	8.56	0.2464	
1819	1	8.64	8.64	0.2504	
1820	1	8.68	8.68	0.2776	
1821	1	8.72	8.72	0.2416	
1822	1	8.76	8.76	0.2424	
1823	1	8.82	8.82	0.2076	
1824	1	8.65	8.65	0.2675	
1825	1	8.57	8.57	0.2851	
1826	1	8.56	8.56	0.3464	
1827	1	8.47	8.47	0.3891	
1828	1	8.49	8.49	0.3699	
1829	1	8.46	8.46	0.2684	
1830	1	8.42	8.42	0.2836	
1831	1	8.41	8.41	0.3219	
1832	1	8.49	8.49	0.2699	
1833	1	8.47	8.47	0.2691	
1834	1	8.59	8.59	0.2419	
1835	1	8.58	8.58	0.2636	
1836	1	8.66	8.66	0.2644	
1837	1	8.64	8.64	0.2504	
1838	1	8.65	8.65	0.2875	
1839	1	8.56	8.56	0.2864	
1840	1	8.57	8.57	0.3051	
1841	1	8.73	8.73	0.2971	
1842	1	8.75	8.75	0.2475	
1843	1	8.83	8.83	0.2011	
1844	1	8.8	8.8	0.22	
1845	1	8.74	8.74	0.2324	
1846	1	8.82	8.82	0.2076	
1847	1	8.87	8.87	0.1931	
1848	1	8.88	8.88	0.1256	
1849	1	8.83	8.83	0.1411	
1850	1	8.75	8.75	0.1875	
1851	1	8.8	8.8	0.16	
1852	1	8.76	8.76	0.2024	
1853	1	8.68	8.68	0.2776	
1854	1	8.77	8.77	0.3771	
1855	1	8.85	8.85	0.4275	
1856	1	8.79	8.79	0.4459	
1857	1	8.76	8.76	0.4024	
1858	1	8.62	8.62	0.4156	
1859	1	8.63	8.63	0.3931	
1860	1	8.67	8.67	0.4411	
1861	1	8.72	8.72	0.4616	
1862	1	8.75	8.75	0.5075	
1863	1	8.63	8.63	0.4731	
1864	1	8.68	8.68	0.4776	
1865	1	8.84	8.84	0.5344	
1866	1	8.9	8.9	0.67	
1867	1	8.82	8.82	0.6276	
1868	1	8.84	8.84	0.4144	
1869	1	8.95	8.95	0.5875	
1870	1	8.85	8.85	0.5475	
1871	1	8.78	8.78	0.4916	
1872	1	8.65	8.65	0.2675	
1873	1	8.59	8.59	0.2619	
1874	1	8.61	8.61	0.2579	
1875	1	8.73	8.73	0.2171	
1876	1	8.72	8.72	0.2816	
1877	1	8.78	8.78	0.2916	
1878	1	8.79	8.79	0.2459	
1879	1	8.66	8.66	0.2244	
1880	1	8.63	8.63	0.2331	
1881	1	8.68	8.68	0.2176	
1882	1	8.7	8.7	0.23	
1883	1	8.8	8.8	0.18	
1884	1	8.93	8.93	0.1851	
1885	1	8.94	8.94	0.2164	
1886	1	9	9	0.14	
1887	1	8.94	8.94	0.1764	
1888	1	8.95	8.95	0.1875	
1889	1	8.94	8.94	0.0764	
1890	1	9.02	9.02	0.0996	
1891	1	9.05	9.05	0.0475	
1892	1	9.08	9.08	0.0736	
1893	1	9.09	9.09	0.0819	
1894	1	9.07	9.07	0.0651	
1895	1	9.06	9.06	0.0564	
1896	1	9.08	9.08	0.0736	
1897	1	9.04	9.04	0.0384	
1898	1	9.04	9.04	0.0384	
1899	1	9.05	9.05	0.0475	
1900	1	9.03	9.03	0.0291	
1901	1	9.03	9.03	0.0291	
1902	1	9.04	9.04	0.0384	
1903	1	9.07	9.07	0.0651	
1904	1	9.07	9.07	0.0651	
1905	1	9.06	9.06	0.0564	
1906	1	9.08	9.08	0.0736	
1907	1	9.09	9.09	0.0819	
1908	1	9.17	9.17	0.1411	
1909	1	9.24	9.24	0.1824	
1910	1	9.27	9.27	0.1971	
1911	1	9.33	9.33	0.2211	
1912	1	9.32	9.32	0.2576	
1913	1	9.3	9.3	0.23	
1914	1	9.34	9.34	0.3044	
1915	1	9.3	9.3	0.29	
1916	1	9.48	9.48	0.3096	
1917	1	9.46	9.46	0.3084	
1918	1	9.51	9.51	0.2899	
1919	1	9.4	9.4	0.32	
1920	1	9.45	9.45	0.3875	
1921	1	9.45	9.45	0.3275	
1922	1	9.52	9.52	0.2696	
1923	1	9.54	9.54	0.2484	
1924	1	9.58	9.58	0.2436	
1925	1	9.72	9.72	0.2016	
1926	1	9.66	9.66	0.2244	
1927	1	9.68	9.68	0.2176	
1928	1	9.76	9.76	0.1824	
1929	1	9.73	9.73	0.2171	
1930	1	9.77	9.77	0.1971	
1931	1	9.8	9.8	0.22	
1932	1	9.74	9.74	0.2524	
1933	1	9.82	9.82	0.1876	
1934	1	9.98	9.98	0.2196	
1935	1	9.99	9.99	0.2099	
1936	1	9.98	9.98	0.1996	
1937	1	9.9	9.9	0.29	
1938	1	9.82	9.82	0.2276	
1939	1	9.85	9.85	0.2875	
1940	1	10	10	0.34	
1941	1	10.03	10.03	0.2491	
1942	1	10.05	10.05	0.2875	
1943	1	10.05	10.05	0.2075	
1944	1	10.07	10.07	0.1851	
1945	1	9.9	9.9	0.21	
1946	1	9.93	9.93	0.2851	
1947	1	9.9	9.9	0.21	
1948	1	9.88	9.88	0.2456	
1949	1	9.89	9.89	0.1779	
1950	1	9.93	9.93	0.0851	
1951	1	9.92	9.92	0.0736	
1952	1	9.88	9.88	0.1056	
1953	1	9.85	9.85	0.1275	
1954	1	9.87	9.87	0.1331	
1955	1	9.82	9.82	0.1676	
1956	1	9.9	9.9	0.11	
1957	1	9.88	9.88	0.1056	
1958	1	9.9	9.9	0.09	
1959	1	9.91	9.91	0.0819	
1960	1	9.93	9.93	0.1051	
1961	1	9.9	9.9	0.11	
1962	1	9.94	9.94	0.1964	
1963	1	9.97	9.97	0.2091	
1964	1	10.03	10.03	0.2291	
1965	1	10.07	10.07	0.4851	
1966	1	10.19	10.19	0.4939	
1967	1	10.29	10.29	0.8859	
1968	1	10.14	10.14	0.7804	
1969	1	9.96	9.96	0.8184	
1970	1	10.01	10.01	0.9899	
1971	1	10.19	10.19	1.2739	
1972	1	10.42	10.42	1.4636	
1973	1	10.39	10.39	1.1579	
1974	1	10.44	10.44	1.1864	
1975	1	10.25	10.25	1.2275	
1976	1	10.52	10.52	1.1896	
1977	1	10.49	10.49	1.1299	
1978	1	10.5	10.5	1.21	
1979	1	10.42	10.42	1.3236	
1980	1	10.38	10.38	1.4556	
1981	1	10.83	10.83	1.4811	
1982	1	10.9	10.9	1.59	
1983	1	10.97	10.97	1.7491	
1984	1	10.69	10.69	1.9539	
1985	1	10.5	10.5	2.07	
1986	1	10.71	10.71	2.1459	
1987	1	10.84	10.84	1.9944	
1988	1	10.93	10.93	2.0451	
1989	1	10.9	10.9	2.01	
1990	1	10.68	10.68	2.0976	
1991	1	11.03	11.03	1.9291	
1992	1	11.01	11.01	1.9299	
1993	1	11.24	11.24	1.6024	
1994	1	11.14	11.14	1.5804	
1995	1	11.11	11.11	1.6779	
1996	1	11.33	11.33	1.5811	
1997	1	11.71	11.71	0.8259	
1998	1	11.72	11.72	0.7216	
1999	1	11.66	11.66	0.8044	
2000	1	11.7	11.7	0.81	
