# mu = 0.01, s = 1, trials requested = 1, runtime = 0:00:01
# "Time"	"Actual trials"	"Mean mutation"	"Average mean mutation"	"Average mutation variance"
0	1	0	0	0	
1	1	0.04	0.04	0.0384	
2	1	0.14	0.14	0.1204	
3	1	0.31	0.31	0.2139	
4	1	0.55	0.55	0.2475	
5	1	0.71	0.71	0.2059	
6	1	0.83	0.83	0.2211	
7	1	1.07	1.07	0.2851	
8	1	1.29	1.29	0.3459	
9	1	1.55	1.55	0.4475	
10	1	1.74	1.74	0.6324	
11	1	1.97	1.97	0.5891	
12	1	2.48	2.48	0.5296	
13	1	2.76	2.76	0.4224	
14	1	2.83	2.83	0.2811	
15	1	3.02	3.02	0.2196	
16	1	3.16	3.16	0.3344	
17	1	3.44	3.44	0.3464	
18	1	3.6	3.6	0.3	
19	1	3.66	3.66	0.2844	
20	1	3.9	3.9	0.09	
21	1	3.98	3.98	0.1196	
22	1	4.18	4.18	0.1876	
23	1	4.3	4.3	0.21	
24	1	4.45	4.45	0.2475	
25	1	4.66	4.66	0.2244	
26	1	4.77	4.77	0.1971	
27	1	4.86	4.86	0.1604	
28	1	4.97	4.97	0.1691	
29	1	5.14	5.14	0.2404	
30	1	5.34	5.34	0.3844	
31	1	5.71	5.71	0.6059	
32	1	6.03	6.03	0.4691	
33	1	6.27	6.27	0.4571	
34	1	6.58	6.58	0.3636	
35	1	6.81	6.81	0.1739	
36	1	6.97	6.97	0.0891	
37	1	7.06	7.06	0.1164	
38	1	7.19	7.19	0.1739	
39	1	7.47	7.47	0.4091	
40	1	7.87	7.87	0.6131	
41	1	8.3	8.3	0.65	
42	1	8.7	8.7	0.75	
43	1	8.82	8.82	0.7676	
44	1	9.3	9.3	0.73	
45	1	9.6	9.6	0.34	
46	1	9.79	9.79	0.2059	
47	1	9.93	9.93	0.1051	
48	1	9.98	9.98	0.0996	
49	1	10.13	10.13	0.1331	
50	1	10.32	10.32	0.2176	
51	1	10.54	10.54	0.2484	
52	1	10.62	10.62	0.2356	
53	1	10.74	10.74	0.1924	
54	1	10.83	10.83	0.1611	
55	1	10.95	10.95	0.0875	
56	1	10.99	10.99	0.0899	
57	1	11.06	11.06	0.0964	
58	1	11.04	11.04	0.0784	
59	1	11.12	11.12	0.1056	
60	1	11.31	11.31	0.2539	
61	1	11.46	11.46	0.3884	
62	1	11.96	11.96	0.6584	
63	1	12.38	12.38	0.5956	
64	1	12.54	12.54	0.5084	
65	1	12.76	12.76	0.3024	
66	1	12.95	12.95	0.2675	
67	1	13.04	13.04	0.2384	
68	1	13.51	13.51	0.6699	
69	1	14.17	14.17	0.7411	
70	1	14.56	14.56	0.4864	
71	1	14.77	14.77	0.3971	
72	1	15.03	15.03	0.4891	
73	1	15.58	15.58	0.9236	
74	1	16.2	16.2	0.84	
75	1	16.55	16.55	0.7275	
76	1	16.81	16.81	0.4939	
77	1	16.98	16.98	0.2996	
78	1	17.08	17.08	0.1336	
79	1	17.26	17.26	0.1924	
80	1	17.31	17.31	0.2139	
81	1	17.58	17.58	0.3036	
82	1	17.79	17.79	0.3459	
83	1	18.12	18.12	0.3656	
84	1	18.34	18.34	0.4644	
85	1	18.98	18.98	0.8596	
86	1	19.47	19.47	0.6491	
87	1	19.56	19.56	0.5264	
88	1	19.86	19.86	0.2004	
89	1	19.93	19.93	0.1451	
90	1	20.11	20.11	0.2179	
91	1	20.3	20.3	0.29	
92	1	20.62	20.62	0.3356	
93	1	20.81	20.81	0.4539	
94	1	21.27	21.27	0.4771	
95	1	21.53	21.53	0.4491	
96	1	21.72	21.72	0.3016	
97	1	21.83	21.83	0.2211	
98	1	21.88	21.88	0.1456	
99	1	21.89	21.89	0.1579	
100	1	22.02	22.02	0.1196	
101	1	22.19	22.19	0.1739	
102	1	22.37	22.37	0.2531	
103	1	22.58	22.58	0.2636	
104	1	22.8	22.8	0.22	
105	1	22.91	22.91	0.1419	
106	1	22.98	22.98	0.1396	
107	1	23.15	23.15	0.1675	
108	1	23.36	23.36	0.2304	
109	1	23.65	23.65	0.3075	
110	1	23.79	23.79	0.2859	
111	1	24.12	24.12	0.3856	
112	1	24.43	24.43	0.3851	
113	1	24.67	24.67	0.3211	
114	1	24.82	24.82	0.2276	
115	1	25.04	25.04	0.1784	
116	1	25.2	25.2	0.2	
117	1	25.32	25.32	0.2576	
118	1	25.5	25.5	0.25	
119	1	25.65	25.65	0.2275	
120	1	25.69	25.69	0.2339	
121	1	25.78	25.78	0.1716	
122	1	25.81	25.81	0.1739	
123	1	25.91	25.91	0.1819	
124	1	26.05	26.05	0.1475	
125	1	26.16	26.16	0.1544	
126	1	26.28	26.28	0.2016	
127	1	26.45	26.45	0.2675	
128	1	26.6	26.6	0.38	
129	1	26.91	26.91	0.6419	
130	1	27.21	27.21	0.7459	
131	1	27.66	27.66	0.6044	
132	1	27.83	27.83	0.4211	
133	1	27.97	27.97	0.5091	
134	1	28.23	28.23	0.3771	
135	1	28.4	28.4	0.42	
136	1	28.71	28.71	0.3859	
137	1	29.09	29.09	0.3619	
138	1	29.48	29.48	0.3296	
139	1	29.6	29.6	0.28	
140	1	29.77	29.77	0.2171	
141	1	29.84	29.84	0.1944	
142	1	30.05	30.05	0.2075	
143	1	30.33	30.33	0.3611	
144	1	30.64	30.64	0.4704	
145	1	30.88	30.88	0.4656	
146	1	31.03	31.03	0.5491	
147	1	31.4	31.4	0.48	
148	1	31.93	31.93	0.5451	
149	1	32.33	32.33	0.5211	
150	1	32.6	32.6	0.42	
151	1	32.81	32.81	0.2139	
152	1	32.9	32.9	0.13	
153	1	32.96	32.96	0.1584	
154	1	33.11	33.11	0.1979	
155	1	33.35	33.35	0.3075	
156	1	33.55	33.55	0.2475	
157	1	33.75	33.75	0.2875	
158	1	33.94	33.94	0.3964	
159	1	34.23	34.23	0.4771	
160	1	34.63	34.63	0.5931	
161	1	34.92	34.92	0.4736	
162	1	35.18	35.18	0.4676	
163	1	35.74	35.74	0.9724	
164	1	36.19	36.19	0.7739	
165	1	36.56	36.56	0.5264	
166	1	36.79	36.79	0.3059	
167	1	36.98	36.98	0.3396	
168	1	37.15	37.15	0.2675	
169	1	37.42	37.42	0.3036	
170	1	37.82	37.82	0.7676	
171	1	38.52	38.52	1.5096	
172	1	39.11	39.11	1.1979	
173	1	39.48	39.48	1.1896	
174	1	40.11	40.11	0.5979	
175	1	40.52	40.52	0.4096	
176	1	40.71	40.71	0.2859	
177	1	40.82	40.82	0.1876	
178	1	41.2	41.2	0.42	
179	1	41.97	41.97	0.8891	
180	1	42.29	42.29	0.8859	
181	1	42.72	42.72	0.5616	
182	1	42.95	42.95	0.3275	
183	1	43.24	43.24	0.3624	
184	1	43.44	43.44	0.4464	
185	1	43.64	43.64	0.2704	
186	1	43.74	43.74	0.2324	
187	1	43.85	43.85	0.1875	
188	1	43.91	43.91	0.3019	
189	1	44.11	44.11	0.3179	
190	1	44.49	44.49	0.8099	
191	1	45.65	45.65	1.8275	
192	1	46.59	46.59	2.2619	
193	1	47.3	47.3	1.19	
194	1	47.76	47.76	0.5424	
195	1	48.05	48.05	0.3875	
196	1	48.14	48.14	0.2804	
197	1	48.42	48.42	0.3036	
198	1	48.66	48.66	0.3444	
199	1	48.85	48.85	0.3075	
200	1	49.11	49.11	0.3179	
201	1	49.35	49.35	0.3675	
202	1	49.46	49.46	0.3884	
203	1	49.68	49.68	0.3176	
204	1	49.81	49.81	0.1539	
205	1	49.87	49.87	0.1131	
206	1	49.87	49.87	0.1131	
207	1	49.93	49.93	0.0651	
208	1	49.96	49.96	0.0384	
209	1	49.98	49.98	0.0196	
210	1	49.98	49.98	0.0196	
211	1	49.99	49.99	0.0099	
212	1	50	50	0.04	
213	1	50.01	50.01	0.0099	
214	1	50.01	50.01	0.0099	
215	1	50.02	50.02	0.0196	
216	1	50.05	50.05	0.0475	
217	1	50.12	50.12	0.1056	
218	1	50.34	50.34	0.3044	
219	1	50.85	50.85	0.6075	
220	1	51.32	51.32	0.9576	
221	1	52.28	52.28	1.5816	
222	1	53.26	53.26	1.6324	
223	1	53.94	53.94	1.2364	
224	1	54.41	54.41	0.7419	
225	1	54.63	54.63	0.5131	
226	1	54.77	54.77	0.2371	
227	1	54.95	54.95	0.2075	
228	1	55.21	55.21	0.3659	
229	1	55.88	55.88	0.7056	
230	1	56.33	56.33	0.7011	
231	1	56.62	56.62	0.4956	
232	1	56.76	56.76	0.3824	
233	1	56.84	56.84	0.2544	
234	1	56.9	56.9	0.13	
235	1	56.92	56.92	0.0936	
236	1	57.26	57.26	0.2524	
237	1	57.39	57.39	0.2579	
238	1	57.45	57.45	0.2675	
239	1	57.55	57.55	0.2675	
240	1	57.86	57.86	0.4204	
241	1	58.13	58.13	0.4531	
242	1	58.31	58.31	0.4739	
243	1	58.58	58.58	0.6236	
244	1	59.02	59.02	0.7396	
245	1	59.37	59.37	0.6331	
246	1	59.76	59.76	0.4624	
247	1	60.16	60.16	0.6944	
248	1	60.85	60.85	0.9875	
249	1	61.41	61.41	0.9619	
250	1	61.67	61.67	0.6011	
251	1	61.89	61.89	0.1779	
252	1	61.95	61.95	0.1075	
253	1	61.99	61.99	0.0499	
254	1	62.06	62.06	0.0564	
255	1	62.12	62.12	0.1056	
256	1	62.31	62.31	0.2339	
257	1	62.58	62.58	0.4436	
258	1	62.98	62.98	0.5396	
259	1	63.35	63.35	0.5475	
260	1	63.43	63.43	0.5451	
261	1	63.57	63.57	0.4051	
262	1	63.81	63.81	0.1739	
263	1	63.88	63.88	0.1056	
264	1	63.95	63.95	0.0475	
265	1	63.97	63.97	0.0291	
266	1	63.99	63.99	0.0099	
267	1	64.02	64.02	0.0196	
268	1	64.18	64.18	0.1476	
269	1	64.32	64.32	0.2176	
270	1	64.52	64.52	0.2896	
271	1	64.64	64.64	0.2904	
272	1	64.85	64.85	0.2275	
273	1	64.94	64.94	0.2564	
274	1	65.27	65.27	0.2771	
275	1	65.5	65.5	0.39	
276	1	65.78	65.78	0.3116	
277	1	66.03	66.03	0.3691	
278	1	66.18	66.18	0.4276	
279	1	66.32	66.32	0.4376	
280	1	66.45	66.45	0.4675	
281	1	66.64	66.64	0.3504	
282	1	66.79	66.79	0.3059	
283	1	66.9	66.9	0.19	
284	1	67.22	67.22	0.3916	
285	1	67.5	67.5	0.69	
286	1	67.94	67.94	0.8964	
287	1	68.44	68.44	0.7064	
288	1	68.76	68.76	0.3424	
289	1	69.02	69.02	0.2196	
290	1	69.11	69.11	0.2779	
291	1	69.53	69.53	0.4091	
292	1	69.98	69.98	0.6596	
293	1	70.56	70.56	1.1264	
294	1	71.34	71.34	1.1444	
295	1	71.75	71.75	0.9275	
296	1	71.96	71.96	0.7584	
297	1	72.41	72.41	0.2419	
298	1	72.64	72.64	0.2304	
299	1	72.72	72.72	0.2016	
300	1	72.92	72.92	0.0936	
301	1	73.11	73.11	0.1379	
302	1	73.23	73.23	0.1971	
303	1	73.47	73.47	0.2491	
304	1	73.64	73.64	0.2304	
305	1	73.82	73.82	0.1476	
306	1	73.89	73.89	0.1579	
307	1	73.93	73.93	0.2051	
308	1	74.07	74.07	0.2451	
309	1	74.46	74.46	0.4884	
310	1	74.96	74.96	0.6784	
311	1	75.44	75.44	0.5264	
312	1	75.66	75.66	0.4044	
313	1	75.91	75.91	0.1219	
314	1	76.03	76.03	0.1291	
315	1	76.21	76.21	0.2659	
316	1	76.58	76.58	0.6636	
317	1	77.26	77.26	0.7524	
318	1	77.52	77.52	0.6096	
319	1	77.73	77.73	0.3571	
320	1	77.89	77.89	0.1579	
321	1	77.91	77.91	0.1219	
322	1	77.96	77.96	0.0984	
323	1	78.03	78.03	0.0691	
324	1	78.13	78.13	0.1331	
325	1	78.24	78.24	0.2224	
326	1	78.43	78.43	0.3051	
327	1	78.7	78.7	0.39	
328	1	79.05	79.05	0.4275	
329	1	79.28	79.28	0.3816	
330	1	79.57	79.57	0.3051	
331	1	79.59	79.59	0.3219	
332	1	79.77	79.77	0.2971	
333	1	80.07	80.07	0.3451	
334	1	80.28	80.28	0.2216	
335	1	80.39	80.39	0.2379	
336	1	80.67	80.67	0.2411	
337	1	80.87	80.87	0.1931	
338	1	81	81	0.18	
339	1	81.23	81.23	0.2371	
340	1	81.36	81.36	0.2704	
341	1	81.53	81.53	0.2691	
342	1	81.72	81.72	0.2016	
343	1	81.82	81.82	0.1476	
344	1	81.89	81.89	0.0979	
345	1	81.99	81.99	0.0699	
346	1	81.93	81.93	0.0651	
347	1	81.99	81.99	0.0499	
348	1	81.98	81.98	0.0396	
349	1	81.99	81.99	0.0299	
350	1	81.98	81.98	0.0396	
351	1	82.01	82.01	0.0299	
352	1	82.24	82.24	0.2424	
353	1	82.34	82.34	0.2844	
354	1	82.53	82.53	0.4091	
355	1	83.09	83.09	0.5819	
356	1	83.49	83.49	0.5699	
357	1	83.69	83.69	0.4739	
358	1	83.85	83.85	0.4075	
359	1	84.44	84.44	0.9864	
360	1	85.21	85.21	1.1459	
361	1	85.65	85.65	0.8475	
362	1	85.99	85.99	0.4099	
363	1	86.24	86.24	0.2824	
364	1	86.5	86.5	0.29	
365	1	86.75	86.75	0.3875	
366	1	87.22	87.22	0.6316	
367	1	87.75	87.75	0.6475	
368	1	88.29	88.29	0.5659	
369	1	88.44	88.44	0.4664	
370	1	88.73	88.73	0.2571	
371	1	88.85	88.85	0.1875	
372	1	88.99	88.99	0.1299	
373	1	89.08	89.08	0.2536	
374	1	89.28	89.28	0.2616	
375	1	89.39	89.39	0.2579	
376	1	89.45	89.45	0.2875	
377	1	89.66	89.66	0.3444	
378	1	90.04	90.04	0.4584	
379	1	90.31	90.31	0.4539	
380	1	90.58	90.58	0.3436	
381	1	90.71	90.71	0.2659	
382	1	90.78	90.78	0.1916	
383	1	90.85	90.85	0.1275	
384	1	90.9	90.9	0.09	
385	1	90.97	90.97	0.0291	
386	1	91	91	0.04	
387	1	90.99	90.99	0.0299	
388	1	90.99	90.99	0.0299	
389	1	91	91	0.02	
390	1	91.01	91.01	0.0099	
391	1	91.01	91.01	0.0099	
392	1	91.08	91.08	0.0736	
393	1	91.13	91.13	0.1131	
394	1	91.2	91.2	0.16	
395	1	91.43	91.43	0.2451	
396	1	91.68	91.68	0.4576	
397	1	92.2	92.2	0.88	
398	1	92.72	92.72	1.3816	
399	1	93.5	93.5	1.11	
400	1	93.97	93.97	0.6491	
401	1	94.73	94.73	1.0371	
402	1	95.27	95.27	0.8371	
403	1	95.6	95.6	0.54	
404	1	95.63	95.63	0.4931	
405	1	95.87	95.87	0.1531	
406	1	95.93	95.93	0.1051	
407	1	96	96	0.26	
408	1	96.11	96.11	0.3379	
409	1	96.42	96.42	0.4036	
410	1	96.69	96.69	0.5339	
411	1	97.11	97.11	0.9979	
412	1	98.4	98.4	1.92	
413	1	98.97	98.97	1.6291	
414	1	99.51	99.51	0.8299	
415	1	99.73	99.73	0.4171	
416	1	99.89	99.89	0.1579	
417	1	100	100	0.06	
418	1	100.09	100.09	0.0819	
419	1	100.19	100.19	0.1539	
420	1	100.35	100.35	0.2275	
421	1	100.45	100.45	0.2875	
422	1	100.86	100.86	0.6404	
423	1	101.13	101.13	0.5931	
424	1	101.43	101.43	0.5051	
425	1	101.83	101.83	0.3211	
426	1	102.08	102.08	0.3936	
427	1	102.36	102.36	0.4704	
428	1	102.64	102.64	0.4104	
429	1	103.17	103.17	0.4811	
430	1	103.56	103.56	0.4064	
431	1	103.71	103.71	0.2459	
432	1	103.86	103.86	0.1204	
433	1	103.95	103.95	0.0475	
434	1	103.98	103.98	0.0196	
435	1	104.08	104.08	0.0736	
436	1	104.3	104.3	0.21	
437	1	104.55	104.55	0.2875	
438	1	104.71	104.71	0.2259	
439	1	104.88	104.88	0.2056	
440	1	105.01	105.01	0.2299	
441	1	105.25	105.25	0.3675	
442	1	105.5	105.5	0.47	
443	1	105.74	105.74	0.5524	
444	1	106.17	106.17	0.5411	
445	1	106.45	106.45	0.5275	
446	1	106.77	106.77	0.4171	
447	1	106.84	106.84	0.4544	
448	1	107.15	107.15	0.6275	
449	1	107.37	107.37	0.5331	
450	1	107.87	107.87	0.5731	
451	1	108.28	108.28	0.3616	
452	1	108.47	108.47	0.3091	
453	1	108.7	108.7	0.31	
454	1	109.09	109.09	0.4019	
455	1	109.61	109.61	0.7779	
456	1	109.95	109.95	0.8475	
457	1	110.34	110.34	0.7644	
458	1	110.61	110.61	0.5779	
459	1	110.9	110.9	0.35	
460	1	110.97	110.97	0.2291	
461	1	111.11	111.11	0.3779	
462	1	111.27	111.27	0.3971	
463	1	111.53	111.53	0.2891	
464	1	111.65	111.65	0.2875	
465	1	111.89	111.89	0.4379	
466	1	112.21	112.21	0.4259	
467	1	112.31	112.31	0.4339	
468	1	112.54	112.54	0.4284	
469	1	112.85	112.85	0.4075	
470	1	113.18	113.18	0.4676	
471	1	113.49	113.49	0.4099	
472	1	113.71	113.71	0.4059	
473	1	113.82	113.82	0.2676	
474	1	114.13	114.13	0.3531	
475	1	114.47	114.47	0.3491	
476	1	114.73	114.73	0.3171	
477	1	115.1	115.1	0.41	
478	1	115.41	115.41	0.4619	
479	1	115.44	115.44	0.3664	
480	1	115.65	115.65	0.3475	
481	1	116.08	116.08	0.6336	
482	1	116.36	116.36	0.6104	
483	1	116.68	116.68	0.3576	
484	1	116.82	116.82	0.2276	
485	1	116.89	116.89	0.1779	
486	1	116.9	116.9	0.31	
487	1	117.05	117.05	0.2675	
488	1	117.19	117.19	0.2139	
489	1	117.32	117.32	0.2376	
490	1	117.52	117.52	0.2496	
491	1	117.7	117.7	0.21	
492	1	117.81	117.81	0.1539	
493	1	117.92	117.92	0.0936	
494	1	118.01	118.01	0.1299	
495	1	118.1	118.1	0.15	
496	1	118.38	118.38	0.2956	
497	1	119.04	119.04	1.4984	
498	1	120.04	120.04	1.5584	
499	1	120.56	120.56	1.0864	
500	1	121.02	121.02	0.5996	
501	1	121.36	121.36	0.3304	
502	1	121.45	121.45	0.3075	
503	1	121.64	121.64	0.2304	
504	1	121.85	121.85	0.1875	
505	1	121.99	121.99	0.0899	
506	1	121.95	121.95	0.0675	
507	1	122.1	122.1	0.13	
508	1	122.2	122.2	0.18	
509	1	122.55	122.55	0.3475	
510	1	122.84	122.84	0.3544	
511	1	122.9	122.9	0.33	
512	1	123.27	123.27	0.4171	
513	1	123.4	123.4	0.48	
514	1	123.86	123.86	0.6604	
515	1	124.28	124.28	0.6216	
516	1	124.64	124.64	0.4704	
517	1	124.96	124.96	0.2384	
518	1	125.34	125.34	0.5444	
519	1	126.24	126.24	1.2624	
520	1	127.4	127.4	2.28	
521	1	128.58	128.58	2.4036	
522	1	129.32	129.32	1.5376	
523	1	129.66	129.66	0.7444	
524	1	129.9	129.9	0.71	
525	1	130.23	130.23	0.6771	
526	1	130.48	130.48	0.4496	
527	1	130.8	130.8	0.44	
528	1	130.94	130.94	0.3764	
529	1	131.15	131.15	0.4275	
530	1	131.38	131.38	0.4156	
531	1	131.78	131.78	0.4316	
532	1	132.02	132.02	0.4196	
533	1	132.21	132.21	0.3259	
534	1	132.38	132.38	0.3156	
535	1	132.55	132.55	0.2475	
536	1	132.67	132.67	0.2211	
537	1	132.84	132.84	0.2944	
538	1	133.13	133.13	0.3731	
539	1	133.52	133.52	0.3496	
540	1	133.67	133.67	0.3611	
541	1	133.83	133.83	0.2411	
542	1	133.88	133.88	0.2856	
543	1	134.13	134.13	0.2731	
544	1	134.25	134.25	0.3475	
545	1	134.48	134.48	0.3696	
546	1	134.56	134.56	0.3264	
547	1	134.68	134.68	0.2776	
548	1	134.84	134.84	0.1544	
549	1	134.91	134.91	0.1419	
550	1	134.94	134.94	0.1164	
551	1	135.1	135.1	0.17	
552	1	135.42	135.42	0.2436	
553	1	135.59	135.59	0.2419	
554	1	135.75	135.75	0.2275	
555	1	136	136	0.24	
556	1	136.08	136.08	0.4736	
557	1	136.51	136.51	0.9899	
558	1	137.22	137.22	0.9716	
559	1	137.68	137.68	0.4576	
560	1	137.8	137.8	0.32	
561	1	137.92	137.92	0.2336	
562	1	138.32	138.32	0.4576	
563	1	139	139	0.82	
564	1	139.27	139.27	0.7971	
565	1	139.44	139.44	0.5864	
566	1	139.59	139.59	0.4619	
567	1	139.7	139.7	0.35	
568	1	139.93	139.93	0.2651	
569	1	140.47	140.47	0.8491	
570	1	141.1	141.1	0.93	
571	1	141.55	141.55	0.6675	
572	1	141.8	141.8	0.4	
573	1	141.9	141.9	0.23	
574	1	142.25	142.25	0.2475	
575	1	142.39	142.39	0.2779	
576	1	142.45	142.45	0.2675	
577	1	142.5	142.5	0.29	
578	1	142.82	142.82	0.4476	
579	1	143.01	143.01	0.5499	
580	1	143.37	143.37	0.4931	
581	1	143.76	143.76	0.4224	
582	1	143.96	143.96	0.3784	
583	1	144.17	144.17	0.3211	
584	1	144.31	144.31	0.2739	
585	1	144.41	144.41	0.3219	
586	1	144.53	144.53	0.2891	
587	1	144.72	144.72	0.2416	
588	1	144.8	144.8	0.2	
589	1	144.92	144.92	0.2536	
590	1	145.09	145.09	0.2819	
591	1	145.34	145.34	0.4044	
592	1	145.58	145.58	0.3636	
593	1	145.83	145.83	0.4011	
594	1	146.13	146.13	0.5531	
595	1	146.64	146.64	0.8104	
596	1	147.52	147.52	1.4696	
597	1	148.63	148.63	1.7931	
598	1	149.29	149.29	1.1059	
599	1	149.58	149.58	0.5836	
600	1	149.59	149.59	0.4819	
601	1	150.2	150.2	0.64	
602	1	150.98	150.98	1.1196	
603	1	151.39	151.39	0.7779	
604	1	151.55	151.55	0.6875	
605	1	152	152	0.44	
606	1	152.48	152.48	0.5896	
607	1	152.85	152.85	0.8475	
608	1	153.21	153.21	0.7259	
609	1	153.52	153.52	0.6696	
610	1	153.79	153.79	0.4059	
611	1	153.94	153.94	0.2764	
612	1	154.64	154.64	0.8304	
613	1	155.18	155.18	0.8476	
614	1	155.77	155.77	0.6371	
615	1	156.05	156.05	0.4475	
616	1	156.46	156.46	0.4484	
617	1	156.56	156.56	0.3464	
618	1	156.79	156.79	0.1659	
619	1	156.93	156.93	0.1651	
620	1	157.18	157.18	0.2476	
621	1	157.44	157.44	0.2864	
622	1	157.71	157.71	0.4659	
623	1	157.88	157.88	0.6056	
624	1	158.44	158.44	0.8264	
625	1	159.27	159.27	0.5171	
626	1	159.68	159.68	0.2976	
627	1	159.7	159.7	0.25	
628	1	159.88	159.88	0.1656	
629	1	160.11	160.11	0.2579	
630	1	160.32	160.32	0.2576	
631	1	160.49	160.49	0.2499	
632	1	160.66	160.66	0.2244	
633	1	160.78	160.78	0.2316	
634	1	161.07	161.07	0.2251	
635	1	161.34	161.34	0.3644	
636	1	161.51	161.51	0.3099	
637	1	161.68	161.68	0.2776	
638	1	161.87	161.87	0.2531	
639	1	162.02	162.02	0.3396	
640	1	162.38	162.38	0.4356	
641	1	162.63	162.63	0.3531	
642	1	162.8	162.8	0.32	
643	1	162.89	162.89	0.1779	
644	1	163.01	163.01	0.0699	
645	1	163.16	163.16	0.1744	
646	1	163.64	163.64	0.6704	
647	1	164.22	164.22	0.7116	
648	1	164.62	164.62	0.4956	
649	1	164.85	164.85	0.2875	
650	1	165.07	165.07	0.1651	
651	1	165.35	165.35	0.2275	
652	1	165.52	165.52	0.2496	
653	1	165.74	165.74	0.1924	
654	1	165.82	165.82	0.1876	
655	1	165.91	165.91	0.2019	
656	1	166.04	166.04	0.1984	
657	1	166.39	166.39	0.3379	
658	1	166.69	166.69	0.4339	
659	1	166.91	166.91	0.4619	
660	1	167.19	167.19	0.5139	
661	1	167.48	167.48	0.7296	
662	1	167.77	167.77	0.6571	
663	1	168.01	168.01	0.6699	
664	1	168.51	168.51	0.9099	
665	1	169.18	169.18	0.8276	
666	1	169.51	169.51	0.5899	
667	1	169.76	169.76	0.3024	
668	1	169.94	169.94	0.2564	
669	1	170.28	170.28	0.5016	
670	1	170.56	170.56	0.5264	
671	1	170.96	170.96	0.4784	
672	1	171.2	171.2	0.44	
673	1	171.6	171.6	0.48	
674	1	171.96	171.96	0.3584	
675	1	172.28	172.28	0.4216	
676	1	172.71	172.71	0.2659	
677	1	172.97	172.97	0.2291	
678	1	173.19	173.19	0.3739	
679	1	173.44	173.44	0.3864	
680	1	173.99	173.99	0.5699	
681	1	174.35	174.35	0.5475	
682	1	174.62	174.62	0.3956	
683	1	174.84	174.84	0.2144	
684	1	174.87	174.87	0.1731	
685	1	174.97	174.97	0.0291	
686	1	175.01	175.01	0.0099	
687	1	175	175	0	
688	1	175.09	175.09	0.0819	
689	1	175.15	175.15	0.1275	
690	1	175.39	175.39	0.2379	
691	1	175.54	175.54	0.2484	
692	1	175.56	175.56	0.2464	
693	1	175.77	175.77	0.1771	
694	1	175.81	175.81	0.1939	
695	1	175.95	175.95	0.1675	
696	1	176.35	176.35	0.3075	
697	1	176.5	176.5	0.27	
698	1	176.65	176.65	0.2475	
699	1	176.79	176.79	0.1659	
700	1	176.86	176.86	0.1204	
701	1	176.88	176.88	0.1456	
702	1	176.93	176.93	0.1051	
703	1	177.03	177.03	0.1291	
704	1	177.26	177.26	0.2124	
705	1	177.49	177.49	0.3699	
706	1	177.92	177.92	0.7736	
707	1	178.31	178.31	1.0939	
708	1	178.96	178.96	0.9784	
709	1	179.52	179.52	0.5896	
710	1	179.82	179.82	0.3476	
711	1	180.02	180.02	0.2196	
712	1	180.16	180.16	0.1744	
713	1	180.27	180.27	0.2171	
714	1	180.5	180.5	0.29	
715	1	180.65	180.65	0.2275	
716	1	180.8	180.8	0.16	
717	1	180.87	180.87	0.1731	
718	1	180.91	180.91	0.2619	
719	1	181.02	181.02	0.1396	
720	1	181.13	181.13	0.1731	
721	1	181.28	181.28	0.2416	
722	1	181.49	181.49	0.2499	
723	1	181.64	181.64	0.2304	
724	1	181.83	181.83	0.2011	
725	1	181.95	181.95	0.2075	
726	1	182.23	182.23	0.3971	
727	1	182.48	182.48	0.3896	
728	1	182.71	182.71	0.5059	
729	1	183.23	183.23	0.6371	
730	1	183.56	183.56	0.4864	
731	1	183.8	183.8	0.24	
732	1	183.88	183.88	0.1056	
733	1	183.97	183.97	0.0691	
734	1	184	184	0.04	
735	1	184.2	184.2	0.18	
736	1	184.52	184.52	0.3496	
737	1	184.72	184.72	0.3216	
738	1	185	185	0.56	
739	1	185.42	185.42	0.4436	
740	1	185.59	185.59	0.3619	
741	1	185.75	185.75	0.2875	
742	1	185.86	185.86	0.2004	
743	1	185.94	185.94	0.0764	
744	1	185.95	185.95	0.0675	
745	1	186.01	186.01	0.0899	
746	1	186.19	186.19	0.2139	
747	1	186.37	186.37	0.2331	
748	1	186.62	186.62	0.2356	
749	1	186.83	186.83	0.1611	
750	1	186.97	186.97	0.0891	
751	1	187.19	187.19	0.2739	
752	1	187.35	187.35	0.2675	
753	1	187.42	187.42	0.2436	
754	1	187.76	187.76	0.2824	
755	1	188.03	188.03	0.2891	
756	1	188.28	188.28	0.5216	
757	1	188.84	188.84	0.9144	
758	1	189.38	189.38	0.6956	
759	1	189.54	189.54	0.6484	
760	1	189.95	189.95	0.8675	
761	1	190.58	190.58	1.0636	
762	1	191.3	191.3	1.15	
763	1	191.65	191.65	0.9675	
764	1	191.8	191.8	0.52	
765	1	192.02	192.02	0.1396	
766	1	192.17	192.17	0.1411	
767	1	192.34	192.34	0.2244	
768	1	192.54	192.54	0.2484	
769	1	192.74	192.74	0.1924	
770	1	192.85	192.85	0.1675	
771	1	192.91	192.91	0.2219	
772	1	193.34	193.34	0.7444	
773	1	193.86	193.86	1.1404	
774	1	194.36	194.36	1.1304	
775	1	195.04	195.04	0.7784	
776	1	195.47	195.47	0.5091	
777	1	195.71	195.71	0.2059	
778	1	195.95	195.95	0.1075	
779	1	196.06	196.06	0.1364	
780	1	196.16	196.16	0.1744	
781	1	196.27	196.27	0.2171	
782	1	196.38	196.38	0.2356	
783	1	196.52	196.52	0.2496	
784	1	196.76	196.76	0.2224	
785	1	196.88	196.88	0.2456	
786	1	197.14	197.14	0.2604	
787	1	197.29	197.29	0.2659	
788	1	197.54	197.54	0.3084	
789	1	197.8	197.8	0.3	
790	1	198.07	198.07	0.3251	
791	1	198.32	198.32	0.2976	
792	1	198.46	198.46	0.3284	
793	1	198.64	198.64	0.3104	
794	1	198.83	198.83	0.2411	
795	1	198.97	198.97	0.2491	
796	1	199.22	199.22	0.2916	
797	1	199.32	199.32	0.2976	
798	1	199.39	199.39	0.2579	
799	1	199.56	199.56	0.2864	
800	1	199.92	199.92	0.4136	
801	1	200.28	200.28	0.4216	
802	1	200.57	200.57	0.6251	
803	1	201.05	201.05	0.4875	
804	1	201.37	201.37	0.4731	
805	1	201.76	201.76	0.6224	
806	1	202.24	202.24	0.6624	
807	1	202.61	202.61	0.4379	
808	1	202.77	202.77	0.2971	
809	1	202.87	202.87	0.2531	
810	1	203.16	203.16	0.2744	
811	1	203.3	203.3	0.33	
812	1	203.6	203.6	0.3	
813	1	203.73	203.73	0.3971	
814	1	204.26	204.26	0.9724	
815	1	204.89	204.89	1.7179	
816	1	205.9	205.9	1.77	
817	1	206.48	206.48	1.0096	
818	1	206.69	206.69	0.7139	
819	1	207.19	207.19	0.5939	
820	1	208.13	208.13	1.0331	
821	1	208.55	208.55	0.7275	
822	1	208.8	208.8	0.6	
823	1	209.08	209.08	0.4936	
824	1	209.36	209.36	0.2904	
825	1	209.68	209.68	0.2976	
826	1	210.07	210.07	0.4851	
827	1	210.4	210.4	0.58	
828	1	211.01	211.01	0.7899	
829	1	211.39	211.39	0.6579	
830	1	211.67	211.67	0.4411	
831	1	211.73	211.73	0.4771	
832	1	211.89	211.89	0.3179	
833	1	212.07	212.07	0.1651	
834	1	212.21	212.21	0.1859	
835	1	212.31	212.31	0.2339	
836	1	212.51	212.51	0.2499	
837	1	212.64	212.64	0.2304	
838	1	212.89	212.89	0.2379	
839	1	213.08	213.08	0.2736	
840	1	213.35	213.35	0.3275	
841	1	213.64	213.64	0.2704	
842	1	213.79	213.79	0.1859	
843	1	213.93	213.93	0.1051	
844	1	214	214	0.12	
845	1	214.1	214.1	0.17	
846	1	214.36	214.36	0.2904	
847	1	214.46	214.46	0.3684	
848	1	214.78	214.78	0.3716	
849	1	214.97	214.97	0.4891	
850	1	215.37	215.37	0.4931	
851	1	215.73	215.73	0.2371	
852	1	215.84	215.84	0.1544	
853	1	215.86	215.86	0.1204	
854	1	215.96	215.96	0.0584	
855	1	215.95	215.95	0.0675	
856	1	215.98	215.98	0.0596	
857	1	215.98	215.98	0.0396	
858	1	216.03	216.03	0.0491	
859	1	216.05	216.05	0.0475	
860	1	216.24	216.24	0.2024	
861	1	216.4	216.4	0.24	
862	1	216.72	216.72	0.4616	
863	1	217.15	217.15	0.5675	
864	1	217.56	217.56	0.3464	
865	1	217.81	217.81	0.1939	
866	1	217.89	217.89	0.1579	
867	1	218.05	218.05	0.1275	
868	1	218.08	218.08	0.1136	
869	1	218.18	218.18	0.1876	
870	1	218.38	218.38	0.2356	
871	1	218.55	218.55	0.2475	
872	1	218.59	218.59	0.2419	
873	1	218.64	218.64	0.2304	
874	1	218.81	218.81	0.1539	
875	1	218.91	218.91	0.0819	
876	1	218.93	218.93	0.0651	
877	1	218.96	218.96	0.0384	
878	1	218.98	218.98	0.0196	
879	1	219.01	219.01	0.0099	
880	1	219.02	219.02	0.0196	
881	1	219.17	219.17	0.2211	
882	1	219.59	219.59	0.7419	
883	1	220.23	220.23	0.8771	
884	1	220.72	220.72	0.4216	
885	1	220.89	220.89	0.1979	
886	1	220.93	220.93	0.1251	
887	1	220.98	220.98	0.0396	
888	1	220.98	220.98	0.0396	
889	1	221.03	221.03	0.0291	
890	1	221.15	221.15	0.1275	
891	1	221.32	221.32	0.2176	
892	1	221.56	221.56	0.2664	
893	1	221.8	221.8	0.18	
894	1	221.81	221.81	0.1939	
895	1	221.93	221.93	0.1251	
896	1	221.99	221.99	0.2499	
897	1	222.27	222.27	0.4771	
898	1	222.71	222.71	0.4859	
899	1	223.39	223.39	0.8579	
900	1	223.75	223.75	0.7275	
901	1	224.04	224.04	0.5384	
902	1	224.37	224.37	0.4131	
903	1	224.66	224.66	0.3044	
904	1	224.79	224.79	0.2059	
905	1	225.2	225.2	0.36	
906	1	225.33	225.33	0.3811	
907	1	225.57	225.57	0.3451	
908	1	225.61	225.61	0.3779	
909	1	225.74	225.74	0.2724	
910	1	225.88	225.88	0.1656	
911	1	225.91	225.91	0.2219	
912	1	226.08	226.08	0.2936	
913	1	226.31	226.31	0.3339	
914	1	226.72	226.72	0.5816	
915	1	227.11	227.11	0.6379	
916	1	227.46	227.46	0.4684	
917	1	227.77	227.77	0.2171	
918	1	227.87	227.87	0.1531	
919	1	227.94	227.94	0.0764	
920	1	228.01	228.01	0.0699	
921	1	228.07	228.07	0.1251	
922	1	228.17	228.17	0.1611	
923	1	228.55	228.55	0.4275	
924	1	228.96	228.96	0.5784	
925	1	229.43	229.43	0.5851	
926	1	229.65	229.65	0.4275	
927	1	229.89	229.89	0.2979	
928	1	230.16	230.16	0.6344	
929	1	231.33	231.33	2.2411	
930	1	232.44	232.44	1.9864	
931	1	233.29	233.29	1.1659	
932	1	233.67	233.67	0.3611	
933	1	233.88	233.88	0.2256	
934	1	234.07	234.07	0.2451	
935	1	234.56	234.56	0.8264	
936	1	235.09	235.09	0.9819	
937	1	235.38	235.38	0.9156	
938	1	235.73	235.73	0.4971	
939	1	235.87	235.87	0.2731	
940	1	235.95	235.95	0.0675	
941	1	235.98	235.98	0.0596	
942	1	236.21	236.21	0.3659	
943	1	236.71	236.71	0.9059	
944	1	237.32	237.32	0.8976	
945	1	237.56	237.56	0.7464	
946	1	237.81	237.81	0.4339	
947	1	238.07	238.07	0.1251	
948	1	238.21	238.21	0.2259	
949	1	238.53	238.53	0.3291	
950	1	238.76	238.76	0.3224	
951	1	239.27	239.27	0.5371	
952	1	239.54	239.54	0.4484	
953	1	239.8	239.8	0.2	
954	1	239.93	239.93	0.1251	
955	1	240.08	240.08	0.2136	
956	1	240.27	240.27	0.3171	
957	1	240.46	240.46	0.3284	
958	1	240.79	240.79	0.3259	
959	1	241.12	241.12	0.4056	
960	1	241.33	241.33	0.3411	
961	1	241.43	241.43	0.3051	
962	1	241.65	241.65	0.2675	
963	1	241.61	241.61	0.3179	
964	1	241.72	241.72	0.2216	
965	1	241.81	241.81	0.1539	
966	1	241.89	241.89	0.0979	
967	1	241.96	241.96	0.0384	
968	1	241.99	241.99	0.0299	
969	1	242.04	242.04	0.0584	
970	1	242.15	242.15	0.1475	
971	1	242.35	242.35	0.2275	
972	1	242.54	242.54	0.2484	
973	1	242.71	242.71	0.2659	
974	1	242.93	242.93	0.2251	
975	1	243.17	243.17	0.3411	
976	1	243.35	243.35	0.3875	
977	1	243.78	243.78	0.5316	
978	1	244.43	244.43	0.9851	
979	1	245.15	245.15	1.1475	
980	1	245.85	245.85	1.6075	
981	1	246.74	246.74	1.7924	
982	1	247.33	247.33	1.4411	
983	1	247.78	247.78	0.7916	
984	1	248.02	248.02	0.0596	
985	1	248.11	248.11	0.0979	
986	1	248.33	248.33	0.2211	
987	1	248.55	248.55	0.3075	
988	1	248.7	248.7	0.33	
989	1	248.98	248.98	0.3996	
990	1	249.1	249.1	0.37	
991	1	249.45	249.45	0.3475	
992	1	249.61	249.61	0.3179	
993	1	249.79	249.79	0.2259	
994	1	249.86	249.86	0.1604	
995	1	249.97	249.97	0.2291	
996	1	250.22	250.22	0.3116	
997	1	250.49	250.49	0.3699	
998	1	250.79	250.79	0.2459	
999	1	251.02	251.02	0.1796	
1000	1	251.19	251.19	0.1939	
1001	1	251.36	251.36	0.4104	
1002	1	251.95	251.95	0.8075	
1003	1	252.5	252.5	0.59	
1004	1	252.65	252.65	0.4675	
1005	1	252.75	252.75	0.3875	
1006	1	252.86	252.86	0.2604	
1007	1	252.88	252.88	0.2256	
1008	1	252.96	252.96	0.0784	
1009	1	253.07	253.07	0.0651	
1010	1	253.3	253.3	0.21	
1011	1	253.45	253.45	0.2675	
1012	1	253.54	253.54	0.3284	
1013	1	253.85	253.85	0.4875	
1014	1	254.26	254.26	0.5924	
1015	1	254.66	254.66	0.5444	
1016	1	255.03	255.03	0.4291	
1017	1	255.28	255.28	0.5416	
1018	1	255.75	255.75	0.9675	
1019	1	256.66	256.66	1.6844	
1020	1	257.68	257.68	2.1376	
1021	1	258.38	258.38	0.9556	
1022	1	258.62	258.62	0.4356	
1023	1	258.84	258.84	0.2144	
1024	1	259.05	259.05	0.1075	
1025	1	259.13	259.13	0.1331	
1026	1	259.28	259.28	0.2416	
1027	1	259.59	259.59	0.4019	
1028	1	260.32	260.32	0.7976	
1029	1	260.62	260.62	0.6956	
1030	1	261.17	261.17	1.0211	
1031	1	262.07	262.07	1.1651	
1032	1	262.58	262.58	0.8636	
1033	1	262.93	262.93	0.8851	
1034	1	263.25	263.25	0.5475	
1035	1	263.58	263.58	0.2436	
1036	1	263.66	263.66	0.2244	
1037	1	263.81	263.81	0.1539	
1038	1	263.94	263.94	0.1564	
1039	1	264.21	264.21	0.2259	
1040	1	264.35	264.35	0.2875	
1041	1	264.58	264.58	0.3836	
1042	1	264.85	264.85	0.5275	
1043	1	265.11	265.11	0.6179	
1044	1	265.63	265.63	0.4131	
1045	1	265.82	265.82	0.2076	
1046	1	265.93	265.93	0.1451	
1047	1	266.08	266.08	0.0936	
1048	1	266.62	266.62	0.9956	
1049	1	267.54	267.54	1.6684	
1050	1	268.27	268.27	1.3771	
1051	1	268.76	268.76	0.4624	
1052	1	268.91	268.91	0.2619	
1053	1	269.19	269.19	0.4539	
1054	1	269.91	269.91	1.5419	
1055	1	271.33	271.33	3.5011	
1056	1	272.7	272.7	3.25	
1057	1	273.68	273.68	2.1776	
1058	1	274.32	274.32	0.9376	
1059	1	274.53	274.53	0.7891	
1060	1	274.74	274.74	0.5524	
1061	1	274.87	274.87	0.1531	
1062	1	274.93	274.93	0.1051	
1063	1	274.94	274.94	0.0964	
1064	1	274.95	274.95	0.0675	
1065	1	274.95	274.95	0.0675	
1066	1	274.91	274.91	0.1019	
1067	1	275	275	0.04	
1068	1	274.99	274.99	0.0099	
1069	1	274.98	274.98	0.0196	
1070	1	275.08	275.08	0.0936	
1071	1	275.17	275.17	0.1411	
1072	1	275.32	275.32	0.2376	
1073	1	275.57	275.57	0.3451	
1074	1	275.82	275.82	0.5676	
1075	1	276.5	276.5	1.27	
1076	1	277.87	277.87	1.8931	
1077	1	278.33	278.33	1.4611	
1078	1	278.85	278.85	1.0075	
1079	1	279.24	279.24	0.8624	
1080	1	279.58	279.58	0.5236	
1081	1	279.73	279.73	0.5771	
1082	1	280.03	280.03	0.3691	
1083	1	280.23	280.23	0.4171	
1084	1	280.56	280.56	0.4064	
1085	1	280.77	280.77	0.3371	
1086	1	280.95	280.95	0.5075	
1087	1	281.42	281.42	0.4236	
1088	1	281.62	281.62	0.3556	
1089	1	281.83	281.83	0.3011	
1090	1	282.13	282.13	0.3131	
1091	1	282.19	282.19	0.3339	
1092	1	282.47	282.47	0.3291	
1093	1	282.72	282.72	0.2616	
1094	1	282.81	282.81	0.2139	
1095	1	282.93	282.93	0.1851	
1096	1	283.06	283.06	0.1564	
1097	1	283.14	283.14	0.1604	
1098	1	283.22	283.22	0.1916	
1099	1	283.35	283.35	0.2475	
1100	1	283.47	283.47	0.2491	
1101	1	283.49	283.49	0.2499	
1102	1	283.68	283.68	0.2576	
1103	1	283.84	283.84	0.2144	
1104	1	284.06	284.06	0.2364	
1105	1	284.24	284.24	0.3424	
1106	1	284.56	284.56	0.3064	
1107	1	284.82	284.82	0.3876	
1108	1	285.12	285.12	0.3656	
1109	1	285.44	285.44	0.3864	
1110	1	285.65	285.65	0.3075	
1111	1	285.73	285.73	0.3571	
1112	1	285.92	285.92	0.3936	
1113	1	286.11	286.11	0.3979	
1114	1	286.38	286.38	0.3956	
1115	1	286.52	286.52	0.2496	
1116	1	286.8	286.8	0.16	
1117	1	286.91	286.91	0.0819	
1118	1	286.95	286.95	0.0675	
1119	1	287.1	287.1	0.11	
1120	1	287.17	287.17	0.1611	
1121	1	287.33	287.33	0.2411	
1122	1	287.52	287.52	0.2696	
1123	1	287.78	287.78	0.3316	
1124	1	288.12	288.12	0.4256	
1125	1	288.54	288.54	0.3484	
1126	1	288.75	288.75	0.2075	
1127	1	288.9	288.9	0.11	
1128	1	289.01	289.01	0.0699	
1129	1	289.03	289.03	0.1291	
1130	1	289.11	289.11	0.1779	
1131	1	289.32	289.32	0.2976	
1132	1	289.48	289.48	0.2896	
1133	1	289.67	289.67	0.2811	
1134	1	289.88	289.88	0.2056	
1135	1	290.08	290.08	0.2136	
1136	1	290.36	290.36	0.2504	
1137	1	290.44	290.44	0.2864	
1138	1	290.83	290.83	0.6211	
1139	1	291.27	291.27	0.7571	
1140	1	291.98	291.98	0.8996	
1141	1	292.47	292.47	0.7691	
1142	1	292.86	292.86	0.7004	
1143	1	293.22	293.22	0.6516	
1144	1	293.59	293.59	0.5219	
1145	1	293.88	293.88	0.3856	
1146	1	294.35	294.35	0.8275	
1147	1	294.98	294.98	0.8996	
1148	1	295.39	295.39	1.1579	
1149	1	295.98	295.98	1.0996	
1150	1	296.56	296.56	1.5864	
1151	1	297.83	297.83	3.0211	
1152	1	299.65	299.65	3.7875	
1153	1	300.32	300.32	3.0576	
1154	1	300.83	300.83	1.5011	
1155	1	301.28	301.28	1.4016	
1156	1	301.83	301.83	1.3411	
1157	1	302.42	302.42	1.3836	
1158	1	303.12	303.12	1.5856	
1159	1	303.99	303.99	0.8899	
1160	1	304.5	304.5	0.93	
1161	1	304.75	304.75	0.8075	
1162	1	305.14	305.14	0.5204	
1163	1	305.52	305.52	0.3696	
1164	1	305.68	305.68	0.3376	
1165	1	305.87	305.87	0.4931	
1166	1	306.2	306.2	0.5	
1167	1	306.58	306.58	0.4036	
1168	1	306.8	306.8	0.24	
1169	1	307.02	307.02	0.1996	
1170	1	307.15	307.15	0.1675	
1171	1	307.28	307.28	0.2416	
1172	1	307.58	307.58	0.4036	
1173	1	307.79	307.79	0.4859	
1174	1	308	308	0.52	
1175	1	308.35	308.35	0.4475	
1176	1	308.77	308.77	0.5971	
1177	1	309.31	309.31	0.6339	
1178	1	309.65	309.65	0.3275	
1179	1	309.81	309.81	0.3139	
1180	1	309.91	309.91	0.2419	
1181	1	310.25	310.25	0.3075	
1182	1	310.38	310.38	0.3956	
1183	1	310.53	310.53	0.3491	
1184	1	310.78	310.78	0.3116	
1185	1	311.2	311.2	0.46	
1186	1	311.44	311.44	0.3664	
1187	1	311.75	311.75	0.2675	
1188	1	311.9	311.9	0.33	
1189	1	312.31	312.31	0.5539	
1190	1	312.6	312.6	0.52	
1191	1	312.76	312.76	0.4624	
1192	1	313.09	313.09	0.4819	
1193	1	313.36	313.36	0.4504	
1194	1	313.51	313.51	0.4499	
1195	1	313.78	313.78	0.2516	
1196	1	313.89	313.89	0.3979	
1197	1	314.19	314.19	0.3739	
1198	1	314.55	314.55	0.3275	
1199	1	314.72	314.72	0.2416	
1200	1	315.06	315.06	0.3364	
1201	1	315.6	315.6	0.78	
1202	1	316.23	316.23	0.6571	
1203	1	316.53	316.53	0.4291	
1204	1	316.73	316.73	0.3371	
1205	1	316.84	316.84	0.1944	
1206	1	316.94	316.94	0.0964	
1207	1	316.94	316.94	0.0964	
1208	1	316.97	316.97	0.1491	
1209	1	317.11	317.11	0.2779	
1210	1	317.43	317.43	0.3851	
1211	1	317.83	317.83	0.5211	
1212	1	318.27	318.27	0.5571	
1213	1	318.55	318.55	0.4675	
1214	1	318.72	318.72	0.3616	
1215	1	318.82	318.82	0.3276	
1216	1	318.85	318.85	0.2275	
1217	1	318.95	318.95	0.2075	
1218	1	319.09	319.09	0.1019	
1219	1	319.22	319.22	0.1716	
1220	1	319.41	319.41	0.2419	
1221	1	319.53	319.53	0.2491	
1222	1	319.74	319.74	0.1924	
1223	1	319.83	319.83	0.1411	
1224	1	319.93	319.93	0.0651	
1225	1	320.04	320.04	0.0784	
1226	1	320.37	320.37	0.2531	
1227	1	320.62	320.62	0.2556	
1228	1	320.84	320.84	0.1944	
1229	1	321.04	321.04	0.2584	
1230	1	321.31	321.31	0.3539	
1231	1	321.45	321.45	0.3475	
1232	1	321.8	321.8	0.42	
1233	1	322.14	322.14	0.4004	
1234	1	322.38	322.38	0.3756	
1235	1	322.66	322.66	0.5644	
1236	1	323.06	323.06	0.6164	
1237	1	323.55	323.55	0.3875	
1238	1	323.69	323.69	0.4139	
1239	1	324.2	324.2	0.56	
1240	1	324.59	324.59	0.3019	
1241	1	324.62	324.62	0.2756	
1242	1	324.8	324.8	0.16	
1243	1	324.86	324.86	0.1204	
1244	1	324.94	324.94	0.1164	
1245	1	325.02	325.02	0.1396	
1246	1	325.17	325.17	0.1811	
1247	1	325.4	325.4	0.24	
1248	1	325.56	325.56	0.2664	
1249	1	325.73	325.73	0.2371	
1250	1	325.88	325.88	0.2056	
1251	1	326.05	326.05	0.3675	
1252	1	326.74	326.74	0.8524	
1253	1	327.35	327.35	0.8875	
1254	1	327.76	327.76	0.6424	
1255	1	328.27	328.27	0.7971	
1256	1	328.86	328.86	0.9404	
1257	1	329.22	329.22	0.9516	
1258	1	329.62	329.62	0.6956	
1259	1	330.02	330.02	0.7596	
1260	1	330.37	330.37	1.0331	
1261	1	331.23	331.23	1.7371	
1262	1	332.37	332.37	1.3931	
1263	1	332.82	332.82	0.6076	
1264	1	333.17	333.17	0.4011	
1265	1	333.15	333.15	0.2075	
1266	1	333.31	333.31	0.2939	
1267	1	333.65	333.65	0.3275	
1268	1	333.87	333.87	0.3131	
1269	1	334.16	334.16	0.4344	
1270	1	334.58	334.58	0.5236	
1271	1	335.04	335.04	0.7384	
1272	1	335.36	335.36	0.5904	
1273	1	335.64	335.64	0.4104	
1274	1	335.84	335.84	0.2944	
1275	1	336.01	336.01	0.3299	
1276	1	336.31	336.31	0.3939	
1277	1	336.57	336.57	0.3651	
1278	1	336.67	336.67	0.4211	
1279	1	337.11	337.11	0.4379	
1280	1	337.3	337.3	0.41	
1281	1	337.58	337.58	0.3436	
1282	1	337.83	337.83	0.2011	
1283	1	337.94	337.94	0.1564	
1284	1	338.08	338.08	0.2536	
1285	1	338.26	338.26	0.2324	
1286	1	338.54	338.54	0.2884	
1287	1	338.74	338.74	0.2124	
1288	1	338.8	338.8	0.18	
1289	1	338.85	338.85	0.1275	
1290	1	338.94	338.94	0.0964	
1291	1	339.18	339.18	0.2476	
1292	1	339.42	339.42	0.3236	
1293	1	339.83	339.83	0.5011	
1294	1	340.01	340.01	0.4299	
1295	1	340.43	340.43	0.4651	
1296	1	340.66	340.66	0.3844	
1297	1	340.92	340.92	0.3536	
1298	1	341.09	341.09	0.3019	
1299	1	341.28	341.28	0.2216	
1300	1	341.56	341.56	0.2864	
1301	1	341.93	341.93	0.3851	
1302	1	342.29	342.29	0.4259	
1303	1	342.62	342.62	0.2556	
1304	1	342.82	342.82	0.1676	
1305	1	342.92	342.92	0.1336	
1306	1	343.26	343.26	0.5924	
1307	1	343.92	343.92	1.0336	
1308	1	344.38	344.38	0.8556	
1309	1	344.7	344.7	0.57	
1310	1	344.95	344.95	0.4275	
1311	1	345.24	345.24	0.2824	
1312	1	345.31	345.31	0.2939	
1313	1	345.57	345.57	0.4651	
1314	1	345.92	345.92	0.6136	
1315	1	346.25	346.25	0.6275	
1316	1	346.68	346.68	0.7576	
1317	1	347.29	347.29	0.7059	
1318	1	347.72	347.72	0.6416	
1319	1	348.07	348.07	0.3451	
1320	1	348.46	348.46	0.3484	
1321	1	348.62	348.62	0.2956	
1322	1	348.87	348.87	0.2731	
1323	1	349.04	349.04	0.3184	
1324	1	349.31	349.31	0.3739	
1325	1	349.64	349.64	0.3304	
1326	1	349.9	349.9	0.23	
1327	1	350.11	350.11	0.2579	
1328	1	350.38	350.38	0.2556	
1329	1	350.55	350.55	0.2675	
1330	1	350.64	350.64	0.3304	
1331	1	350.82	350.82	0.3876	
1332	1	351.3	351.3	0.59	
1333	1	351.54	351.54	0.5084	
1334	1	351.77	351.77	0.3371	
1335	1	352.08	352.08	0.3736	
1336	1	352.29	352.29	0.3459	
1337	1	353	353	1.1	
1338	1	354.02	354.02	1.4996	
1339	1	354.77	354.77	0.7171	
1340	1	355.08	355.08	0.5736	
1341	1	355.55	355.55	0.5875	
1342	1	356.01	356.01	0.7099	
1343	1	356.32	356.32	0.7576	
1344	1	356.68	356.68	0.4976	
1345	1	356.78	356.78	0.3716	
1346	1	356.89	356.89	0.2179	
1347	1	357.05	357.05	0.1675	
1348	1	357.62	357.62	0.8156	
1349	1	358.25	358.25	0.9875	
1350	1	358.74	358.74	0.6524	
1351	1	359.02	359.02	0.5196	
1352	1	359.28	359.28	0.4416	
1353	1	359.54	359.54	0.4684	
1354	1	359.85	359.85	0.3875	
1355	1	360.01	360.01	0.5699	
1356	1	360.4	360.4	0.38	
1357	1	360.62	360.62	0.2956	
1358	1	360.78	360.78	0.1716	
1359	1	360.8	360.8	0.16	
1360	1	360.87	360.87	0.1131	
1361	1	360.95	360.95	0.0475	
1362	1	360.99	360.99	0.0099	
1363	1	361.01	361.01	0.0299	
1364	1	361.01	361.01	0.1099	
1365	1	361.04	361.04	0.1784	
1366	1	361.23	361.23	0.3371	
1367	1	361.45	361.45	0.4875	
1368	1	361.92	361.92	0.7536	
1369	1	362.51	362.51	0.6699	
1370	1	362.84	362.84	0.3344	
1371	1	363.12	363.12	0.4656	
1372	1	363.39	363.39	0.3179	
1373	1	363.48	363.48	0.3096	
1374	1	363.78	363.78	0.2316	
1375	1	363.95	363.95	0.3275	
1376	1	364.19	364.19	0.4139	
1377	1	364.52	364.52	0.3296	
1378	1	364.81	364.81	0.2339	
1379	1	364.9	364.9	0.11	
1380	1	364.99	364.99	0.0899	
1381	1	365.12	365.12	0.1456	
1382	1	365.24	365.24	0.1824	
1383	1	365.28	365.28	0.2016	
1384	1	365.4	365.4	0.24	
1385	1	365.59	365.59	0.2419	
1386	1	365.72	365.72	0.2616	
1387	1	365.86	365.86	0.1804	
1388	1	366.01	366.01	0.2299	
1389	1	366.2	366.2	0.3	
1390	1	366.51	366.51	0.2699	
1391	1	366.68	366.68	0.2576	
1392	1	366.83	366.83	0.1811	
1393	1	366.92	366.92	0.1936	
1394	1	367.08	367.08	0.1936	
1395	1	367.34	367.34	0.2444	
1396	1	367.57	367.57	0.3251	
1397	1	367.82	367.82	0.4076	
1398	1	368.02	368.02	0.3596	
1399	1	368.34	368.34	0.4444	
1400	1	368.71	368.71	0.4659	
1401	1	369.08	369.08	0.4536	
1402	1	369.5	369.5	0.39	
1403	1	369.61	369.61	0.3379	
1404	1	369.78	369.78	0.2316	
1405	1	369.76	369.76	0.2624	
1406	1	369.92	369.92	0.1936	
1407	1	370.02	370.02	0.1196	
1408	1	370.28	370.28	0.2216	
1409	1	370.35	370.35	0.2475	
1410	1	370.55	370.55	0.2475	
1411	1	370.58	370.58	0.2436	
1412	1	370.66	370.66	0.2244	
1413	1	370.81	370.81	0.1539	
1414	1	370.88	370.88	0.1056	
1415	1	370.93	370.93	0.0851	
1416	1	371.04	371.04	0.0584	
1417	1	371.07	371.07	0.0651	
1418	1	371.12	371.12	0.1056	
1419	1	371.21	371.21	0.1659	
1420	1	371.4	371.4	0.24	
1421	1	371.73	371.73	0.3371	
1422	1	371.91	371.91	0.4019	
1423	1	372.42	372.42	0.4436	
1424	1	372.6	372.6	0.34	
1425	1	372.78	372.78	0.2916	
1426	1	373.02	373.02	0.2996	
1427	1	373.21	373.21	0.3659	
1428	1	373.47	373.47	0.2891	
1429	1	373.65	373.65	0.2475	
1430	1	373.84	373.84	0.1744	
1431	1	374.16	374.16	0.2944	
1432	1	374.43	374.43	0.3251	
1433	1	374.71	374.71	0.3459	
1434	1	374.99	374.99	0.3299	
1435	1	375.26	375.26	0.4324	
1436	1	375.38	375.38	0.3556	
1437	1	375.55	375.55	0.3275	
1438	1	375.69	375.69	0.2539	
1439	1	375.79	375.79	0.1859	
1440	1	375.87	375.87	0.1131	
1441	1	375.94	375.94	0.0564	
1442	1	376.01	376.01	0.0899	
1443	1	376.09	376.09	0.1619	
1444	1	376.25	376.25	0.2275	
1445	1	376.37	376.37	0.2731	
1446	1	376.66	376.66	0.2444	
1447	1	376.77	376.77	0.1771	
1448	1	376.84	376.84	0.2344	
1449	1	377.02	377.02	0.2996	
1450	1	377.28	377.28	0.3216	
1451	1	377.44	377.44	0.3064	
1452	1	377.64	377.64	0.2304	
1453	1	377.78	377.78	0.2516	
1454	1	377.99	377.99	0.3499	
1455	1	378.21	378.21	0.2859	
1456	1	378.48	378.48	0.2496	
1457	1	378.59	378.59	0.2419	
1458	1	378.76	378.76	0.2024	
1459	1	378.92	378.92	0.3136	
1460	1	379.15	379.15	0.3075	
1461	1	379.34	379.34	0.3644	
1462	1	379.66	379.66	0.3644	
1463	1	379.97	379.97	0.4491	
1464	1	380.19	380.19	0.4539	
1465	1	380.34	380.34	0.4444	
1466	1	380.84	380.84	0.8944	
1467	1	381.42	381.42	1.1836	
1468	1	381.92	381.92	1.3536	
1469	1	382.38	382.38	0.8556	
1470	1	382.73	382.73	0.3371	
1471	1	382.77	382.77	0.2771	
1472	1	382.89	382.89	0.1579	
1473	1	382.96	382.96	0.0384	
1474	1	383.02	383.02	0.0196	
1475	1	383.08	383.08	0.0736	
1476	1	383.19	383.19	0.1539	
1477	1	383.34	383.34	0.2244	
1478	1	383.58	383.58	0.2436	
1479	1	383.72	383.72	0.2016	
1480	1	383.98	383.98	0.2396	
1481	1	384.08	384.08	0.2736	
1482	1	384.38	384.38	0.3756	
1483	1	384.54	384.54	0.3484	
1484	1	384.86	384.86	0.3804	
1485	1	384.96	384.96	0.3184	
1486	1	385.18	385.18	0.3276	
1487	1	385.59	385.59	0.9019	
1488	1	386.18	386.18	1.9676	
1489	1	387.35	387.35	2.0475	
1490	1	388.04	388.04	1.8384	
1491	1	388.56	388.56	0.7864	
1492	1	388.78	388.78	0.5516	
1493	1	389.07	389.07	0.2051	
1494	1	389.38	389.38	0.3356	
1495	1	389.72	389.72	0.3416	
1496	1	390.12	390.12	0.4856	
1497	1	390.73	390.73	1.0371	
1498	1	391.5	391.5	1.31	
1499	1	392.14	392.14	1.0004	
1500	1	392.53	392.53	0.7291	
1501	1	392.74	392.74	0.3724	
1502	1	393.01	393.01	0.2699	
1503	1	393.01	393.01	0.2699	
1504	1	393.36	393.36	0.4104	
1505	1	393.53	393.53	0.3091	
1506	1	393.69	393.69	0.2939	
1507	1	393.93	393.93	0.4651	
1508	1	394.25	394.25	0.5275	
1509	1	394.58	394.58	0.4236	
1510	1	394.64	394.64	0.2904	
1511	1	394.78	394.78	0.1916	
1512	1	394.88	394.88	0.1256	
1513	1	394.93	394.93	0.1051	
1514	1	394.97	394.97	0.0891	
1515	1	395.49	395.49	0.7499	
1516	1	395.93	395.93	0.9651	
1517	1	396.28	396.28	0.9016	
1518	1	396.72	396.72	0.4616	
1519	1	396.8	396.8	0.34	
1520	1	396.88	396.88	0.2256	
1521	1	396.88	396.88	0.2256	
1522	1	396.96	396.96	0.0784	
1523	1	397.01	397.01	0.0099	
1524	1	397.01	397.01	0.0099	
1525	1	397.01	397.01	0.0099	
1526	1	397.01	397.01	0.0099	
1527	1	397.01	397.01	0.0099	
1528	1	397.23	397.23	0.1771	
1529	1	397.39	397.39	0.2379	
1530	1	397.61	397.61	0.3979	
1531	1	397.85	397.85	0.5875	
1532	1	398.3	398.3	0.77	
1533	1	398.91	398.91	0.9619	
1534	1	399.33	399.33	0.6411	
1535	1	399.72	399.72	0.3416	
1536	1	399.85	399.85	0.2475	
1537	1	400.13	400.13	0.1731	
1538	1	400.33	400.33	0.2611	
1539	1	400.51	400.51	0.2699	
1540	1	400.74	400.74	0.2124	
1541	1	400.89	400.89	0.1379	
1542	1	401.03	401.03	0.2491	
1543	1	401.26	401.26	0.2924	
1544	1	401.51	401.51	0.2699	
1545	1	401.66	401.66	0.2444	
1546	1	401.75	401.75	0.2075	
1547	1	401.99	401.99	0.2099	
1548	1	402.25	402.25	0.2675	
1549	1	402.57	402.57	0.3051	
1550	1	402.75	402.75	0.2275	
1551	1	402.82	402.82	0.2076	
1552	1	402.92	402.92	0.1536	
1553	1	403.06	403.06	0.1564	
1554	1	403.22	403.22	0.2116	
1555	1	403.26	403.26	0.1924	
1556	1	403.35	403.35	0.2275	
1557	1	403.55	403.55	0.2475	
1558	1	403.65	403.65	0.2275	
1559	1	403.83	403.83	0.1411	
1560	1	403.89	403.89	0.0979	
1561	1	403.92	403.92	0.0736	
1562	1	403.97	403.97	0.0491	
1563	1	404	404	0.14	
1564	1	404.11	404.11	0.2979	
1565	1	404.87	404.87	0.8731	
1566	1	405.35	405.35	0.7475	
1567	1	405.79	405.79	0.3859	
1568	1	406.2	406.2	0.38	
1569	1	406.55	406.55	0.3075	
1570	1	406.68	406.68	0.2776	
1571	1	406.91	406.91	0.2219	
1572	1	407.08	407.08	0.2336	
1573	1	407.36	407.36	0.3104	
1574	1	407.63	407.63	0.3331	
1575	1	407.92	407.92	0.3936	
1576	1	408.28	408.28	0.4016	
1577	1	408.38	408.38	0.4356	
1578	1	408.83	408.83	0.2611	
1579	1	409.01	409.01	0.2699	
1580	1	409.29	409.29	0.2859	
1581	1	409.54	409.54	0.2484	
1582	1	409.75	409.75	0.1875	
1583	1	409.81	409.81	0.1539	
1584	1	409.89	409.89	0.1179	
1585	1	409.94	409.94	0.0764	
1586	1	410.16	410.16	0.1744	
1587	1	410.29	410.29	0.3259	
1588	1	410.38	410.38	0.3356	
1589	1	410.71	410.71	0.7459	
1590	1	411.53	411.53	1.5091	
1591	1	412.37	412.37	1.9731	
1592	1	413.29	413.29	1.1859	
1593	1	413.78	413.78	0.6116	
1594	1	414.05	414.05	0.2075	
1595	1	414.26	414.26	0.2724	
1596	1	414.53	414.53	0.3491	
1597	1	414.71	414.71	0.2859	
1598	1	414.87	414.87	0.1731	
1599	1	415.03	415.03	0.2691	
1600	1	415.26	415.26	0.3524	
1601	1	415.59	415.59	0.4619	
1602	1	416.16	416.16	0.5144	
1603	1	416.33	416.33	0.4611	
1604	1	416.57	416.57	0.3451	
1605	1	416.75	416.75	0.2075	
1606	1	416.85	416.85	0.1275	
1607	1	416.85	416.85	0.1275	
1608	1	416.87	416.87	0.1131	
1609	1	416.94	416.94	0.0564	
1610	1	417.04	417.04	0.0984	
1611	1	417.08	417.08	0.0936	
1612	1	417.21	417.21	0.1859	
1613	1	417.34	417.34	0.2444	
1614	1	417.59	417.59	0.4819	
1615	1	418.05	418.05	0.6075	
1616	1	418.47	418.47	0.6691	
1617	1	418.96	418.96	0.6384	
1618	1	419.27	419.27	0.5171	
1619	1	419.48	419.48	0.3096	
1620	1	419.53	419.53	0.3491	
1621	1	419.78	419.78	0.3116	
1622	1	420.09	420.09	0.5019	
1623	1	420.43	420.43	0.5251	
1624	1	420.67	420.67	0.3611	
1625	1	420.86	420.86	0.2604	
1626	1	421	421	0.34	
1627	1	421.28	421.28	0.4016	
1628	1	421.59	421.59	0.3819	
1629	1	421.65	421.65	0.3075	
1630	1	421.7	421.7	0.35	
1631	1	421.82	421.82	0.2476	
1632	1	421.88	421.88	0.2256	
1633	1	421.97	421.97	0.0691	
1634	1	422.04	422.04	0.0784	
1635	1	422.24	422.24	0.2024	
1636	1	422.49	422.49	0.3299	
1637	1	423.15	423.15	0.9475	
1638	1	423.92	423.92	1.2136	
1639	1	424.6	424.6	1.14	
1640	1	425.18	425.18	0.6076	
1641	1	425.48	425.48	0.4896	
1642	1	426.45	426.45	1.1075	
1643	1	427.35	427.35	1.5075	
1644	1	428.21	428.21	2.1059	
1645	1	429	429	1.76	
1646	1	429.51	429.51	1.2499	
1647	1	429.88	429.88	1.0456	
1648	1	430.16	430.16	0.6144	
1649	1	430.42	430.42	0.3636	
1650	1	430.54	430.54	0.3484	
1651	1	430.73	430.73	0.4371	
1652	1	431.12	431.12	0.6856	
1653	1	432.08	432.08	1.3336	
1654	1	432.45	432.45	1.3275	
1655	1	432.87	432.87	0.9331	
1656	1	433.22	433.22	0.4116	
1657	1	433.5	433.5	0.33	
1658	1	433.81	433.81	0.3139	
1659	1	434.01	434.01	0.2299	
1660	1	434.37	434.37	0.2731	
1661	1	434.5	434.5	0.31	
1662	1	434.6	434.6	0.26	
1663	1	434.81	434.81	0.2539	
1664	1	434.9	434.9	0.33	
1665	1	435.07	435.07	0.4451	
1666	1	435.45	435.45	0.4275	
1667	1	435.71	435.71	0.4059	
1668	1	436.02	436.02	0.3796	
1669	1	436.24	436.24	0.4224	
1670	1	436.66	436.66	0.3044	
1671	1	436.74	436.74	0.2324	
1672	1	436.91	436.91	0.1219	
1673	1	436.97	436.97	0.0691	
1674	1	437.07	437.07	0.1051	
1675	1	437.17	437.17	0.1411	
1676	1	437.38	437.38	0.2356	
1677	1	437.45	437.45	0.2875	
1678	1	437.97	437.97	0.4891	
1679	1	438.49	438.49	0.7499	
1680	1	439.05	439.05	0.7875	
1681	1	439.54	439.54	0.8484	
1682	1	440.17	440.17	0.7211	
1683	1	440.52	440.52	0.5696	
1684	1	440.93	440.93	0.6651	
1685	1	441.45	441.45	0.8475	
1686	1	442.06	442.06	0.9964	
1687	1	442.56	442.56	0.6664	
1688	1	442.72	442.72	0.4216	
1689	1	443.03	443.03	0.1891	
1690	1	443.18	443.18	0.1676	
1691	1	443.29	443.29	0.2859	
1692	1	443.4	443.4	0.34	
1693	1	443.77	443.77	0.5371	
1694	1	444.11	444.11	0.6379	
1695	1	444.61	444.61	0.9379	
1696	1	445.39	445.39	1.3979	
1697	1	446.21	446.21	1.3659	
1698	1	446.73	446.73	0.6171	
1699	1	447.02	447.02	0.1996	
1700	1	447.13	447.13	0.2331	
1701	1	447.32	447.32	0.2176	
1702	1	447.47	447.47	0.2891	
1703	1	447.87	447.87	0.9331	
1704	1	449.18	449.18	1.6476	
1705	1	449.86	449.86	1.3604	
1706	1	450.33	450.33	0.8211	
1707	1	450.61	450.61	0.6979	
1708	1	450.91	450.91	0.6619	
1709	1	451.24	451.24	0.3224	
1710	1	451.54	451.54	0.2684	
1711	1	451.61	451.61	0.2779	
1712	1	451.77	451.77	0.1971	
1713	1	451.88	451.88	0.1656	
1714	1	451.94	451.94	0.0764	
1715	1	452	452	0.18	
1716	1	452.37	452.37	0.3331	
1717	1	452.71	452.71	0.3859	
1718	1	452.99	452.99	0.4699	
1719	1	453.45	453.45	0.4675	
1720	1	453.68	453.68	0.2976	
1721	1	453.85	453.85	0.2075	
1722	1	453.96	453.96	0.2184	
1723	1	454.08	454.08	0.1936	
1724	1	454.18	454.18	0.2476	
1725	1	454.4	454.4	0.26	
1726	1	454.64	454.64	0.2704	
1727	1	454.83	454.83	0.3411	
1728	1	454.99	454.99	0.3099	
1729	1	455.17	455.17	0.3611	
1730	1	455.4	455.4	0.4	
1731	1	455.63	455.63	0.3731	
1732	1	455.93	455.93	0.1451	
1733	1	455.96	455.96	0.1584	
1734	1	456.06	456.06	0.2164	
1735	1	456.38	456.38	0.3756	
1736	1	456.83	456.83	0.5611	
1737	1	457.22	457.22	0.7316	
1738	1	457.4	457.4	0.76	
1739	1	457.88	457.88	0.6656	
1740	1	458.36	458.36	0.6304	
1741	1	459.06	459.06	1.4964	
1742	1	460.57	460.57	2.6651	
1743	1	461.26	461.26	1.7124	
1744	1	461.65	461.65	0.9075	
1745	1	461.9	461.9	0.47	
1746	1	462.13	462.13	0.2531	
1747	1	462.53	462.53	0.5891	
1748	1	463.03	463.03	0.7691	
1749	1	463.49	463.49	0.6899	
1750	1	463.81	463.81	0.2339	
1751	1	463.87	463.87	0.2131	
1752	1	463.92	463.92	0.1536	
1753	1	463.96	463.96	0.1384	
1754	1	464.02	464.02	0.1396	
1755	1	464.2	464.2	0.22	
1756	1	464.5	464.5	0.25	
1757	1	464.7	464.7	0.25	
1758	1	464.93	464.93	0.2651	
1759	1	465.44	465.44	0.8464	
1760	1	466.22	466.22	1.0716	
1761	1	466.85	466.85	0.9875	
1762	1	467.42	467.42	0.6636	
1763	1	467.54	467.54	0.4684	
1764	1	467.8	467.8	0.26	
1765	1	467.82	467.82	0.1676	
1766	1	467.92	467.92	0.0936	
1767	1	468	468	0.12	
1768	1	468.05	468.05	0.1275	
1769	1	468.2	468.2	0.18	
1770	1	468.3	468.3	0.23	
1771	1	468.61	468.61	0.3179	
1772	1	468.88	468.88	0.4656	
1773	1	469.14	469.14	0.5604	
1774	1	469.51	469.51	0.4299	
1775	1	469.74	469.74	0.3924	
1776	1	469.87	469.87	0.2531	
1777	1	470.54	470.54	0.7484	
1778	1	471.26	471.26	0.9324	
1779	1	471.7	471.7	0.43	
1780	1	471.79	471.79	0.3259	
1781	1	471.84	471.84	0.3944	
1782	1	472.07	472.07	0.1851	
1783	1	472.27	472.27	0.1971	
1784	1	472.52	472.52	0.2496	
1785	1	472.68	472.68	0.2976	
1786	1	472.89	472.89	0.3379	
1787	1	473.07	473.07	0.4251	
1788	1	473.23	473.23	0.5171	
1789	1	473.84	473.84	1.0344	
1790	1	474.55	474.55	0.7275	
1791	1	474.88	474.88	0.5656	
1792	1	475.28	475.28	0.5016	
1793	1	475.56	475.56	0.4064	
1794	1	475.68	475.68	0.3576	
1795	1	475.9	475.9	0.19	
1796	1	475.98	475.98	0.2596	
1797	1	476.19	476.19	0.3339	
1798	1	476.45	476.45	0.2875	
1799	1	476.7	476.7	0.29	
1800	1	476.88	476.88	0.1256	
1801	1	476.97	476.97	0.0891	
1802	1	477.02	477.02	0.0996	
1803	1	477.07	477.07	0.0851	
1804	1	477.18	477.18	0.1476	
1805	1	477.34	477.34	0.2244	
1806	1	477.48	477.48	0.2496	
1807	1	477.72	477.72	0.2216	
1808	1	477.87	477.87	0.1331	
1809	1	477.94	477.94	0.1364	
1810	1	478.11	478.11	0.1579	
1811	1	478.33	478.33	0.2411	
1812	1	478.45	478.45	0.2675	
1813	1	478.79	478.79	0.4859	
1814	1	478.99	478.99	0.5299	
1815	1	479.39	479.39	0.4779	
1816	1	479.68	479.68	0.2376	
1817	1	479.85	479.85	0.1275	
1818	1	479.93	479.93	0.0851	
1819	1	480	480	0.1	
1820	1	480.25	480.25	0.2075	
1821	1	480.42	480.42	0.2636	
1822	1	480.52	480.52	0.2696	
1823	1	480.77	480.77	0.3771	
1824	1	480.95	480.95	0.4675	
1825	1	481.26	481.26	0.4124	
1826	1	481.54	481.54	0.3284	
1827	1	481.78	481.78	0.2316	
1828	1	481.91	481.91	0.0819	
1829	1	481.94	481.94	0.0764	
1830	1	481.97	481.97	0.0291	
1831	1	482.02	482.02	0.0196	
1832	1	482.03	482.03	0.0291	
1833	1	482.31	482.31	0.3339	
1834	1	482.72	482.72	0.6416	
1835	1	483.47	483.47	1.1291	
1836	1	484.14	484.14	1.0004	
1837	1	484.31	484.31	1.0739	
1838	1	484.77	484.77	0.8571	
1839	1	485.19	485.19	0.7139	
1840	1	485.41	485.41	0.3819	
1841	1	485.63	485.63	0.3331	
1842	1	485.78	485.78	0.2916	
1843	1	485.93	485.93	0.2851	
1844	1	486.13	486.13	0.4731	
1845	1	486.3	486.3	0.59	
1846	1	486.71	486.71	0.5459	
1847	1	487	487	0.44	
1848	1	487.31	487.31	0.5539	
1849	1	487.65	487.65	0.3275	
1850	1	487.73	487.73	0.2371	
1851	1	487.89	487.89	0.1979	
1852	1	488.02	488.02	0.1196	
1853	1	488.16	488.16	0.2744	
1854	1	488.72	488.72	0.8016	
1855	1	489.3	489.3	0.73	
1856	1	489.6	489.6	0.42	
1857	1	489.78	489.78	0.2316	
1858	1	489.91	489.91	0.1219	
1859	1	490	490	0.1	
1860	1	490.13	490.13	0.1531	
1861	1	490.25	490.25	0.1875	
1862	1	490.29	490.29	0.2259	
1863	1	490.41	490.41	0.2419	
1864	1	490.49	490.49	0.2499	
1865	1	490.6	490.6	0.24	
1866	1	490.74	490.74	0.1924	
1867	1	490.88	490.88	0.1256	
1868	1	490.96	490.96	0.0384	
1869	1	491	491	0	
1870	1	491	491	0	
1871	1	491	491	0	
1872	1	491	491	0	
1873	1	491.02	491.02	0.0196	
1874	1	491.17	491.17	0.1411	
1875	1	491.38	491.38	0.3156	
1876	1	491.78	491.78	0.4916	
1877	1	492.15	492.15	0.4075	
1878	1	492.44	492.44	0.4464	
1879	1	492.63	492.63	0.4131	
1880	1	492.76	492.76	0.3224	
1881	1	492.84	492.84	0.2544	
1882	1	492.94	492.94	0.1564	
1883	1	493.02	493.02	0.3196	
1884	1	493.26	493.26	0.3924	
1885	1	493.38	493.38	0.3356	
1886	1	493.66	493.66	0.3244	
1887	1	493.79	493.79	0.2059	
1888	1	493.9	493.9	0.15	
1889	1	494.03	494.03	0.1691	
1890	1	494.49	494.49	0.5899	
1891	1	495.17	495.17	0.6811	
1892	1	495.44	495.44	0.5864	
1893	1	495.71	495.71	0.3459	
1894	1	495.98	495.98	0.2596	
1895	1	496.08	496.08	0.2936	
1896	1	496.3	496.3	0.39	
1897	1	496.56	496.56	0.3264	
1898	1	496.71	496.71	0.2459	
1899	1	496.89	496.89	0.1179	
1900	1	496.94	496.94	0.0564	
1901	1	496.97	496.97	0.0491	
1902	1	497.15	497.15	0.1675	
1903	1	497.47	497.47	0.2691	
1904	1	497.71	497.71	0.2859	
1905	1	497.87	497.87	0.4331	
1906	1	498.2	498.2	0.52	
1907	1	498.57	498.57	0.3651	
1908	1	498.72	498.72	0.3616	
1909	1	498.98	498.98	0.3596	
1910	1	499.43	499.43	0.5851	
1911	1	499.89	499.89	1.0379	
1912	1	500.43	500.43	0.8851	
1913	1	500.72	500.72	0.4216	
1914	1	500.84	500.84	0.2944	
1915	1	500.84	500.84	0.2544	
1916	1	500.89	500.89	0.2179	
1917	1	500.98	500.98	0.0996	
1918	1	500.97	500.97	0.0491	
1919	1	501.05	501.05	0.0675	
1920	1	501.24	501.24	0.2424	
1921	1	501.76	501.76	0.8424	
1922	1	502.71	502.71	1.3659	
1923	1	503.5	503.5	1.07	
1924	1	504	504	0.72	
1925	1	504.22	504.22	0.5716	
1926	1	504.54	504.54	0.4884	
1927	1	504.76	504.76	0.5424	
1928	1	505.07	505.07	0.4851	
1929	1	505.41	505.41	0.7019	
1930	1	505.82	505.82	0.5476	
1931	1	506.1	506.1	0.61	
1932	1	506.3	506.3	0.53	
1933	1	506.66	506.66	0.3644	
1934	1	506.84	506.84	0.2144	
1935	1	507.01	507.01	0.2099	
1936	1	507.2	507.2	0.24	
1937	1	507.38	507.38	0.3356	
1938	1	507.54	507.54	0.4484	
1939	1	508.04	508.04	0.6384	
1940	1	508.49	508.49	1.0499	
1941	1	508.76	508.76	1.1424	
1942	1	509.29	509.29	0.9059	
1943	1	509.68	509.68	0.3976	
1944	1	509.84	509.84	0.2544	
1945	1	509.9	509.9	0.15	
1946	1	509.94	509.94	0.0764	
1947	1	509.96	509.96	0.0384	
1948	1	509.94	509.94	0.0564	
1949	1	509.98	509.98	0.0596	
1950	1	510.05	510.05	0.0675	
1951	1	510.12	510.12	0.1056	
1952	1	510.26	510.26	0.1924	
1953	1	510.32	510.32	0.2176	
1954	1	510.56	510.56	0.2464	
1955	1	510.72	510.72	0.2016	
1956	1	510.84	510.84	0.1344	
1957	1	510.94	510.94	0.0964	
1958	1	511.06	511.06	0.1364	
1959	1	511.14	511.14	0.2404	
1960	1	511.38	511.38	0.2756	
1961	1	511.53	511.53	0.2891	
1962	1	511.67	511.67	0.2611	
1963	1	511.82	511.82	0.3676	
1964	1	511.97	511.97	0.4491	
1965	1	512.25	512.25	0.5675	
1966	1	512.5	512.5	0.69	
1967	1	513.23	513.23	1.5571	
1968	1	514.4	514.4	2.14	
1969	1	515.1	515.1	1.39	
1970	1	515.55	515.55	1.0675	
1971	1	515.93	515.93	0.4251	
1972	1	516.23	516.23	0.2571	
1973	1	516.51	516.51	0.5299	
1974	1	517.06	517.06	0.6964	
1975	1	517.35	517.35	0.5875	
1976	1	517.59	517.59	0.4019	
1977	1	517.87	517.87	0.1131	
1978	1	517.95	517.95	0.0875	
1979	1	518.05	518.05	0.1075	
1980	1	518.26	518.26	0.2124	
1981	1	518.61	518.61	0.4579	
1982	1	519.02	519.02	0.6396	
1983	1	519.28	519.28	0.6616	
1984	1	519.53	519.53	0.6291	
1985	1	519.79	519.79	0.5259	
1986	1	520.11	520.11	0.5779	
1987	1	520.58	520.58	0.2836	
1988	1	520.82	520.82	0.1676	
1989	1	520.97	520.97	0.0891	
1990	1	521.28	521.28	0.2016	
1991	1	521.4	521.4	0.24	
1992	1	521.67	521.67	0.2211	
1993	1	521.8	521.8	0.18	
1994	1	521.87	521.87	0.1531	
1995	1	522.01	522.01	0.1099	
1996	1	522.08	522.08	0.2136	
1997	1	522.29	522.29	0.2859	
1998	1	522.6	522.6	0.26	
1999	1	522.89	522.89	0.2179	
2000	1	523.17	523.17	0.3011	
